,0,1,2,3,4,5,6,7,8,9,10
0,4,4,2,2,2,2,2,2,2,2,2
1,0,0,0,0,0,0,0,0,0,0,0
2,3,3,3,3,3,3,3,3,3,3,3
3,5,5,5,5,5,5,5,5,5,5,5
4,1,1,1,1,1,1,1,1,1,1,1
5,1,1,1,1,1,1,1,1,1,1,1
6,1,1,1,1,1,1,1,1,1,1,1
7,1,1,1,1,1,1,1,1,1,1,1
8,1,1,1,1,1,1,1,1,1,1,1
9,1,1,1,1,1,1,1,1,1,1,1
10,1,1,1,1,1,1,1,1,1,1,1
11,1,1,1,1,1,1,1,1,1,1,1
12,1,1,1,1,1,1,1,1,1,1,1
13,1,1,1,1,1,1,1,1,1,1,1
14,1,1,1,1,1,1,1,1,1,1,1
15,1,1,1,1,1,1,1,1,1,1,1
16,1,1,1,1,1,1,1,1,1,1,1
17,1,1,1,1,1,1,1,1,1,1,1
18,1,1,1,1,1,1,1,1,1,1,1
19,1,1,1,1,1,1,1,1,1,1,1
20,1,1,1,1,1,1,1,1,1,1,1
21,1,1,1,1,1,1,1,1,1,1,1
22,1,1,1,1,1,1,1,1,1,1,1
23,1,1,1,1,1,1,1,1,1,1,1
24,1,1,1,1,1,1,1,1,1,1,1
25,1,1,1,1,1,1,1,1,1,1,1
26,1,1,1,1,1,1,1,1,1,1,1
27,1,1,1,1,1,1,1,1,1,1,1
28,1,1,1,1,1,1,1,1,1,1,1
29,1,1,1,1,1,1,1,1,1,1,1
30,1,1,1,1,1,1,1,1,1,1,1
31,1,1,1,1,1,1,1,1,1,1,1
32,1,1,1,1,1,1,1,1,1,1,1
33,1,1,1,1,1,1,1,1,1,1,1
34,1,1,1,1,1,1,1,1,1,1,1
35,1,1,1,1,1,1,1,1,1,1,1
36,1,1,1,1,1,1,1,1,1,1,1
37,1,1,1,1,1,1,1,1,1,1,1
38,1,1,1,1,1,1,1,1,1,1,1
39,1,1,1,1,1,1,1,1,1,1,1
40,1,1,1,1,1,1,1,1,1,1,1
41,1,1,1,1,1,1,1,1,1,1,1
42,1,1,1,1,1,1,1,1,1,1,1
43,1,1,1,1,1,1,1,1,1,1,1
44,2,2,2,2,2,1,1,1,1,1,1
45,3,3,3,3,3,3,1,1,1,1,1
46,2,2,2,1,1,1,1,1,1,1,1
47,1,1,1,1,1,1,1,1,1,1,1
48,2,2,2,1,1,1,1,1,1,1,1
49,1,1,1,1,1,1,1,1,1,1,1
50,1,1,1,1,1,1,1,1,1,1,1
51,2,2,1,1,1,1,1,1,1,1,1
52,3,3,3,1,1,1,1,1,1,1,1
53,3,3,3,1,1,1,1,1,1,1,1
54,3,3,1,1,1,1,1,1,1,1,1
55,3,3,1,1,1,1,1,1,1,1,1
56,1,1,1,1,1,1,1,1,1,1,1
57,1,1,1,1,1,1,1,1,1,1,1
58,1,1,1,1,1,1,1,1,1,1,1
59,1,1,1,1,1,1,1,1,1,1,1
60,1,1,1,1,1,1,1,1,1,1,1
61,1,1,1,1,1,1,1,1,1,1,1
62,1,1,1,1,1,1,1,1,1,1,1
63,1,1,1,1,1,1,1,1,1,1,1
64,4,4,1,1,1,1,1,1,1,1,1
65,1,1,1,1,1,1,1,1,1,1,1
66,1,1,1,1,1,1,1,1,1,1,1
67,1,1,1,1,1,1,1,1,1,1,1
68,1,1,1,1,1,1,1,1,1,1,1
69,1,1,1,1,1,1,1,1,1,1,1
70,1,1,1,1,1,1,1,1,1,1,1
71,1,1,1,1,1,1,1,1,1,1,1
72,1,1,1,1,1,1,1,1,1,1,1
73,1,1,1,1,1,1,1,1,1,1,1
74,2,2,2,2,2,5,5,1,1,1,1
75,2,2,2,2,2,3,1,1,1,1,1
76,2,2,2,2,2,3,1,1,1,1,1
77,3,3,3,3,3,3,1,1,1,1,1
78,3,3,3,3,3,3,1,1,1,1,1
79,1,1,1,1,1,1,1,1,1,1,1
80,1,1,1,1,1,1,1,1,1,1,1
81,1,1,1,1,1,1,1,1,1,1,1
82,1,1,1,1,1,1,1,1,1,1,1
83,1,1,1,1,1,1,1,1,1,1,1
84,1,1,1,1,1,1,1,1,1,1,1
85,1,1,1,1,1,1,1,1,1,1,1
86,1,1,1,1,1,1,1,1,1,1,1
87,1,1,1,1,1,1,1,1,1,1,1
88,1,1,1,1,1,1,1,1,1,1,1
89,1,1,1,1,1,1,1,1,1,1,1
90,1,1,1,1,1,1,1,1,1,1,1
91,1,1,1,1,1,1,1,1,1,1,1
92,1,1,1,1,1,1,1,1,1,1,1
93,1,1,1,1,1,1,1,1,1,1,1
94,1,1,1,1,1,1,1,1,1,1,1
95,1,1,1,1,1,1,1,1,1,1,1
96,1,1,1,1,1,1,1,1,1,1,1
97,1,1,1,1,1,1,1,1,1,1,1
98,1,1,1,1,1,1,1,1,1,1,1
99,1,1,1,1,1,1,1,1,1,1,1
100,1,1,1,1,1,1,1,1,1,1,1
101,1,1,1,1,1,1,1,1,1,1,1
102,1,1,1,1,1,1,1,1,1,1,1
103,1,1,1,1,1,1,1,1,1,1,1
104,1,1,1,1,1,1,1,1,1,1,1
105,1,1,1,1,1,1,1,1,1,1,1
106,1,1,1,1,1,1,1,1,1,1,1
107,1,1,1,1,1,1,1,1,1,1,1
108,1,1,1,1,1,1,1,1,1,1,1
109,1,1,1,1,1,1,1,1,1,1,1
110,1,1,1,1,1,1,1,1,1,1,1
111,1,1,1,1,1,1,1,1,1,1,1
112,1,1,1,1,1,1,1,1,1,1,1
113,1,1,1,1,1,1,1,1,1,1,1
114,1,1,1,1,1,1,1,1,1,1,1
115,1,1,1,1,1,1,1,1,1,1,1
116,1,1,1,1,1,1,1,1,1,1,1
117,1,1,1,1,1,1,1,1,1,1,1
118,1,1,1,1,1,1,1,1,1,1,1
119,1,1,1,1,1,1,1,1,1,1,1
120,1,1,1,1,1,1,1,1,1,1,1
121,1,1,1,1,1,1,1,1,1,1,1
122,1,1,1,1,1,1,1,1,1,1,1
123,1,1,1,1,1,1,1,1,1,1,1
124,1,1,1,1,1,1,1,1,1,1,1
125,1,1,1,1,1,1,1,1,1,1,1
126,1,1,1,1,1,1,1,1,1,1,1
127,1,1,1,1,1,1,1,1,1,1,1
128,1,1,1,1,1,1,1,1,1,1,1
129,1,1,1,1,1,1,1,1,1,1,1
130,1,1,1,1,1,1,1,1,1,1,1
131,1,1,1,1,1,1,1,1,1,1,1
132,1,1,1,1,1,1,1,1,1,1,1
133,1,1,1,1,1,1,1,1,1,1,1
134,1,1,1,1,1,1,1,1,1,1,1
135,1,1,1,1,1,1,1,1,1,1,1
136,1,1,1,1,1,1,1,1,1,1,1
137,1,1,1,1,1,1,1,1,1,1,1
138,1,1,1,1,1,1,1,1,1,1,1
139,1,1,1,1,1,1,1,1,1,1,1
140,1,1,1,1,1,1,1,1,1,1,1
141,1,1,1,1,1,1,1,1,1,1,1
142,1,1,1,1,1,1,1,1,1,1,1
143,1,1,1,1,1,1,1,1,1,1,1
144,1,1,1,1,1,1,1,1,1,1,1
145,1,1,1,1,1,1,1,1,1,1,1
146,1,1,1,1,1,1,1,1,1,1,1
147,1,1,1,1,1,1,1,1,1,1,1
148,1,1,1,1,1,1,1,1,1,1,1
149,1,1,1,1,1,1,1,1,1,1,1
150,1,1,1,1,1,1,1,1,1,1,1
151,1,1,1,1,1,1,1,1,1,1,1
152,1,1,1,1,1,1,1,1,1,1,1
153,1,1,1,1,1,1,1,1,1,1,1
154,1,1,1,1,1,1,1,1,1,1,1
155,1,1,1,1,1,1,1,1,1,1,1
156,1,1,1,1,1,1,1,1,1,1,1
157,1,1,1,1,1,1,1,1,1,1,1
158,1,1,1,1,1,1,1,1,1,1,1
159,1,1,1,1,1,1,1,1,1,1,1
160,1,1,1,1,1,1,1,1,1,1,1
161,1,1,1,1,1,1,1,1,1,1,1
162,1,1,1,1,1,1,1,1,1,1,1
163,1,1,1,1,1,1,1,1,1,1,1
164,1,1,1,1,1,1,1,1,1,1,1
165,1,1,1,1,1,1,1,1,1,1,1
166,1,1,1,1,1,1,1,1,1,1,1
167,1,1,1,1,1,1,1,1,1,1,1
168,1,1,1,1,1,1,1,1,1,1,1
169,1,1,1,1,1,1,1,1,1,1,1
170,1,1,1,1,1,1,1,1,1,1,1
171,1,1,1,1,1,1,1,1,1,1,1
172,1,1,1,1,1,1,1,1,1,1,1
173,1,1,1,1,1,1,1,1,1,1,1
174,1,1,1,1,1,1,1,1,1,1,1
175,1,1,1,1,1,1,1,1,1,1,1
176,1,1,1,1,1,1,1,1,1,1,1
177,1,1,1,1,1,1,1,1,1,1,1
178,1,1,1,1,1,1,1,1,1,1,1
179,1,1,1,1,1,1,1,1,1,1,1
180,1,1,1,1,1,1,1,1,1,1,1
181,1,1,1,1,1,1,1,1,1,1,1
182,1,1,1,1,1,1,1,1,1,1,1
183,1,1,1,1,1,1,1,1,1,1,1
184,1,1,1,1,1,1,1,1,1,1,1
185,1,1,1,1,1,1,1,1,1,1,1
186,1,1,1,1,1,1,1,1,1,1,1
187,1,1,1,1,1,1,1,1,1,1,1
188,1,1,1,1,1,1,1,1,1,1,1
189,1,1,1,1,1,1,1,1,1,1,1
190,1,1,1,1,1,1,1,1,1,1,1
191,1,1,1,1,1,1,1,1,1,1,1
192,1,1,1,1,1,1,1,1,1,1,1
193,1,1,1,1,1,1,1,1,1,1,1
194,1,1,1,1,1,1,1,1,1,1,1
195,1,1,1,1,1,1,1,1,1,1,1
196,1,1,1,1,1,1,1,1,1,1,1
197,1,1,1,1,1,1,1,1,1,1,1
198,1,1,1,1,1,1,1,1,1,1,1
199,1,1,1,1,1,1,1,1,1,1,1
200,1,1,1,1,1,1,1,1,1,1,1
201,1,1,1,1,1,1,1,1,1,1,1
202,1,1,1,1,1,1,1,1,1,1,1
203,1,1,1,1,1,1,1,1,1,1,1
204,1,1,1,1,1,1,1,1,1,1,1
205,1,1,1,1,1,1,1,1,1,1,1
206,1,1,1,1,1,1,1,1,1,1,1
207,1,1,1,1,1,1,1,1,1,1,1
208,1,1,1,1,1,1,1,1,1,1,1
209,1,1,1,1,1,1,1,1,1,1,1
210,1,1,1,1,1,1,1,1,1,1,1
211,1,1,1,1,1,1,1,1,1,1,1
212,1,1,1,1,1,1,1,1,1,1,1
213,1,1,1,1,1,1,1,1,1,1,1
214,1,1,1,1,1,1,1,1,1,1,1
215,1,1,1,1,1,1,1,1,1,1,1
216,1,1,1,1,1,1,1,1,1,1,1
217,1,1,1,1,1,1,1,1,1,1,1
218,1,1,1,1,1,1,1,1,1,1,1
219,1,1,1,1,1,1,1,1,1,1,1
220,1,1,1,1,1,1,1,1,1,1,1
221,1,1,1,1,1,1,1,1,1,1,1
222,1,1,1,1,1,1,1,1,1,1,1
223,1,1,1,1,1,1,1,1,1,1,1
224,1,1,1,1,1,1,1,1,1,1,1
225,1,1,1,1,1,1,1,1,1,1,1
226,1,1,1,1,1,1,1,1,1,1,1
227,1,1,1,1,1,1,1,1,1,1,1
228,1,1,1,1,1,1,1,1,1,1,1
229,1,1,1,1,1,1,1,1,1,1,1
230,1,1,1,1,1,1,1,1,1,1,1
231,1,1,1,1,1,1,1,1,1,1,1
232,1,1,1,1,1,1,1,1,1,1,1
233,1,1,1,1,1,1,1,1,1,1,1
234,1,1,1,1,1,1,1,1,1,1,1
235,1,1,1,1,1,1,1,1,1,1,1
236,1,1,1,1,1,1,1,1,1,1,1
237,1,1,1,1,1,1,1,1,1,1,1
238,1,1,1,1,1,1,1,1,1,1,1
239,1,1,1,1,1,1,1,1,1,1,1
240,1,1,1,1,1,1,1,1,1,1,1
241,1,1,1,1,1,1,1,1,1,1,1
242,1,1,1,1,1,1,1,1,1,1,1
243,1,1,1,1,1,1,1,1,1,1,1
244,1,1,1,1,1,1,1,1,1,1,1
245,1,1,1,1,1,1,1,1,1,1,1
246,1,1,1,1,1,1,1,1,1,1,1
247,1,1,1,1,1,1,1,1,1,1,1
248,1,1,1,1,1,1,1,1,1,1,1
249,1,1,1,1,1,1,1,1,1,1,1
250,1,1,1,1,1,1,1,1,1,1,1
251,1,1,1,1,1,1,1,1,1,1,1
252,1,1,1,1,1,1,1,1,1,1,1
253,1,1,1,1,1,1,1,1,1,1,1
254,1,1,1,1,1,1,1,1,1,1,1
255,1,1,1,1,1,1,1,1,1,1,1
256,1,1,1,1,1,1,1,1,1,1,1
257,1,1,1,1,1,1,1,1,1,1,1
258,1,1,1,1,1,1,1,1,1,1,1
259,1,1,1,1,1,1,1,1,1,1,1
260,1,1,1,1,1,1,1,1,1,1,1
261,1,1,1,1,1,1,1,1,1,1,1
262,1,1,1,1,1,1,1,1,1,1,1
263,1,1,1,1,1,1,1,1,1,1,1
264,1,1,1,1,1,1,1,1,1,1,1
265,1,1,1,1,1,1,1,1,1,1,1
266,1,1,1,1,1,1,1,1,1,1,1
267,1,1,1,1,1,1,1,1,1,1,1
268,1,1,1,1,1,1,1,1,1,1,1
269,1,1,1,1,1,1,1,1,1,1,1
270,1,1,1,1,1,1,1,1,1,1,1
271,1,1,1,1,1,1,1,1,1,1,1
272,1,1,1,1,1,1,1,1,1,1,1
273,1,1,1,1,1,1,1,1,1,1,1
274,1,1,1,1,1,1,1,1,1,1,1
275,1,1,1,1,1,1,1,1,1,1,1
276,1,1,1,1,1,1,1,1,1,1,1
277,1,1,1,1,1,1,1,1,1,1,1
278,1,1,1,1,1,1,1,1,1,1,1
279,1,1,1,1,1,1,1,1,1,1,1
280,1,1,1,1,1,1,1,1,1,1,1
281,1,1,1,1,1,1,1,1,1,1,1
282,1,1,1,1,1,1,1,1,1,1,1
283,1,1,1,1,1,1,1,1,1,1,1
284,1,1,1,1,1,1,1,1,1,1,1
285,1,1,1,1,1,1,1,1,1,1,1
286,1,1,1,1,1,1,1,1,1,1,1
287,1,1,1,1,1,1,1,1,1,1,1
288,1,1,1,1,1,1,1,1,1,1,1
289,1,1,1,1,1,1,1,1,1,1,1
290,1,1,1,1,1,1,1,1,1,1,1
291,1,1,1,1,1,1,1,1,1,1,1
292,1,1,1,1,1,1,1,1,1,1,1
293,1,1,1,1,1,1,1,1,1,1,1
294,1,1,1,1,1,1,1,1,1,1,1
295,1,1,1,1,1,1,1,1,1,1,1
296,1,1,1,1,1,1,1,1,1,1,1
297,1,1,1,1,1,1,1,1,1,1,1
298,1,1,1,1,1,1,1,1,1,1,1
299,1,1,1,1,1,1,1,1,1,1,1
300,1,1,1,1,1,1,1,1,1,1,1
301,1,1,1,1,1,1,1,1,1,1,1
302,1,1,1,1,1,1,1,1,1,1,1
303,1,1,1,1,1,1,1,1,1,1,1
304,1,1,1,1,1,1,1,1,1,1,1
305,1,1,1,1,1,1,1,1,1,1,1
306,1,1,1,1,1,1,1,1,1,1,1
307,1,1,1,1,1,1,1,1,1,1,1
308,1,1,1,1,1,1,1,1,1,1,1
309,1,1,1,1,1,1,1,1,1,1,1
310,1,1,1,1,1,1,1,1,1,1,1
311,1,1,1,1,1,1,1,1,1,1,1
312,1,1,1,1,1,1,1,1,1,1,1
313,1,1,1,1,1,1,1,1,1,1,1
314,1,1,1,1,1,1,1,1,1,1,1
315,1,1,1,1,1,1,1,1,1,1,1
316,1,1,1,1,1,1,1,1,1,1,1
317,1,1,1,1,1,1,1,1,1,1,1
318,1,1,1,1,1,1,1,1,1,1,1
319,1,1,1,1,1,1,1,1,1,1,1
320,1,1,1,1,1,1,1,1,1,1,1
321,1,1,1,1,1,1,1,1,1,1,1
322,1,1,1,1,1,1,1,1,1,1,1
323,1,1,1,1,1,1,1,1,1,1,1
324,1,1,1,1,1,1,1,1,1,1,1
325,1,1,1,1,1,1,1,1,1,1,1
326,1,1,1,1,1,1,1,1,1,1,1
327,1,1,1,1,1,1,1,1,1,1,1
328,1,1,1,1,1,1,1,1,1,1,1
329,1,1,1,1,1,1,1,1,1,1,1
330,1,1,1,1,1,1,1,1,1,1,1
331,1,1,1,1,1,1,1,1,1,1,1
332,1,1,1,1,1,1,1,1,1,1,1
333,1,1,1,1,1,1,1,1,1,1,1
334,1,1,1,1,1,1,1,1,1,1,1
335,1,1,1,1,1,1,1,1,1,1,1
336,1,1,1,1,1,1,1,1,1,1,1
337,1,1,1,1,1,1,1,1,1,1,1
338,1,1,1,1,1,1,1,1,1,1,1
339,1,1,1,1,1,1,1,1,1,1,1
340,1,1,1,1,1,1,1,1,1,1,1
341,1,1,1,1,1,1,1,1,1,1,1
342,1,1,1,1,1,1,1,1,1,1,1
343,1,1,1,1,1,1,1,1,1,1,1
344,1,1,1,1,1,1,1,1,1,1,1
345,1,1,1,1,1,1,1,1,1,1,1
346,1,1,1,1,1,1,1,1,1,1,1
347,1,1,1,1,1,1,1,1,1,1,1
348,1,1,1,1,1,1,1,1,1,1,1
349,1,1,1,1,1,1,1,1,1,1,1
350,1,1,1,1,1,1,1,1,1,1,1
351,1,1,1,1,1,1,1,1,1,1,1
352,1,1,1,1,1,1,1,1,1,1,1
353,1,1,1,1,1,1,1,1,1,1,1
354,1,1,1,1,1,1,1,1,1,1,1
355,1,1,1,1,1,1,1,1,1,1,1
356,1,1,1,1,1,1,1,1,1,1,1
357,1,1,1,1,1,1,1,1,1,1,1
358,1,1,1,1,1,1,1,1,1,1,1
359,1,1,1,1,1,1,1,1,1,1,1
360,1,1,1,1,1,1,1,1,1,1,1
361,1,1,1,1,1,1,1,1,1,1,1
362,1,1,1,1,1,1,1,1,1,1,1
363,1,1,1,1,1,1,1,1,1,1,1
364,1,1,1,1,1,1,1,1,1,1,1
365,1,1,1,1,1,1,1,1,1,1,1
366,1,1,1,1,1,1,1,1,1,1,1
367,1,1,1,1,1,1,1,1,1,1,1
368,1,1,1,1,1,1,1,1,1,1,1
369,1,1,1,1,1,1,1,1,1,1,1
370,1,1,1,1,1,1,1,1,1,1,1
371,1,1,1,1,1,1,1,1,1,1,1
372,1,1,1,1,1,1,1,1,1,1,1
373,1,1,1,1,1,1,1,1,1,1,1
374,1,1,1,1,1,1,1,1,1,1,1
375,1,1,1,1,1,1,1,1,1,1,1
376,1,1,1,1,1,1,1,1,1,1,1
377,1,1,1,1,1,1,1,1,1,1,1
378,1,1,1,1,1,1,1,1,1,1,1
379,1,1,1,1,1,1,1,1,1,1,1
380,1,1,1,1,1,1,1,1,1,1,1
381,1,1,1,1,1,1,1,1,1,1,1
382,1,1,1,1,1,1,1,1,1,1,1
383,1,1,1,1,1,1,1,1,1,1,1
384,1,1,1,1,1,1,1,1,1,1,1
385,1,1,1,1,1,1,1,1,1,1,1
386,1,1,1,1,1,1,1,1,1,1,1
387,1,1,1,1,1,1,1,1,1,1,1
388,1,1,1,1,1,1,1,1,1,1,1
389,1,1,1,1,1,1,1,1,1,1,1
390,1,1,1,1,1,1,1,1,1,1,1
391,1,1,1,1,1,1,1,1,1,1,1
392,1,1,1,1,1,1,1,1,1,1,1
393,1,1,1,1,1,1,1,1,1,1,1
394,1,1,1,1,1,1,1,1,1,1,1
395,1,1,1,1,1,1,1,1,1,1,1
396,1,1,1,1,1,1,1,1,1,1,1
397,1,1,1,1,1,1,1,1,1,1,1
398,1,1,1,1,1,1,1,1,1,1,1
399,4,4,2,2,2,2,2,2,2,2,2
400,0,0,0,0,0,0,0,0,0,0,0
401,3,3,3,3,3,3,3,3,3,3,3
402,5,5,5,5,5,5,5,5,5,5,5
403,4,4,4,4,4,4,4,4,4,4,4
404,0,0,0,0,0,0,0,0,0,0,0
405,2,2,2,4,4,4,4,4,4,4,4
406,2,2,2,4,4,4,4,4,4,4,4
407,4,4,4,4,4,4,4,4,4,4,4
408,4,4,4,4,4,4,4,4,4,4,4
409,4,4,4,4,4,4,4,4,4,4,4
410,3,3,3,4,4,4,4,4,4,4,4
411,4,4,4,4,4,4,4,4,4,4,4
412,3,3,4,4,4,4,4,4,4,4,4
413,4,4,4,4,4,4,4,4,4,4,4
414,3,3,3,3,3,3,4,4,4,4,4
415,4,4,4,4,4,4,4,4,4,4,4
416,3,3,3,4,4,4,4,4,4,4,4
417,0,0,0,4,4,4,4,4,4,4,4
418,2,2,2,2,2,4,4,4,4,4,4
419,0,0,4,4,4,4,4,4,4,4,4
420,4,4,4,4,4,4,4,4,4,4,4
421,3,3,3,4,4,4,4,4,4,4,4
422,0,0,0,0,0,0,0,0,0,0,0
423,0,0,4,4,4,4,4,4,4,4,4
424,0,0,0,0,0,0,0,0,0,0,0
425,5,5,5,5,5,5,5,5,5,5,5
426,0,0,4,4,4,4,4,4,4,4,4
427,2,2,2,2,2,4,4,4,4,4,4
428,4,4,4,4,4,4,4,4,4,4,4
429,0,0,0,4,4,4,4,4,4,4,4
430,5,5,5,5,5,5,5,5,5,5,5
431,0,0,0,0,0,0,0,0,0,0,0
432,2,2,2,4,4,4,4,4,4,4,4
433,2,2,2,2,2,4,4,4,4,4,4
434,0,0,0,4,4,4,4,4,4,4,4
435,0,0,0,4,4,4,4,4,4,4,4
436,3,3,3,4,4,4,4,4,4,4,4
437,2,2,2,2,2,4,4,4,4,4,4
438,0,0,4,4,4,4,4,4,4,4,4
439,4,4,4,4,4,4,4,4,4,4,4
440,4,4,4,4,4,4,4,4,4,4,4
441,0,0,0,0,0,0,0,0,0,0,0
442,4,4,4,4,4,4,4,4,4,4,4
443,4,4,4,4,4,4,4,4,4,4,4
444,3,3,4,4,4,4,4,4,4,4,4
445,4,4,4,4,4,4,4,4,4,4,4
446,0,0,0,0,0,0,0,0,0,0,0
447,2,2,2,2,2,4,4,4,4,4,4
448,3,3,3,3,3,3,4,4,4,4,4
449,3,3,3,4,4,4,4,4,4,4,4
450,0,0,0,0,0,0,0,0,0,0,0
451,5,5,5,5,5,5,5,5,5,5,5
452,3,3,4,4,4,4,4,4,4,4,4
453,5,5,5,5,5,5,5,5,5,5,5
454,2,2,2,4,4,4,4,4,4,4,4
455,5,5,5,5,5,5,5,4,4,4,4
456,3,3,3,4,4,4,4,4,4,4,4
457,0,0,0,0,0,0,0,0,0,0,0
458,0,0,0,4,4,4,4,4,4,4,4
459,5,5,5,5,5,5,5,5,5,5,5
460,5,5,5,5,5,5,5,5,5,5,5
461,5,5,5,5,5,5,5,5,5,5,5
462,4,4,4,4,4,4,4,4,4,4,4
463,2,2,2,4,4,4,4,4,4,4,4
464,2,2,4,4,4,4,4,4,4,4,4
465,3,3,3,3,3,3,4,4,4,4,4
466,2,2,2,4,4,4,4,4,4,4,4
467,0,0,0,0,0,0,0,0,0,0,0
468,3,3,3,3,3,3,4,4,4,4,4
469,0,0,0,4,4,4,4,4,4,4,4
470,4,4,4,4,4,4,4,4,4,4,4
471,5,5,5,5,5,5,5,5,5,5,5
472,3,3,4,4,4,4,4,4,4,4,4
473,5,5,5,5,5,5,5,5,5,5,5
474,5,5,5,5,5,5,5,5,5,5,5
475,2,2,2,4,4,4,4,4,4,4,4
476,3,3,4,4,4,4,4,4,4,4,4
477,5,5,5,5,5,5,5,4,4,4,4
478,0,0,0,0,0,0,0,0,0,0,0
479,0,0,0,0,0,0,0,0,0,0,0
480,0,0,4,4,4,4,4,4,4,4,4
481,2,2,2,2,2,4,4,4,4,4,4
482,0,0,0,4,4,4,4,4,4,4,4
483,4,4,4,4,4,4,4,4,4,4,4
484,3,3,4,4,4,4,4,4,4,4,4
485,0,0,0,0,0,0,0,0,0,0,0
486,0,0,0,0,0,0,0,0,0,0,0
487,0,0,0,0,0,0,0,0,0,0,0
488,0,0,0,0,0,0,0,0,0,0,0
489,5,5,5,5,5,5,5,5,5,5,5
490,0,0,0,0,0,0,0,0,0,0,0
491,3,3,3,3,3,3,4,4,4,4,4
492,4,4,4,4,4,4,4,4,4,4,4
493,3,3,4,4,4,4,4,4,4,4,4
494,2,2,2,4,4,4,4,4,4,4,4
495,3,3,3,3,3,3,4,4,4,4,4
496,0,0,0,4,4,4,4,4,4,4,4
497,5,5,5,5,5,5,5,5,5,5,5
498,5,5,5,5,5,5,5,5,5,5,5
499,3,3,4,4,4,4,4,4,4,4,4
500,0,0,0,4,4,4,4,4,4,4,4
501,3,3,4,4,4,4,4,4,4,4,4
502,2,2,2,4,4,4,4,4,4,4,4
503,2,2,2,4,4,4,4,4,4,4,4
504,3,3,3,3,3,3,4,4,4,4,4
505,2,2,2,4,4,4,4,4,4,4,4
506,4,4,4,4,4,4,4,4,4,4,4
507,2,2,4,4,4,4,4,4,4,4,4
508,2,2,2,4,4,4,4,4,4,4,4
509,0,0,0,4,4,4,4,4,4,4,4
510,3,3,3,4,4,4,4,4,4,4,4
511,2,2,2,4,4,4,4,4,4,4,4
512,5,5,5,5,5,5,5,5,5,5,5
513,4,4,4,4,4,4,4,4,4,4,4
514,2,2,2,2,2,4,4,4,4,4,4
515,0,0,0,4,4,4,4,4,4,4,4
516,2,2,2,2,2,4,4,4,4,4,4
517,4,4,4,4,4,4,4,4,4,4,4
518,3,3,3,3,3,3,4,4,4,4,4
519,3,3,3,4,4,4,4,4,4,4,4
520,4,4,4,4,4,4,4,4,4,4,4
521,3,3,3,4,4,4,4,4,4,4,4
522,4,4,4,4,4,4,4,4,4,4,4
523,0,0,0,0,0,0,0,0,0,0,0
524,2,2,4,4,4,4,4,4,4,4,4
525,3,3,3,3,3,3,4,4,4,4,4
526,5,5,5,5,5,5,5,5,5,5,5
527,3,3,3,3,3,3,4,4,4,4,4
528,0,0,0,0,0,0,0,0,0,0,0
529,2,2,4,4,4,4,4,4,4,4,4
530,2,2,2,4,4,4,4,4,4,4,4
531,5,5,5,5,5,5,5,5,5,5,5
532,3,3,3,3,3,3,4,4,4,4,4
533,4,4,4,4,4,4,4,4,4,4,4
534,3,3,3,4,4,4,4,4,4,4,4
535,5,5,5,5,5,5,5,5,5,5,5
536,2,2,2,4,4,4,4,4,4,4,4
537,5,5,5,5,5,5,5,5,5,5,5
538,5,5,5,5,5,5,5,5,5,5,5
539,3,3,4,4,4,4,4,4,4,4,4
540,0,0,4,4,4,4,4,4,4,4,4
541,2,2,2,2,2,4,4,4,4,4,4
542,3,3,4,4,4,4,4,4,4,4,4
543,0,0,0,0,0,0,0,0,0,0,0
544,5,5,5,5,5,5,5,5,5,5,5
545,2,2,2,2,2,4,4,4,4,4,4
546,0,0,0,0,0,0,0,0,0,0,0
547,5,5,5,5,5,5,5,5,5,5,5
548,5,5,5,5,5,5,5,5,5,5,5
549,3,3,4,4,4,4,4,4,4,4,4
550,3,3,4,4,4,4,4,4,4,4,4
551,0,0,0,4,4,4,4,4,4,4,4
552,4,4,4,4,4,4,4,4,4,4,4
553,5,5,5,5,5,5,5,4,4,4,4
554,5,5,5,5,5,5,5,5,5,5,5
555,4,4,4,4,4,4,4,4,4,4,4
556,5,5,5,5,5,5,5,5,5,5,5
557,5,5,5,5,5,5,5,5,5,5,5
558,4,4,4,4,4,4,4,4,4,4,4
559,2,2,2,4,4,4,4,4,4,4,4
560,0,0,0,0,0,0,0,0,0,0,0
561,2,2,4,4,4,4,4,4,4,4,4
562,3,3,3,3,3,3,4,4,4,4,4
563,5,5,5,5,5,5,5,4,4,4,4
564,3,3,3,3,3,3,4,4,4,4,4
565,0,0,4,4,4,4,4,4,4,4,4
566,5,5,5,5,5,5,5,5,5,5,5
567,0,0,4,4,4,4,4,4,4,4,4
568,0,0,0,0,0,0,0,0,0,0,0
569,2,2,4,4,4,4,4,4,4,4,4
570,5,5,5,5,5,5,5,5,5,5,5
571,3,3,3,4,4,4,4,4,4,4,4
572,2,2,2,4,4,4,4,4,4,4,4
573,3,3,3,4,4,4,4,4,4,4,4
574,4,4,4,4,4,4,4,4,4,4,4
575,0,0,0,0,0,0,0,0,0,0,0
576,4,4,4,4,4,4,4,4,4,4,4
577,4,4,4,4,4,4,4,4,4,4,4
578,4,4,4,4,4,4,4,4,4,4,4
579,2,2,2,4,4,4,4,4,4,4,4
580,4,4,4,4,4,4,4,4,4,4,4
581,5,5,5,5,5,5,5,5,5,5,5
582,0,0,0,0,0,0,0,0,0,0,0
583,4,4,4,4,4,4,4,4,4,4,4
584,2,2,4,4,4,4,4,4,4,4,4
585,3,3,3,4,4,4,4,4,4,4,4
586,0,0,0,0,0,0,0,0,0,0,0
587,2,2,2,4,4,4,4,4,4,4,4
588,2,2,4,4,4,4,4,4,4,4,4
589,0,0,0,0,0,0,0,0,0,0,0
590,2,2,2,4,4,4,4,4,4,4,4
591,5,5,5,5,5,5,5,5,5,5,5
592,4,4,4,4,4,4,4,4,4,4,4
593,2,2,2,2,2,4,4,4,4,4,4
594,5,5,5,5,5,5,5,5,5,5,5
595,5,5,5,5,5,5,5,5,5,5,5
596,3,3,4,4,4,4,4,4,4,4,4
597,3,3,3,3,3,3,4,4,4,4,4
598,5,5,5,5,5,5,5,5,5,5,5
599,5,5,5,5,5,5,5,5,5,5,5
600,3,3,3,3,3,3,4,4,4,4,4
601,0,0,0,0,0,0,0,0,0,0,0
602,3,3,4,4,4,4,4,4,4,4,4
603,0,0,0,0,0,0,0,0,0,0,0
604,4,4,4,4,4,4,4,4,4,4,4
605,0,0,0,0,0,0,0,0,0,0,0
606,5,5,5,5,5,5,5,5,5,5,5
607,5,5,5,5,5,5,5,5,5,5,5
608,5,5,5,5,5,5,5,5,5,5,5
609,0,0,4,4,4,4,4,4,4,4,4
610,2,2,2,2,2,4,4,4,4,4,4
611,2,2,2,2,2,4,4,4,4,4,4
612,0,0,0,0,0,0,0,0,0,0,0
613,0,0,0,4,4,4,4,4,4,4,4
614,5,5,5,5,5,5,5,5,5,5,5
615,4,4,4,4,4,4,4,4,4,4,4
616,0,0,0,0,0,0,0,0,0,0,0
617,0,0,0,0,0,0,0,0,0,0,0
618,2,2,2,2,2,4,4,4,4,4,4
619,0,0,0,0,0,0,0,0,0,0,0
620,5,5,5,5,5,5,5,5,5,5,5
621,4,4,4,4,4,4,4,4,4,4,4
622,0,0,0,0,0,0,0,0,0,0,0
623,0,0,4,4,4,4,4,4,4,4,4
624,2,2,2,2,2,4,4,4,4,4,4
625,3,3,3,3,3,3,4,4,4,4,4
626,4,4,4,4,4,4,4,4,4,4,4
627,2,2,2,2,2,4,4,4,4,4,4
628,2,2,2,4,4,4,4,4,4,4,4
629,5,5,5,5,5,5,5,5,5,5,5
630,2,2,2,4,4,4,4,4,4,4,4
631,0,0,4,4,4,4,4,4,4,4,4
632,5,5,5,5,5,5,5,5,5,5,5
633,5,5,5,5,5,5,5,5,5,5,5
634,3,3,4,4,4,4,4,4,4,4,4
635,5,5,5,5,5,5,5,5,5,5,5
636,0,0,0,0,0,0,0,0,0,0,0
637,0,0,0,4,4,4,4,4,4,4,4
638,5,5,5,5,5,5,5,5,5,5,5
639,3,3,4,4,4,4,4,4,4,4,4
640,0,0,0,0,0,0,0,0,0,0,0
641,3,3,4,4,4,4,4,4,4,4,4
642,0,0,0,0,0,0,0,0,0,0,0
643,5,5,5,5,5,5,5,5,5,5,5
644,5,5,5,5,5,5,5,5,5,5,5
645,4,4,4,4,4,4,4,4,4,4,4
646,3,3,4,4,4,4,4,4,4,4,4
647,5,5,5,5,5,5,5,5,5,5,5
648,4,4,4,4,4,4,4,4,4,4,4
649,0,0,0,0,0,0,0,0,0,0,0
650,3,3,4,4,4,4,4,4,4,4,4
651,5,5,5,5,5,5,5,5,5,5,5
652,4,4,4,4,4,4,4,4,4,4,4
653,0,0,0,0,0,0,0,0,0,0,0
654,3,3,3,3,3,3,4,4,4,4,4
655,2,2,4,4,4,4,4,4,4,4,4
656,4,4,4,4,4,4,4,4,4,4,4
657,4,4,4,4,4,4,4,4,4,4,4
658,5,5,5,5,5,5,5,5,5,5,5
659,3,3,3,4,4,4,4,4,4,4,4
660,5,5,5,5,5,5,5,5,5,5,5
661,4,4,4,4,4,4,4,4,4,4,4
662,2,2,2,2,2,4,4,4,4,4,4
663,4,4,4,4,4,4,4,4,4,4,4
664,5,5,5,5,5,5,5,4,4,4,4
665,5,5,5,5,5,5,5,5,5,5,5
666,5,5,5,5,5,5,5,5,5,5,5
667,0,0,0,0,0,0,0,0,0,0,0
668,3,3,3,4,4,4,4,4,4,4,4
669,4,4,4,4,4,4,4,4,4,4,4
670,0,0,0,0,0,0,0,0,0,0,0
671,2,2,2,2,2,4,4,4,4,4,4
672,0,0,0,0,0,0,0,0,0,0,0
673,4,4,4,4,4,4,4,4,4,4,4
674,2,2,2,4,4,4,4,4,4,4,4
675,2,2,4,4,4,4,4,4,4,4,4
676,3,3,3,4,4,4,4,4,4,4,4
677,0,0,4,4,4,4,4,4,4,4,4
678,5,5,5,5,5,5,5,5,5,5,5
679,4,4,4,4,4,4,4,4,4,4,4
680,3,3,3,4,4,4,4,4,4,4,4
681,4,4,4,4,4,4,4,4,4,4,4
682,0,0,0,4,4,4,4,4,4,4,4
683,4,4,4,4,4,4,4,4,4,4,4
684,2,2,2,2,2,4,4,4,4,4,4
685,5,5,5,5,5,5,5,5,5,5,5
686,0,0,0,0,0,0,0,0,0,0,0
687,2,2,2,2,2,4,4,4,4,4,4
688,0,0,0,0,0,0,0,0,0,0,0
689,0,0,0,0,0,0,0,0,0,0,0
690,2,2,2,4,4,4,4,4,4,4,4
691,2,2,2,4,4,4,4,4,4,4,4
692,0,0,0,0,0,0,0,0,0,0,0
693,3,3,4,4,4,4,4,4,4,4,4
694,5,5,5,5,5,5,5,5,5,5,5
695,3,3,4,4,4,4,4,4,4,4,4
696,4,4,4,4,4,4,4,4,4,4,4
697,3,3,4,4,4,4,4,4,4,4,4
698,2,2,2,4,4,4,4,4,4,4,4
699,5,5,5,5,5,5,5,5,5,5,5
700,4,4,4,4,4,4,4,4,4,4,4
701,5,5,5,5,5,5,5,5,5,5,5
702,0,0,0,0,0,0,0,0,0,0,0
703,5,5,5,5,5,5,5,5,5,5,5
704,3,3,3,4,4,4,4,4,4,4,4
705,3,3,4,4,4,4,4,4,4,4,4
706,4,4,4,4,4,4,4,4,4,4,4
707,5,5,5,5,5,5,5,5,5,5,5
708,3,3,4,4,4,4,4,4,4,4,4
709,2,2,2,2,2,4,4,4,4,4,4
710,3,3,3,3,3,3,4,4,4,4,4
711,4,4,4,4,4,4,4,4,4,4,4
712,4,4,4,4,4,4,4,4,4,4,4
713,5,5,5,5,5,5,5,5,5,5,5
714,5,5,5,5,5,5,5,5,5,5,5
715,5,5,5,5,5,5,5,4,4,4,4
716,2,2,2,4,4,4,4,4,4,4,4
717,0,0,0,4,4,4,4,4,4,4,4
718,3,3,4,4,4,4,4,4,4,4,4
719,4,4,4,4,4,4,4,4,4,4,4
720,4,4,4,4,4,4,4,4,4,4,4
721,0,0,4,4,4,4,4,4,4,4,4
722,3,3,3,4,4,4,4,4,4,4,4
723,3,3,3,4,4,4,4,4,4,4,4
724,4,4,4,4,4,4,4,4,4,4,4
725,5,5,5,5,5,5,5,5,5,5,5
726,3,3,3,3,3,3,4,4,4,4,4
727,0,0,0,0,0,0,0,0,0,0,0
728,4,4,4,4,4,4,4,4,4,4,4
729,2,2,4,4,4,4,4,4,4,4,4
730,3,3,3,4,4,4,4,4,4,4,4
731,2,2,2,4,4,4,4,4,4,4,4
732,3,3,3,4,4,4,4,4,4,4,4
733,3,3,3,3,3,3,4,4,4,4,4
734,0,0,4,4,4,4,4,4,4,4,4
735,4,4,4,4,4,4,4,4,4,4,4
736,5,5,5,5,5,5,5,5,5,5,5
737,3,3,4,4,4,4,4,4,4,4,4
738,0,0,0,0,0,0,0,0,0,0,0
739,4,4,4,4,4,4,4,4,4,4,4
740,4,4,4,4,4,4,4,4,4,4,4
741,2,2,4,4,4,4,4,4,4,4,4
742,0,0,0,0,0,0,0,0,0,0,0
743,3,3,3,4,4,4,4,4,4,4,4
744,2,2,2,2,2,4,4,4,4,4,4
745,2,2,2,4,4,4,4,4,4,4,4
746,2,2,4,4,4,4,4,4,4,4,4
747,0,0,0,0,0,0,0,0,0,0,0
748,0,0,0,0,0,0,0,0,0,0,0
749,4,4,4,4,4,4,4,4,4,4,4
750,0,0,4,4,4,4,4,4,4,4,4
751,3,3,3,4,4,4,4,4,4,4,4
752,5,5,5,5,5,5,5,5,5,5,5
753,0,0,0,4,4,4,4,4,4,4,4
754,2,2,4,4,4,4,4,4,4,4,4
755,0,0,0,0,0,0,0,0,0,0,0
756,0,0,0,4,4,4,4,4,4,4,4
757,3,3,4,4,4,4,4,4,4,4,4
758,4,4,4,4,4,4,4,4,4,4,4
759,5,5,5,5,5,5,5,5,5,5,5
760,5,5,5,5,5,5,5,5,5,5,5
761,0,0,0,4,4,4,4,4,4,4,4
762,5,5,5,5,5,5,5,5,5,5,5
763,3,3,3,4,4,4,4,4,4,4,4
764,0,0,4,4,4,4,4,4,4,4,4
765,4,4,4,4,4,4,4,4,4,4,4
766,4,4,2,2,2,2,2,2,2,2,2
767,0,0,0,0,0,0,0,0,0,0,0
768,3,3,3,3,3,3,3,3,3,3,3
769,5,5,5,5,5,5,5,5,5,5,5
