,0,1,2,3,4,5,6,7,8,9,10
0,1,1,1,1,1,1,1,1,1,1,1
1,0,0,0,0,0,0,1,1,1,1,1
2,0,0,0,0,0,0,0,1,1,1,1
3,0,0,0,0,0,0,0,1,1,1,1
4,1,1,1,1,1,1,1,1,1,1,1
5,1,1,1,1,1,1,1,1,1,1,1
6,0,0,0,0,0,0,0,0,0,1,1
7,1,1,1,1,1,1,1,1,1,1,1
8,1,1,1,1,1,1,1,1,1,1,1
9,1,1,1,1,1,1,1,1,1,1,1
10,1,1,1,1,1,1,1,1,1,1,1
11,1,1,1,1,1,1,1,1,1,1,1
12,0,0,0,0,0,0,1,1,1,1,1
13,1,1,1,1,1,1,1,1,1,1,1
14,1,1,1,1,1,1,1,1,1,1,1
15,1,1,1,1,1,1,1,1,1,1,1
16,1,1,1,1,1,1,1,1,1,1,1
17,1,1,1,1,1,1,1,1,1,1,1
18,1,1,1,1,1,1,1,1,1,1,1
19,0,0,0,0,0,0,0,0,0,0,0
20,0,0,0,0,0,0,0,0,0,0,0
21,1,1,1,1,1,1,1,1,1,1,1
22,1,1,1,1,1,1,1,1,1,1,1
23,0,0,0,0,1,1,1,1,1,1,1
24,1,1,1,1,1,1,1,1,1,1,1
25,1,1,1,1,1,1,1,1,1,1,1
26,1,1,1,1,1,1,1,1,1,1,1
27,0,0,0,0,0,0,0,0,1,1,1
28,1,1,1,1,1,1,1,1,1,1,1
29,0,0,0,0,0,0,0,0,0,0,0
30,1,1,1,1,1,1,1,1,1,1,1
31,1,1,1,1,1,1,1,1,1,1,1
32,1,1,1,1,1,1,1,1,1,1,1
33,1,1,1,1,1,1,1,1,1,1,1
34,1,1,1,1,1,1,1,1,1,1,1
35,1,1,1,1,1,1,1,1,1,1,1
36,1,1,1,1,1,1,1,1,1,1,1
37,1,1,1,1,1,1,1,1,1,1,1
38,1,1,1,1,1,1,1,1,1,1,1
39,1,1,1,1,1,1,1,1,1,1,1
40,1,1,1,1,1,1,1,1,1,1,1
41,1,1,1,1,1,1,1,1,1,1,1
42,0,0,0,0,0,0,1,1,1,1,1
43,0,0,0,0,0,0,0,0,0,0,0
44,0,0,0,0,0,0,0,0,0,0,0
45,1,1,1,1,1,1,1,1,1,1,1
46,1,1,1,1,1,1,1,1,1,1,1
47,0,0,0,0,0,0,0,0,0,0,0
48,1,1,1,1,1,1,1,1,1,1,1
49,1,1,1,1,1,1,1,1,1,1,1
50,0,0,0,0,0,0,0,0,0,0,0
51,0,0,0,0,0,0,0,0,0,0,0
52,0,0,0,0,0,0,0,0,0,0,0
53,0,0,0,0,0,0,0,0,0,0,1
54,1,1,1,1,1,1,1,1,1,1,1
55,0,0,0,0,0,0,0,0,0,0,0
56,0,0,0,0,0,0,0,0,0,0,0
57,0,0,0,0,0,0,0,0,0,0,0
58,1,1,1,1,1,1,1,1,1,1,1
59,1,1,1,1,1,1,1,1,1,1,1
60,1,1,1,1,1,1,1,1,1,1,1
61,1,1,1,1,1,1,1,1,1,1,1
62,1,1,1,1,1,1,1,1,1,1,1
63,0,0,0,0,0,0,0,0,0,0,0
64,0,0,0,0,0,0,0,0,0,0,0
65,1,1,1,1,1,1,1,1,1,1,1
66,1,1,1,1,1,1,1,1,1,1,1
67,0,0,0,0,0,0,0,0,0,0,0
68,0,0,0,0,0,0,0,0,0,0,0
69,0,0,0,0,0,0,0,0,1,1,1
70,1,1,1,1,1,1,1,1,1,1,1
71,1,1,1,1,1,1,1,1,1,1,1
72,0,0,0,0,0,0,0,0,0,0,0
73,1,1,1,1,1,1,1,1,1,1,1
74,0,0,0,0,0,0,0,0,0,0,0
75,0,0,0,0,0,0,0,0,0,0,0
76,1,1,1,1,1,1,1,1,1,1,1
77,0,0,0,0,0,0,0,0,0,0,0
78,1,1,1,1,1,1,1,1,1,1,1
79,0,0,0,0,0,0,0,0,0,0,0
80,1,1,1,1,1,1,1,1,1,1,1
81,0,0,0,0,0,0,0,0,0,0,0
82,0,0,0,0,0,0,0,0,0,0,0
83,1,1,1,1,1,1,1,1,1,1,1
84,0,0,0,0,0,0,0,0,0,0,0
85,1,1,1,1,1,1,1,1,1,1,1
86,1,1,1,1,1,1,1,1,1,1,1
87,1,1,1,1,1,1,1,1,1,1,1
88,0,0,0,0,0,0,0,0,0,0,0
89,1,1,1,1,1,1,1,1,1,1,1
90,1,1,1,1,1,1,1,1,1,1,1
91,1,1,1,1,1,1,1,1,1,1,1
92,1,1,1,1,1,1,1,1,1,1,1
93,1,1,1,1,1,1,1,1,1,1,1
94,1,1,1,1,1,1,1,1,1,1,1
95,0,0,0,0,0,0,0,0,0,0,0
96,0,0,0,0,0,0,0,0,0,0,0
97,0,0,0,0,0,0,0,0,0,0,0
98,1,1,1,1,1,1,1,1,1,1,1
99,1,1,1,1,1,1,1,1,1,1,1
100,1,1,1,1,1,1,1,1,1,1,1
101,1,1,1,1,1,1,1,1,1,1,1
102,0,0,0,0,0,0,0,0,0,0,0
103,1,1,1,1,1,1,1,1,1,1,1
104,1,1,1,1,1,1,1,1,1,1,1
105,1,1,1,1,1,1,1,1,1,1,1
106,1,1,1,1,1,1,1,1,1,1,1
107,1,1,1,1,1,1,1,1,1,1,1
108,1,1,1,1,1,1,1,1,1,1,1
109,1,1,1,1,0,0,0,0,1,1,1
110,1,1,1,1,1,1,1,1,1,1,1
111,1,1,1,1,1,1,1,1,1,1,1
112,1,1,1,1,1,1,1,1,1,1,1
113,1,1,1,1,1,1,1,1,1,1,1
114,0,0,0,0,0,0,0,0,0,0,0
115,0,0,0,0,1,1,1,1,1,1,1
116,1,1,1,1,1,1,1,1,1,1,1
117,0,0,0,0,0,0,0,0,0,0,1
118,0,0,0,0,0,0,0,0,0,0,0
119,1,1,1,1,1,1,1,1,1,1,1
120,1,1,1,1,1,1,1,1,1,1,1
121,0,0,0,0,0,0,0,0,0,0,0
122,1,1,1,1,1,1,1,1,1,1,1
123,1,1,1,1,0,0,0,0,0,0,0
124,1,1,1,1,1,1,1,1,1,1,1
125,1,1,1,1,1,1,1,1,1,1,1
126,1,1,1,1,1,1,1,1,1,1,1
127,1,1,1,1,1,1,1,1,1,1,1
128,1,1,1,1,1,1,1,1,1,1,1
129,1,1,1,1,1,1,1,1,1,1,1
130,1,1,1,1,1,1,1,1,1,1,1
131,1,1,1,1,1,1,1,1,1,1,1
132,1,1,1,1,1,1,1,1,1,1,1
133,1,1,1,1,1,1,1,1,1,1,1
134,0,0,0,0,0,0,0,0,0,0,0
135,1,1,1,1,1,1,1,1,1,1,1
136,1,1,1,1,1,1,1,1,1,1,1
137,0,0,0,0,0,0,0,0,0,0,0
138,1,1,1,1,1,1,1,1,1,1,1
139,1,1,1,1,1,1,1,1,1,1,1
140,0,0,0,0,0,0,0,0,0,0,0
141,1,1,1,1,1,1,1,1,1,1,1
142,0,0,0,0,0,0,0,0,0,0,0
143,1,1,1,1,1,1,1,1,0,0,0
144,0,0,0,0,0,0,0,0,0,0,0
145,0,0,0,0,0,0,0,1,1,1,1
146,1,1,1,1,1,1,1,1,1,1,1
147,1,1,1,1,1,1,1,1,1,1,1
148,0,0,0,0,0,0,0,0,0,0,0
149,1,1,1,1,1,0,0,0,0,0,0
150,0,0,0,0,0,0,0,0,1,1,1
151,1,1,1,1,1,1,1,1,1,1,1
152,1,1,1,1,1,1,0,1,1,1,1
153,0,0,0,0,0,0,0,0,0,0,0
154,0,0,0,0,0,0,0,0,0,0,0
155,1,1,1,1,1,1,1,1,1,1,1
156,0,0,0,0,0,0,0,0,0,0,0
157,0,0,0,0,1,1,1,1,1,1,1
158,1,1,1,1,1,1,1,1,1,1,1
159,0,0,0,0,0,0,0,0,0,0,0
160,0,0,0,0,0,0,0,0,0,0,0
161,1,1,1,1,1,1,1,1,1,1,1
162,1,1,1,1,1,1,1,1,1,1,1
163,1,1,1,1,1,0,0,0,0,0,0
164,0,0,0,0,0,0,0,0,0,0,0
165,1,1,1,1,1,1,1,1,1,1,1
166,1,1,1,1,1,1,1,1,1,1,1
167,1,1,1,1,1,1,1,1,1,1,1
168,0,0,0,0,0,0,0,0,0,0,0
169,1,1,1,1,1,1,1,1,1,1,1
170,1,1,1,1,1,1,1,1,1,1,1
171,1,1,1,1,1,1,1,1,1,1,1
172,0,0,0,0,0,0,0,0,0,0,0
173,0,0,0,0,0,0,0,0,0,0,0
174,1,1,0,0,0,0,0,0,0,0,0
175,1,1,1,1,1,1,1,1,1,1,1
176,1,1,1,1,1,1,1,1,1,1,1
177,0,0,0,0,0,0,0,0,0,0,0
178,1,1,1,1,1,1,1,1,1,1,1
179,0,0,0,0,0,0,1,1,1,1,1
180,1,1,1,1,1,1,1,1,1,1,1
181,1,1,1,1,1,1,1,1,1,1,1
182,0,0,0,0,0,0,0,0,0,0,0
183,1,1,1,1,1,1,1,1,1,1,1
184,1,1,1,1,1,1,1,1,1,1,1
185,1,1,1,1,1,1,1,1,1,1,1
186,1,1,1,1,1,1,1,1,1,1,1
187,1,1,1,1,1,1,1,1,1,1,1
188,1,1,1,1,1,1,1,1,1,1,1
189,0,0,0,0,0,0,0,0,0,0,0
190,1,1,1,1,1,1,1,1,1,1,1
191,1,1,1,1,1,1,1,1,1,1,1
192,1,1,1,1,1,1,1,1,1,1,1
193,1,1,1,1,1,1,1,1,1,1,1
194,1,1,1,1,1,1,1,1,1,1,1
195,1,1,1,1,1,1,1,1,1,1,1
196,0,0,0,0,0,0,0,1,1,1,1
197,1,1,1,1,1,1,1,1,1,1,1
198,1,1,1,1,1,1,1,1,1,1,0
199,1,1,1,1,1,1,1,1,1,1,1
200,1,1,1,1,0,0,0,0,0,0,0
201,1,1,1,1,1,1,1,1,1,1,1
202,1,1,1,1,1,1,1,1,1,1,1
203,1,1,1,0,0,0,0,0,0,0,0
204,0,0,0,0,0,0,0,0,0,0,0
205,1,1,0,0,0,0,0,0,0,0,0
206,1,1,1,1,1,1,1,1,1,1,1
207,0,0,0,0,0,0,0,0,0,0,0
208,0,0,0,0,0,0,0,0,0,0,0
209,1,1,1,1,1,1,1,1,1,1,1
210,1,1,1,1,1,1,1,1,1,1,1
211,0,0,0,0,0,0,0,0,0,0,0
212,1,1,1,1,1,1,1,1,1,1,1
213,1,1,1,1,1,1,1,1,1,1,1
214,1,1,1,1,1,1,1,1,1,1,1
215,0,0,0,0,0,0,0,0,0,0,0
216,0,0,0,0,0,0,0,0,0,0,0
217,1,1,1,1,1,0,0,0,0,0,0
218,1,1,1,1,1,1,1,1,1,1,1
219,1,1,1,1,1,1,1,1,1,1,1
220,0,0,0,0,0,0,0,0,0,0,0
221,1,1,1,1,1,1,1,1,1,1,1
222,1,1,1,1,1,1,1,1,1,1,1
223,0,0,0,0,0,0,0,0,0,0,0
224,1,1,1,1,1,1,1,1,1,1,1
225,0,0,0,0,0,0,0,0,0,0,0
226,0,0,0,0,0,0,0,0,0,0,0
227,0,0,0,0,0,0,0,0,0,0,0
228,1,1,1,0,0,0,0,0,0,0,0
229,1,1,1,1,1,1,1,1,1,1,1
230,1,1,1,1,1,1,1,1,1,1,1
231,1,1,1,1,1,1,1,1,1,1,1
232,1,1,1,1,1,1,1,1,1,1,1
233,1,1,1,1,1,1,1,1,1,1,1
234,1,1,1,1,1,1,1,1,1,1,1
235,1,1,1,1,1,1,1,1,1,1,1
236,0,0,0,0,0,0,0,0,0,0,0
237,0,0,0,0,0,0,0,0,0,0,0
238,1,1,1,1,1,1,1,1,1,1,1
239,1,1,1,1,1,1,1,0,0,0,0
240,1,1,1,1,1,1,1,1,1,1,1
241,0,0,0,0,0,0,0,0,0,0,0
242,1,1,1,1,1,1,1,1,1,1,1
243,1,1,1,1,1,0,0,0,0,0,0
244,1,1,1,1,1,1,1,1,1,1,1
245,0,0,0,0,0,0,0,0,0,0,0
246,1,1,1,1,1,1,1,1,1,1,1
247,0,0,0,0,0,0,0,0,0,0,0
248,1,1,1,1,1,1,1,1,1,1,1
249,1,1,1,1,1,1,1,1,1,1,1
250,1,1,1,1,1,1,1,1,1,1,1
251,1,1,1,1,1,1,1,1,1,1,1
252,0,0,0,0,0,0,0,0,0,0,0
253,0,0,0,0,0,0,0,0,0,0,0
254,1,1,1,1,1,1,1,1,1,1,1
255,0,0,0,0,0,0,0,0,0,0,0
256,1,1,1,1,1,1,1,1,1,1,1
257,1,1,1,1,1,1,1,1,1,1,1
258,1,1,1,1,1,1,1,1,1,1,1
259,1,1,1,1,1,1,1,1,1,1,1
260,0,0,0,0,0,0,0,0,0,0,0
261,0,0,0,0,0,0,0,0,0,1,1
262,0,0,0,0,0,0,0,0,0,0,0
263,1,1,1,1,1,1,1,1,1,1,1
264,0,0,0,0,0,0,0,0,0,0,0
265,1,1,1,1,1,1,1,0,0,0,0
266,1,1,1,1,1,1,1,1,1,0,0
267,1,1,1,1,1,1,1,1,1,1,1
268,1,1,1,1,1,1,1,1,1,1,1
269,1,1,1,1,1,1,1,1,1,1,1
270,1,1,1,1,1,1,1,1,1,1,1
271,0,0,0,0,0,0,0,0,0,0,0
272,1,1,1,1,1,1,1,1,1,1,1
273,1,1,1,1,1,1,1,1,1,1,1
274,1,1,1,1,1,1,1,1,1,1,1
275,0,0,0,0,0,0,1,1,1,1,1
276,0,0,0,0,0,0,0,0,0,0,0
277,0,0,0,0,0,0,0,0,0,0,0
278,1,1,1,1,1,1,1,1,1,1,1
279,0,0,0,0,0,0,0,0,0,0,0
280,1,1,1,1,0,0,0,0,0,0,0
281,0,0,0,0,0,0,0,0,0,0,0
282,0,0,0,0,0,0,0,0,0,0,0
283,0,0,0,0,0,0,0,1,1,1,1
284,1,1,1,1,1,1,1,1,1,1,1
285,1,1,1,1,1,1,1,1,1,1,1
286,1,1,1,1,1,1,1,1,1,1,1
287,1,1,1,1,1,1,1,1,1,1,1
288,1,1,1,1,1,1,1,1,1,1,1
289,1,1,1,1,1,1,1,1,1,1,1
290,1,1,1,1,1,1,1,1,1,1,1
291,1,1,1,1,1,1,1,1,1,1,1
292,1,1,1,1,1,1,1,1,1,1,1
293,0,0,0,0,0,0,0,0,0,0,0
294,1,1,1,1,1,1,1,1,1,1,1
295,1,1,1,1,1,1,1,1,1,1,1
296,1,1,1,1,1,1,1,1,1,1,1
297,0,0,0,0,0,0,0,0,0,1,1
298,0,0,0,0,0,0,0,0,0,0,0
299,1,1,1,1,1,1,1,1,1,1,1
300,1,1,1,1,1,1,1,1,1,1,1
301,0,0,0,0,0,0,0,0,0,0,0
302,0,0,0,0,0,0,0,0,0,0,0
303,0,0,0,0,0,0,0,0,0,0,0
304,0,0,0,0,0,0,0,0,0,0,0
305,0,0,0,0,0,0,1,1,1,1,1
306,0,0,0,0,0,0,0,0,0,0,0
307,1,1,1,1,1,1,1,1,1,1,1
308,0,0,0,0,0,0,0,0,0,0,0
309,1,1,1,1,1,1,1,1,1,1,1
310,1,1,1,1,1,1,1,1,1,1,1
311,0,0,0,0,0,0,0,1,1,1,1
312,1,1,1,1,1,1,1,1,1,1,1
313,1,1,1,1,1,1,1,1,1,1,1
314,1,1,1,1,1,1,1,1,1,1,1
315,1,1,1,1,1,1,1,1,1,1,1
316,1,1,1,1,1,1,1,1,1,1,1
317,1,1,1,1,1,1,1,1,1,1,1
318,0,0,0,0,0,0,0,0,1,1,1
319,1,1,1,1,1,1,1,1,1,1,1
320,0,0,0,0,0,0,0,0,1,1,1
321,1,1,1,1,1,1,1,1,1,1,1
322,1,1,1,1,1,1,1,1,1,1,1
323,0,0,0,0,0,0,0,0,0,0,0
324,1,1,1,1,1,1,1,1,1,1,1
325,1,1,1,1,1,1,1,1,1,0,0
326,1,1,1,1,1,1,1,1,1,1,1
327,1,1,1,1,1,1,1,1,1,1,1
328,1,1,1,1,1,1,1,1,1,1,1
329,1,1,1,1,1,1,1,1,1,1,1
330,1,1,1,1,1,1,1,1,1,1,1
331,0,0,0,0,0,0,0,0,0,0,0
332,1,1,1,1,1,1,1,1,1,1,1
333,1,1,1,1,1,1,1,1,1,1,1
334,1,1,1,1,1,1,1,1,1,1,1
335,0,0,0,0,0,0,0,0,0,0,0
336,0,0,0,0,0,0,0,0,0,0,0
337,0,0,0,0,0,0,0,0,0,0,0
338,0,0,0,0,0,0,0,0,0,0,0
339,1,1,1,1,1,1,1,1,1,1,1
340,1,1,1,1,1,1,1,1,1,1,1
341,0,0,0,0,0,0,0,0,0,0,0
342,0,0,0,0,0,0,0,0,0,0,0
343,1,1,1,1,1,1,1,1,1,1,1
344,1,1,1,1,1,1,1,1,1,1,1
345,0,0,0,0,0,0,1,1,1,1,1
346,0,0,0,0,0,0,0,0,0,0,0
347,0,0,0,0,0,0,1,1,1,1,1
348,1,1,1,1,1,1,1,1,1,1,1
349,0,0,0,0,0,0,0,0,0,0,0
350,1,1,1,1,1,1,1,1,1,1,1
351,0,0,0,0,0,0,0,1,1,1,1
352,0,0,0,0,0,0,0,0,0,0,0
353,1,1,1,1,1,1,1,1,1,1,1
354,1,1,1,1,1,1,1,1,1,1,1
355,1,1,1,1,1,1,1,1,1,1,1
356,1,1,1,1,1,1,1,1,1,1,1
357,0,0,0,0,0,0,0,0,0,0,0
358,1,1,1,1,1,1,1,1,1,1,1
359,1,1,1,1,1,1,1,1,1,1,1
360,0,0,0,0,0,0,0,0,0,0,0
361,0,0,0,0,0,0,0,0,0,0,0
362,1,1,1,1,1,1,1,1,1,1,1
363,1,1,1,1,1,1,1,1,1,1,1
364,0,0,0,0,0,0,0,0,0,0,0
365,1,1,1,1,1,1,1,1,1,1,1
366,1,1,1,1,1,1,1,1,1,1,1
367,1,1,1,1,1,1,1,1,1,1,1
368,0,0,0,0,0,0,0,0,0,0,0
369,0,0,0,0,0,0,0,0,0,0,0
370,1,1,1,1,1,1,1,1,1,1,1
371,0,0,0,0,0,0,0,0,0,0,0
372,1,1,1,1,1,1,1,1,1,1,1
373,1,1,1,1,1,1,1,1,1,1,1
374,0,0,0,0,0,0,0,0,0,0,0
375,1,1,1,1,1,1,1,1,1,1,1
376,1,1,1,1,1,1,1,1,1,1,1
377,1,1,1,1,1,1,1,1,1,1,1
378,1,1,1,1,1,1,1,1,1,1,1
379,1,1,1,1,1,1,1,1,1,1,1
380,1,1,1,1,1,1,1,1,1,1,1
381,1,1,1,1,1,1,1,1,1,1,1
382,1,1,1,1,1,1,1,1,1,1,1
383,0,0,0,0,0,0,0,0,0,0,0
384,1,1,1,1,1,1,1,1,1,0,0
385,1,1,1,1,1,1,1,1,1,1,1
386,0,0,0,0,0,0,0,0,0,0,0
387,1,1,1,1,1,1,1,1,1,1,1
388,1,1,1,1,1,1,1,1,1,1,1
389,1,1,1,1,1,1,1,1,1,1,1
390,0,0,0,0,0,0,0,0,0,0,0
391,0,0,0,0,0,0,0,0,0,0,0
392,0,0,0,0,0,0,0,0,0,0,0
393,0,0,0,0,0,0,0,0,0,0,0
394,1,1,1,1,1,1,1,1,1,1,1
395,1,1,1,1,1,1,1,1,1,1,1
396,0,0,0,0,0,0,0,0,0,0,0
397,1,1,1,1,1,1,1,1,1,1,1
398,1,1,1,1,1,1,1,1,1,1,1
399,0,0,0,0,0,0,0,1,1,1,1
400,1,1,1,1,1,1,1,1,1,1,1
401,1,1,1,1,1,1,1,1,1,1,1
402,1,1,1,1,1,1,1,1,1,1,0
403,1,1,1,1,1,1,1,1,1,1,1
404,1,1,1,1,1,1,1,1,1,1,1
405,1,1,1,1,1,1,1,1,1,1,0
406,1,1,1,1,1,1,1,1,1,1,0
407,1,1,1,1,1,1,1,1,1,1,1
408,1,1,1,1,1,1,1,1,1,1,1
409,1,1,1,1,1,1,1,0,0,0,0
410,1,1,0,0,0,0,0,0,0,0,0
411,1,1,1,1,1,1,0,0,0,0,0
412,1,1,1,1,0,0,0,0,0,0,0
413,1,0,0,0,0,0,0,0,0,0,0
414,1,1,1,0,0,0,0,0,0,0,0
415,1,1,1,1,1,0,0,0,0,0,0
416,1,1,1,1,1,1,1,1,0,0,0
417,1,1,1,1,1,0,0,0,0,0,0
418,1,1,1,1,1,1,1,1,1,0,0
419,1,1,1,1,1,1,1,1,1,0,0
420,1,1,1,1,1,1,0,0,0,0,0
421,1,1,1,1,1,1,1,1,1,1,1
422,1,1,1,1,1,1,1,1,1,1,0
423,1,1,1,1,1,1,1,1,1,1,0
424,1,1,0,0,0,0,0,0,0,0,0
425,1,1,0,0,0,0,0,0,0,0,0
426,1,1,1,1,1,1,1,1,1,1,0
427,1,1,1,1,1,1,1,1,1,1,1
428,1,1,1,1,1,0,0,0,0,0,0
429,1,1,0,0,0,0,0,0,0,0,0
430,1,1,1,1,0,0,0,0,0,0,0
431,1,1,1,1,1,1,1,1,1,1,1
432,1,1,1,1,1,1,1,1,1,1,0
433,1,1,1,1,1,1,1,1,1,1,1
434,1,1,1,1,1,1,1,1,1,1,0
435,1,1,1,1,1,1,1,1,1,1,1
436,1,1,1,1,1,1,1,1,1,1,0
437,1,1,1,1,1,1,1,1,1,0,0
438,1,1,1,1,1,1,1,1,1,1,1
439,1,1,1,1,1,1,1,1,1,1,1
440,1,1,1,1,1,1,1,1,1,1,0
441,1,1,1,1,1,1,1,1,1,1,1
442,1,1,1,0,0,0,0,0,0,0,0
443,1,1,1,1,1,1,1,1,0,0,0
444,1,1,1,1,1,1,1,1,1,1,1
445,1,1,1,1,0,0,0,0,0,0,0
446,1,1,1,1,1,1,1,1,1,1,1
447,1,1,1,1,1,1,1,1,1,1,0
448,1,1,1,1,1,1,1,1,1,1,1
449,1,1,1,1,0,0,0,0,0,0,0
450,1,1,1,1,1,1,1,1,1,1,1
451,1,0,0,0,0,0,0,0,0,0,0
452,1,1,1,1,1,1,1,1,1,1,0
453,1,1,1,1,1,1,1,1,1,0,0
454,1,1,0,0,0,0,0,0,0,0,0
455,1,1,1,1,1,1,1,1,1,1,0
456,1,1,1,1,1,1,1,1,1,1,1
457,1,1,1,1,1,1,0,0,0,0,0
458,1,1,1,1,1,1,1,1,1,1,0
459,1,1,1,1,1,1,1,1,1,1,1
460,1,1,1,1,1,1,1,1,1,1,1
461,1,1,1,1,1,1,1,1,1,1,0
462,1,1,1,1,1,1,1,1,1,1,1
463,1,1,1,1,1,1,1,1,1,1,1
464,1,1,1,1,1,0,0,0,0,0,0
465,1,1,1,1,1,1,1,1,1,0,0
466,1,1,1,1,1,1,1,1,1,1,1
467,1,0,0,0,0,0,0,0,0,0,0
468,1,1,1,1,1,1,1,1,1,1,1
469,1,1,1,1,1,1,1,1,1,1,0
470,1,1,1,1,1,1,1,1,1,1,1
471,1,1,1,1,1,1,1,1,1,1,1
472,1,1,1,1,1,1,1,1,1,1,1
473,1,1,1,1,1,1,1,1,1,1,0
474,1,1,1,1,1,1,1,1,1,1,0
475,1,0,0,0,0,0,0,0,0,0,0
476,1,1,1,1,0,0,0,0,0,0,0
477,1,1,1,1,1,1,1,1,1,1,1
478,1,1,1,1,1,1,1,1,1,1,1
479,1,1,1,1,1,1,1,1,1,1,0
480,1,1,1,1,1,0,0,0,0,0,0
481,1,1,1,1,1,1,1,1,1,1,1
482,1,1,1,1,1,1,1,1,1,1,1
483,1,1,1,1,1,1,1,1,1,1,1
484,1,1,1,1,1,0,0,0,0,0,0
485,1,1,0,0,0,0,0,0,0,0,0
486,1,0,0,0,0,0,0,0,0,0,0
487,1,1,1,1,1,1,1,1,1,1,1
488,1,1,1,1,1,1,1,1,1,1,1
489,1,1,1,1,1,1,1,1,1,1,1
490,1,0,0,0,0,0,0,0,0,0,0
491,1,1,1,1,1,1,1,0,0,0,0
492,1,1,1,1,1,1,1,1,1,1,1
493,1,1,1,1,1,1,1,1,1,1,1
494,1,1,1,0,0,0,0,0,0,0,0
495,1,1,1,1,1,1,1,1,1,1,1
496,1,1,1,1,1,1,1,1,1,1,1
497,1,1,1,1,1,1,1,1,1,0,0
498,1,0,0,0,0,0,0,0,0,0,0
499,1,1,1,1,1,1,1,1,1,1,1
500,1,1,1,1,0,0,0,0,0,0,0
501,1,1,1,1,0,0,0,0,0,0,0
502,1,1,1,1,1,1,1,1,1,1,1
503,1,1,1,1,1,1,1,1,1,1,1
504,1,1,1,1,1,1,1,1,1,1,1
505,1,1,1,1,1,1,1,0,0,0,0
506,1,1,1,1,1,1,1,1,0,0,0
507,1,1,1,1,1,1,0,0,0,0,0
508,1,1,1,1,0,0,0,0,0,0,0
509,1,0,0,0,0,0,0,0,0,0,0
510,1,1,1,1,1,1,1,1,1,1,1
511,1,1,1,1,1,1,1,1,1,1,1
512,1,1,1,0,0,0,0,0,0,0,0
513,1,1,1,0,0,0,0,0,0,0,0
514,1,1,1,1,0,0,0,0,0,0,0
515,1,1,1,1,1,1,1,1,1,1,1
516,1,1,1,1,1,1,1,1,1,1,0
517,1,1,0,0,0,0,0,0,0,0,0
518,1,1,1,1,1,1,0,0,0,0,0
519,1,1,1,1,1,1,1,1,1,1,1
520,1,1,1,1,1,1,1,1,1,1,0
521,1,1,0,0,0,0,0,0,0,0,0
522,1,1,1,1,1,1,1,1,1,1,1
523,1,1,1,0,0,0,0,0,0,0,0
524,1,1,1,1,1,1,1,1,1,1,1
525,1,1,1,1,1,1,1,1,1,1,0
526,1,1,1,1,1,1,1,1,1,1,0
527,1,1,1,1,1,1,1,1,1,1,1
528,1,1,1,1,1,0,0,0,0,0,0
529,1,1,1,1,1,1,1,1,1,1,1
530,1,1,1,1,1,1,1,1,1,1,0
531,1,1,0,0,0,0,0,0,0,0,0
532,1,1,1,1,1,1,1,1,1,1,1
533,1,1,1,1,1,1,1,1,1,1,1
534,1,1,1,1,1,1,1,1,1,1,0
535,1,1,1,1,1,0,0,0,0,0,0
536,1,1,1,1,1,1,1,1,1,1,1
537,1,1,1,1,1,0,0,0,0,0,0
538,1,1,1,1,1,1,1,1,1,1,1
539,1,1,1,1,1,1,0,0,0,0,0
540,1,1,1,1,1,1,1,1,1,0,0
541,1,1,1,1,1,1,1,1,1,1,0
542,1,1,1,1,1,1,1,1,1,1,1
543,1,1,1,1,1,1,1,1,1,1,0
544,1,1,1,0,0,0,0,0,0,0,0
545,1,1,1,1,1,1,1,1,1,1,1
546,1,1,1,1,1,1,1,1,1,1,1
547,1,1,1,0,0,0,0,0,0,0,0
548,1,0,0,0,0,0,0,0,0,0,0
549,1,1,1,1,1,1,1,1,1,0,0
550,1,1,1,1,1,1,1,1,1,0,0
551,1,1,0,0,0,0,0,0,0,0,0
552,1,1,1,1,1,1,0,0,0,0,0
553,1,1,1,1,0,0,0,0,0,0,0
554,1,1,0,0,0,0,0,0,0,0,0
555,1,1,1,1,1,1,1,0,0,0,0
556,1,1,1,1,1,1,1,1,1,1,1
557,1,1,1,0,0,0,0,0,0,0,0
558,1,0,0,0,0,0,0,0,0,0,0
559,1,1,1,1,1,1,1,1,1,0,0
560,1,1,1,1,1,1,1,1,1,0,0
561,1,1,1,1,1,1,1,1,1,1,1
562,1,1,1,1,1,1,0,0,0,0,0
563,1,1,1,1,1,1,1,1,0,0,0
564,1,1,1,0,0,0,0,0,0,0,0
565,1,1,0,0,0,0,0,0,0,0,0
566,1,1,1,1,1,1,1,1,1,1,1
567,1,1,1,1,1,1,1,1,1,1,1
568,1,1,1,1,1,1,1,1,1,1,0
569,1,1,1,1,1,1,1,1,1,1,1
570,1,1,1,0,0,0,0,0,0,0,0
571,1,1,1,1,0,0,0,0,0,0,0
572,1,1,1,1,1,1,1,1,1,1,1
573,1,1,1,1,1,1,1,1,1,1,1
574,1,1,1,1,1,1,1,1,1,1,1
575,1,1,1,1,1,1,0,0,0,0,0
576,1,1,1,1,1,1,1,1,1,1,1
577,1,1,1,1,1,1,1,1,1,1,1
578,1,1,1,1,1,1,0,0,0,0,0
579,1,1,1,1,1,1,1,1,1,1,1
580,1,1,1,1,1,1,1,1,1,1,1
581,1,1,1,1,1,1,1,1,0,0,0
582,1,1,1,1,1,1,1,1,1,1,1
583,1,1,1,1,1,1,1,1,1,1,1
584,1,1,1,0,0,0,0,0,0,0,0
585,1,1,1,1,1,1,1,1,1,1,1
586,1,1,1,1,1,1,1,1,1,1,1
587,1,1,1,1,1,1,0,0,0,0,0
588,1,1,1,1,1,1,0,0,0,0,0
589,1,1,1,1,1,0,0,0,0,0,0
590,1,1,1,1,1,1,1,1,1,1,1
591,1,1,1,1,1,1,1,1,1,1,1
592,1,1,1,1,1,1,1,1,1,1,1
593,1,1,1,1,1,1,1,1,1,1,1
594,1,1,1,1,1,1,0,0,0,0,0
595,1,1,1,1,1,1,1,1,1,1,1
596,1,0,0,0,0,0,0,0,0,0,0
597,1,1,1,1,1,1,1,1,0,0,0
598,1,1,1,1,1,1,1,1,1,1,0
599,1,1,0,0,0,0,0,0,0,0,0
600,1,1,1,1,1,1,0,0,0,0,0
601,1,1,1,1,1,1,1,1,1,1,1
602,1,1,1,1,1,1,1,0,0,0,0
603,1,1,1,1,1,1,1,1,1,1,1
604,1,1,1,1,1,1,1,1,1,1,1
605,1,1,1,1,1,1,1,1,1,1,1
606,1,1,0,0,0,0,0,0,0,0,0
607,1,1,0,0,0,0,0,0,0,0,0
608,1,1,1,1,1,1,1,1,1,0,0
609,1,1,0,0,0,0,0,0,0,0,0
610,1,1,1,1,1,1,1,1,1,0,0
611,1,1,1,1,1,1,1,1,1,0,0
612,1,1,1,1,1,1,1,1,1,1,1
613,1,1,1,1,1,1,1,1,1,1,1
614,1,1,1,1,0,0,0,0,0,0,0
615,1,1,1,1,1,1,1,1,1,1,1
616,1,1,1,1,1,1,1,1,0,0,0
617,1,1,1,1,1,1,1,1,1,1,0
618,1,1,1,1,1,1,1,1,1,1,1
619,1,1,1,1,1,1,1,1,0,0,0
620,1,1,1,1,1,1,0,0,0,0,0
621,1,1,1,1,1,1,1,1,1,1,1
622,1,1,1,1,1,1,1,1,1,1,1
623,1,1,0,0,0,0,0,0,0,0,0
624,1,1,1,1,1,0,0,0,0,0,0
625,1,1,1,1,1,1,1,1,1,1,1
626,1,1,1,1,1,1,1,1,1,0,0
627,1,1,0,0,0,0,0,0,0,0,0
628,1,1,1,1,1,1,1,1,1,1,1
629,1,1,1,1,1,0,0,0,0,0,0
630,1,1,1,1,1,1,1,1,1,1,1
631,1,1,1,1,1,1,1,1,1,1,1
632,1,1,1,1,1,0,0,0,0,0,0
633,1,1,1,1,1,1,1,1,1,1,0
634,1,1,1,1,1,1,1,1,1,0,0
635,1,1,1,1,1,1,1,1,1,1,1
636,1,1,1,1,1,1,1,1,1,1,1
637,1,1,1,1,1,1,1,1,1,1,1
638,1,1,1,1,1,1,1,1,1,1,0
639,1,1,1,1,1,1,1,1,1,0,0
640,1,1,1,1,1,1,1,1,1,1,0
641,1,1,1,1,1,1,1,1,1,1,1
642,1,1,1,1,1,1,1,1,1,1,1
643,1,1,1,1,1,1,1,1,1,1,0
644,1,1,1,1,1,1,0,0,0,0,0
645,1,1,1,1,1,1,1,1,1,1,1
646,1,1,1,1,1,1,1,1,1,1,1
647,1,1,1,1,1,1,1,1,0,0,0
648,1,1,1,1,1,1,1,1,1,0,0
649,1,1,1,0,0,0,0,0,0,0,0
650,1,1,1,1,1,1,1,1,1,1,1
651,1,1,1,1,1,1,1,1,1,0,0
652,1,1,1,1,1,1,1,1,1,1,0
653,1,1,1,1,1,1,1,1,1,1,1
654,1,1,1,1,1,1,1,1,1,0,0
655,1,1,1,1,1,1,1,0,0,0,0
656,1,1,1,1,1,1,1,1,1,1,1
657,1,1,1,1,1,1,1,1,1,1,1
658,1,1,1,1,1,1,1,1,1,1,1
659,1,1,1,1,1,1,1,0,0,0,0
660,1,1,1,1,1,1,1,1,1,1,1
661,1,1,1,1,1,1,1,1,1,1,0
662,1,1,1,1,1,1,1,1,1,1,1
663,1,1,1,1,1,1,1,1,1,1,1
664,1,1,1,1,0,0,0,0,0,0,0
665,1,1,1,1,1,1,1,1,1,0,0
666,1,1,0,0,0,0,0,0,0,0,0
667,1,1,0,0,0,0,0,0,0,0,0
668,1,1,1,0,0,0,0,0,0,0,0
669,1,1,1,1,1,1,1,1,1,1,1
670,1,1,1,1,1,0,0,0,0,0,0
671,1,1,1,1,1,1,1,1,0,0,0
672,1,1,1,1,1,1,1,1,1,1,1
673,1,1,0,0,0,0,0,0,0,0,0
674,1,1,1,1,1,0,0,0,0,0,0
675,1,1,1,1,0,0,0,0,0,0,0
676,1,1,1,1,1,1,1,1,1,1,0
677,1,1,1,1,1,1,1,1,1,1,1
678,1,1,1,1,0,0,0,0,0,0,0
679,1,1,1,1,1,1,1,1,1,1,1
680,1,1,1,1,1,1,1,1,1,1,1
681,1,1,0,0,0,0,0,0,0,0,0
682,1,1,1,1,1,1,1,1,1,1,1
683,1,1,1,1,1,1,1,1,1,1,0
684,1,1,0,0,0,0,0,0,0,0,0
685,1,1,1,1,0,0,0,0,0,0,0
686,1,1,1,1,1,1,1,1,1,1,0
687,1,1,1,1,1,1,1,1,1,1,1
688,1,1,1,1,1,1,1,1,1,1,1
689,1,1,1,1,0,0,0,0,0,0,0
690,1,1,1,1,1,1,1,1,1,1,1
691,1,1,1,0,0,0,0,0,0,0,0
692,1,1,1,1,1,1,1,1,1,1,0
693,1,1,1,1,1,1,1,1,1,1,1
694,1,1,1,1,0,0,0,0,0,0,0
695,1,1,1,1,1,1,1,1,0,0,0
696,1,1,1,1,1,1,1,1,1,1,1
697,1,1,1,1,1,1,1,1,0,0,0
698,1,1,1,1,1,1,1,1,1,1,1
699,1,1,1,1,1,1,1,1,1,1,1
700,1,1,1,1,1,1,1,1,1,1,0
701,1,1,1,1,0,0,0,0,0,0,0
702,1,1,1,1,1,1,1,1,1,1,0
703,1,1,1,1,1,1,1,1,1,1,1
704,1,1,1,1,1,1,1,1,1,1,1
705,1,1,1,1,1,1,1,1,1,1,1
706,1,1,1,1,1,0,0,0,0,0,0
707,1,1,1,1,1,1,1,1,1,1,1
708,1,1,1,1,0,0,0,0,0,0,0
709,1,1,1,1,1,1,1,1,1,1,0
710,1,1,1,0,0,0,0,0,0,0,0
711,1,1,1,1,1,1,1,1,0,0,0
712,1,1,1,1,1,1,1,1,1,1,1
713,1,1,1,1,1,1,1,1,1,1,0
714,1,1,1,1,1,1,0,0,0,0,0
715,1,1,0,0,0,0,0,0,0,0,0
716,1,1,0,0,0,0,0,0,0,0,0
717,1,1,1,0,0,0,0,0,0,0,0
718,1,1,1,1,1,1,1,1,0,0,0
719,1,1,1,1,1,1,0,0,0,0,0
720,1,1,1,1,1,1,1,1,1,1,1
721,1,1,1,1,1,1,1,1,1,1,1
722,1,1,0,0,0,0,0,0,0,0,0
723,1,1,1,1,1,1,1,1,1,1,1
724,1,1,1,1,1,1,1,1,1,1,0
725,1,1,1,1,1,1,0,0,0,0,0
726,1,1,1,1,1,1,1,1,1,1,1
727,1,1,1,1,1,0,0,0,0,0,0
728,1,1,1,1,1,1,1,1,1,1,1
729,1,1,1,1,1,1,1,1,1,1,1
730,1,1,1,1,1,1,1,1,1,1,1
731,1,1,1,1,1,1,1,1,1,0,0
732,1,1,1,1,1,1,1,1,1,1,1
733,1,1,1,1,1,1,1,1,1,1,0
734,1,1,1,1,1,1,1,1,1,1,1
735,1,1,1,1,1,0,0,0,0,0,0
736,1,1,1,1,1,1,1,1,1,1,1
737,1,1,1,1,1,0,0,0,0,0,0
738,1,1,1,1,1,1,1,1,1,1,1
739,1,1,1,1,1,1,1,1,1,0,0
740,1,1,1,1,1,1,1,1,1,1,1
741,1,1,1,1,1,1,1,1,1,1,0
742,1,1,1,1,1,1,1,1,1,0,0
743,1,1,1,1,1,1,1,1,1,1,1
744,1,1,0,0,0,0,0,0,0,0,0
745,1,1,1,1,1,1,1,1,1,1,1
746,1,1,1,1,1,1,1,1,1,0,0
747,1,1,1,1,1,1,1,1,1,1,0
748,1,1,0,0,0,0,0,0,0,0,0
749,1,1,1,1,0,0,0,0,0,0,0
750,1,1,1,1,0,0,0,0,0,0,0
751,1,1,0,0,0,0,0,0,0,0,0
752,1,1,1,1,1,0,0,0,0,0,0
753,1,1,1,1,1,1,1,1,0,0,0
754,1,1,1,1,1,1,1,1,1,1,1
755,1,1,1,1,1,1,1,0,0,0,0
756,1,1,1,1,1,0,0,0,0,0,0
757,1,1,1,1,1,1,1,0,0,0,0
758,1,1,1,1,1,1,1,1,1,1,1
759,1,1,1,1,1,1,1,1,1,1,0
760,1,1,1,1,1,1,1,1,0,0,0
761,1,1,1,1,1,0,0,0,0,0,0
762,1,1,1,1,1,1,1,1,0,0,0
763,1,1,1,1,1,1,1,1,1,1,1
764,1,1,1,1,1,0,0,0,0,0,0
765,1,1,1,1,0,0,0,0,0,0,0
766,1,1,1,1,1,1,1,1,1,1,1
767,1,1,1,1,1,1,1,1,1,1,1
768,1,1,1,1,1,0,0,0,0,0,0
769,1,1,1,1,1,1,1,0,0,0,0
770,1,1,1,1,1,0,0,0,0,0,0
771,1,1,1,1,1,1,1,1,1,1,1
772,1,1,1,1,1,1,0,0,0,0,0
773,1,1,1,1,1,1,1,1,1,1,1
774,1,1,1,1,1,1,1,1,1,1,1
775,1,1,1,0,0,0,0,0,0,0,0
776,1,1,1,1,1,1,1,1,1,1,0
777,1,1,0,0,0,0,0,0,0,0,0
778,1,1,1,1,0,0,0,0,0,0,0
779,1,1,1,1,1,1,1,1,1,1,0
780,1,1,1,1,1,1,1,1,1,0,0
781,1,1,1,1,1,1,1,1,1,1,1
782,1,1,1,1,1,1,1,1,1,1,0
783,1,1,1,1,0,0,0,0,0,0,0
784,1,1,1,1,1,1,1,0,0,0,0
785,1,1,1,1,1,1,1,1,1,1,1
786,1,1,1,1,1,0,0,0,0,0,0
787,1,1,1,1,1,0,0,0,0,0,0
788,1,1,1,1,1,1,0,0,0,0,0
789,1,1,1,1,1,1,1,1,1,0,0
790,1,1,1,1,1,1,1,1,1,1,1
791,1,1,1,1,1,1,1,1,1,1,0
792,1,1,1,1,1,1,1,1,1,1,1
793,1,1,1,1,1,1,1,1,0,0,0
794,1,1,1,1,1,1,1,1,1,1,1
795,1,1,1,1,1,1,1,1,0,0,0
796,1,1,0,0,0,0,0,0,0,0,0
797,1,1,1,1,1,1,0,0,0,0,0
798,1,1,1,1,1,1,1,1,1,1,1
799,1,1,1,1,1,1,1,1,1,1,0
