,0,1,2,3,4,5,6,7,8,9,10
0,2,3,4,6,8,2,6,8,9,5,6
1,3,0,1,4,5,3,2,6,1,1,1
2,5,8,3,1,6,0,7,1,4,4,7
3,9,9,9,2,7,1,5,7,2,0,5
4,0,4,7,0,2,7,4,4,6,8,0
5,6,5,2,7,1,5,9,2,3,2,9
6,1,7,6,2,0,8,0,9,5,6,5
7,2,3,4,6,8,2,6,8,9,5,6
8,1,7,6,2,0,8,0,9,5,6,5
9,8,2,7,5,9,7,8,4,6,9,8
10,2,1,4,3,8,2,6,5,7,5,6
11,9,9,9,2,7,1,5,7,2,0,5
12,7,1,0,3,4,6,1,5,7,3,4
13,4,5,8,9,3,4,3,0,8,7,3
14,1,7,6,2,0,8,0,9,5,6,5
15,8,2,5,5,9,9,8,4,6,9,8
16,6,5,2,7,1,5,9,2,3,2,9
17,2,3,4,6,8,2,6,8,9,5,6
18,4,5,8,9,3,4,3,3,8,7,3
19,8,2,7,5,9,7,8,4,6,9,8
20,5,8,3,1,6,0,7,1,4,4,7
21,3,0,1,4,5,3,2,6,1,1,1
22,8,2,7,5,9,7,8,4,6,9,8
23,9,9,9,2,7,1,5,7,2,0,5
24,1,5,6,2,0,8,0,3,5,6,5
25,6,1,2,7,1,5,9,2,3,2,9
26,0,4,7,0,2,7,4,1,4,8,0
27,7,1,0,3,4,6,1,5,7,3,4
28,8,2,5,5,9,9,8,4,6,9,2
29,9,9,9,2,7,1,5,7,2,0,8
30,1,7,6,3,0,8,0,9,5,6,4
31,2,3,4,6,8,2,6,8,9,5,6
32,4,5,8,9,3,4,3,0,8,7,3
33,8,2,5,5,9,9,8,4,6,9,8
34,2,0,4,6,8,2,6,3,1,5,6
35,9,9,9,2,7,1,5,3,2,0,5
36,4,5,8,9,3,4,3,0,8,7,3
37,3,0,1,4,5,3,2,3,1,1,1
38,0,4,3,0,2,0,4,1,4,8,0
39,4,5,8,9,3,4,3,0,8,7,3
40,1,7,6,2,0,8,0,9,5,6,5
41,2,3,4,6,8,2,6,8,9,5,6
42,0,4,5,0,2,9,4,9,5,8,2
43,8,2,7,5,9,7,8,4,6,9,8
44,1,7,6,2,0,8,0,9,5,6,5
45,0,4,7,0,2,7,4,4,6,8,0
46,2,3,4,6,8,2,6,8,9,5,0
47,2,3,4,6,8,2,6,3,9,5,8
48,7,1,0,3,4,6,1,5,7,3,4
49,2,3,4,6,8,2,6,8,9,5,6
50,7,1,0,3,4,6,1,5,7,3,4
51,3,6,1,8,5,3,2,6,0,1,1
52,0,4,5,0,2,9,4,1,4,8,2
53,9,9,9,2,7,1,5,7,2,0,5
54,0,4,5,0,2,9,4,4,6,8,2
55,2,3,4,6,8,2,6,8,9,5,6
56,3,6,1,8,5,3,2,6,0,1,1
57,8,2,7,5,9,7,8,4,6,9,8
58,5,8,3,1,6,0,7,1,4,4,7
59,9,9,9,2,7,1,5,7,2,0,5
60,5,8,3,1,6,0,7,1,4,4,7
61,9,9,9,2,7,1,5,7,2,0,8
62,4,5,8,9,3,4,3,3,8,7,3
63,3,0,1,4,5,3,2,6,1,1,1
64,5,5,8,1,6,4,7,0,8,4,7
65,9,9,9,2,7,1,5,7,2,0,5
66,4,5,8,9,3,4,3,3,8,7,3
67,9,9,9,2,7,1,5,7,2,0,5
68,7,6,0,8,4,6,1,5,0,3,4
69,7,0,0,4,4,6,1,5,1,3,4
70,1,7,6,2,0,8,0,9,5,6,5
71,8,2,5,5,9,9,8,4,6,9,8
72,1,7,6,2,0,8,0,9,5,6,5
73,4,5,8,9,3,4,3,0,8,7,3
74,7,1,0,3,4,6,1,5,7,3,4
75,3,0,1,4,5,3,2,6,1,1,1
76,7,1,0,3,4,6,1,5,7,3,4
77,9,9,9,2,7,1,5,7,2,0,5
78,9,9,9,2,7,1,5,7,2,0,5
79,8,2,5,5,9,9,8,4,6,9,8
80,7,1,0,3,4,6,1,5,7,3,4
81,2,0,4,4,8,2,6,3,1,5,6
82,6,5,2,7,1,5,9,2,3,2,9
83,4,5,8,9,3,4,3,0,8,7,3
84,0,4,5,0,2,9,4,4,6,8,2
85,2,3,4,6,8,2,6,8,9,5,6
86,7,1,0,3,4,6,1,5,7,3,4
87,8,2,7,5,9,7,8,4,6,9,8
88,3,6,1,8,5,3,2,6,0,1,1
89,8,2,7,5,9,7,8,4,6,9,8
90,4,5,8,9,3,4,3,0,8,7,3
91,8,2,5,5,9,9,8,4,6,9,8
92,5,8,3,1,6,0,7,1,4,4,7
93,4,5,8,9,3,4,3,0,8,7,3
94,2,3,4,6,8,2,6,8,9,5,6
95,3,0,1,4,5,3,2,6,1,1,1
96,8,4,5,5,9,9,8,4,6,9,2
97,2,3,4,6,8,2,6,8,9,5,6
98,7,1,0,3,4,6,1,5,7,3,4
99,9,9,9,2,7,1,5,7,2,0,5
100,0,3,4,6,8,2,6,3,9,5,0
101,8,2,5,5,9,9,8,4,6,9,2
102,1,7,6,2,0,8,0,9,5,6,5
103,8,2,5,5,9,9,8,4,6,9,2
104,1,7,6,2,0,8,0,9,5,6,5
105,9,9,9,2,7,1,5,7,2,0,5
106,4,5,8,9,3,4,3,0,8,7,3
107,2,3,4,6,8,2,6,8,9,5,6
108,3,6,1,8,5,3,2,6,0,1,1
109,4,5,8,9,3,4,3,0,8,7,3
110,5,8,3,1,6,0,7,1,4,4,7
111,7,1,0,3,4,6,1,8,7,3,4
112,1,7,6,2,0,8,0,9,5,6,5
113,9,9,9,2,7,1,5,7,2,0,5
114,3,6,1,8,5,3,2,6,0,1,1
115,8,2,7,5,9,7,8,4,6,9,8
116,0,4,3,0,2,0,4,1,4,8,0
117,6,5,2,7,1,5,9,2,3,2,9
118,3,6,1,8,5,3,2,6,0,1,1
119,3,0,1,4,5,3,2,6,1,1,1
120,7,1,5,3,4,9,1,5,7,3,2
121,3,6,1,8,5,3,2,6,0,1,1
122,6,9,2,7,1,5,9,2,3,2,9
123,8,2,5,5,9,9,8,4,6,9,8
124,1,7,6,2,0,8,0,9,5,6,5
125,2,3,4,6,8,2,6,8,9,5,6
126,4,5,8,9,3,4,3,0,8,7,3
127,8,2,7,5,9,7,8,3,6,9,8
128,1,7,6,2,0,8,0,9,5,6,5
129,4,5,8,9,3,4,3,3,8,7,3
130,7,1,0,3,4,6,1,5,7,3,4
131,8,2,7,5,9,7,8,4,6,9,8
132,1,7,6,2,0,8,0,9,5,6,5
133,0,4,5,0,2,9,4,4,6,8,2
134,5,8,3,1,6,0,7,1,4,4,4
135,2,3,4,6,8,2,6,8,9,5,6
136,7,1,0,3,4,6,1,5,7,3,4
137,9,9,9,6,7,1,5,7,2,0,6
138,7,1,0,3,4,6,1,5,7,3,4
139,8,2,7,5,9,7,8,4,6,9,8
140,8,2,6,2,9,8,8,4,6,9,5
141,9,9,9,5,7,1,5,7,2,0,8
142,0,4,7,0,2,7,4,4,6,8,0
143,5,5,9,1,7,1,5,1,2,0,7
144,7,1,0,3,4,6,1,5,7,3,4
145,9,9,9,2,7,1,5,3,2,0,8
146,2,3,4,6,8,2,6,8,9,5,6
147,4,5,8,9,3,4,3,0,8,7,3
148,8,2,7,5,9,7,8,4,6,9,8
149,7,1,0,3,4,6,1,5,7,3,4
150,1,7,6,2,0,8,0,9,5,6,5
151,4,5,8,9,3,4,3,0,8,7,3
152,1,7,6,2,0,8,0,9,5,6,5
153,8,2,7,5,9,7,8,4,6,9,8
154,0,4,3,0,2,0,4,1,4,8,2
155,4,5,8,9,3,4,3,0,8,7,3
156,3,6,1,8,5,3,2,6,0,1,1
157,2,3,4,6,8,2,6,8,9,5,6
158,5,8,3,1,6,0,7,1,4,4,7
159,6,5,2,7,1,5,9,2,3,2,9
160,0,4,6,0,2,8,4,1,4,8,0
161,2,3,4,6,8,2,6,8,9,5,6
162,0,4,3,0,2,0,4,1,4,8,0
163,9,9,7,5,7,7,5,7,2,0,8
164,5,8,3,1,6,0,7,1,4,4,7
165,4,5,8,9,3,4,3,0,8,7,3
166,8,2,7,5,9,7,8,4,6,9,8
167,8,2,7,5,9,7,8,4,6,9,8
168,8,2,5,5,9,9,8,4,6,9,5
169,2,0,4,4,8,2,6,3,1,5,6
170,0,4,3,0,2,0,4,1,4,8,0
171,6,5,2,7,1,5,9,2,3,2,9
172,0,4,5,0,2,9,4,1,4,8,2
173,9,9,9,2,7,1,5,7,2,0,5
174,1,7,6,2,0,8,0,9,5,6,5
175,9,9,9,2,7,1,5,3,2,0,5
176,0,4,3,0,2,0,4,1,4,8,0
177,9,9,9,2,7,1,5,7,2,0,5
178,3,0,1,4,5,3,2,3,1,1,1
179,2,3,4,6,8,2,6,8,9,5,6
180,1,7,6,2,0,8,0,9,5,6,5
181,2,3,4,6,8,2,6,8,9,5,6
182,7,1,0,3,4,6,1,5,7,3,4
183,8,2,7,5,9,7,8,4,6,9,0
184,1,7,6,2,0,8,0,9,5,6,5
185,8,2,5,5,9,9,8,4,6,9,8
186,4,5,8,9,3,4,3,0,8,7,3
187,6,5,2,7,1,5,9,2,3,2,9
188,5,3,3,6,6,0,7,8,9,4,6
189,4,5,8,9,3,4,3,3,8,7,3
190,4,5,8,9,3,4,3,0,8,7,3
191,9,9,9,2,7,1,5,3,2,0,8
192,3,0,1,4,5,3,2,6,1,1,1
193,8,2,5,5,9,9,8,4,6,9,8
194,5,8,3,1,6,0,7,1,4,4,7
195,8,2,7,5,9,7,8,4,6,9,8
196,5,8,3,1,6,0,7,1,4,4,7
197,2,3,4,6,8,2,6,8,9,5,6
198,7,1,0,3,4,6,1,5,7,3,4
199,6,5,2,7,1,5,9,2,3,2,9
200,1,7,6,2,0,8,0,9,5,6,5
201,9,9,9,2,7,1,5,7,2,0,5
202,2,3,4,6,8,2,6,8,9,5,6
203,2,3,4,6,8,2,6,8,9,5,6
204,4,5,8,9,3,4,3,0,8,7,3
205,9,9,9,2,7,1,5,7,2,0,5
206,3,6,1,8,5,3,2,6,0,1,1
207,8,2,5,5,9,9,8,4,6,9,6
208,1,7,6,2,0,8,0,9,5,6,5
209,3,6,1,8,5,3,2,6,0,1,1
210,7,1,0,3,4,6,1,5,0,3,4
211,1,7,6,2,0,8,0,9,5,6,5
212,1,7,6,0,0,8,0,9,5,6,0
213,6,5,2,7,1,5,9,2,3,2,9
214,0,4,3,0,2,0,4,1,4,8,2
215,7,1,0,3,4,6,1,5,7,3,4
216,7,1,0,3,4,6,1,5,7,3,4
217,0,4,7,0,2,7,4,1,4,8,0
218,4,5,8,9,3,4,3,0,8,7,3
219,2,3,4,6,8,2,6,3,9,5,6
220,6,3,2,7,1,5,9,2,3,2,9
221,4,5,8,9,3,4,3,0,8,7,3
222,5,8,3,1,6,0,7,1,4,4,7
223,8,2,5,5,9,9,8,4,6,9,8
224,2,3,4,6,8,2,6,8,9,5,6
225,2,3,4,6,8,2,6,8,9,5,6
226,0,4,3,0,2,0,4,1,4,8,0
227,8,4,7,0,2,7,8,4,6,8,0
228,7,8,3,1,6,0,7,1,4,4,4
229,3,6,1,8,5,3,2,6,0,1,1
230,8,2,5,5,9,9,8,4,6,9,8
231,1,7,6,2,0,8,0,9,5,6,5
232,4,5,8,9,3,4,3,0,8,7,3
233,6,5,2,7,1,5,9,2,3,2,9
234,3,6,1,8,5,3,2,6,0,1,1
235,2,3,4,6,8,2,6,5,9,5,6
236,2,3,4,6,8,2,6,8,9,5,6
237,0,4,3,1,2,7,4,1,4,8,0
238,4,5,8,9,3,4,3,0,8,7,3
239,2,0,4,6,8,2,6,3,9,5,6
240,1,7,6,2,0,8,0,9,5,6,5
241,5,5,8,9,3,4,3,0,8,7,7
242,7,1,0,3,4,6,1,5,7,3,4
243,8,2,5,5,9,9,8,4,6,9,2
244,7,1,0,3,4,6,1,5,7,3,4
245,2,3,4,6,8,2,6,8,9,5,6
246,7,6,0,8,4,6,1,5,0,3,4
247,8,4,7,0,2,7,4,4,6,8,0
248,1,7,6,2,0,8,0,9,5,6,5
249,3,6,1,8,5,3,2,6,0,1,1
250,5,8,3,1,6,0,7,1,4,4,7
251,1,7,6,2,0,8,0,9,5,6,5
252,6,5,2,7,1,5,9,2,3,2,5
253,6,5,2,7,1,5,9,2,3,2,9
254,7,1,0,3,4,6,1,5,7,3,4
255,2,3,4,6,8,2,6,8,9,5,6
256,9,9,9,2,7,1,5,7,2,0,5
257,8,2,7,5,9,7,8,4,6,9,8
258,8,2,5,5,9,9,8,4,6,9,2
259,2,2,4,5,8,2,6,3,6,5,8
260,5,7,6,2,6,8,7,9,2,4,5
261,4,5,8,9,3,4,3,0,8,7,3
262,4,5,8,9,3,4,3,3,8,7,3
263,8,2,5,5,9,9,8,4,6,9,2
264,5,8,3,1,6,0,7,1,4,4,7
265,2,3,4,6,8,2,6,8,9,5,6
266,7,1,0,3,4,6,1,5,7,3,4
267,0,4,7,0,2,7,4,4,6,8,0
268,8,2,5,5,9,9,8,4,6,9,2
269,9,9,9,2,7,1,5,7,2,0,5
270,1,7,6,2,0,8,0,9,5,6,5
271,0,4,7,0,2,7,4,4,6,8,0
272,0,4,3,0,2,0,4,1,4,8,2
273,2,0,4,6,8,2,6,3,9,5,6
274,9,9,9,2,7,1,5,3,2,0,5
275,0,4,7,0,2,7,4,1,4,8,0
276,1,7,6,2,0,8,0,9,5,6,5
277,6,5,2,7,1,5,9,2,3,2,9
278,4,5,8,9,3,4,3,3,8,7,3
279,2,3,4,6,8,2,6,8,9,5,6
280,0,4,7,0,2,7,4,4,6,8,0
281,7,1,0,3,4,6,1,5,7,3,4
282,5,8,3,1,6,0,7,1,4,4,7
283,3,6,1,8,5,3,2,6,0,1,1
284,7,1,0,3,4,6,1,5,7,3,4
285,0,4,7,0,2,7,4,4,6,8,0
286,4,5,8,9,3,4,3,0,8,7,3
287,9,9,9,2,7,1,5,3,2,0,5
288,0,4,5,0,2,9,4,4,6,8,2
289,0,4,7,0,2,7,4,4,6,8,0
290,9,9,9,2,7,1,5,7,2,0,5
291,2,3,4,6,8,2,6,2,9,5,6
292,0,4,7,0,2,7,4,1,4,8,0
293,3,6,1,8,5,3,2,6,0,1,1
294,5,8,3,1,6,0,7,1,4,4,7
295,2,3,4,6,8,2,6,8,9,5,6
296,3,6,1,8,5,3,2,6,0,1,1
297,8,2,7,5,9,7,8,4,6,9,8
298,7,1,0,3,4,6,1,5,7,3,4
299,4,5,8,9,3,4,3,0,8,7,3
300,9,9,9,2,7,1,5,7,2,0,5
301,8,2,5,5,9,9,8,4,6,9,8
302,4,5,8,9,3,4,3,3,8,7,3
303,3,0,1,4,5,3,2,6,1,1,1
304,0,4,3,0,2,0,4,1,4,8,0
305,8,2,5,5,9,9,8,4,6,9,8
306,3,6,1,8,5,3,2,6,0,1,1
307,8,2,5,5,9,9,8,4,6,9,8
308,6,5,2,7,1,5,9,2,3,2,9
309,9,9,9,2,7,1,5,7,2,0,5
310,1,7,6,2,0,8,0,9,5,6,5
311,4,5,8,9,3,4,3,0,8,7,3
312,7,3,0,6,4,6,1,8,9,3,4
313,8,2,7,5,9,7,8,4,6,9,8
314,5,8,3,1,6,0,7,1,4,4,7
315,9,9,9,2,7,1,5,7,2,0,5
316,7,1,0,3,4,6,1,5,7,3,4
317,6,5,2,7,1,5,9,2,3,2,9
318,9,9,9,2,7,1,5,7,2,0,5
319,8,2,7,5,9,7,8,4,6,9,8
320,3,0,1,4,5,3,2,6,1,1,1
321,2,3,4,6,8,2,6,8,9,5,6
322,5,8,3,1,6,0,7,1,4,4,7
323,4,5,8,9,3,4,3,0,8,7,3
324,0,4,5,0,2,9,4,4,6,8,2
325,6,5,2,7,1,5,9,2,3,2,9
326,3,0,1,4,5,3,2,6,1,1,1
327,2,3,4,7,8,2,6,3,3,5,6
328,2,3,4,6,8,2,6,8,9,5,6
329,8,2,7,5,9,7,8,4,6,9,8
330,7,1,0,3,4,6,1,5,7,3,4
331,4,5,8,9,3,4,3,0,8,7,3
332,7,1,0,3,4,6,1,5,7,3,4
333,7,3,4,6,4,6,6,8,9,3,6
334,5,8,3,1,6,0,7,1,4,4,7
335,8,2,7,5,9,7,8,3,6,9,8
336,0,4,7,0,2,7,4,4,6,8,0
337,8,2,5,5,9,9,8,4,6,9,8
338,0,4,7,0,2,7,4,1,4,8,0
339,6,5,2,7,1,5,9,2,3,2,9
340,0,4,3,0,2,0,4,1,4,8,0
341,2,3,4,6,8,2,6,8,9,5,6
342,0,4,7,0,2,7,4,1,4,8,0
343,2,3,4,6,8,2,6,8,9,5,6
344,5,8,3,1,6,0,7,1,4,4,0
345,9,9,9,2,7,1,5,7,2,0,5
346,2,3,4,6,8,2,6,8,9,5,6
347,6,5,2,7,1,5,9,2,3,2,9
348,2,3,4,6,8,2,6,8,9,5,6
349,8,2,5,5,9,9,8,4,6,9,2
350,0,4,3,0,2,0,4,1,4,8,0
351,9,9,9,2,7,1,5,7,2,0,5
352,7,1,0,3,4,6,1,5,7,3,4
353,8,2,5,5,9,9,8,4,6,9,8
354,0,4,7,0,2,7,4,1,4,8,0
355,9,9,9,2,7,1,5,7,2,0,5
356,7,1,0,3,4,6,1,5,7,3,4
357,9,9,9,2,7,1,5,7,2,0,5
358,1,7,6,2,0,8,0,9,5,6,5
359,3,6,1,8,5,3,2,6,0,1,1
360,1,7,6,2,0,8,0,9,5,6,5
361,2,3,4,6,8,2,6,8,9,5,6
362,0,4,7,0,2,7,4,4,6,8,0
363,8,2,7,5,9,7,8,4,6,9,8
364,0,4,7,0,2,7,4,4,6,8,0
365,6,5,2,7,1,5,9,2,3,2,9
366,1,7,6,2,0,8,0,9,5,6,5
367,4,5,8,9,3,4,3,0,8,7,3
368,1,7,6,2,0,8,0,9,5,6,5
369,0,4,7,0,2,7,4,4,6,8,0
370,1,7,6,2,0,8,0,9,5,6,5
371,8,4,5,0,2,9,4,4,6,8,2
372,0,4,7,0,2,7,4,1,4,8,0
373,8,2,7,5,9,7,8,4,6,9,8
374,0,8,3,0,2,0,4,1,4,8,0
375,6,5,2,7,1,5,9,2,3,2,9
376,7,1,0,3,4,6,1,5,7,3,4
377,8,2,5,5,9,9,8,4,6,9,8
378,6,5,2,7,1,5,9,2,3,2,9
379,8,2,7,5,9,7,8,4,6,9,8
380,5,8,3,1,6,0,7,1,4,4,7
381,6,5,2,7,1,5,9,2,3,2,9
382,1,7,6,2,0,8,0,9,5,6,5
383,8,2,7,5,9,7,8,4,6,9,8
384,0,4,3,0,2,0,4,1,4,8,0
385,6,5,2,7,1,5,9,2,3,2,9
386,7,1,0,3,4,6,1,5,7,3,4
387,8,2,5,5,9,9,8,4,6,9,2
388,1,7,6,2,0,8,0,9,5,6,5
389,8,2,7,5,9,7,8,4,6,9,8
390,6,1,2,7,1,5,9,2,3,2,9
391,6,5,2,7,1,5,9,2,3,2,9
392,7,1,0,3,4,6,1,5,7,3,4
393,2,3,4,6,8,2,6,8,9,5,6
394,1,7,6,2,0,8,0,9,5,6,5
395,4,5,8,9,3,4,3,0,8,7,3
396,2,1,4,3,8,2,6,3,9,5,6
397,9,9,9,2,7,1,5,7,2,0,5
398,1,7,6,2,0,8,0,9,5,6,5
399,3,0,1,4,5,3,2,6,1,1,1
400,6,5,2,7,1,5,9,2,8,2,9
401,4,5,8,9,3,4,3,3,8,7,3
402,0,4,7,0,2,7,4,1,4,8,0
403,2,0,4,6,8,2,6,3,9,5,6
404,7,1,0,3,4,6,1,5,7,3,4
405,2,1,4,3,8,2,6,5,7,5,6
406,1,7,6,2,0,8,0,9,5,6,5
407,2,0,4,6,8,2,6,3,9,5,6
408,1,7,6,2,0,8,0,9,5,6,5
409,8,2,7,5,9,7,8,4,6,9,8
410,6,9,2,7,1,5,9,2,3,2,9
411,8,2,5,5,9,9,8,4,6,9,8
412,1,7,7,2,0,8,0,9,5,6,5
413,8,2,7,5,9,7,8,4,6,9,8
414,4,5,8,9,3,4,3,3,8,7,3
415,2,3,4,6,8,2,6,3,9,5,8
416,9,9,9,2,7,1,5,7,2,0,5
417,9,9,9,2,7,1,5,3,2,0,5
418,9,9,9,2,7,1,5,7,2,0,5
419,8,2,7,5,9,7,8,4,6,9,8
420,2,3,4,6,8,2,6,8,9,5,6
421,4,5,8,9,3,4,3,0,8,7,3
422,8,4,5,5,9,9,8,4,6,9,2
423,8,2,7,5,9,7,8,4,6,9,8
424,5,8,3,1,6,0,7,1,4,4,7
425,2,3,4,6,8,2,6,8,9,5,6
426,0,4,3,0,2,0,4,1,4,8,2
427,3,0,1,4,5,3,2,6,1,1,1
428,0,8,3,0,2,0,4,1,4,8,0
429,3,6,1,8,5,3,2,6,0,1,1
430,4,5,8,9,3,4,3,3,8,7,3
431,4,5,8,9,3,4,3,0,8,7,3
432,6,5,2,7,1,5,9,2,3,2,9
433,2,3,4,6,8,2,6,3,9,5,6
434,5,8,3,1,6,0,7,1,4,4,7
435,3,6,1,8,5,3,2,6,0,1,1
436,0,4,3,0,2,0,4,1,4,8,0
437,9,9,9,2,7,1,5,3,2,0,5
438,5,8,3,1,6,0,7,1,4,4,0
439,2,3,4,6,8,2,6,3,9,5,6
440,3,6,1,8,5,3,2,6,0,1,1
441,8,4,7,0,2,7,8,4,6,8,0
442,0,4,7,0,2,7,4,1,4,8,0
443,9,9,9,2,7,1,5,7,2,0,5
444,1,7,6,2,0,8,0,9,5,6,5
445,2,3,4,6,8,2,6,8,9,5,6
446,5,8,3,1,6,0,7,1,4,4,7
447,9,9,9,2,7,1,5,7,2,0,5
448,6,5,2,7,1,5,9,2,3,2,9
449,4,5,8,9,3,4,3,0,8,7,3
450,1,7,6,2,0,8,0,9,5,6,5
451,4,0,8,4,3,4,3,0,1,7,3
452,7,1,0,3,4,6,1,5,7,3,4
453,3,0,1,4,5,3,2,6,1,1,1
454,1,7,6,2,0,8,0,9,5,6,5
455,9,9,9,2,7,1,5,7,2,0,5
456,2,3,4,6,8,2,6,8,9,5,6
457,6,5,2,7,1,5,9,2,3,2,9
458,3,6,1,8,5,3,2,6,0,1,1
459,0,4,3,0,2,0,4,1,4,8,0
460,5,8,3,1,6,0,7,1,4,4,0
461,5,2,7,1,6,7,7,4,6,4,7
462,3,6,1,8,5,3,2,6,0,1,1
463,9,9,9,2,7,1,5,3,2,0,5
464,3,6,1,8,5,3,2,6,0,1,1
465,4,5,8,9,3,4,3,0,8,7,3
466,9,9,9,2,7,1,5,7,2,0,5
467,8,2,5,5,9,9,8,4,6,9,2
468,5,8,3,1,6,0,7,1,4,4,7
469,2,3,4,6,8,2,6,8,9,5,8
470,1,7,6,2,0,8,0,9,5,6,5
471,8,2,7,5,9,7,8,4,6,9,8
472,1,7,6,2,0,8,0,9,5,6,5
473,3,0,1,4,5,3,2,6,1,1,1
474,2,3,4,6,8,2,6,8,9,5,6
475,9,9,9,2,7,1,5,7,2,0,5
476,5,8,3,1,6,0,7,1,4,4,0
477,6,5,2,7,1,5,9,2,3,2,9
478,0,4,5,0,2,9,4,4,6,8,2
479,7,1,0,3,4,6,1,5,7,3,4
480,2,3,4,6,8,2,6,8,9,5,6
481,8,2,7,5,9,7,8,4,6,9,8
482,0,4,7,0,2,7,4,4,6,8,0
483,8,2,5,5,9,9,8,4,6,9,8
484,1,7,6,2,0,8,0,9,5,6,5
485,2,3,4,6,8,2,6,3,9,5,6
486,7,1,0,3,4,6,1,5,7,3,4
487,8,2,7,5,9,7,8,4,6,9,8
488,5,5,8,2,6,4,7,0,8,4,7
489,3,0,1,4,5,3,2,6,1,1,1
490,7,1,0,3,4,6,1,5,7,3,4
491,9,9,9,2,7,1,5,7,2,0,5
492,9,9,9,2,7,1,5,7,2,0,5
493,6,5,2,7,1,5,9,2,3,2,9
494,3,6,1,8,5,3,2,6,0,1,1
495,7,1,0,3,4,6,1,5,7,3,4
496,2,1,4,3,8,2,6,3,7,5,6
497,8,2,2,5,9,5,8,2,3,9,8
498,4,5,8,9,3,4,3,0,8,7,3
499,2,3,4,6,8,2,6,8,9,5,6
500,0,4,5,0,2,9,4,1,4,8,2
501,9,9,9,2,7,1,5,7,2,0,8
502,1,7,6,3,0,8,0,9,5,6,4
503,9,9,9,2,7,1,5,3,2,0,5
504,7,1,0,3,4,6,1,5,7,3,4
505,8,2,5,5,9,9,8,4,6,9,2
506,5,5,8,1,6,4,7,0,8,4,7
507,9,9,9,2,7,1,5,7,2,0,5
508,9,9,9,2,7,1,5,7,2,0,5
509,8,2,7,5,9,7,8,4,9,9,8
510,9,9,9,2,7,1,5,7,2,0,5
511,9,9,9,5,7,1,5,7,2,0,8
512,0,4,0,6,2,6,4,8,9,8,0
513,9,9,9,2,7,1,5,3,2,0,8
514,7,1,0,3,4,8,1,5,7,3,4
515,6,5,2,7,1,5,9,2,3,2,9
516,5,8,3,1,6,0,7,5,7,4,7
517,2,3,4,6,8,2,6,8,9,5,6
518,8,2,5,5,9,9,8,4,6,9,8
519,3,0,1,4,5,3,2,6,1,1,1
520,0,4,3,0,2,0,4,1,4,8,0
521,8,2,5,5,9,9,8,4,6,9,8
522,8,4,5,0,2,9,8,4,6,8,2
523,9,9,9,2,7,1,5,3,2,0,5
524,3,6,1,8,5,3,2,6,0,1,1
525,8,2,7,5,9,7,8,4,6,9,8
526,3,6,1,8,5,3,2,6,0,1,1
527,8,0,2,4,9,5,8,3,1,9,8
528,4,5,8,9,3,4,3,0,8,7,3
529,8,2,7,5,9,7,8,7,2,9,8
530,6,5,2,7,1,5,9,2,3,2,9
531,5,2,7,5,9,7,8,4,6,9,8
532,7,1,0,3,4,6,1,8,7,3,4
533,9,9,9,2,7,1,5,7,2,0,5
534,4,5,8,9,3,4,3,0,8,7,3
535,9,9,9,2,7,1,5,7,2,0,5
536,4,5,8,9,3,4,3,0,8,7,3
537,9,9,9,2,7,1,5,3,2,0,8
538,9,9,9,2,7,1,5,7,2,0,5
539,2,3,4,6,8,2,6,8,9,5,6
540,1,7,6,2,0,8,0,9,5,6,5
541,8,2,7,5,9,7,8,4,6,9,8
542,2,0,4,4,8,2,6,3,1,5,6
543,9,9,9,2,7,1,5,3,2,0,8
544,7,1,0,3,4,6,1,5,7,3,4
545,2,3,4,6,8,2,6,8,9,5,6
546,7,1,0,3,4,6,1,5,7,3,4
547,4,5,8,9,3,4,3,3,8,7,3
548,6,5,2,7,1,5,9,2,3,2,9
549,2,3,4,6,8,2,6,8,9,5,6
550,0,8,3,0,2,0,4,1,4,8,0
551,6,5,2,7,1,5,9,3,3,2,9
552,1,7,6,2,0,8,0,9,5,6,5
553,9,9,9,2,7,1,5,7,2,0,5
554,7,1,0,3,4,6,1,5,7,3,4
555,6,5,2,7,1,5,9,2,3,2,9
556,1,7,6,2,0,8,0,9,5,6,5
557,2,3,4,6,8,2,6,8,9,5,6
558,1,7,6,2,0,8,0,9,5,6,5
559,2,3,4,6,8,2,6,3,9,5,6
560,9,9,9,2,7,1,5,7,2,0,5
561,2,3,4,6,8,2,6,3,3,5,6
562,0,4,5,0,2,9,4,1,4,8,2
563,6,5,2,7,1,5,9,2,3,2,9
564,0,4,3,0,2,0,4,1,4,8,0
565,4,5,8,9,3,4,3,0,8,7,3
566,0,4,3,0,2,0,4,1,4,8,0
567,8,2,5,5,9,9,8,4,6,9,8
568,6,5,2,7,1,5,9,2,3,2,9
569,8,2,7,5,9,7,8,4,6,9,8
570,6,5,2,7,1,5,9,2,3,2,9
571,2,3,4,6,8,2,6,8,9,5,6
572,1,7,6,2,0,8,0,9,5,6,5
573,9,9,9,2,7,1,5,7,2,0,5
574,1,7,6,2,0,8,0,9,5,6,5
575,2,3,4,6,8,2,6,8,9,5,6
576,0,4,3,0,2,0,4,1,4,8,0
577,3,0,1,4,5,3,2,6,1,1,1
578,4,5,8,9,3,4,3,0,8,7,3
579,9,2,9,2,7,1,5,3,2,0,8
580,0,4,3,0,2,0,4,1,4,8,0
581,2,3,4,6,8,2,6,3,9,5,6
582,7,1,0,3,4,6,1,5,7,3,4
583,9,9,9,5,7,1,5,7,2,0,8
584,4,5,8,9,3,4,3,3,8,7,3
585,8,2,7,5,9,7,8,4,6,9,8
586,8,2,5,5,9,9,8,4,6,9,8
587,9,9,9,2,7,1,5,7,2,0,5
588,9,9,9,2,7,1,5,7,2,0,5
589,8,2,7,5,9,7,8,4,6,9,8
590,0,4,7,0,2,7,4,4,6,8,0
591,6,0,2,7,1,5,9,2,3,2,9
592,5,5,8,9,3,4,3,0,8,7,7
593,9,9,9,2,7,1,5,7,2,0,5
594,7,1,0,3,4,6,1,5,7,3,4
595,8,2,7,5,9,7,8,4,6,9,8
596,3,6,1,8,5,3,2,6,0,1,1
597,4,5,8,9,3,4,3,3,8,7,3
598,4,5,8,9,3,4,3,0,8,7,3
599,8,2,5,5,9,9,8,4,6,9,8
600,0,4,7,0,2,7,4,9,5,8,0
601,8,2,7,5,9,7,8,3,2,9,8
602,7,1,0,3,4,6,1,5,7,3,4
603,3,0,1,4,5,3,2,3,1,1,1
604,1,7,6,2,0,8,0,9,5,6,5
605,9,9,7,2,7,1,5,3,2,0,8
606,5,8,3,1,6,0,7,1,4,4,7
607,4,0,4,4,8,2,3,3,1,5,3
608,5,8,3,1,6,0,7,1,4,4,7
609,9,9,9,2,7,1,5,7,2,0,5
610,5,8,3,1,6,0,7,1,4,4,7
611,9,9,9,2,7,1,5,7,2,0,5
612,3,6,1,8,5,3,2,6,0,1,1
613,2,3,4,6,8,2,6,8,9,5,6
614,8,2,7,5,9,7,8,3,6,9,8
615,2,3,4,6,8,2,6,8,9,5,6
616,5,8,3,1,6,0,7,1,4,4,7
617,8,2,5,5,9,9,8,4,6,9,8
618,1,7,6,2,0,8,0,9,5,6,5
619,6,5,2,7,1,5,9,2,3,2,9
620,7,1,0,3,4,6,1,5,7,3,4
621,8,2,7,5,9,7,8,4,6,9,8
622,3,6,1,8,5,3,2,6,0,1,1
623,4,5,8,9,3,4,3,3,8,7,3
624,8,2,5,5,9,9,8,4,6,9,2
625,2,3,4,6,8,2,6,8,9,5,6
626,8,2,7,5,9,7,8,4,6,9,8
627,4,5,7,9,3,7,3,1,8,7,0
628,7,1,0,3,4,6,1,5,7,3,4
629,2,3,4,6,8,2,6,8,9,5,6
630,1,7,6,2,0,8,0,9,5,6,5
631,9,2,9,5,7,1,5,3,2,0,8
632,0,4,5,0,2,9,4,1,4,8,2
633,3,0,1,4,5,3,2,3,1,1,1
634,1,7,6,2,0,8,0,9,5,6,5
635,6,2,2,7,1,5,9,3,3,2,9
636,8,2,5,5,9,9,8,4,6,9,2
637,9,9,9,2,7,1,5,7,2,0,5
638,1,7,6,2,0,8,0,9,5,6,5
639,3,0,1,4,5,3,2,6,1,1,1
640,5,8,3,1,6,0,7,1,4,4,2
641,9,9,9,2,7,1,5,7,2,0,5
642,6,5,2,7,1,5,9,2,3,2,9
643,2,1,4,3,8,2,6,3,7,5,6
644,9,9,9,2,7,1,5,7,2,0,5
645,2,3,4,6,8,2,6,8,9,5,6
646,9,9,9,2,7,1,5,7,2,0,5
647,9,2,7,5,7,7,5,7,2,0,8
648,9,9,9,2,7,1,5,7,2,0,5
649,4,5,8,9,3,4,3,3,8,7,3
650,1,7,6,2,0,8,0,9,5,6,5
651,8,2,5,5,9,9,8,4,6,9,8
652,2,3,4,6,8,2,6,3,9,5,6
653,2,2,4,2,8,2,6,3,9,5,8
654,0,4,5,0,2,9,4,4,6,8,2
655,8,2,7,5,9,7,8,4,6,9,8
656,4,0,8,4,3,4,3,3,1,7,3
657,6,3,2,7,1,5,9,2,3,2,9
658,4,5,8,9,3,4,3,0,8,7,7
659,2,3,4,6,8,2,6,8,9,5,6
660,4,5,8,9,3,4,3,3,8,7,3
661,9,9,9,2,7,1,5,7,2,0,8
662,3,0,1,4,5,3,2,6,1,1,1
663,8,2,7,5,9,7,8,3,6,9,8
664,0,5,5,0,2,9,4,4,6,8,2
665,4,5,2,4,3,5,3,3,1,7,3
666,4,0,8,4,3,4,3,3,1,7,3
667,6,0,2,4,1,5,9,3,1,2,9
668,7,6,0,8,4,6,1,5,0,3,4
669,3,0,1,4,5,3,2,6,1,1,1
670,3,6,1,8,5,3,2,6,0,1,1
671,9,9,9,2,7,1,5,7,2,0,5
672,4,5,8,9,3,4,3,3,8,7,3
673,6,5,2,7,1,5,9,2,3,2,9
674,1,7,6,2,0,8,0,9,5,6,5
675,7,1,0,3,4,6,1,5,7,3,4
676,1,7,6,2,0,8,0,9,5,6,5
677,0,4,7,0,2,7,4,1,4,8,0
678,1,7,6,2,0,8,0,9,5,6,5
679,2,0,4,4,8,2,6,3,1,5,6
680,8,2,7,5,9,7,8,3,6,9,8
681,4,5,8,9,3,4,3,0,8,7,3
682,5,8,3,1,6,0,7,1,4,4,7
683,8,2,5,5,9,9,8,4,6,9,8
684,6,5,2,7,1,5,9,2,3,2,9
685,2,3,4,6,8,2,6,8,9,5,6
686,0,8,3,1,6,0,7,1,4,4,2
687,0,4,7,0,2,7,4,4,6,8,0
688,1,7,6,2,0,8,0,9,5,6,5
689,3,0,1,4,5,3,2,6,1,1,1
690,7,1,0,3,4,6,1,5,7,3,4
691,9,9,9,2,7,1,5,7,2,0,5
692,5,8,3,1,6,0,7,1,4,4,7
693,6,5,2,7,1,5,9,2,3,2,9
694,1,7,6,2,0,8,0,9,5,6,5
695,2,3,4,6,8,2,6,8,9,5,6
696,9,9,9,7,7,1,5,7,2,0,9
697,8,2,7,5,9,7,8,4,6,9,8
698,9,9,9,2,7,1,5,7,2,0,5
699,2,0,4,4,8,2,6,5,1,5,6
700,8,2,7,5,9,7,8,4,6,9,8
701,4,5,8,9,3,4,3,0,8,7,3
702,3,6,1,8,5,3,2,6,0,1,1
703,8,2,5,5,9,9,8,4,6,9,8
704,5,8,3,1,6,0,7,1,4,4,7
705,9,9,9,6,7,1,5,7,2,0,6
706,5,8,3,1,6,0,7,1,4,4,7
707,8,2,7,5,9,7,8,4,6,9,8
708,1,7,6,2,0,8,0,9,5,6,5
709,3,0,1,4,5,3,2,6,1,1,1
710,1,7,6,2,0,8,0,9,5,6,5
711,9,9,9,2,7,1,5,7,2,0,5
712,2,0,4,4,8,2,6,3,1,5,6
713,6,5,2,7,1,5,9,2,3,2,9
714,6,9,2,2,1,5,9,2,3,2,5
715,2,3,4,6,8,2,6,3,9,5,6
716,6,5,2,7,1,5,9,2,3,2,9
717,8,2,7,5,9,7,8,4,6,9,8
718,5,8,3,1,6,0,7,1,4,4,7
719,7,1,0,3,4,6,1,5,7,3,4
720,1,7,6,2,0,8,0,9,5,6,5
721,4,5,8,9,3,4,3,3,8,7,3
722,7,8,0,1,4,6,1,5,7,3,4
723,8,2,5,5,9,9,8,4,6,9,8
724,0,4,5,0,2,9,4,1,4,8,2
725,9,9,9,6,7,1,5,7,2,0,6
726,7,1,0,3,4,6,1,5,7,3,4
727,8,4,7,0,2,7,4,4,6,8,0
728,8,2,5,5,9,9,8,4,6,9,8
729,5,4,7,1,2,7,7,0,4,4,7
730,0,4,5,0,2,9,4,4,6,8,2
731,2,3,4,6,8,2,6,3,9,5,6
732,6,9,2,7,1,5,9,2,3,2,9
733,3,0,1,4,5,3,2,6,1,1,1
734,7,3,0,6,4,6,1,8,9,3,4
735,4,5,8,9,3,4,3,3,8,7,3
736,7,1,0,3,4,6,1,5,7,3,4
737,4,5,8,9,3,4,3,3,8,7,3
738,1,7,6,2,0,8,0,9,5,6,5
739,4,5,8,9,3,4,3,0,8,7,3
740,2,3,4,6,8,2,6,8,9,5,6
741,0,4,7,0,2,7,4,4,6,8,0
742,5,8,3,1,6,0,7,1,4,4,7
743,3,0,1,4,5,3,2,6,1,1,1
744,0,4,7,0,2,7,4,9,4,8,0
745,3,0,1,4,5,3,2,3,1,1,1
746,1,7,6,2,0,8,0,9,5,6,5
747,9,9,9,2,7,1,5,7,2,0,5
748,7,1,0,3,4,6,1,5,7,3,4
749,8,2,7,5,9,7,8,4,6,9,8
750,0,4,5,0,2,9,4,1,4,8,2
751,2,0,4,4,8,2,6,3,1,5,6
752,7,1,0,3,4,6,1,5,7,3,4
753,8,2,5,5,9,9,8,4,6,9,8
754,0,4,7,0,2,7,4,9,6,8,0
755,8,2,7,5,9,7,8,4,6,9,8
756,2,3,4,6,8,2,6,8,9,5,6
757,2,0,4,4,8,2,6,3,1,5,6
758,2,3,4,6,8,2,6,8,9,5,6
759,4,5,8,9,3,4,3,3,8,7,3
760,7,1,0,3,4,6,1,5,7,3,4
761,2,3,4,6,8,2,6,8,9,5,6
762,4,5,8,9,3,4,3,0,8,7,3
763,0,4,7,0,2,7,4,1,4,8,0
764,5,8,3,1,6,0,7,1,4,4,7
765,9,9,9,2,7,1,5,7,2,0,5
766,2,3,4,6,8,2,6,8,9,5,6
767,7,1,4,3,8,2,1,5,7,5,6
768,7,1,0,3,4,6,1,5,7,3,4
769,2,3,4,6,8,2,6,8,9,5,6
770,5,8,3,1,6,0,7,1,4,4,7
771,2,3,4,6,8,2,6,3,9,5,6
772,8,2,7,5,9,7,8,4,6,9,8
773,8,2,5,5,9,9,8,4,6,9,2
774,6,5,2,7,1,5,9,2,3,2,9
775,9,9,9,2,7,1,5,3,2,0,5
776,4,5,8,9,3,4,3,3,8,7,3
777,2,3,4,6,8,2,6,8,9,5,6
778,0,4,3,2,2,0,4,1,4,8,0
779,9,9,9,2,7,1,5,7,2,0,5
780,1,7,6,2,0,8,0,9,5,6,5
781,3,0,1,4,5,3,2,6,1,1,1
782,0,4,7,0,2,7,4,1,4,8,0
783,9,9,9,2,7,1,5,7,2,0,5
784,2,3,4,6,8,2,6,8,9,5,6
785,4,5,8,9,3,4,3,3,8,7,3
786,0,4,3,0,2,0,4,1,4,8,0
787,3,0,1,4,5,3,2,6,1,1,1
788,2,5,4,9,8,2,6,3,9,5,3
789,2,1,4,3,8,2,6,3,7,5,6
790,3,6,1,8,5,3,2,6,0,1,1
791,2,3,4,6,8,2,6,8,9,5,6
792,7,1,0,3,4,6,1,5,7,3,4
793,0,4,7,0,2,7,4,4,6,8,0
794,4,5,8,9,3,4,3,3,8,7,3
795,8,2,5,5,9,9,8,4,6,9,8
796,2,3,4,6,8,2,6,8,9,5,6
797,8,2,7,5,9,7,8,4,6,9,8
798,0,4,5,0,2,9,4,4,6,8,2
799,2,0,4,4,8,2,6,3,1,5,6
800,0,4,7,0,2,7,4,1,4,8,0
801,5,9,9,1,7,1,7,7,2,0,7
802,4,5,8,9,3,4,3,0,8,7,3
803,8,2,5,5,9,9,8,4,6,9,8
804,5,8,3,1,6,0,7,1,4,4,7
805,2,3,4,6,8,2,6,3,9,5,6
806,0,4,7,0,2,7,4,1,4,8,0
807,9,9,9,7,7,1,5,7,2,0,9
808,1,7,6,0,0,8,0,9,5,6,0
809,9,9,9,2,7,1,5,7,2,0,5
810,4,5,8,9,3,4,3,0,8,7,3
811,2,3,4,6,8,2,6,3,9,5,6
812,0,4,3,0,2,0,4,1,4,8,0
813,6,5,2,7,1,5,9,2,3,2,9
814,6,5,2,7,1,5,9,2,3,2,9
815,2,0,4,4,8,2,6,3,1,5,6
816,4,5,8,9,3,4,3,0,8,7,3
817,2,3,4,6,8,2,6,8,9,5,6
818,3,6,1,8,5,3,2,6,0,1,1
819,8,2,5,5,9,9,8,4,6,9,2
820,5,8,3,1,6,0,7,1,4,4,7
821,9,9,9,2,7,1,5,7,2,0,5
822,1,7,6,2,0,8,0,9,5,6,5
823,2,3,4,6,8,2,6,8,9,5,6
824,0,4,5,0,2,9,4,9,4,8,2
825,3,0,1,4,5,3,2,3,1,1,1
826,5,8,3,1,6,0,7,1,4,4,7
827,8,2,7,5,9,7,8,4,6,9,8
828,5,5,3,1,6,0,7,0,8,4,7
829,4,5,8,9,3,4,3,3,8,7,3
830,7,1,0,3,4,6,1,5,7,3,4
831,2,3,4,6,8,2,6,8,9,5,6
832,2,7,4,6,8,2,6,3,5,5,6
833,9,9,9,2,7,1,5,7,2,0,5
834,0,4,7,0,2,7,4,1,4,8,0
835,9,9,9,2,7,1,5,7,2,0,5
836,7,1,0,3,4,6,1,5,7,3,4
837,2,0,4,4,8,2,6,3,1,5,6
838,1,7,6,2,0,8,0,9,5,6,5
839,8,2,5,5,9,9,8,4,6,9,8
840,7,1,0,3,4,6,1,5,7,3,4
841,4,5,8,9,3,4,3,0,8,7,3
842,5,8,3,1,6,0,7,1,4,4,7
843,9,9,9,2,7,1,5,3,2,0,6
844,2,0,4,4,8,2,6,3,1,5,6
845,2,0,4,4,8,2,6,3,1,5,6
846,7,1,0,3,4,6,1,5,7,3,4
847,8,2,7,5,9,7,8,4,6,9,7
848,5,8,3,1,6,0,7,1,4,4,7
849,3,0,1,4,5,3,2,3,1,1,1
850,4,5,8,9,3,4,3,0,8,7,3
851,5,8,7,1,6,7,7,1,4,4,7
852,4,5,8,9,3,4,3,3,8,7,3
853,8,2,5,5,9,9,8,4,6,9,8
854,0,4,5,0,2,9,4,4,6,8,2
855,8,2,7,5,9,7,8,4,6,9,8
856,7,1,0,3,4,6,1,5,7,3,4
857,2,0,4,4,8,2,6,3,1,5,6
858,9,9,9,2,7,1,5,7,2,0,5
859,3,0,1,4,5,3,2,6,1,1,1
860,3,0,1,4,5,3,2,6,1,1,1
861,2,3,4,6,8,2,6,3,9,5,6
862,6,5,2,7,1,5,9,2,3,2,9
863,5,8,3,1,6,0,7,1,4,4,0
864,1,7,6,2,0,8,0,9,5,6,5
865,2,3,4,6,8,2,6,8,9,5,6
866,7,1,0,3,4,6,1,5,7,3,4
867,2,3,4,6,8,2,6,3,9,5,6
868,0,4,5,0,2,9,4,4,6,8,2
869,3,0,1,4,8,2,2,3,1,5,1
870,1,7,6,2,0,8,0,9,5,6,5
871,9,9,9,2,7,1,5,7,2,0,5
872,3,6,1,8,5,3,2,6,0,1,1
873,6,5,2,7,1,5,9,2,3,2,9
874,7,1,0,3,4,6,1,5,7,3,4
875,7,1,0,3,4,6,1,5,7,3,4
876,1,7,6,2,0,8,0,9,5,6,5
877,5,8,3,1,6,0,7,1,4,4,7
878,1,7,6,2,0,8,0,9,5,6,5
879,9,9,9,2,7,1,5,3,2,0,5
880,8,2,5,5,9,9,8,4,6,9,8
881,4,5,8,9,3,4,3,0,8,7,3
882,5,8,3,1,6,0,7,1,4,4,7
883,8,4,5,0,2,9,8,4,6,8,2
884,9,9,9,2,7,1,5,7,2,0,5
885,2,3,4,6,8,2,6,8,9,5,6
886,7,1,0,3,4,6,1,5,7,3,4
887,8,2,7,5,9,7,8,4,6,9,8
888,0,4,5,0,2,9,4,4,6,8,2
889,3,0,1,4,5,3,2,3,1,1,8
890,7,1,0,3,4,6,1,5,7,3,4
891,9,9,9,2,7,1,5,7,2,0,5
892,1,7,6,2,0,8,0,9,5,6,5
893,6,0,2,7,1,5,9,2,3,2,9
894,8,2,7,5,9,7,8,4,6,9,8
895,7,1,0,3,4,6,1,5,7,3,4
896,8,2,7,5,9,7,8,4,6,9,8
897,5,8,7,1,6,7,7,1,4,4,0
898,0,4,5,0,2,9,4,4,6,8,2
899,9,9,9,2,7,1,5,3,2,0,8
900,0,4,6,0,2,8,4,9,5,8,0
901,4,5,8,9,3,4,3,3,8,7,3
902,3,0,1,4,5,3,2,6,1,1,1
903,8,0,4,4,9,2,8,3,1,9,8
904,0,4,5,0,2,9,4,1,4,8,2
905,9,9,9,2,7,1,5,7,2,0,5
906,5,8,3,1,6,0,7,1,4,4,7
907,6,5,2,7,1,5,9,2,3,2,9
908,5,8,3,1,6,0,7,1,4,4,2
909,7,1,0,3,4,6,1,5,7,3,4
910,5,6,8,8,6,4,7,0,0,4,7
911,8,2,5,5,9,9,8,4,6,9,8
912,2,3,4,6,8,2,6,8,9,5,6
913,2,3,4,6,8,2,6,3,9,5,8
914,5,8,3,1,6,0,7,1,4,4,7
915,9,9,9,2,7,1,5,3,2,0,5
916,4,1,8,9,3,4,3,0,8,7,3
917,6,5,2,7,1,5,9,2,3,2,9
918,9,9,9,5,7,1,5,7,2,0,8
919,9,9,9,2,7,1,5,7,2,0,5
920,1,7,6,2,0,8,0,9,5,6,5
921,9,2,7,5,9,7,8,3,2,9,8
922,1,7,6,2,0,8,0,9,5,6,5
923,2,3,4,6,8,2,6,8,9,5,6
924,7,1,0,3,4,6,1,5,7,3,4
925,2,3,4,6,8,2,6,8,9,5,6
926,5,8,3,1,6,0,7,1,4,4,7
927,3,0,1,4,5,3,2,3,1,1,1
928,8,2,5,5,9,9,8,4,6,9,2
929,8,2,7,5,9,7,8,4,6,9,8
930,8,2,7,5,9,7,8,4,6,9,8
931,6,5,2,7,1,5,9,3,3,2,8
932,5,8,3,1,6,0,7,1,4,4,7
933,8,2,7,5,9,7,8,4,6,9,8
934,8,2,5,5,9,9,8,4,6,9,2
935,9,9,9,2,7,1,5,7,2,0,5
936,0,4,6,0,2,8,4,9,5,8,0
937,8,2,7,5,9,7,8,4,6,9,8
938,9,9,9,2,7,1,5,7,2,0,5
939,9,9,9,2,7,1,5,3,2,0,5
940,5,8,3,1,6,0,7,1,4,4,7
941,9,9,9,2,7,1,5,7,2,0,5
942,8,2,5,5,9,9,8,4,6,9,2
943,6,2,2,7,1,5,9,3,3,2,9
944,4,5,8,9,3,4,3,0,8,7,3
945,8,2,7,5,9,7,8,4,6,9,8
946,2,3,4,6,8,2,6,8,9,5,6
947,9,9,9,2,7,1,5,3,2,0,5
948,9,9,9,5,7,1,5,7,2,0,8
949,3,0,1,4,5,3,2,6,1,1,1
950,8,4,5,5,9,9,8,4,6,9,2
951,9,9,9,2,7,1,5,7,2,0,5
952,2,3,4,6,8,2,6,8,9,5,6
953,0,1,4,3,4,6,4,8,9,8,0
954,8,2,5,5,9,9,8,4,6,9,8
955,4,5,8,9,3,4,3,3,8,7,3
956,7,1,0,3,4,6,1,5,7,3,4
957,2,0,4,4,8,2,6,3,1,5,6
958,4,5,8,9,3,4,3,0,8,7,3
959,9,9,9,2,7,1,5,7,2,0,5
960,7,1,0,3,4,6,1,5,7,3,4
961,9,9,9,2,7,1,5,7,2,0,5
962,8,4,5,0,2,9,4,4,6,8,2
963,2,3,4,6,8,2,6,8,9,5,6
964,2,3,4,6,8,2,6,3,9,5,6
965,3,0,1,4,5,3,2,3,1,1,1
966,4,5,8,9,3,4,3,0,8,7,3
967,8,2,7,5,9,7,8,4,6,9,8
968,0,4,6,0,2,8,4,9,5,8,0
969,8,2,5,5,9,9,8,4,6,9,2
970,7,1,0,3,4,6,1,5,7,3,4
971,8,2,5,5,9,9,8,4,6,9,8
972,2,3,4,6,8,2,6,8,9,5,6
973,4,5,8,9,3,4,3,3,8,7,3
974,7,1,0,3,4,6,1,5,7,3,4
975,7,1,0,3,4,6,1,5,7,3,4
976,2,3,4,6,8,2,6,8,9,5,6
977,4,5,8,9,3,4,3,3,8,7,3
978,1,7,6,2,0,8,0,9,5,6,5
979,2,0,4,4,8,2,6,3,1,5,6
980,0,4,7,0,2,7,4,4,6,8,0
981,8,2,5,5,9,9,8,4,6,9,8
982,1,7,6,2,0,8,0,9,5,6,5
983,7,3,4,6,4,6,6,8,9,3,6
984,3,6,1,8,5,3,2,6,0,1,1
985,9,9,9,2,7,1,5,3,2,0,8
986,5,5,8,9,3,4,7,0,8,7,7
987,8,2,7,5,9,7,8,4,6,9,8
988,5,8,3,1,6,0,7,1,4,4,7
989,6,5,2,7,1,5,9,2,3,2,9
990,5,8,3,1,6,0,7,1,4,4,7
991,0,4,7,0,2,7,4,1,8,8,0
992,7,1,0,3,4,6,1,5,7,3,4
993,9,9,9,2,7,1,5,7,2,0,5
994,0,4,5,0,2,9,4,1,4,8,2
995,8,2,7,5,9,7,8,4,6,9,8
996,4,5,8,9,3,4,3,0,8,7,3
997,3,0,1,4,5,3,2,3,1,1,8
998,7,1,0,3,4,6,1,5,7,3,4
999,9,5,9,9,7,1,5,3,2,0,3
1000,2,0,4,4,8,2,6,8,1,5,6
1001,8,2,5,5,9,9,8,4,6,9,8
1002,1,7,6,2,0,8,0,9,5,6,5
1003,9,9,9,2,7,1,5,7,2,0,5
1004,0,4,3,0,2,0,4,1,4,8,0
1005,8,2,7,5,9,7,8,4,6,9,8
1006,0,4,3,0,2,0,4,1,4,8,0
1007,0,4,4,0,2,2,4,8,9,8,0
1008,0,4,7,0,2,7,4,1,4,8,0
1009,9,9,9,2,7,1,5,7,2,0,5
1010,6,5,2,7,1,5,9,2,3,2,9
1011,6,5,2,7,1,5,9,3,3,2,8
1012,1,7,6,2,0,8,0,9,5,6,5
1013,9,9,9,6,7,1,5,7,2,0,8
1014,0,4,3,0,2,0,4,1,4,8,0
1015,3,0,1,4,5,3,2,3,1,1,1
1016,2,3,4,6,8,2,6,8,9,5,0
1017,9,9,9,2,7,1,5,7,2,0,5
1018,3,6,1,8,5,3,2,6,0,1,1
1019,8,0,7,4,9,7,8,3,1,9,8
1020,4,5,8,9,3,4,3,3,8,7,3
1021,2,3,4,6,8,2,6,3,9,5,6
1022,8,4,5,0,9,9,8,4,6,9,2
1023,8,2,6,2,9,8,8,9,6,9,8
1024,5,8,3,1,6,0,7,1,4,4,7
1025,9,9,9,2,7,1,5,7,2,0,5
1026,2,3,4,6,8,2,6,8,9,5,6
1027,8,2,7,5,9,7,8,4,6,9,8
1028,3,6,1,8,5,3,2,6,0,1,1
1029,3,0,1,4,5,3,2,3,1,1,1
1030,4,5,8,9,3,4,3,0,8,7,3
1031,9,9,9,2,7,1,5,7,2,0,5
1032,2,3,4,6,8,2,6,8,9,5,6
1033,6,5,2,7,1,5,9,3,3,2,9
1034,6,5,2,7,1,5,9,2,3,2,9
1035,2,3,4,6,8,2,6,8,9,5,6
1036,8,2,7,5,9,7,8,4,6,9,8
1037,8,2,7,5,9,7,8,4,6,9,8
1038,5,8,3,1,6,0,7,1,4,4,7
1039,2,0,4,4,8,2,6,3,1,5,6
1040,3,6,1,8,5,3,2,6,0,1,1
1041,4,5,8,9,3,4,3,3,8,7,3
1042,0,4,5,0,2,9,4,9,5,8,2
1043,8,2,5,5,9,9,8,4,6,9,8
1044,1,7,6,2,0,8,0,7,5,6,5
1045,2,3,4,6,8,2,6,8,9,5,6
1046,5,6,3,8,6,0,7,1,0,4,7
1047,6,5,2,2,1,5,9,2,3,2,5
1048,6,5,2,7,1,5,9,2,3,2,9
1049,3,0,1,4,5,3,2,6,1,1,1
1050,5,8,3,1,6,0,7,0,4,4,7
1051,9,9,9,2,7,1,5,7,2,0,5
1052,1,7,6,2,0,8,0,9,5,6,5
1053,6,5,2,7,1,5,9,3,3,2,9
1054,8,4,5,0,2,9,8,4,6,8,2
1055,2,3,4,6,8,2,6,3,9,5,6
1056,0,4,7,0,2,7,4,1,4,8,0
1057,8,2,9,5,9,1,8,4,2,9,8
1058,7,1,0,3,4,6,1,5,7,3,4
1059,9,9,9,2,7,1,5,7,2,0,5
1060,1,7,6,2,0,8,0,9,5,6,5
1061,8,2,7,5,9,7,8,4,6,9,8
1062,2,3,4,6,8,2,6,8,9,5,6
1063,2,3,4,6,8,2,6,8,9,5,6
1064,7,1,0,3,4,6,1,5,7,3,4
1065,9,9,9,2,7,1,5,7,2,0,5
1066,8,2,9,5,9,1,8,7,2,9,8
1067,2,3,4,6,8,2,6,8,9,5,6
1068,7,1,0,3,4,6,1,5,7,3,4
1069,9,9,9,2,7,1,5,7,2,0,5
1070,1,7,6,2,0,8,0,9,5,6,5
1071,2,3,4,6,8,2,6,3,9,5,6
1072,0,4,5,0,2,9,4,4,6,8,2
1073,8,2,7,5,9,7,8,4,6,9,8
1074,6,9,2,7,1,5,9,2,3,2,9
1075,5,8,3,1,6,0,7,1,4,4,7
1076,7,1,0,3,4,6,1,5,7,3,4
1077,2,3,4,6,8,2,6,8,9,5,6
1078,3,6,1,8,5,3,2,6,0,1,1
1079,9,9,9,2,7,1,5,7,2,0,5
1080,9,9,9,2,7,1,5,7,2,0,5
1081,9,9,9,2,7,1,5,7,2,0,5
1082,8,2,5,5,9,9,8,4,6,9,8
1083,5,8,7,1,6,7,7,1,4,4,7
1084,1,7,6,2,0,8,0,9,5,6,5
1085,9,9,9,2,7,1,5,7,2,0,5
1086,7,1,0,3,4,6,1,5,7,3,4
1087,4,5,8,9,3,4,3,3,8,7,3
1088,9,7,6,2,7,8,0,9,2,6,5
1089,9,9,9,2,7,1,5,3,2,0,5
1090,3,6,1,8,5,3,2,6,0,1,1
1091,4,5,8,9,3,4,3,0,8,7,3
1092,4,5,8,9,3,4,3,0,8,7,3
1093,3,0,1,4,5,3,2,6,1,1,1
1094,0,4,3,0,2,0,4,1,4,8,0
1095,9,9,9,2,7,1,5,7,2,0,5
1096,6,5,2,7,1,5,9,2,3,2,9
1097,6,0,2,7,1,5,9,2,3,2,9
1098,0,4,3,0,2,0,4,1,4,8,0
1099,8,2,7,5,9,7,8,4,6,9,8
1100,1,7,6,2,0,8,0,9,5,6,5
1101,2,3,4,6,8,2,6,8,9,5,6
1102,3,6,1,8,5,3,2,6,0,1,1
1103,8,2,7,5,9,7,8,4,6,9,8
1104,7,1,0,3,4,6,1,5,7,3,6
1105,2,3,4,6,8,2,6,8,9,5,6
1106,9,9,9,2,7,1,5,7,2,0,5
1107,3,0,1,4,5,3,2,6,1,1,1
1108,7,1,0,3,4,6,1,5,7,3,4
1109,2,5,4,6,8,2,6,3,9,5,6
1110,0,4,3,0,2,0,4,1,4,8,0
1111,9,9,9,2,7,1,5,7,2,0,5
1112,0,4,3,0,2,0,4,1,4,8,0
1113,4,5,8,9,3,4,3,3,2,7,3
1114,0,4,5,0,2,9,4,4,6,8,2
1115,9,9,9,2,7,1,5,7,2,0,5
1116,5,8,3,1,6,0,7,1,4,4,7
1117,9,9,9,2,7,1,5,7,2,0,5
1118,1,7,6,2,0,8,0,9,5,6,5
1119,2,0,4,4,8,2,6,3,1,5,6
1120,1,7,6,2,0,8,0,9,5,6,5
1121,6,0,2,4,1,5,9,3,1,2,8
1122,0,4,7,0,2,7,4,4,6,8,0
1123,9,9,9,2,7,1,5,7,2,0,5
1124,6,5,2,7,1,5,9,3,3,2,8
1125,8,2,7,5,9,7,8,4,6,9,8
1126,8,2,5,5,9,9,8,4,6,9,8
1127,5,0,3,4,6,0,7,3,1,4,7
1128,3,6,1,8,5,3,2,6,0,1,1
1129,6,5,2,7,1,5,9,2,3,2,9
1130,7,1,0,3,4,6,1,5,7,3,4
1131,9,9,9,2,7,1,5,7,2,0,5
1132,1,7,6,2,0,8,0,9,5,6,5
1133,8,2,7,5,9,7,8,4,6,9,8
1134,6,5,2,7,1,5,9,2,3,2,9
1135,9,9,9,2,7,1,5,3,2,0,5
1136,4,3,8,9,3,4,3,3,8,7,3
1137,2,3,4,6,8,2,6,3,9,5,6
1138,0,4,5,0,2,9,4,4,6,8,2
1139,4,5,8,9,3,4,3,3,8,7,3
1140,5,5,7,1,6,0,7,3,4,4,7
1141,7,1,0,3,4,6,1,5,7,3,4
1142,0,4,7,0,2,7,4,1,4,8,0
1143,7,1,0,3,4,6,1,5,7,3,4
1144,7,1,0,3,4,6,1,5,7,3,4
1145,7,1,0,3,4,6,1,5,7,3,4
1146,4,5,8,9,3,4,3,0,8,7,3
1147,8,2,7,5,9,7,8,4,6,9,8
1148,9,9,9,2,7,1,5,9,2,0,5
1149,1,7,6,0,0,8,0,9,5,6,0
1150,7,1,0,3,4,6,1,5,7,3,4
1151,2,1,4,3,8,2,6,5,7,5,6
1152,3,6,1,8,5,3,2,6,0,1,1
1153,8,2,9,5,9,1,8,4,2,9,8
1154,8,2,5,5,9,9,8,4,6,9,8
1155,9,9,9,2,7,1,5,7,2,0,5
1156,0,4,5,0,2,9,4,4,6,8,2
1157,8,2,5,5,9,9,8,4,6,9,8
1158,7,1,0,3,4,6,1,5,7,3,4
1159,4,5,8,9,3,4,3,3,8,7,3
1160,5,8,3,1,6,0,7,1,4,4,7
1161,8,2,7,5,9,7,8,4,6,9,8
1162,7,1,0,3,4,6,1,5,7,3,4
1163,8,2,7,5,9,7,8,4,6,9,8
1164,0,8,3,1,6,0,7,1,4,4,0
1165,9,9,9,2,7,1,5,7,2,0,5
1166,0,4,6,0,2,8,4,9,5,8,5
1167,8,2,7,5,9,7,8,4,6,9,8
1168,2,3,4,6,8,2,6,3,9,5,6
1169,8,2,7,5,9,7,8,4,6,9,8
1170,7,1,0,3,4,6,1,5,7,3,4
1171,8,2,7,5,9,7,8,4,6,9,8
1172,5,8,3,1,6,0,7,1,4,4,7
1173,8,2,7,5,9,7,8,4,6,9,8
1174,1,7,6,2,0,8,0,9,5,6,5
1175,6,5,2,7,1,5,9,2,3,2,9
1176,5,8,3,1,6,0,7,1,4,4,7
1177,0,4,7,0,2,7,4,1,4,8,0
1178,1,7,6,2,0,8,0,9,5,6,5
1179,3,0,1,4,5,3,2,6,1,1,1
1180,0,4,7,0,2,7,4,3,6,8,0
1181,9,9,9,2,7,1,5,7,2,0,5
1182,1,7,6,2,0,8,0,3,5,6,5
1183,6,5,2,7,1,5,9,2,3,2,9
1184,4,5,8,9,3,4,3,0,8,7,3
1185,6,3,2,7,1,5,9,2,3,2,9
1186,0,4,3,0,2,0,4,1,4,8,2
1187,5,8,7,1,6,7,7,1,4,4,7
1188,6,5,2,7,1,5,9,2,3,2,9
1189,4,5,8,9,3,4,3,0,8,7,3
1190,5,8,3,1,6,0,7,1,4,4,7
1191,8,4,5,0,2,9,8,4,6,8,2
1192,1,7,6,2,0,8,0,9,5,6,5
1193,2,3,4,6,8,2,6,8,9,5,6
1194,5,8,3,1,6,0,7,1,4,4,7
1195,2,0,4,4,8,2,6,3,1,5,6
1196,5,8,3,1,6,0,7,1,4,4,7
1197,9,9,9,2,7,1,5,7,2,0,5
1198,5,8,3,1,6,0,7,1,4,4,7
1199,6,5,2,7,1,5,9,2,3,2,9
1200,1,7,6,2,0,8,0,9,5,6,5
1201,2,3,4,6,8,2,6,8,9,5,6
1202,4,5,8,9,3,4,3,0,8,7,3
1203,8,2,7,5,9,7,8,4,6,9,0
1204,4,5,8,9,3,4,3,0,8,7,3
1205,8,2,5,5,9,9,8,4,6,9,8
1206,7,1,0,3,4,6,1,5,7,3,4
1207,2,3,4,6,8,2,6,8,9,5,6
1208,0,4,5,0,2,9,4,4,6,8,2
1209,3,0,1,4,5,3,2,6,1,1,1
1210,7,1,0,3,4,6,1,5,7,3,4
1211,9,9,9,2,7,1,5,7,2,0,5
1212,5,8,3,1,6,0,7,1,4,4,7
1213,4,5,8,9,3,4,3,0,8,7,3
1214,2,3,4,6,8,2,6,8,9,5,6
1215,5,2,7,9,3,7,3,0,8,7,7
1216,0,4,5,0,2,9,4,1,4,8,2
1217,8,2,5,5,9,9,8,4,6,9,8
1218,7,1,0,3,4,6,1,5,7,3,4
1219,2,3,4,6,8,2,6,3,9,5,6
1220,5,8,3,1,6,0,7,1,4,4,7
1221,0,4,7,0,2,7,4,4,6,8,0
1222,7,1,0,3,4,6,1,5,7,3,4
1223,8,3,7,6,9,7,8,8,9,9,6
1224,4,5,8,9,3,4,3,0,8,7,3
1225,0,4,5,0,2,9,4,4,6,8,2
1226,7,1,0,3,4,6,1,5,7,3,4
1227,8,2,7,5,9,7,8,4,6,9,8
1228,4,5,8,9,3,4,3,3,8,7,3
1229,8,2,5,5,9,9,8,4,6,9,2
1230,1,7,6,2,0,8,0,9,5,6,5
1231,0,4,5,0,2,9,4,4,6,8,2
1232,0,8,3,1,6,0,7,1,4,4,0
1233,2,3,4,7,8,2,6,2,3,5,6
1234,1,7,6,2,0,8,0,3,5,6,5
1235,8,2,7,5,9,7,8,4,6,9,8
1236,7,1,0,3,4,6,1,5,7,3,4
1237,2,3,4,6,8,2,6,8,9,5,6
1238,1,7,6,2,0,8,0,9,5,6,5
1239,8,2,7,5,9,7,8,4,6,9,7
1240,1,7,6,2,0,8,0,9,5,6,5
1241,6,1,2,7,1,5,9,2,3,2,9
1242,1,7,6,2,0,8,0,9,5,6,5
1243,1,7,6,2,0,8,0,9,5,6,5
1244,2,3,7,6,8,7,6,8,9,5,0
1245,2,3,4,6,8,2,6,8,9,5,6
1246,6,9,2,7,1,5,9,2,3,2,9
1247,2,3,4,6,8,2,6,8,9,5,6
1248,5,8,3,1,6,0,7,1,4,4,7
1249,6,5,2,7,1,5,9,2,3,2,9
1250,8,2,7,5,9,7,8,4,6,9,8
1251,0,4,5,0,2,9,4,4,6,8,2
1252,1,7,6,2,0,8,0,9,5,6,5
1253,5,8,3,1,6,0,7,1,4,4,7
1254,7,1,0,3,4,6,1,5,7,3,4
1255,6,5,2,7,1,5,9,2,3,2,9
1256,0,4,7,0,2,7,4,1,4,8,0
1257,4,5,8,9,3,4,3,0,8,7,3
1258,5,8,3,1,6,0,7,1,4,4,7
1259,9,9,9,2,7,1,5,7,2,0,5
1260,5,8,3,1,6,0,7,1,4,4,7
1261,0,4,7,0,2,7,4,1,4,8,0
1262,6,5,2,7,1,5,9,2,3,2,9
1263,2,3,4,6,8,2,6,3,9,5,6
1264,6,5,2,7,1,5,9,2,3,2,9
1265,2,3,4,6,8,2,6,3,9,5,6
1266,4,5,8,9,3,4,3,0,8,7,3
1267,2,3,4,6,8,2,6,8,9,5,6
1268,2,0,4,4,8,2,6,3,1,5,6
1269,4,5,8,9,3,4,3,0,8,7,3
1270,1,7,6,2,0,8,0,9,5,6,5
1271,2,3,7,6,8,7,6,8,9,5,6
1272,5,8,3,1,6,0,7,1,4,4,7
1273,5,8,3,1,6,0,7,1,4,4,7
1274,8,2,7,5,9,7,8,4,6,9,8
1275,8,4,7,0,2,7,4,4,6,8,0
1276,3,6,1,8,5,3,2,6,0,1,1
1277,9,9,9,2,7,1,5,7,2,0,5
1278,4,5,8,9,3,4,3,3,8,7,3
1279,2,3,4,6,8,2,6,8,9,5,6
1280,8,2,7,5,9,7,8,4,6,9,0
1281,0,4,5,0,2,9,4,4,6,8,2
1282,7,1,0,3,4,6,1,5,7,3,4
1283,9,9,9,2,7,1,5,3,2,0,8
1284,8,2,7,2,9,7,8,4,6,9,8
1285,8,2,9,2,9,1,8,3,2,9,8
1286,0,4,7,0,2,7,4,1,4,8,0
1287,9,9,9,2,7,1,5,7,2,0,5
1288,0,4,3,0,2,0,4,1,4,8,0
1289,2,3,4,6,8,2,6,8,9,5,6
1290,7,1,0,3,4,6,1,5,7,3,4
1291,8,4,7,0,2,7,4,4,6,8,0
1292,8,2,7,5,9,7,8,4,6,9,8
1293,1,7,6,2,0,8,0,9,5,6,5
1294,2,3,4,6,8,2,6,8,9,5,6
1295,6,0,2,7,1,5,9,2,3,2,9
1296,2,3,4,6,8,2,6,8,9,5,6
1297,4,5,8,9,3,4,3,0,8,7,3
1298,2,3,4,6,8,2,6,8,9,5,6
1299,6,5,2,7,1,5,9,2,3,2,9
1300,8,2,5,5,9,9,8,4,6,9,2
1301,6,3,2,7,1,5,9,2,3,2,9
1302,8,2,5,5,9,9,8,4,6,9,8
1303,4,5,8,9,3,4,3,0,8,7,3
1304,3,0,1,4,5,3,2,3,1,1,1
1305,0,4,7,0,2,7,4,1,6,8,0
1306,0,4,5,0,2,9,4,1,4,8,2
1307,8,2,7,5,9,7,8,4,6,9,8
1308,5,8,3,1,6,0,7,1,4,4,7
1309,4,5,8,9,3,4,3,3,8,7,3
1310,3,6,1,8,5,3,2,6,0,1,1
1311,8,2,7,5,9,7,8,3,6,9,8
1312,7,1,0,3,4,6,1,5,7,3,4
1313,2,2,4,6,8,2,6,3,9,5,8
1314,5,8,3,1,6,0,7,1,4,4,7
1315,2,3,4,6,8,2,6,8,9,5,6
1316,8,2,7,5,9,7,8,4,6,9,8
1317,6,3,2,7,1,5,9,2,3,2,9
1318,4,5,8,9,3,4,3,0,8,7,3
1319,2,3,4,6,8,2,6,8,9,5,6
1320,7,1,0,3,4,6,1,5,7,3,4
1321,9,9,9,2,7,1,5,7,2,0,5
1322,0,4,5,0,2,9,4,1,4,8,2
1323,4,5,8,9,3,4,3,0,8,7,3
1324,2,1,4,3,8,2,6,5,7,5,6
1325,9,9,9,2,7,1,5,3,2,0,8
1326,0,4,5,0,2,9,4,4,6,8,2
1327,4,5,8,9,3,4,3,0,8,7,3
1328,0,4,7,0,2,7,4,1,4,8,0
1329,2,3,4,6,8,2,6,8,9,5,6
1330,9,9,9,2,7,1,5,3,2,0,5
1331,9,9,9,2,7,1,5,7,2,0,5
1332,8,2,5,5,9,9,8,4,6,9,2
1333,8,2,7,5,9,7,8,4,6,9,0
1334,1,7,6,2,0,8,0,9,5,6,5
1335,8,2,5,5,9,9,8,4,6,9,8
1336,7,1,0,3,4,6,1,5,7,3,4
1337,4,5,8,9,3,4,3,3,8,7,3
1338,0,4,3,0,2,0,4,1,4,8,0
1339,2,3,4,6,8,2,6,8,9,5,6
1340,7,1,0,3,4,6,1,5,7,3,4
1341,6,9,2,7,1,5,9,2,3,2,9
1342,1,7,6,0,0,8,0,9,5,6,5
1343,0,4,5,0,2,9,4,4,6,8,2
1344,7,1,0,3,4,6,1,5,7,3,4
1345,8,2,7,5,9,7,8,4,6,9,7
1346,3,0,1,4,5,3,2,3,1,1,1
1347,8,2,5,5,9,9,8,4,6,9,8
1348,1,7,6,2,0,8,0,9,5,6,5
1349,2,0,4,4,8,2,6,3,1,5,6
1350,1,7,6,9,0,8,0,9,5,6,3
1351,6,3,2,7,1,5,9,2,3,2,9
1352,7,1,0,3,4,6,1,5,7,3,4
1353,8,2,5,5,9,9,8,4,6,9,2
1354,1,7,6,2,0,8,0,9,5,6,5
1355,8,2,7,5,9,7,8,4,6,9,8
1356,7,1,0,3,4,6,1,5,7,3,4
1357,2,3,4,6,8,2,6,3,9,5,6
1358,4,5,8,9,3,4,3,3,8,7,3
1359,2,0,4,4,8,2,6,3,1,5,6
1360,5,8,3,1,6,0,7,1,4,4,7
1361,5,5,3,1,6,0,7,1,4,4,7
1362,7,1,0,3,4,6,1,8,7,3,4
1363,3,6,1,8,5,3,2,6,0,1,1
1364,7,1,0,3,4,6,1,5,7,3,4
1365,9,9,9,2,7,1,5,7,2,0,5
1366,5,5,8,9,3,4,7,0,8,7,7
1367,3,0,1,4,5,3,2,6,1,1,1
1368,3,6,1,8,5,3,2,6,0,1,1
1369,9,9,9,2,7,1,5,7,2,0,5
1370,0,8,3,3,4,0,1,1,4,3,0
1371,3,0,1,4,5,3,2,6,1,1,1
1372,3,6,1,8,5,3,2,6,0,1,1
1373,8,2,7,5,9,7,8,4,6,9,0
1374,1,7,6,2,0,8,0,9,5,6,5
1375,9,9,9,2,7,1,5,7,2,0,5
1376,5,8,3,1,6,0,7,1,4,4,7
1377,2,0,4,4,8,2,6,3,1,5,6
1378,7,1,0,3,4,6,1,5,7,3,4
1379,0,4,7,0,2,7,4,4,6,8,0
1380,5,8,2,1,6,5,7,2,3,4,7
1381,8,2,5,5,9,9,8,4,6,9,2
1382,5,8,3,1,6,0,7,1,4,4,7
1383,8,4,7,0,2,7,4,4,6,8,0
1384,2,3,4,6,8,2,6,8,9,5,6
1385,6,5,2,7,1,5,9,2,3,2,9
1386,3,6,1,8,5,3,2,6,0,1,1
1387,2,0,4,4,8,2,6,3,1,5,6
1388,2,3,4,6,8,2,6,8,9,5,6
1389,4,5,8,9,3,4,3,3,8,7,3
1390,1,7,6,2,0,8,0,9,5,6,5
1391,6,5,2,7,1,5,9,2,3,2,9
1392,8,2,5,5,9,9,8,4,6,9,2
1393,4,5,8,9,3,4,3,0,8,7,3
1394,1,7,6,2,0,8,0,9,5,6,5
1395,6,5,2,7,1,5,9,2,3,2,9
1396,0,4,7,0,2,7,4,1,4,8,0
1397,6,5,2,7,1,5,9,2,3,2,9
1398,4,3,4,9,3,2,3,3,8,7,3
1399,0,4,3,0,2,7,4,1,4,8,0
1400,0,4,5,0,2,9,4,4,6,8,2
1401,0,8,3,1,2,0,4,1,4,8,0
1402,5,8,3,1,6,0,7,1,4,4,7
1403,3,0,1,4,5,3,2,6,1,1,1
1404,4,3,4,9,3,2,3,3,9,7,3
1405,9,9,9,2,7,1,5,7,2,0,5
1406,7,3,0,6,4,6,1,8,9,3,4
1407,6,5,2,7,1,5,9,2,3,2,9
1408,5,8,3,1,6,0,7,1,4,4,7
1409,7,1,0,3,4,6,1,5,7,3,4
1410,8,2,7,5,9,7,8,4,6,9,8
1411,9,9,7,9,7,7,5,3,2,0,8
1412,0,4,7,0,2,7,4,4,6,8,0
1413,2,2,7,5,8,2,8,3,6,5,8
1414,5,5,1,8,5,3,7,0,0,1,7
1415,4,5,8,9,3,4,3,3,8,7,3
1416,5,8,3,1,6,0,7,1,4,4,7
1417,8,2,5,5,9,9,8,4,6,9,2
1418,4,5,8,9,3,4,3,0,8,7,3
1419,2,3,9,6,8,1,5,7,2,5,6
1420,7,1,0,3,4,6,1,5,7,3,4
1421,8,2,9,5,9,1,8,4,6,9,8
1422,8,2,5,5,9,9,8,4,6,9,2
1423,8,2,7,5,9,7,8,3,6,9,8
1424,5,5,8,9,3,4,7,0,8,7,7
1425,9,9,9,2,7,1,5,7,2,0,5
1426,0,4,7,0,2,7,4,1,4,8,0
1427,6,5,2,7,1,5,9,2,3,2,9
1428,7,1,0,3,4,6,1,5,7,3,4
1429,2,3,4,6,8,2,6,8,9,5,6
1430,2,2,7,5,8,7,6,3,6,5,8
1431,8,2,7,5,9,7,8,4,6,9,8
1432,7,1,0,3,4,6,1,5,7,3,4
1433,9,9,9,2,7,1,5,7,2,0,5
1434,2,3,4,6,8,2,6,8,9,5,5
1435,4,5,8,2,3,4,3,3,8,7,3
1436,2,3,4,6,8,2,6,8,9,5,6
1437,8,2,5,5,9,9,8,4,6,9,2
1438,6,1,2,7,1,5,9,2,3,2,9
1439,2,3,4,6,8,2,6,3,9,5,6
1440,5,8,3,1,6,0,7,1,4,4,7
1441,8,2,9,5,9,1,8,4,2,9,8
1442,2,2,4,2,8,2,6,3,2,5,8
1443,3,0,1,4,5,3,2,3,1,1,1
1444,4,5,8,9,3,4,3,0,8,7,3
1445,9,9,9,2,7,1,5,7,2,0,5
1446,5,8,3,1,6,0,7,1,4,4,7
1447,5,5,2,7,1,5,7,2,3,2,7
1448,5,8,3,1,6,0,7,1,4,4,7
1449,7,0,0,4,4,6,1,5,1,3,4
1450,1,7,6,2,0,8,0,9,5,6,5
1451,8,2,5,5,9,9,8,4,6,9,8
1452,1,7,6,2,0,8,0,9,5,6,5
1453,2,3,4,6,8,2,6,8,9,5,6
1454,7,1,0,3,4,6,1,5,7,3,4
1455,9,9,9,2,7,1,5,7,2,0,8
1456,4,5,8,9,3,4,3,0,8,7,3
1457,2,2,4,5,9,2,8,8,9,9,8
1458,1,7,6,2,0,8,0,9,5,6,5
1459,8,2,7,5,9,7,8,4,6,9,8
1460,5,8,3,1,6,0,7,1,4,4,7
1461,9,9,9,1,7,1,5,7,2,0,7
1462,5,8,3,1,6,0,7,1,4,4,7
1463,9,9,9,2,7,1,5,7,2,0,5
1464,2,3,4,2,8,2,6,8,9,5,5
1465,8,2,7,5,9,7,8,4,6,9,8
1466,5,5,8,9,3,4,7,0,8,7,7
1467,9,9,9,2,7,1,5,3,2,0,5
1468,2,3,4,6,8,2,6,8,9,5,6
1469,2,5,4,7,8,2,6,2,3,5,6
1470,7,1,0,3,4,6,1,5,7,3,4
1471,3,0,1,4,5,3,2,6,1,1,1
1472,1,7,6,2,0,8,0,9,5,6,5
1473,9,9,9,2,7,1,5,7,2,0,5
1474,7,1,0,3,4,6,1,5,7,3,4
1475,2,3,4,6,8,2,6,8,9,5,8
1476,1,7,6,2,0,8,0,9,5,6,5
1477,9,9,9,2,7,1,5,7,2,0,8
1478,6,5,2,7,1,5,9,2,3,2,9
1479,3,0,1,4,5,3,2,6,1,1,1
1480,8,2,5,5,9,9,8,4,6,9,2
1481,9,9,9,2,7,1,5,7,2,0,5
1482,2,3,4,6,8,2,6,8,9,5,6
1483,9,9,9,2,7,1,5,7,2,0,5
1484,2,3,4,6,8,2,6,8,9,5,6
1485,9,2,7,2,9,1,8,3,2,9,8
1486,7,1,0,2,4,6,1,5,7,3,5
1487,8,2,7,5,9,7,8,4,6,9,8
1488,4,5,8,9,3,4,3,0,8,7,3
1489,3,0,1,4,5,3,2,6,1,1,1
1490,7,1,0,3,4,6,1,5,7,3,4
1491,8,2,5,5,9,9,8,4,6,9,8
1492,1,7,6,2,0,8,0,9,5,6,5
1493,4,5,8,9,3,4,3,0,8,7,3
1494,5,5,8,9,3,4,7,0,8,7,7
1495,3,0,1,4,5,3,2,6,1,1,1
1496,9,9,9,2,7,1,5,7,2,0,5
1497,9,9,9,2,7,1,5,7,2,0,5
1498,0,8,3,1,2,0,4,1,4,4,0
1499,8,2,5,5,9,9,8,4,6,9,8
1500,0,4,7,0,2,7,4,4,6,8,0
1501,3,0,1,4,5,3,2,6,1,1,1
1502,3,6,1,8,5,3,2,6,0,1,1
1503,4,5,8,9,3,4,3,3,8,7,3
1504,4,5,8,9,3,4,3,0,8,7,3
1505,2,3,4,6,8,2,6,8,9,5,6
1506,1,7,6,2,0,8,0,9,5,6,5
1507,8,2,7,5,9,7,8,4,6,9,8
1508,5,8,3,1,6,0,7,1,4,4,7
1509,4,5,7,9,3,7,3,3,8,7,8
1510,6,9,2,7,1,5,9,2,3,2,9
1511,5,8,3,1,6,0,7,1,4,4,7
1512,2,7,4,2,8,2,6,3,5,5,5
1513,8,2,5,5,9,9,8,4,6,9,8
1514,0,4,3,0,2,0,4,1,4,8,0
1515,4,5,8,9,3,4,3,3,8,7,3
1516,2,3,4,6,8,2,6,8,9,5,6
1517,3,0,1,4,5,3,2,6,1,1,1
1518,5,8,3,1,6,0,7,1,4,4,7
1519,9,9,9,6,7,1,5,7,2,0,6
1520,4,5,8,9,3,4,3,0,8,7,3
1521,9,9,9,2,7,1,5,7,2,0,5
1522,5,8,3,1,6,0,7,1,4,4,7
1523,8,2,5,5,9,9,8,4,6,9,8
1524,2,3,4,6,8,2,6,8,9,5,6
1525,8,2,5,5,9,9,8,4,6,9,8
1526,7,1,0,3,4,6,1,5,7,3,4
1527,9,9,9,2,7,1,5,7,2,0,5
1528,1,7,6,2,0,8,0,9,5,6,5
1529,6,9,2,7,1,5,9,3,3,2,9
1530,3,6,1,8,5,3,2,6,0,1,1
1531,9,9,9,2,7,1,5,1,2,0,7
1532,3,6,1,8,5,3,2,6,0,1,1
1533,2,3,4,6,8,2,6,3,9,5,6
1534,5,8,3,1,6,0,7,1,4,4,7
1535,9,9,9,2,7,1,5,7,2,0,5
1536,4,5,8,9,3,4,3,0,8,7,3
1537,5,2,7,1,6,7,7,1,2,4,8
1538,6,5,8,7,1,4,9,0,8,2,9
1539,6,5,2,7,1,5,9,2,3,2,9
1540,4,5,8,9,3,4,3,0,8,7,3
1541,5,8,7,1,6,7,7,1,2,4,7
1542,2,3,4,6,8,2,6,8,9,5,6
1543,2,3,4,6,8,2,6,8,9,5,6
1544,1,7,6,2,0,8,0,9,5,6,5
1545,9,9,9,2,7,1,5,7,2,0,5
1546,5,8,3,1,6,0,7,1,4,4,7
1547,8,2,5,5,9,9,8,4,6,9,8
1548,1,7,6,2,0,8,0,9,5,6,5
1549,6,5,2,7,1,5,9,2,3,2,9
1550,6,3,2,7,1,5,9,2,3,2,9
1551,2,3,4,7,8,2,6,3,3,5,6
1552,0,4,3,0,2,0,4,1,4,8,0
1553,4,5,8,9,3,4,3,3,8,7,3
1554,1,7,6,2,0,8,0,9,5,6,5
1555,8,2,7,5,9,7,8,4,6,9,8
1556,2,3,4,6,4,2,6,8,9,3,6
1557,9,9,9,2,7,1,5,3,2,0,5
1558,6,5,2,7,1,5,9,2,3,2,9
1559,6,9,2,7,1,5,9,3,2,2,9
1560,5,8,3,1,6,0,7,1,4,4,7
1561,6,5,2,7,1,5,9,2,3,2,9
1562,4,5,8,9,3,4,3,0,8,7,3
1563,6,5,2,7,1,5,9,2,3,2,9
1564,0,4,5,0,2,9,4,4,6,8,2
1565,8,2,7,5,9,7,8,4,6,9,8
1566,7,3,0,6,4,6,1,8,9,3,6
1567,4,5,8,9,3,4,3,3,8,7,3
1568,5,8,3,1,6,0,7,1,4,4,7
1569,8,2,7,5,9,7,8,4,6,9,8
1570,8,2,5,5,9,9,8,4,6,9,8
1571,3,0,1,4,5,3,2,3,1,1,1
1572,1,7,6,2,0,8,0,9,5,6,5
1573,5,8,3,1,6,0,7,1,4,4,7
1574,5,8,3,1,6,0,7,1,4,4,7
1575,9,9,9,2,7,1,5,3,2,0,8
1576,5,8,3,1,6,0,7,1,4,4,7
1577,2,2,7,5,9,7,8,3,6,9,8
1578,3,0,1,4,5,3,2,6,1,1,1
1579,9,9,9,2,7,1,5,7,2,0,5
1580,5,8,3,1,6,0,7,1,4,4,0
1581,7,1,0,3,4,6,1,5,7,3,4
1582,4,5,8,9,3,4,3,0,8,7,3
1583,7,1,0,3,4,6,1,5,7,3,4
1584,6,5,2,7,1,5,9,2,3,2,9
1585,8,2,7,5,9,7,8,4,6,9,8
1586,8,2,7,5,9,7,8,4,6,9,8
1587,4,5,8,9,3,4,3,3,8,7,8
1588,7,1,0,3,4,6,1,5,7,3,4
1589,8,2,5,5,9,9,8,4,6,9,8
1590,3,6,1,8,5,3,2,6,0,1,1
1591,8,2,7,5,9,7,8,4,6,9,8
1592,2,3,4,6,8,2,6,8,9,5,6
1593,9,9,9,6,8,1,5,3,2,5,6
1594,1,7,6,2,0,8,0,9,5,6,5
1595,5,8,7,1,6,7,7,3,3,4,7
1596,3,6,1,8,5,3,2,6,0,1,1
1597,9,9,9,2,7,1,5,7,2,0,5
1598,2,3,4,6,8,2,6,8,9,5,6
1599,2,3,4,6,8,2,6,8,9,5,6
1600,7,1,0,3,4,6,1,5,7,3,4
1601,9,9,9,2,7,1,5,7,2,0,5
1602,7,1,0,3,4,6,1,2,7,3,4
1603,2,3,4,6,8,2,6,8,9,5,6
1604,5,8,3,1,6,0,7,1,4,4,7
1605,3,0,1,4,5,3,2,6,1,1,1
1606,3,6,1,8,5,3,2,6,0,1,1
1607,1,7,6,2,0,8,0,9,5,6,5
1608,5,8,3,1,6,0,7,1,4,4,7
1609,6,1,2,7,1,5,9,2,3,2,9
1610,8,2,7,5,9,7,8,4,6,9,8
1611,7,1,0,3,4,6,1,5,7,3,4
1612,8,2,7,5,9,7,8,4,6,9,8
1613,5,4,3,1,6,0,7,1,4,4,7
1614,9,9,9,2,7,1,5,7,2,0,5
1615,2,3,4,6,8,2,6,8,9,5,6
1616,7,1,0,3,4,6,1,5,7,3,4
1617,4,5,8,9,3,4,3,3,8,7,3
1618,4,4,8,9,3,4,3,0,8,7,3
1619,8,4,5,0,2,9,4,4,6,8,2
1620,5,8,3,1,6,0,7,1,4,4,7
1621,2,3,4,6,8,2,6,8,9,5,6
1622,5,8,3,1,6,0,7,1,4,4,7
1623,0,4,7,0,2,7,4,4,6,8,0
1624,6,5,2,7,1,5,9,2,3,2,9
1625,3,0,1,4,5,3,2,6,1,1,1
1626,3,6,1,8,5,3,2,6,0,1,1
1627,9,9,9,2,7,1,5,7,2,0,5
1628,5,8,3,1,6,0,7,1,4,4,0
1629,6,5,2,7,1,5,9,2,3,2,9
1630,5,8,3,1,6,0,7,1,4,4,7
1631,7,1,0,3,4,6,1,5,7,3,4
1632,5,8,3,1,6,0,7,1,4,4,7
1633,5,8,3,1,6,0,7,1,4,4,7
1634,2,3,4,6,8,2,6,8,9,5,6
1635,8,2,7,5,9,7,8,3,6,9,8
1636,0,4,5,0,2,9,4,4,6,8,2
1637,4,5,8,9,3,4,3,0,8,7,3
1638,8,2,7,5,9,7,8,3,6,9,8
1639,8,2,5,5,9,9,8,4,6,9,2
1640,1,7,6,2,0,8,0,9,5,6,5
1641,2,3,4,6,8,2,6,8,9,5,6
1642,3,0,1,4,5,3,2,3,1,1,1
1643,8,2,7,5,9,7,8,4,6,9,0
1644,7,1,0,3,4,6,1,5,7,3,4
1645,3,6,1,8,5,3,2,6,0,1,1
1646,5,8,3,1,6,0,7,1,4,4,7
1647,9,9,9,2,7,1,5,7,2,0,5
1648,6,3,2,7,1,5,9,2,3,2,9
1649,6,5,2,7,1,5,9,2,3,2,9
1650,7,1,0,3,4,6,1,5,7,3,4
1651,7,1,0,3,4,6,1,5,7,3,4
1652,7,1,0,3,4,6,1,5,7,3,4
1653,0,4,3,1,2,0,4,1,4,8,0
1654,1,7,6,2,0,8,0,9,5,6,5
1655,0,4,5,0,2,9,4,4,6,8,2
1656,1,7,6,2,0,8,0,9,5,6,5
1657,2,3,4,6,8,2,6,8,9,5,6
1658,9,9,9,2,7,1,5,7,2,0,5
1659,8,2,7,5,9,7,8,4,6,9,8
1660,6,3,2,7,1,5,9,2,3,2,9
1661,6,5,2,7,1,5,9,3,3,2,9
1662,5,5,3,1,6,0,7,3,4,4,7
1663,0,4,7,0,2,7,4,1,4,8,0
1664,3,6,1,8,5,3,2,6,0,1,1
1665,9,9,9,2,7,1,5,7,2,0,5
1666,0,4,3,0,2,0,4,1,4,8,0
1667,8,2,7,5,9,7,8,4,6,9,8
1668,2,3,4,6,8,2,6,8,9,5,6
1669,4,5,8,9,3,4,3,0,8,7,3
1670,7,1,0,3,4,6,1,5,7,3,4
1671,4,5,8,9,3,4,3,3,8,7,3
1672,5,8,3,1,6,0,7,1,4,4,7
1673,8,4,5,0,2,9,4,4,6,8,2
1674,3,6,1,8,5,3,2,6,0,1,1
1675,7,1,0,3,4,6,1,5,7,3,4
1676,1,7,6,2,0,8,0,9,5,6,5
1677,7,1,0,3,4,6,1,5,7,3,4
1678,3,0,1,4,5,3,2,6,1,1,1
1679,6,5,2,7,1,5,9,2,3,2,9
1680,9,9,9,2,7,1,5,7,2,0,5
1681,9,9,9,2,7,1,5,7,2,0,5
1682,7,6,0,8,4,6,1,6,0,3,1
1683,8,2,7,5,9,7,8,4,6,9,8
1684,5,8,3,1,6,0,7,1,4,4,0
1685,5,8,3,1,6,0,7,1,4,4,7
1686,1,7,6,9,0,8,0,3,5,6,3
1687,8,2,5,5,9,9,8,4,6,9,2
1688,5,5,8,9,3,4,3,0,8,7,7
1689,7,1,0,3,4,6,1,5,7,3,4
1690,2,4,4,0,8,2,6,3,4,5,0
1691,2,3,4,6,8,2,6,3,9,5,6
1692,5,8,3,1,6,0,7,1,4,4,7
1693,0,4,7,0,2,7,4,4,6,8,0
1694,4,5,8,9,3,4,3,0,8,7,3
1695,0,4,7,0,2,7,4,1,4,8,0
1696,1,7,6,2,0,8,0,9,5,6,5
1697,9,9,9,2,7,1,5,7,2,0,5
1698,7,1,0,3,4,6,1,5,7,3,4
1699,1,7,9,2,0,1,0,7,5,6,5
1700,1,7,6,2,0,8,0,9,5,6,5
1701,3,6,1,8,5,3,2,6,0,1,1
1702,5,8,3,1,6,0,7,8,4,4,6
1703,9,9,9,2,7,1,5,7,2,0,5
1704,1,7,6,2,0,8,0,9,5,6,5
1705,0,4,7,0,2,7,4,4,6,8,0
1706,4,5,8,9,3,4,3,0,8,7,3
1707,4,5,8,9,3,4,3,0,8,7,3
1708,4,5,8,9,3,4,3,0,8,7,3
1709,3,6,1,8,5,3,2,6,0,1,1
1710,1,7,6,2,0,8,0,9,5,6,5
1711,6,9,2,7,1,5,9,2,3,2,9
1712,3,0,1,4,5,3,2,6,1,1,1
1713,2,3,4,6,8,2,6,8,9,5,6
1714,1,7,6,2,0,8,0,9,5,6,5
1715,6,5,2,7,1,5,9,2,3,2,9
1716,1,7,6,2,0,8,0,9,5,6,5
1717,9,9,9,2,7,1,5,7,2,0,5
1718,1,7,6,2,0,8,0,3,5,6,5
1719,0,4,5,0,2,9,4,4,6,8,2
1720,0,4,3,0,2,0,4,1,4,8,0
1721,0,4,3,0,2,0,4,1,4,8,0
1722,2,3,4,6,8,2,6,8,9,5,6
1723,3,6,1,8,5,3,2,6,0,1,1
1724,6,0,2,4,1,5,9,3,1,2,9
1725,3,6,1,8,5,3,2,6,0,1,1
1726,4,5,8,9,3,4,3,0,8,7,3
1727,6,5,2,7,1,5,9,2,3,2,9
1728,8,2,7,5,9,7,8,4,6,9,8
1729,3,6,1,8,5,3,2,6,0,1,1
1730,0,4,5,0,2,9,4,4,6,8,2
1731,4,5,8,9,3,4,3,0,8,7,3
1732,5,8,3,1,6,0,7,1,4,4,7
1733,0,4,7,0,2,7,4,1,4,8,0
1734,9,9,9,2,7,1,5,7,2,0,5
1735,6,9,2,7,1,5,9,2,3,2,9
1736,0,4,7,0,2,7,4,4,6,8,0
1737,7,1,0,3,4,6,1,5,7,3,4
1738,0,4,3,0,2,0,4,1,4,8,0
1739,0,4,5,0,2,9,4,4,6,8,2
1740,5,8,3,1,6,0,7,1,4,4,7
1741,4,5,8,9,3,4,3,3,8,7,3
1742,3,6,1,8,5,3,2,6,0,1,1
1743,0,4,7,0,2,7,4,1,4,8,0
1744,1,7,3,1,0,0,0,1,4,6,0
1745,2,3,4,6,8,2,6,8,9,5,6
1746,0,4,5,0,2,9,4,4,6,8,2
1747,8,2,5,5,9,9,8,4,6,9,2
1748,5,8,3,1,6,0,7,1,4,4,7
1749,2,3,4,6,8,2,6,8,9,5,6
1750,9,9,9,2,7,1,5,3,2,0,5
1751,0,4,7,0,2,7,4,1,4,8,0
1752,7,1,0,3,4,6,1,5,7,3,4
1753,7,1,0,7,4,6,1,2,3,3,4
1754,6,5,2,7,1,5,9,2,3,2,9
1755,7,1,0,3,4,6,1,5,7,3,4
1756,7,1,0,3,4,6,1,5,7,3,4
1757,5,8,3,1,6,0,7,1,4,4,7
1758,9,9,9,2,7,1,5,7,2,0,5
1759,2,3,7,6,8,7,6,8,9,5,8
1760,7,3,0,6,4,6,1,8,9,3,4
1761,4,5,8,9,3,4,3,3,8,7,3
1762,0,4,7,0,2,7,4,1,4,8,0
1763,8,2,7,5,9,7,8,4,6,9,8
1764,5,8,3,1,6,0,7,1,4,4,7
1765,8,2,7,5,9,7,8,4,6,9,8
1766,6,5,2,7,1,5,9,2,3,2,9
1767,8,2,7,5,9,7,8,4,6,9,8
1768,4,5,8,9,3,4,3,0,8,7,3
1769,3,6,1,8,5,3,2,6,0,1,1
1770,8,4,5,0,2,9,4,4,6,8,2
1771,3,6,1,8,5,3,2,6,0,1,1
1772,0,4,3,0,2,0,4,1,4,8,0
1773,2,3,4,6,8,2,6,8,9,5,6
1774,6,5,2,7,1,5,9,2,3,2,9
1775,3,6,1,8,5,3,2,6,0,1,1
1776,2,3,4,6,8,2,6,3,9,5,6
1777,2,3,4,6,8,2,6,8,9,5,6
1778,7,1,0,3,4,6,1,5,7,3,4
1779,4,5,8,9,3,4,3,3,8,7,3
1780,2,3,4,6,8,2,6,8,9,5,6
1781,4,5,8,9,3,4,3,0,8,7,3
1782,5,5,8,2,3,4,7,0,8,7,7
1783,2,3,4,6,8,2,6,8,9,5,6
1784,2,3,4,6,8,2,6,3,9,5,6
1785,9,9,9,2,7,1,5,3,2,0,5
1786,1,7,6,2,0,8,0,9,5,6,5
1787,9,9,9,2,7,1,5,7,2,0,5
1788,2,3,4,6,8,2,6,8,9,5,6
1789,8,2,5,5,9,9,8,4,6,9,2
1790,7,1,0,3,4,6,1,5,7,3,4
1791,2,1,4,3,8,2,6,5,7,5,6
1792,4,5,8,9,3,4,3,0,8,7,3
1793,2,3,4,6,8,2,6,8,9,5,6
1794,5,8,3,1,6,0,7,1,4,4,7
1795,9,9,9,2,7,1,5,3,2,0,8
1796,3,6,1,8,5,3,2,6,0,1,1
1797,3,6,1,4,5,3,2,6,0,1,1
1798,3,6,1,8,5,3,2,6,0,1,1
1799,2,3,4,6,8,2,6,3,9,5,6
1800,6,5,2,7,1,5,9,2,3,2,9
1801,4,5,8,9,3,4,3,3,8,7,3
1802,4,5,8,9,3,4,3,0,8,7,3
1803,8,2,5,5,9,9,8,4,6,9,2
1804,8,4,7,2,2,7,8,4,6,8,0
1805,2,3,4,6,8,2,6,8,9,5,6
1806,2,3,7,6,8,7,6,8,9,5,0
1807,9,9,9,2,7,1,5,7,2,0,5
1808,0,4,3,0,2,0,4,1,4,8,0
1809,7,1,0,3,4,6,1,5,7,3,4
1810,8,2,7,5,9,7,8,3,6,9,8
1811,8,2,7,5,9,7,8,4,6,9,0
1812,1,7,6,9,0,8,0,9,5,6,3
1813,9,2,9,2,7,1,5,3,2,0,8
1814,6,5,2,7,1,5,9,3,3,2,9
1815,9,9,9,2,7,1,5,7,2,0,5
1816,1,7,6,2,0,8,0,9,5,6,5
1817,2,2,7,5,8,7,8,3,6,5,8
1818,8,2,7,5,9,7,8,4,6,9,8
1819,3,6,1,8,5,3,2,6,0,1,1
1820,5,8,3,1,6,0,7,1,4,4,7
1821,8,2,5,5,9,9,8,4,6,9,8
1822,1,7,6,2,0,8,0,9,5,6,5
1823,6,5,2,7,1,5,9,2,3,2,9
1824,7,1,0,3,4,6,1,5,7,3,4
1825,0,4,5,0,2,9,4,4,6,8,2
1826,5,8,3,1,6,0,7,1,4,4,7
1827,8,2,7,5,9,7,8,4,6,9,7
1828,3,6,1,8,5,3,2,6,0,1,1
1829,2,3,4,6,8,2,6,8,9,5,6
1830,4,5,8,9,3,4,3,0,8,7,3
1831,9,9,9,2,7,1,5,7,2,0,5
1832,1,7,6,2,0,8,0,9,5,6,5
1833,8,2,5,5,9,9,8,4,6,9,2
1834,2,3,4,6,8,2,6,8,9,5,6
1835,4,5,8,9,3,4,3,3,8,7,3
1836,7,1,0,3,4,6,1,5,7,3,4
1837,3,6,1,4,5,3,2,6,1,1,1
1838,1,7,6,2,0,8,0,9,5,6,5
1839,1,7,6,2,0,8,0,9,5,6,5
1840,5,8,3,1,6,0,7,1,4,4,7
1841,4,5,8,9,3,4,3,0,8,7,3
1842,5,8,3,1,6,0,7,1,4,4,0
1843,7,1,0,3,4,6,1,5,7,3,4
1844,4,5,8,9,3,4,3,0,8,7,3
1845,5,8,3,1,6,0,7,1,4,4,7
1846,9,9,9,2,7,1,5,7,2,0,5
1847,2,3,4,6,8,2,6,8,9,5,6
1848,8,4,5,0,9,9,8,4,6,9,2
1849,4,5,8,9,3,4,3,0,8,7,3
1850,0,4,7,0,2,7,4,1,4,8,0
1851,5,8,3,1,6,0,7,1,4,4,7
1852,1,7,6,2,0,8,0,9,5,6,5
1853,2,3,4,6,8,2,6,8,9,5,6
1854,0,4,7,0,2,7,4,4,6,8,0
1855,5,8,3,1,6,0,7,1,4,4,0
1856,2,3,4,6,8,2,6,8,9,5,6
1857,3,6,1,8,5,3,2,6,0,1,1
1858,0,8,3,0,2,0,4,1,4,8,2
1859,9,9,9,2,7,1,5,7,2,0,5
1860,9,9,9,2,7,1,5,7,2,0,5
1861,4,5,8,9,3,4,3,0,8,7,3
1862,7,1,0,3,4,6,1,5,7,3,4
1863,7,1,0,3,4,6,1,5,7,3,4
1864,2,3,4,6,8,2,6,8,9,5,6
1865,5,8,7,1,6,7,7,1,4,4,7
1866,4,5,8,9,3,4,3,0,8,7,3
1867,8,2,7,5,9,1,8,4,2,9,8
1868,3,6,1,8,5,3,2,6,0,1,1
1869,4,5,8,9,3,4,3,0,8,7,3
1870,2,7,6,0,8,8,6,9,5,5,6
1871,0,4,5,0,2,9,4,4,6,8,2
1872,7,1,0,3,4,6,1,5,7,3,4
1873,2,3,4,6,8,2,6,8,9,5,6
1874,6,1,2,7,1,5,9,2,3,2,9
1875,9,9,9,2,7,1,5,7,2,0,5
1876,3,6,1,8,5,3,2,6,0,1,1
1877,3,0,1,4,5,3,2,6,1,1,1
1878,0,4,3,0,2,0,4,1,4,8,0
1879,1,7,6,2,0,8,0,9,5,6,5
1880,1,7,6,2,0,8,0,9,5,6,5
1881,5,5,3,1,6,0,7,1,8,4,7
1882,0,4,3,0,2,0,4,1,4,8,0
1883,7,1,0,3,4,6,1,5,7,3,4
1884,5,8,3,1,6,0,7,1,4,4,0
1885,0,4,7,0,2,7,4,1,4,8,0
1886,5,8,8,1,6,4,7,0,8,4,7
1887,7,1,0,3,4,6,1,5,7,3,4
1888,5,8,3,1,6,0,7,1,4,4,7
1889,4,5,8,9,3,4,3,3,8,7,3
1890,4,7,6,2,0,8,3,3,5,6,5
1891,8,2,5,5,9,9,8,4,6,9,2
1892,4,5,8,9,3,4,3,0,8,7,3
1893,2,3,4,6,8,2,6,8,9,5,6
1894,6,5,2,7,1,5,9,2,3,2,9
1895,8,2,7,5,9,7,8,4,6,9,8
1896,6,5,2,7,1,5,9,2,3,2,9
1897,3,0,1,4,5,3,2,6,1,1,1
1898,4,5,8,9,3,4,3,0,8,7,3
1899,0,4,5,0,2,9,4,4,6,8,2
1900,7,1,0,3,4,6,1,5,7,3,4
1901,2,3,4,6,8,2,6,8,9,5,6
1902,1,7,6,2,0,8,0,3,5,6,5
1903,0,4,7,0,2,7,4,4,6,8,0
1904,0,4,4,0,2,2,4,3,4,8,0
1905,0,4,7,0,2,7,4,4,6,8,0
1906,9,9,9,2,7,1,5,7,2,0,5
1907,3,0,1,4,5,3,2,6,1,1,1
1908,1,7,6,2,0,8,0,3,5,6,5
1909,9,9,9,2,7,1,5,7,2,0,5
1910,1,7,6,2,0,8,0,9,5,6,5
1911,5,8,3,1,6,0,7,1,4,4,7
1912,5,8,3,1,6,0,7,1,4,4,7
1913,2,0,4,4,8,2,6,3,1,5,6
1914,2,3,4,6,8,2,6,8,9,5,6
1915,9,9,9,2,7,1,5,7,2,0,5
1916,5,6,3,1,6,0,7,1,0,4,7
1917,4,5,8,9,3,4,3,3,8,7,3
1918,4,5,8,9,3,4,3,0,8,7,3
1919,8,2,5,5,9,9,8,4,6,9,2
1920,2,3,4,6,8,2,6,8,9,5,6
1921,7,1,0,3,4,6,1,5,7,3,4
1922,5,8,3,1,6,0,7,1,4,4,7
1923,6,5,2,7,1,5,9,2,3,2,9
1924,2,3,4,6,8,2,6,8,9,5,6
1925,0,4,3,0,2,0,4,1,4,8,0
1926,3,6,1,8,5,3,2,6,0,1,1
1927,3,0,1,4,5,3,2,6,1,1,1
1928,0,4,6,0,2,8,4,9,5,8,0
1929,7,0,4,4,8,2,1,5,1,5,6
1930,3,0,1,4,5,3,2,6,1,1,1
1931,9,9,9,2,7,1,5,3,2,0,5
1932,5,8,3,1,6,0,7,1,4,4,7
1933,8,2,5,5,9,9,8,4,6,9,2
1934,5,8,3,1,6,0,7,1,4,4,0
1935,6,0,2,7,1,5,9,3,3,2,9
1936,1,7,6,2,0,8,0,9,5,6,5
1937,0,4,7,0,2,7,4,4,6,8,8
1938,9,9,9,2,7,1,5,9,2,0,5
1939,0,4,7,0,2,7,4,4,6,8,0
1940,5,8,3,1,6,0,7,1,4,4,7
1941,7,1,0,3,4,6,1,5,7,3,4
1942,1,7,6,2,0,8,0,9,5,6,5
1943,2,3,4,6,8,2,6,8,9,5,6
1944,8,2,5,5,9,9,8,4,6,9,8
1945,1,7,6,2,0,8,0,9,5,6,5
1946,5,8,3,1,6,0,7,1,4,4,7
1947,6,5,2,7,1,5,9,2,3,2,9
1948,0,4,7,0,2,7,4,8,4,8,0
1949,0,4,7,0,2,7,4,4,6,8,0
1950,5,8,3,1,6,0,7,1,4,4,7
1951,4,5,8,9,3,4,3,3,8,7,3
1952,6,5,2,7,1,5,9,2,3,2,9
1953,0,4,5,0,2,9,4,4,6,8,2
1954,6,9,2,7,1,5,9,2,3,2,9
1955,2,3,4,6,8,2,6,5,9,5,6
1956,3,0,1,4,5,3,2,6,1,1,1
1957,4,5,8,9,3,4,3,0,8,7,3
1958,0,4,5,0,2,9,4,1,4,8,2
1959,7,1,0,3,4,6,1,8,7,3,4
1960,5,8,3,1,6,0,7,1,4,4,0
1961,7,1,0,3,4,6,1,5,7,3,4
1962,0,8,3,0,2,0,4,1,4,8,0
1963,3,0,1,4,5,3,2,6,1,1,1
1964,7,1,0,3,4,6,1,5,7,3,4
1965,2,3,4,6,8,2,6,3,9,5,6
1966,7,1,0,3,4,6,1,5,7,3,4
1967,0,4,7,0,2,7,4,4,6,8,0
1968,0,4,3,0,2,0,4,1,4,8,0
1969,3,0,1,4,5,3,2,6,1,1,1
1970,8,2,7,2,9,7,8,3,6,9,8
1971,2,0,4,4,8,2,6,2,1,5,6
1972,6,5,2,7,1,5,9,2,3,2,9
1973,0,4,7,0,2,7,4,1,4,8,0
1974,7,1,0,3,4,6,1,5,7,3,4
1975,0,4,5,0,2,9,4,4,6,8,2
1976,5,8,3,1,6,0,7,1,4,4,7
1977,9,9,9,2,7,1,5,7,2,0,5
1978,2,3,4,6,4,2,6,8,9,5,6
1979,5,8,3,1,6,0,7,1,4,4,7
1980,4,5,8,9,3,4,3,0,8,7,3
1981,4,0,8,9,3,4,3,3,8,7,3
1982,0,4,3,0,2,0,4,1,4,8,0
1983,0,4,5,0,2,9,4,4,6,8,2
1984,5,8,3,1,6,0,7,1,4,4,0
1985,4,5,8,9,3,4,3,0,8,7,3
1986,4,5,8,9,3,4,3,0,8,7,3
1987,4,5,8,9,3,4,3,0,8,7,3
1988,9,9,9,2,7,1,5,7,2,0,5
1989,9,9,9,2,7,1,5,7,2,0,5
1990,4,5,8,9,3,4,3,0,8,7,3
1991,2,3,4,6,8,2,6,3,9,5,6
1992,1,7,7,2,0,7,0,9,5,6,5
1993,2,0,4,4,8,2,6,5,1,5,6
1994,7,1,0,3,4,6,1,5,7,3,4
1995,3,6,1,8,5,3,2,6,0,1,1
1996,7,1,0,3,4,6,1,5,7,3,4
1997,7,1,0,3,4,6,1,5,7,3,4
1998,6,5,2,7,1,5,9,2,3,2,9
1999,3,0,1,4,5,3,2,6,1,1,1
2000,4,5,8,9,3,4,3,0,8,7,3
2001,2,3,4,6,8,2,6,8,9,5,6
2002,7,8,0,1,4,6,1,8,7,3,4
2003,8,2,7,5,9,7,8,4,6,9,8
2004,6,5,2,7,1,5,9,2,3,2,9
2005,4,5,8,9,3,4,3,0,8,7,3
2006,8,2,7,5,9,7,8,4,6,9,8
2007,0,4,5,0,2,9,4,4,6,8,2
2008,1,7,6,2,0,8,0,9,5,6,5
2009,3,0,1,4,5,3,2,6,1,1,1
2010,2,3,4,6,8,2,6,8,9,5,6
2011,7,1,0,3,4,6,1,5,7,3,4
2012,1,7,6,2,0,8,0,9,5,6,5
2013,2,3,4,6,8,2,6,8,9,5,6
2014,5,8,3,1,6,0,7,1,4,4,7
2015,1,7,6,2,0,8,0,9,5,6,5
2016,5,3,3,6,6,0,7,8,9,4,0
2017,6,5,2,7,1,5,9,2,3,2,9
2018,9,9,9,2,7,1,5,7,2,0,5
2019,4,5,8,9,3,4,3,0,8,7,3
2020,4,5,8,9,3,4,3,0,8,7,3
2021,7,1,0,3,4,6,1,5,7,3,4
2022,6,5,2,7,1,5,9,2,3,2,9
2023,2,3,4,6,8,2,6,8,9,5,6
2024,0,4,5,0,2,9,4,1,4,8,2
2025,4,5,8,9,3,4,3,3,8,7,3
2026,2,3,4,6,8,2,6,8,9,5,6
2027,0,4,5,0,2,9,4,1,4,8,2
2028,2,3,4,6,8,2,6,8,9,5,6
2029,2,5,4,3,8,2,6,3,7,5,6
2030,1,7,6,0,0,8,0,9,5,6,0
2031,5,8,3,1,6,0,7,1,4,4,7
2032,5,8,3,1,6,0,7,1,4,4,7
2033,0,4,7,0,2,7,4,4,6,8,0
2034,5,5,2,1,6,5,7,2,3,4,7
2035,4,5,8,9,3,4,3,0,8,7,3
2036,5,8,3,1,6,0,7,1,4,4,7
2037,2,3,4,6,8,2,6,3,9,5,6
2038,2,1,4,3,8,2,6,5,7,5,6
2039,9,9,9,2,7,1,5,7,2,0,5
2040,1,7,6,0,0,8,0,9,5,6,0
2041,0,4,7,0,2,7,4,4,6,8,0
2042,1,7,6,2,0,8,0,9,5,6,5
2043,2,3,4,6,8,2,6,8,9,5,6
2044,1,7,6,2,0,8,0,9,5,6,5
2045,9,9,9,2,7,1,5,7,2,0,5
2046,8,4,7,5,9,7,8,4,6,9,0
2047,9,9,9,2,7,1,5,7,2,0,5
2048,8,2,5,5,9,9,8,4,6,9,8
2049,9,9,9,2,7,1,5,3,2,0,8
2050,0,4,3,0,2,0,4,1,4,8,0
2051,3,6,1,4,5,3,2,6,1,1,1
2052,5,8,3,1,6,0,7,1,4,4,0
2053,6,5,2,7,1,5,9,2,3,2,9
2054,0,4,5,0,2,9,4,4,6,8,2
2055,8,4,5,5,9,9,8,4,6,9,2
2056,7,1,0,3,4,6,1,5,7,3,4
2057,2,3,4,6,8,2,6,8,9,5,6
2058,3,6,1,8,5,3,2,6,0,1,1
2059,4,5,8,9,3,4,3,0,8,7,3
2060,5,8,3,1,6,0,7,1,4,4,7
2061,4,5,8,9,3,4,3,3,8,7,3
2062,4,5,8,9,3,4,3,0,8,7,3
2063,2,3,4,6,8,2,6,8,9,5,6
2064,6,8,3,1,6,0,9,1,4,4,0
2065,6,5,2,7,1,5,9,2,3,2,9
2066,2,3,4,6,8,2,6,3,9,5,6
2067,2,3,4,6,8,2,6,8,9,5,6
2068,7,1,0,3,4,6,1,5,7,3,4
2069,5,8,3,1,6,0,7,1,4,4,0
2070,9,9,9,2,7,1,5,7,2,0,5
2071,8,2,7,5,9,7,8,4,6,9,0
2072,5,8,3,1,6,0,7,1,4,4,0
2073,6,5,2,7,1,5,9,2,3,2,9
2074,7,1,0,3,4,6,1,5,7,3,4
2075,6,5,2,7,1,5,9,2,3,2,9
2076,1,7,6,2,0,8,0,3,5,6,5
2077,2,3,4,6,8,2,6,8,9,5,6
2078,9,9,9,3,7,1,5,7,2,0,4
2079,3,0,1,4,5,3,2,6,1,1,1
2080,7,1,0,3,4,6,1,5,7,3,4
2081,3,0,1,4,5,3,2,6,1,1,1
2082,3,0,1,4,5,3,2,6,1,1,1
2083,9,9,9,2,7,1,5,7,2,0,5
2084,3,6,1,8,5,3,2,6,0,1,1
2085,6,5,2,7,1,5,9,2,3,2,9
2086,9,9,9,2,7,1,5,7,2,0,5
2087,7,1,0,3,4,6,1,5,7,3,4
2088,7,1,0,3,4,6,1,5,7,3,4
2089,8,2,7,5,9,7,8,4,6,9,0
2090,0,4,5,0,2,9,4,1,4,8,2
2091,2,3,4,6,8,2,6,8,9,5,6
2092,5,8,3,1,6,0,7,1,4,4,0
2093,4,5,8,9,3,4,3,0,8,7,3
2094,1,7,6,2,0,8,0,9,5,6,5
2095,0,4,3,0,2,0,4,1,4,8,2
2096,4,5,8,9,3,4,3,0,8,7,3
2097,2,3,4,6,8,2,6,8,9,5,6
2098,8,2,5,5,9,9,8,4,6,9,2
2099,0,4,7,0,2,7,4,4,6,8,0
2100,3,6,1,8,5,3,2,6,0,1,1
2101,3,0,1,4,5,3,2,6,1,1,1
2102,0,4,3,0,2,0,4,1,4,8,2
2103,1,7,6,2,0,8,0,9,5,6,5
2104,6,5,2,7,1,5,9,2,3,2,9
2105,6,5,2,7,1,5,9,2,3,2,9
2106,0,4,3,1,2,0,4,1,4,4,0
2107,7,1,0,3,4,6,1,5,7,3,4
2108,9,9,9,2,7,1,5,7,2,0,5
2109,0,8,3,0,2,0,4,1,4,8,0
2110,9,9,9,2,7,1,5,7,2,0,5
2111,2,0,4,4,8,2,6,3,1,5,6
2112,3,6,1,8,5,3,2,6,0,1,1
2113,4,5,8,9,3,4,3,0,8,7,3
2114,2,1,4,3,8,2,6,3,7,5,6
2115,0,4,5,0,2,9,4,1,4,8,2
2116,8,2,7,5,9,7,8,4,6,9,8
2117,2,3,4,6,8,2,6,8,9,5,6
2118,5,8,3,1,6,0,7,1,4,4,7
2119,8,2,7,5,9,7,8,4,6,9,0
2120,2,3,4,6,8,2,6,8,9,5,6
2121,3,0,1,4,5,3,2,6,1,1,1
2122,9,9,9,2,7,1,5,7,2,0,5
2123,9,9,9,2,7,1,5,7,2,0,5
2124,7,1,0,3,4,6,1,5,7,3,4
2125,6,5,2,7,1,5,9,2,3,2,9
2126,5,5,8,1,3,4,7,0,8,7,7
2127,7,1,0,3,4,6,1,5,7,3,0
2128,7,1,0,3,4,6,1,5,7,3,4
2129,5,8,7,1,6,7,7,1,6,4,7
2130,7,1,0,3,4,6,1,5,7,3,4
2131,2,3,4,6,8,2,6,3,9,5,6
2132,9,9,9,2,7,1,5,7,2,0,5
2133,0,4,5,0,2,9,4,1,4,8,2
2134,1,7,6,2,0,8,0,9,5,6,5
2135,2,3,4,6,8,2,6,8,9,5,6
2136,1,7,6,2,0,8,0,9,5,6,5
2137,8,2,7,5,9,7,8,4,6,9,8
2138,4,5,8,9,3,4,3,3,8,7,3
2139,7,3,0,6,4,6,1,8,9,3,0
2140,8,2,5,5,9,9,8,4,6,9,8
2141,0,4,6,0,2,8,4,9,5,8,0
2142,8,2,5,5,9,9,8,4,6,9,8
2143,7,1,0,3,4,6,1,5,7,3,4
2144,3,0,1,4,5,3,2,6,1,1,1
2145,0,4,5,0,2,9,4,1,4,8,2
2146,7,1,0,3,4,6,1,5,7,3,4
2147,3,6,1,8,5,3,2,6,0,1,1
2148,4,5,8,9,3,4,3,0,8,7,7
2149,7,1,0,3,4,6,1,5,7,3,4
2150,0,4,7,0,2,7,4,8,6,8,0
2151,1,7,6,2,0,8,0,9,5,6,5
2152,4,5,8,9,3,4,3,0,8,7,3
2153,4,5,8,9,3,4,3,0,8,7,3
2154,1,7,6,2,0,8,0,9,5,6,5
2155,7,3,0,3,4,6,1,8,9,3,4
2156,4,5,8,9,3,4,3,0,8,7,3
2157,0,4,7,0,2,7,4,1,4,8,0
2158,4,5,8,9,3,4,3,0,8,7,3
2159,9,9,9,2,7,1,5,7,2,0,5
2160,3,0,1,4,5,3,2,6,1,1,1
2161,0,4,5,0,2,9,4,1,4,8,2
2162,1,7,6,2,0,8,0,9,5,6,5
2163,4,5,8,9,3,4,3,0,8,7,3
2164,5,8,3,1,6,0,7,1,4,4,7
2165,2,3,4,6,8,2,6,8,9,5,6
2166,9,9,9,2,7,1,5,7,2,0,5
2167,4,5,8,9,3,4,3,0,8,7,3
2168,1,7,6,2,0,8,0,9,5,6,5
2169,8,2,7,5,9,7,8,4,6,9,8
2170,7,1,0,3,4,6,1,5,7,3,4
2171,6,5,2,7,1,5,9,2,3,2,9
2172,7,1,0,3,4,6,1,5,7,3,4
2173,0,4,5,0,2,9,4,1,4,8,2
2174,2,3,4,6,8,2,6,8,9,5,6
2175,2,3,4,6,8,2,6,8,9,5,6
2176,5,8,3,1,6,0,7,1,4,4,7
2177,9,9,9,2,7,1,5,7,2,0,5
2178,4,5,8,9,3,4,3,0,8,7,3
2179,2,3,4,6,8,2,6,8,9,5,6
2180,7,1,0,3,4,6,1,8,7,3,4
2181,0,4,3,0,2,0,4,1,4,8,0
2182,7,8,3,3,4,0,1,1,4,3,4
2183,7,1,0,3,4,6,1,5,7,3,4
2184,7,1,0,3,4,6,1,5,7,3,4
2185,0,4,7,0,2,7,4,4,6,8,0
2186,7,1,0,3,4,6,1,5,7,3,4
2187,0,4,5,0,2,9,4,1,4,8,2
2188,1,7,6,2,0,8,0,9,5,6,5
2189,6,5,2,7,1,5,9,2,3,2,9
2190,5,8,3,1,6,0,7,1,4,4,7
2191,3,6,1,8,5,3,2,6,0,1,1
2192,2,3,4,6,8,2,6,3,9,5,6
2193,2,3,4,6,8,2,6,8,9,5,6
2194,0,4,7,0,2,7,4,4,6,8,0
2195,3,6,1,8,5,3,2,6,0,1,1
2196,4,5,8,9,3,4,3,0,8,7,3
2197,1,7,6,2,0,8,0,9,5,6,5
2198,1,7,6,2,0,8,0,9,5,6,5
2199,0,4,3,0,2,0,4,1,4,8,0
2200,7,1,0,3,4,6,1,5,7,3,4
2201,6,5,2,7,1,5,9,2,3,2,9
2202,1,7,6,2,0,8,0,9,5,6,5
2203,7,1,0,3,4,6,1,5,7,3,4
2204,5,8,3,1,6,0,7,1,4,4,7
2205,6,5,2,7,1,5,9,2,3,2,9
2206,0,4,7,0,2,7,4,4,6,8,0
2207,7,1,0,3,4,6,1,5,7,3,4
2208,8,2,7,2,9,7,8,4,6,9,5
2209,4,5,8,9,3,4,3,0,8,7,3
2210,2,3,4,6,8,2,6,8,9,5,6
2211,4,1,8,9,3,4,3,0,8,7,3
2212,4,5,8,9,3,4,3,0,8,7,3
2213,5,8,3,1,6,0,7,1,4,4,7
2214,4,5,8,9,3,4,3,0,8,7,3
2215,2,3,4,6,8,2,6,8,9,5,6
2216,0,4,3,0,2,0,4,1,4,8,0
2217,0,4,7,0,2,7,4,4,6,8,0
2218,7,1,0,3,4,6,1,5,7,3,4
2219,0,4,7,0,2,7,4,4,6,8,0
2220,1,7,6,2,0,8,0,9,5,6,5
2221,0,4,7,0,2,7,4,1,4,8,0
2222,0,4,7,0,2,7,4,1,4,8,0
2223,0,4,5,0,2,9,4,1,4,8,2
2224,0,4,7,0,2,7,4,4,6,8,0
2225,1,7,6,2,0,8,0,9,5,6,5
2226,4,5,8,9,3,4,3,3,8,7,3
2227,1,7,6,2,0,8,0,9,5,6,5
2228,7,1,0,3,4,6,1,5,7,3,4
2229,0,4,5,0,2,9,4,1,4,8,2
2230,7,1,0,3,4,6,1,5,7,3,4
2231,6,3,2,7,1,5,9,2,3,2,9
2232,7,1,0,3,4,6,1,5,7,3,4
2233,7,1,0,3,4,6,1,5,7,3,4
2234,4,5,8,9,3,4,3,0,8,7,3
2235,0,4,7,0,2,7,4,1,4,8,0
2236,5,8,3,1,6,0,7,0,0,4,7
2237,2,3,3,6,6,0,6,8,9,4,6
2238,8,2,5,5,9,9,8,4,6,9,8
2239,4,5,8,9,3,4,3,0,8,7,3
2240,5,8,3,1,6,0,7,1,4,4,7
2241,7,1,0,3,4,6,1,5,7,3,4
2242,4,5,8,9,3,4,3,0,8,7,3
2243,7,1,0,3,4,6,1,8,7,3,4
2244,5,8,3,1,6,0,7,1,4,4,7
2245,3,0,1,4,5,3,2,6,1,1,1
2246,0,4,3,0,2,0,4,1,4,8,2
2247,8,2,7,5,9,7,8,4,6,9,8
2248,7,1,0,3,4,6,1,5,7,3,4
2249,4,5,8,9,3,4,3,3,8,7,3
2250,2,3,4,6,8,2,6,8,9,5,6
2251,6,5,2,7,1,5,9,2,3,2,9
2252,1,7,6,2,0,8,0,9,5,6,5
2253,3,6,1,8,5,3,2,6,0,1,1
2254,0,4,3,0,2,0,4,1,4,8,0
2255,1,7,6,2,0,8,0,9,5,6,5
2256,5,8,3,1,6,0,7,1,4,4,7
2257,3,6,1,8,5,3,2,6,0,1,1
2258,3,1,1,3,5,3,2,6,7,1,1
2259,4,5,8,9,3,4,3,0,8,7,3
2260,1,7,6,2,0,8,0,9,5,6,5
2261,6,5,2,7,1,5,9,2,3,2,9
2262,4,5,8,9,3,4,3,0,8,7,3
2263,7,1,0,3,4,6,1,5,7,3,4
2264,5,8,3,1,6,0,7,1,4,4,7
2265,2,3,4,6,8,2,6,8,9,5,6
2266,2,3,4,6,8,2,6,8,9,5,6
2267,0,4,7,0,2,7,4,1,4,8,0
2268,7,3,0,6,4,6,1,8,9,3,4
2269,3,6,1,8,5,3,2,6,0,1,1
2270,6,5,2,7,1,5,9,2,3,2,9
2271,0,4,5,0,2,9,4,4,6,8,2
2272,2,0,4,6,8,2,6,3,7,5,6
2273,6,5,2,7,1,5,9,2,3,2,9
2274,5,8,3,1,6,0,7,1,4,4,0
2275,7,3,0,6,4,6,1,8,9,3,6
2276,0,4,7,0,2,7,4,4,6,8,0
2277,8,4,7,0,2,7,4,4,6,8,0
2278,4,5,8,9,3,4,3,0,8,7,3
2279,2,3,4,6,8,2,6,8,9,5,6
2280,6,5,2,7,1,5,9,2,3,2,9
2281,7,1,0,3,4,6,1,5,7,3,4
2282,7,1,0,3,4,6,1,5,7,3,4
2283,6,5,2,7,1,5,9,2,3,2,9
2284,5,8,3,1,6,0,7,1,4,4,7
2285,7,1,0,3,4,6,1,8,7,3,4
2286,1,7,6,2,0,8,0,9,5,6,5
2287,7,1,0,3,4,6,1,5,7,3,4
2288,6,5,2,7,1,5,9,2,3,2,9
2289,0,8,3,1,6,0,7,1,4,4,0
2290,5,2,7,5,9,7,8,4,6,9,7
2291,4,5,8,9,3,4,3,0,8,7,3
2292,5,8,3,1,6,0,7,1,0,4,7
2293,4,5,8,9,3,4,3,0,8,7,3
2294,0,4,7,0,2,7,4,4,6,8,0
2295,4,5,8,9,3,4,3,0,8,7,3
2296,4,5,8,9,3,4,3,0,8,7,3
2297,0,4,5,0,2,9,4,4,6,8,2
2298,3,6,1,8,5,3,2,6,0,1,1
2299,0,4,3,0,2,0,4,1,4,8,0
2300,4,5,8,9,3,4,3,0,8,7,3
2301,9,9,9,2,7,1,5,7,2,0,5
2302,7,1,0,3,4,6,1,5,7,3,4
2303,7,1,0,3,4,6,1,5,7,3,4
2304,5,8,3,1,6,0,7,1,4,4,7
2305,6,5,2,7,1,5,9,2,3,2,9
2306,1,7,6,2,0,8,0,9,5,6,5
2307,1,7,6,2,0,8,0,9,5,6,5
2308,0,4,7,0,2,7,4,3,6,8,0
2309,6,5,2,7,1,5,9,2,3,2,9
2310,7,6,0,8,4,6,1,5,0,3,4
2311,4,5,8,9,3,4,3,0,8,7,3
2312,5,8,3,1,6,0,7,1,4,4,7
2313,2,3,4,6,8,2,6,8,9,5,6
2314,6,5,2,7,1,5,9,2,3,2,9
2315,7,1,0,3,4,6,1,5,7,3,4
2316,1,7,6,2,0,8,0,9,5,6,5
2317,0,4,7,0,2,7,4,1,4,8,0
2318,1,7,6,2,0,8,0,9,5,6,5
2319,0,4,5,0,2,9,4,1,4,8,2
2320,2,3,4,6,8,2,6,3,9,5,6
2321,0,4,7,0,2,7,4,1,4,8,0
2322,6,5,2,7,1,5,9,2,3,2,9
2323,0,4,7,0,2,7,4,1,4,8,0
2324,5,5,2,7,1,5,7,2,3,2,7
2325,3,6,1,8,5,3,2,6,0,1,1
2326,1,7,6,2,0,8,0,9,5,6,5
2327,3,6,1,8,5,3,2,6,0,1,1
2328,7,1,0,3,4,6,1,5,7,3,4
2329,7,1,0,3,4,6,1,5,7,3,4
2330,2,4,4,6,8,2,6,8,9,5,0
2331,0,4,7,0,2,7,4,4,6,8,0
2332,6,5,2,7,1,5,9,2,3,2,9
2333,3,0,1,4,5,3,2,6,1,1,1
2334,0,4,7,0,2,7,4,1,4,8,0
2335,9,9,9,2,7,1,5,7,2,0,5
2336,1,7,6,2,0,8,0,9,5,6,5
2337,6,5,2,7,1,5,9,2,3,2,9
2338,5,8,3,1,6,0,7,1,4,4,0
2339,2,3,4,6,8,2,6,8,9,5,6
2340,7,6,0,8,4,6,1,6,0,3,4
2341,8,2,7,5,9,7,8,4,6,9,8
2342,7,3,0,3,4,6,1,8,7,3,4
2343,9,9,9,2,7,1,5,3,2,0,5
2344,0,4,3,0,2,0,4,1,4,8,2
2345,4,5,8,9,3,4,3,3,8,7,3
2346,6,9,2,7,1,5,9,2,3,2,9
2347,8,2,5,5,9,9,8,4,6,9,8
2348,8,2,5,5,9,9,8,4,6,9,2
2349,9,9,9,6,7,1,5,3,2,0,8
2350,7,1,0,3,4,6,1,5,7,3,4
2351,8,2,7,5,9,7,8,4,6,9,8
2352,5,6,8,1,6,4,7,0,0,4,7
2353,3,0,1,4,5,3,2,6,1,1,1
2354,6,5,2,7,1,5,9,2,3,2,9
2355,9,9,9,2,7,1,5,7,2,0,5
2356,1,7,6,2,0,8,0,9,5,6,5
2357,6,5,2,7,1,5,9,2,3,2,9
2358,2,3,4,6,8,2,6,8,9,5,6
2359,6,3,2,7,1,5,9,2,3,2,9
2360,5,8,3,1,6,0,7,1,4,4,7
2361,8,2,7,5,9,7,8,4,6,9,8
2362,1,7,6,2,0,8,0,9,5,6,5
2363,9,9,9,2,7,1,5,3,2,0,5
2364,5,8,3,1,6,0,7,1,4,4,0
2365,4,5,8,9,3,4,3,3,8,7,3
2366,1,7,6,2,0,8,0,9,5,6,5
2367,8,2,5,5,9,9,8,4,6,9,8
2368,7,1,0,3,4,6,1,5,7,3,4
2369,9,9,9,2,7,1,5,3,2,0,8
2370,0,4,7,0,2,7,4,4,6,8,0
2371,8,2,7,5,9,2,8,4,6,9,8
2372,4,7,6,2,3,8,3,3,8,7,3
2373,3,0,1,4,5,3,2,6,1,1,1
2374,9,9,9,2,7,1,5,7,2,0,5
2375,9,9,9,2,7,1,5,7,2,0,5
2376,0,4,6,0,2,8,4,1,4,8,0
2377,6,5,2,7,1,5,9,2,3,2,9
2378,7,1,0,3,4,6,1,8,7,3,4
2379,9,9,9,5,7,1,5,7,2,0,8
2380,0,4,5,0,2,9,4,1,4,8,2
2381,8,0,5,4,9,9,8,3,1,9,8
2382,2,3,4,6,8,2,6,8,9,5,6
2383,9,9,9,6,7,1,5,3,2,0,8
2384,1,7,6,2,0,8,0,9,5,6,5
2385,8,2,7,5,9,7,8,4,6,9,8
2386,0,8,3,0,6,0,4,1,4,4,2
2387,4,5,8,9,3,4,3,3,8,7,3
2388,2,3,4,6,8,2,6,8,9,5,6
2389,6,5,2,7,1,5,9,2,3,2,9
2390,5,8,3,1,6,0,7,1,4,4,7
2391,8,2,5,5,9,9,8,4,6,9,8
2392,8,2,7,5,9,7,8,4,6,9,8
2393,9,9,9,2,7,1,5,7,2,0,5
2394,7,1,0,3,4,6,1,5,7,3,4
2395,2,3,4,6,8,2,6,3,9,5,6
2396,3,6,1,8,5,3,2,6,0,1,1
2397,4,5,8,9,3,4,3,0,8,7,3
2398,0,4,3,0,2,0,4,1,4,8,0
2399,6,5,2,7,1,5,9,2,3,2,9
2400,7,3,0,6,4,6,1,8,9,3,4
2401,9,9,9,2,7,1,5,3,2,0,8
2402,6,2,2,7,1,5,9,2,3,2,9
2403,3,0,1,4,5,3,2,6,1,1,1
2404,3,0,1,4,5,3,2,6,1,1,1
2405,9,2,9,2,7,1,5,3,2,0,8
2406,6,5,2,7,1,5,9,3,3,2,9
2407,8,2,7,5,9,7,8,4,6,9,8
2408,2,3,4,6,8,2,6,3,9,5,6
2409,6,5,2,7,1,5,9,2,3,2,9
2410,1,7,6,2,0,8,0,9,5,6,5
2411,3,0,1,4,5,3,2,6,1,1,1
2412,7,1,0,3,4,6,1,5,7,3,4
2413,2,3,4,6,8,2,6,8,9,5,6
2414,7,1,0,3,4,6,1,5,7,3,4
2415,9,9,9,2,7,1,5,7,2,0,5
2416,0,4,7,0,2,7,4,1,4,8,0
2417,8,2,5,5,9,9,8,4,6,9,8
2418,6,5,2,7,1,5,9,2,3,2,9
2419,9,9,9,2,7,1,5,7,2,0,5
2420,5,8,3,1,6,0,7,1,4,4,7
2421,2,3,4,6,8,2,6,3,2,5,8
2422,4,5,8,9,3,4,3,3,8,7,3
2423,9,9,9,7,7,1,5,2,2,0,9
2424,5,8,3,1,6,0,7,1,4,4,7
2425,9,9,9,2,7,1,5,7,2,0,5
2426,9,9,9,2,7,1,5,7,2,0,8
2427,8,2,5,5,9,9,8,4,6,9,8
2428,2,3,4,6,8,2,6,8,9,5,6
2429,9,9,9,2,7,1,5,7,2,0,5
2430,7,1,0,3,4,6,1,5,7,3,4
2431,8,2,5,5,9,9,8,4,6,9,8
2432,1,7,6,2,0,8,0,9,5,6,5
2433,8,2,5,5,9,9,8,4,6,9,8
2434,0,4,7,0,2,7,4,1,4,8,0
2435,2,0,4,4,8,2,6,3,1,5,6
2436,7,1,0,3,4,6,1,5,7,3,4
2437,9,9,9,2,7,1,5,7,2,0,5
2438,0,4,7,0,2,7,4,1,4,8,0
2439,8,2,7,5,9,7,8,4,6,9,8
2440,3,0,1,4,5,3,2,3,1,1,1
2441,8,2,7,5,9,7,8,4,6,9,8
2442,1,7,6,2,0,8,0,9,5,6,5
2443,8,2,7,5,9,7,8,4,6,9,8
2444,1,7,6,2,0,8,0,9,5,6,5
2445,9,2,4,2,8,2,6,3,2,5,8
2446,1,7,6,2,0,8,0,9,5,6,5
2447,8,2,5,5,9,9,8,4,6,9,8
2448,1,7,6,2,0,8,0,9,5,6,5
2449,8,2,7,5,9,7,8,4,6,9,8
2450,4,5,8,9,3,4,3,0,8,7,3
2451,8,2,7,5,9,7,8,4,6,9,8
2452,5,8,3,1,6,0,7,1,4,4,7
2453,8,2,7,5,9,7,8,4,6,9,8
2454,6,1,2,7,1,5,9,2,3,2,9
2455,8,2,5,5,9,9,8,4,6,9,8
2456,2,3,4,6,8,2,6,8,9,5,6
2457,6,5,2,7,1,5,9,2,3,2,9
2458,0,8,3,0,2,0,4,1,4,8,0
2459,4,5,8,9,3,4,3,3,8,7,3
2460,0,4,3,0,2,0,4,1,4,8,0
2461,9,9,9,2,7,1,5,7,2,0,5
2462,9,9,9,2,7,1,5,7,2,0,5
2463,2,3,4,6,8,2,6,5,9,5,6
2464,6,5,2,7,1,5,9,2,3,2,9
2465,8,2,7,5,9,7,8,4,6,9,8
2466,5,8,3,1,6,0,7,1,4,4,7
2467,8,2,7,5,9,7,8,4,6,9,8
2468,1,7,6,3,0,8,0,9,5,6,4
2469,2,3,4,6,8,2,6,8,9,5,6
2470,4,5,8,9,3,4,3,0,8,7,3
2471,8,2,7,5,9,7,8,4,6,9,8
2472,9,9,9,2,7,1,5,7,5,0,5
2473,3,0,1,4,5,3,2,6,1,1,1
2474,4,5,8,9,3,4,3,3,8,7,3
2475,2,3,4,6,8,2,6,8,9,5,6
2476,7,1,0,3,4,6,1,5,7,3,4
2477,8,2,5,5,9,9,8,4,6,9,8
2478,7,1,0,3,4,6,1,5,7,3,4
2479,4,5,8,9,3,4,3,3,8,7,3
2480,4,7,6,9,3,8,3,9,5,7,3
2481,2,3,4,6,8,2,6,8,9,5,6
2482,7,1,0,3,4,6,1,5,7,3,4
2483,3,6,1,4,5,3,2,6,1,1,1
2484,8,2,7,5,9,7,8,3,8,9,8
2485,8,2,7,5,9,7,8,4,6,9,8
2486,4,1,8,9,3,4,3,3,8,7,3
2487,4,5,8,9,3,4,3,0,8,7,3
2488,0,4,3,0,2,0,4,1,4,8,0
2489,2,3,4,6,8,2,6,8,9,5,6
2490,0,4,3,0,2,0,4,1,4,8,0
2491,8,2,5,5,9,9,8,4,6,9,8
2492,0,4,6,0,2,8,4,1,4,8,2
2493,3,0,1,4,5,3,2,6,1,1,1
2494,4,5,8,9,3,4,3,0,8,7,3
2495,9,9,9,2,7,1,5,7,2,0,5
2496,4,5,8,9,3,4,3,0,8,7,7
2497,9,9,9,2,7,1,5,7,2,0,5
2498,4,5,8,9,3,4,3,0,8,7,3
2499,6,5,2,7,1,5,9,2,3,2,9
2500,3,6,1,8,5,3,2,6,0,1,1
2501,8,2,7,5,9,7,8,4,6,9,8
2502,0,4,5,0,2,9,4,1,4,8,2
2503,2,3,4,6,8,2,6,8,9,5,6
2504,4,5,8,9,3,4,3,3,8,7,3
2505,9,9,9,2,7,1,5,7,2,0,5
2506,7,1,0,3,4,6,1,5,7,3,4
2507,2,3,4,6,8,2,6,8,9,5,6
2508,6,5,2,7,1,5,9,2,3,2,9
2509,8,2,7,5,9,7,8,4,6,9,8
2510,6,5,2,7,1,5,9,2,3,2,9
2511,2,3,4,6,8,2,6,8,9,5,6
2512,0,4,5,0,2,9,4,9,5,8,2
2513,6,5,2,7,1,5,9,2,3,2,9
2514,0,4,7,0,2,7,4,4,6,8,0
2515,8,2,7,5,9,7,8,3,2,9,8
2516,4,5,8,9,3,4,3,3,8,7,3
2517,6,5,2,7,1,5,9,2,3,2,9
2518,6,5,2,7,1,5,9,2,3,2,9
2519,4,5,8,9,3,4,3,0,8,7,3
2520,5,8,3,1,6,0,7,1,4,4,7
2521,8,2,7,5,9,7,8,4,6,9,8
2522,0,4,5,0,2,9,4,1,4,8,2
2523,4,5,8,9,3,4,3,0,8,7,3
2524,7,1,0,3,4,6,1,5,7,3,4
2525,3,0,1,4,5,3,2,6,1,1,1
2526,7,6,0,8,4,6,1,5,0,3,4
2527,2,0,4,6,8,2,6,3,9,5,6
2528,3,0,1,4,5,3,2,6,1,1,1
2529,2,3,4,6,8,2,6,8,9,5,6
2530,9,9,9,2,7,1,5,7,2,0,5
2531,2,3,4,6,8,2,6,8,9,5,6
2532,3,6,1,8,5,3,2,6,0,1,1
2533,4,5,8,9,3,4,3,0,8,7,3
2534,7,1,0,3,4,6,1,5,7,3,4
2535,2,3,4,6,8,2,6,8,9,5,6
2536,7,1,0,3,4,6,1,5,7,3,4
2537,9,9,9,2,7,1,5,3,2,0,8
2538,2,0,4,4,8,2,6,3,1,5,6
2539,3,0,1,4,5,3,2,6,1,1,1
2540,0,4,5,0,2,9,4,4,6,8,2
2541,2,3,4,6,8,2,6,8,9,5,6
2542,0,4,7,0,2,7,4,4,6,8,0
2543,8,2,5,5,9,9,8,4,6,9,8
2544,2,3,4,6,8,2,6,8,9,5,6
2545,4,5,8,9,3,4,3,0,8,7,3
2546,1,4,6,0,2,8,4,9,5,8,5
2547,9,9,9,2,7,1,5,7,2,0,5
2548,5,8,3,1,6,0,7,1,4,4,7
2549,9,9,9,2,7,1,5,3,2,0,5
2550,1,7,6,2,0,8,0,9,5,6,5
2551,9,9,9,2,7,1,5,3,2,0,5
2552,9,9,9,2,7,1,5,7,2,0,5
2553,8,2,7,5,9,7,8,3,6,9,8
2554,7,1,0,3,4,6,1,5,7,3,4
2555,9,2,9,5,7,1,5,3,2,0,8
2556,1,7,6,2,0,8,0,9,5,6,5
2557,3,0,1,4,5,3,2,3,1,1,1
2558,0,4,3,0,2,0,4,1,4,8,2
2559,2,2,4,6,9,2,8,8,9,9,8
2560,0,4,7,0,2,7,4,1,4,8,0
2561,3,0,1,4,5,3,2,3,1,1,1
2562,0,4,3,0,2,0,4,1,4,8,0
2563,9,9,9,2,7,1,5,7,2,0,5
2564,1,7,6,2,0,8,0,9,5,6,5
2565,6,5,2,7,1,5,9,2,3,2,9
2566,0,4,3,0,2,0,4,1,4,8,0
2567,7,1,0,3,4,6,1,5,7,3,4
2568,7,1,0,3,4,6,1,5,7,3,4
2569,5,4,7,1,2,7,7,1,4,8,0
2570,4,5,8,9,3,4,3,0,8,7,3
2571,7,1,0,3,4,6,1,5,7,3,4
2572,1,7,6,2,0,8,0,9,5,6,5
2573,4,5,8,9,3,4,3,0,8,7,3
2574,0,4,3,0,2,0,4,1,4,8,0
2575,8,2,5,5,9,9,8,4,6,9,2
2576,8,2,5,5,9,9,8,4,6,9,8
2577,2,3,4,6,8,2,6,8,9,5,6
2578,8,2,7,5,9,7,8,4,6,9,8
2579,8,4,5,0,2,9,4,4,6,8,2
2580,1,7,6,2,0,8,0,9,5,6,5
2581,3,0,1,4,5,3,2,6,1,1,1
2582,7,1,0,3,4,6,1,5,7,3,4
2583,9,9,9,2,7,1,5,7,2,0,5
2584,3,0,1,4,5,3,2,6,1,1,1
2585,6,5,2,7,1,5,9,2,3,2,9
2586,7,6,0,8,4,6,1,5,0,3,4
2587,7,1,0,3,4,6,1,5,7,3,4
2588,5,8,3,1,6,0,7,1,4,4,7
2589,5,2,7,5,9,7,7,4,6,9,0
2590,4,5,8,9,3,4,3,3,8,7,3
2591,8,2,5,5,9,9,8,4,6,9,8
2592,7,1,0,3,4,6,1,5,7,3,4
2593,2,3,4,6,8,2,6,8,9,5,6
2594,1,7,6,2,0,8,0,9,5,6,5
2595,8,2,7,5,9,7,8,4,6,9,8
2596,5,8,3,1,6,0,7,1,4,4,7
2597,3,0,1,4,5,3,2,6,1,1,1
2598,2,3,4,6,8,2,6,8,9,5,6
2599,9,9,9,2,7,1,5,7,2,0,5
2600,1,4,6,0,2,8,0,9,5,8,0
2601,6,5,2,7,1,5,9,2,3,2,9
2602,4,5,8,9,3,4,3,0,8,7,3
2603,7,1,0,3,4,6,1,5,7,3,4
2604,9,9,9,2,7,1,5,7,2,0,5
2605,7,1,0,3,4,6,1,5,7,3,4
2606,3,6,1,8,5,3,2,6,0,1,1
2607,4,5,8,9,3,4,3,0,8,7,3
2608,5,8,3,1,6,0,7,1,4,4,7
2609,9,9,9,5,7,1,5,7,2,0,8
2610,9,3,9,2,7,1,5,8,2,0,5
2611,2,3,4,6,8,2,6,8,9,5,6
2612,5,8,3,1,6,0,7,1,4,4,2
2613,8,2,7,5,9,7,8,4,6,9,8
2614,5,8,8,1,6,4,7,0,8,4,7
2615,2,0,4,4,8,2,6,3,1,5,6
2616,1,7,6,2,0,8,0,9,5,6,5
2617,3,0,1,4,5,3,2,6,1,1,1
2618,8,2,5,5,9,9,8,4,6,9,5
2619,9,9,9,2,7,1,5,7,2,0,5
2620,7,1,0,3,4,6,1,5,7,3,4
2621,3,0,1,4,5,3,2,6,1,1,1
2622,7,1,0,3,4,6,1,5,7,3,4
2623,9,9,9,2,7,1,5,7,2,0,5
2624,3,0,1,4,5,3,2,6,1,1,1
2625,6,5,2,7,1,5,9,2,3,2,9
2626,6,5,2,7,1,5,9,2,3,2,9
2627,7,1,0,3,4,6,1,5,7,3,4
2628,1,3,6,6,0,8,0,8,9,6,5
2629,3,0,1,4,5,3,2,6,1,1,1
2630,1,7,6,2,0,8,0,9,5,6,5
2631,4,5,8,9,3,4,3,3,8,7,3
2632,7,1,0,3,4,6,1,5,7,3,4
2633,8,2,7,5,9,7,8,4,6,9,8
2634,9,9,9,5,7,1,5,7,2,0,8
2635,4,5,8,9,3,4,3,0,8,7,3
2636,7,6,0,8,4,6,1,5,0,3,4
2637,4,5,8,9,3,4,3,3,8,7,3
2638,4,5,8,9,3,4,3,0,8,7,3
2639,9,2,7,5,9,7,8,3,4,9,8
2640,5,8,3,1,6,0,7,1,4,4,7
2641,6,5,2,7,1,5,9,2,3,2,9
2642,3,6,1,8,5,3,2,6,0,1,1
2643,8,4,7,0,2,7,4,4,6,8,0
2644,4,5,8,9,3,4,3,3,8,7,3
2645,9,9,9,2,7,1,5,7,2,0,5
2646,2,3,4,6,8,2,6,3,9,5,8
2647,8,2,7,5,9,7,8,4,6,9,8
2648,7,1,0,3,4,6,1,5,7,3,2
2649,8,2,7,5,9,7,8,4,6,9,8
2650,0,8,3,1,6,0,4,1,4,4,2
2651,2,0,4,6,8,2,6,3,9,5,6
2652,7,1,0,3,4,6,1,5,7,3,4
2653,8,2,5,5,9,9,8,4,6,9,2
2654,1,7,6,2,0,8,0,9,5,6,5
2655,2,3,4,6,8,2,6,3,9,5,6
2656,4,5,8,9,3,4,3,0,8,7,3
2657,4,5,8,9,3,4,3,0,8,7,3
2658,0,4,5,0,2,9,4,4,6,8,2
2659,5,8,3,1,6,0,7,1,4,4,7
2660,7,1,0,3,4,6,1,5,7,3,4
2661,2,3,4,6,8,2,6,8,9,5,6
2662,4,5,8,9,3,4,3,0,8,7,3
2663,9,9,9,2,7,1,5,7,2,0,5
2664,6,5,2,7,1,5,9,2,3,2,9
2665,5,8,3,1,6,7,7,1,4,4,0
2666,8,2,5,5,9,9,8,4,6,9,2
2667,9,9,9,2,7,1,5,7,2,0,5
2668,2,3,4,6,8,2,6,8,9,5,6
2669,7,1,0,3,4,6,1,8,7,3,4
2670,6,5,2,7,1,5,9,2,3,2,9
2671,7,1,0,3,4,6,1,5,7,3,4
2672,7,1,0,3,4,6,1,5,7,3,4
2673,8,2,5,5,9,9,8,4,6,9,8
2674,7,1,0,3,4,6,1,5,7,3,4
2675,7,1,0,3,4,6,1,5,7,3,4
2676,6,5,2,7,1,5,9,2,3,2,9
2677,8,2,7,5,9,7,8,4,6,9,8
2678,7,1,0,3,4,6,1,5,7,3,4
2679,2,3,4,6,8,2,6,8,9,5,6
2680,5,5,8,9,3,4,7,0,8,7,7
2681,2,3,4,6,8,2,6,8,3,5,6
2682,7,1,0,3,4,6,1,5,7,3,4
2683,2,3,4,6,8,2,6,8,9,5,6
2684,6,5,2,7,1,5,9,2,3,2,9
2685,2,3,4,6,8,2,6,8,9,5,6
2686,0,4,7,0,2,7,4,4,6,8,0
2687,2,3,4,6,8,2,6,8,9,5,6
2688,1,7,6,2,0,8,0,9,5,6,5
2689,0,4,7,0,2,7,4,4,6,8,0
2690,0,4,3,0,2,0,4,1,4,8,0
2691,8,2,5,5,9,9,8,4,6,9,8
2692,9,9,9,2,7,1,5,7,2,0,5
2693,6,5,2,7,1,5,9,2,3,2,9
2694,6,5,2,7,1,5,9,2,3,2,9
2695,9,9,9,2,7,1,5,7,2,0,5
2696,5,8,3,1,6,0,7,1,4,4,7
2697,0,4,7,0,2,7,4,4,6,8,0
2698,7,1,0,3,4,6,1,5,7,3,4
2699,2,3,4,6,8,2,6,8,9,5,6
2700,6,5,2,7,1,5,9,2,3,2,9
2701,8,2,5,5,9,9,8,4,6,9,8
2702,5,8,3,1,6,0,7,1,4,4,7
2703,8,2,7,5,9,7,8,4,6,9,8
2704,0,4,5,0,2,9,4,1,4,8,2
2705,2,1,4,3,8,2,6,5,7,5,6
2706,5,8,3,1,6,0,7,1,4,4,7
2707,6,5,2,7,1,5,9,2,3,2,9
2708,1,7,6,2,0,8,0,9,5,6,5
2709,3,0,1,4,5,3,2,6,1,1,1
2710,4,5,8,9,3,4,3,0,8,7,3
2711,8,2,5,5,9,9,8,4,6,9,8
2712,0,4,7,0,2,7,4,1,4,8,0
2713,9,9,9,2,7,1,5,7,2,0,5
2714,1,7,6,2,0,8,0,9,5,6,5
2715,4,5,7,9,3,7,3,3,8,7,8
2716,1,7,6,2,0,8,0,9,5,6,5
2717,9,9,9,2,7,1,5,7,2,0,5
2718,4,0,8,9,3,4,3,3,8,7,3
2719,9,9,9,2,7,1,5,7,2,0,5
2720,1,7,6,0,0,8,0,9,5,6,5
2721,6,5,2,7,1,5,9,2,3,2,9
2722,0,4,3,0,2,0,4,1,4,8,0
2723,4,5,8,9,3,4,3,0,8,7,3
2724,0,4,7,0,2,7,4,4,6,8,0
2725,9,9,9,2,7,1,5,7,2,0,5
2726,2,3,4,6,4,2,6,8,9,3,6
2727,2,3,4,6,8,2,6,8,9,5,6
2728,8,2,7,5,9,7,8,4,2,9,8
2729,3,6,1,8,5,3,2,6,0,1,1
2730,1,7,6,2,0,8,0,9,5,6,5
2731,1,7,6,2,0,8,0,9,5,6,5
2732,5,8,3,1,6,0,7,1,4,4,7
2733,6,5,2,7,1,5,9,2,3,2,9
2734,7,1,0,3,4,6,1,5,7,3,4
2735,7,1,0,3,4,6,1,5,7,3,4
2736,3,6,1,8,5,3,2,6,0,1,1
2737,5,8,3,1,6,0,7,1,4,4,7
2738,7,1,0,3,4,6,1,5,7,3,4
2739,0,4,3,0,2,0,4,8,9,8,0
2740,7,1,0,3,4,6,1,5,7,3,4
2741,5,5,8,9,3,4,7,0,8,7,7
2742,0,4,3,0,2,0,4,1,4,8,0
2743,5,8,3,1,6,0,7,1,4,4,7
2744,7,1,4,3,4,6,1,5,7,3,6
2745,3,6,1,8,5,3,2,6,0,1,1
2746,3,6,1,8,5,3,2,6,0,1,1
2747,1,7,6,2,0,8,0,9,5,6,5
2748,3,0,1,4,5,3,2,3,1,1,1
2749,6,5,2,7,1,5,9,2,3,2,9
2750,0,4,3,0,2,0,4,1,4,8,2
2751,7,1,0,3,4,6,1,5,7,3,4
2752,0,4,5,0,2,9,4,4,6,8,2
2753,5,8,3,1,6,0,7,1,4,4,0
2754,8,2,5,5,9,9,8,4,6,9,8
2755,0,4,7,0,2,7,4,4,6,8,0
2756,4,5,8,2,3,4,3,3,2,7,5
2757,4,5,8,9,3,4,3,0,8,7,3
2758,7,1,0,3,4,6,1,5,7,3,4
2759,0,4,3,0,2,0,4,1,4,8,2
2760,7,1,0,3,4,6,1,5,7,3,4
2761,2,3,4,6,8,2,6,8,9,5,6
2762,1,7,6,2,0,8,0,9,5,6,5
2763,5,8,3,1,6,0,7,1,4,4,7
2764,0,4,3,0,2,0,4,1,4,8,0
2765,5,8,3,1,6,0,7,1,4,4,7
2766,0,4,5,0,2,9,4,9,5,8,2
2767,1,7,6,2,0,8,0,9,5,6,5
2768,2,3,4,6,8,2,6,8,9,5,6
2769,6,5,2,7,1,5,9,2,3,2,9
2770,3,0,1,4,5,3,2,6,1,1,1
2771,7,1,0,3,4,6,1,5,7,3,4
2772,5,8,3,1,6,0,7,1,4,4,0
2773,5,8,3,1,6,0,7,1,4,4,7
2774,1,7,6,3,0,8,0,9,5,6,4
2775,8,2,7,5,9,7,8,3,6,9,8
2776,1,7,6,2,0,8,0,9,5,6,5
2777,4,5,8,9,3,4,3,0,8,7,3
2778,0,4,5,0,2,9,4,4,6,8,2
2779,5,4,3,1,6,0,7,1,4,4,7
2780,7,1,0,3,4,6,1,5,7,3,4
2781,7,1,0,3,4,6,1,5,7,3,4
2782,3,6,1,8,5,3,2,6,0,1,1
2783,6,5,2,7,1,5,9,2,3,2,9
2784,9,9,9,2,7,1,5,7,2,0,5
2785,4,5,8,9,3,4,3,0,8,7,3
2786,7,1,0,3,4,6,1,5,7,3,4
2787,5,8,3,1,6,0,7,1,4,4,7
2788,7,1,0,3,4,6,1,5,7,3,4
2789,4,5,8,9,3,4,3,0,8,7,3
2790,9,9,9,7,7,1,5,7,2,0,9
2791,9,9,9,2,7,1,5,7,2,0,5
2792,1,7,6,2,0,8,0,9,5,6,5
2793,8,2,7,5,9,7,8,4,6,9,8
2794,1,7,6,2,0,8,0,9,5,6,5
2795,8,2,7,5,9,7,8,4,6,9,8
2796,7,1,0,3,4,6,1,5,7,3,4
2797,8,2,7,5,9,7,8,4,6,9,8
2798,5,8,3,1,6,0,7,6,0,4,7
2799,5,2,7,1,6,7,7,4,6,4,7
2800,0,4,3,0,2,0,4,1,4,8,0
2801,4,5,8,9,3,4,3,0,8,7,3
2802,1,7,6,2,0,8,0,9,5,6,5
2803,4,1,8,9,3,4,3,3,7,7,3
2804,5,8,3,1,6,0,7,1,4,4,7
2805,7,1,0,3,4,6,1,5,7,3,4
2806,3,6,1,8,5,3,2,6,0,1,1
2807,9,9,9,2,7,1,5,7,2,0,5
2808,5,8,3,1,6,0,7,1,4,4,7
2809,5,4,7,1,6,7,7,1,4,4,0
2810,2,3,4,6,8,2,6,8,9,5,6
2811,9,9,9,2,7,1,5,7,2,0,5
2812,6,9,2,7,1,5,9,2,3,2,9
2813,6,5,2,7,1,5,9,2,3,2,9
2814,8,2,5,5,9,9,8,4,6,9,2
2815,5,8,3,1,6,0,7,1,4,4,7
2816,7,1,0,3,4,6,1,5,7,3,4
2817,4,5,8,9,3,4,3,3,8,7,3
2818,7,1,0,3,4,6,1,5,7,3,4
2819,5,8,3,1,6,0,7,1,4,4,7
2820,7,1,0,3,4,6,1,5,7,3,4
2821,0,4,3,0,2,7,4,1,4,8,0
2822,4,5,8,9,3,4,3,0,8,7,3
2823,9,9,9,2,7,1,5,7,2,0,5
2824,9,9,9,7,7,1,5,7,2,0,9
2825,0,4,5,0,2,9,4,1,4,8,2
2826,7,1,0,3,4,6,1,5,7,3,4
2827,0,4,7,0,2,7,4,1,4,8,0
2828,4,5,8,9,3,4,3,0,8,7,3
2829,5,8,3,1,6,0,7,1,4,4,7
2830,1,7,6,2,0,8,0,9,5,6,5
2831,9,9,9,2,7,1,5,7,2,0,5
2832,0,4,3,0,2,0,4,1,4,8,0
2833,7,1,0,3,4,6,1,5,7,3,4
2834,1,7,6,2,0,8,0,9,5,6,5
2835,0,4,5,0,2,9,4,1,4,8,2
2836,4,5,8,9,3,4,3,0,8,7,3
2837,4,5,8,9,3,4,3,0,8,7,3
2838,1,7,6,2,0,8,0,9,5,6,5
2839,3,6,1,8,5,3,2,6,0,1,1
2840,6,5,2,7,1,5,9,2,3,2,9
2841,8,3,7,6,9,7,8,8,9,9,8
2842,8,2,7,5,9,7,8,4,6,9,8
2843,9,9,9,2,7,1,5,7,2,0,5
2844,9,9,9,2,7,1,5,7,5,0,5
2845,7,1,0,3,4,6,1,5,7,3,4
2846,6,5,2,7,1,5,9,2,3,2,9
2847,6,5,2,7,1,5,9,2,3,2,9
2848,8,2,5,5,9,9,8,4,6,9,2
2849,4,5,8,9,3,4,3,0,8,7,3
2850,4,5,8,9,3,4,3,0,8,7,3
2851,6,5,2,7,1,5,9,2,3,2,9
2852,0,4,5,0,2,9,4,4,6,8,0
2853,9,9,9,2,7,1,5,7,2,0,5
2854,3,6,1,8,5,3,2,6,0,1,1
2855,6,5,2,7,1,5,9,2,3,2,9
2856,0,4,7,0,2,7,4,4,6,8,2
2857,8,2,7,5,9,7,8,3,6,9,8
2858,1,7,6,2,0,8,0,9,5,6,5
2859,8,2,8,5,3,4,8,0,8,7,7
2860,0,4,7,0,2,7,4,4,6,8,0
2861,2,3,7,6,8,7,6,8,9,5,0
2862,4,5,8,9,3,4,3,0,8,7,3
2863,4,0,8,9,3,4,3,3,8,7,3
2864,3,6,1,8,5,3,2,6,0,1,1
2865,8,4,5,0,9,9,8,4,6,9,2
2866,6,1,2,7,1,5,9,2,3,2,9
2867,8,2,5,5,9,9,8,4,6,9,2
2868,2,3,4,6,8,2,6,8,9,5,6
2869,2,2,7,5,8,7,6,3,6,5,8
2870,9,9,9,2,7,1,5,7,2,0,5
2871,7,1,0,3,4,6,1,5,7,3,4
2872,1,7,6,2,0,8,0,9,5,6,5
2873,3,0,1,4,5,3,2,6,1,1,1
2874,5,8,3,1,6,0,7,1,4,4,7
2875,6,5,2,7,1,5,9,2,3,2,9
2876,1,7,6,2,0,8,0,9,5,6,5
2877,6,5,2,7,1,5,9,2,3,2,9
2878,9,9,9,2,7,1,5,7,2,0,5
2879,6,5,2,7,1,5,9,2,3,2,9
2880,5,8,3,1,6,0,7,1,4,4,7
2881,8,4,5,0,9,9,8,4,6,9,2
2882,3,6,1,8,5,3,2,6,0,1,1
2883,7,1,0,3,4,6,1,5,7,3,4
2884,1,7,6,2,0,8,0,9,5,6,5
2885,2,3,4,6,8,2,6,8,9,5,6
2886,7,1,0,3,4,6,1,5,7,3,4
2887,6,5,2,7,1,5,9,2,3,2,9
2888,5,5,7,1,6,7,7,1,4,4,0
2889,9,9,9,2,7,1,5,7,2,0,5
2890,3,6,1,8,5,3,2,6,0,1,1
2891,5,8,3,1,6,0,7,1,4,4,7
2892,6,5,2,7,1,5,9,2,3,2,7
2893,8,2,7,5,9,7,8,4,6,9,8
2894,1,7,6,2,0,8,0,9,5,6,5
2895,7,1,0,3,4,6,1,5,7,3,4
2896,0,4,3,0,2,0,4,1,4,8,0
2897,3,6,1,8,5,3,2,6,0,1,1
2898,4,5,8,9,3,4,3,3,8,7,3
2899,3,6,1,8,5,3,2,6,0,1,1
2900,0,4,3,0,2,0,4,1,4,8,0
2901,8,2,7,5,9,7,8,3,6,9,8
2902,0,4,3,0,2,0,4,1,4,8,0
2903,8,2,5,5,9,9,8,4,6,9,2
2904,2,3,4,6,8,2,6,8,9,5,6
2905,2,3,4,6,4,2,6,8,9,3,6
2906,1,7,6,2,0,8,0,9,5,6,5
2907,9,9,9,2,7,1,5,7,2,0,5
2908,7,1,0,3,4,6,1,5,7,3,4
2909,8,2,5,5,9,9,8,4,6,9,2
2910,4,5,8,9,3,4,3,0,8,7,3
2911,0,4,7,0,2,7,4,1,4,8,0
2912,2,3,4,6,8,2,6,8,9,5,6
2913,4,5,8,9,3,4,3,3,8,7,3
2914,3,0,1,4,5,3,2,6,1,1,1
2915,7,1,0,3,4,6,1,5,7,3,4
2916,2,3,4,6,8,2,6,8,9,5,6
2917,0,8,3,0,2,0,4,1,4,8,0
2918,1,7,6,2,0,8,0,9,5,6,5
2919,3,0,1,4,5,3,2,6,1,1,1
2920,1,7,6,2,0,8,0,9,5,6,5
2921,7,1,0,3,4,6,1,5,7,3,4
2922,5,8,3,1,6,0,7,1,4,4,7
2923,4,0,8,9,3,4,3,3,8,7,3
2924,8,2,7,5,9,7,8,4,6,9,8
2925,4,0,8,9,3,4,3,3,8,7,3
2926,7,1,0,3,4,6,1,5,7,3,4
2927,2,3,4,6,8,2,6,8,9,5,6
2928,4,1,8,9,3,4,3,0,8,7,3
2929,8,2,5,5,9,9,8,4,6,9,8
2930,4,5,8,9,3,4,3,3,8,7,3
2931,7,1,0,3,4,6,1,5,7,3,4
2932,9,9,9,2,7,1,5,7,2,0,5
2933,7,1,0,3,4,6,1,5,7,3,4
2934,5,5,2,1,6,5,7,2,3,4,7
2935,3,0,1,4,5,3,2,6,1,1,1
2936,6,5,2,7,1,5,9,2,3,2,9
2937,9,9,9,2,7,1,5,7,2,0,5
2938,1,7,6,2,0,8,0,9,5,6,5
2939,6,5,2,7,1,5,9,2,3,2,9
2940,7,1,0,3,4,6,1,5,7,3,4
2941,7,1,0,3,4,6,1,5,7,3,4
2942,7,1,0,3,4,6,1,5,7,3,4
2943,8,2,7,5,9,7,8,4,6,9,8
2944,3,0,1,4,5,3,2,6,1,1,1
2945,2,3,4,6,8,2,6,3,9,5,8
2946,0,4,3,0,2,0,4,1,4,8,0
2947,4,5,8,9,3,4,3,3,8,7,3
2948,2,3,4,6,8,2,6,1,9,5,0
2949,8,2,5,5,9,9,8,4,6,9,8
2950,0,4,3,0,2,0,4,1,4,8,2
2951,2,3,4,6,8,2,6,8,9,5,6
2952,3,6,1,8,5,3,2,6,0,1,1
2953,8,2,7,5,9,7,8,4,6,9,8
2954,1,7,6,2,0,8,0,9,5,6,5
2955,2,0,4,4,8,2,6,3,1,5,6
2956,8,2,5,5,9,9,8,4,6,9,2
2957,9,9,9,2,7,1,5,7,2,0,5
2958,2,1,4,3,8,2,6,5,7,5,6
2959,6,5,2,7,1,5,9,2,3,2,9
2960,2,3,4,6,8,2,6,8,9,5,6
2961,2,3,4,6,8,2,6,5,9,5,6
2962,5,8,3,1,6,0,7,1,4,4,7
2963,8,2,7,5,9,7,8,4,6,9,8
2964,7,1,0,3,4,6,1,5,7,3,4
2965,9,2,7,2,7,7,5,3,2,0,8
2966,7,1,0,3,4,6,1,5,7,3,4
2967,4,5,8,9,3,4,3,0,8,7,3
2968,7,1,0,3,4,6,1,5,7,3,4
2969,8,2,5,5,9,9,8,4,6,9,8
2970,1,7,6,2,0,8,0,9,5,6,5
2971,2,3,4,6,8,2,6,8,9,5,6
2972,1,7,6,3,0,8,0,9,5,6,4
2973,8,2,7,5,9,7,8,4,6,9,8
2974,3,6,1,8,5,3,2,6,0,1,1
2975,3,0,1,4,5,3,2,6,1,1,1
2976,9,9,9,2,7,1,5,7,2,0,5
2977,9,9,9,2,7,1,5,7,2,0,5
2978,4,5,8,9,3,4,3,0,8,7,3
2979,6,5,2,7,1,5,9,2,3,2,9
2980,9,9,9,2,7,1,5,7,2,0,5
2981,2,3,4,6,8,2,6,8,9,5,6
2982,0,4,5,0,2,9,4,4,6,8,2
2983,8,2,7,5,9,7,8,4,6,9,8
2984,5,8,3,1,6,0,7,1,4,4,2
2985,8,2,5,5,9,9,8,4,6,9,8
2986,8,2,5,5,9,9,8,4,6,9,8
2987,2,3,4,6,8,2,6,8,9,5,6
2988,1,7,6,2,0,8,0,9,5,6,5
2989,8,2,7,5,9,7,8,4,6,9,8
2990,0,4,3,0,2,0,4,1,4,8,0
2991,9,9,9,2,7,1,5,7,2,0,5
2992,4,5,8,9,3,4,3,0,8,7,3
2993,2,3,4,6,8,2,6,8,9,5,6
2994,9,9,9,2,7,1,5,7,2,0,5
2995,8,2,5,5,9,9,8,4,6,9,2
2996,3,6,1,8,5,3,2,6,0,1,1
2997,8,2,7,5,9,7,8,4,6,9,8
2998,1,7,6,2,0,8,0,9,5,6,5
2999,2,3,4,6,8,2,6,3,9,5,6
3000,5,8,3,1,6,0,7,1,4,4,7
3001,2,0,4,6,8,2,6,3,9,5,6
3002,8,2,7,5,9,7,8,4,6,9,0
3003,2,3,4,6,8,2,6,8,9,5,6
3004,1,7,6,2,0,8,0,9,5,6,5
3005,2,3,4,6,8,2,6,8,9,5,6
3006,6,5,2,7,1,5,9,2,3,2,9
3007,9,2,7,2,7,1,5,3,2,0,8
3008,8,2,5,5,9,9,8,4,6,9,8
3009,8,2,7,5,9,7,8,4,6,9,8
3010,1,7,6,0,0,8,0,9,5,6,5
3011,2,3,4,6,8,2,6,8,9,5,6
3012,3,6,1,8,5,3,2,6,0,1,1
3013,7,1,0,3,4,6,1,5,7,3,4
3014,8,2,7,5,9,7,8,4,6,9,7
3015,3,0,1,4,5,3,2,6,1,1,1
3016,3,6,1,8,5,3,2,6,0,1,1
3017,6,5,2,7,1,5,9,2,3,2,9
3018,5,8,3,1,6,0,7,1,4,4,0
3019,9,9,9,2,7,1,5,7,2,0,5
3020,0,4,7,0,2,7,4,1,6,8,0
3021,3,0,1,4,5,3,2,6,1,1,1
3022,0,4,3,0,2,0,4,1,4,8,0
3023,6,5,2,7,1,5,9,2,3,2,9
3024,3,0,1,4,5,3,2,6,1,1,1
3025,8,2,7,5,9,7,8,3,6,9,8
3026,7,1,0,3,4,6,1,5,7,3,4
3027,7,1,0,3,4,6,1,5,7,3,4
3028,2,3,4,6,8,2,6,8,9,5,6
3029,2,3,4,6,8,2,6,8,9,5,6
3030,4,5,8,9,3,4,3,0,8,7,3
3031,2,3,4,6,8,2,6,8,9,5,6
3032,7,1,0,3,4,6,1,5,7,3,4
3033,7,1,0,3,4,6,1,5,7,3,4
3034,7,1,0,3,4,6,1,5,7,3,4
3035,3,0,1,4,5,3,2,6,1,1,1
3036,4,5,8,9,3,4,3,0,8,7,3
3037,8,2,7,5,9,7,8,4,6,9,8
3038,0,4,7,0,2,7,4,1,4,8,0
3039,8,2,7,5,9,7,8,4,6,9,8
3040,7,1,0,3,4,6,1,5,7,3,4
3041,9,9,9,2,7,1,5,7,2,0,5
3042,6,9,2,7,1,5,9,2,3,2,9
3043,4,5,8,9,3,4,3,0,8,7,3
3044,0,4,3,0,2,0,4,1,4,8,0
3045,9,9,9,2,7,1,5,7,2,0,5
3046,1,7,6,2,0,8,0,3,5,6,5
3047,7,1,0,3,4,6,1,5,7,3,4
3048,1,7,6,2,0,8,0,9,5,6,5
3049,3,0,1,4,5,3,2,3,1,1,1
3050,4,5,8,9,3,4,3,0,8,7,3
3051,0,4,3,0,2,0,4,8,4,8,0
3052,5,8,3,1,6,0,7,1,4,4,0
3053,4,5,8,9,3,4,3,0,8,7,3
3054,6,5,2,7,1,5,9,2,3,2,9
3055,8,2,7,5,9,7,8,4,6,9,8
3056,5,8,3,1,6,0,7,1,4,4,7
3057,2,3,4,6,8,2,6,8,9,5,6
3058,4,5,8,9,3,4,3,0,8,7,3
3059,8,2,5,5,9,9,8,4,6,9,2
3060,1,7,6,2,0,8,0,9,5,6,5
3061,8,2,7,5,9,7,8,4,6,9,8
3062,7,1,0,3,4,6,1,5,7,3,4
3063,8,2,7,5,9,7,8,4,6,9,8
3064,6,5,2,7,1,5,9,2,3,2,9
3065,9,9,9,2,7,1,5,7,2,0,5
3066,5,8,3,1,6,0,7,1,4,4,7
3067,3,0,1,4,5,3,2,3,1,1,1
3068,1,7,6,2,0,8,0,9,5,6,5
3069,8,2,7,5,9,7,8,4,6,9,8
3070,5,8,3,1,6,0,7,1,4,4,0
3071,8,2,7,5,9,7,8,4,6,9,8
3072,0,7,6,0,0,8,0,9,5,6,0
3073,2,3,4,6,8,2,6,8,9,5,6
3074,0,4,3,0,2,0,4,1,4,8,0
3075,2,3,4,6,8,2,6,8,9,5,6
3076,0,4,7,0,2,7,4,4,6,8,0
3077,6,5,2,7,1,5,9,2,3,2,9
3078,6,5,2,7,1,5,9,2,3,2,9
3079,8,2,5,5,9,9,8,4,6,9,8
3080,1,7,6,2,0,8,0,9,5,6,5
3081,8,2,5,5,9,9,8,4,6,9,8
3082,2,3,4,6,8,2,6,3,9,5,6
3083,8,2,7,5,9,7,8,4,6,9,8
3084,0,4,7,0,2,7,4,1,4,8,0
3085,9,2,7,2,7,7,5,3,2,0,8
3086,2,3,4,6,8,2,6,8,9,5,6
3087,8,2,5,5,9,9,8,4,6,9,8
3088,0,4,7,0,2,7,4,4,6,8,0
3089,4,5,8,9,3,4,3,3,8,7,3
3090,5,8,3,1,6,0,7,1,4,4,7
3091,8,2,7,5,9,7,8,4,6,9,8
3092,5,8,3,1,6,0,7,1,4,4,7
3093,2,3,4,6,8,2,6,8,9,5,6
3094,7,1,0,3,4,6,1,5,7,3,4
3095,8,2,7,5,9,7,8,4,6,9,8
3096,4,5,8,9,3,4,3,0,8,7,3
3097,4,5,8,9,3,4,3,3,8,7,3
3098,4,5,8,9,3,4,3,0,8,7,3
3099,8,2,7,5,9,7,8,4,6,9,8
3100,0,4,7,0,2,7,4,1,4,8,0
3101,8,2,7,5,9,7,8,4,6,9,8
3102,6,5,2,7,1,5,9,2,3,2,9
3103,9,9,9,2,7,1,5,7,2,0,5
3104,0,4,3,0,2,0,4,1,4,8,0
3105,6,5,2,7,1,5,9,2,3,2,9
3106,3,6,1,8,5,3,2,6,0,1,1
3107,2,0,4,4,8,2,6,3,1,5,6
3108,7,1,0,3,4,6,1,5,7,3,4
3109,4,5,8,9,3,4,3,3,8,7,3
3110,5,8,3,1,6,0,7,1,4,4,7
3111,9,9,9,2,7,1,5,7,2,0,5
3112,6,5,2,7,1,5,9,2,3,2,9
3113,9,9,9,2,7,1,5,7,2,0,5
3114,1,7,6,2,0,8,0,9,5,6,5
3115,4,5,8,9,3,4,3,0,8,7,3
3116,0,4,5,0,2,9,4,1,4,8,2
3117,8,2,7,5,9,7,8,4,6,9,8
3118,7,1,0,3,4,6,1,5,7,3,4
3119,2,3,4,6,8,2,6,3,9,5,6
3120,1,7,6,2,0,8,0,9,5,6,5
3121,8,2,7,5,9,7,8,4,6,9,8
3122,1,7,6,2,0,8,0,9,5,6,5
3123,4,5,8,9,3,4,3,3,8,7,3
3124,7,1,0,3,4,6,1,5,7,3,4
3125,8,2,7,5,9,7,8,4,6,9,8
3126,7,1,0,3,4,6,1,5,7,3,4
3127,4,5,8,9,3,4,3,3,8,7,3
3128,3,6,1,8,5,3,2,6,0,1,1
3129,4,5,8,9,3,4,3,3,8,7,3
3130,1,7,6,2,0,8,0,9,5,6,5
3131,3,0,1,4,5,3,2,6,1,1,1
3132,1,7,6,2,0,8,0,9,5,6,5
3133,6,5,2,7,1,5,9,2,3,2,9
3134,9,9,9,3,7,1,5,7,2,0,4
3135,3,0,1,4,5,3,2,6,1,1,1
3136,1,7,6,2,0,8,0,9,5,6,5
3137,0,4,7,0,2,7,4,4,6,8,0
3138,5,8,3,1,6,0,7,1,4,4,7
3139,4,5,8,9,3,4,3,0,8,7,3
3140,1,7,6,2,0,8,0,4,6,6,5
3141,2,0,4,4,8,2,6,3,1,5,6
3142,6,9,2,7,1,5,9,2,3,2,9
3143,3,6,1,8,5,3,2,6,0,1,1
3144,2,3,4,6,8,2,6,8,9,5,6
3145,9,9,9,2,7,1,5,7,2,0,5
3146,9,2,9,5,7,1,5,7,2,0,8
3147,6,5,2,7,1,5,9,2,3,2,9
3148,7,1,0,3,4,6,1,5,7,3,4
3149,9,9,9,2,7,1,5,7,2,0,5
3150,1,7,6,2,0,8,0,9,5,6,5
3151,8,2,5,5,9,9,8,4,6,9,8
3152,7,1,0,3,4,6,1,5,7,3,4
3153,2,3,4,6,8,2,6,8,9,5,6
3154,0,4,0,0,2,6,4,9,5,8,0
3155,9,9,9,2,7,1,5,7,2,0,5
3156,6,5,2,7,1,5,9,2,3,2,9
3157,8,2,7,5,9,7,8,4,6,9,8
3158,7,1,0,3,4,6,1,8,9,3,4
3159,2,1,4,3,8,2,6,5,7,5,6
3160,3,0,1,4,5,3,2,6,1,1,1
3161,6,5,2,7,1,5,9,2,3,2,9
3162,0,4,5,0,2,9,4,4,6,8,2
3163,9,9,9,2,7,1,5,7,2,0,5
3164,5,8,3,1,6,0,7,1,4,4,7
3165,6,5,2,7,1,5,9,2,3,2,9
3166,9,9,9,2,7,1,5,7,2,0,5
3167,8,2,5,5,9,9,8,4,6,9,8
3168,8,2,7,5,9,7,8,4,6,9,8
3169,8,2,7,5,9,7,8,4,6,9,8
3170,2,3,4,6,8,2,6,8,9,5,6
3171,2,3,4,6,8,2,6,3,9,5,6
3172,4,5,8,9,3,4,3,0,8,7,3
3173,8,2,7,5,9,7,8,4,6,9,8
3174,7,1,0,3,4,6,1,5,7,3,4
3175,3,0,1,4,5,3,2,3,1,1,1
3176,6,5,2,7,1,5,9,2,3,2,9
3177,9,9,9,2,7,1,5,7,2,0,5
3178,2,3,4,6,8,2,6,8,9,5,6
3179,6,5,2,7,1,5,9,2,3,2,9
3180,7,1,0,3,4,6,1,5,7,3,4
3181,7,1,0,3,4,6,1,5,7,3,4
3182,8,2,7,5,9,7,8,4,6,9,8
3183,0,4,7,0,2,7,4,4,6,8,0
3184,8,2,7,5,9,7,8,4,6,9,8
3185,2,3,4,6,8,2,6,3,9,5,6
3186,5,8,3,1,6,0,7,1,4,4,7
3187,4,5,8,9,3,4,3,3,8,7,3
3188,2,3,4,6,8,2,6,8,9,5,6
3189,8,2,5,5,9,9,8,4,6,9,8
3190,0,4,3,0,2,0,4,1,4,8,0
3191,2,3,4,6,8,2,6,8,9,5,6
3192,0,4,7,0,2,7,4,8,9,8,0
3193,8,2,7,5,9,7,8,4,6,9,8
3194,5,8,3,1,6,0,7,1,4,4,7
3195,3,0,1,4,5,3,2,3,1,1,1
3196,2,3,4,6,8,2,6,8,9,5,5
3197,9,9,9,2,7,1,5,7,2,0,5
3198,3,0,1,4,5,3,2,6,1,1,1
3199,6,5,2,7,1,5,9,2,3,2,9
3200,7,1,0,3,4,6,1,5,7,3,4
3201,6,5,2,7,1,5,9,2,3,2,9
3202,0,8,3,0,2,0,4,1,4,8,0
3203,8,2,7,5,9,7,8,4,6,9,8
3204,7,1,0,3,4,6,1,5,7,3,4
3205,1,7,6,2,0,8,0,9,5,6,5
3206,0,4,5,0,2,9,4,4,6,8,2
3207,4,5,8,9,3,4,3,3,8,7,3
3208,9,9,9,2,7,1,5,7,2,0,5
3209,8,2,5,5,9,9,8,4,6,9,8
3210,0,4,5,0,2,9,4,4,6,8,2
3211,2,3,4,2,8,2,6,8,9,5,5
3212,1,7,6,2,0,8,0,9,5,6,5
3213,3,0,1,4,5,3,2,3,1,1,1
3214,8,2,5,5,9,9,8,4,6,9,8
3215,2,1,4,3,8,2,6,5,7,5,6
3216,7,1,0,3,4,6,1,5,7,3,4
3217,8,2,7,5,9,7,8,4,6,9,8
3218,4,5,8,9,3,4,3,0,8,7,3
3219,9,9,9,2,7,1,5,7,2,0,5
3220,6,5,2,7,1,5,9,3,3,2,9
3221,9,9,9,2,7,1,5,3,2,0,5
3222,5,8,3,1,6,0,7,1,4,4,7
3223,8,2,5,5,9,9,8,4,6,9,2
3224,6,9,2,2,1,5,9,2,3,2,5
3225,2,3,4,6,8,2,6,8,9,5,6
3226,1,7,6,2,0,8,0,9,5,6,5
3227,8,2,7,5,9,7,8,4,6,9,8
3228,0,4,5,0,2,9,4,4,6,8,2
3229,1,7,6,2,0,8,0,3,5,6,5
3230,1,7,6,2,0,8,0,9,5,6,5
3231,2,0,4,4,8,2,6,3,1,5,6
3232,0,4,3,0,2,0,4,1,4,8,0
3233,7,1,0,3,4,6,1,5,7,3,4
3234,1,7,6,2,0,8,0,9,5,6,5
3235,8,2,7,5,9,7,8,4,6,9,8
3236,8,4,5,0,2,9,4,4,6,8,2
3237,9,9,9,2,7,1,5,7,2,0,5
3238,5,8,3,1,6,0,7,1,4,4,7
3239,8,2,7,5,9,7,8,4,6,9,8
3240,0,8,3,1,6,0,4,1,4,4,0
3241,2,0,4,4,8,2,6,3,1,5,6
3242,6,5,2,7,1,5,9,2,3,2,9
3243,9,9,9,6,7,1,5,7,2,0,6
3244,6,5,2,7,1,5,9,2,3,2,9
3245,4,5,8,9,3,4,3,0,8,7,3
3246,5,8,3,1,6,0,7,1,4,4,2
3247,2,0,4,4,8,2,6,3,1,5,6
3248,3,0,1,4,5,3,2,6,1,1,1
3249,8,2,5,5,9,9,8,4,6,9,8
3250,0,4,5,0,2,9,4,1,4,8,2
3251,2,3,4,6,8,2,6,3,9,5,6
3252,0,4,6,0,2,8,4,9,5,8,0
3253,8,2,5,5,9,9,8,4,6,9,2
3254,7,1,0,3,4,6,1,5,7,3,4
3255,8,2,5,5,9,9,8,4,6,9,8
3256,5,8,3,1,6,0,7,1,4,4,7
3257,8,2,7,5,9,7,8,4,6,9,8
3258,7,1,0,3,4,6,1,5,7,3,4
3259,3,0,1,4,5,3,2,3,1,1,1
3260,0,4,3,0,2,0,4,1,4,8,0
3261,8,2,7,5,9,7,8,4,6,9,8
3262,3,6,1,8,5,3,2,6,0,1,1
3263,0,4,7,0,2,7,4,4,6,8,0
3264,7,1,0,3,4,6,1,5,7,3,4
3265,0,4,7,0,2,7,4,4,6,8,0
3266,7,1,0,3,4,6,1,5,7,3,4
3267,8,2,5,5,9,9,8,4,6,9,8
3268,9,9,9,2,7,1,5,7,2,0,5
3269,2,0,4,4,8,2,6,3,1,5,6
3270,0,4,5,0,2,9,4,1,4,8,2
3271,9,9,9,2,7,1,5,3,2,0,8
3272,1,7,6,2,0,8,0,9,5,6,5
3273,9,9,9,2,7,1,5,2,2,0,5
3274,6,5,2,7,1,5,9,2,3,2,9
3275,9,9,9,2,7,1,5,7,2,0,5
3276,8,2,5,5,9,9,8,4,6,9,8
3277,8,2,7,5,9,7,8,4,6,9,8
3278,5,8,3,1,6,0,7,1,4,4,7
3279,2,3,4,6,8,2,6,8,9,5,6
3280,0,4,3,0,2,0,4,1,4,8,0
3281,2,3,4,6,8,2,6,8,9,5,6
3282,0,4,5,0,2,9,4,4,6,8,2
3283,8,2,5,5,9,9,8,4,6,9,2
3284,5,8,3,1,6,0,7,1,4,4,7
3285,9,9,9,2,7,1,5,3,2,0,8
3286,3,0,1,4,5,3,2,6,1,1,1
3287,4,5,6,9,3,8,3,3,8,7,3
3288,4,5,8,9,3,4,3,0,8,7,3
3289,1,7,6,2,0,8,0,9,5,6,5
3290,4,5,8,9,3,4,3,1,8,7,0
3291,2,3,4,6,8,2,6,8,9,5,6
3292,0,4,5,0,2,9,4,4,6,8,2
3293,2,3,4,6,8,2,6,8,9,5,6
3294,4,5,8,9,3,4,3,0,8,7,3
3295,9,9,9,2,7,1,5,7,2,0,5
3296,5,8,3,1,6,0,7,1,4,4,7
3297,9,9,9,2,7,1,5,7,2,0,5
3298,8,2,5,5,9,9,8,4,6,9,2
3299,2,3,4,6,8,2,6,8,9,5,6
3300,6,5,2,7,1,5,9,2,3,2,9
3301,9,9,9,2,8,1,5,3,2,5,5
3302,5,8,3,1,6,0,7,1,4,4,7
3303,8,2,7,5,9,7,8,4,6,9,8
3304,7,1,0,7,4,6,1,2,3,3,4
3305,6,5,2,7,1,5,9,2,3,2,9
3306,1,7,6,2,0,8,0,9,5,6,5
3307,6,5,2,7,1,5,9,2,3,2,9
3308,9,9,9,2,7,1,5,7,2,0,5
3309,3,0,1,4,5,3,2,6,1,1,1
3310,0,7,6,0,2,8,0,9,5,8,0
3311,8,2,7,5,9,7,8,4,6,9,8
3312,5,8,3,1,6,0,7,1,4,4,7
3313,6,5,2,7,1,5,9,2,3,2,9
3314,7,1,0,3,4,6,1,5,7,3,4
3315,8,2,7,5,9,7,8,4,6,9,8
3316,0,4,7,0,2,7,4,1,4,8,0
3317,8,2,5,5,9,9,8,4,6,9,2
3318,1,7,6,2,0,8,0,9,5,6,5
3319,7,1,0,3,4,6,1,5,7,3,4
3320,7,1,0,3,4,6,1,5,7,3,4
3321,1,7,6,2,0,8,0,9,5,6,5
3322,5,8,3,1,6,0,7,1,4,4,0
3323,7,1,0,3,4,6,1,5,7,3,4
3324,8,4,5,0,2,9,4,4,6,8,2
3325,4,5,8,9,3,4,3,0,8,7,3
3326,9,9,9,2,7,1,5,3,2,0,5
3327,9,9,9,2,7,1,5,3,2,0,5
3328,3,6,1,8,5,3,2,6,0,1,1
3329,6,5,2,7,1,5,9,2,3,2,9
3330,5,5,8,9,6,4,7,0,8,4,7
3331,9,9,9,2,7,1,5,7,2,0,5
3332,2,3,4,6,8,2,6,8,9,5,6
3333,6,5,2,7,1,5,9,2,3,2,9
3334,5,8,3,1,6,0,7,1,4,4,7
3335,4,5,8,9,3,4,3,3,8,7,3
3336,7,1,0,3,4,6,1,5,7,3,4
3337,3,0,1,4,5,3,2,6,1,1,1
3338,7,3,0,6,4,6,1,8,9,3,4
3339,6,5,2,7,1,5,9,2,3,2,9
3340,8,2,7,5,9,7,8,4,6,9,8
3341,6,5,2,7,1,5,9,2,3,2,9
3342,6,5,2,7,1,5,9,2,3,2,9
3343,8,2,5,5,9,9,8,4,6,9,2
3344,1,7,6,2,0,8,0,9,5,6,5
3345,9,9,9,2,7,1,5,7,2,0,5
3346,5,8,3,1,6,0,7,1,4,4,7
3347,2,3,4,6,8,2,6,8,9,5,6
3348,0,8,3,0,2,0,4,1,4,8,0
3349,8,2,5,5,9,9,8,4,6,9,8
3350,9,9,9,2,7,1,5,7,2,0,5
3351,8,2,7,5,9,7,8,4,6,9,8
3352,5,8,3,1,6,0,7,1,4,4,0
3353,2,3,4,2,8,2,6,8,9,5,5
3354,7,1,0,3,4,6,1,5,7,3,4
3355,1,7,6,2,0,8,0,9,5,6,5
3356,9,9,9,2,7,1,5,7,2,0,5
3357,6,5,2,7,1,5,9,2,3,2,9
3358,1,7,6,2,0,8,0,9,5,6,5
3359,8,2,7,5,9,7,8,4,6,9,8
3360,0,4,7,0,2,7,4,1,4,8,0
3361,2,2,4,5,8,2,8,3,2,9,8
3362,6,5,2,7,1,5,9,2,3,2,9
3363,9,9,9,2,7,1,5,3,2,0,5
3364,1,7,6,2,0,8,0,9,5,6,5
3365,2,3,4,6,8,2,6,3,9,5,6
3366,2,7,4,2,8,2,6,3,8,5,3
3367,2,3,4,6,8,2,6,3,9,5,6
3368,0,4,5,0,2,9,4,1,4,8,2
3369,2,0,4,4,8,2,6,3,1,5,1
3370,5,5,1,1,6,3,7,6,0,4,7
3371,8,2,7,5,9,7,8,4,6,9,8
3372,8,2,5,5,9,9,8,4,6,9,8
3373,9,9,9,2,7,1,5,7,2,0,5
3374,7,1,0,3,4,6,1,5,7,3,4
3375,9,9,9,2,7,1,5,7,2,0,5
3376,3,6,1,8,5,3,2,6,0,1,1
3377,3,0,1,4,5,3,2,6,1,1,1
3378,7,1,0,3,4,6,1,5,7,3,4
3379,9,9,9,2,7,1,5,7,2,0,5
3380,1,7,6,2,0,8,0,9,5,6,5
3381,6,5,2,7,1,5,9,2,3,2,9
3382,5,8,3,1,6,0,7,1,4,4,7
3383,7,1,0,3,4,6,1,5,7,3,4
3384,2,3,4,6,8,2,6,8,9,5,6
3385,0,4,7,0,2,7,4,4,6,8,0
3386,7,1,0,3,4,6,1,5,7,3,4
3387,4,5,8,9,3,4,3,3,8,7,3
3388,0,4,7,0,2,7,4,1,4,8,0
3389,0,4,7,0,2,7,4,4,6,8,0
3390,6,1,2,7,1,5,9,2,3,2,9
3391,3,6,1,8,5,3,2,6,0,1,1
3392,3,6,1,8,5,3,2,6,0,1,1
3393,9,9,9,2,7,1,5,7,2,0,5
3394,1,7,6,2,0,8,0,9,5,6,5
3395,6,5,2,7,1,5,9,2,3,2,9
3396,3,0,1,4,5,3,2,6,1,1,1
3397,7,1,0,3,4,6,1,5,7,3,4
3398,0,4,3,0,2,0,4,1,4,8,0
3399,8,2,7,5,9,7,8,4,6,9,8
3400,7,1,0,3,4,6,1,5,7,3,4
3401,8,2,7,5,9,7,8,4,6,9,8
3402,7,1,0,3,4,6,1,5,7,3,4
3403,4,5,8,9,3,4,3,3,8,7,3
3404,7,1,0,3,4,6,1,5,7,3,4
3405,9,9,9,5,7,1,5,7,2,0,8
3406,1,7,6,2,0,8,0,9,5,6,5
3407,9,9,9,2,7,1,5,7,2,0,5
3408,1,7,6,2,0,8,0,9,5,6,5
3409,3,6,1,8,5,3,2,6,0,1,1
3410,3,6,1,8,5,3,2,6,0,1,1
3411,9,9,9,2,7,1,5,7,2,0,5
3412,1,7,6,2,0,8,0,9,5,6,5
3413,6,5,2,7,1,5,9,2,3,2,9
3414,0,8,3,1,6,0,4,1,4,4,0
3415,0,4,5,0,2,9,4,8,6,8,2
3416,7,1,0,3,4,6,1,5,7,3,4
3417,8,2,7,5,9,7,8,4,6,9,8
3418,1,7,6,2,0,8,0,9,5,6,5
3419,8,2,7,5,9,7,8,4,6,9,8
3420,2,3,4,6,8,2,6,8,9,5,6
3421,4,5,8,9,3,4,3,3,8,7,3
3422,7,1,0,3,4,6,1,5,7,3,4
3423,8,2,5,5,9,9,8,4,6,9,8
3424,6,1,2,7,1,5,9,5,7,2,9
3425,9,9,9,6,7,1,5,7,2,0,6
3426,5,8,3,1,6,0,7,1,4,4,7
3427,9,9,9,2,7,1,5,7,2,0,5
3428,8,2,5,5,9,9,8,4,6,9,2
3429,3,6,1,8,5,3,2,6,0,1,1
3430,1,7,6,2,0,8,0,9,5,6,5
3431,9,9,9,2,7,1,5,7,2,0,5
3432,2,3,4,6,8,2,6,8,9,5,6
3433,0,4,3,0,2,0,4,1,4,8,0
3434,2,0,4,4,8,2,6,3,1,5,6
3435,7,1,0,3,4,6,1,8,7,3,4
3436,5,8,3,1,6,0,7,1,4,4,7
3437,8,2,7,5,9,7,8,4,6,9,8
3438,9,9,9,2,7,1,5,7,2,0,5
3439,8,2,7,5,9,7,8,4,6,9,8
3440,1,7,9,2,0,1,0,7,5,6,5
3441,2,3,4,6,8,2,6,3,9,5,6
3442,5,8,3,1,6,0,7,1,4,4,7
3443,3,6,1,8,5,3,2,6,0,1,1
3444,6,5,2,7,1,5,9,2,3,2,9
3445,2,5,4,6,8,2,6,3,9,5,6
3446,2,3,4,6,8,2,6,8,9,5,6
3447,8,2,7,5,9,7,8,4,6,9,8
3448,8,2,5,5,9,9,8,4,6,9,2
3449,4,5,8,9,3,4,3,3,8,7,3
3450,5,8,3,1,6,0,7,1,4,4,0
3451,4,5,8,9,3,2,3,3,8,7,3
3452,7,1,0,3,4,6,1,5,7,3,4
3453,8,2,7,5,9,7,8,4,6,9,8
3454,4,5,8,9,3,4,3,3,8,7,3
3455,9,9,9,5,7,1,5,7,2,0,8
3456,1,7,6,2,0,8,0,9,5,6,5
3457,9,9,9,2,7,1,5,7,2,0,8
3458,0,4,3,0,2,0,4,1,4,8,0
3459,8,2,7,5,9,7,8,4,6,9,8
3460,7,1,0,3,4,6,1,5,7,3,4
3461,4,5,8,9,3,4,3,3,8,7,3
3462,1,7,6,2,0,8,0,9,5,6,5
3463,8,2,5,5,9,9,8,4,6,9,8
3464,1,7,6,2,0,8,0,9,5,6,5
3465,8,2,7,5,9,7,8,4,6,9,8
3466,7,1,0,3,4,6,1,5,7,3,4
3467,2,3,4,6,8,2,6,8,9,5,6
3468,9,9,9,2,7,1,5,7,2,0,5
3469,8,2,5,5,9,9,8,4,6,9,8
3470,6,5,2,7,1,5,9,2,3,2,9
3471,7,1,0,3,4,6,1,5,7,3,4
3472,7,1,0,3,4,6,1,5,7,3,4
3473,9,9,9,2,7,1,5,7,2,0,5
3474,2,3,4,2,8,2,6,3,2,5,5
3475,8,2,7,5,9,7,8,4,6,9,8
3476,7,1,0,3,4,6,1,8,7,3,4
3477,8,2,7,5,9,7,8,4,6,9,8
3478,1,7,6,2,0,8,0,9,5,6,5
3479,4,5,8,9,3,4,3,3,8,7,3
3480,7,1,0,3,4,6,1,5,7,3,4
3481,8,2,7,5,9,7,8,4,6,9,8
3482,7,3,0,6,4,6,1,8,9,3,6
3483,0,4,7,0,2,7,4,4,6,8,0
3484,0,4,3,0,2,0,4,1,4,8,0
3485,4,5,8,9,3,4,3,3,8,7,3
3486,9,9,9,2,7,1,5,7,2,0,5
3487,9,9,9,2,7,1,5,7,2,0,5
3488,1,7,6,2,0,8,0,9,5,6,5
3489,1,3,6,2,0,8,0,8,9,6,5
3490,3,0,1,4,5,3,2,3,1,1,1
3491,2,3,4,6,8,2,6,8,9,5,6
3492,3,6,1,8,5,3,2,6,0,1,1
3493,2,3,4,6,8,2,6,8,9,5,6
3494,9,9,7,2,7,7,5,7,2,0,5
3495,2,3,4,6,8,2,6,8,9,5,6
3496,5,8,3,1,6,0,7,1,4,4,7
3497,2,3,4,6,8,2,6,8,9,5,6
3498,0,4,3,0,2,0,4,1,4,8,0
3499,2,3,4,6,8,2,6,8,9,5,6
3500,2,3,4,6,8,2,6,8,9,5,6
3501,9,9,9,2,7,1,5,8,2,0,5
3502,2,3,4,6,8,2,6,8,9,5,6
3503,8,2,7,5,9,7,8,4,6,9,8
3504,0,4,6,0,2,8,4,9,5,8,0
3505,8,2,5,5,9,9,8,4,6,9,8
3506,5,8,3,1,6,0,7,1,4,4,7
3507,8,2,5,5,9,9,8,4,6,9,8
3508,0,8,3,1,6,0,7,1,4,4,0
3509,9,9,9,2,7,1,5,7,2,0,5
3510,9,9,9,2,7,1,5,7,2,0,5
3511,8,2,7,5,9,7,8,4,2,9,8
3512,7,1,0,3,4,6,1,5,7,3,4
3513,2,3,4,2,8,2,6,8,2,5,6
3514,3,6,1,8,5,3,2,6,0,1,1
3515,8,2,5,5,9,9,8,4,6,9,8
3516,3,6,1,8,5,3,2,6,0,1,1
3517,9,9,9,2,7,1,5,7,2,0,5
3518,0,4,5,0,2,9,4,1,4,8,2
3519,0,4,7,0,2,7,4,4,6,8,0
3520,4,5,8,9,3,4,3,0,8,7,3
3521,2,3,4,6,8,2,6,8,9,5,6
3522,0,4,3,0,2,0,4,1,4,8,0
3523,1,7,6,2,0,8,0,9,5,6,5
3524,3,6,1,8,5,3,2,6,0,1,1
3525,8,2,7,5,9,7,8,4,6,9,8
3526,5,8,3,1,6,0,7,1,4,4,7
3527,8,2,7,5,9,7,8,3,6,9,8
3528,0,4,7,0,2,7,4,1,4,8,0
3529,3,6,1,8,5,3,2,6,0,1,1
3530,4,5,8,9,3,4,3,0,8,7,3
3531,8,2,5,5,9,9,8,4,6,9,2
3532,1,7,6,2,0,8,0,9,5,6,5
3533,8,2,7,5,9,7,8,4,6,9,8
3534,3,6,1,4,5,3,2,6,1,1,1
3535,9,9,9,2,7,1,5,7,2,0,8
3536,6,5,2,7,1,5,9,2,3,2,9
3537,9,9,9,2,7,1,5,3,2,0,5
3538,8,2,5,5,9,9,8,4,6,9,8
3539,8,2,7,5,9,7,8,3,6,9,8
3540,1,7,6,2,0,8,0,9,5,6,5
3541,3,6,1,8,5,3,2,6,0,1,1
3542,7,1,0,3,4,6,1,5,7,3,4
3543,3,5,1,8,5,3,2,6,0,1,1
3544,5,8,3,1,6,0,7,1,4,4,7
3545,9,9,9,2,7,1,5,7,2,0,5
3546,1,7,6,2,0,8,0,9,5,6,5
3547,8,2,7,5,9,7,8,4,6,9,8
3548,0,4,3,0,2,0,4,1,4,8,0
3549,9,9,9,2,7,1,5,7,2,0,5
3550,7,1,0,3,4,6,1,5,7,3,4
3551,9,9,9,2,7,1,5,7,2,0,5
3552,7,1,0,3,4,6,1,5,7,3,4
3553,6,5,2,7,1,5,9,2,3,2,9
3554,7,1,0,3,4,6,1,5,7,3,4
3555,9,9,9,6,7,1,5,7,2,0,6
3556,0,4,5,0,2,9,4,1,4,8,2
3557,6,5,2,7,1,5,9,2,3,2,9
3558,7,1,0,3,4,6,1,5,7,3,4
3559,4,5,8,9,3,4,3,0,8,7,3
3560,1,7,6,2,0,8,0,9,5,6,5
3561,9,9,9,2,7,1,5,7,2,0,5
3562,3,6,1,8,5,3,2,6,0,1,1
3563,9,9,9,2,7,1,5,7,2,0,8
3564,4,5,8,9,3,4,3,0,8,7,3
3565,3,6,1,8,5,3,2,6,0,1,1
3566,5,8,3,1,6,0,7,1,4,4,7
3567,9,9,9,2,7,1,5,7,2,0,5
3568,3,0,1,4,5,3,2,6,1,1,1
3569,6,5,2,7,1,5,9,2,3,2,9
3570,8,2,7,5,9,7,8,4,6,9,8
3571,7,1,0,3,4,6,1,5,7,3,4
3572,5,5,8,1,6,4,7,0,8,4,7
3573,5,8,3,1,6,0,7,1,4,4,7
3574,1,7,6,2,0,8,0,9,5,6,5
3575,2,0,4,4,8,2,6,3,1,5,8
3576,7,1,0,3,4,6,1,5,7,3,4
3577,5,5,8,1,6,4,7,0,8,4,7
3578,6,5,2,7,1,5,9,2,3,2,9
3579,5,8,3,1,6,0,7,1,4,4,7
3580,5,8,3,1,6,0,7,1,4,4,7
3581,2,3,4,6,4,2,6,8,9,5,6
3582,6,5,2,7,1,5,9,2,3,2,9
3583,0,4,3,0,2,0,4,1,4,8,0
3584,7,1,0,3,4,6,1,5,7,3,4
3585,3,6,1,8,5,3,2,6,0,1,1
3586,4,5,6,2,3,8,3,3,2,7,5
3587,1,7,6,2,0,8,0,9,5,6,5
3588,5,8,3,1,6,0,7,1,4,4,0
3589,6,5,2,7,1,5,9,2,3,2,9
3590,3,6,1,8,5,3,2,6,0,1,1
3591,7,1,0,3,4,6,1,5,7,3,4
3592,9,9,9,2,7,1,5,7,2,0,5
3593,1,7,6,2,0,8,0,9,5,6,5
3594,5,8,3,1,6,0,7,1,4,4,7
3595,2,3,4,6,8,2,6,3,9,5,6
3596,7,1,0,3,4,6,1,5,7,3,4
3597,4,5,8,9,3,4,3,0,8,7,3
3598,8,2,9,5,9,1,8,4,6,9,8
3599,0,4,5,0,2,9,4,1,4,8,2
3600,7,1,0,3,4,6,1,5,7,3,4
3601,7,1,0,3,4,6,1,5,7,3,4
3602,9,9,9,2,7,1,5,7,2,0,5
3603,3,6,1,4,5,3,2,6,1,1,1
3604,1,7,6,2,0,8,0,9,5,6,5
3605,9,9,9,2,7,1,5,7,2,0,5
3606,7,1,0,3,4,6,1,5,7,3,4
3607,6,5,2,7,1,5,9,2,3,2,9
3608,5,8,3,1,6,0,7,1,4,4,7
3609,7,1,0,3,4,6,1,5,7,3,4
3610,3,0,1,4,5,3,2,6,1,1,1
3611,5,8,3,1,6,0,7,1,4,4,7
3612,3,6,1,8,5,3,2,6,0,1,1
3613,2,2,7,5,8,7,6,3,9,5,8
3614,7,1,0,3,4,6,1,5,7,3,4
3615,5,5,2,7,1,5,7,0,3,2,7
3616,7,1,0,3,4,6,1,8,7,3,4
3617,0,4,5,0,2,9,4,4,6,8,2
3618,0,4,3,0,2,0,4,1,4,8,2
3619,2,3,4,6,8,2,6,8,9,5,6
3620,5,8,3,1,6,0,7,1,4,4,2
3621,8,2,7,5,9,7,8,4,6,9,8
3622,3,6,1,8,5,3,2,6,0,1,1
3623,4,5,8,9,3,4,3,0,8,7,7
3624,0,4,7,0,2,7,4,1,4,8,0
3625,5,8,3,1,6,0,7,1,4,4,7
3626,1,7,6,2,0,8,0,9,5,6,5
3627,6,5,2,7,1,5,9,2,3,2,9
3628,1,7,6,2,0,8,0,9,5,6,5
3629,4,5,8,9,3,4,3,0,8,7,3
3630,2,3,4,6,8,2,6,8,9,5,8
3631,5,8,3,1,6,0,7,1,4,4,7
3632,3,6,1,8,5,3,2,6,0,1,1
3633,0,4,3,0,2,0,4,1,4,8,7
3634,9,9,9,2,7,1,5,7,2,0,5
3635,2,3,4,6,8,2,6,3,9,5,6
3636,5,8,3,1,6,0,7,1,4,4,7
3637,2,3,4,6,8,2,6,3,9,5,6
3638,7,1,0,3,4,6,1,5,7,3,4
3639,0,4,7,0,2,7,4,1,6,8,0
3640,8,2,5,5,9,9,8,4,6,9,8
3641,0,4,5,0,2,9,4,1,4,8,2
3642,6,5,2,7,1,5,9,2,3,2,9
3643,2,3,4,6,8,2,6,8,9,5,6
3644,9,9,9,2,7,1,5,9,2,0,5
3645,5,8,3,1,6,0,7,1,4,4,7
3646,4,5,8,9,3,4,3,0,8,7,3
3647,6,5,2,7,1,5,9,2,3,2,9
3648,2,3,4,6,8,2,6,3,9,5,6
3649,0,4,7,0,2,7,4,1,6,8,0
3650,4,5,8,9,3,4,3,0,8,7,3
3651,7,1,0,3,4,6,1,5,7,3,4
3652,0,4,3,0,2,0,4,1,4,8,0
3653,5,8,3,1,6,0,7,1,4,4,7
3654,4,5,8,9,3,4,3,0,8,7,3
3655,7,1,0,3,4,6,1,5,7,3,4
3656,7,1,0,3,4,6,1,5,7,3,4
3657,2,3,4,6,8,2,6,8,9,5,6
3658,2,3,4,6,8,2,6,8,9,5,6
3659,6,5,2,7,1,5,9,2,3,2,9
3660,6,5,2,7,1,5,9,2,3,2,9
3661,3,6,1,8,5,3,2,6,0,1,1
3662,1,7,6,2,0,8,0,9,5,6,5
3663,0,4,7,0,2,7,4,1,4,8,0
3664,2,3,4,6,8,2,6,8,9,5,6
3665,7,1,0,3,4,6,1,8,7,3,6
3666,0,4,7,0,2,7,4,1,4,8,0
3667,3,0,1,4,5,3,2,6,1,1,1
3668,8,2,7,5,9,7,8,4,6,9,8
3669,2,3,4,6,8,2,6,3,9,5,6
3670,7,1,0,3,4,6,1,5,7,3,4
3671,4,5,8,9,3,4,3,0,8,7,3
3672,7,1,0,3,4,6,1,8,7,3,4
3673,3,0,1,4,5,3,2,6,1,1,1
3674,7,1,0,3,4,6,1,5,7,3,4
3675,1,7,6,2,0,8,0,7,5,6,5
3676,5,8,8,1,6,4,7,0,8,4,7
3677,3,6,1,8,5,3,2,6,0,1,1
3678,0,4,7,0,2,7,4,1,4,8,0
3679,6,5,2,7,1,5,9,2,3,2,9
3680,6,1,0,7,1,6,9,2,3,2,9
3681,8,2,7,5,9,7,8,3,6,9,8
3682,5,8,3,1,6,0,7,1,4,4,7
3683,7,1,0,3,4,6,1,5,7,3,4
3684,7,1,0,3,4,6,1,5,7,3,4
3685,2,3,4,6,8,2,6,3,9,5,6
3686,5,8,3,1,6,0,7,1,4,4,7
3687,7,1,0,3,4,6,1,5,7,3,4
3688,8,2,5,5,9,9,8,4,6,9,8
3689,7,1,0,3,4,6,1,5,7,3,4
3690,8,3,7,6,9,7,8,8,9,9,8
3691,3,6,3,8,5,0,2,1,0,1,2
3692,1,7,6,2,0,8,0,9,5,6,5
3693,3,6,1,8,5,3,2,6,0,1,1
3694,5,8,3,1,6,0,7,1,4,4,7
3695,2,0,4,6,8,2,6,3,9,5,6
3696,1,7,6,0,0,8,0,9,5,6,5
3697,0,4,7,0,2,7,4,4,6,8,0
3698,3,6,1,8,5,3,2,6,0,1,1
3699,7,1,0,3,4,6,1,5,7,3,4
3700,4,5,8,9,3,4,3,0,8,7,3
3701,5,8,3,1,6,0,7,1,4,4,7
3702,3,0,1,4,5,3,2,6,1,1,1
3703,9,9,9,2,7,1,5,7,2,0,5
3704,5,8,3,1,6,0,7,1,4,4,7
3705,2,3,4,6,8,2,6,8,9,5,6
3706,4,5,8,9,3,4,3,0,8,7,3
3707,2,3,4,6,8,2,6,8,9,5,6
3708,0,4,3,0,2,0,4,1,4,8,0
3709,3,0,1,4,5,3,2,6,1,1,1
3710,9,9,9,2,7,1,5,7,2,0,5
3711,7,1,0,3,4,6,1,5,7,3,4
3712,6,5,2,7,1,5,9,2,3,2,9
3713,2,3,4,6,8,2,6,8,9,5,6
3714,1,7,6,2,0,8,0,9,5,6,5
3715,3,6,1,8,5,3,2,6,0,1,1
3716,5,8,3,1,6,0,7,1,4,4,7
3717,5,5,3,1,6,0,7,0,8,4,7
3718,0,4,5,0,2,9,4,1,4,8,2
3719,3,0,1,4,5,3,2,6,1,1,1
3720,2,0,4,4,8,2,6,5,1,5,6
3721,0,4,5,0,2,9,4,1,4,8,2
3722,6,5,2,7,1,5,9,2,3,2,9
3723,9,9,9,2,7,1,5,7,2,0,5
3724,5,8,3,1,6,0,7,1,4,4,7
3725,9,9,9,2,7,1,5,7,2,0,5
3726,4,5,8,9,3,4,3,0,8,7,3
3727,2,3,4,6,8,2,6,8,9,5,6
3728,1,7,6,2,0,8,0,9,5,6,5
3729,9,9,9,2,7,1,5,7,2,0,5
3730,5,8,3,1,6,0,7,1,4,4,7
3731,0,4,5,0,2,9,4,4,6,8,2
3732,8,2,7,5,9,7,8,4,6,9,0
3733,9,9,9,2,7,1,5,7,2,0,5
3734,3,6,1,8,5,3,2,6,0,1,1
3735,7,1,0,3,4,6,1,5,7,3,6
3736,4,5,8,9,3,4,3,0,8,7,3
3737,2,3,4,6,8,2,6,8,9,5,6
3738,5,8,3,1,6,0,7,1,4,4,7
3739,5,8,3,1,6,0,7,1,4,4,7
3740,7,1,0,3,4,6,1,5,7,3,4
3741,6,5,2,7,1,5,9,2,3,2,9
3742,7,6,0,8,4,6,1,5,0,3,4
3743,3,6,1,8,5,3,2,6,0,1,1
3744,7,1,0,3,4,6,1,5,7,3,4
3745,0,4,7,0,2,7,4,4,6,8,0
3746,0,4,3,0,2,0,4,1,4,8,0
3747,5,8,3,1,6,0,7,1,4,4,2
3748,7,1,0,3,4,6,1,5,7,3,4
3749,5,5,8,9,6,4,7,0,8,4,7
3750,0,4,5,0,2,9,4,4,6,8,2
3751,5,8,3,1,6,0,7,1,4,4,7
3752,2,3,4,6,8,2,6,8,9,5,6
3753,5,8,3,1,6,0,7,1,4,4,7
3754,7,1,0,3,4,6,1,5,7,3,4
3755,9,9,9,2,7,1,5,7,2,0,5
3756,2,3,4,6,8,2,6,8,9,5,6
3757,5,8,3,1,6,0,7,1,4,4,7
3758,1,7,6,2,0,8,0,9,5,6,5
3759,7,1,0,3,4,6,1,8,7,3,4
3760,5,8,3,1,6,0,7,1,4,4,7
3761,5,8,3,1,6,0,7,1,4,4,7
3762,5,6,2,8,6,5,7,2,0,4,7
3763,9,9,9,2,7,1,5,7,2,0,5
3764,4,5,8,9,3,4,3,0,8,7,3
3765,6,5,2,7,1,5,9,2,3,2,9
3766,7,3,0,6,4,6,1,8,9,3,4
3767,6,5,2,7,1,5,9,0,3,2,9
3768,7,1,0,3,4,6,1,5,7,3,4
3769,0,4,5,0,2,9,4,4,6,8,2
3770,0,4,3,0,2,0,4,1,4,8,0
3771,9,9,9,2,7,1,5,7,2,0,5
3772,4,1,8,9,3,4,3,0,8,7,3
3773,0,4,7,0,2,7,4,4,6,8,0
3774,4,5,8,9,3,4,3,0,8,7,3
3775,2,3,4,6,8,2,6,8,9,5,6
3776,3,6,1,8,5,3,2,6,0,1,1
3777,3,6,1,8,5,3,2,6,0,1,1
3778,3,0,1,4,5,3,2,5,1,1,1
3779,4,5,8,9,3,4,3,0,8,7,3
3780,0,4,3,0,2,0,4,1,4,8,2
3781,0,4,3,0,2,0,4,1,4,8,0
3782,0,4,3,0,2,0,4,1,4,8,2
3783,5,8,3,1,6,0,7,1,4,4,0
3784,5,8,3,1,6,0,7,1,4,4,7
3785,0,4,3,0,2,0,4,1,4,8,0
3786,0,8,3,1,2,0,4,1,4,8,0
3787,0,4,7,0,2,7,4,4,6,8,0
3788,8,2,5,5,9,9,8,4,6,9,8
3789,4,5,8,9,3,4,3,0,8,7,3
3790,0,8,3,0,2,0,4,1,4,8,2
3791,3,0,1,4,5,3,2,6,1,1,1
3792,7,1,0,3,4,6,1,5,7,3,4
3793,2,3,4,6,8,2,6,8,9,5,6
3794,4,5,8,9,3,4,3,0,8,7,3
3795,5,8,3,1,6,0,7,1,4,4,7
3796,5,8,3,1,6,0,7,1,4,4,0
3797,9,9,9,2,7,1,5,7,2,0,5
3798,9,9,9,2,7,1,5,7,2,0,5
3799,6,5,2,7,1,5,9,2,3,2,9
3800,1,7,6,2,0,8,0,9,5,6,5
3801,0,8,7,5,9,7,8,1,4,9,0
3802,1,7,6,2,0,8,0,9,5,6,5
3803,0,3,7,6,2,7,4,8,9,8,0
3804,0,4,3,0,2,0,4,1,4,8,2
3805,8,2,5,5,9,9,8,4,6,9,2
3806,3,6,1,8,5,3,2,6,0,1,1
3807,2,3,4,6,8,2,6,8,9,5,6
3808,4,5,8,9,3,4,3,9,8,7,3
3809,3,6,1,8,5,3,2,6,0,1,1
3810,5,8,3,1,6,0,7,1,4,4,0
3811,9,9,9,2,7,1,5,7,2,0,5
3812,7,1,0,3,4,6,1,5,7,3,4
3813,6,3,2,7,1,5,9,2,3,2,9
3814,3,0,1,4,5,3,2,6,1,1,1
3815,7,1,0,3,4,6,1,5,7,3,4
3816,7,1,0,3,4,6,1,5,7,3,4
3817,8,2,7,5,9,7,8,4,6,9,8
3818,5,8,3,1,6,0,7,1,4,4,7
3819,7,1,0,3,4,6,1,5,7,3,4
3820,4,5,8,9,3,4,3,0,8,7,3
3821,4,5,8,9,3,4,3,0,8,7,3
3822,1,7,6,2,0,8,0,9,5,6,5
3823,8,2,5,5,9,9,8,4,6,9,2
3824,7,3,3,6,4,0,1,1,4,3,0
3825,2,3,4,6,8,2,6,8,9,5,6
3826,6,5,2,7,1,5,9,2,3,2,9
3827,8,2,5,5,9,9,8,4,6,9,8
3828,0,4,3,0,2,0,4,1,4,8,0
3829,3,6,1,8,5,3,2,6,0,1,1
3830,6,9,2,7,1,5,9,2,3,2,9
3831,9,9,9,2,7,1,5,7,2,0,5
3832,7,1,0,3,4,6,1,5,7,3,4
3833,6,3,2,7,1,5,9,2,3,2,9
3834,0,4,7,0,2,7,4,1,4,8,0
3835,7,1,0,3,4,6,1,5,7,3,4
3836,6,5,2,7,1,5,9,2,3,2,9
3837,8,2,7,5,9,7,8,4,6,9,8
3838,0,4,7,0,2,7,4,1,4,8,0
3839,2,0,4,4,8,2,6,5,1,5,6
3840,1,7,6,2,0,8,0,9,5,6,5
3841,4,5,8,9,3,4,3,0,8,7,3
3842,2,3,4,6,8,2,6,8,9,5,6
3843,8,2,5,5,9,9,8,4,6,9,8
3844,1,7,6,2,0,8,0,9,5,6,5
3845,2,3,4,6,8,2,6,8,9,5,6
3846,0,4,3,0,2,0,4,1,4,8,2
3847,0,4,7,0,2,7,4,4,6,8,0
3848,6,5,2,7,1,5,9,2,3,2,9
3849,3,6,1,8,5,3,2,6,0,1,1
3850,1,7,6,2,0,8,0,9,5,6,5
3851,9,9,9,2,7,1,5,7,2,0,5
3852,0,4,7,0,2,7,4,1,4,8,0
3853,6,5,2,7,1,5,9,2,3,2,9
3854,0,4,7,0,2,7,4,1,4,8,2
3855,7,1,0,3,4,6,1,5,7,3,4
3856,4,5,8,9,3,4,3,0,8,7,3
3857,0,4,7,0,2,7,4,4,6,8,0
3858,4,5,8,9,3,4,3,3,8,7,3
3859,2,3,4,6,8,2,6,3,9,5,6
3860,7,1,0,3,4,6,1,5,7,3,4
3861,4,5,8,9,3,4,3,0,8,7,3
3862,5,8,3,1,6,0,7,1,4,4,7
3863,9,9,9,2,7,1,5,7,2,0,5
3864,9,9,9,2,7,1,5,3,2,0,8
3865,9,9,9,2,7,1,5,7,2,0,5
3866,7,1,0,3,4,6,1,5,7,3,4
3867,8,4,7,0,9,7,8,4,6,9,0
3868,0,4,3,0,2,0,4,1,4,8,0
3869,4,5,8,9,3,4,3,0,8,7,3
3870,7,1,0,3,4,6,1,5,7,3,4
3871,9,9,9,2,7,1,5,7,2,0,5
3872,7,1,0,3,4,6,1,5,7,3,4
3873,4,5,8,9,3,4,3,0,8,7,3
3874,5,8,3,1,6,0,7,1,4,4,7
3875,7,1,0,3,4,6,1,3,7,3,4
3876,3,6,1,8,5,3,2,6,0,1,1
3877,8,2,7,5,9,7,8,4,6,9,8
3878,1,7,6,2,0,8,0,9,5,6,5
3879,2,3,4,6,8,2,6,8,9,5,6
3880,6,5,2,7,1,5,9,2,3,2,9
3881,3,6,1,8,5,3,2,6,0,1,1
3882,3,0,1,4,5,3,2,6,1,1,1
3883,2,3,4,6,8,2,6,8,9,5,6
3884,7,1,0,3,4,6,1,5,7,3,4
3885,9,9,9,2,7,1,5,7,2,0,5
3886,9,9,9,7,7,1,5,7,2,0,9
3887,8,2,5,5,9,9,8,4,6,9,8
3888,3,6,1,8,5,3,2,6,0,1,1
3889,9,9,9,2,7,1,5,7,2,0,5
3890,6,5,2,7,1,5,9,2,3,2,9
3891,2,3,4,6,8,2,6,8,9,5,6
3892,2,3,4,6,8,2,6,8,9,5,6
3893,7,1,0,3,4,6,1,5,7,3,4
3894,0,4,3,0,2,0,4,1,4,8,2
3895,9,9,9,5,7,1,5,7,2,0,8
3896,3,6,1,8,5,3,2,6,0,1,1
3897,9,9,9,2,7,1,5,7,2,0,5
3898,1,7,6,2,0,8,0,9,5,6,5
3899,8,2,5,5,9,9,8,4,6,9,8
3900,1,7,6,2,0,8,0,9,5,6,5
3901,9,9,9,2,7,1,5,7,2,0,5
3902,6,5,2,7,1,5,9,2,3,2,9
3903,8,2,7,5,9,7,8,4,6,9,8
3904,5,8,3,1,6,0,7,1,4,4,7
3905,8,2,7,5,9,7,8,4,6,9,8
3906,3,6,1,8,5,3,2,6,0,1,1
3907,2,0,4,4,8,2,6,3,1,5,3
3908,4,5,8,9,3,4,3,0,8,7,3
3909,8,2,5,5,9,9,8,4,6,9,8
3910,1,7,6,2,0,8,0,3,5,6,5
3911,8,2,7,5,9,7,8,4,6,9,8
3912,1,4,7,0,2,7,0,4,6,8,0
3913,8,2,7,5,9,7,8,4,6,9,8
3914,0,4,6,0,2,8,4,1,4,8,0
3915,8,2,5,5,9,9,8,4,6,9,8
3916,8,2,5,5,9,9,8,4,6,9,8
3917,6,5,2,7,1,5,9,2,3,2,9
3918,7,1,0,3,4,6,1,5,7,3,4
3919,4,5,8,9,3,4,3,0,8,7,3
3920,7,1,0,3,4,6,1,5,7,3,4
3921,2,3,4,6,8,2,6,3,9,5,6
3922,7,1,0,3,4,6,1,5,7,3,4
3923,2,1,4,3,8,2,6,5,7,5,6
3924,6,5,2,7,1,5,9,2,3,2,9
3925,8,2,7,5,9,7,8,4,6,9,8
3926,1,7,6,2,0,8,0,9,5,6,5
3927,0,4,7,0,2,7,4,4,6,8,0
3928,2,3,4,6,4,2,6,8,9,5,6
3929,3,6,1,8,5,3,2,6,0,1,1
3930,6,5,2,7,1,5,9,2,3,2,9
3931,1,7,6,0,0,8,0,9,5,6,0
3932,4,5,8,9,3,4,3,0,8,7,3
3933,9,9,9,2,7,1,5,7,2,0,5
3934,6,5,2,7,1,5,9,2,3,2,9
3935,8,4,5,5,9,9,8,4,6,9,2
3936,5,5,8,1,6,4,7,0,8,4,7
3937,3,0,1,4,5,3,2,6,1,1,1
3938,7,1,0,3,4,6,1,5,7,3,4
3939,4,5,8,9,3,4,3,0,8,7,3
3940,0,4,5,0,2,9,4,4,6,8,2
3941,2,3,4,6,8,2,6,3,9,5,6
3942,0,4,5,0,2,9,4,4,6,8,0
3943,3,6,1,8,5,3,2,6,0,1,1
3944,9,9,9,2,7,1,5,7,2,0,5
3945,8,2,7,5,9,7,8,4,2,9,8
3946,0,4,7,0,2,7,4,1,4,8,0
3947,4,5,8,9,3,4,3,0,8,7,3
3948,6,3,2,7,1,5,9,2,3,2,9
3949,2,3,4,6,8,2,6,8,9,5,6
3950,4,5,8,9,3,4,3,0,8,7,3
3951,8,2,5,5,9,9,8,4,6,9,8
3952,9,9,9,2,7,1,5,3,2,0,5
3953,4,0,8,9,3,4,3,0,8,7,3
3954,1,7,6,2,0,8,0,9,5,6,5
3955,9,9,9,2,7,1,5,7,2,0,5
3956,9,9,9,2,7,1,5,7,2,0,5
3957,8,2,7,5,9,7,8,4,6,9,8
3958,7,1,0,3,4,6,1,5,7,3,4
3959,2,3,4,6,8,2,6,8,9,5,6
3960,2,0,4,4,8,2,6,3,1,5,3
3961,2,3,7,6,8,7,6,8,9,5,8
3962,1,7,6,2,0,8,0,9,5,6,5
3963,9,9,9,2,7,1,5,7,2,0,5
3964,3,0,1,4,5,3,2,6,1,1,1
3965,6,5,2,7,1,5,9,2,3,2,9
3966,1,7,6,2,0,8,0,9,5,6,5
3967,8,2,7,5,9,7,8,4,6,9,8
3968,8,3,4,6,9,2,8,8,9,9,8
3969,7,1,0,3,4,6,1,5,7,3,4
3970,8,2,7,5,9,7,8,4,6,9,8
3971,9,9,9,2,7,1,5,7,2,0,5
3972,4,1,8,9,3,4,3,0,8,7,3
3973,8,2,7,5,9,7,8,4,6,9,8
3974,2,3,4,6,8,2,6,8,9,5,6
3975,2,3,4,6,8,2,6,8,9,5,6
3976,2,3,4,6,8,2,6,8,9,5,6
3977,8,2,7,5,9,7,8,4,6,9,8
3978,5,8,3,1,6,0,7,1,4,4,7
3979,2,3,4,6,8,2,6,8,9,5,6
3980,6,5,2,7,1,5,9,2,3,2,9
3981,6,3,2,7,1,5,9,2,3,2,9
3982,0,4,6,0,2,8,4,9,5,8,0
3983,1,7,6,2,0,8,0,9,5,6,5
3984,0,5,7,0,2,7,4,3,4,8,0
3985,4,5,8,9,3,4,3,0,8,7,3
3986,7,1,0,3,4,6,1,5,7,3,4
3987,8,2,7,5,9,7,8,4,6,9,8
3988,7,1,0,3,4,6,1,5,7,3,4
3989,9,3,9,6,7,1,5,7,2,0,9
3990,5,8,3,1,6,0,7,1,4,4,7
3991,8,2,7,5,9,7,8,4,6,9,8
3992,5,8,3,1,6,0,7,1,4,4,7
3993,4,5,8,9,3,4,3,0,8,7,3
3994,4,5,8,9,3,4,3,0,8,7,3
3995,7,1,0,3,4,6,1,5,7,3,4
3996,1,7,6,2,0,8,0,9,5,6,5
3997,7,1,0,3,4,6,1,5,7,3,4
3998,5,8,3,1,6,0,7,1,4,4,7
3999,4,5,8,9,3,4,3,0,8,7,3
4000,8,2,5,5,9,9,8,4,6,9,8
4001,7,1,0,3,4,6,1,5,7,3,4
4002,3,6,1,8,5,3,2,6,0,1,1
4003,9,9,9,2,7,1,5,7,2,0,5
4004,7,1,0,3,4,6,1,5,7,3,4
4005,2,3,4,7,8,2,6,3,3,5,9
4006,1,7,6,2,0,8,0,9,5,6,5
4007,7,1,0,3,4,6,1,5,7,3,4
4008,3,6,1,8,5,3,2,6,0,1,1
4009,3,0,1,4,5,3,2,6,1,1,1
4010,1,7,6,2,0,8,0,9,5,6,5
4011,7,1,0,3,4,6,1,5,7,3,4
4012,1,7,6,2,0,8,0,9,5,6,5
4013,9,9,9,2,7,1,5,7,2,0,5
4014,1,7,6,2,0,8,0,9,5,6,5
4015,7,1,0,3,4,6,1,3,7,3,3
4016,6,1,2,7,1,5,9,2,3,2,9
4017,7,0,0,4,4,6,1,3,1,3,4
4018,4,5,8,9,3,4,3,0,8,7,3
4019,8,2,7,5,9,7,8,4,6,9,8
4020,5,8,3,1,6,0,7,1,4,4,2
4021,9,9,9,2,7,1,5,7,2,0,5
4022,7,1,0,3,4,6,1,5,7,3,4
4023,3,6,1,8,5,3,2,6,0,1,1
4024,8,2,5,5,9,9,8,4,6,9,8
4025,8,2,7,5,9,7,8,4,6,9,8
4026,5,8,3,1,6,0,7,1,4,4,0
4027,3,0,1,4,5,3,2,3,1,1,1
4028,7,1,0,3,4,6,1,5,7,3,4
4029,9,9,9,2,7,1,5,7,2,0,5
4030,5,5,8,1,6,4,7,0,8,4,7
4031,6,5,2,7,1,5,9,2,3,2,9
4032,5,8,3,1,6,0,7,1,4,4,7
4033,2,0,4,4,8,2,6,3,1,5,6
4034,8,2,5,5,9,9,8,4,6,9,8
4035,8,2,7,5,9,7,8,4,6,9,8
4036,2,3,4,6,8,2,6,8,9,5,6
4037,2,3,4,6,8,2,6,3,9,5,6
4038,5,8,3,1,6,0,7,1,4,4,7
4039,4,5,8,9,3,4,3,0,8,7,3
4040,2,3,4,6,4,2,6,8,9,5,6
4041,0,4,5,0,2,9,4,1,4,8,2
4042,8,2,5,5,9,9,8,2,3,9,8
4043,2,3,4,6,8,2,6,8,9,5,6
4044,3,6,1,8,5,3,2,6,0,1,1
4045,8,2,7,5,9,7,8,4,6,9,8
4046,5,8,3,1,6,0,7,1,4,4,2
4047,2,0,4,4,8,2,6,3,1,5,6
4048,7,1,0,3,4,6,1,5,7,3,4
4049,9,9,9,2,7,1,5,7,2,0,5
4050,5,8,3,1,6,0,7,1,4,4,7
4051,6,5,2,7,1,5,9,2,3,2,9
4052,7,1,0,3,4,6,1,5,7,3,4
4053,7,1,0,3,4,6,1,5,7,3,4
4054,4,5,8,9,3,4,3,0,8,7,3
4055,8,2,7,5,9,7,8,4,6,9,8
4056,5,8,3,1,6,0,7,1,4,4,7
4057,2,2,7,5,8,7,6,3,6,5,8
4058,5,8,0,1,6,6,7,5,7,4,7
4059,4,5,8,9,3,4,3,3,8,7,3
4060,0,4,3,0,2,0,4,1,4,8,0
4061,5,8,3,1,6,0,7,1,4,4,7
4062,5,8,3,1,6,0,7,1,4,4,7
4063,9,3,9,6,7,1,5,8,9,0,6
4064,1,7,6,2,0,8,0,9,5,6,5
4065,8,2,7,5,9,7,8,4,6,9,8
4066,7,1,0,3,4,6,1,5,7,3,4
4067,3,0,1,4,5,3,2,6,1,1,1
4068,1,7,6,2,0,8,0,9,5,6,5
4069,9,9,9,2,7,1,5,7,2,0,5
4070,1,7,6,2,0,8,0,9,5,6,5
4071,6,5,2,7,1,5,9,2,3,2,9
4072,4,5,8,9,3,4,3,0,8,7,3
4073,6,5,2,7,1,5,9,2,3,2,9
4074,0,4,5,0,2,9,4,1,4,8,2
4075,8,2,7,5,9,7,8,4,6,9,8
4076,7,1,0,3,4,6,1,5,7,3,4
4077,9,9,7,2,7,7,5,3,2,0,8
4078,4,5,8,9,3,4,3,0,8,7,3
4079,4,5,8,9,3,4,3,0,8,7,3
4080,1,7,6,2,0,8,0,9,5,6,5
4081,3,0,1,4,5,3,2,6,1,1,2
4082,3,6,1,8,5,3,2,6,0,1,1
4083,2,3,4,6,8,2,6,3,9,5,6
4084,7,1,0,3,4,6,1,5,7,3,4
4085,8,2,5,5,9,9,8,4,6,9,8
4086,6,5,2,7,1,5,9,2,3,2,9
4087,4,5,8,9,3,4,3,0,8,7,3
4088,0,4,7,0,2,7,4,1,4,8,0
4089,9,9,9,2,7,1,5,7,2,0,5
4090,1,7,6,2,0,8,0,3,5,6,5
4091,8,2,7,5,9,7,8,4,6,9,0
4092,0,4,7,0,2,7,4,4,6,8,0
4093,0,4,3,0,2,0,4,1,4,8,0
4094,2,3,4,6,8,2,6,8,9,5,6
4095,0,4,7,0,2,7,4,4,6,8,0
4096,6,5,2,7,1,5,9,2,3,2,9
4097,5,4,7,1,6,7,7,1,4,4,7
4098,5,8,3,1,6,0,7,1,4,4,7
4099,8,2,7,5,9,7,8,4,6,9,8
4100,2,3,4,6,8,2,6,8,9,5,6
4101,7,1,0,3,4,6,1,5,7,3,4
4102,5,8,3,1,6,0,7,1,4,4,7
4103,2,3,4,6,8,2,6,8,9,5,6
4104,0,4,7,0,2,7,4,8,9,8,0
4105,9,9,9,2,7,1,5,7,2,0,5
4106,3,6,1,8,5,3,2,6,0,1,1
4107,4,2,7,9,3,7,3,4,6,7,3
4108,3,6,1,4,5,3,2,6,1,1,1
4109,9,9,9,2,7,1,5,7,2,0,5
4110,4,7,6,9,3,8,3,9,5,7,3
4111,9,9,9,2,7,1,5,7,2,0,5
4112,4,5,8,9,3,4,3,3,8,7,3
4113,5,8,3,1,6,0,7,1,4,4,0
4114,5,8,3,1,6,0,7,1,4,4,7
4115,3,0,1,4,5,3,2,6,1,1,1
4116,8,2,5,5,9,9,8,4,6,9,8
4117,8,2,7,5,9,7,8,4,6,9,8
4118,0,4,3,0,2,0,4,1,4,8,0
4119,2,3,4,6,8,2,6,3,9,5,6
4120,9,9,9,2,7,1,5,7,2,0,5
4121,7,1,0,3,4,6,1,5,7,3,4
4122,8,2,5,5,9,9,8,4,6,9,8
4123,3,0,1,4,5,3,2,6,1,1,1
4124,5,8,3,1,6,0,7,1,4,4,7
4125,8,4,7,0,2,7,4,4,6,8,0
4126,7,1,0,3,4,6,1,5,7,3,4
4127,0,4,7,0,2,7,4,4,6,8,0
4128,1,7,6,2,0,8,0,9,5,6,5
4129,9,9,9,2,7,1,5,7,2,0,5
4130,8,2,5,5,9,9,8,4,6,9,2
4131,8,2,5,5,9,9,8,4,6,9,8
4132,5,8,3,1,6,0,7,1,4,4,7
4133,4,5,8,9,3,4,3,0,8,7,3
4134,7,1,0,3,4,6,1,5,7,3,4
4135,0,4,7,0,2,7,4,4,6,8,0
4136,7,1,0,3,4,6,1,5,7,3,4
4137,9,9,9,2,7,1,5,7,2,0,5
4138,5,8,3,1,6,0,7,1,4,4,0
4139,9,9,9,6,7,1,5,7,2,0,9
4140,1,7,6,2,0,8,0,9,5,6,5
4141,8,2,5,5,9,9,8,4,6,9,2
4142,4,5,8,9,3,4,3,3,8,7,3
4143,9,7,6,2,7,8,5,3,2,0,5
4144,9,9,9,2,7,1,5,7,2,0,5
4145,2,0,4,4,8,2,6,3,1,5,6
4146,0,4,3,0,2,0,4,1,4,8,0
4147,2,3,4,6,8,2,6,8,9,5,6
4148,0,4,7,0,2,7,4,4,6,8,0
4149,9,9,9,2,7,1,5,7,2,0,5
4150,4,5,8,9,3,4,3,0,8,7,3
4151,2,3,4,6,8,2,6,8,9,5,6
4152,9,9,9,2,7,1,5,7,2,0,5
4153,9,9,9,2,7,1,5,3,2,0,5
4154,1,7,6,3,0,8,0,9,5,6,4
4155,4,5,8,9,3,4,3,0,8,7,3
4156,7,1,0,3,4,6,1,5,7,3,4
4157,6,5,2,7,1,5,9,2,3,2,9
4158,5,8,3,1,6,0,7,1,4,4,0
4159,3,0,1,4,5,3,2,6,1,1,1
4160,1,7,6,2,0,8,0,9,5,6,5
4161,8,2,5,5,9,9,8,4,6,9,2
4162,1,7,6,2,0,8,0,9,5,6,5
4163,9,9,9,2,7,1,5,7,2,0,5
4164,0,4,5,0,2,9,4,1,4,8,0
4165,9,9,9,2,7,1,5,7,2,0,5
4166,1,7,6,2,0,8,0,9,5,6,5
4167,2,9,4,2,8,2,6,3,2,5,6
4168,7,1,0,3,4,6,1,5,7,3,4
4169,8,2,7,5,9,7,8,4,6,9,8
4170,5,8,3,1,6,0,7,1,4,4,7
4171,2,3,4,6,8,2,6,3,9,5,6
4172,5,8,3,1,6,0,7,1,4,4,0
4173,0,4,5,0,2,9,4,1,4,8,2
4174,5,8,3,1,6,0,7,1,4,4,7
4175,8,4,5,0,2,9,4,4,6,8,2
4176,7,1,0,3,4,6,1,5,7,3,4
4177,2,3,4,6,8,2,6,3,9,5,6
4178,9,9,7,2,7,7,5,4,2,0,8
4179,6,1,2,7,1,5,9,3,3,2,9
4180,0,4,7,0,2,7,4,1,4,8,0
4181,3,0,1,4,5,3,2,6,1,1,1
4182,1,7,6,2,0,8,0,9,5,6,5
4183,5,5,7,1,6,7,7,1,4,4,7
4184,5,8,3,1,6,0,7,1,4,4,0
4185,5,8,3,2,6,0,7,1,2,4,5
4186,1,7,6,2,0,8,0,9,5,6,5
4187,6,5,2,7,1,5,9,2,3,2,9
4188,4,5,8,9,3,4,3,0,8,7,7
4189,8,4,5,0,2,9,4,4,6,8,2
4190,9,9,9,2,7,1,5,7,2,0,5
4191,7,1,0,3,4,6,1,5,7,3,6
4192,1,7,6,2,0,8,0,9,5,6,5
4193,9,9,9,2,7,1,5,7,2,0,5
4194,2,3,4,6,8,2,6,3,9,5,6
4195,8,2,7,5,9,7,8,4,6,9,8
4196,7,1,0,3,4,6,1,5,7,3,4
4197,8,2,7,5,9,7,8,4,6,9,8
4198,4,5,8,9,3,4,3,3,8,7,3
4199,2,1,4,3,8,2,6,5,7,5,6
4200,0,4,5,0,2,9,4,4,6,8,0
4201,3,0,1,4,5,3,2,6,1,1,1
4202,1,7,6,2,0,8,0,9,5,6,5
4203,3,6,1,8,5,3,2,6,0,1,1
4204,1,7,6,2,0,8,0,2,5,6,5
4205,9,9,9,2,7,1,5,7,2,0,5
4206,0,8,3,1,6,0,7,1,4,4,0
4207,8,2,5,5,9,9,8,4,6,9,2
4208,6,5,2,7,1,5,9,2,3,2,9
4209,0,4,7,0,2,7,4,4,6,8,0
4210,4,5,8,9,3,4,3,0,8,7,3
4211,0,4,5,0,2,9,4,4,6,8,2
4212,1,7,6,2,0,8,0,9,5,6,5
4213,2,3,4,7,8,2,6,2,2,5,9
4214,5,5,8,1,6,4,7,0,8,4,7
4215,2,3,4,6,8,2,6,8,9,5,6
4216,3,6,1,8,5,3,2,6,0,1,1
4217,8,4,5,0,2,9,4,4,6,8,2
4218,3,6,1,8,5,3,2,6,0,1,1
4219,0,4,3,0,2,0,4,1,4,8,0
4220,3,0,1,4,5,3,2,6,1,1,1
4221,4,5,8,9,3,4,3,3,8,7,3
4222,0,4,3,0,2,0,4,1,4,8,0
4223,2,3,4,6,8,2,6,8,9,5,6
4224,8,2,7,2,9,7,8,4,6,9,8
4225,9,9,9,2,7,1,5,7,2,0,5
4226,5,8,3,1,6,0,7,1,4,4,7
4227,0,4,5,0,2,9,4,1,4,8,2
4228,5,8,3,1,6,0,7,1,4,4,7
4229,8,2,7,5,9,7,8,4,6,9,8
4230,6,5,2,7,1,5,9,2,3,2,9
4231,4,5,8,9,3,4,3,0,8,7,3
4232,5,5,8,1,6,4,7,0,8,4,7
4233,7,1,0,3,4,6,1,5,7,3,4
4234,7,1,0,3,4,6,1,5,7,3,4
4235,7,1,0,3,4,6,1,5,7,3,4
4236,7,1,0,3,4,6,1,5,7,3,4
4237,9,9,9,2,7,1,5,7,2,0,5
4238,7,1,0,3,4,6,1,5,7,3,4
4239,2,0,4,4,8,2,6,3,1,5,6
4240,5,8,3,1,6,0,7,1,4,4,0
4241,6,5,2,7,1,5,9,2,3,2,9
4242,0,4,5,0,2,9,4,1,4,8,2
4243,3,6,1,8,5,3,2,6,0,1,1
4244,5,8,3,1,6,0,7,1,4,4,0
4245,3,6,1,8,5,3,2,6,0,1,1
4246,7,1,0,3,4,6,1,5,7,3,4
4247,2,3,4,6,8,2,6,3,9,5,6
4248,1,7,6,2,0,8,0,9,5,6,5
4249,4,5,8,9,3,4,3,0,8,7,3
4250,7,1,0,3,4,6,1,5,7,3,4
4251,4,5,8,9,3,4,3,0,8,7,3
4252,5,8,3,1,6,0,7,1,4,4,7
4253,6,3,2,7,1,5,9,2,3,2,9
4254,8,4,5,0,9,9,8,4,6,9,2
4255,8,2,5,5,9,9,8,4,6,9,2
4256,7,1,0,3,4,6,1,5,7,3,4
4257,2,3,4,6,8,2,6,8,9,5,6
4258,1,7,7,2,0,8,0,9,5,6,5
4259,8,2,7,5,9,7,8,3,6,9,8
4260,5,8,3,1,6,0,7,1,4,4,7
4261,2,3,4,6,8,2,6,8,9,5,6
4262,2,3,4,6,8,2,6,8,9,5,6
4263,6,1,2,7,1,5,9,2,3,2,9
4264,0,4,3,0,2,0,4,1,4,8,0
4265,3,0,1,4,5,3,2,6,1,1,1
4266,0,4,5,0,2,9,4,9,5,8,2
4267,9,9,9,2,7,1,5,7,2,0,5
4268,4,5,8,9,3,4,3,3,8,7,3
4269,6,3,2,7,1,5,9,2,3,2,9
4270,3,6,1,8,5,3,2,6,0,1,1
4271,2,3,4,6,8,2,6,8,9,5,6
4272,7,1,0,3,4,6,1,5,7,3,4
4273,8,2,7,5,9,7,8,4,6,9,8
4274,5,8,3,1,6,0,7,1,4,4,7
4275,2,3,4,6,8,2,6,8,9,5,6
4276,5,8,3,1,6,0,7,1,4,4,0
4277,8,2,7,5,9,7,8,4,6,9,8
4278,2,3,4,6,8,2,6,8,9,5,6
4279,3,0,1,4,5,3,2,6,1,1,1
4280,0,4,5,0,2,8,4,9,5,8,0
4281,2,3,4,6,8,2,6,5,7,5,6
4282,2,3,4,6,8,2,6,8,9,5,6
4283,0,4,7,0,2,7,4,1,4,8,0
4284,3,6,1,8,5,3,2,6,0,1,1
4285,8,2,5,5,9,9,8,4,6,9,8
4286,9,9,9,2,7,1,5,7,2,0,5
4287,2,3,4,6,8,2,6,8,9,5,6
4288,3,6,1,8,5,3,2,6,0,1,1
4289,3,6,1,8,5,3,2,6,0,1,1
4290,8,2,7,6,8,7,6,4,6,5,6
4291,9,9,9,2,7,1,5,7,2,0,5
4292,5,8,3,1,6,0,7,1,4,4,7
4293,6,3,2,7,1,5,9,2,3,2,9
4294,1,7,6,2,0,8,0,9,5,6,5
4295,2,3,4,6,8,2,6,8,9,5,6
4296,0,4,3,0,2,0,4,1,4,8,2
4297,5,2,7,1,9,7,7,4,6,9,7
4298,0,4,5,0,2,9,4,1,4,8,2
4299,2,2,4,6,8,2,6,3,9,5,8
4300,1,7,6,2,0,8,0,9,5,6,5
4301,4,5,8,9,3,4,3,0,8,7,3
4302,7,1,0,3,4,6,1,5,7,3,4
4303,8,2,5,5,9,9,8,4,6,9,2
4304,2,3,4,6,8,2,6,3,9,5,6
4305,2,3,4,6,8,2,6,3,9,5,6
4306,0,4,3,0,2,0,4,1,4,8,0
4307,8,2,7,5,9,7,8,4,6,9,8
4308,7,1,0,3,4,6,1,8,7,3,4
4309,9,9,9,2,7,1,5,3,2,0,5
4310,3,6,1,8,5,3,2,6,0,1,1
4311,9,9,9,2,7,1,5,7,2,0,5
4312,7,1,0,3,4,6,1,5,7,3,4
4313,8,2,7,5,9,7,8,4,6,9,8
4314,4,5,8,9,3,4,3,0,8,7,3
4315,0,4,7,0,2,7,4,4,6,8,0
4316,3,6,1,8,5,3,2,6,0,1,1
4317,8,2,7,5,9,7,8,4,6,9,8
4318,5,8,3,1,6,0,7,1,4,4,7
4319,9,9,9,2,7,1,5,7,2,0,5
4320,0,4,3,0,2,0,4,1,4,8,0
4321,3,0,1,4,5,3,2,3,1,1,1
4322,8,2,7,5,9,7,8,4,6,9,0
4323,8,2,7,5,9,7,8,4,6,9,8
4324,2,3,4,6,8,2,6,8,9,5,6
4325,6,0,2,4,1,5,9,3,1,2,9
4326,0,4,3,0,2,0,4,1,4,8,2
4327,2,2,7,5,9,7,8,3,6,9,8
4328,0,4,3,0,2,0,4,1,4,8,0
4329,8,2,7,5,9,7,8,4,6,9,8
4330,0,4,3,0,2,0,4,1,4,8,2
4331,8,2,7,5,9,7,8,4,6,9,8
4332,8,2,5,5,9,9,8,4,6,9,8
4333,9,9,9,2,7,1,5,7,2,0,5
4334,5,8,3,1,6,0,7,1,4,4,7
4335,2,3,4,6,8,2,6,8,9,5,6
4336,5,8,3,1,6,0,7,1,4,4,7
4337,4,5,8,9,3,4,3,0,8,7,3
4338,8,2,5,5,9,9,8,4,6,9,8
4339,2,3,4,6,8,2,6,8,9,5,6
4340,2,0,4,4,8,2,6,3,1,5,6
4341,6,5,2,7,1,5,9,2,3,2,9
4342,7,1,0,3,4,6,1,5,7,3,4
4343,3,0,1,4,5,3,2,3,1,1,1
4344,3,6,1,8,5,3,2,6,0,1,1
4345,8,2,7,5,9,7,8,4,6,9,8
4346,0,4,7,0,2,7,4,1,4,8,0
4347,3,0,1,4,5,3,2,6,1,1,1
4348,7,1,0,3,4,6,1,5,7,3,4
4349,4,5,8,9,3,4,3,0,8,7,3
4350,5,8,3,1,6,0,7,1,4,4,7
4351,9,9,9,2,7,1,5,7,2,0,5
4352,7,1,0,3,4,6,1,5,7,3,4
4353,8,2,5,5,9,9,8,4,6,9,8
4354,5,8,3,1,6,0,7,1,4,4,7
4355,6,5,2,7,1,5,9,2,3,2,9
4356,3,0,1,4,5,3,2,6,1,1,1
4357,2,3,4,6,8,2,6,8,9,5,6
4358,0,4,5,0,2,9,4,4,6,8,2
4359,2,3,4,6,8,2,6,3,9,5,6
4360,6,5,2,7,1,5,9,2,3,2,7
4361,8,2,7,5,9,7,8,4,6,9,7
4362,5,8,3,1,6,0,7,1,4,4,7
4363,8,2,7,5,9,7,8,4,6,9,8
4364,4,5,8,9,3,4,3,0,8,7,3
4365,4,5,8,9,3,4,3,3,8,7,3
4366,0,4,5,0,2,9,4,1,4,8,2
4367,4,5,8,9,3,4,3,0,8,7,3
4368,5,8,3,1,6,0,7,1,4,4,7
4369,2,3,4,6,8,2,6,8,9,5,6
4370,1,7,6,2,0,8,0,9,5,6,5
4371,6,5,2,7,1,5,9,2,3,2,9
4372,0,4,5,0,2,9,4,1,4,8,2
4373,2,3,4,6,8,2,6,8,9,5,6
4374,3,0,1,4,5,3,2,6,1,1,1
4375,2,3,4,6,8,2,6,8,9,5,6
4376,7,1,0,3,4,6,1,5,7,3,4
4377,8,2,7,5,9,7,8,4,6,9,8
4378,1,7,6,2,0,8,0,9,5,8,5
4379,8,2,7,5,9,7,8,4,6,9,8
4380,6,5,2,7,1,5,9,2,3,2,9
4381,2,3,4,6,8,2,6,8,9,5,6
4382,8,5,7,5,9,7,8,4,6,9,8
4383,2,3,4,6,8,2,6,8,9,5,6
4384,7,1,0,3,4,6,1,5,7,3,4
4385,8,2,5,5,9,9,8,4,6,9,8
4386,0,4,3,0,2,0,4,1,4,8,0
4387,9,9,9,2,7,1,5,7,2,0,5
4388,7,1,0,3,4,6,1,5,7,3,4
4389,3,0,1,4,5,3,2,6,1,1,1
4390,1,7,6,2,0,8,0,9,5,6,5
4391,2,3,4,6,8,2,6,3,9,5,6
4392,6,5,2,7,1,5,9,3,3,2,9
4393,8,2,5,5,9,9,8,4,6,9,8
4394,0,4,5,0,2,9,4,1,4,8,2
4395,8,2,7,5,9,9,8,4,6,9,8
4396,0,4,5,0,2,9,4,1,4,8,2
4397,9,9,9,2,7,1,5,9,2,0,5
4398,6,5,2,7,1,5,9,2,3,2,9
4399,8,2,7,5,9,7,8,4,6,9,8
4400,7,1,0,3,4,6,1,5,7,3,4
4401,6,5,2,7,1,5,9,2,3,2,9
4402,9,9,9,2,7,1,5,7,2,0,5
4403,7,1,0,3,4,6,1,5,7,3,4
4404,4,5,8,9,3,4,3,3,8,7,3
4405,9,9,9,2,7,1,5,7,2,0,5
4406,5,8,3,1,6,0,7,1,4,4,7
4407,9,9,9,2,7,1,5,7,2,0,5
4408,1,7,6,2,0,8,0,9,5,6,5
4409,5,4,7,0,2,7,4,4,6,8,7
4410,5,8,3,1,6,0,7,1,4,4,7
4411,8,2,7,5,9,7,8,3,6,9,8
4412,9,9,9,2,7,1,5,7,2,0,5
4413,9,9,9,2,7,1,5,3,2,0,5
4414,6,5,2,2,1,5,9,2,3,2,5
4415,3,0,1,4,5,3,2,6,1,1,1
4416,5,8,3,1,6,0,7,1,4,4,0
4417,8,2,7,5,9,7,8,4,6,9,8
4418,7,1,0,3,4,6,1,5,7,3,4
4419,2,3,4,6,8,2,6,3,9,5,6
4420,9,9,9,2,7,1,5,7,2,0,5
4421,8,2,7,5,9,7,8,4,6,9,8
4422,0,8,3,0,2,0,4,1,4,8,2
4423,8,2,7,5,9,7,8,4,6,9,8
4424,2,3,4,6,8,2,6,3,9,5,6
4425,8,2,7,5,9,7,8,4,6,9,8
4426,4,5,8,9,3,4,3,0,8,7,3
4427,6,5,2,7,1,5,9,2,3,2,9
4428,6,5,2,7,1,5,9,2,3,2,9
4429,2,3,4,6,8,2,6,8,9,5,6
4430,4,5,8,9,3,4,3,0,8,7,3
4431,4,5,8,9,3,4,3,0,8,7,3
4432,8,2,5,5,9,9,8,4,6,9,2
4433,8,2,7,5,9,7,8,4,6,9,8
4434,7,1,0,3,4,6,1,5,7,3,4
4435,9,9,9,2,7,1,5,7,2,0,5
4436,0,4,7,0,2,7,4,1,4,8,0
4437,6,5,2,7,1,5,9,2,3,2,9
4438,0,4,7,0,2,7,4,1,4,8,0
4439,8,4,7,5,9,7,8,4,6,9,0
4440,2,3,4,6,8,2,6,8,9,5,6
4441,9,9,9,2,7,1,5,7,2,0,5
4442,6,5,2,7,1,5,9,2,3,2,9
4443,2,3,4,6,8,2,6,3,9,5,6
4444,3,6,1,8,5,3,2,6,0,1,1
4445,9,9,9,2,7,1,5,7,2,0,5
4446,7,1,0,3,4,6,1,9,7,3,4
4447,8,2,7,5,9,7,8,4,6,9,8
4448,2,3,4,6,8,2,6,8,9,5,6
4449,2,3,4,6,8,2,6,3,2,5,6
4450,2,1,4,3,8,2,6,5,5,5,6
4451,6,5,2,7,1,5,9,2,3,2,9
4452,8,2,5,5,9,9,8,4,6,9,8
4453,3,0,1,4,5,3,2,6,1,1,1
4454,0,4,7,0,2,7,4,1,6,8,0
4455,3,0,1,4,5,3,2,6,1,1,1
4456,5,8,3,1,6,0,7,1,4,4,7
4457,6,5,2,7,1,5,9,3,3,2,9
4458,5,8,3,1,6,0,7,1,4,4,2
4459,2,0,7,4,8,7,6,4,6,5,6
4460,8,2,7,5,9,7,8,4,6,9,8
4461,2,3,4,6,8,2,6,8,9,5,6
4462,7,1,0,3,4,6,1,5,7,3,4
4463,4,5,8,9,3,4,3,0,8,7,3
4464,0,4,3,0,2,0,4,1,4,8,0
4465,3,6,1,8,5,3,2,6,0,1,1
4466,5,8,3,1,6,0,7,1,4,4,7
4467,1,7,6,2,0,8,0,9,5,6,5
4468,4,5,8,9,3,4,3,0,8,7,3
4469,4,5,8,9,3,4,3,0,8,7,3
4470,1,7,6,2,0,8,0,9,5,6,5
4471,7,1,0,3,4,6,1,5,7,3,4
4472,0,4,3,0,2,0,4,1,4,8,2
4473,5,8,3,1,6,0,7,1,4,4,7
4474,6,5,2,7,1,5,9,2,3,2,9
4475,7,1,0,3,4,6,1,5,7,3,4
4476,1,7,6,2,0,8,0,9,5,6,5
4477,4,5,8,9,3,4,3,0,8,7,7
4478,0,8,3,1,6,0,7,1,4,4,2
4479,0,4,5,0,2,9,4,1,4,8,2
4480,8,2,7,5,9,7,8,4,6,9,8
4481,7,1,0,3,4,6,1,5,7,3,4
4482,2,3,4,6,8,2,6,8,9,5,6
4483,5,8,3,1,6,0,7,1,4,4,7
4484,1,7,6,2,0,8,0,9,5,6,5
4485,3,6,1,8,5,3,2,6,0,1,1
4486,1,7,6,2,0,8,0,9,5,6,5
4487,9,9,9,2,7,1,5,7,2,0,5
4488,4,0,8,4,3,4,3,0,1,7,3
4489,6,5,2,7,1,5,9,2,3,2,9
4490,7,1,0,3,4,6,1,5,7,3,4
4491,7,1,0,3,4,6,1,5,7,3,4
4492,1,7,6,2,0,8,0,9,5,6,5
4493,5,4,7,1,6,7,7,1,4,4,7
4494,5,8,3,1,6,0,7,1,4,4,7
4495,3,6,1,8,5,3,2,6,0,1,1
4496,3,6,1,8,5,3,2,6,0,1,1
4497,4,5,8,9,3,4,3,0,8,7,3
4498,0,4,6,0,2,8,4,9,5,8,0
4499,0,4,5,0,2,9,4,4,6,8,2
4500,3,6,1,8,5,3,2,6,0,1,7
4501,2,3,4,6,8,2,6,8,9,5,6
4502,6,3,2,7,1,5,9,2,3,2,9
4503,0,4,7,0,2,7,4,4,6,8,0
4504,1,7,6,2,0,8,0,9,5,6,5
4505,3,6,1,8,5,3,2,6,0,1,1
4506,7,1,0,3,4,6,1,5,7,3,4
4507,9,9,9,2,7,1,5,7,2,0,5
4508,7,1,0,3,4,6,1,5,7,3,4
4509,6,5,2,7,1,5,9,2,3,2,9
4510,7,1,0,3,4,6,1,5,7,3,4
4511,7,1,0,3,4,6,1,5,7,3,4
4512,7,1,0,3,4,6,1,5,7,3,4
4513,5,8,3,1,6,0,7,1,4,4,7
4514,9,9,9,2,7,1,5,7,2,0,5
4515,2,3,4,6,8,2,6,8,9,5,6
4516,8,2,5,5,9,9,8,4,6,9,8
4517,4,5,8,9,3,4,3,0,8,7,3
4518,9,9,9,2,7,1,5,7,2,0,5
4519,8,4,5,0,9,9,8,4,6,9,2
4520,4,5,8,9,3,4,3,0,8,7,3
4521,2,3,4,6,8,2,6,8,9,5,6
4522,0,4,3,0,2,0,4,1,4,8,0
4523,8,2,5,5,9,9,8,4,6,9,8
4524,9,9,9,2,7,1,5,7,2,0,5
4525,0,4,7,0,2,7,4,8,9,8,0
4526,4,5,8,9,3,4,3,0,8,7,3
4527,3,6,1,8,5,3,2,6,0,1,1
4528,8,2,5,5,9,9,8,4,6,9,8
4529,7,1,0,3,4,6,1,5,7,3,4
4530,0,4,3,0,2,0,4,1,4,8,7
4531,4,5,8,9,3,4,3,0,8,7,3
4532,3,6,1,8,5,3,2,6,0,1,1
4533,4,5,8,9,3,4,3,0,8,7,3
4534,1,7,6,2,0,8,0,9,5,6,5
4535,3,6,1,8,5,3,2,6,0,1,1
4536,4,5,8,9,3,4,3,3,8,7,3
4537,2,3,4,6,8,2,6,8,9,5,6
4538,5,8,3,1,6,0,7,1,4,4,7
4539,3,6,1,8,5,3,2,6,0,1,1
4540,5,8,3,1,6,0,7,1,4,4,7
4541,4,5,8,2,3,4,3,0,8,7,5
4542,6,5,2,7,1,5,9,2,3,2,9
4543,7,1,0,3,4,6,1,5,7,3,4
4544,5,8,3,1,6,0,7,1,4,4,0
4545,0,4,5,0,2,9,4,1,4,8,2
4546,4,5,8,9,3,4,3,0,8,7,3
4547,0,4,7,0,2,7,4,4,6,8,0
4548,8,4,5,0,2,9,8,4,6,8,2
4549,5,8,7,1,6,7,7,4,6,4,7
4550,9,9,9,7,7,1,5,7,2,0,9
4551,8,4,5,0,2,9,4,4,6,8,2
4552,7,1,0,3,4,6,1,5,7,3,4
4553,9,9,9,2,7,1,5,7,2,0,5
4554,9,9,9,2,7,1,5,7,5,0,5
4555,0,4,7,0,2,7,4,4,6,8,0
4556,3,0,1,4,5,3,2,6,1,1,1
4557,9,9,9,2,7,1,5,7,2,0,5
4558,2,4,7,0,8,7,6,4,9,5,8
4559,8,2,5,5,9,9,8,4,6,9,8
4560,2,3,4,6,8,2,6,3,9,5,6
4561,9,9,9,2,7,1,5,7,2,0,5
4562,7,1,0,3,4,6,1,5,7,3,4
4563,3,0,1,4,5,3,2,6,1,1,1
4564,5,8,3,1,6,0,7,3,4,4,7
4565,3,6,1,8,5,3,2,6,0,1,1
4566,9,9,9,2,7,1,5,7,2,0,5
4567,0,4,7,0,2,7,4,4,6,8,0
4568,5,8,3,1,6,0,7,1,4,4,7
4569,9,9,9,2,7,1,5,7,2,0,5
4570,7,1,0,3,4,6,1,5,7,3,4
4571,8,2,5,5,9,9,8,4,6,9,2
4572,4,5,8,9,3,4,3,3,8,7,3
4573,7,1,0,3,4,6,1,5,7,3,4
4574,6,5,2,7,1,5,9,2,3,2,9
4575,8,2,5,5,9,9,8,4,6,9,8
4576,6,5,2,7,1,5,9,2,3,2,9
4577,9,9,9,2,7,1,5,7,2,0,5
4578,1,7,6,2,0,8,0,9,5,6,5
4579,7,1,0,3,4,6,1,5,7,3,4
4580,0,3,7,6,2,7,4,8,9,8,0
4581,7,1,0,3,4,6,1,5,7,3,4
4582,7,1,0,3,4,6,1,5,7,3,4
4583,7,1,0,3,4,6,1,5,7,3,4
4584,7,1,0,3,4,6,1,5,7,3,4
4585,9,9,9,2,7,1,5,7,2,0,5
4586,4,5,8,9,3,4,3,0,8,7,3
4587,4,5,8,9,3,4,3,0,8,7,3
4588,3,6,1,8,5,3,2,6,0,1,1
4589,0,4,5,0,2,9,4,4,6,8,0
4590,5,8,3,1,6,0,7,1,4,4,7
4591,8,2,5,5,9,9,8,4,6,9,2
4592,5,8,3,1,6,0,7,1,4,4,7
4593,5,8,3,1,6,0,7,1,4,4,7
4594,0,8,3,0,2,0,4,1,4,8,0
4595,7,1,0,3,4,6,1,5,7,3,4
4596,5,8,3,1,6,0,7,1,4,4,0
4597,3,6,1,8,5,3,2,6,0,1,1
4598,2,3,4,6,8,2,6,8,9,5,6
4599,6,5,2,7,1,5,9,2,3,2,9
4600,7,1,0,3,4,6,1,5,7,3,4
4601,7,1,0,3,4,6,1,5,7,3,4
4602,1,7,6,2,0,8,0,9,5,6,5
4603,6,5,2,7,1,5,9,2,3,2,9
4604,0,4,5,0,2,9,4,4,6,8,2
4605,4,5,8,9,3,4,3,0,8,7,7
4606,5,8,3,1,6,0,7,1,4,4,7
4607,3,6,1,8,5,3,2,6,0,1,1
4608,3,6,1,8,5,3,2,6,0,1,1
4609,2,3,4,6,8,2,6,8,9,5,6
4610,6,5,2,7,1,5,9,2,3,2,9
4611,0,4,3,0,2,0,4,1,4,8,0
4612,4,5,8,9,3,4,3,3,8,7,3
4613,5,8,3,1,6,0,7,1,4,4,7
4614,0,4,7,0,2,7,4,4,6,8,0
4615,7,1,0,3,4,6,1,5,7,3,4
4616,5,8,3,1,6,0,7,1,4,4,7
4617,7,1,0,3,4,6,1,5,7,3,4
4618,5,8,3,1,6,0,7,1,4,4,2
4619,9,9,9,1,7,1,5,7,2,0,7
4620,1,7,6,2,0,8,0,9,5,6,5
4621,2,3,4,6,8,2,6,8,9,5,6
4622,2,3,4,6,8,2,6,3,9,5,6
4623,9,9,9,2,7,1,5,7,2,0,5
4624,3,0,1,4,5,3,2,6,1,1,1
4625,7,0,0,4,4,6,1,5,1,3,4
4626,5,8,3,1,6,0,7,1,4,4,7
4627,0,4,7,0,2,7,4,4,6,8,0
4628,7,1,0,3,4,6,1,5,7,3,6
4629,3,6,1,8,5,3,2,6,0,1,1
4630,5,8,3,1,6,0,7,1,4,4,0
4631,4,5,8,9,3,4,3,0,8,7,3
4632,1,7,6,2,0,8,0,9,5,6,5
4633,5,8,3,1,6,0,7,1,4,4,7
4634,1,7,6,2,0,8,0,9,5,6,5
4635,4,5,8,9,3,4,3,0,8,7,3
4636,8,2,9,5,9,1,8,7,2,9,8
4637,0,4,4,0,2,2,4,8,9,8,0
4638,1,7,6,2,0,8,0,9,5,6,5
4639,9,9,9,2,7,1,5,7,2,0,5
4640,7,1,0,3,4,6,1,5,7,3,4
4641,5,8,3,1,6,0,7,1,4,4,7
4642,3,6,1,8,5,3,2,6,0,1,1
4643,8,2,9,5,9,1,8,7,2,9,8
4644,1,7,6,2,0,8,0,9,5,6,5
4645,3,0,1,4,5,3,2,5,1,1,1
4646,4,5,8,9,3,4,3,0,8,7,3
4647,8,4,5,0,2,9,4,4,6,8,2
4648,6,5,2,7,1,5,9,2,3,2,9
4649,1,7,6,2,0,8,0,9,5,6,5
4650,9,9,9,2,7,1,5,7,2,0,5
4651,1,5,6,2,0,8,0,9,5,6,5
4652,1,3,6,6,0,8,0,8,9,6,6
4653,3,6,1,8,5,3,2,6,0,1,1
4654,9,9,9,2,7,1,5,7,2,0,5
4655,3,6,1,8,5,3,2,6,0,1,1
4656,3,6,1,8,5,3,2,6,0,1,1
4657,1,7,6,2,0,8,0,7,5,6,5
4658,7,1,0,3,4,6,1,5,7,3,4
4659,8,2,5,5,9,9,8,4,6,9,2
4660,4,5,8,9,3,4,3,0,8,7,3
4661,8,2,5,5,9,9,8,4,6,9,2
4662,6,5,2,7,1,5,9,2,3,2,9
4663,0,4,7,0,2,7,4,4,6,8,0
4664,6,5,2,7,1,5,9,2,3,2,9
4665,7,1,0,3,4,6,1,5,7,3,4
4666,4,5,8,9,3,4,3,0,8,7,3
4667,8,2,5,5,9,9,8,4,6,9,8
4668,5,8,3,1,6,0,7,1,4,4,7
4669,2,3,4,6,8,2,6,8,9,5,6
4670,7,1,0,3,4,6,1,5,7,3,4
4671,8,2,7,5,9,7,8,4,6,9,8
4672,8,2,5,5,9,9,8,4,6,9,2
4673,4,5,8,9,3,4,3,0,8,7,3
4674,7,1,0,3,4,6,1,5,7,3,4
4675,2,3,4,6,8,2,6,8,9,5,6
4676,9,9,9,2,7,1,5,7,2,0,9
4677,7,3,4,6,4,6,1,8,9,3,6
4678,5,8,3,1,6,0,7,1,4,4,7
4679,4,5,8,9,3,4,3,0,8,7,3
4680,0,4,5,0,2,9,4,4,6,8,2
4681,7,1,0,3,4,6,1,5,7,3,4
4682,3,6,1,8,5,3,2,6,0,1,1
4683,5,5,8,9,3,4,3,0,8,7,7
4684,7,1,0,3,4,6,1,5,7,3,4
4685,9,9,9,2,7,1,5,7,2,0,5
4686,3,6,1,8,5,3,2,6,0,1,1
4687,5,8,3,1,6,0,7,1,4,4,7
4688,3,6,1,8,5,3,2,6,0,1,4
4689,0,4,5,0,2,9,4,1,4,8,2
4690,0,4,5,0,2,9,4,4,6,8,0
4691,2,3,4,6,8,2,6,8,9,5,6
4692,7,1,0,3,4,6,1,5,7,3,4
4693,8,2,7,5,9,7,8,4,6,9,8
4694,7,1,0,3,4,6,1,5,7,3,4
4695,8,2,7,5,9,7,8,3,6,9,8
4696,1,7,6,2,0,8,0,9,5,6,5
4697,6,5,2,7,1,5,9,2,3,2,9
4698,7,1,0,3,4,6,1,5,7,3,4
4699,4,5,8,9,3,4,3,0,8,7,3
4700,2,3,4,6,8,2,6,8,9,5,6
4701,4,5,8,9,3,4,3,9,8,7,7
4702,4,5,8,9,3,4,3,3,8,7,3
4703,5,8,7,1,6,7,7,4,6,4,7
4704,2,3,4,6,8,2,6,3,9,5,6
4705,2,3,4,6,8,2,6,8,9,5,6
4706,7,9,0,3,4,6,1,7,2,3,4
4707,5,8,3,1,6,0,7,1,4,4,7
4708,9,9,9,2,7,1,5,7,2,0,5
4709,4,5,8,9,3,4,3,0,8,7,3
4710,1,7,6,2,0,8,0,9,5,6,5
4711,9,9,9,2,7,1,5,3,2,0,8
4712,1,7,6,2,0,8,0,9,5,6,5
4713,3,6,1,8,5,3,2,6,0,1,1
4714,6,3,2,7,1,5,9,2,3,2,9
4715,1,7,6,2,0,8,0,9,5,6,5
4716,1,7,6,2,0,8,0,9,5,6,5
4717,6,5,2,7,1,5,9,2,3,2,9
4718,4,0,4,4,3,2,3,3,1,7,3
4719,7,1,0,3,4,6,1,5,7,3,4
4720,0,4,7,0,2,7,4,1,4,8,0
4721,5,8,3,1,6,0,7,1,4,4,7
4722,6,5,2,7,1,5,9,2,3,2,9
4723,7,6,0,8,4,6,1,5,0,3,4
4724,4,5,8,9,3,4,3,0,8,7,3
4725,5,8,3,1,6,0,7,1,4,4,7
4726,5,8,3,1,6,0,7,1,4,4,7
4727,5,8,2,1,6,5,7,2,3,4,7
4728,0,4,7,0,2,7,4,4,6,8,0
4729,3,6,1,8,5,3,2,6,0,1,1
4730,5,8,3,1,6,0,7,1,4,4,7
4731,1,7,6,2,0,8,0,9,5,6,5
4732,4,7,8,9,3,4,3,9,8,7,3
4733,6,5,2,7,1,5,9,2,3,2,9
4734,0,4,5,0,2,9,4,9,5,8,0
4735,7,1,0,3,4,6,1,5,7,3,4
4736,7,1,0,3,4,6,1,5,7,3,4
4737,5,8,3,1,6,0,7,1,4,4,7
4738,3,6,1,8,5,3,2,6,0,1,1
4739,7,1,0,3,4,6,1,5,7,3,4
4740,2,3,4,6,8,2,6,5,9,5,6
4741,4,5,8,9,3,4,3,0,8,7,3
4742,1,7,6,2,0,8,0,9,5,6,5
4743,5,8,3,1,6,0,7,1,4,4,7
4744,3,6,1,8,5,3,2,6,0,1,1
4745,7,1,0,3,4,6,1,8,7,3,4
4746,5,8,3,1,6,0,7,1,4,4,0
4747,5,8,3,1,6,0,7,1,4,4,0
4748,3,0,1,4,5,3,2,6,1,1,1
4749,3,6,1,8,5,3,2,6,0,1,1
4750,1,7,6,2,0,8,0,9,5,6,5
4751,1,7,6,2,0,8,0,9,5,6,5
4752,1,7,6,2,0,8,0,9,5,6,5
4753,6,5,2,7,1,5,9,2,3,2,9
4754,0,4,7,0,2,7,4,1,4,8,0
4755,6,5,2,7,1,5,9,2,3,2,9
4756,4,5,8,9,3,4,3,0,8,7,3
4757,5,8,3,1,6,0,7,1,4,4,7
4758,5,8,3,1,6,0,7,1,4,4,7
4759,5,8,3,1,6,0,7,1,4,4,7
4760,7,1,0,3,4,6,1,5,7,3,4
4761,6,5,2,7,1,5,9,2,3,2,9
4762,0,4,5,0,2,9,4,4,6,8,2
4763,1,7,6,2,0,8,0,9,5,6,5
4764,1,7,6,2,0,8,0,9,5,6,5
4765,4,5,8,9,3,4,3,0,8,7,3
4766,1,7,6,2,0,8,0,9,5,6,5
4767,5,8,3,1,6,0,7,6,0,4,7
4768,0,4,3,0,2,0,4,1,4,8,0
4769,5,8,3,1,6,0,7,1,4,4,7
4770,4,5,8,9,3,4,3,0,8,7,3
4771,5,8,3,1,6,0,7,1,4,4,7
4772,1,7,6,2,0,8,0,9,5,6,5
4773,3,6,1,8,5,3,2,6,0,1,1
4774,8,2,5,5,9,9,8,4,6,9,2
4775,1,7,6,2,0,8,0,9,5,6,5
4776,4,0,4,4,8,2,3,3,1,5,3
4777,6,5,2,7,1,5,9,2,3,2,9
4778,4,5,8,9,3,4,3,0,8,7,3
4779,5,8,3,1,6,0,7,1,4,4,7
4780,0,4,7,0,2,7,4,3,4,8,0
4781,5,8,3,1,6,0,7,1,4,4,7
4782,0,4,7,0,2,7,4,1,4,8,0
4783,7,1,0,3,4,6,1,5,7,3,4
4784,5,8,3,1,6,0,7,1,4,4,0
4785,5,8,3,1,6,0,7,1,4,4,7
4786,7,1,0,3,4,6,1,5,7,3,4
4787,5,8,3,1,6,0,7,1,4,4,7
4788,5,8,3,1,6,0,7,1,4,4,7
4789,5,8,3,1,6,0,7,1,4,4,7
4790,1,7,6,2,0,8,0,9,5,6,5
4791,5,8,3,1,6,0,7,1,4,4,7
4792,2,3,4,6,8,2,6,8,9,5,6
4793,3,6,1,8,5,3,2,6,0,1,1
4794,0,8,3,1,6,0,7,1,4,4,0
4795,7,1,0,3,4,6,1,5,7,3,4
4796,5,8,3,1,6,0,7,1,4,4,7
4797,5,8,3,1,6,0,7,2,3,4,7
4798,0,4,3,0,2,0,4,1,4,8,0
4799,5,8,3,1,6,0,7,1,4,4,7
4800,4,1,8,9,3,4,3,5,8,7,3
4801,5,8,3,1,6,0,7,1,7,4,4
4802,0,4,3,0,2,0,4,1,4,8,0
4803,2,3,4,6,8,2,6,8,9,5,6
4804,0,4,4,0,2,2,4,1,9,8,0
4805,6,5,2,7,1,5,9,2,3,2,9
4806,0,4,5,0,2,9,4,4,6,8,2
4807,1,7,6,2,0,8,0,9,5,6,5
4808,7,1,0,3,4,6,1,5,7,3,4
4809,0,4,3,0,2,0,4,1,4,8,2
4810,1,7,6,2,0,8,0,9,5,6,5
4811,5,8,3,1,6,0,7,1,4,4,0
4812,0,4,7,0,2,7,4,4,6,8,0
4813,1,7,6,2,0,8,0,9,5,6,5
4814,5,1,0,1,6,6,7,5,7,4,7
4815,1,7,6,2,0,8,0,9,5,6,5
4816,8,2,7,5,9,7,8,4,6,9,8
4817,4,5,8,9,3,4,3,0,8,7,3
4818,1,7,6,2,0,8,0,9,5,6,5
4819,6,5,2,7,1,5,9,2,3,2,9
4820,7,6,0,8,4,6,1,5,0,3,4
4821,1,7,6,2,0,8,0,9,5,6,5
4822,8,2,5,5,9,9,8,4,6,9,8
4823,7,1,0,3,4,6,1,5,7,3,4
4824,5,8,3,1,6,0,7,1,4,4,7
4825,0,4,3,0,2,0,4,1,4,8,0
4826,0,4,3,0,2,0,4,1,4,8,0
4827,4,5,8,9,3,4,3,0,8,7,3
4828,1,7,6,2,0,8,0,3,5,6,3
4829,5,8,3,1,6,0,7,2,3,4,7
4830,0,4,3,0,2,0,4,1,4,8,0
4831,5,8,3,1,6,0,7,1,4,4,7
4832,0,4,5,0,2,9,4,1,4,8,2
4833,5,8,3,1,6,0,7,1,4,4,7
4834,5,6,3,8,6,0,7,8,0,4,7
4835,6,5,2,7,1,5,9,2,3,2,9
4836,7,1,0,3,4,8,1,5,7,3,4
4837,5,8,3,1,6,0,7,1,4,4,7
4838,5,8,3,1,6,0,7,1,4,4,7
4839,5,8,3,1,6,0,7,1,4,4,7
4840,0,4,5,0,2,9,4,1,4,8,2
4841,5,5,8,1,6,4,7,0,8,4,7
4842,0,4,6,0,2,8,4,9,4,8,0
4843,6,5,2,7,1,5,9,2,3,2,9
4844,7,1,0,3,4,6,1,5,7,3,4
4845,7,1,0,3,4,6,1,5,7,3,4
4846,5,8,3,1,6,0,7,1,4,4,7
4847,7,1,0,3,4,6,1,5,7,3,4
4848,1,7,6,2,0,8,0,9,5,6,5
4849,3,6,1,8,5,3,2,6,0,1,1
4850,7,1,0,3,4,6,1,5,7,3,4
4851,6,5,2,7,1,5,9,2,3,2,9
4852,3,6,1,8,5,3,2,6,0,1,1
4853,5,8,3,1,6,0,7,1,7,4,7
4854,3,6,1,8,5,3,2,6,0,1,1
4855,3,6,1,8,5,3,2,6,0,1,1
4856,6,5,2,7,1,5,9,2,3,2,9
4857,5,5,2,1,6,5,7,0,8,4,7
4858,8,2,5,5,9,9,8,4,6,9,8
4859,7,1,0,3,4,6,1,5,7,3,4
4860,7,1,0,3,4,6,1,5,7,3,4
4861,1,7,6,2,0,8,0,9,5,6,5
4862,2,3,4,6,8,2,6,8,9,5,6
4863,5,8,3,1,6,0,7,1,0,4,7
4864,7,1,0,3,4,6,1,5,7,3,4
4865,1,7,6,2,0,8,0,9,5,6,5
4866,5,8,3,1,6,0,7,1,4,4,2
4867,5,5,8,1,6,4,7,0,8,4,7
4868,7,1,0,3,4,6,1,5,7,3,4
4869,0,4,3,0,2,0,4,1,4,8,0
4870,3,6,1,8,5,3,2,6,0,1,1
4871,4,5,8,9,3,4,3,0,8,7,3
4872,1,7,6,2,0,8,0,9,5,6,5
4873,5,8,3,1,6,0,7,1,4,4,7
4874,0,8,3,0,2,0,4,1,4,8,0
4875,5,8,3,1,6,0,7,1,4,4,7
4876,0,4,5,0,2,9,4,1,4,8,2
4877,5,8,3,1,6,0,7,1,4,4,7
4878,7,1,0,3,4,6,1,5,7,3,4
4879,5,8,3,1,6,0,7,1,4,4,7
4880,6,5,2,7,1,5,9,2,3,2,9
4881,7,1,0,3,4,6,1,5,7,3,4
4882,4,5,8,9,3,4,3,0,8,7,3
4883,7,1,0,3,4,6,1,5,7,3,4
4884,1,7,6,2,0,8,0,9,5,6,5
4885,7,1,0,3,4,6,1,5,7,3,4
4886,4,5,8,9,3,4,3,0,8,7,3
4887,5,8,3,1,6,0,7,1,4,4,7
4888,0,4,5,0,2,9,4,4,6,8,2
4889,3,6,1,8,5,3,2,6,0,1,1
4890,5,8,3,1,6,0,7,1,4,4,7
4891,7,1,0,3,4,6,1,5,7,3,4
4892,3,6,1,8,5,3,2,6,0,1,1
4893,5,8,3,1,6,0,7,1,4,4,7
4894,0,4,7,0,2,7,4,1,4,8,0
4895,5,8,3,1,6,0,7,1,4,4,7
4896,5,8,3,1,6,0,7,1,4,4,7
4897,0,8,3,1,6,0,4,1,4,4,2
4898,7,1,0,3,4,6,1,5,7,3,4
4899,5,8,3,1,6,0,7,1,4,4,2
4900,1,7,6,2,0,8,0,9,5,6,5
4901,5,8,3,1,6,0,7,1,4,4,7
4902,0,4,3,0,2,0,4,1,4,8,0
4903,1,7,6,2,0,8,0,9,5,6,5
4904,8,2,7,5,9,7,8,4,6,9,8
4905,4,5,8,9,3,4,3,0,8,7,3
4906,3,6,1,8,5,3,2,6,0,1,1
4907,5,8,3,1,6,0,7,1,4,4,7
4908,1,7,6,2,0,8,0,9,5,6,5
4909,5,8,2,1,6,5,7,2,3,4,7
4910,4,5,8,9,3,4,3,0,8,7,3
4911,3,6,1,8,5,3,2,6,0,1,1
4912,0,4,3,0,2,0,4,1,4,8,0
4913,1,7,6,2,0,8,0,9,5,6,5
4914,1,7,6,2,0,8,0,9,5,6,5
4915,6,3,2,7,1,5,9,2,3,2,9
4916,0,4,3,0,2,0,4,1,4,8,0
4917,7,1,0,3,4,6,1,5,7,3,4
4918,4,5,8,9,3,4,3,3,8,7,3
4919,5,8,3,1,6,0,7,1,4,4,7
4920,1,7,6,2,0,8,0,9,5,6,5
4921,9,2,7,2,9,7,8,3,2,9,8
4922,5,5,8,1,6,4,7,0,8,4,7
4923,4,5,8,9,3,4,3,0,8,7,3
4924,1,7,6,2,0,8,0,9,5,6,5
4925,8,2,5,5,9,9,8,4,6,9,8
4926,3,6,1,8,5,3,2,6,0,1,1
4927,8,2,7,5,9,7,8,8,9,9,8
4928,5,8,3,1,6,0,7,1,4,4,7
4929,5,4,7,0,2,7,4,4,6,8,7
4930,4,5,8,9,3,4,3,0,8,7,3
4931,3,0,1,4,5,3,2,6,1,1,1
4932,8,2,7,5,9,7,8,4,6,9,8
4933,9,9,9,2,7,1,5,7,2,0,5
4934,4,5,8,9,3,4,3,0,8,7,3
4935,2,3,4,7,8,2,6,3,3,5,6
4936,0,8,3,0,2,0,4,1,4,8,0
4937,7,1,0,3,4,6,1,5,7,3,4
4938,6,3,2,7,1,5,9,2,3,2,9
4939,8,2,7,5,9,7,8,4,6,9,8
4940,8,2,9,5,9,1,8,3,2,9,8
4941,9,9,9,2,7,1,5,7,2,0,5
4942,1,7,6,2,0,8,0,9,5,6,5
4943,2,5,4,6,8,2,6,3,9,5,6
4944,1,7,6,2,0,8,0,9,5,6,5
4945,8,2,5,5,9,9,8,4,6,9,8
4946,0,4,6,0,2,8,4,9,5,8,2
4947,2,3,4,6,8,2,6,8,9,5,6
4948,7,1,0,3,4,6,1,5,7,3,4
4949,8,2,7,5,9,7,8,4,6,9,8
4950,1,7,6,2,0,8,0,9,5,6,5
4951,3,0,1,4,5,3,2,6,1,1,1
4952,5,8,3,1,6,0,7,1,4,4,7
4953,9,9,9,2,7,1,5,7,2,0,5
4954,5,8,3,1,6,0,7,1,4,4,7
4955,2,0,4,4,8,2,6,5,1,5,6
4956,7,1,0,3,4,6,1,5,7,3,4
4957,7,1,0,3,4,6,1,5,7,3,4
4958,1,7,6,2,0,8,0,9,5,6,5
4959,0,4,7,0,2,7,4,4,6,8,0
4960,1,7,6,2,0,8,0,9,5,6,5
4961,9,9,9,2,7,1,5,3,2,0,5
4962,7,1,0,3,4,6,1,5,7,3,4
4963,4,5,8,9,3,4,3,0,8,7,3
4964,0,4,3,0,2,0,4,1,4,8,0
4965,8,2,5,5,9,9,8,4,6,9,8
4966,7,1,0,3,4,6,1,5,7,3,4
4967,2,3,4,6,8,2,6,8,9,5,6
4968,7,1,0,3,4,6,1,5,7,3,4
4969,2,3,4,6,8,2,6,8,9,5,6
4970,1,7,6,2,0,8,0,9,5,6,5
4971,1,7,6,2,0,8,0,9,5,6,5
4972,1,7,6,2,0,8,0,9,5,6,5
4973,0,4,7,0,2,7,4,4,6,8,0
4974,7,1,0,3,4,6,1,5,7,3,4
4975,0,4,7,0,2,7,4,4,6,8,0
4976,1,7,6,2,0,8,0,9,5,6,5
4977,8,2,5,5,9,9,8,4,6,9,2
4978,1,7,6,2,0,8,0,9,5,6,5
4979,9,9,9,2,7,1,5,7,2,0,5
4980,4,5,8,9,3,4,3,3,8,7,3
4981,3,0,1,4,5,3,2,6,1,1,1
4982,2,3,4,6,8,2,6,8,9,5,6
4983,8,2,7,5,9,7,8,4,6,9,8
4984,8,2,5,5,9,9,8,4,6,9,2
4985,3,6,1,8,5,3,2,6,0,1,1
4986,1,7,6,2,0,8,0,9,5,6,5
4987,2,0,4,6,8,2,6,3,9,5,6
4988,2,3,4,6,8,2,6,8,9,5,6
4989,8,2,7,5,9,7,8,4,6,9,8
4990,4,5,8,9,3,4,3,0,8,7,3
4991,8,2,5,5,9,9,8,4,6,9,8
4992,2,3,4,6,8,2,6,8,9,5,0
4993,9,9,9,2,7,1,5,7,2,0,5
4994,3,6,1,8,5,3,2,6,0,1,1
4995,8,2,5,5,9,9,8,4,6,9,8
4996,2,3,4,6,8,2,6,8,9,5,6
4997,6,5,2,7,1,5,9,2,3,2,9
4998,1,7,6,2,0,8,0,9,5,6,5
4999,6,5,2,7,1,5,9,2,3,2,9
5000,5,8,3,1,6,0,7,1,4,4,7
5001,2,3,4,6,8,2,6,8,9,5,6
5002,0,4,3,0,2,0,4,1,4,8,0
5003,4,5,8,9,3,4,3,0,8,7,3
5004,1,7,6,2,0,8,0,9,5,6,5
5005,2,3,4,6,8,2,6,8,9,5,6
5006,1,7,6,2,0,8,0,9,5,6,5
5007,3,6,1,4,5,3,2,6,1,1,1
5008,5,8,3,1,6,0,7,1,4,4,0
5009,2,3,4,6,8,2,6,8,9,5,6
5010,3,6,1,8,5,3,2,6,0,1,1
5011,7,1,0,3,4,6,1,5,7,3,4
5012,1,7,6,2,0,8,0,9,5,6,5
5013,3,0,1,4,5,3,2,6,1,1,1
5014,0,4,7,0,2,7,4,1,4,8,0
5015,3,0,1,4,5,3,2,6,1,1,1
5016,6,5,2,7,1,5,9,2,3,2,9
5017,0,4,3,0,2,0,4,1,4,8,7
5018,4,5,8,9,3,4,3,0,8,7,3
5019,3,6,1,8,5,3,2,6,0,1,1
5020,1,7,6,2,0,8,0,9,5,6,5
5021,4,5,8,9,3,4,3,3,8,7,3
5022,1,7,6,0,0,8,0,9,5,6,5
5023,9,9,9,2,7,1,5,7,2,0,5
5024,5,8,3,1,6,0,7,1,4,4,0
5025,8,2,5,5,9,9,8,4,6,9,2
5026,4,5,8,9,3,4,3,0,8,7,3
5027,8,2,7,5,9,7,8,3,6,9,8
5028,7,1,0,3,4,6,1,5,7,3,4
5029,2,3,4,6,8,2,6,8,9,5,6
5030,2,3,4,6,8,2,6,8,9,5,6
5031,2,3,4,6,8,2,6,8,9,5,6
5032,0,8,3,0,2,0,4,1,4,8,0
5033,8,2,7,5,9,7,8,4,6,9,8
5034,2,3,4,6,8,2,6,8,9,5,6
5035,8,2,5,5,9,9,8,4,6,9,8
5036,7,1,0,3,4,6,1,5,7,3,4
5037,9,9,9,2,7,1,5,3,2,0,5
5038,0,4,7,0,2,7,4,4,6,8,0
5039,4,5,8,9,3,4,3,3,8,7,3
5040,4,5,8,9,3,4,3,0,8,7,3
5041,2,3,4,6,8,2,6,8,9,5,6
5042,1,7,6,3,0,8,0,9,5,6,4
5043,2,3,4,6,8,2,6,8,9,5,6
5044,8,2,7,5,9,7,8,4,6,9,8
5045,5,8,3,1,6,0,7,1,4,4,7
5046,5,8,3,1,6,0,7,1,4,4,7
5047,8,2,7,5,9,7,8,4,6,9,8
5048,3,0,1,4,5,3,2,6,1,1,1
5049,8,4,5,0,2,9,4,4,6,8,2
5050,2,3,4,6,8,2,6,8,9,5,6
5051,9,9,9,2,7,1,5,7,2,0,5
5052,5,6,3,8,6,0,7,1,0,4,7
5053,3,0,1,4,5,3,2,6,1,1,1
5054,1,7,6,2,0,8,0,9,5,6,5
5055,2,3,4,6,8,2,6,8,9,5,6
5056,2,3,4,6,8,2,6,8,9,5,6
5057,8,2,5,5,9,9,8,4,6,9,8
5058,1,7,6,2,0,8,0,9,5,6,5
5059,8,2,5,5,9,9,8,4,6,9,8
5060,7,1,0,3,4,6,1,5,7,3,4
5061,9,9,9,2,7,1,5,7,2,0,5
5062,5,8,3,1,6,0,7,1,4,4,7
5063,8,2,7,5,9,7,8,4,6,9,8
5064,5,8,3,1,6,0,7,1,4,4,7
5065,6,9,2,7,1,5,9,2,3,2,9
5066,7,1,0,3,4,6,1,5,7,3,4
5067,2,3,4,6,8,2,6,8,9,5,6
5068,5,8,3,1,6,0,7,1,4,4,7
5069,8,2,7,5,9,7,8,4,6,9,8
5070,4,5,8,9,3,4,3,0,8,7,3
5071,4,5,8,9,3,4,3,0,8,7,3
5072,3,0,1,4,5,3,2,6,1,1,1
5073,9,9,9,2,7,1,5,7,2,0,5
5074,3,6,1,8,5,3,2,6,0,1,1
5075,9,9,9,2,7,1,5,7,2,0,5
5076,6,1,2,7,1,5,9,2,3,2,9
5077,0,4,7,0,2,7,4,4,6,8,0
5078,7,7,6,2,4,8,1,9,5,3,5
5079,9,9,9,2,7,1,5,3,2,0,8
5080,7,1,0,3,4,6,1,5,7,3,4
5081,9,9,9,2,7,1,5,9,2,0,5
5082,2,3,4,6,8,2,6,3,9,5,6
5083,3,0,1,4,5,3,2,6,1,1,1
5084,4,5,8,9,3,4,3,0,8,7,3
5085,4,5,7,9,3,7,3,0,8,7,3
5086,2,3,4,6,8,2,6,8,9,5,6
5087,2,3,4,6,8,2,6,8,9,5,6
5088,7,8,3,1,6,0,1,1,4,4,4
5089,8,2,5,5,9,9,8,4,6,9,2
5090,1,7,6,2,0,8,0,9,5,6,5
5091,0,4,7,9,3,7,4,0,4,7,0
5092,7,1,0,3,4,6,1,5,7,3,4
5093,5,8,3,1,6,0,7,1,4,4,7
5094,9,9,9,2,7,1,5,7,2,0,5
5095,6,5,2,7,1,5,9,2,3,2,9
5096,3,0,1,4,5,3,2,6,1,1,1
5097,2,3,4,6,8,2,6,8,9,5,6
5098,1,7,6,2,0,8,0,3,5,6,5
5099,4,5,8,9,3,4,3,0,8,7,3
5100,0,4,5,0,2,9,4,4,6,8,2
5101,0,4,7,0,2,7,4,4,6,8,0
5102,7,1,0,3,4,6,1,5,7,3,4
5103,3,0,1,4,5,2,2,3,1,1,1
5104,6,3,2,7,1,5,9,2,3,2,9
5105,8,2,7,5,9,7,8,4,6,9,8
5106,5,8,3,1,6,0,7,1,4,4,7
5107,9,9,9,2,7,1,5,7,2,0,5
5108,3,6,1,8,5,3,2,6,0,1,1
5109,9,9,9,2,7,1,5,3,2,0,8
5110,1,7,6,2,0,8,0,9,5,6,5
5111,5,8,3,1,6,0,7,1,4,4,0
5112,1,7,6,2,0,8,0,9,5,6,5
5113,6,5,2,7,1,5,9,2,3,2,9
5114,9,9,9,2,7,1,5,7,2,0,5
5115,3,0,1,4,5,3,2,6,1,1,1
5116,2,3,4,6,8,2,6,8,9,5,6
5117,4,5,8,9,3,4,3,0,8,7,3
5118,0,8,3,1,6,0,4,1,4,4,0
5119,2,3,4,6,8,2,6,8,9,5,6
5120,3,6,1,8,5,3,2,6,0,1,1
5121,4,5,8,9,3,4,3,3,8,7,3
5122,8,4,7,0,9,7,8,4,6,9,0
5123,9,9,9,2,7,1,5,7,2,0,5
5124,1,7,6,2,0,8,0,9,5,6,5
5125,0,4,7,0,2,7,4,1,6,8,0
5126,4,6,8,8,3,4,3,0,8,7,3
5127,6,3,2,7,1,5,9,2,3,2,9
5128,1,7,6,2,0,8,0,9,5,6,5
5129,3,0,1,4,5,3,2,6,1,1,1
5130,5,8,3,1,6,0,7,1,4,4,7
5131,3,6,1,8,5,3,2,6,0,1,1
5132,9,9,9,2,7,1,5,7,2,0,5
5133,3,0,1,4,5,3,2,6,1,1,1
5134,5,8,3,1,6,0,7,1,4,4,7
5135,6,5,2,7,1,5,9,2,3,2,9
5136,7,1,0,3,4,6,1,5,7,3,4
5137,8,4,7,5,9,7,8,4,6,9,7
5138,5,5,8,1,6,4,7,0,8,4,7
5139,7,1,0,3,4,6,1,5,7,3,4
5140,2,3,4,6,8,2,6,8,9,5,6
5141,4,5,8,9,3,4,3,0,8,7,3
5142,0,4,7,0,2,7,4,4,6,8,0
5143,2,3,4,6,8,2,6,8,9,5,6
5144,7,1,1,3,4,3,1,5,7,3,4
5145,4,5,8,9,3,4,3,0,8,7,3
5146,0,4,5,0,2,9,4,4,6,8,2
5147,3,0,1,4,5,3,2,6,1,1,1
5148,1,7,6,2,0,8,0,9,5,6,5
5149,9,9,9,2,7,1,5,7,2,0,5
5150,0,4,7,0,2,7,4,4,6,8,0
5151,6,5,2,7,1,5,9,2,3,2,9
5152,4,5,8,9,3,4,3,0,8,7,3
5153,7,1,0,3,4,6,1,5,7,3,4
5154,3,0,1,4,5,3,2,6,1,1,1
5155,9,9,9,2,7,1,5,7,2,0,5
5156,6,5,2,7,1,5,9,2,3,2,9
5157,9,9,7,2,7,7,5,3,2,0,8
5158,9,9,9,2,7,1,5,3,2,0,8
5159,4,5,8,9,3,4,3,0,8,7,3
5160,7,1,0,3,4,6,1,5,7,3,4
5161,8,2,5,5,9,9,8,4,6,9,8
5162,6,1,2,7,1,5,9,2,3,2,9
5163,2,3,4,6,8,2,6,8,9,5,6
5164,0,8,3,1,6,0,4,1,4,4,0
5165,8,2,7,5,9,7,8,4,6,9,8
5166,6,5,2,7,1,5,9,2,3,2,9
5167,3,0,1,4,5,3,2,6,1,1,1
5168,9,9,9,2,7,1,5,7,2,0,5
5169,9,9,9,2,7,1,5,7,2,0,5
5170,2,0,4,4,8,2,6,5,1,5,6
5171,5,8,7,1,6,7,7,3,4,4,7
5172,0,4,3,0,2,0,4,1,4,8,0
5173,2,0,4,4,8,2,6,3,1,5,6
5174,0,4,7,0,2,7,4,9,5,8,0
5175,9,9,9,2,7,1,5,7,2,0,5
5176,1,7,6,2,0,8,0,9,5,6,5
5177,9,9,9,2,7,1,5,3,2,0,5
5178,0,4,5,0,2,9,4,1,4,8,2
5179,4,5,8,9,3,4,3,0,8,7,3
5180,0,4,7,0,2,7,4,1,4,8,0
5181,8,2,5,5,9,9,8,4,6,9,8
5182,0,4,5,0,2,9,4,1,4,8,2
5183,2,3,4,6,8,2,6,8,9,5,6
5184,7,1,0,3,4,6,1,5,7,3,4
5185,8,2,7,5,9,7,8,4,6,9,8
5186,7,1,0,3,4,6,1,5,7,3,4
5187,3,0,1,4,5,3,2,6,1,1,1
5188,5,8,3,1,6,0,7,1,4,4,0
5189,9,9,9,2,7,1,5,7,2,0,5
5190,7,1,0,3,4,6,1,5,7,3,4
5191,6,5,2,7,1,5,9,2,3,2,9
5192,7,1,0,3,4,6,1,5,7,3,4
5193,7,1,0,3,4,6,1,5,7,3,4
5194,3,6,1,8,5,3,2,6,0,1,1
5195,8,2,7,5,9,7,8,4,6,9,8
5196,7,6,0,8,4,6,1,5,0,3,7
5197,8,2,5,5,9,9,8,4,6,9,8
5198,5,8,3,1,6,0,7,1,4,4,7
5199,2,3,4,6,8,2,6,8,9,5,6
5200,2,3,4,6,8,2,6,8,9,5,5
5201,8,2,7,5,9,7,8,4,6,9,8
5202,3,6,1,8,5,3,2,6,0,1,1
5203,3,0,1,4,5,3,2,6,1,1,1
5204,1,7,6,2,0,8,0,9,5,6,5
5205,2,3,4,6,8,2,6,8,9,5,6
5206,8,2,5,5,9,9,8,4,6,9,8
5207,2,3,4,6,8,2,6,8,9,5,6
5208,0,8,3,0,2,0,4,1,4,8,0
5209,8,2,7,5,9,7,8,4,6,9,8
5210,2,3,4,6,8,2,6,8,9,5,6
5211,4,5,8,9,3,2,3,3,8,7,3
5212,8,4,7,5,9,7,8,4,6,9,0
5213,4,5,8,9,3,4,3,0,8,7,3
5214,0,4,5,0,2,9,4,4,6,8,2
5215,2,3,4,6,8,2,6,8,9,5,6
5216,9,9,9,2,7,1,5,7,2,0,5
5217,9,9,9,5,7,1,5,7,2,0,8
5218,4,5,8,9,3,4,3,0,8,7,3
5219,8,2,7,5,9,7,8,4,6,9,8
5220,2,3,7,6,8,7,6,8,9,5,0
5221,9,9,9,2,7,1,5,7,2,0,5
5222,4,5,8,9,3,4,3,0,8,7,3
5223,8,2,5,5,9,9,8,4,6,9,2
5224,1,7,6,2,0,8,0,9,5,6,5
5225,9,9,9,2,7,1,5,7,2,0,5
5226,4,5,8,9,3,4,3,0,8,7,3
5227,6,5,2,7,1,5,9,2,3,2,9
5228,3,6,1,8,5,3,2,6,0,1,1
5229,8,2,7,5,9,7,8,4,6,9,8
5230,4,5,8,9,3,4,3,0,8,7,3
5231,4,5,8,9,3,4,3,0,8,7,3
5232,9,9,9,2,7,1,5,7,2,0,5
5233,8,2,7,5,9,7,8,4,6,9,8
5234,1,7,6,2,0,8,0,9,5,6,5
5235,9,9,9,2,7,1,5,7,2,0,5
5236,6,1,2,7,1,5,9,2,3,2,9
5237,9,9,9,2,7,1,5,7,2,0,5
5238,2,1,4,3,8,2,6,5,7,5,6
5239,9,9,9,2,7,1,5,7,2,0,5
5240,2,0,4,4,8,2,6,5,1,5,6
5241,6,5,2,7,1,5,9,2,3,2,9
5242,0,4,5,0,2,9,4,4,6,8,2
5243,2,3,4,6,8,2,6,8,9,5,6
5244,3,6,1,8,5,3,2,6,0,1,1
5245,9,9,9,2,7,1,5,7,2,0,5
5246,3,6,1,8,5,3,2,6,0,1,1
5247,6,5,2,7,1,5,9,2,3,2,9
5248,7,1,0,3,4,6,1,5,7,3,4
5249,3,0,1,4,5,3,2,3,1,1,1
5250,7,1,0,3,4,6,1,5,7,3,4
5251,8,2,5,5,9,9,8,4,6,9,8
5252,7,1,0,3,4,6,1,5,7,3,4
5253,8,2,5,5,9,9,8,4,6,9,8
5254,8,2,7,5,9,7,8,4,6,9,8
5255,9,9,7,2,7,7,5,3,2,0,8
5256,1,7,6,2,0,8,0,9,5,6,5
5257,2,3,4,6,8,2,6,8,9,5,6
5258,6,5,2,7,1,5,9,3,3,2,9
5259,6,5,2,7,1,5,9,2,3,2,9
5260,4,1,8,9,3,4,3,0,8,7,3
5261,8,2,7,5,9,7,8,4,6,9,8
5262,9,7,9,2,7,1,5,7,2,0,5
5263,2,3,4,6,8,2,6,8,9,5,6
5264,0,4,5,0,2,0,4,1,4,8,2
5265,9,9,9,2,7,1,5,7,2,0,8
5266,3,6,1,8,5,3,2,6,0,1,1
5267,4,5,8,9,3,4,3,0,8,7,3
5268,3,6,1,8,5,3,2,6,0,1,1
5269,8,2,5,5,9,9,8,4,6,9,8
5270,7,1,0,3,4,6,1,5,7,3,4
5271,9,9,9,2,7,1,5,7,2,0,5
5272,2,0,4,4,8,2,6,3,1,5,6
5273,4,5,8,9,3,4,3,0,8,7,3
5274,4,5,8,9,3,4,3,3,8,7,3
5275,3,0,1,4,5,3,2,6,1,1,1
5276,0,4,7,0,2,7,4,1,4,8,0
5277,7,1,0,3,4,6,1,5,7,3,4
5278,5,8,3,1,6,0,7,1,4,4,7
5279,4,5,8,9,3,4,3,0,8,7,3
5280,0,4,5,0,2,9,4,4,6,8,2
5281,2,3,4,6,8,2,6,8,9,5,6
5282,5,8,3,1,6,0,7,1,4,4,7
5283,8,2,5,5,9,9,8,4,6,9,8
5284,7,1,0,3,4,6,1,5,7,3,4
5285,3,0,1,4,5,3,2,6,1,1,1
5286,3,6,1,8,5,3,2,6,0,1,1
5287,9,9,9,2,7,1,5,7,2,0,8
5288,7,1,0,3,4,6,1,5,7,3,4
5289,6,5,2,7,1,5,9,2,3,2,9
5290,9,9,9,2,7,1,5,3,2,0,5
5291,8,2,5,5,9,9,8,4,6,9,8
5292,2,3,4,6,8,2,6,3,9,5,6
5293,9,9,9,5,7,1,5,7,2,0,8
5294,1,7,6,2,0,8,0,9,5,6,5
5295,9,9,9,2,7,1,5,7,2,0,5
5296,1,7,6,0,0,8,0,9,5,6,0
5297,6,5,2,7,1,5,9,2,3,2,9
5298,5,8,3,1,6,0,7,1,4,4,7
5299,2,3,4,6,8,2,6,8,9,5,6
5300,0,4,5,0,2,9,4,1,4,8,2
5301,9,9,9,2,7,1,5,7,2,0,5
5302,0,4,5,0,2,9,4,1,4,8,2
5303,9,9,9,2,7,1,5,3,2,0,8
5304,1,7,6,2,0,8,0,9,5,6,5
5305,9,9,9,2,7,1,5,7,2,0,5
5306,1,7,6,2,0,8,0,9,5,6,5
5307,5,8,3,2,6,0,7,1,4,4,5
5308,5,8,3,1,6,0,7,1,4,4,0
5309,9,2,7,2,7,7,5,3,2,0,8
5310,4,5,8,9,3,4,3,0,8,7,3
5311,4,5,8,9,3,4,3,0,8,7,3
5312,0,4,5,0,2,9,4,4,6,8,2
5313,8,2,7,5,9,7,8,4,6,9,8
5314,6,5,2,7,1,5,9,2,3,2,9
5315,8,5,5,5,9,9,8,3,6,9,8
5316,5,8,3,1,6,0,7,1,4,4,7
5317,3,0,1,4,5,3,2,6,1,1,1
5318,6,5,2,7,1,5,9,2,3,2,9
5319,3,6,1,8,5,3,2,6,0,1,1
5320,5,8,3,1,6,0,7,1,4,4,7
5321,3,6,1,8,5,3,2,6,0,1,1
5322,0,4,3,0,2,0,4,1,4,8,0
5323,7,1,0,3,4,6,1,5,7,3,4
5324,1,7,6,0,0,8,0,9,5,6,0
5325,8,2,5,5,9,9,8,4,6,9,8
5326,8,4,5,5,9,9,8,4,6,9,2
5327,3,0,1,4,5,3,2,3,1,1,1
5328,2,3,4,6,8,2,6,8,9,5,6
5329,4,5,8,9,3,4,3,0,8,7,3
5330,3,0,1,4,5,3,2,6,1,1,1
5331,9,2,7,5,7,7,5,3,2,0,8
5332,4,1,0,9,3,6,3,5,7,7,3
5333,7,3,4,6,4,6,1,8,9,3,6
5334,5,5,8,9,3,4,3,0,8,7,7
5335,2,3,4,6,8,2,6,8,9,5,6
5336,1,7,6,2,0,8,0,9,5,6,5
5337,7,1,0,3,4,6,1,5,7,3,4
5338,0,8,3,2,6,0,4,1,4,4,0
5339,8,2,7,5,9,7,8,4,6,9,8
5340,3,6,1,8,5,3,2,6,0,1,1
5341,8,2,7,5,9,7,8,4,6,9,8
5342,3,6,1,8,5,3,2,6,0,1,1
5343,2,3,4,6,8,2,6,8,9,5,6
5344,3,6,1,8,5,3,2,6,0,1,1
5345,6,5,2,7,1,5,9,2,3,2,9
5346,8,3,7,6,9,7,8,8,6,9,8
5347,8,2,5,5,9,9,8,4,6,9,8
5348,7,1,0,3,4,6,1,5,7,3,4
5349,8,2,5,5,9,9,8,4,6,9,2
5350,5,8,3,1,6,0,7,1,4,4,7
5351,9,9,9,2,7,1,5,7,2,0,5
5352,0,4,5,0,2,9,4,4,6,8,2
5353,3,0,1,4,5,3,2,6,1,1,1
5354,1,7,6,3,0,8,0,9,5,6,4
5355,9,9,9,2,7,1,5,7,2,0,5
5356,0,4,7,0,2,7,4,4,6,8,0
5357,6,5,2,7,1,5,9,2,3,2,9
5358,7,1,0,3,4,6,1,5,7,3,4
5359,7,1,0,3,4,6,1,5,7,3,4
5360,7,1,0,3,4,6,1,5,7,3,4
5361,8,2,7,5,9,7,8,4,6,9,8
5362,5,8,3,1,6,0,7,1,4,4,7
5363,2,3,4,6,8,2,6,3,9,5,6
5364,4,5,8,9,3,4,3,0,8,7,3
5365,4,5,8,9,3,4,3,0,8,7,3
5366,5,8,3,1,6,0,7,1,4,4,7
5367,8,2,5,5,9,9,8,4,6,9,2
5368,2,3,4,6,8,2,6,3,9,5,6
5369,2,3,4,6,8,2,6,8,9,5,6
5370,5,8,3,1,6,0,7,1,4,4,7
5371,0,4,7,0,2,7,4,4,6,8,0
5372,0,7,6,2,2,8,4,9,5,8,0
5373,3,6,1,4,5,3,2,6,1,1,1
5374,4,5,8,9,3,4,3,0,8,7,3
5375,9,9,9,2,7,1,5,7,2,0,5
5376,7,3,0,6,4,6,1,8,9,3,4
5377,6,5,2,7,1,5,9,2,3,2,9
5378,0,4,3,0,2,0,4,1,4,8,0
5379,7,1,0,3,4,6,1,5,7,3,4
5380,6,5,2,7,1,5,9,2,3,2,9
5381,9,9,7,5,7,7,5,7,2,0,8
5382,0,4,3,0,2,0,4,1,4,8,0
5383,2,3,4,6,8,2,6,8,9,5,6
5384,5,8,3,1,6,0,7,1,4,4,7
5385,4,5,8,9,3,4,3,0,8,7,3
5386,5,8,3,1,6,0,7,1,4,4,7
5387,5,8,3,1,6,0,7,1,4,4,2
5388,7,1,0,3,4,6,1,5,7,3,4
5389,2,3,4,6,8,2,6,8,9,5,6
5390,1,7,6,2,0,8,0,9,5,6,5
5391,8,2,7,5,9,7,8,4,6,9,8
5392,7,1,0,3,4,6,1,5,7,3,4
5393,3,0,1,4,5,3,2,6,1,1,1
5394,7,3,0,6,4,6,1,8,9,3,0
5395,9,9,9,2,7,1,5,7,2,0,5
5396,9,9,9,2,7,1,5,7,2,0,5
5397,6,5,2,7,1,5,9,2,3,2,9
5398,3,6,1,8,5,3,2,6,0,1,1
5399,7,1,0,3,4,6,1,5,7,3,4
5400,9,9,9,3,7,1,5,7,2,0,4
5401,8,2,7,5,9,7,8,4,6,9,8
5402,5,8,3,1,6,0,7,1,4,4,7
5403,2,0,4,6,8,2,6,3,9,5,6
5404,0,4,7,0,2,7,4,4,6,8,0
5405,4,5,8,9,3,4,3,0,8,7,3
5406,5,8,3,1,6,0,7,1,4,4,7
5407,8,2,5,5,9,9,8,4,6,9,2
5408,9,9,9,2,7,1,5,3,2,0,5
5409,2,3,4,6,8,2,6,8,9,5,6
5410,5,8,3,1,6,0,7,1,4,4,7
5411,8,2,7,5,9,7,8,4,6,9,8
5412,7,1,0,3,4,6,1,5,7,3,4
5413,4,5,8,9,3,4,3,0,8,7,3
5414,1,7,6,2,0,8,0,9,2,6,5
5415,6,5,2,7,1,5,9,2,3,2,9
5416,5,8,3,1,6,0,7,1,4,4,2
5417,2,3,4,6,8,2,6,3,9,5,6
5418,7,1,0,3,4,6,1,5,7,3,4
5419,4,5,8,9,3,4,3,3,8,7,3
5420,6,5,2,2,1,5,9,2,3,2,5
5421,6,5,2,7,1,5,9,2,3,2,9
5422,5,8,3,1,6,0,7,1,4,4,7
5423,2,0,4,6,8,2,6,3,9,5,6
5424,7,1,0,3,4,6,1,5,7,3,4
5425,9,9,9,2,7,1,5,7,2,0,8
5426,0,4,7,0,2,7,4,1,4,8,0
5427,8,2,5,5,9,9,8,4,6,9,8
5428,9,9,9,2,7,1,5,7,2,0,5
5429,9,9,9,2,7,1,5,7,2,0,5
5430,7,1,0,3,4,6,1,5,7,3,4
5431,2,3,4,6,8,2,6,8,9,5,6
5432,7,1,0,3,4,6,1,5,7,3,4
5433,7,1,0,3,4,6,1,5,7,3,4
5434,7,1,0,3,4,6,1,5,7,3,4
5435,2,3,4,6,8,2,6,8,9,5,6
5436,7,1,0,3,4,6,1,5,7,3,4
5437,0,4,5,0,2,9,4,4,6,8,2
5438,1,5,8,2,0,4,0,2,8,6,5
5439,9,9,9,2,7,1,5,7,2,0,5
5440,0,7,6,2,2,8,4,9,5,8,0
5441,8,2,5,5,9,9,8,4,6,9,2
5442,7,1,0,3,4,6,1,5,7,3,4
5443,9,9,9,2,7,1,5,7,2,0,5
5444,0,8,3,1,6,0,4,1,4,4,0
5445,9,9,7,5,7,7,5,7,2,0,8
5446,8,2,5,5,9,9,8,4,6,9,2
5447,8,2,5,5,9,9,8,4,6,9,8
5448,8,4,5,0,2,9,4,4,6,8,0
5449,6,5,2,7,1,5,9,2,3,2,9
5450,0,4,7,0,2,7,4,4,6,8,0
5451,4,5,8,9,3,4,3,3,8,7,3
5452,7,1,0,3,4,6,1,5,7,3,4
5453,2,3,4,6,8,2,6,8,9,5,6
5454,8,2,7,5,9,7,8,4,6,9,8
5455,7,1,0,3,4,6,1,5,7,3,4
5456,7,1,0,3,4,6,1,5,7,3,4
5457,8,2,7,5,9,7,8,4,6,9,8
5458,7,1,0,3,4,6,1,5,7,3,4
5459,0,4,7,0,2,7,4,4,6,8,0
5460,2,3,4,6,8,2,6,8,9,5,6
5461,3,0,1,4,5,3,2,6,1,1,1
5462,4,0,8,9,3,4,3,3,8,7,3
5463,2,3,4,6,8,2,6,8,9,5,6
5464,7,1,0,3,4,6,1,5,7,3,4
5465,8,4,5,0,2,9,4,4,6,8,2
5466,2,3,4,6,8,2,6,3,9,5,6
5467,7,1,0,3,4,6,1,5,7,3,4
5468,3,6,1,8,5,3,2,6,0,1,1
5469,3,0,1,4,5,3,2,6,1,1,1
5470,3,6,1,8,5,3,2,6,0,1,1
5471,7,1,0,3,4,6,1,5,7,3,4
5472,8,2,5,5,9,9,8,4,6,9,8
5473,8,2,5,5,9,9,8,4,6,9,2
5474,5,8,3,1,6,0,7,2,4,4,7
5475,3,0,1,4,5,3,2,6,1,1,1
5476,2,3,7,6,8,7,6,8,9,5,8
5477,9,9,9,2,7,1,5,7,2,0,5
5478,5,8,3,1,6,0,7,1,4,4,7
5479,9,9,9,2,7,1,5,7,2,0,5
5480,7,1,0,3,4,6,1,5,7,3,4
5481,6,5,2,7,1,5,9,2,3,2,9
5482,0,4,3,0,2,0,4,1,4,8,0
5483,9,9,9,2,7,1,5,7,2,0,5
5484,1,7,6,2,0,8,0,9,5,6,5
5485,4,5,8,9,3,4,3,3,8,7,3
5486,4,5,8,9,3,4,3,3,8,7,3
5487,3,0,1,4,5,3,2,6,1,1,1
5488,3,0,1,4,5,3,2,6,1,1,1
5489,2,3,4,6,8,2,6,3,9,5,6
5490,0,4,3,0,2,0,4,1,4,8,0
5491,7,1,0,3,4,6,1,5,7,3,4
5492,5,8,3,1,6,0,7,1,4,4,0
5493,7,1,0,3,4,6,1,5,7,3,4
5494,9,9,9,2,7,1,5,7,2,0,5
5495,4,5,8,9,3,4,3,3,8,7,3
5496,5,8,3,1,6,0,7,1,4,4,7
5497,7,1,0,3,4,6,1,5,7,3,4
5498,4,0,8,4,3,4,3,3,1,7,3
5499,2,3,4,6,8,2,6,3,9,5,6
5500,1,7,6,2,0,8,0,9,5,6,5
5501,8,2,7,5,9,7,8,4,6,9,8
5502,7,6,0,8,4,6,1,5,0,3,4
5503,8,2,7,5,9,7,8,4,6,9,8
5504,8,2,5,5,9,9,8,4,6,9,8
5505,3,0,1,4,5,3,2,6,1,1,1
5506,7,1,0,3,4,6,1,5,7,3,4
5507,9,9,9,2,7,1,5,7,2,0,5
5508,6,5,2,7,1,5,9,2,3,2,9
5509,6,5,2,7,1,5,9,2,3,2,9
5510,7,1,0,3,4,6,1,8,7,3,4
5511,7,1,0,3,4,6,1,5,7,3,4
5512,3,6,1,8,5,3,2,6,0,1,1
5513,8,2,7,5,9,7,8,4,6,9,8
5514,3,6,1,8,5,3,2,6,0,1,1
5515,2,5,4,9,8,2,6,3,2,5,3
5516,1,7,6,0,0,8,0,9,5,6,0
5517,4,5,8,9,3,4,3,3,1,7,3
5518,0,4,3,0,2,0,4,1,4,8,0
5519,8,2,5,5,9,9,8,4,6,9,8
5520,1,7,6,2,0,8,0,9,5,6,5
5521,2,3,4,6,8,2,6,8,9,5,6
5522,5,8,3,1,6,0,7,1,4,4,7
5523,8,2,7,5,9,7,8,4,6,9,8
5524,4,5,8,9,3,4,3,0,8,7,3
5525,3,0,1,4,5,3,2,6,1,1,1
5526,1,7,6,2,0,8,0,9,5,6,5
5527,9,9,9,2,7,1,5,7,2,0,5
5528,6,5,2,7,1,5,9,2,3,2,9
5529,6,5,2,7,1,5,9,2,3,2,9
5530,1,7,6,2,0,8,0,9,5,6,5
5531,2,0,4,4,8,2,6,5,1,5,6
5532,5,8,3,1,6,0,7,1,4,4,7
5533,8,2,7,5,9,7,8,4,6,9,8
5534,7,1,0,3,4,6,1,8,7,3,4
5535,8,2,5,5,9,9,8,4,6,9,8
5536,4,5,8,9,3,4,3,0,8,7,7
5537,2,3,4,6,8,2,6,8,9,5,6
5538,0,4,5,0,2,9,4,4,6,8,2
5539,8,2,7,5,9,7,8,4,6,9,8
5540,0,4,3,0,2,0,4,1,4,8,2
5541,3,0,1,4,5,3,2,6,1,1,1
5542,7,1,0,3,4,6,1,5,7,3,4
5543,9,9,9,2,7,1,5,7,2,0,5
5544,0,4,3,0,2,0,4,1,4,8,0
5545,6,9,2,7,1,5,9,2,3,2,9
5546,0,4,3,0,2,0,4,1,4,8,2
5547,2,0,4,4,8,2,6,3,1,5,6
5548,7,1,0,3,4,6,1,5,7,3,4
5549,8,2,7,5,9,7,8,3,6,9,8
5550,7,1,0,3,4,6,1,5,7,3,4
5551,9,9,9,2,7,1,5,3,2,0,8
5552,1,7,6,2,0,8,0,9,5,6,5
5553,3,0,1,4,5,3,2,3,1,1,1
5554,3,6,1,8,5,3,2,6,0,1,1
5555,8,2,5,5,9,9,8,4,6,9,8
5556,4,5,8,9,3,4,3,0,8,7,3
5557,2,3,4,6,8,2,6,8,9,5,6
5558,8,2,7,5,9,7,8,4,6,9,8
5559,8,2,7,5,9,7,8,4,6,9,8
5560,3,0,1,4,5,3,2,6,1,1,1
5561,4,5,8,9,3,4,3,3,8,7,3
5562,2,3,4,6,8,2,6,8,9,5,6
5563,3,0,1,4,5,3,2,6,1,1,1
5564,9,9,9,2,7,1,5,7,2,0,5
5565,8,4,5,5,9,9,8,4,6,9,2
5566,4,5,8,9,3,4,3,0,8,7,3
5567,2,3,4,6,8,2,6,5,9,5,6
5568,0,4,5,0,2,9,4,4,6,8,2
5569,8,2,5,5,9,9,8,4,6,9,8
5570,1,7,6,2,0,8,0,9,5,6,5
5571,9,9,9,2,7,1,5,7,2,0,5
5572,5,8,3,1,6,0,7,1,4,4,7
5573,2,0,4,4,8,2,6,5,1,5,6
5574,2,3,4,6,8,2,6,8,9,5,6
5575,8,2,5,5,9,9,8,4,6,9,8
5576,4,0,8,9,3,4,3,0,8,7,3
5577,8,2,5,5,9,9,8,4,6,9,2
5578,7,1,0,3,4,6,1,5,7,3,4
5579,8,2,5,5,9,9,8,4,6,9,8
5580,5,8,3,1,6,0,7,0,8,4,7
5581,8,2,7,5,9,7,8,4,6,9,8
5582,1,7,6,2,0,8,0,9,5,6,5
5583,3,0,1,4,5,3,2,6,1,1,1
5584,8,2,5,5,9,9,8,4,6,9,2
5585,3,6,1,8,5,3,2,6,0,1,1
5586,4,5,8,9,3,4,3,3,8,7,3
5587,4,5,8,9,3,4,3,0,8,7,3
5588,7,1,0,3,4,6,1,5,7,3,4
5589,8,2,7,5,9,7,8,4,6,9,8
5590,5,8,3,1,6,0,7,1,4,4,0
5591,2,0,4,6,8,2,6,3,9,5,6
5592,0,8,3,0,2,0,4,1,4,8,0
5593,4,0,8,9,3,4,3,3,8,7,3
5594,0,3,7,6,2,7,4,8,9,8,0
5595,8,2,7,5,9,7,8,4,6,9,8
5596,0,4,5,0,2,9,4,4,6,8,2
5597,2,3,4,6,8,2,6,8,9,5,6
5598,2,3,4,6,8,2,6,8,9,5,0
5599,9,2,9,2,9,1,8,3,2,9,8
5600,4,5,8,9,3,4,3,0,8,7,3
5601,9,9,9,2,7,1,5,7,2,0,5
5602,1,7,6,2,0,8,0,9,5,6,5
5603,2,3,4,6,8,2,6,3,9,5,6
5604,3,6,1,8,5,3,2,6,0,1,1
5605,2,0,4,4,8,2,6,5,1,5,6
5606,7,1,0,3,4,6,1,5,7,3,4
5607,8,2,7,5,9,7,8,4,6,9,8
5608,3,6,1,8,5,3,2,6,0,1,1
5609,2,3,4,6,8,2,6,8,9,5,6
5610,1,7,6,2,0,8,0,9,5,6,5
5611,6,0,2,7,1,5,9,3,3,2,9
5612,2,1,4,3,8,2,6,1,4,5,6
5613,8,2,7,5,9,7,8,4,6,9,8
5614,5,8,3,1,6,0,7,1,4,4,0
5615,3,0,1,4,5,3,2,6,1,1,1
5616,1,7,6,2,0,8,0,9,5,6,5
5617,8,2,7,5,9,7,8,3,6,9,8
5618,6,5,2,7,1,5,9,2,3,2,9
5619,4,5,8,9,3,4,3,3,8,7,3
5620,0,4,7,0,2,7,4,4,6,8,0
5621,6,0,2,4,1,5,9,3,1,2,9
5622,3,6,1,8,5,3,2,6,0,1,1
5623,8,2,7,5,9,7,8,4,6,9,8
5624,9,9,9,2,7,1,5,7,2,0,5
5625,2,3,4,6,8,2,6,8,9,5,6
5626,8,2,7,5,9,7,8,4,6,9,8
5627,3,0,1,4,5,3,2,6,1,1,1
5628,9,9,9,2,7,1,5,7,2,0,5
5629,4,5,8,9,3,4,3,3,8,7,3
5630,1,7,6,0,0,8,0,9,5,6,0
5631,8,2,7,5,9,7,8,4,6,9,8
5632,7,1,0,3,4,6,1,5,7,3,4
5633,2,3,4,6,8,2,6,8,9,5,6
5634,5,5,8,1,6,4,7,0,8,4,7
5635,9,9,9,2,7,1,5,7,2,0,5
5636,5,8,3,1,6,0,7,1,4,4,7
5637,2,0,4,4,8,2,6,5,1,5,6
5638,8,2,4,5,9,2,8,8,9,9,8
5639,8,2,7,5,9,7,8,4,6,9,8
5640,9,9,6,2,7,8,5,3,2,0,5
5641,3,0,1,4,5,3,2,6,1,1,1
5642,7,1,0,3,4,6,1,5,7,3,4
5643,9,9,9,2,7,1,5,7,2,0,5
5644,9,9,9,2,7,1,5,7,2,0,5
5645,8,2,7,5,9,7,8,4,6,9,8
5646,3,6,1,8,5,3,2,6,0,1,1
5647,6,5,2,7,1,5,9,2,3,2,9
5648,1,7,6,2,0,8,0,9,5,6,5
5649,2,0,4,4,8,2,6,3,1,5,6
5650,9,9,9,2,7,1,5,7,2,0,5
5651,8,2,5,5,9,9,8,4,6,9,2
5652,0,4,3,0,2,0,4,1,4,8,2
5653,2,3,4,6,8,2,6,3,9,5,6
5654,4,5,8,9,3,4,3,3,8,7,3
5655,9,9,9,2,7,1,5,7,2,0,5
5656,6,5,2,7,1,5,9,2,3,2,9
5657,8,2,5,5,9,9,8,4,6,9,2
5658,5,8,3,1,6,0,7,1,4,4,0
5659,2,3,2,6,8,5,6,8,9,5,9
5660,7,1,0,3,4,6,1,5,7,3,4
5661,8,2,7,5,9,7,8,4,6,9,8
5662,3,6,1,8,5,3,2,6,0,1,1
5663,8,2,5,5,9,9,8,4,6,9,2
5664,1,7,6,2,0,8,0,9,5,6,5
5665,3,0,1,4,5,3,2,6,1,1,1
5666,1,7,6,2,0,8,0,9,5,6,5
5667,9,9,9,2,7,1,5,7,2,0,5
5668,7,1,0,3,4,6,1,5,7,3,4
5669,0,4,7,0,2,7,4,4,6,8,0
5670,2,3,4,6,8,2,6,8,9,5,6
5671,4,5,8,9,3,4,3,3,8,7,3
5672,5,8,3,1,6,0,7,1,4,4,7
5673,5,8,3,1,6,0,7,1,4,4,7
5674,3,6,1,8,5,3,2,6,0,1,1
5675,9,9,9,2,7,1,5,7,2,0,5
5676,9,9,9,2,7,1,5,7,2,0,5
5677,6,5,2,7,1,5,9,2,3,2,9
5678,7,1,0,3,4,6,1,5,7,3,4
5679,3,0,1,4,5,3,2,3,1,1,1
5680,7,1,0,3,4,6,1,5,7,3,4
5681,9,9,9,2,7,1,5,7,2,0,5
5682,4,5,8,9,3,4,3,0,8,7,3
5683,7,0,0,4,4,6,1,5,1,3,4
5684,6,5,2,7,1,5,9,2,3,2,7
5685,2,3,4,6,8,2,6,3,9,5,6
5686,4,5,8,9,3,4,3,3,8,7,3
5687,6,0,2,7,1,5,9,3,3,2,9
5688,2,3,4,6,8,2,6,4,9,5,6
5689,8,2,7,5,9,7,8,4,6,9,8
5690,3,0,1,4,5,3,2,6,1,1,1
5691,9,9,9,2,7,1,5,7,2,0,5
5692,3,6,1,8,5,3,2,6,0,1,1
5693,4,5,8,9,3,4,3,0,8,7,3
5694,3,0,1,4,5,3,2,6,1,1,1
5695,2,3,4,6,8,2,6,8,9,5,6
5696,2,3,4,6,8,2,6,8,9,5,6
5697,2,0,4,4,8,2,6,3,1,5,6
5698,3,6,1,8,5,3,2,6,0,1,1
5699,2,3,4,6,8,2,6,8,9,5,6
5700,7,9,0,3,4,6,1,7,7,3,4
5701,8,2,7,5,9,7,8,4,6,9,8
5702,7,1,0,3,4,6,1,1,4,3,0
5703,0,4,7,0,2,7,4,4,6,8,0
5704,0,4,3,0,2,0,4,1,4,8,0
5705,8,2,7,5,9,7,8,4,6,9,8
5706,1,7,6,2,0,8,0,9,5,6,5
5707,5,8,2,1,6,5,7,2,3,4,7
5708,1,7,6,2,0,8,0,9,5,6,5
5709,4,5,8,9,3,4,3,0,8,7,3
5710,7,1,0,3,4,6,1,5,7,3,4
5711,2,0,4,4,8,2,6,3,1,5,6
5712,7,1,0,3,4,6,1,5,7,3,4
5713,9,9,9,2,7,1,5,7,2,0,5
5714,1,7,6,2,0,8,0,9,5,6,5
5715,6,5,2,7,1,5,9,2,3,2,9
5716,8,2,5,5,9,9,8,4,6,9,8
5717,2,3,4,6,8,2,6,8,9,5,6
5718,5,8,3,1,6,0,7,1,4,4,7
5719,8,2,7,5,9,7,8,3,2,9,8
5720,5,8,3,1,6,0,7,3,4,4,0
5721,4,5,8,9,3,4,3,0,8,7,3
5722,6,3,2,7,1,5,9,2,3,2,9
5723,8,2,7,5,9,7,8,4,6,9,8
5724,7,1,0,3,4,6,1,5,7,3,4
5725,2,3,4,6,8,2,6,8,9,5,6
5726,5,8,3,1,6,0,7,1,4,4,7
5727,8,2,7,5,9,7,8,4,6,9,8
5728,7,1,0,3,4,6,1,5,7,3,4
5729,2,0,4,4,8,2,6,3,1,5,6
5730,3,6,1,8,5,3,2,6,0,1,1
5731,9,9,9,2,7,1,5,7,2,0,5
5732,9,9,9,2,7,1,5,7,2,0,5
5733,6,5,2,7,1,5,9,2,3,2,9
5734,0,8,3,1,6,0,7,1,4,4,0
5735,9,9,7,5,7,7,5,7,2,0,8
5736,8,2,4,5,9,2,8,4,6,9,8
5737,2,3,4,6,8,2,6,3,2,5,8
5738,7,1,0,3,4,6,1,5,7,3,4
5739,4,5,8,9,3,4,3,3,8,7,3
5740,3,6,1,8,5,3,2,6,0,1,1
5741,8,2,5,5,9,9,8,4,6,9,8
5742,2,3,4,6,8,2,6,8,9,5,6
5743,2,3,4,6,8,2,6,3,9,5,8
5744,6,5,2,7,1,5,9,2,3,2,9
5745,8,2,7,5,9,7,8,4,6,9,8
5746,0,4,3,0,2,0,4,1,4,8,0
5747,3,0,1,4,5,3,2,3,1,1,1
5748,7,1,0,3,4,6,1,5,7,3,4
5749,9,9,9,2,7,1,5,7,2,0,5
5750,4,5,8,9,3,4,3,0,8,7,3
5751,6,5,2,7,1,5,9,2,3,2,9
5752,1,7,6,2,0,8,0,9,5,6,5
5753,2,3,4,6,8,2,6,8,9,5,6
5754,0,4,5,0,2,9,4,4,6,8,2
5755,8,2,7,5,9,7,8,4,6,9,8
5756,1,7,6,2,0,8,0,9,5,6,5
5757,2,3,4,6,8,2,6,3,9,5,6
5758,4,5,8,9,3,4,3,0,8,7,3
5759,4,5,8,9,3,4,3,0,8,7,3
5760,1,7,6,2,0,8,0,9,5,6,5
5761,8,2,7,5,9,7,8,4,6,9,8
5762,6,5,2,7,1,5,9,2,3,2,9
5763,2,3,4,6,8,2,6,8,9,5,6
5764,9,9,7,2,7,7,5,9,2,0,5
5765,8,2,7,5,9,7,8,4,6,9,8
5766,4,5,8,9,3,4,3,0,8,7,3
5767,3,0,1,4,5,3,2,3,1,1,1
5768,8,2,9,5,9,1,8,7,2,9,8
5769,8,2,5,5,9,9,8,4,6,9,8
5770,2,9,4,2,8,2,6,3,2,5,5
5771,9,9,9,6,8,2,5,3,2,5,6
5772,4,5,8,9,3,4,3,3,8,7,3
5773,2,0,4,4,8,2,6,3,1,5,8
5774,4,5,8,9,3,4,3,3,8,7,3
5775,2,3,4,6,8,2,6,8,9,5,6
5776,7,1,0,3,4,6,1,5,7,3,4
5777,8,2,7,5,9,7,8,4,6,9,8
5778,0,4,5,0,2,9,4,4,6,8,2
5779,9,9,9,2,7,1,5,7,2,0,5
5780,2,3,4,6,8,2,6,3,2,5,6
5781,2,3,4,6,8,2,6,8,9,5,6
5782,4,5,8,9,3,4,3,0,8,7,7
5783,2,3,4,6,8,2,6,8,9,5,6
5784,8,2,5,5,9,9,8,4,6,9,2
5785,9,9,9,2,7,1,5,7,2,0,5
5786,0,4,5,0,2,9,4,4,6,8,2
5787,2,3,4,6,8,2,6,8,9,5,6
5788,7,1,0,3,4,6,1,5,7,3,4
5789,9,9,9,2,7,1,5,7,2,0,5
5790,4,5,8,9,3,4,3,0,8,7,3
5791,2,3,4,6,8,2,6,8,9,5,6
5792,5,8,3,1,6,0,7,1,4,4,0
5793,2,3,4,6,8,2,6,3,9,5,6
5794,5,8,3,1,6,0,7,1,4,4,7
5795,8,2,7,5,9,7,8,4,6,9,8
5796,5,8,3,1,6,0,7,1,4,4,7
5797,8,2,7,5,9,7,8,4,6,9,0
5798,0,4,6,0,2,8,4,9,4,8,0
5799,2,0,4,6,8,2,6,3,1,5,6
5800,4,5,8,9,3,4,3,0,8,7,3
5801,3,0,1,4,5,3,2,6,1,1,1
5802,5,9,9,2,7,1,7,9,2,0,7
5803,0,4,7,0,2,7,4,4,6,8,0
5804,5,5,8,9,6,4,7,0,8,4,7
5805,8,2,7,5,9,7,8,4,6,9,8
5806,0,4,5,0,2,9,4,1,4,8,2
5807,8,4,7,5,9,7,8,4,6,9,8
5808,3,6,1,8,5,3,2,6,0,1,1
5809,2,0,4,4,8,2,6,3,1,5,6
5810,5,5,8,9,3,4,3,0,8,7,7
5811,8,2,7,5,9,7,8,4,6,9,8
5812,7,1,0,3,4,6,1,5,7,3,4
5813,8,2,7,5,9,7,8,4,6,9,8
5814,1,7,6,2,0,8,0,9,5,6,5
5815,6,5,2,7,1,5,9,2,3,2,9
5816,7,1,0,3,4,6,1,5,7,3,4
5817,0,4,7,0,2,7,4,4,6,8,0
5818,0,4,5,0,2,9,4,9,5,8,2
5819,2,3,4,6,8,2,6,8,9,5,6
5820,7,1,0,3,4,6,1,5,7,3,4
5821,8,2,7,5,9,7,8,4,6,9,8
5822,5,8,3,1,6,0,7,1,4,4,7
5823,6,3,2,7,1,5,9,2,3,2,9
5824,1,7,6,2,0,8,0,9,5,6,5
5825,8,2,7,5,9,7,8,4,6,9,8
5826,1,7,6,2,0,8,0,9,5,6,5
5827,2,3,4,6,8,2,6,8,9,5,6
5828,5,8,3,1,6,0,7,1,4,4,7
5829,0,4,7,0,2,7,4,1,4,8,0
5830,7,1,0,3,4,6,1,5,7,3,4
5831,2,3,4,6,8,2,6,8,9,5,6
5832,5,5,8,9,3,4,7,0,8,7,7
5833,9,9,9,2,7,1,5,7,2,0,5
5834,1,7,6,2,0,8,0,9,5,6,5
5835,0,4,7,0,2,7,4,3,6,8,0
5836,5,8,3,1,6,0,7,1,4,4,7
5837,4,5,8,9,3,4,3,0,8,7,3
5838,7,1,0,3,4,6,1,5,7,3,4
5839,2,2,7,5,8,2,6,3,2,5,8
5840,1,7,6,2,0,8,0,9,5,6,5
5841,6,3,2,7,1,5,9,2,3,2,9
5842,8,2,5,5,9,9,8,4,6,9,2
5843,6,5,2,7,1,5,9,2,3,2,9
5844,3,6,1,8,5,3,2,6,0,1,1
5845,6,3,2,7,1,5,9,2,3,2,9
5846,1,7,6,2,0,8,0,3,5,6,5
5847,9,9,9,2,7,1,5,7,2,0,5
5848,1,7,6,2,0,8,0,9,5,6,5
5849,4,5,8,9,3,4,3,3,8,7,3
5850,1,7,6,2,0,8,0,9,5,6,5
5851,8,2,7,5,9,7,8,4,6,9,8
5852,7,1,0,3,4,6,1,5,7,3,4
5853,2,3,4,6,8,2,6,8,9,5,6
5854,5,8,3,1,6,0,7,1,4,4,7
5855,8,2,7,5,9,7,8,4,6,9,8
5856,2,0,4,6,8,2,6,5,9,5,6
5857,9,9,9,2,7,1,5,3,2,0,5
5858,7,1,0,3,4,6,1,5,7,3,4
5859,9,9,9,2,7,1,5,7,2,0,5
5860,0,4,7,0,2,7,4,4,6,8,0
5861,4,5,8,9,3,4,3,0,8,7,3
5862,1,7,6,2,0,8,0,9,5,6,5
5863,8,2,7,5,9,7,8,4,6,9,8
5864,1,7,6,2,0,8,0,9,5,6,5
5865,0,4,7,0,2,7,4,4,6,8,0
5866,2,3,4,6,8,2,6,8,9,5,6
5867,6,5,2,7,1,5,9,2,3,2,9
5868,5,8,3,1,6,0,7,1,0,4,7
5869,8,2,7,5,9,7,8,4,6,9,8
5870,7,1,0,3,4,6,1,5,7,3,4
5871,2,3,4,6,8,2,6,8,9,5,6
5872,2,3,4,6,8,2,6,8,9,5,6
5873,9,9,9,2,7,1,5,7,2,0,5
5874,8,2,7,5,9,7,8,4,6,9,8
5875,2,3,4,6,8,2,6,8,9,5,6
5876,1,7,6,2,0,8,0,9,5,6,5
5877,4,5,8,9,3,4,3,3,8,7,3
5878,8,2,7,5,9,7,8,4,6,9,8
5879,4,5,8,9,3,4,3,0,8,7,3
5880,0,4,3,0,2,0,4,1,4,8,0
5881,3,0,1,4,5,3,2,6,1,1,1
5882,1,7,6,2,0,8,0,9,5,6,5
5883,2,0,4,4,8,2,6,3,1,5,6
5884,3,6,1,4,5,3,2,6,1,1,1
5885,6,5,2,7,1,5,9,2,3,2,9
5886,3,6,1,8,5,3,2,6,0,1,1
5887,2,3,4,6,8,2,6,3,9,5,6
5888,3,0,1,4,5,3,2,6,1,1,1
5889,4,5,8,9,3,4,3,0,8,7,3
5890,6,5,2,7,1,5,9,2,3,2,9
5891,8,2,7,5,9,7,8,3,6,9,8
5892,5,8,3,1,6,0,7,1,4,4,7
5893,8,2,7,5,9,7,8,4,6,9,8
5894,7,1,0,3,4,6,1,5,7,3,4
5895,6,5,2,7,1,5,9,2,3,2,9
5896,0,4,5,0,2,9,4,4,6,8,2
5897,8,2,5,5,9,9,8,4,6,9,2
5898,1,7,6,2,0,8,0,9,5,6,5
5899,2,2,7,5,8,7,8,3,6,5,8
5900,6,5,2,7,1,5,9,2,3,2,9
5901,8,2,7,5,9,7,8,4,6,9,8
5902,6,5,2,7,1,5,9,2,3,2,9
5903,9,9,9,2,7,1,5,7,2,0,5
5904,0,4,3,0,2,0,4,1,4,8,0
5905,2,0,4,6,8,2,6,3,1,5,6
5906,0,4,5,0,2,9,4,4,6,8,2
5907,6,5,2,7,1,5,9,2,3,2,9
5908,9,9,9,2,7,1,5,7,2,0,5
5909,6,5,2,7,1,5,9,2,3,2,9
5910,4,5,8,9,3,4,3,0,8,7,3
5911,2,3,4,6,8,2,6,3,9,5,6
5912,9,9,9,2,7,1,5,9,2,0,5
5913,4,5,8,9,3,4,3,3,8,7,3
5914,6,5,2,7,1,5,9,2,3,2,9
5915,9,9,9,2,7,1,5,7,2,0,5
5916,7,1,0,3,4,6,1,5,7,3,4
5917,2,3,4,6,8,2,6,8,9,5,6
5918,5,8,3,1,6,0,7,1,4,4,7
5919,2,3,4,6,8,2,6,8,9,5,6
5920,5,5,8,1,6,4,7,0,8,4,7
5921,2,0,4,4,8,2,6,3,1,5,6
5922,7,1,0,3,4,6,1,5,7,3,4
5923,2,3,4,6,8,2,6,8,9,5,6
5924,0,4,7,0,2,7,4,4,6,8,0
5925,9,9,9,2,7,1,5,3,2,0,5
5926,7,1,0,3,4,6,1,5,7,3,4
5927,2,0,4,4,8,2,6,3,1,5,6
5928,1,7,6,2,0,8,0,9,5,6,5
5929,3,0,1,4,5,3,2,6,1,1,1
5930,1,7,6,2,0,8,0,9,5,6,5
5931,4,5,8,9,3,4,3,0,8,7,3
5932,2,0,4,4,8,2,6,3,1,5,6
5933,9,9,9,2,7,1,5,7,2,0,5
5934,7,1,0,3,4,6,1,5,7,3,4
5935,4,5,8,9,3,4,3,0,8,7,3
5936,1,7,6,2,0,8,0,9,5,6,5
5937,8,2,7,5,9,7,8,4,6,9,8
5938,3,0,1,4,5,3,2,6,1,1,1
5939,2,3,4,6,8,2,6,3,9,5,8
5940,0,4,3,0,2,0,4,1,4,8,0
5941,2,3,4,6,8,2,6,8,9,5,6
5942,7,1,0,3,4,6,1,5,7,3,4
5943,8,2,7,5,9,7,8,4,6,9,8
5944,0,8,3,0,2,0,4,1,4,8,0
5945,8,2,7,5,9,7,8,4,6,9,8
5946,5,8,3,1,6,0,7,1,4,4,2
5947,8,2,7,5,9,7,8,3,6,9,8
5948,4,5,8,9,3,4,3,0,8,7,7
5949,2,3,4,6,8,2,6,8,9,5,6
5950,1,7,6,2,0,8,0,9,5,6,5
5951,4,5,8,9,3,4,3,0,8,7,3
5952,6,1,2,7,1,5,9,2,3,2,9
5953,8,2,5,5,9,9,8,4,6,9,8
5954,8,2,7,5,9,7,8,4,6,9,8
5955,9,9,9,2,7,1,5,7,2,0,5
5956,4,0,8,9,3,4,3,3,1,7,3
5957,9,9,9,2,7,1,5,7,2,0,5
5958,7,1,0,3,4,6,1,5,7,3,4
5959,8,2,5,5,9,9,8,4,6,9,2
5960,8,2,7,5,9,7,8,4,6,9,8
5961,3,0,1,4,5,3,2,6,1,1,1
5962,1,7,6,2,0,8,0,3,5,6,5
5963,9,9,9,2,7,1,5,7,2,0,5
5964,5,8,3,1,6,0,7,1,4,4,7
5965,6,5,2,7,1,5,9,2,3,2,9
5966,1,7,6,2,0,8,0,9,5,6,5
5967,3,0,0,4,5,6,2,5,1,1,1
5968,8,2,5,5,9,9,8,4,6,9,2
5969,8,2,7,5,9,7,8,4,6,9,8
5970,2,3,4,6,8,2,6,8,9,5,6
5971,9,9,7,5,7,7,5,3,2,0,8
5972,6,5,2,7,1,5,9,2,3,2,9
5973,4,0,8,9,3,4,3,0,8,7,3
5974,1,7,6,2,0,8,0,9,5,6,5
5975,8,2,5,5,9,9,8,4,6,9,2
5976,8,2,5,5,9,9,8,4,6,9,8
5977,2,3,4,6,8,2,6,8,9,5,6
5978,3,6,1,8,5,3,2,6,0,1,1
5979,0,4,7,0,2,7,4,4,6,8,0
5980,7,1,0,3,4,6,1,5,7,3,4
5981,3,0,1,4,5,3,2,6,1,1,1
5982,5,8,3,1,6,0,7,2,3,4,7
5983,9,9,9,2,7,1,5,7,2,0,5
5984,7,1,0,3,4,6,1,5,7,3,4
5985,6,5,2,7,1,5,9,2,3,2,9
5986,9,9,9,2,7,1,5,7,2,0,5
5987,7,1,0,3,4,6,1,5,7,3,4
5988,6,5,2,7,1,5,9,2,3,2,9
5989,8,2,7,5,9,7,8,4,6,9,8
5990,4,5,8,9,3,4,3,3,8,7,3
5991,8,2,7,5,9,7,8,3,6,9,8
5992,0,4,7,0,2,7,4,1,4,8,0
5993,4,5,8,9,3,4,3,0,8,7,3
5994,9,9,9,2,7,1,5,7,2,0,5
5995,8,4,5,5,9,9,8,4,6,9,2
5996,4,5,8,9,3,4,3,0,8,7,3
5997,2,3,4,6,8,2,6,8,9,5,6
5998,4,5,8,9,3,4,3,0,8,7,3
5999,8,2,7,5,9,7,8,4,6,9,8
6000,4,5,8,9,3,4,3,0,8,7,3
6001,3,0,1,4,5,3,2,6,1,1,1
6002,1,7,6,2,0,8,0,9,5,6,5
6003,9,9,9,2,7,1,5,7,2,0,5
6004,0,4,3,0,2,0,4,1,4,8,0
6005,6,5,2,7,1,5,9,2,3,2,9
6006,2,3,4,6,8,2,6,8,9,5,0
6007,7,1,0,3,4,6,1,5,7,3,4
6008,3,6,1,8,5,3,2,6,0,1,1
6009,8,2,7,5,9,7,8,4,6,9,8
6010,0,4,7,0,2,7,4,9,6,8,0
6011,9,9,9,2,7,1,5,3,2,0,8
6012,6,5,2,7,1,5,9,2,3,2,9
6013,4,5,8,9,3,4,3,0,8,7,3
6014,8,2,5,5,9,9,8,4,6,9,2
6015,8,2,5,5,9,9,8,4,6,9,8
6016,0,4,6,0,2,8,4,1,4,8,0
6017,2,3,4,6,8,2,6,8,9,5,6
6018,7,1,0,3,4,6,1,5,7,3,4
6019,8,2,7,5,9,7,8,4,6,9,8
6020,1,7,6,2,0,8,0,9,5,6,5
6021,9,9,9,2,7,1,5,7,2,0,5
6022,7,1,0,3,4,6,1,5,7,3,4
6023,3,6,1,8,5,3,2,6,0,1,1
6024,4,5,8,9,3,4,3,0,8,7,3
6025,5,8,3,1,6,0,7,1,4,4,7
6026,9,9,9,2,7,1,5,7,2,0,5
6027,2,0,4,4,8,2,6,3,1,5,6
6028,5,8,3,1,6,0,7,1,4,4,0
6029,4,5,8,9,3,4,3,0,8,7,3
6030,7,3,0,6,4,6,1,8,9,3,4
6031,4,5,8,9,3,4,3,0,8,7,3
6032,7,1,0,3,4,6,1,5,7,3,4
6033,7,1,0,3,4,6,1,5,7,3,4
6034,3,6,1,8,5,3,2,6,0,1,1
6035,8,2,7,5,9,7,8,4,6,9,8
6036,0,4,7,0,2,7,4,1,4,8,0
6037,8,2,7,5,9,7,8,4,6,9,8
6038,6,5,2,7,1,5,9,2,3,2,9
6039,6,5,2,7,1,5,9,2,3,2,9
6040,7,1,0,3,4,6,1,5,7,3,4
6041,2,3,4,6,8,2,6,8,9,5,6
6042,5,8,3,1,6,0,7,1,4,4,7
6043,9,9,9,2,7,1,5,7,2,0,5
6044,5,8,3,1,6,0,7,1,4,4,7
6045,3,6,1,8,5,3,2,6,0,1,1
6046,8,2,5,5,9,9,8,4,6,9,8
6047,4,5,8,9,3,4,3,0,8,7,3
6048,1,7,6,2,0,8,0,9,5,6,5
6049,8,2,7,5,9,7,8,4,6,9,8
6050,5,4,5,9,3,9,7,4,6,7,2
6051,8,2,7,5,9,7,8,4,6,9,8
6052,1,7,6,2,0,8,0,9,5,6,5
6053,8,2,5,5,9,9,8,4,6,9,2
6054,0,4,5,0,2,9,4,4,6,8,2
6055,6,5,2,7,1,5,9,2,3,2,9
6056,6,5,2,7,1,5,9,2,3,2,9
6057,7,1,0,3,4,6,1,5,7,3,4
6058,8,2,7,5,9,7,8,4,6,9,0
6059,7,1,0,3,4,6,1,5,7,3,4
6060,9,9,9,2,7,1,5,7,2,0,5
6061,0,4,7,0,2,7,4,1,4,8,0
6062,1,7,6,2,0,8,0,9,5,6,5
6063,6,5,2,7,1,5,9,2,3,2,9
6064,8,2,5,5,9,9,8,4,6,9,8
6065,3,6,1,8,5,3,2,6,0,1,1
6066,7,1,0,3,4,6,1,5,7,3,4
6067,0,4,7,0,2,7,4,1,4,8,0
6068,2,3,4,6,8,2,6,8,9,5,6
6069,7,1,0,3,4,6,1,5,7,3,4
6070,9,9,9,2,7,1,5,7,2,0,5
6071,7,1,0,3,4,6,1,5,7,3,4
6072,2,3,4,6,8,2,6,8,9,5,6
6073,0,4,7,0,2,7,4,4,6,8,0
6074,5,8,3,1,6,0,7,1,4,4,0
6075,9,9,9,2,7,1,5,7,2,0,5
6076,3,6,1,8,5,3,2,6,0,1,1
6077,2,2,4,5,8,2,6,3,9,5,8
6078,0,4,3,0,2,0,4,1,4,8,0
6079,6,5,2,7,1,5,9,2,3,2,9
6080,9,9,9,2,7,1,5,7,2,0,5
6081,7,1,0,3,4,6,1,5,7,3,4
6082,9,9,9,2,7,1,5,7,2,0,5
6083,9,9,9,2,7,1,5,7,2,0,5
6084,5,8,3,1,6,0,7,1,4,4,7
6085,4,5,8,9,3,4,3,0,8,7,3
6086,7,1,0,3,4,6,1,5,7,3,4
6087,8,2,5,5,9,9,8,4,6,9,2
6088,5,8,3,1,6,0,7,1,4,4,7
6089,3,1,1,3,5,3,2,5,7,1,1
6090,4,5,8,9,3,4,3,0,8,7,3
6091,8,2,5,5,9,9,8,4,6,9,2
6092,5,8,3,1,6,0,7,1,4,4,7
6093,2,3,4,6,8,2,6,8,9,5,6
6094,2,3,4,6,8,2,6,3,9,5,6
6095,8,2,7,5,9,7,8,4,6,9,8
6096,2,3,4,6,8,2,6,8,9,5,6
6097,3,6,1,8,5,3,2,6,0,1,1
6098,7,1,0,3,4,6,1,5,7,3,4
6099,6,5,2,7,1,5,9,2,3,2,9
6100,0,4,5,0,2,9,4,4,6,8,2
6101,8,2,7,5,9,7,8,4,6,9,8
6102,7,1,0,3,4,6,1,5,7,3,4
6103,3,0,1,4,5,3,2,6,1,1,1
6104,1,7,6,2,0,8,0,9,5,6,5
6105,6,5,2,7,1,5,9,2,3,2,9
6106,7,1,0,3,4,6,1,5,7,3,4
6107,8,2,7,5,9,7,8,4,6,9,8
6108,9,9,9,2,7,1,5,7,2,0,5
6109,8,2,5,5,9,9,8,4,6,9,2
6110,1,7,6,2,0,8,0,9,5,6,5
6111,2,3,4,6,8,2,6,8,9,5,6
6112,7,1,0,3,4,6,1,5,7,3,4
6113,3,6,1,4,5,3,2,6,1,1,1
6114,6,1,2,7,1,5,9,2,3,2,9
6115,8,2,5,5,9,9,8,4,6,9,2
6116,1,7,6,2,0,8,0,9,5,6,5
6117,3,6,1,8,5,3,2,6,0,1,1
6118,7,1,0,3,4,6,1,5,7,3,4
6119,4,5,8,9,3,4,3,0,8,7,3
6120,5,8,3,1,6,0,7,1,4,4,7
6121,0,4,7,0,2,7,4,4,6,8,0
6122,9,9,9,2,7,1,5,7,5,0,5
6123,7,1,0,3,4,6,1,5,7,3,4
6124,6,5,2,7,1,5,9,2,3,2,9
6125,6,5,2,7,1,5,9,2,3,2,9
6126,6,5,2,7,1,5,9,2,3,2,9
6127,8,2,7,5,9,7,8,4,6,9,8
6128,5,8,7,1,6,7,7,0,4,4,7
6129,2,3,4,6,8,2,6,8,9,5,6
6130,9,9,9,2,7,1,5,7,2,0,5
6131,4,5,8,9,3,4,3,0,8,7,3
6132,8,2,5,5,9,9,8,4,6,9,8
6133,3,6,1,8,5,3,2,6,0,1,1
6134,8,2,5,5,9,9,8,4,6,9,2
6135,9,9,9,2,7,1,5,7,2,0,5
6136,2,3,4,6,8,2,6,8,9,5,6
6137,3,6,1,8,5,3,2,6,0,1,1
6138,6,5,2,7,1,5,9,2,3,2,9
6139,4,5,8,9,3,4,3,0,8,7,3
6140,8,2,5,5,9,9,8,4,6,9,8
6141,8,2,5,5,9,9,8,4,6,9,2
6142,1,7,6,2,0,8,0,9,5,6,5
6143,6,5,2,7,1,5,9,2,3,2,9
6144,1,7,6,2,0,8,0,9,5,6,5
6145,0,4,3,0,2,0,4,1,4,8,0
6146,3,6,1,8,5,3,2,6,0,1,1
6147,8,4,5,5,9,9,8,4,6,9,2
6148,7,1,0,3,4,6,1,5,7,3,4
6149,0,8,3,1,6,0,7,1,4,4,0
6150,4,5,8,9,3,4,3,0,8,7,3
6151,8,2,7,5,9,7,8,3,6,9,8
6152,7,1,0,3,4,6,1,5,7,3,4
6153,2,3,4,6,8,2,6,8,9,5,6
6154,0,4,7,0,2,7,4,1,4,8,0
6155,0,4,7,0,2,7,4,4,6,8,0
6156,5,8,3,1,6,0,7,1,4,4,7
6157,4,5,8,9,3,4,3,0,8,7,3
6158,2,3,4,6,8,2,6,8,9,5,6
6159,4,5,8,9,3,4,3,0,8,7,3
6160,0,4,7,0,2,7,4,9,5,8,0
6161,6,5,2,7,1,5,9,2,3,2,9
6162,5,8,3,1,6,0,7,1,4,4,7
6163,7,1,0,3,4,6,1,5,7,3,4
6164,5,8,3,1,6,0,7,1,4,4,0
6165,9,9,9,2,7,1,5,7,2,0,5
6166,0,4,3,0,2,0,4,1,4,8,0
6167,8,2,5,5,9,9,8,4,6,9,8
6168,6,5,2,7,1,5,9,2,3,2,9
6169,9,9,7,2,7,1,5,3,2,0,5
6170,2,0,4,4,8,2,6,3,1,5,6
6171,9,9,9,2,7,1,5,3,2,0,8
6172,6,5,2,7,1,5,9,2,3,2,9
6173,8,2,5,5,9,9,8,4,6,9,2
6174,0,8,3,0,2,0,4,1,4,8,0
6175,7,1,0,3,4,6,1,5,7,3,4
6176,8,2,5,5,9,9,8,4,6,9,2
6177,8,2,7,5,9,7,8,3,6,9,8
6178,4,7,8,9,3,4,3,3,8,7,3
6179,3,6,1,8,5,3,2,6,0,1,1
6180,9,7,7,2,7,7,5,3,2,0,5
6181,1,7,6,2,0,8,0,9,5,6,5
6182,7,1,0,3,4,6,1,5,7,3,4
6183,9,9,9,2,7,1,5,7,2,0,5
6184,5,8,3,1,6,0,7,1,4,4,7
6185,7,1,0,3,4,6,1,5,7,3,4
6186,1,7,6,2,0,8,0,9,5,6,5
6187,2,3,4,6,8,2,6,8,9,5,6
6188,0,4,6,0,2,8,4,9,5,8,0
6189,8,2,7,5,9,7,8,4,6,9,8
6190,6,5,2,7,1,5,9,2,3,2,9
6191,0,4,7,0,2,7,4,4,6,8,0
6192,1,7,6,2,0,8,0,9,5,6,5
6193,8,2,7,5,9,7,8,4,6,9,8
6194,4,5,8,9,3,4,3,0,8,7,3
6195,8,2,7,5,9,7,8,3,6,9,8
6196,7,1,0,3,4,6,1,5,7,3,4
6197,9,9,9,2,7,1,5,7,2,0,5
6198,7,1,0,3,4,6,1,5,7,3,4
6199,2,3,4,6,8,2,6,8,9,5,6
6200,7,1,0,3,4,6,1,5,7,3,4
6201,4,5,8,9,3,4,3,0,8,7,3
6202,0,4,7,0,2,7,4,4,6,8,0
6203,2,3,4,6,8,2,6,8,9,5,6
6204,6,3,2,7,1,5,9,2,3,2,9
6205,8,2,7,5,9,7,8,4,6,9,8
6206,1,7,6,2,0,8,0,9,5,6,5
6207,3,0,1,4,5,3,2,6,1,1,1
6208,9,9,9,2,7,1,5,7,5,0,5
6209,9,9,9,2,7,1,5,7,2,0,5
6210,5,8,3,1,6,0,7,1,4,4,7
6211,4,5,8,9,3,4,3,0,8,7,3
6212,7,1,0,3,4,6,1,5,7,3,4
6213,2,0,4,4,8,2,6,3,1,5,6
6214,7,3,0,6,4,6,1,8,9,3,4
6215,0,4,7,0,2,7,4,1,4,8,0
6216,7,1,0,3,4,6,1,5,7,3,4
6217,2,3,4,6,8,2,6,8,9,5,6
6218,0,4,3,0,2,0,4,1,4,8,0
6219,4,5,8,9,3,4,3,0,8,7,3
6220,0,4,7,0,2,7,4,8,9,8,0
6221,0,4,7,0,2,7,4,4,6,8,0
6222,6,5,2,7,1,5,9,2,3,2,9
6223,2,3,4,6,8,2,6,8,9,5,6
6224,8,2,5,5,9,9,8,4,6,9,8
6225,0,4,7,0,2,7,4,1,4,8,0
6226,1,7,6,2,0,8,0,9,5,6,5
6227,3,0,1,4,5,3,2,3,1,1,1
6228,3,6,1,8,5,3,2,6,0,1,1
6229,9,9,9,2,7,1,5,7,2,0,5
6230,7,1,0,3,4,6,1,5,7,3,4
6231,6,5,2,7,1,5,9,2,3,2,9
6232,1,7,6,2,0,8,0,9,5,6,5
6233,2,1,4,3,8,2,6,3,7,5,6
6234,5,8,3,1,6,0,7,1,4,4,7
6235,4,5,7,9,3,7,3,3,6,7,0
6236,4,5,8,9,3,4,3,0,8,7,3
6237,2,3,4,6,8,2,6,8,9,5,6
6238,5,8,3,1,6,0,7,1,4,4,7
6239,4,5,8,9,3,4,3,0,8,7,3
6240,7,1,0,3,4,6,1,5,7,3,4
6241,0,4,5,0,2,9,4,4,6,8,2
6242,7,1,0,3,4,6,1,5,7,3,4
6243,2,3,4,6,8,2,6,8,9,5,6
6244,1,7,6,2,0,8,0,9,5,6,5
6245,3,0,1,4,5,3,2,6,1,1,1
6246,1,7,6,2,0,8,0,3,5,6,3
6247,9,9,9,2,7,1,5,7,2,0,5
6248,8,2,5,5,9,9,8,4,6,9,8
6249,6,5,2,7,1,5,9,2,3,2,9
6250,9,9,9,2,7,1,5,7,2,0,5
6251,2,3,4,6,8,2,6,5,9,5,6
6252,9,9,9,2,7,1,5,7,2,0,5
6253,5,8,7,1,6,7,7,1,4,4,0
6254,9,9,9,2,7,1,5,7,2,0,5
6255,4,0,8,4,3,4,3,3,1,7,3
6256,5,8,3,1,6,0,7,1,4,4,7
6257,4,5,8,9,3,4,3,0,8,7,3
6258,5,8,3,1,6,0,7,1,4,4,7
6259,0,4,7,0,2,7,4,1,4,8,0
6260,0,4,6,0,2,8,4,9,5,8,0
6261,2,3,4,6,8,2,6,8,9,5,6
6262,9,9,9,2,7,1,5,7,2,0,5
6263,8,2,7,5,9,7,8,4,6,9,0
6264,2,3,4,6,8,2,6,8,9,5,6
6265,4,5,8,9,3,4,3,0,8,7,3
6266,4,5,8,9,3,4,3,0,8,7,3
6267,4,5,8,9,3,4,3,0,8,7,3
6268,0,8,3,1,6,0,4,1,4,4,0
6269,4,5,8,9,3,4,3,3,8,7,3
6270,1,7,6,2,0,8,0,9,5,6,5
6271,0,4,7,0,2,7,4,4,6,8,0
6272,0,4,6,0,2,8,4,9,5,8,0
6273,6,3,2,7,1,5,9,2,3,2,9
6274,7,1,0,3,4,6,1,5,7,3,4
6275,2,3,4,6,8,2,6,8,9,5,6
6276,9,2,9,2,7,1,5,3,2,0,8
6277,9,9,9,2,7,1,5,7,2,0,5
6278,0,4,5,0,2,9,4,4,6,8,2
6279,2,0,4,4,8,2,6,3,1,5,6
6280,5,8,3,1,6,0,7,1,4,4,7
6281,4,5,8,9,3,4,3,0,8,7,3
6282,7,1,0,3,4,6,1,5,7,3,4
6283,8,4,7,5,2,7,4,4,6,8,0
6284,0,4,3,0,2,0,4,1,4,8,0
6285,0,4,7,0,2,7,4,1,4,8,0
6286,7,1,0,3,4,6,1,5,7,3,4
6287,0,4,7,0,2,7,4,4,6,8,0
6288,2,3,4,6,8,2,6,8,9,5,6
6289,4,5,8,9,3,4,3,0,8,7,3
6290,4,5,8,9,3,4,3,0,8,7,3
6291,2,3,4,6,8,2,6,3,9,5,6
6292,3,0,1,4,5,3,2,3,1,1,1
6293,2,3,4,6,8,2,6,3,9,5,6
6294,8,2,7,5,9,7,8,4,6,9,8
6295,0,4,7,0,2,7,4,1,4,8,0
6296,3,6,1,8,5,3,2,6,0,1,1
6297,2,3,4,6,8,2,6,3,9,5,6
6298,7,1,0,3,4,6,1,9,5,3,4
6299,2,3,4,6,8,2,6,3,9,5,6
6300,7,1,0,3,4,6,1,5,7,3,4
6301,5,8,3,1,6,0,7,1,4,4,7
6302,3,6,1,8,5,3,2,6,0,1,1
6303,9,9,9,2,7,1,5,7,2,0,5
6304,0,4,6,0,2,8,4,9,5,8,0
6305,2,5,4,9,8,2,6,3,8,5,3
6306,5,8,3,1,6,0,7,1,4,4,7
6307,4,5,8,9,3,4,3,0,8,7,3
6308,5,8,3,1,6,0,7,1,4,4,7
6309,2,3,4,6,8,2,6,5,7,5,6
6310,0,4,3,0,2,0,4,1,4,8,0
6311,9,9,9,2,7,1,5,7,2,0,5
6312,0,4,7,0,2,7,4,4,6,8,0
6313,4,5,8,9,3,4,3,0,8,7,3
6314,5,8,3,1,6,0,7,0,4,4,7
6315,0,4,7,0,2,7,4,4,6,8,2
6316,3,6,1,8,5,3,2,6,0,1,1
6317,2,3,4,6,8,2,6,8,9,5,6
6318,1,7,6,2,0,8,0,9,5,6,5
6319,8,4,7,5,9,7,8,4,6,9,2
6320,4,5,8,9,3,4,3,0,8,7,3
6321,2,3,4,6,8,2,6,8,9,5,6
6322,2,3,4,6,8,2,6,8,9,5,6
6323,8,2,7,5,9,7,8,4,6,9,8
6324,2,8,3,6,8,0,6,1,4,5,6
6325,3,0,1,4,5,3,2,3,1,1,1
6326,3,6,1,8,5,3,2,6,0,1,1
6327,4,5,8,9,3,4,3,2,8,7,3
6328,1,7,6,2,0,8,0,9,5,6,5
6329,0,4,7,0,2,7,4,4,6,8,0
6330,3,0,1,4,5,3,2,6,1,1,1
6331,2,0,4,4,8,2,6,3,1,5,6
6332,3,0,1,4,5,3,2,6,1,1,1
6333,0,4,3,0,2,0,4,1,4,8,2
6334,0,4,7,0,2,7,4,4,6,8,0
6335,2,3,4,6,8,2,6,8,9,5,6
6336,0,4,7,0,2,7,4,1,4,8,0
6337,2,0,4,4,8,2,6,3,1,5,6
6338,4,5,8,9,3,4,3,0,8,7,3
6339,0,4,7,0,2,7,4,4,6,8,2
6340,7,1,0,3,4,6,1,5,7,3,4
6341,3,0,1,4,5,3,2,6,1,1,1
6342,1,7,6,2,0,8,0,9,5,6,5
6343,4,5,8,9,3,4,3,0,8,7,3
6344,6,5,2,7,1,5,9,2,3,2,9
6345,3,6,1,8,5,3,2,6,0,1,1
6346,2,3,4,6,8,2,6,3,9,5,6
6347,2,0,4,6,8,2,6,3,1,5,6
6348,1,7,6,2,0,8,0,9,5,6,5
6349,6,5,2,7,1,5,9,2,3,2,9
6350,7,1,0,3,4,6,1,5,7,3,4
6351,8,2,7,5,9,7,8,4,6,9,8
6352,2,3,4,6,8,2,6,8,9,5,6
6353,2,3,4,6,8,2,6,8,9,5,6
6354,7,1,0,3,4,6,1,5,7,3,4
6355,4,5,8,9,3,4,3,0,8,7,3
6356,9,9,9,2,7,1,5,7,2,0,5
6357,3,0,1,4,5,3,2,6,1,1,1
6358,0,4,5,0,2,9,4,4,6,8,2
6359,3,0,1,4,5,3,2,6,1,1,1
6360,9,9,9,2,7,1,5,7,2,0,5
6361,8,2,5,5,9,9,8,4,6,9,8
6362,1,7,6,2,0,8,0,9,5,6,5
6363,2,0,4,4,8,2,6,5,1,5,6
6364,7,1,0,3,4,6,1,5,7,3,4
6365,9,9,9,2,7,1,5,7,2,0,5
6366,1,7,6,2,0,8,0,9,5,6,5
6367,2,0,4,4,8,2,6,3,1,5,6
6368,5,8,3,1,6,0,7,1,4,4,7
6369,2,3,4,6,8,2,6,8,9,5,6
6370,0,8,3,1,6,0,4,1,4,4,0
6371,9,9,9,2,7,1,5,7,2,0,5
6372,9,9,9,2,7,1,5,7,2,0,5
6373,4,5,8,9,3,4,3,0,8,7,3
6374,7,1,0,3,4,6,1,5,7,3,4
6375,0,4,3,0,2,0,4,1,4,8,0
6376,5,8,3,1,6,0,7,1,4,4,7
6377,6,5,2,7,1,5,9,2,3,2,9
6378,0,4,5,0,2,9,4,4,6,8,2
6379,0,4,7,0,2,7,4,1,4,8,0
6380,9,9,9,2,7,1,5,7,2,0,5
6381,0,4,5,0,2,9,4,4,6,8,2
6382,0,4,7,0,2,7,4,1,4,8,0
6383,5,8,3,1,6,0,7,1,4,4,7
6384,1,7,6,2,0,8,0,9,5,6,5
6385,2,3,4,6,8,2,6,3,9,5,6
6386,6,5,2,7,1,5,9,2,3,2,9
6387,4,5,8,9,3,4,3,3,8,7,3
6388,4,5,8,9,3,4,3,3,8,7,3
6389,2,2,7,5,8,7,6,3,6,5,8
6390,2,3,4,6,8,2,6,8,9,5,6
6391,6,5,2,7,1,5,9,2,3,2,9
6392,4,5,8,9,3,4,3,3,8,7,3
6393,4,5,8,9,3,4,3,0,8,7,3
6394,3,6,1,8,5,3,2,6,0,1,1
6395,9,9,9,2,7,1,5,7,2,0,5
6396,4,5,8,9,3,4,3,0,8,7,3
6397,0,4,7,0,2,7,4,4,6,8,0
6398,1,7,6,2,0,8,0,9,5,6,5
6399,4,0,4,4,3,2,3,3,1,7,3
6400,3,6,1,8,5,3,2,6,0,1,1
6401,2,0,4,4,8,2,6,8,1,5,6
6402,4,5,8,9,3,4,3,3,8,7,3
6403,0,4,5,0,2,9,4,4,6,8,2
6404,1,7,6,2,0,8,0,9,5,6,5
6405,2,3,4,6,8,2,6,3,9,5,6
6406,7,6,0,8,4,6,1,5,0,3,4
6407,2,0,4,4,8,2,6,3,1,5,6
6408,1,7,6,2,0,8,0,9,5,6,5
6409,3,0,1,4,5,3,2,3,1,1,1
6410,7,1,0,3,4,6,1,5,7,3,4
6411,9,9,9,2,7,1,5,7,2,0,5
6412,2,3,4,6,8,2,6,8,9,5,6
6413,9,9,9,2,7,1,5,7,2,0,5
6414,6,5,2,7,1,5,9,2,3,2,9
6415,2,3,4,6,8,2,6,3,9,5,6
6416,9,9,9,2,7,1,5,7,2,0,5
6417,2,3,4,6,8,2,6,8,9,5,6
6418,4,5,8,9,3,4,3,0,8,7,3
6419,9,9,9,2,7,1,5,7,2,0,5
6420,7,1,0,3,4,6,1,5,7,3,4
6421,3,0,1,4,5,3,2,6,1,1,1
6422,3,1,1,3,5,3,2,6,7,1,1
6423,9,9,9,2,7,1,5,7,2,0,5
6424,5,8,3,1,6,0,7,1,4,4,7
6425,6,5,2,7,1,5,9,2,3,2,9
6426,7,1,0,3,4,6,1,5,7,3,4
6427,7,1,0,3,4,6,1,5,7,3,4
6428,4,8,8,9,3,4,3,0,8,7,3
6429,8,2,7,5,9,7,8,4,6,9,8
6430,5,8,3,1,6,0,7,1,4,4,7
6431,8,2,7,5,9,7,8,3,2,9,8
6432,9,9,9,2,7,1,5,7,2,0,5
6433,4,5,8,9,3,4,3,0,8,7,3
6434,0,4,7,0,2,7,4,4,6,8,0
6435,0,4,5,0,2,9,4,4,6,8,2
6436,1,7,6,2,0,8,0,9,5,6,5
6437,2,3,4,6,8,2,6,8,9,5,6
6438,5,8,3,1,6,0,7,1,4,4,7
6439,0,4,7,0,2,7,4,4,6,8,0
6440,7,1,0,3,4,6,1,5,7,3,4
6441,3,0,1,4,5,3,2,3,1,1,1
6442,6,5,2,7,1,5,9,2,3,2,9
6443,9,9,9,2,7,1,5,7,2,0,5
6444,3,6,1,8,5,3,2,6,0,1,1
6445,6,5,2,7,1,5,9,2,3,2,9
6446,7,1,0,8,4,6,1,5,7,3,4
6447,2,3,4,6,8,2,6,3,9,5,6
6448,4,5,8,9,3,4,3,3,8,7,3
6449,8,2,7,5,9,7,8,4,6,9,8
6450,7,1,0,3,4,6,1,5,7,3,4
6451,9,9,9,2,7,1,5,3,2,0,5
6452,4,5,8,9,3,4,3,0,8,7,3
6453,4,5,8,9,3,4,3,3,8,7,3
6454,0,4,3,0,2,0,4,1,4,8,0
6455,8,2,5,5,9,9,8,4,6,9,8
6456,4,5,8,9,3,4,3,0,8,7,3
6457,8,2,7,5,9,7,8,4,9,9,8
6458,1,7,6,2,0,8,0,9,5,6,5
6459,8,2,7,5,9,7,8,4,6,9,8
6460,0,4,3,0,2,0,4,1,4,8,0
6461,3,0,1,4,5,3,2,3,1,1,1
6462,5,8,3,1,6,0,7,1,4,4,7
6463,9,9,9,2,7,1,5,7,2,0,5
6464,1,7,6,2,0,8,0,9,5,6,5
6465,6,5,2,7,1,5,9,2,3,2,9
6466,3,0,1,4,5,3,2,6,1,1,1
6467,7,1,0,3,4,6,1,5,7,3,4
6468,3,6,1,8,5,3,2,6,0,1,1
6469,8,2,7,5,9,7,8,4,6,9,8
6470,0,1,0,0,4,6,4,1,7,3,0
6471,9,7,6,2,7,8,5,3,2,0,5
6472,5,8,3,1,6,0,7,1,4,4,7
6473,4,5,8,9,3,4,3,3,8,7,3
6474,6,0,2,4,1,5,9,3,1,2,9
6475,0,4,5,0,2,9,4,4,6,8,2
6476,5,8,3,1,6,0,7,1,4,4,2
6477,2,3,4,6,8,2,6,8,9,5,6
6478,2,3,4,6,8,2,6,8,9,5,6
6479,8,4,7,0,9,7,8,4,6,9,8
6480,1,7,6,2,0,8,0,9,5,6,5
6481,8,2,5,5,9,9,8,4,6,9,2
6482,4,5,8,9,3,4,3,0,8,7,3
6483,8,2,7,5,9,7,8,4,6,9,8
6484,5,8,3,1,6,0,7,1,4,4,7
6485,0,4,5,0,2,9,4,4,6,8,2
6486,4,1,0,9,3,6,3,5,7,7,3
6487,0,4,5,0,2,9,4,4,6,8,2
6488,1,7,6,2,0,8,0,9,5,6,5
6489,2,3,4,6,8,2,6,8,9,5,6
6490,8,2,7,5,9,7,8,4,6,9,8
6491,0,4,7,0,2,7,4,4,6,8,0
6492,1,7,6,2,0,8,0,9,5,6,5
6493,2,3,4,6,8,2,6,8,9,5,6
6494,9,9,9,2,7,1,5,7,2,0,5
6495,2,3,4,6,8,2,6,8,9,5,6
6496,5,6,1,2,6,3,7,1,4,4,7
6497,2,3,4,6,8,2,6,8,9,5,6
6498,9,9,9,2,7,1,5,1,2,0,5
6499,9,9,9,2,7,1,5,7,2,0,5
6500,1,7,6,2,0,8,0,9,5,6,5
6501,9,9,9,2,7,1,5,7,2,0,5
6502,3,6,1,8,5,3,2,6,0,1,1
6503,2,3,4,6,8,2,6,8,9,5,6
6504,7,1,0,3,4,6,1,5,7,3,4
6505,6,5,2,7,1,5,9,2,3,2,9
6506,2,3,7,6,8,7,6,8,9,5,6
6507,0,4,5,0,2,9,4,1,4,8,2
6508,2,3,4,6,8,2,6,8,9,5,6
6509,4,5,8,9,3,4,3,0,8,7,3
6510,8,2,5,5,9,9,8,4,6,9,2
6511,9,9,9,2,7,1,5,7,2,0,5
6512,2,3,4,6,8,2,6,8,9,5,6
6513,2,3,4,6,8,2,6,3,9,5,6
6514,5,8,3,1,6,0,7,1,4,4,7
6515,6,5,2,7,1,5,9,2,3,2,9
6516,7,1,0,3,4,6,1,5,7,3,4
6517,4,5,8,9,3,4,3,0,8,7,3
6518,5,8,3,1,6,0,7,1,4,4,7
6519,5,8,3,1,6,0,7,1,4,4,7
6520,5,6,1,8,6,3,7,6,0,4,7
6521,9,9,9,2,7,1,5,7,2,0,5
6522,2,3,4,6,8,2,6,3,9,5,6
6523,2,3,4,6,8,2,6,8,9,5,6
6524,7,1,0,3,4,6,1,5,7,3,4
6525,8,4,5,0,2,9,4,4,6,8,2
6526,5,5,8,9,3,4,7,0,8,7,7
6527,2,3,4,6,8,2,6,3,9,5,6
6528,0,4,5,0,2,9,4,4,6,8,2
6529,2,2,4,5,8,2,6,3,9,5,8
6530,9,9,9,2,7,1,5,7,2,0,5
6531,9,9,9,2,7,1,5,7,2,0,5
6532,0,8,3,0,2,0,4,1,4,8,0
6533,2,3,4,6,8,2,6,8,9,5,6
6534,0,4,4,0,2,2,4,4,9,8,6
6535,8,2,7,5,9,7,8,4,6,9,8
6536,5,8,3,1,6,0,7,1,4,4,7
6537,9,9,9,2,7,1,5,7,2,0,5
6538,3,6,1,8,5,3,2,6,0,1,1
6539,7,1,0,3,4,6,1,5,7,3,4
6540,9,9,9,2,7,1,5,7,2,0,5
6541,4,5,8,9,3,4,3,0,8,7,3
6542,0,4,7,0,2,7,4,4,6,8,0
6543,7,1,0,3,4,6,1,5,7,3,4
6544,2,3,4,6,8,2,6,8,9,5,6
6545,7,1,0,3,4,6,1,5,7,3,4
6546,9,2,9,5,9,1,8,7,2,9,8
6547,6,5,2,7,1,5,9,2,3,2,9
6548,4,5,8,9,3,4,3,3,8,7,3
6549,6,5,2,7,1,5,9,2,3,2,9
6550,8,4,5,5,9,9,8,4,6,9,2
6551,4,5,8,9,3,4,3,0,8,7,3
6552,5,8,3,1,6,0,7,1,4,4,7
6553,4,5,8,9,3,4,3,3,8,7,3
6554,9,9,9,2,7,1,5,7,2,0,5
6555,2,3,4,6,8,2,6,3,9,5,6
6556,5,8,3,1,6,0,7,1,4,4,7
6557,2,2,7,5,8,2,8,3,2,9,8
6558,1,7,6,2,0,8,0,9,5,6,5
6559,7,1,0,3,4,6,1,5,7,3,4
6560,5,8,3,1,6,0,7,1,4,4,7
6561,7,1,0,3,4,6,1,5,7,3,4
6562,4,5,8,9,3,4,3,3,8,7,3
6563,2,3,4,6,8,2,6,8,9,5,6
6564,5,8,3,1,6,0,7,1,4,4,7
6565,9,9,9,2,7,1,5,7,2,0,5
6566,0,4,5,0,2,9,4,4,6,8,2
6567,4,5,8,9,3,4,3,3,8,7,3
6568,9,9,9,2,7,1,5,7,2,0,5
6569,8,2,7,5,9,7,8,3,2,9,8
6570,1,7,6,2,0,8,0,9,5,6,5
6571,4,5,8,9,3,4,3,3,8,7,3
6572,4,5,8,9,3,4,3,3,8,7,3
6573,2,3,4,6,8,2,6,8,9,5,6
6574,4,5,8,9,3,4,3,0,8,7,3
6575,1,7,6,2,0,8,0,9,5,6,5
6576,7,1,0,3,4,6,1,5,7,3,4
6577,0,4,3,0,2,0,4,1,4,8,0
6578,4,5,8,9,3,4,3,0,8,7,3
6579,0,4,5,0,2,9,4,4,6,8,2
6580,7,1,0,3,4,6,1,5,7,3,4
6581,4,5,8,9,3,4,3,0,8,7,3
6582,7,1,0,3,4,6,1,0,7,3,4
6583,9,9,9,6,7,1,5,7,2,0,5
6584,7,1,0,3,4,6,1,5,7,3,4
6585,7,1,0,3,4,6,1,5,7,3,4
6586,1,7,6,2,0,8,0,9,5,6,5
6587,0,4,5,0,2,9,4,4,6,8,2
6588,5,8,3,1,6,0,7,1,4,4,7
6589,0,4,7,0,2,7,4,4,6,8,0
6590,0,4,5,0,2,9,4,1,4,8,2
6591,2,0,4,4,8,2,6,3,1,5,6
6592,7,1,0,3,4,6,1,5,7,3,4
6593,3,0,1,4,5,3,2,6,1,1,1
6594,7,1,0,3,4,6,1,5,7,3,4
6595,7,1,0,3,4,6,1,5,7,3,4
6596,5,8,3,1,6,0,7,1,4,4,7
6597,8,2,5,5,9,9,8,4,6,9,2
6598,5,8,3,1,6,0,7,1,4,4,7
6599,0,4,7,0,2,7,4,4,6,8,0
6600,0,4,3,0,2,0,4,1,4,8,0
6601,2,3,4,6,8,2,6,8,9,5,6
6602,4,5,8,9,3,4,3,3,8,7,3
6603,3,0,1,4,5,3,2,6,1,1,1
6604,7,1,0,3,4,6,1,5,7,3,4
6605,6,5,2,7,1,5,9,2,3,2,9
6606,2,3,4,6,8,2,6,3,9,5,6
6607,3,0,1,4,5,3,2,6,1,1,1
6608,0,8,3,0,2,0,4,1,4,8,0
6609,1,7,6,2,0,8,0,9,5,6,5
6610,7,1,0,3,4,6,1,5,7,3,4
6611,3,0,1,4,5,3,2,6,1,1,1
6612,7,1,0,3,4,6,1,5,7,3,4
6613,9,9,9,2,7,1,5,7,2,0,5
6614,3,6,1,8,5,3,2,6,0,1,1
6615,3,0,1,4,5,3,2,6,1,1,1
6616,0,4,3,0,2,0,4,1,4,8,2
6617,9,9,9,2,7,1,5,7,2,0,5
6618,2,3,4,6,8,2,6,8,9,5,6
6619,3,0,1,4,5,3,2,6,1,1,1
6620,2,3,4,6,8,2,6,8,9,5,6
6621,8,2,7,5,9,7,8,4,6,9,8
6622,2,3,4,6,8,2,6,8,9,5,6
6623,8,4,5,5,9,9,8,4,6,9,2
6624,6,5,2,7,1,5,9,2,3,2,9
6625,0,4,7,0,2,7,4,4,6,8,0
6626,6,5,2,7,1,5,9,2,3,2,9
6627,6,5,2,7,1,5,9,2,3,2,9
6628,6,1,2,7,1,5,9,2,3,2,9
6629,3,0,1,4,5,3,2,6,1,1,1
6630,3,0,1,4,5,3,2,3,1,1,1
6631,4,5,8,9,3,4,3,0,8,7,3
6632,7,1,0,3,4,6,1,5,7,3,4
6633,5,5,6,1,6,8,7,9,8,4,7
6634,0,4,7,0,2,7,4,1,4,8,0
6635,4,5,8,9,3,4,3,0,8,7,3
6636,1,7,6,2,0,8,0,9,5,6,5
6637,6,5,2,7,1,5,9,2,3,2,9
6638,4,5,8,9,3,4,3,0,8,7,3
6639,6,5,2,7,1,5,9,2,3,2,9
6640,1,7,6,2,0,8,0,9,5,6,5
6641,8,2,7,5,9,7,8,4,6,9,8
6642,6,9,2,7,1,5,9,2,3,2,9
6643,8,2,7,5,9,7,8,4,6,9,8
6644,2,3,4,9,8,2,6,3,9,5,3
6645,3,6,1,8,5,3,2,6,0,1,1
6646,7,1,0,3,4,6,1,5,7,3,4
6647,1,7,6,2,0,8,0,9,5,6,5
6648,3,6,1,8,5,3,2,6,0,1,1
6649,6,5,2,7,1,5,9,2,3,2,9
6650,0,4,3,0,2,0,4,1,4,8,0
6651,7,1,0,3,4,6,1,5,7,3,4
6652,5,8,3,1,6,0,7,1,4,4,0
6653,0,4,7,0,2,7,4,1,4,8,0
6654,1,7,9,2,0,8,0,9,5,6,5
6655,2,3,4,6,8,2,6,4,9,5,6
6656,5,8,3,1,6,0,7,1,4,4,7
6657,4,5,8,9,3,4,3,0,8,7,3
6658,0,4,3,0,2,0,4,1,4,8,0
6659,2,3,4,6,8,2,6,8,9,5,6
6660,7,1,0,3,4,6,1,5,7,3,4
6661,0,4,7,0,2,7,4,1,4,8,0
6662,7,1,0,3,4,6,1,5,7,3,4
6663,2,0,4,4,8,2,6,3,1,5,6
6664,7,1,0,3,4,6,1,5,7,3,4
6665,1,7,6,2,0,8,0,9,5,6,5
6666,5,8,3,1,6,0,7,1,4,4,7
6667,7,1,0,3,4,6,1,5,7,3,4
6668,0,4,4,0,2,2,4,8,9,8,0
6669,0,4,7,0,2,7,4,4,6,8,0
6670,4,5,8,9,3,4,3,0,8,7,3
6671,2,3,4,6,8,2,6,3,9,5,6
6672,5,8,3,1,6,0,7,1,4,4,7
6673,4,5,8,9,3,4,3,3,8,7,3
6674,0,4,7,0,2,7,4,4,6,8,0
6675,8,2,7,5,9,7,8,4,6,9,8
6676,3,6,1,8,5,3,2,6,0,1,1
6677,7,3,0,3,4,6,1,8,9,3,4
6678,1,7,6,2,0,8,0,9,5,6,5
6679,0,4,7,0,2,7,4,4,6,8,0
6680,7,1,0,3,4,6,1,5,7,3,4
6681,3,6,1,8,5,3,2,6,0,1,1
6682,1,7,6,2,0,8,0,9,5,6,5
6683,1,7,6,2,0,8,0,9,5,6,5
6684,3,6,1,8,5,3,2,0,0,1,1
6685,9,9,9,2,7,1,5,7,2,0,5
6686,8,2,5,5,9,9,8,4,6,9,8
6687,7,1,0,3,4,6,1,8,9,3,4
6688,8,2,5,5,9,9,8,4,6,9,2
6689,0,4,7,0,2,7,4,4,6,8,0
6690,4,5,8,9,3,4,3,3,8,7,3
6691,2,3,4,6,8,2,6,3,9,5,6
6692,5,5,8,9,3,4,7,0,8,7,7
6693,4,5,8,9,3,4,3,3,8,7,3
6694,5,8,3,1,6,0,7,1,4,4,0
6695,8,2,7,5,9,7,8,4,6,9,8
6696,0,4,5,0,2,9,4,4,6,8,2
6697,2,3,4,6,8,2,6,8,9,5,6
6698,1,7,6,2,0,8,0,9,5,6,5
6699,8,2,7,5,9,7,8,4,6,9,8
6700,3,6,1,8,5,3,2,6,0,1,1
6701,1,7,6,2,0,8,0,9,5,6,5
6702,1,7,6,2,0,8,0,9,5,6,5
6703,2,3,4,6,8,2,6,8,9,5,6
6704,3,6,1,8,5,3,2,6,0,1,1
6705,4,5,8,9,3,4,3,0,8,7,3
6706,7,1,0,3,4,6,1,5,7,3,4
6707,9,9,9,2,7,1,5,7,2,0,5
6708,5,8,3,1,6,0,7,1,4,4,7
6709,9,9,9,2,7,1,5,7,2,0,5
6710,7,1,0,3,4,6,1,5,7,3,4
6711,2,3,4,6,8,2,6,8,9,5,6
6712,2,3,4,6,8,2,6,8,9,5,6
6713,0,4,7,0,2,7,4,4,6,8,2
6714,0,4,3,0,2,0,4,1,4,8,0
6715,8,2,7,5,9,7,8,4,6,9,8
6716,5,8,3,1,6,0,7,1,4,4,7
6717,8,2,7,2,9,7,8,4,6,9,0
6718,1,7,6,2,0,8,0,9,5,6,5
6719,2,3,4,6,8,2,6,8,9,5,6
6720,4,5,8,9,3,4,3,0,8,7,3
6721,4,5,8,9,3,4,3,3,8,7,3
6722,5,8,3,1,6,0,7,1,4,4,7
6723,2,0,4,4,8,2,6,3,1,5,6
6724,5,8,3,1,6,0,7,1,4,4,7
6725,6,5,2,7,1,5,9,2,3,2,9
6726,5,5,8,1,6,4,7,0,8,4,7
6727,4,7,6,2,3,8,3,3,8,7,5
6728,2,3,4,6,8,2,6,8,9,5,6
6729,8,2,7,5,9,7,8,4,2,9,8
6730,5,6,0,8,6,6,7,5,0,4,7
6731,2,3,4,6,8,2,6,8,9,5,5
6732,5,5,8,9,3,4,7,0,8,7,7
6733,8,2,7,5,9,7,8,4,6,9,8
6734,0,8,3,1,6,0,7,1,4,4,0
6735,2,3,4,9,8,2,6,3,9,5,6
6736,9,9,9,2,7,1,5,7,2,0,5
6737,2,0,4,4,8,2,6,3,1,5,6
6738,3,6,1,8,5,3,2,6,0,1,1
6739,2,3,4,6,8,2,6,8,9,5,6
6740,0,4,5,0,2,9,4,1,4,8,2
6741,0,4,7,0,2,7,4,4,6,8,0
6742,4,5,8,9,3,4,3,0,8,7,3
6743,9,9,9,2,7,1,5,7,2,0,5
6744,2,3,4,6,8,2,6,8,9,5,6
6745,9,9,9,2,7,1,5,7,2,0,5
6746,2,5,4,6,8,2,6,3,9,5,6
6747,9,9,9,2,7,1,5,7,2,0,5
6748,1,7,6,2,0,8,0,9,5,6,5
6749,9,9,9,2,7,1,5,3,2,0,5
6750,7,1,0,3,4,6,1,5,7,3,4
6751,8,4,7,5,9,7,8,4,6,9,0
6752,0,4,5,0,2,9,4,4,6,8,2
6753,8,2,7,5,9,7,8,4,6,9,8
6754,7,1,0,3,4,6,1,5,7,3,4
6755,5,5,2,1,1,5,9,2,3,2,9
6756,0,4,5,0,2,9,4,1,4,8,2
6757,3,6,1,8,5,3,2,6,0,1,1
6758,3,6,1,8,5,3,2,6,0,1,1
6759,8,2,7,5,9,7,8,4,6,9,8
6760,2,3,4,6,8,2,6,8,9,5,6
6761,0,4,7,0,2,7,4,1,6,8,0
6762,1,7,6,2,0,8,0,9,5,6,5
6763,2,0,4,4,8,2,6,3,1,5,6
6764,6,5,2,7,1,5,9,2,3,2,9
6765,0,4,7,0,2,7,4,4,6,8,0
6766,7,1,0,3,4,6,1,5,7,3,4
6767,4,5,8,9,3,4,3,0,8,7,3
6768,3,0,1,4,5,3,2,6,1,1,1
6769,0,4,7,0,2,7,4,4,6,8,0
6770,8,2,9,5,9,1,8,7,2,9,8
6771,9,9,9,2,7,1,5,7,2,0,5
6772,2,3,4,6,8,2,6,3,9,5,6
6773,6,9,2,7,1,5,9,2,3,2,9
6774,2,3,4,6,8,2,6,8,9,5,6
6775,1,7,6,2,0,8,0,9,5,6,5
6776,7,1,0,3,4,6,1,5,7,3,4
6777,0,4,7,0,2,7,4,4,6,8,0
6778,0,4,7,0,2,7,4,4,6,8,0
6779,8,2,7,5,9,7,8,4,6,9,8
6780,9,9,9,2,7,1,5,7,2,0,5
6781,8,2,7,5,9,7,8,4,6,9,8
6782,7,1,0,3,4,6,1,5,7,3,4
6783,9,9,9,2,7,1,5,7,2,0,5
6784,7,1,0,3,4,6,1,5,7,3,4
6785,9,9,9,2,7,1,5,7,2,0,5
6786,5,8,3,1,6,0,7,5,4,4,4
6787,8,2,7,5,9,7,8,4,6,9,8
6788,7,1,0,3,4,6,1,5,7,3,4
6789,9,9,9,2,7,1,5,7,2,0,5
6790,0,4,3,0,2,0,4,1,4,8,0
6791,2,0,4,4,8,2,6,3,1,5,6
6792,2,7,6,2,8,8,6,9,5,5,5
6793,1,7,6,2,0,8,0,9,5,6,5
6794,5,8,3,1,6,0,7,1,4,4,0
6795,2,3,4,6,8,2,6,8,9,5,0
6796,4,5,8,9,3,4,3,0,8,7,3
6797,8,2,7,5,9,7,8,4,6,9,8
6798,0,8,3,0,2,0,4,1,4,8,0
6799,1,7,6,2,0,8,0,3,5,6,5
6800,4,5,8,9,3,4,3,3,8,7,3
6801,2,3,4,6,8,2,6,8,9,5,6
6802,3,6,1,8,5,3,2,6,0,1,1
6803,2,3,4,6,8,2,6,8,9,5,6
6804,5,8,3,1,6,0,7,1,4,4,7
6805,6,5,2,7,1,5,9,2,3,2,9
6806,0,3,0,0,2,6,4,8,9,8,0
6807,1,7,6,2,0,8,0,9,5,6,5
6808,8,2,7,5,9,7,8,3,6,9,8
6809,1,7,6,2,0,8,0,9,5,6,5
6810,0,7,6,2,2,8,4,9,5,8,0
6811,9,9,9,2,7,1,5,7,2,0,5
6812,8,2,7,5,9,7,8,4,6,9,0
6813,0,4,7,0,2,7,4,9,6,8,0
6814,2,3,4,6,8,2,6,8,9,5,6
6815,6,5,2,7,1,5,9,2,3,2,9
6816,9,9,9,2,7,1,5,7,2,0,5
6817,9,9,9,2,7,1,5,7,2,0,8
6818,0,4,7,0,2,7,4,4,6,8,0
6819,2,3,4,6,8,2,6,3,9,5,6
6820,0,4,7,0,2,7,4,1,4,8,0
6821,0,4,7,0,2,7,4,4,6,8,8
6822,1,7,6,2,0,8,0,9,5,6,5
6823,2,0,4,4,8,2,6,3,1,5,6
6824,8,2,5,5,9,9,8,4,6,9,2
6825,2,3,4,6,8,2,6,3,9,5,6
6826,7,1,0,3,4,6,1,5,7,3,4
6827,0,3,4,6,8,2,6,8,9,5,0
6828,1,7,6,2,0,8,0,9,5,6,5
6829,2,3,4,6,8,2,6,8,9,5,6
6830,0,4,3,0,2,0,4,1,4,8,0
6831,9,3,9,2,7,1,5,8,9,0,5
6832,7,1,0,3,4,6,1,5,7,3,4
6833,8,2,7,5,9,7,8,4,6,9,8
6834,1,7,6,2,0,8,0,9,5,6,5
6835,0,4,7,0,2,7,4,4,6,8,0
6836,7,1,0,3,4,6,1,5,7,3,4
6837,4,5,8,9,3,4,3,3,8,7,3
6838,0,4,3,0,2,0,4,1,4,8,0
6839,9,9,9,2,7,1,5,7,2,0,5
6840,7,1,0,3,4,6,1,5,7,3,4
6841,6,9,2,7,1,5,9,2,3,2,9
6842,8,4,7,0,2,7,4,4,6,8,0
6843,9,2,9,2,7,1,5,7,2,0,8
6844,7,1,0,3,4,6,1,5,7,3,4
6845,8,2,7,5,9,7,8,4,6,9,8
6846,6,5,2,2,1,5,9,2,3,2,5
6847,3,0,1,4,5,3,2,3,1,1,1
6848,3,6,1,8,5,3,2,6,0,1,1
6849,8,2,9,5,9,1,8,4,2,9,8
6850,0,4,5,0,2,9,4,1,4,8,0
6851,9,9,9,2,7,1,5,7,2,0,5
6852,7,1,0,3,4,6,1,5,7,3,4
6853,9,2,6,2,7,8,5,3,2,0,8
6854,4,5,8,9,3,4,3,0,8,7,3
6855,2,9,4,2,8,2,6,3,2,5,5
6856,7,1,0,3,4,6,1,5,7,3,4
6857,3,6,1,8,5,3,2,6,0,1,1
6858,1,7,6,2,0,8,0,9,5,6,5
6859,1,7,6,2,0,8,0,9,5,6,5
6860,6,1,2,7,1,5,9,2,3,2,9
6861,6,5,2,7,1,5,9,2,3,2,9
6862,1,7,6,2,0,8,0,9,5,6,5
6863,7,1,0,3,4,6,1,5,7,3,4
6864,1,7,6,2,0,8,0,9,5,6,5
6865,5,8,3,1,6,0,7,1,4,4,7
6866,5,8,3,1,6,0,7,1,4,4,7
6867,8,2,7,5,9,7,8,3,2,9,8
6868,7,1,0,3,4,6,1,5,7,3,4
6869,4,5,8,9,3,4,3,0,8,7,3
6870,1,7,6,2,0,8,0,9,5,6,5
6871,0,4,5,0,2,9,4,4,6,8,2
6872,5,8,3,1,6,0,7,1,4,4,7
6873,2,3,4,6,8,2,6,8,9,5,6
6874,4,5,8,9,3,4,3,3,8,7,3
6875,3,0,1,4,5,3,2,6,1,1,1
6876,4,7,6,9,3,8,3,3,8,7,3
6877,9,9,9,2,7,1,5,7,2,0,5
6878,5,8,3,1,6,0,7,1,4,4,7
6879,8,2,7,5,9,7,8,4,6,9,8
6880,1,7,6,2,0,8,0,9,5,6,5
6881,8,2,5,5,9,9,8,4,6,9,8
6882,0,4,5,0,2,9,4,1,4,8,2
6883,3,0,1,4,5,3,2,6,1,1,1
6884,7,1,0,3,4,6,1,5,7,3,4
6885,2,3,4,6,8,2,6,8,9,5,6
6886,0,4,7,0,2,7,4,4,6,8,0
6887,0,4,7,0,2,7,4,1,4,8,0
6888,2,3,4,6,8,2,6,8,9,5,6
6889,8,2,5,5,9,9,8,4,6,9,2
6890,5,8,3,1,6,0,7,1,4,4,7
6891,2,3,4,6,8,2,6,8,9,5,6
6892,7,1,0,3,4,6,1,5,7,3,4
6893,8,2,7,5,9,7,8,4,6,9,8
6894,7,1,0,3,4,6,1,5,7,3,4
6895,4,5,8,9,3,4,3,0,8,7,3
6896,7,1,0,3,4,6,1,5,7,3,4
6897,7,3,0,6,4,6,1,8,9,3,4
6898,7,1,0,3,4,6,1,5,7,3,4
6899,6,5,2,7,1,5,9,2,3,2,9
6900,9,9,9,2,7,1,5,7,2,0,5
6901,0,4,7,0,2,7,4,1,4,8,0
6902,0,4,5,0,2,9,4,4,6,8,2
6903,1,7,6,2,0,8,0,3,5,6,5
6904,1,7,6,2,0,8,0,9,5,6,5
6905,2,5,4,6,8,2,6,8,9,5,6
6906,7,1,0,3,4,6,1,5,7,3,4
6907,4,5,8,9,3,4,3,3,8,7,3
6908,0,4,5,0,2,9,4,4,6,8,2
6909,4,5,8,9,3,4,3,3,8,7,3
6910,6,9,2,7,1,5,9,2,3,2,9
6911,0,4,5,0,2,9,4,4,6,8,2
6912,7,1,0,3,4,6,1,5,7,3,4
6913,1,7,6,2,0,8,0,9,5,6,5
6914,0,4,7,0,2,7,4,4,6,8,0
6915,8,2,5,5,9,9,8,4,6,9,2
6916,2,3,4,6,8,2,6,8,9,5,6
6917,3,6,1,8,5,3,2,6,0,1,1
6918,5,8,3,1,6,0,7,1,4,4,7
6919,6,5,2,7,1,5,9,2,3,2,9
6920,3,0,1,4,5,3,2,3,1,1,1
6921,6,5,2,7,1,5,9,2,3,2,9
6922,8,2,7,5,9,7,8,4,6,9,0
6923,3,0,1,4,5,3,2,6,1,1,1
6924,1,7,6,2,0,8,0,9,5,6,5
6925,9,9,9,2,7,1,5,7,2,0,5
6926,1,7,6,2,0,8,0,9,5,6,5
6927,4,0,8,4,3,4,3,0,1,7,3
6928,3,6,1,8,5,3,2,6,0,1,1
6929,9,9,9,2,7,1,5,7,2,0,5
6930,4,5,8,9,3,4,3,0,8,7,3
6931,9,9,9,2,7,1,5,7,2,0,5
6932,0,4,5,0,2,9,4,1,4,8,2
6933,1,7,6,2,0,8,0,9,5,6,5
6934,5,8,3,1,6,0,7,1,4,4,7
6935,3,6,1,8,5,3,2,6,0,1,1
6936,0,4,7,0,2,7,4,8,9,8,0
6937,6,5,2,7,1,5,9,2,3,2,9
6938,2,3,4,6,8,2,6,8,9,5,6
6939,2,1,4,3,8,2,6,5,7,5,6
6940,7,1,0,3,4,6,1,5,7,3,4
6941,5,8,3,1,6,0,7,1,4,4,7
6942,4,5,8,9,3,4,3,3,8,7,3
6943,2,3,4,6,8,2,6,8,9,5,6
6944,6,5,2,7,1,5,9,3,3,2,9
6945,7,1,0,3,4,6,1,5,7,3,4
6946,9,9,9,2,7,1,5,7,2,0,5
6947,0,4,7,0,2,7,4,4,6,8,0
6948,7,1,0,3,4,6,1,5,7,3,4
6949,8,2,7,5,9,7,8,4,6,9,8
6950,0,4,3,0,2,0,4,1,4,8,0
6951,9,9,9,2,7,1,5,7,2,0,5
6952,8,2,7,5,9,7,8,4,6,9,0
6953,8,2,5,5,9,9,8,4,6,9,2
6954,4,5,8,9,3,4,3,3,8,7,3
6955,0,4,7,0,2,7,4,1,4,8,0
6956,0,4,6,0,2,8,4,9,5,8,0
6957,2,3,4,6,8,2,6,8,9,5,6
6958,3,6,1,8,5,3,2,6,0,1,1
6959,2,3,4,6,8,2,6,8,9,5,6
6960,3,6,1,8,5,3,2,6,0,1,1
6961,0,4,7,0,2,7,4,4,6,8,0
6962,7,1,0,3,4,6,1,5,7,3,4
6963,4,5,8,9,3,4,3,0,8,7,3
6964,0,4,7,0,2,7,4,1,4,8,0
6965,5,8,3,1,6,0,7,1,4,4,7
6966,7,1,0,3,4,6,1,5,7,3,4
6967,3,6,1,4,5,3,2,6,1,1,1
6968,3,0,1,4,5,3,2,6,1,1,1
6969,0,4,7,0,2,7,4,4,6,8,0
6970,3,0,8,9,3,4,3,0,8,7,1
6971,4,5,8,9,3,4,3,3,8,7,3
6972,3,6,1,8,5,3,2,6,0,1,1
6973,3,0,1,4,5,3,2,6,1,1,1
6974,6,5,2,7,1,5,9,2,3,2,9
6975,1,7,6,9,0,8,0,9,5,6,3
6976,1,7,6,3,0,8,0,9,5,6,4
6977,1,7,6,2,0,8,0,9,5,6,5
6978,2,3,4,6,8,2,6,8,9,5,0
6979,3,0,1,4,5,3,2,6,1,1,1
6980,7,1,0,3,4,6,1,5,7,3,4
6981,2,3,4,6,8,2,6,3,9,5,6
6982,4,5,8,9,3,4,3,0,8,7,3
6983,9,9,9,2,7,1,5,3,2,0,5
6984,7,1,0,3,4,6,1,5,7,3,4
6985,9,9,9,2,7,1,5,7,2,0,5
6986,0,4,5,0,2,9,4,1,4,8,2
6987,3,0,1,4,5,3,2,6,1,1,1
6988,7,1,0,3,4,6,1,5,7,3,4
6989,9,9,9,2,7,1,5,7,2,0,5
6990,0,4,3,0,2,0,4,1,4,8,0
6991,2,0,4,4,8,2,6,3,1,5,6
6992,6,9,2,7,1,5,9,2,3,2,9
6993,0,4,7,0,2,7,4,1,4,8,0
6994,0,4,3,0,2,0,4,8,4,8,0
6995,0,4,7,0,2,7,4,4,6,8,0
6996,0,4,6,0,2,8,4,1,4,8,0
6997,2,3,4,6,8,2,6,3,9,5,6
6998,1,7,6,2,0,8,0,9,5,6,5
6999,0,4,7,0,2,7,4,1,4,8,0
7000,7,1,0,3,4,6,1,5,7,3,4
7001,0,4,5,0,2,9,4,4,6,8,2
7002,5,8,3,1,6,0,7,1,4,4,7
7003,3,0,1,4,5,3,2,3,1,1,1
7004,3,6,1,8,5,3,2,6,0,1,1
7005,6,5,2,7,1,5,9,2,3,2,9
7006,0,4,0,0,2,6,4,1,4,8,0
7007,9,9,9,2,7,1,5,7,2,0,5
7008,4,5,8,9,3,4,3,0,8,7,7
7009,0,4,7,0,2,7,4,4,6,8,0
7010,5,8,3,1,6,0,7,1,4,4,7
7011,8,2,7,5,9,7,8,4,6,9,8
7012,3,0,1,4,5,3,2,3,1,1,1
7013,5,8,3,1,6,0,7,1,4,4,7
7014,6,5,2,7,1,5,9,2,3,2,5
7015,1,7,6,2,0,8,0,9,5,6,5
7016,0,4,3,0,2,0,4,1,4,8,0
7017,8,2,5,5,9,9,8,4,6,9,2
7018,3,0,1,4,5,3,2,6,1,1,1
7019,0,4,7,0,2,7,4,1,4,8,0
7020,1,7,6,2,0,8,0,9,5,6,5
7021,2,3,4,6,8,2,6,8,9,5,6
7022,9,9,9,2,7,1,5,7,2,0,5
7023,0,4,7,0,2,7,4,4,6,8,0
7024,7,1,0,3,4,6,1,5,7,3,4
7025,3,6,1,8,5,3,2,6,0,1,1
7026,2,3,4,6,8,2,6,8,9,5,6
7027,9,9,9,2,7,1,5,7,2,0,5
7028,8,2,5,5,9,9,8,4,6,9,2
7029,2,5,4,7,8,2,6,3,3,5,6
7030,1,7,6,3,0,8,0,9,5,6,4
7031,6,3,2,7,1,5,9,2,3,2,9
7032,2,3,4,6,8,2,6,5,9,5,6
7033,5,8,3,1,6,0,7,1,4,4,7
7034,7,1,0,3,4,6,1,5,7,3,4
7035,2,3,4,6,8,2,6,8,9,5,6
7036,0,4,7,0,2,7,4,1,4,8,0
7037,3,0,1,4,5,3,2,6,1,1,1
7038,3,6,1,8,5,3,2,6,0,1,1
7039,9,9,9,2,7,1,5,7,2,0,5
7040,1,7,6,2,0,8,0,9,5,6,5
7041,6,5,2,7,1,5,9,2,3,2,9
7042,7,1,0,3,4,6,1,5,7,3,4
7043,2,3,4,6,8,2,6,8,9,5,6
7044,7,1,0,3,4,6,1,5,7,3,4
7045,8,2,7,5,9,7,8,4,6,9,8
7046,7,1,0,3,4,6,1,5,7,3,4
7047,9,9,9,2,7,1,5,9,2,0,5
7048,9,9,9,6,7,1,5,7,2,0,6
7049,9,9,9,2,7,1,5,3,2,0,5
7050,3,6,1,8,5,3,2,6,0,1,1
7051,2,3,4,6,8,2,6,8,9,5,6
7052,3,6,1,8,5,3,2,6,0,1,1
7053,8,2,5,5,9,9,8,4,6,9,8
7054,0,4,5,0,2,9,4,4,6,8,2
7055,3,6,1,4,5,3,2,6,1,1,1
7056,0,4,3,0,2,0,4,1,4,8,0
7057,9,9,9,2,7,1,5,7,2,0,5
7058,9,9,9,2,7,1,5,7,2,0,5
7059,8,2,5,5,9,9,8,4,6,9,8
7060,1,7,6,2,0,8,0,9,5,6,5
7061,8,2,7,5,9,1,8,4,6,9,8
7062,3,6,1,8,5,3,2,6,0,1,1
7063,4,5,8,9,3,4,3,3,8,7,3
7064,4,5,8,9,3,4,3,0,8,7,7
7065,2,3,4,6,8,2,6,8,9,5,6
7066,3,6,1,8,5,3,2,6,0,1,1
7067,7,1,0,3,4,6,1,5,7,3,4
7068,2,3,4,6,8,2,6,8,9,5,6
7069,8,2,7,5,9,7,8,4,6,9,0
7070,0,4,3,0,2,0,4,1,4,8,0
7071,8,2,7,5,9,7,8,4,6,9,8
7072,6,5,2,7,1,5,9,2,3,2,9
7073,9,7,6,2,7,8,5,3,2,0,5
7074,1,7,6,2,0,8,0,9,5,6,5
7075,9,9,9,2,7,1,5,7,2,0,5
7076,7,1,0,3,4,6,1,5,7,3,4
7077,8,2,7,5,9,7,8,4,6,9,8
7078,9,9,9,2,7,1,5,7,2,0,5
7079,6,5,2,7,1,5,9,3,3,2,9
7080,7,1,0,3,4,6,1,5,7,3,4
7081,9,2,9,2,9,1,8,3,2,9,8
7082,1,7,6,2,0,8,0,9,5,6,5
7083,8,2,7,5,9,7,8,4,6,9,8
7084,1,7,6,2,0,8,0,9,5,6,5
7085,0,4,3,0,2,0,4,1,4,8,2
7086,4,5,8,9,3,4,3,0,8,7,3
7087,8,2,7,5,9,7,8,4,6,9,8
7088,6,5,2,7,1,5,9,2,3,2,9
7089,9,9,9,2,7,1,5,7,2,0,5
7090,5,8,3,1,6,0,7,1,4,4,7
7091,9,9,9,2,7,1,5,3,2,0,5
7092,8,2,5,5,9,9,8,4,6,9,2
7093,6,5,2,7,1,5,9,3,3,2,9
7094,0,4,3,0,2,0,4,1,4,8,0
7095,4,5,8,9,3,4,3,3,8,7,3
7096,5,5,8,9,3,4,7,0,8,7,7
7097,2,3,4,6,8,2,6,4,9,5,8
7098,5,8,3,1,6,0,7,1,4,4,7
7099,8,2,5,5,9,9,8,4,6,9,8
7100,5,8,3,1,6,0,7,1,4,4,7
7101,9,9,9,6,7,1,5,7,2,0,6
7102,5,5,8,9,3,4,7,0,8,7,7
7103,2,3,4,6,8,2,6,3,9,5,6
7104,4,5,8,9,3,4,3,0,8,7,7
7105,9,9,9,2,7,1,5,7,2,0,5
7106,7,1,0,3,4,6,1,5,7,3,4
7107,6,5,2,7,1,5,9,2,3,2,9
7108,5,8,3,1,6,0,7,1,4,4,0
7109,4,5,8,9,3,4,3,3,8,7,3
7110,0,4,3,0,2,0,4,1,4,8,0
7111,4,5,8,9,3,4,3,3,8,7,3
7112,1,7,6,2,0,8,0,9,5,6,5
7113,5,8,3,1,6,0,7,1,4,4,2
7114,5,8,3,1,6,0,7,1,4,4,0
7115,2,3,4,6,8,2,6,8,9,5,6
7116,1,7,6,2,0,8,0,9,5,6,5
7117,2,3,4,6,8,2,6,8,9,5,6
7118,0,4,3,0,2,0,4,1,4,8,0
7119,9,9,9,2,7,1,5,7,2,0,5
7120,5,8,3,1,6,0,7,1,4,4,7
7121,2,3,4,6,8,2,6,8,9,5,6
7122,1,7,6,2,0,8,0,9,5,6,0
7123,2,3,4,6,8,2,6,8,9,5,6
7124,5,8,3,1,6,0,7,1,4,4,7
7125,8,2,7,5,9,9,8,4,6,9,8
7126,4,5,8,2,3,4,3,3,8,7,3
7127,2,0,4,4,8,2,6,3,1,5,6
7128,3,6,1,8,5,3,2,6,0,1,1
7129,3,0,1,4,5,3,2,6,1,1,1
7130,2,0,4,4,8,2,6,3,1,5,6
7131,9,9,9,2,7,1,5,7,2,0,5
7132,7,1,0,3,4,6,1,5,7,3,4
7133,9,9,9,2,7,1,5,3,2,0,8
7134,7,1,0,3,4,6,1,5,7,3,4
7135,3,0,1,4,5,3,2,6,1,1,1
7136,2,3,4,7,8,2,6,3,3,5,6
7137,2,2,4,2,8,2,6,3,6,5,8
7138,1,7,6,2,0,8,0,9,5,6,5
7139,6,5,2,7,1,5,9,2,3,2,9
7140,6,0,2,7,1,5,9,3,3,2,9
7141,2,3,4,6,8,2,6,8,9,5,6
7142,7,1,0,3,4,6,1,5,7,3,0
7143,3,0,1,4,5,3,2,3,1,1,1
7144,7,1,0,3,4,6,1,5,7,3,4
7145,8,2,7,5,9,7,8,4,6,9,8
7146,6,5,2,7,1,5,9,3,3,2,9
7147,2,3,4,6,8,2,6,8,9,5,6
7148,0,4,3,0,2,0,4,1,4,8,0
7149,9,9,9,2,7,1,5,7,2,0,5
7150,1,7,6,3,0,8,0,9,5,6,4
7151,2,3,4,6,8,2,6,8,9,5,6
7152,5,8,3,1,6,0,7,1,4,4,7
7153,6,5,2,7,1,5,9,2,3,2,9
7154,7,1,0,3,4,6,1,5,7,3,4
7155,8,2,7,5,9,7,8,4,6,9,8
7156,7,1,0,3,4,6,1,5,7,3,4
7157,8,2,7,5,9,7,8,4,6,9,8
7158,3,6,1,8,5,3,2,6,0,1,1
7159,2,3,4,2,8,2,6,3,2,5,6
7160,4,1,8,9,3,4,3,0,8,7,3
7161,2,3,4,7,8,2,6,2,3,5,6
7162,7,1,0,3,4,6,1,5,7,3,4
7163,4,5,8,9,3,4,3,0,8,7,3
7164,3,6,1,8,5,3,2,6,0,1,1
7165,2,3,4,6,8,2,6,3,9,5,6
7166,5,8,3,1,6,0,7,1,4,4,7
7167,8,2,5,5,9,9,8,4,6,9,2
7168,3,6,1,8,5,3,2,6,0,1,1
7169,9,9,9,2,7,1,5,7,2,0,5
7170,6,5,2,7,1,5,9,2,3,2,9
7171,8,2,7,5,9,7,8,4,6,9,8
7172,2,0,4,4,8,2,6,3,1,5,3
7173,8,2,7,5,9,9,8,4,6,9,8
7174,8,2,5,5,9,9,8,4,6,9,8
7175,9,9,9,2,7,1,5,7,2,0,5
7176,1,7,6,2,0,8,0,9,5,6,5
7177,6,5,2,7,1,5,9,2,3,2,9
7178,0,4,7,0,2,7,4,1,4,8,0
7179,4,5,8,9,3,4,3,0,8,7,3
7180,0,4,7,0,2,7,4,1,4,8,0
7181,3,0,1,4,5,3,2,6,1,1,1
7182,7,1,0,3,4,6,1,5,7,3,4
7183,2,0,4,4,8,2,6,3,1,5,6
7184,2,3,4,6,8,2,6,8,9,5,6
7185,9,9,9,2,7,1,5,7,2,0,5
7186,5,8,3,1,6,0,7,1,4,4,7
7187,6,3,2,7,1,5,9,2,3,2,9
7188,9,9,9,2,7,1,5,7,2,0,5
7189,1,7,6,2,0,8,0,9,5,6,5
7190,7,8,3,3,4,0,1,1,4,3,4
7191,8,2,7,5,9,7,8,4,6,9,8
7192,5,8,3,1,6,0,7,1,4,4,0
7193,2,3,4,6,8,2,6,8,9,5,6
7194,8,2,7,5,9,7,8,4,6,9,8
7195,4,5,8,9,3,4,3,0,8,7,3
7196,6,5,2,7,1,5,9,2,3,2,9
7197,8,2,5,5,9,9,8,4,6,9,8
7198,5,8,3,1,6,0,7,1,4,4,7
7199,9,9,9,2,7,1,5,7,2,0,5
7200,0,4,6,0,2,8,4,9,5,8,0
7201,8,2,7,5,9,7,8,4,6,9,8
7202,5,5,3,1,6,0,7,0,8,4,7
7203,3,0,1,4,5,3,2,6,1,1,1
7204,5,8,3,1,6,0,7,1,4,4,7
7205,9,9,9,2,7,1,5,7,2,0,5
7206,4,5,8,9,3,4,3,0,8,7,3
7207,2,3,4,6,8,2,6,8,9,5,6
7208,5,8,3,1,6,0,7,1,4,4,7
7209,2,3,4,6,8,2,6,8,9,5,6
7210,0,4,5,0,2,9,4,4,6,8,0
7211,9,9,7,5,7,7,5,7,2,0,8
7212,4,5,8,9,3,4,3,0,8,7,3
7213,8,2,5,5,9,9,8,4,6,9,8
7214,9,9,9,2,7,1,5,7,2,0,5
7215,9,9,9,5,7,1,5,3,2,0,8
7216,9,2,9,2,7,1,5,3,2,0,8
7217,8,2,7,5,9,7,8,4,6,9,8
7218,7,1,0,3,4,6,1,5,7,3,4
7219,2,3,4,6,8,2,6,3,9,5,6
7220,4,5,8,9,3,4,3,0,8,7,3
7221,9,9,9,2,7,1,5,7,2,0,5
7222,1,7,6,2,0,8,0,9,5,6,5
7223,6,3,2,7,1,5,9,2,3,2,9
7224,4,5,8,9,3,4,3,0,8,7,3
7225,1,7,6,2,0,8,0,9,5,6,5
7226,9,9,9,2,7,1,5,7,2,0,5
7227,9,9,9,2,7,1,5,7,2,0,8
7228,2,3,4,6,8,2,6,8,9,5,6
7229,8,2,7,5,9,7,8,3,6,9,8
7230,4,5,8,9,3,4,3,0,8,7,3
7231,2,3,4,6,8,2,6,3,2,5,8
7232,0,4,3,0,2,0,4,1,4,8,0
7233,9,9,9,2,7,1,5,7,2,0,5
7234,1,7,6,2,0,8,0,9,5,6,5
7235,9,7,6,2,7,8,5,3,2,0,5
7236,0,4,3,0,2,0,4,1,4,8,2
7237,9,9,9,2,7,1,5,7,2,0,5
7238,2,3,4,6,8,2,6,8,9,5,6
7239,8,2,7,5,9,7,8,4,6,9,8
7240,1,7,6,2,0,8,0,9,5,6,5
7241,8,2,7,5,9,7,8,4,6,9,8
7242,3,5,1,7,5,3,2,6,3,1,1
7243,2,3,4,6,8,2,6,3,9,5,6
7244,7,1,0,3,4,6,1,5,7,3,4
7245,8,2,7,5,9,7,8,4,6,9,8
7246,0,4,4,0,2,2,4,8,9,8,0
7247,2,0,4,4,8,2,6,3,1,5,6
7248,5,8,3,1,6,0,7,1,4,4,7
7249,9,9,9,2,7,1,5,3,2,0,5
7250,2,3,4,6,8,2,6,3,9,5,6
7251,8,2,7,5,9,7,8,4,6,9,8
7252,0,4,7,0,2,7,4,4,6,8,0
7253,9,9,9,2,7,1,5,7,2,0,5
7254,3,6,1,8,5,3,2,6,0,1,1
7255,8,2,5,5,9,9,8,4,6,9,8
7256,0,4,3,0,2,0,4,1,4,8,0
7257,6,5,2,7,1,5,9,3,3,2,9
7258,0,4,3,0,2,0,4,1,4,8,0
7259,6,3,2,7,1,5,9,2,3,2,9
7260,9,9,9,2,7,1,5,3,2,0,5
7261,7,1,0,3,4,6,1,5,7,3,4
7262,6,5,2,7,1,5,9,2,3,2,9
7263,7,1,0,3,4,6,1,5,7,3,4
7264,0,4,3,0,2,0,4,1,4,8,0
7265,6,5,2,7,1,5,9,2,3,2,9
7266,6,2,2,7,1,5,9,2,3,2,9
7267,2,0,4,4,8,2,6,3,1,5,6
7268,4,5,8,9,3,4,3,0,8,7,3
7269,8,2,7,5,9,7,8,4,6,9,8
7270,1,7,6,2,0,8,0,9,5,6,5
7271,2,3,4,6,8,2,6,3,9,5,6
7272,3,6,1,8,5,3,2,6,0,1,1
7273,4,5,8,9,3,4,3,3,8,7,3
7274,5,8,3,1,6,0,7,1,4,4,7
7275,9,9,9,2,7,1,5,7,2,0,5
7276,7,1,0,3,4,6,1,5,7,3,4
7277,8,2,7,5,9,7,8,4,6,9,8
7278,9,9,9,2,7,1,5,7,2,0,5
7279,9,9,9,2,7,1,5,9,2,0,5
7280,5,8,3,1,6,0,7,1,4,4,7
7281,3,0,1,4,5,3,2,6,1,1,1
7282,0,4,3,0,2,0,4,1,4,8,0
7283,0,8,3,5,9,0,8,1,4,9,0
7284,8,2,7,5,9,1,8,4,6,9,8
7285,8,2,7,5,9,7,8,4,2,9,8
7286,3,0,1,4,5,3,2,6,1,1,1
7287,8,2,7,5,9,7,8,4,6,9,8
7288,7,1,0,3,4,6,1,5,7,3,4
7289,9,9,9,2,7,1,5,3,2,0,5
7290,2,3,4,6,8,2,6,3,9,5,6
7291,4,5,8,2,3,4,3,3,8,7,3
7292,1,7,6,2,0,8,0,9,5,6,5
7293,7,1,0,3,4,6,1,5,7,3,4
7294,7,1,0,3,4,6,1,0,7,3,4
7295,0,4,6,0,2,8,4,1,4,8,0
7296,0,4,3,0,2,0,4,1,4,8,0
7297,2,3,4,6,8,2,6,8,9,5,6
7298,4,5,8,9,3,4,3,3,8,7,3
7299,9,9,9,2,7,1,5,7,2,0,5
7300,8,2,7,5,9,7,8,4,6,9,8
7301,8,2,7,5,9,7,8,4,6,9,8
7302,7,1,0,3,4,6,1,5,7,3,4
7303,9,9,9,2,7,1,5,7,2,0,5
7304,9,9,9,7,7,1,5,7,2,0,9
7305,2,0,4,4,8,2,6,3,1,5,6
7306,0,4,5,0,2,9,4,1,4,8,2
7307,2,3,4,6,8,2,6,8,9,5,6
7308,1,7,6,2,0,8,0,9,5,6,5
7309,8,2,7,5,9,7,8,4,6,9,8
7310,0,4,7,0,2,7,4,4,6,8,0
7311,9,9,9,2,7,1,5,9,2,0,5
7312,0,4,7,0,2,7,4,9,5,8,0
7313,9,9,9,2,7,1,5,9,2,0,5
7314,8,2,5,5,9,9,8,4,6,9,2
7315,9,9,9,2,7,1,5,7,2,0,5
7316,5,8,3,1,6,0,7,8,4,4,7
7317,9,9,9,2,7,1,5,7,2,0,5
7318,3,6,1,8,5,3,2,6,0,1,1
7319,9,9,9,2,7,1,5,7,2,0,8
7320,1,7,6,2,0,8,0,9,5,6,5
7321,2,3,4,6,8,2,6,3,9,5,6
7322,2,0,4,4,8,2,6,3,1,5,6
7323,9,9,9,2,7,1,5,3,2,0,5
7324,1,7,6,2,0,8,0,9,5,6,5
7325,2,0,4,4,8,2,6,3,1,5,6
7326,6,5,2,7,1,5,9,2,3,2,9
7327,8,2,7,5,9,7,8,4,6,9,8
7328,2,3,4,6,8,2,6,8,9,5,6
7329,9,7,6,2,7,8,5,9,2,6,5
7330,1,7,6,2,0,8,0,9,5,6,5
7331,8,2,7,5,9,7,8,4,6,9,8
7332,7,1,0,3,4,6,1,5,7,3,4
7333,8,2,7,5,9,7,8,4,6,9,8
7334,8,2,5,5,9,9,8,4,6,9,2
7335,8,2,7,5,9,7,8,4,6,9,8
7336,7,1,0,3,4,6,1,5,7,3,4
7337,2,3,4,6,8,2,6,3,9,5,8
7338,3,6,1,8,5,3,2,6,0,1,1
7339,7,1,0,3,4,6,1,3,7,3,4
7340,8,2,5,5,9,9,8,4,6,9,2
7341,9,9,9,2,7,1,5,3,2,0,5
7342,1,7,6,2,0,8,0,3,5,6,5
7343,8,2,7,5,9,7,8,4,6,9,8
7344,6,5,2,7,1,5,9,2,3,2,9
7345,9,9,9,2,7,1,5,7,2,0,5
7346,0,8,3,0,2,0,4,1,4,8,0
7347,9,9,9,5,7,1,5,7,2,0,8
7348,8,2,5,5,9,9,8,4,6,9,2
7349,9,9,9,2,7,1,5,7,2,0,5
7350,8,2,9,5,9,1,8,4,2,9,8
7351,7,1,0,3,4,6,1,5,7,3,4
7352,0,4,3,0,2,0,4,1,4,8,2
7353,6,5,2,7,1,5,9,2,3,2,9
7354,7,6,0,8,4,6,1,5,0,3,4
7355,3,0,1,4,5,3,2,6,1,1,1
7356,2,3,4,6,8,2,6,8,9,5,6
7357,8,2,7,5,9,7,8,4,6,9,8
7358,3,6,1,8,5,3,2,6,0,1,1
7359,9,9,9,2,7,1,5,7,2,0,5
7360,6,5,2,7,1,5,9,2,3,2,9
7361,4,5,8,9,3,4,3,0,8,7,3
7362,0,4,5,0,2,9,4,4,6,8,2
7363,9,9,9,2,7,1,5,7,2,0,5
7364,3,0,1,4,5,3,2,6,1,1,1
7365,9,9,9,2,7,1,5,7,2,0,5
7366,0,4,7,0,2,7,4,1,4,8,0
7367,0,4,4,0,2,2,4,8,9,8,0
7368,4,4,3,9,3,0,3,1,4,7,0
7369,6,5,2,7,1,5,9,3,3,2,9
7370,6,9,2,7,1,5,9,2,3,2,9
7371,3,0,1,4,5,3,2,6,1,1,1
7372,2,3,4,6,8,2,6,3,9,5,6
7373,3,0,1,4,5,3,2,3,1,1,1
7374,7,1,0,3,4,6,1,5,7,3,4
7375,6,5,2,7,1,5,9,2,3,2,9
7376,7,3,0,6,4,6,1,8,9,3,4
7377,9,7,6,2,7,8,5,3,2,0,5
7378,3,6,1,8,5,3,2,6,0,1,1
7379,4,5,8,9,3,4,3,0,8,7,3
7380,8,2,5,5,9,9,8,4,6,9,8
7381,8,2,7,5,9,7,8,4,6,9,8
7382,2,3,4,6,8,2,6,8,9,5,6
7383,0,4,7,0,2,7,4,1,4,8,0
7384,1,7,6,2,0,8,0,9,5,6,5
7385,4,5,8,9,3,4,3,3,8,7,3
7386,0,4,3,0,2,0,4,1,4,8,0
7387,8,2,7,5,9,7,8,4,6,9,8
7388,0,4,6,0,2,8,4,9,5,8,0
7389,9,9,9,2,7,1,5,3,2,0,5
7390,2,3,4,6,8,2,6,8,9,5,6
7391,3,6,1,8,5,3,2,6,0,1,1
7392,6,5,2,7,1,5,9,2,3,2,9
7393,1,7,6,2,0,8,0,9,5,6,5
7394,6,5,2,7,1,5,9,2,3,2,9
7395,9,9,9,7,7,1,5,7,2,0,9
7396,7,1,0,3,4,6,1,5,7,3,4
7397,7,1,0,3,4,6,1,5,7,3,4
7398,4,5,4,9,8,2,3,3,8,5,3
7399,0,4,7,0,2,7,4,9,6,8,0
7400,2,3,7,6,8,7,6,8,9,5,0
7401,4,5,8,9,3,4,3,0,8,7,3
7402,1,7,6,2,0,8,0,9,5,6,5
7403,0,4,5,0,2,9,4,1,4,8,2
7404,9,9,9,2,7,1,5,7,2,0,5
7405,2,3,4,6,8,2,6,8,9,5,6
7406,1,7,6,2,0,8,0,9,5,6,5
7407,0,4,7,0,2,7,4,4,6,8,0
7408,6,5,2,7,1,5,9,2,3,2,9
7409,3,6,1,8,5,3,2,6,0,1,1
7410,1,7,6,2,0,8,0,9,5,6,5
7411,1,7,6,2,0,8,0,9,5,6,5
7412,7,1,0,3,4,6,1,5,7,3,4
7413,6,9,2,7,1,5,9,2,3,2,9
7414,9,9,9,2,7,1,5,7,2,0,5
7415,7,1,0,3,4,6,1,5,7,3,4
7416,5,8,3,1,6,0,7,1,4,4,7
7417,0,4,3,0,2,0,4,1,4,8,0
7418,5,8,3,1,6,0,7,1,4,4,7
7419,7,1,0,3,4,6,1,5,7,3,4
7420,8,2,5,5,9,9,8,4,6,9,8
7421,9,9,9,2,7,1,5,7,2,0,5
7422,1,7,6,2,0,8,0,9,5,6,5
7423,0,4,5,0,2,9,4,4,6,8,2
7424,1,7,6,2,0,8,0,9,5,6,5
7425,2,3,4,6,8,2,6,8,9,5,6
7426,0,4,7,2,2,7,4,3,5,8,0
7427,3,6,1,8,5,3,2,6,0,1,1
7428,6,5,2,7,1,5,9,2,3,2,9
7429,1,7,6,2,0,8,0,9,5,6,5
7430,5,8,3,1,6,0,7,1,4,4,7
7431,6,9,2,7,1,5,9,2,3,2,9
7432,6,5,2,7,1,5,9,2,3,2,9
7433,7,1,0,3,4,6,1,5,7,3,4
7434,4,5,8,9,3,4,3,0,8,7,3
7435,9,9,9,2,7,1,5,7,2,0,5
7436,5,8,3,1,6,0,7,1,4,4,7
7437,5,8,3,1,6,0,7,6,0,4,7
7438,5,8,3,1,6,0,7,1,4,4,0
7439,7,3,0,6,4,6,1,8,9,3,4
7440,1,7,6,2,0,8,0,9,5,6,5
7441,7,3,0,6,4,6,1,8,9,3,4
7442,0,4,7,0,2,7,4,1,4,8,0
7443,7,1,0,3,4,6,1,5,7,3,4
7444,7,1,0,3,4,6,1,5,7,3,4
7445,0,4,5,0,2,9,4,1,4,8,0
7446,8,2,5,5,9,9,8,4,6,9,8
7447,0,4,7,0,2,7,4,4,6,8,0
7448,8,2,7,5,9,7,8,4,6,9,8
7449,7,1,0,3,4,6,1,5,7,3,4
7450,7,1,0,3,4,6,1,5,7,3,4
7451,3,0,1,4,5,3,2,6,1,1,1
7452,1,7,6,2,0,8,0,9,5,6,5
7453,2,3,4,6,8,2,6,8,9,5,6
7454,9,9,9,2,7,1,5,7,2,0,5
7455,7,1,0,3,4,6,1,5,7,3,4
7456,4,5,8,9,3,4,3,0,8,7,3
7457,7,1,0,3,4,6,1,5,7,3,4
7458,7,1,0,3,4,6,1,5,7,3,4
7459,8,2,7,5,9,7,8,4,6,9,8
7460,9,7,6,2,7,8,5,3,2,0,5
7461,2,3,4,6,8,2,6,8,9,5,6
7462,3,6,1,8,5,3,2,6,0,1,1
7463,7,1,0,3,4,6,1,5,7,3,4
7464,0,4,3,0,2,0,4,1,4,8,0
7465,2,0,4,4,8,2,6,3,1,5,3
7466,2,3,4,9,8,2,6,3,9,5,3
7467,6,9,2,7,1,5,9,2,3,2,9
7468,0,4,7,0,2,7,4,4,6,8,0
7469,1,7,6,2,0,8,0,9,5,6,5
7470,8,2,5,5,9,9,8,4,6,9,2
7471,2,0,4,4,8,2,6,3,1,5,6
7472,9,9,9,2,7,1,5,7,2,0,5
7473,9,9,9,2,7,1,5,7,2,0,5
7474,5,8,3,1,6,0,7,1,4,4,7
7475,7,1,0,3,4,6,1,5,7,3,4
7476,9,9,9,2,7,1,5,7,2,0,5
7477,7,3,0,6,4,6,1,8,9,3,4
7478,0,4,6,0,2,8,4,9,5,8,0
7479,7,3,0,6,4,6,1,8,9,3,4
7480,7,1,0,3,4,6,1,5,7,3,4
7481,7,1,0,3,4,6,1,5,7,3,4
7482,7,1,0,3,4,6,1,5,7,3,4
7483,7,1,0,3,4,6,1,5,7,3,4
7484,6,5,2,7,1,5,9,2,3,2,9
7485,3,6,1,8,5,3,2,6,0,1,1
7486,6,1,2,7,1,5,9,2,3,2,9
7487,8,2,7,5,9,7,8,4,6,9,8
7488,7,1,0,2,4,6,1,5,7,3,5
7489,8,2,7,5,9,7,8,4,6,9,8
7490,4,5,8,9,3,4,3,0,8,7,7
7491,9,9,9,2,7,1,5,7,2,0,5
7492,5,8,3,1,6,0,7,1,4,4,0
7493,4,5,8,9,3,4,3,0,8,7,3
7494,0,4,5,0,2,9,4,1,4,8,2
7495,9,9,9,2,7,1,5,7,2,0,5
7496,1,7,6,2,0,8,0,9,5,6,5
7497,7,1,0,3,4,6,1,5,7,3,4
7498,1,7,6,2,0,8,0,9,5,6,5
7499,2,3,4,6,8,2,6,3,9,5,6
7500,6,9,2,7,1,5,9,2,3,2,9
7501,7,1,0,3,4,6,1,5,7,3,4
7502,0,4,7,0,2,7,4,1,4,8,0
7503,4,5,8,9,3,4,3,3,8,7,3
7504,4,5,8,9,3,4,3,0,8,7,3
7505,0,4,7,0,2,7,4,1,4,8,0
7506,2,3,4,6,8,2,6,3,9,5,6
7507,7,1,0,3,4,6,1,5,7,3,4
7508,7,1,0,3,4,6,1,5,7,3,4
7509,0,4,5,0,2,9,4,1,4,8,2
7510,9,9,2,7,7,5,5,3,2,0,9
7511,0,4,3,0,2,0,4,1,4,8,0
7512,7,1,0,3,4,6,1,5,7,3,4
7513,0,4,5,0,2,9,4,1,4,8,2
7514,7,1,0,3,4,6,1,5,7,3,4
7515,2,0,4,4,8,2,6,3,1,5,6
7516,4,5,8,9,3,4,3,0,8,7,3
7517,0,4,7,0,2,7,4,1,4,8,0
7518,8,2,9,5,9,1,8,4,6,9,8
7519,2,3,4,6,8,2,6,8,9,5,6
7520,6,9,2,7,1,5,9,2,3,2,9
7521,7,1,0,3,4,6,1,5,7,3,4
7522,4,5,8,9,3,4,3,0,8,7,3
7523,6,9,2,7,1,5,9,2,3,2,9
7524,1,7,6,2,0,8,0,9,5,6,5
7525,0,4,5,0,2,9,4,1,4,8,2
7526,5,8,3,1,6,0,7,1,4,4,0
7527,0,4,5,0,2,9,4,4,6,8,0
7528,1,7,6,2,0,8,0,9,5,6,5
7529,0,4,7,0,2,7,4,1,4,8,0
7530,9,9,9,2,7,1,5,7,2,0,5
7531,7,1,0,3,4,6,1,5,7,3,4
7532,1,7,6,2,0,8,0,9,5,6,5
7533,9,9,9,2,7,1,5,7,2,0,5
7534,8,2,5,5,9,9,8,4,6,9,2
7535,7,1,0,3,4,6,1,5,7,3,4
7536,9,9,9,2,7,1,5,7,2,0,5
7537,6,9,2,7,1,5,9,2,3,2,9
7538,5,8,3,1,6,0,7,1,4,4,0
7539,2,3,4,6,8,2,6,8,9,5,6
7540,7,1,0,3,4,6,1,5,7,3,4
7541,0,4,6,0,2,8,4,1,4,8,0
7542,1,7,6,2,0,8,0,9,5,6,5
7543,4,5,8,9,3,4,3,3,8,7,3
7544,2,3,4,6,8,2,6,3,9,5,6
7545,0,4,7,0,2,7,4,1,4,8,0
7546,7,1,0,3,4,6,1,5,7,3,4
7547,0,4,3,0,2,0,4,1,4,8,0
7548,3,6,1,8,5,3,2,6,0,1,1
7549,4,5,8,9,3,4,3,0,8,7,3
7550,7,1,0,3,4,6,1,5,7,3,4
7551,9,2,7,2,7,7,5,4,2,0,8
7552,3,6,1,8,5,3,2,6,0,1,1
7553,1,7,6,2,0,8,0,9,5,6,5
7554,9,9,9,2,7,1,5,7,2,0,5
7555,6,3,2,7,1,5,9,2,3,2,9
7556,7,1,0,3,4,6,1,5,7,3,4
7557,2,3,4,6,8,2,6,3,9,5,6
7558,1,7,6,2,0,8,0,9,5,6,5
7559,4,5,8,9,3,4,3,0,8,7,3
7560,5,8,3,1,6,0,7,1,4,4,7
7561,1,7,6,2,0,8,0,9,5,6,5
7562,4,5,8,9,3,4,3,0,8,7,3
7563,1,7,6,2,0,8,0,9,5,6,5
7564,5,5,3,1,6,0,7,0,4,4,7
7565,0,4,3,0,2,0,4,1,4,8,2
7566,3,6,1,8,5,3,2,6,0,1,1
7567,6,9,2,7,1,5,9,2,3,2,9
7568,0,4,5,0,2,9,4,1,4,8,2
7569,7,1,0,3,4,6,1,5,7,3,4
7570,5,8,3,1,6,0,7,1,4,4,7
7571,4,5,8,9,3,4,3,3,8,7,3
7572,1,7,6,2,0,8,0,9,5,6,5
7573,0,4,7,0,2,7,4,4,6,8,0
7574,1,7,6,2,0,8,0,9,5,6,5
7575,2,3,4,6,8,2,6,8,9,5,6
7576,6,5,2,7,1,5,9,2,3,2,9
7577,4,5,8,9,3,4,3,3,8,7,3
7578,0,4,7,0,2,7,4,1,4,8,0
7579,8,2,7,5,9,7,8,4,6,9,8
7580,4,5,8,9,3,4,3,0,8,7,3
7581,4,5,8,9,3,4,3,3,8,7,3
7582,2,3,4,6,8,2,6,8,9,5,6
7583,7,1,0,3,4,6,1,5,7,3,4
7584,7,1,0,3,4,6,1,5,7,3,4
7585,4,0,8,9,3,4,3,3,1,7,3
7586,2,3,4,6,8,2,6,8,9,5,6
7587,6,5,2,7,1,5,9,2,3,2,9
7588,1,7,6,2,0,8,0,9,5,6,5
7589,2,1,4,3,8,2,6,5,7,5,6
7590,7,1,0,3,4,6,1,5,7,3,4
7591,7,1,0,3,4,6,1,5,7,3,4
7592,7,1,0,3,4,6,1,5,7,3,4
7593,4,5,8,9,3,4,3,0,8,7,3
7594,6,5,2,7,1,5,9,2,3,2,9
7595,7,1,0,3,4,6,1,5,7,3,4
7596,5,5,2,1,6,5,7,2,1,4,7
7597,4,5,8,9,3,4,3,3,8,7,3
7598,5,5,8,1,6,4,7,0,8,4,7
7599,9,9,9,2,7,1,5,7,2,0,5
7600,7,1,0,3,4,6,1,5,7,3,4
7601,6,9,2,7,1,5,9,2,3,2,9
7602,5,8,3,1,6,0,7,1,4,4,7
7603,1,7,6,2,0,8,0,9,5,6,5
7604,7,1,0,3,4,6,1,5,7,3,4
7605,0,4,3,0,2,0,4,1,4,8,2
7606,8,2,9,5,9,1,8,7,2,9,8
7607,2,3,4,6,8,2,6,8,9,5,6
7608,0,4,5,0,2,9,4,4,6,8,2
7609,9,9,9,2,7,1,5,7,2,0,5
7610,0,4,5,0,2,9,4,1,4,8,2
7611,0,4,7,0,2,7,4,4,6,8,0
7612,1,7,6,2,0,8,0,9,5,6,5
7613,7,1,0,3,4,6,1,5,7,3,4
7614,6,1,2,7,1,5,9,2,3,2,9
7615,9,9,9,2,7,1,5,7,2,0,5
7616,8,2,5,5,9,9,8,4,6,9,2
7617,2,3,3,6,6,0,6,8,9,4,0
7618,7,1,0,3,4,6,1,5,7,3,4
7619,9,9,9,2,7,1,5,7,2,0,5
7620,0,4,6,0,2,8,4,9,5,8,5
7621,5,8,3,1,6,0,7,1,4,4,7
7622,1,7,6,2,0,8,0,9,5,6,5
7623,0,4,3,0,2,0,4,1,4,8,0
7624,9,9,9,2,7,1,5,7,2,0,5
7625,7,1,0,3,4,6,1,5,7,3,4
7626,7,1,0,3,4,6,1,5,7,3,4
7627,0,4,3,0,2,0,4,1,4,8,0
7628,9,9,9,2,7,1,5,7,2,0,5
7629,3,0,1,4,5,3,2,6,1,1,1
7630,1,7,6,2,0,8,0,9,5,6,5
7631,9,9,9,2,7,1,5,7,2,0,6
7632,1,7,6,2,0,8,0,9,5,6,5
7633,6,5,2,7,1,5,9,2,3,2,9
7634,2,1,4,3,8,2,6,5,7,5,6
7635,2,3,4,6,8,2,6,8,9,5,6
7636,9,9,9,2,7,1,5,9,2,0,5
7637,8,2,7,5,9,7,8,4,6,9,8
7638,6,5,2,2,1,5,9,3,3,2,5
7639,9,9,9,2,7,1,5,7,2,0,5
7640,2,1,4,3,8,2,6,5,7,5,6
7641,4,5,8,9,3,4,3,0,8,7,3
7642,9,3,9,6,7,1,5,8,9,0,6
7643,8,2,7,5,9,7,8,4,6,9,8
7644,0,4,6,0,2,8,4,9,5,8,0
7645,2,3,4,6,8,2,6,8,9,5,6
7646,6,5,2,7,1,5,9,2,3,2,9
7647,8,2,7,5,9,7,8,4,6,9,8
7648,3,6,1,8,5,3,2,6,0,1,1
7649,3,0,1,4,5,3,2,6,1,1,1
7650,1,7,6,2,0,8,0,9,5,6,5
7651,9,9,9,2,7,1,5,7,2,0,5
7652,0,4,3,0,2,0,4,1,4,8,0
7653,6,5,2,7,1,5,9,2,3,2,9
7654,6,1,2,7,1,5,9,2,3,2,9
7655,2,3,4,6,8,2,6,3,9,5,6
7656,1,7,6,2,0,8,0,9,5,6,5
7657,8,2,7,5,9,7,8,4,6,9,8
7658,1,7,6,2,0,8,0,9,5,6,5
7659,9,9,9,2,7,1,5,3,2,0,5
7660,7,1,0,3,4,6,1,5,7,3,4
7661,4,5,8,9,3,4,3,0,8,7,3
7662,4,5,8,9,3,4,3,0,8,7,3
7663,9,9,9,5,7,1,5,7,2,0,8
7664,4,5,8,9,3,4,3,0,8,7,3
7665,2,3,4,6,8,2,6,8,9,5,6
7666,7,1,0,3,4,6,1,5,7,3,4
7667,8,2,7,5,9,7,8,4,6,9,0
7668,9,9,9,2,7,1,5,7,2,0,5
7669,3,0,1,4,5,3,2,6,1,1,1
7670,7,1,0,3,4,6,1,5,7,3,4
7671,9,9,9,7,7,1,5,7,2,0,9
7672,7,1,0,3,4,6,1,5,7,3,4
7673,6,5,2,7,1,5,9,2,3,2,9
7674,2,1,4,3,8,2,6,5,7,5,6
7675,8,2,7,5,9,7,8,3,6,9,8
7676,5,8,3,1,6,0,7,1,4,4,7
7677,8,2,7,5,9,7,8,4,6,9,8
7678,7,1,0,3,4,6,1,5,7,3,4
7679,8,2,5,5,9,9,8,4,6,9,8
7680,8,4,7,0,2,7,4,4,6,8,0
7681,2,3,4,6,8,2,6,8,9,5,6
7682,7,1,0,3,4,6,1,5,7,3,4
7683,8,2,7,5,9,7,8,4,6,9,8
7684,5,5,8,9,3,4,7,0,8,7,7
7685,3,0,1,4,5,3,2,6,1,1,1
7686,8,2,5,5,9,9,8,4,6,9,8
7687,3,0,1,4,5,3,2,6,1,1,1
7688,6,5,2,7,1,5,9,2,3,2,9
7689,9,9,9,2,7,1,5,7,2,0,5
7690,0,4,7,0,2,7,4,1,4,8,0
7691,3,0,1,4,5,3,2,3,1,1,1
7692,1,7,6,2,0,8,0,9,5,6,5
7693,9,9,9,2,7,1,5,7,2,0,5
7694,8,2,5,5,9,9,8,4,6,9,8
7695,6,2,2,7,1,5,9,3,3,2,8
7696,1,7,6,2,0,8,0,9,5,6,5
7697,8,2,9,5,9,1,8,8,6,9,8
7698,7,1,0,3,4,6,1,5,7,3,4
7699,9,9,9,2,7,1,5,3,2,0,5
7700,4,5,8,9,3,4,3,3,8,7,3
7701,2,3,4,6,8,2,6,8,9,5,6
7702,0,4,7,0,2,7,4,4,6,8,0
7703,8,2,7,5,9,7,8,4,6,9,8
7704,9,9,9,2,7,1,5,7,2,0,8
7705,8,2,7,5,9,7,8,4,6,9,8
7706,7,1,0,7,4,6,1,2,7,3,4
7707,3,0,1,4,5,3,2,6,1,1,1
7708,3,0,1,4,5,3,2,6,1,1,1
7709,3,0,1,4,5,3,2,6,1,1,1
7710,4,5,8,9,3,4,3,0,8,7,3
7711,4,5,8,9,3,4,3,0,8,7,3
7712,2,3,4,6,8,2,6,8,9,5,6
7713,8,2,7,5,9,7,8,4,6,9,8
7714,0,4,3,0,2,0,4,1,4,8,0
7715,4,5,8,9,3,4,3,3,8,7,3
7716,9,9,9,2,7,1,5,7,2,0,5
7717,4,5,8,9,3,4,3,0,8,7,3
7718,4,3,4,9,3,2,3,3,9,7,3
7719,6,2,2,7,1,5,9,3,3,2,9
7720,1,7,6,0,0,8,0,9,5,6,0
7721,2,0,4,4,8,2,6,3,1,5,6
7722,0,4,3,0,2,0,4,1,4,8,0
7723,8,2,7,5,9,7,8,4,6,9,8
7724,4,5,8,9,3,4,3,0,8,7,3
7725,8,2,7,5,9,7,8,4,6,9,8
7726,8,2,7,5,9,7,8,4,6,9,8
7727,8,2,7,5,9,7,8,4,6,9,8
7728,3,6,1,8,5,3,2,6,0,1,1
7729,9,9,9,2,7,1,5,7,2,0,5
7730,5,8,3,1,6,0,7,1,4,4,7
7731,8,2,5,5,9,9,8,4,6,9,8
7732,9,9,9,2,7,1,5,7,2,0,5
7733,8,2,7,5,9,7,8,4,6,9,8
7734,0,4,3,0,2,0,4,1,4,8,0
7735,9,9,9,2,7,1,5,3,2,0,8
7736,7,1,0,3,4,6,1,5,7,3,4
7737,8,2,5,5,9,9,8,4,6,9,8
7738,2,0,4,4,8,2,6,3,1,5,6
7739,9,9,9,2,7,1,5,7,2,0,5
7740,7,1,0,3,4,6,1,5,7,3,4
7741,6,5,2,7,1,5,9,3,3,2,8
7742,8,4,7,0,9,7,8,4,6,9,0
7743,6,5,2,7,1,5,9,2,3,2,9
7744,4,5,8,9,3,4,3,0,8,7,3
7745,2,3,4,6,8,2,6,3,9,5,6
7746,9,9,9,2,7,1,5,7,2,0,5
7747,9,9,9,2,7,1,5,7,2,0,5
7748,1,7,6,2,0,8,0,9,5,6,5
7749,8,2,7,5,9,7,8,4,6,9,8
7750,2,3,4,6,8,2,6,8,9,5,6
7751,8,2,7,5,9,7,8,3,6,9,8
7752,9,9,9,2,7,1,5,7,2,0,5
7753,3,0,1,4,5,3,2,3,1,1,1
7754,0,4,5,0,2,9,4,4,6,8,2
7755,8,2,7,5,9,7,8,4,6,9,8
7756,0,4,7,0,2,7,4,1,4,8,0
7757,8,2,7,5,9,7,8,4,6,9,8
7758,1,7,6,2,0,8,0,9,5,6,5
7759,4,5,8,9,3,4,3,3,8,7,3
7760,1,7,6,2,0,8,0,9,5,6,5
7761,9,9,9,2,7,1,5,7,2,0,5
7762,7,1,0,3,4,6,1,5,7,3,4
7763,9,9,9,2,7,1,5,7,2,0,5
7764,1,7,6,2,0,8,0,9,5,6,5
7765,2,3,4,6,8,2,6,3,9,5,6
7766,7,1,0,3,4,6,1,5,7,3,4
7767,9,9,9,7,7,1,5,3,2,0,9
7768,5,5,2,1,6,5,7,2,3,4,7
7769,8,2,9,5,9,1,8,4,6,9,8
7770,8,2,9,5,9,1,8,4,6,9,8
7771,8,2,7,5,9,7,8,3,6,9,8
7772,6,5,2,7,1,5,9,2,3,2,9
7773,8,2,7,5,9,7,8,4,6,9,8
7774,0,4,7,0,2,7,4,4,6,8,0
7775,9,9,9,2,7,1,5,7,2,0,5
7776,6,1,2,7,1,5,9,2,3,2,9
7777,9,9,9,2,7,1,5,3,2,0,6
7778,7,1,0,3,4,6,1,5,7,3,4
7779,8,2,7,5,9,7,8,3,6,9,8
7780,6,9,2,7,1,5,9,2,3,2,9
7781,9,9,9,6,7,1,5,7,2,0,8
7782,6,5,2,7,1,5,9,2,3,2,9
7783,8,2,5,5,9,9,8,4,6,9,8
7784,7,1,0,3,4,6,1,5,7,3,4
7785,4,5,8,9,3,4,3,3,8,7,3
7786,3,6,1,8,5,3,2,6,0,1,1
7787,6,3,2,7,1,5,9,2,3,2,9
7788,1,7,6,2,0,8,0,9,5,6,5
7789,9,9,9,2,7,1,5,7,2,0,5
7790,4,5,8,9,3,4,3,0,8,7,3
7791,8,2,7,5,9,7,8,4,6,9,8
7792,6,5,2,7,1,5,9,2,3,2,9
7793,2,0,4,6,8,2,6,3,9,5,6
7794,2,3,4,6,8,2,6,8,9,5,6
7795,8,2,9,5,9,1,8,4,6,9,8
7796,6,5,2,7,1,5,9,2,3,2,9
7797,2,2,4,5,9,2,8,3,2,9,8
7798,0,4,7,0,2,7,4,4,6,8,0
7799,9,9,9,6,7,1,5,3,2,0,8
7800,7,1,0,3,4,6,1,5,7,3,4
7801,6,3,2,7,1,5,9,3,3,2,9
7802,8,2,7,5,9,7,8,3,6,9,8
7803,2,0,4,4,8,2,6,3,1,5,6
7804,5,8,3,1,6,0,7,1,4,4,7
7805,8,2,7,5,9,7,8,4,6,9,8
7806,1,7,6,2,0,8,0,9,5,6,5
7807,3,0,1,4,5,3,2,6,1,1,1
7808,8,2,7,5,9,7,8,4,6,9,8
7809,8,2,5,5,9,9,8,4,6,9,8
7810,2,3,4,6,8,2,6,8,9,5,6
7811,8,2,7,5,9,7,8,4,6,9,8
7812,8,2,7,5,9,7,8,4,6,9,8
7813,3,0,1,4,5,3,2,6,1,1,1
7814,2,3,4,6,8,2,6,8,9,5,6
7815,4,5,8,9,3,4,3,3,8,7,3
7816,7,1,0,3,4,6,1,5,7,3,4
7817,8,2,7,5,9,7,8,4,6,9,8
7818,6,5,2,7,1,5,9,2,3,2,9
7819,9,9,9,2,7,1,5,7,2,0,5
7820,0,4,7,0,2,7,4,1,4,8,0
7821,9,9,9,2,7,1,5,7,2,0,5
7822,0,4,3,0,2,0,4,1,4,8,0
7823,6,5,2,7,1,5,9,2,3,2,9
7824,7,1,0,3,4,6,1,5,7,3,4
7825,2,3,4,6,8,2,6,8,9,5,6
7826,0,4,7,0,2,7,4,1,4,8,0
7827,6,5,2,7,1,5,9,2,3,2,9
7828,1,7,6,2,0,8,0,9,5,6,5
7829,4,5,8,9,3,4,3,3,8,7,3
7830,3,0,1,4,5,3,2,3,1,1,1
7831,9,9,9,2,7,1,5,7,2,0,5
7832,1,7,6,2,0,8,0,9,5,6,5
7833,6,0,2,4,1,5,9,3,1,2,9
7834,1,7,6,2,0,8,0,9,5,6,5
7835,3,0,1,4,5,3,2,6,1,1,1
7836,9,9,6,2,7,8,5,9,2,0,5
7837,9,9,9,2,7,1,5,7,2,0,5
7838,1,7,6,2,0,8,0,9,5,6,5
7839,6,5,2,2,1,5,9,2,3,2,5
7840,2,3,4,6,8,2,6,8,9,5,6
7841,7,1,0,3,4,6,1,5,7,3,4
7842,2,3,4,6,8,2,6,8,9,5,6
7843,5,8,3,1,6,0,7,1,4,4,7
7844,2,3,4,6,8,2,6,8,9,5,6
7845,8,2,7,5,9,7,8,3,6,9,8
7846,3,6,1,8,5,3,2,6,0,1,1
7847,4,5,8,9,3,4,3,0,8,7,3
7848,2,3,4,6,8,2,6,8,9,5,6
7849,0,4,5,0,2,9,4,1,4,8,2
7850,1,7,6,2,0,8,0,9,5,6,5
7851,3,6,1,8,5,3,2,6,0,1,1
7852,0,4,5,0,2,9,4,9,5,8,2
7853,0,4,3,0,2,0,4,1,4,8,0
7854,0,4,3,0,2,0,4,1,4,8,0
7855,3,6,1,8,5,3,2,6,0,1,1
7856,7,1,0,3,4,6,1,5,7,3,4
7857,9,9,9,2,7,1,5,7,2,0,5
7858,3,0,1,4,5,3,2,6,1,1,1
7859,6,5,2,7,1,5,9,2,3,2,9
7860,1,7,6,2,0,8,0,9,5,6,5
7861,7,1,0,3,4,6,1,5,7,3,4
7862,7,1,0,3,4,6,1,5,7,3,4
7863,5,8,3,1,6,0,7,1,4,4,7
7864,5,8,3,1,6,0,7,1,4,4,7
7865,9,9,7,2,7,7,5,3,2,0,8
7866,0,4,7,0,2,7,4,4,6,8,2
7867,5,5,8,9,3,4,7,0,8,7,7
7868,4,5,8,9,3,4,3,0,8,7,3
7869,8,2,5,5,9,9,8,4,6,9,2
7870,1,7,6,2,0,8,0,9,5,6,5
7871,2,3,4,6,8,2,6,8,9,5,6
7872,2,3,4,6,8,2,6,8,9,5,6
7873,0,4,3,0,2,0,4,1,4,8,0
7874,3,6,1,8,5,3,2,6,0,1,1
7875,3,0,1,4,5,3,2,6,1,1,1
7876,1,7,6,2,0,8,0,9,5,6,5
7877,9,9,9,2,7,1,5,7,2,0,5
7878,7,1,0,3,4,6,1,8,7,3,4
7879,5,8,3,1,6,0,7,1,4,4,7
7880,4,5,8,9,3,4,3,0,8,7,3
7881,7,1,0,3,4,6,1,5,7,3,4
7882,3,0,1,4,5,3,2,6,1,1,1
7883,5,8,3,1,6,0,7,1,4,4,7
7884,2,1,4,2,8,2,6,3,7,5,6
7885,9,9,9,2,7,1,5,3,2,0,5
7886,7,1,0,3,4,6,1,5,7,3,4
7887,4,5,8,9,3,4,3,0,8,7,7
7888,7,1,0,3,4,6,1,5,7,3,4
7889,8,4,5,0,2,9,4,4,6,8,2
7890,0,4,3,0,2,0,4,1,4,8,0
7891,4,5,8,9,3,4,3,0,8,7,3
7892,3,6,1,8,5,3,2,6,0,1,1
7893,0,4,3,0,2,0,4,1,4,8,0
7894,3,6,1,8,5,3,2,6,0,1,1
7895,6,5,2,7,1,5,9,2,3,2,9
7896,1,7,6,2,0,8,0,9,5,6,5
7897,6,5,2,7,1,5,9,2,3,2,9
7898,1,7,6,2,0,8,0,9,5,6,5
7899,0,4,5,0,2,9,4,4,6,8,2
7900,7,1,0,3,4,6,1,5,7,3,4
7901,4,5,8,9,3,4,3,0,8,7,3
7902,7,1,0,3,4,6,1,5,7,3,4
7903,5,8,3,1,6,0,7,1,4,4,7
7904,5,8,3,1,6,0,7,1,4,4,7
7905,3,0,1,4,5,3,2,6,1,1,1
7906,0,4,5,0,2,9,4,4,6,8,2
7907,9,9,9,2,7,1,5,3,2,0,8
7908,7,1,0,3,4,6,1,5,7,3,4
7909,4,5,8,9,3,4,3,0,8,7,8
7910,1,7,9,2,0,1,0,7,5,6,5
7911,3,6,1,8,5,3,2,6,0,1,1
7912,9,9,9,2,7,1,5,7,2,0,5
7913,8,4,5,0,2,9,4,4,6,8,2
7914,5,8,3,1,6,0,7,1,4,4,7
7915,7,1,0,3,4,6,1,8,4,3,4
7916,6,5,2,7,1,5,9,2,3,2,9
7917,9,9,9,2,7,1,5,7,2,0,5
7918,2,3,4,6,8,2,6,8,9,5,6
7919,5,8,3,1,6,0,7,1,4,4,7
7920,6,1,4,7,8,2,6,2,3,5,6
7921,1,7,6,2,0,8,0,9,5,6,5
7922,1,7,6,2,0,8,0,9,5,6,5
7923,2,0,4,4,8,2,6,3,1,5,8
7924,5,8,3,1,6,0,7,1,4,4,7
7925,3,6,1,8,5,3,2,6,0,1,1
7926,4,0,8,9,3,4,3,0,8,7,3
7927,9,9,9,2,7,1,5,3,2,0,5
7928,2,3,4,6,8,2,6,8,9,5,6
7929,6,5,2,7,1,5,9,2,3,2,9
7930,3,6,1,8,5,3,2,6,0,1,1
7931,8,2,5,5,9,9,8,4,6,9,2
7932,3,6,1,8,5,3,2,6,0,1,1
7933,5,8,3,1,6,0,7,1,4,4,7
7934,3,6,1,8,5,3,2,6,0,1,1
7935,7,1,0,3,4,6,1,5,7,3,4
7936,8,2,7,5,9,7,8,4,6,9,8
7937,4,5,8,9,3,4,3,0,8,7,3
7938,1,7,6,2,0,8,0,9,5,6,5
7939,6,5,2,7,1,5,9,2,3,2,9
7940,8,4,5,0,2,9,4,4,6,8,2
7941,9,9,9,2,7,1,5,7,2,0,5
7942,6,5,2,7,1,5,9,2,3,2,9
7943,0,4,5,0,2,9,4,4,6,8,2
7944,4,0,8,4,3,4,3,3,1,7,3
7945,8,2,5,5,9,9,8,4,6,9,2
7946,5,8,3,1,6,0,7,1,4,4,7
7947,8,2,7,5,9,7,8,4,6,9,8
7948,7,1,0,3,4,6,1,5,7,3,4
7949,5,8,3,1,6,0,7,1,4,4,7
7950,0,4,3,0,2,0,4,1,4,8,2
7951,9,9,9,2,7,1,5,7,2,0,5
7952,5,8,3,1,6,0,7,1,4,4,7
7953,6,5,2,7,1,5,9,2,3,2,9
7954,2,0,4,4,8,2,6,3,1,5,8
7955,8,2,7,5,9,7,8,4,6,9,8
7956,7,1,0,3,4,6,1,8,7,3,0
7957,4,5,8,9,3,4,3,0,8,7,3
7958,5,8,3,1,6,0,7,1,4,4,7
7959,8,2,5,5,9,9,8,4,6,9,2
7960,6,3,2,7,1,5,9,2,3,2,9
7961,8,2,5,5,9,9,8,4,6,9,8
7962,4,5,8,9,3,4,3,0,8,7,3
7963,9,9,9,2,7,1,5,3,2,0,5
7964,2,3,4,6,8,2,6,8,9,5,6
7965,5,8,3,1,6,0,7,1,4,4,7
7966,7,1,0,3,4,6,1,5,7,3,4
7967,9,9,9,2,7,1,5,3,2,0,5
7968,1,7,6,2,0,8,0,3,5,6,5
7969,3,6,1,8,5,3,2,6,0,1,1
7970,4,5,8,9,3,4,3,0,8,7,3
7971,9,9,9,2,7,1,5,7,2,0,5
7972,1,7,6,2,0,8,0,9,5,6,5
7973,9,9,9,2,7,1,5,7,2,0,5
7974,5,8,3,1,6,0,7,1,4,4,0
7975,0,4,7,0,2,7,4,4,6,8,0
7976,7,1,3,3,4,0,1,1,4,3,4
7977,5,8,3,1,6,0,7,1,4,4,7
7978,3,6,1,8,5,3,2,6,0,1,1
7979,8,0,4,4,9,2,8,8,1,9,8
7980,7,1,0,3,4,6,1,5,7,3,4
7981,3,0,1,4,5,3,2,6,1,1,1
7982,7,1,0,3,4,6,1,5,7,3,4
7983,6,5,2,7,1,5,9,2,3,2,9
7984,0,8,3,0,2,0,4,1,4,8,0
7985,3,0,1,4,5,3,2,6,1,1,1
7986,6,5,2,7,1,5,9,2,3,2,9
7987,7,1,0,3,4,6,1,5,7,3,4
7988,2,3,4,6,8,2,6,8,9,5,6
7989,2,3,4,6,8,2,6,3,9,5,6
7990,5,5,8,1,6,4,7,0,8,4,7
7991,4,5,8,9,3,4,3,0,8,7,3
7992,8,2,5,5,9,9,8,4,6,9,2
7993,9,9,9,2,7,1,5,7,2,0,5
7994,0,4,6,0,2,8,4,9,5,8,0
7995,4,5,8,9,3,4,3,3,8,7,3
7996,9,9,9,2,7,1,5,7,2,0,5
7997,4,5,8,9,3,4,3,0,8,7,3
7998,7,1,0,3,4,6,1,5,7,3,4
7999,5,8,3,1,6,0,7,1,4,4,7
8000,3,0,1,4,5,3,2,6,1,1,1
8001,4,5,8,9,3,4,3,0,8,7,3
8002,6,5,2,7,1,5,9,2,3,2,9
8003,3,6,1,8,5,3,2,6,0,1,1
8004,4,5,8,9,3,4,3,0,8,7,3
8005,5,8,3,1,6,0,7,1,4,4,7
8006,5,8,3,1,6,0,7,1,4,4,7
8007,6,5,2,7,1,5,9,2,3,2,9
8008,2,3,4,6,8,2,6,8,9,5,6
8009,3,0,1,4,5,3,2,6,1,1,1
8010,7,1,0,3,4,6,1,5,7,3,4
8011,5,8,3,1,6,0,7,1,4,4,7
8012,1,7,6,2,0,8,0,9,5,6,5
8013,6,5,2,7,1,5,9,2,3,2,9
8014,7,1,0,3,4,6,1,5,7,3,4
8015,8,4,7,0,2,7,4,4,6,8,0
8016,3,6,1,8,5,3,2,6,0,1,1
8017,6,3,4,6,1,2,6,8,9,5,6
8018,7,1,0,3,4,6,1,5,7,3,4
8019,3,6,1,8,5,3,2,6,0,1,1
8020,8,2,5,5,9,9,8,4,6,9,8
8021,3,0,1,4,5,3,2,6,1,1,1
8022,7,1,0,3,4,6,1,5,7,3,4
8023,9,9,9,2,7,1,5,7,2,0,5
8024,6,5,2,7,1,5,9,2,3,2,9
8025,5,5,3,1,6,0,7,1,4,4,7
8026,5,8,3,1,6,0,7,1,4,4,0
8027,9,9,9,2,7,1,5,3,2,0,5
8028,7,1,0,3,4,6,1,5,7,3,4
8029,4,5,8,9,3,4,3,0,8,7,3
8030,0,4,7,0,2,7,4,1,4,8,0
8031,4,5,8,9,3,4,3,3,8,7,3
8032,1,7,6,2,0,8,0,9,5,6,5
8033,4,5,8,9,3,4,3,0,8,7,8
8034,4,7,6,9,0,8,0,9,5,6,3
8035,0,4,3,0,2,0,4,1,4,8,0
8036,0,4,3,0,2,0,4,1,4,8,0
8037,8,2,7,5,9,7,8,4,6,9,8
8038,9,9,9,2,7,1,5,7,2,0,5
8039,2,3,4,6,8,2,6,8,9,5,6
8040,1,7,6,2,0,8,0,9,5,6,5
8041,0,4,7,0,2,7,4,1,4,8,0
8042,4,5,8,9,3,4,3,0,8,7,3
8043,6,5,2,7,1,5,9,2,3,2,9
8044,0,4,5,0,2,9,4,4,6,8,2
8045,4,5,7,9,3,4,3,3,8,7,3
8046,4,0,8,4,3,4,3,5,1,7,3
8047,5,2,7,5,9,7,7,3,6,9,8
8048,7,1,0,3,4,6,1,5,7,3,4
8049,8,2,5,5,9,9,8,4,6,9,2
8050,3,6,1,8,5,3,2,6,0,1,1
8051,1,7,6,2,0,8,0,9,5,6,5
8052,2,3,4,2,8,2,6,8,9,5,6
8053,9,9,9,2,7,1,5,7,2,0,5
8054,7,1,0,3,4,6,1,5,7,3,4
8055,2,3,4,6,8,2,6,8,9,5,6
8056,7,1,0,3,4,6,1,5,7,3,4
8057,4,5,8,9,3,4,3,0,8,7,3
8058,6,5,2,7,1,5,9,2,3,2,9
8059,5,8,3,1,6,0,7,1,4,4,7
8060,5,8,3,1,6,0,7,1,4,4,7
8061,5,8,3,1,6,0,7,1,4,4,7
8062,0,4,6,0,2,8,4,1,4,8,0
8063,9,9,9,2,7,1,5,7,2,0,5
8064,4,5,8,9,3,4,3,0,8,7,3
8065,7,3,0,3,4,6,1,8,7,3,4
8066,0,4,7,0,2,7,4,1,4,8,0
8067,2,3,4,6,8,2,6,8,9,5,6
8068,8,2,5,5,9,9,8,4,6,9,2
8069,8,4,5,0,9,9,8,4,6,9,2
8070,9,9,9,2,7,1,5,7,2,0,5
8071,4,5,8,9,3,4,3,0,8,7,3
8072,4,5,8,9,3,4,3,0,8,7,3
8073,0,4,3,0,2,0,4,1,4,8,0
8074,4,5,8,9,3,4,3,0,8,7,7
8075,2,3,4,6,8,2,6,8,9,5,6
8076,4,5,8,9,3,4,3,3,8,7,3
8077,2,3,4,6,8,2,6,8,9,5,6
8078,6,5,2,7,1,5,9,2,3,2,9
8079,8,2,5,5,9,9,8,4,6,9,8
8080,1,7,6,2,0,8,0,9,5,6,5
8081,5,4,7,1,6,7,7,4,6,4,7
8082,6,5,2,7,1,5,9,2,3,2,9
8083,9,9,9,2,7,1,5,7,2,0,5
8084,0,4,3,0,2,0,4,1,4,8,2
8085,5,8,3,1,6,0,7,1,4,4,7
8086,0,4,3,0,2,0,4,1,4,8,0
8087,9,9,9,2,7,1,5,7,2,0,5
8088,3,6,1,8,5,3,2,6,0,1,1
8089,3,0,1,4,5,3,2,6,1,1,1
8090,0,4,5,0,2,9,4,4,6,8,0
8091,4,5,8,9,3,4,3,0,8,7,7
8092,1,7,6,2,0,8,0,9,5,6,5
8093,3,6,1,8,5,3,2,6,0,1,1
8094,7,1,0,3,4,6,1,5,7,3,4
8095,9,9,9,2,7,1,5,7,2,0,5
8096,3,6,1,8,5,3,2,6,0,1,1
8097,9,9,9,7,7,1,5,7,2,0,9
8098,3,0,1,4,5,3,2,6,1,1,1
8099,2,3,4,6,8,2,6,8,9,5,6
8100,4,5,8,9,3,4,3,0,8,7,3
8101,8,2,7,5,9,7,8,4,6,9,0
8102,6,5,2,7,1,5,9,2,3,2,9
8103,2,3,4,6,8,2,6,8,9,5,6
8104,8,2,5,5,9,9,8,4,6,9,8
8105,4,5,8,9,3,4,3,3,8,7,3
8106,1,7,6,2,0,8,0,9,5,6,5
8107,8,2,5,5,9,9,8,4,6,9,8
8108,3,6,1,8,5,3,2,6,0,1,1
8109,9,9,9,2,7,1,5,7,2,0,5
8110,2,3,4,6,8,2,6,8,9,5,6
8111,0,4,7,0,2,7,4,4,6,8,0
8112,9,9,9,2,7,1,5,7,2,0,5
8113,3,6,1,8,5,3,2,6,0,1,1
8114,0,4,3,0,2,0,4,1,4,8,0
8115,6,1,2,7,1,5,9,2,3,2,9
8116,7,1,0,3,4,6,1,5,7,3,4
8117,8,2,7,5,9,7,8,4,6,9,8
8118,2,1,4,6,8,2,6,5,7,5,6
8119,9,2,9,2,9,1,8,3,2,9,8
8120,0,4,3,0,2,0,4,1,4,8,0
8121,4,5,8,9,3,4,3,3,8,7,3
8122,8,2,4,5,9,2,8,3,6,9,8
8123,8,2,5,5,9,9,8,4,6,9,8
8124,1,7,6,2,0,8,0,9,5,6,5
8125,2,3,4,2,8,2,6,7,9,5,5
8126,5,8,3,1,6,0,7,1,4,4,0
8127,8,2,7,5,9,7,8,4,6,9,8
8128,7,1,0,3,4,6,1,5,7,3,4
8129,3,6,1,8,5,3,2,6,0,1,1
8130,1,7,6,2,0,8,0,9,5,6,5
8131,9,9,9,2,7,1,5,7,2,0,5
8132,2,3,4,6,8,2,6,8,9,5,6
8133,6,5,2,7,1,5,9,2,3,2,9
8134,7,6,0,8,4,6,1,5,0,3,4
8135,6,9,2,7,1,5,9,3,3,2,9
8136,2,3,4,6,8,2,6,8,9,5,6
8137,8,2,5,5,9,9,8,4,6,9,8
8138,0,4,5,0,2,9,4,1,4,8,2
8139,2,3,4,6,8,2,6,3,9,5,6
8140,4,5,8,9,3,4,3,0,8,7,7
8141,8,2,7,5,9,7,8,4,6,9,8
8142,0,4,3,0,2,0,4,1,4,8,0
8143,0,4,5,0,2,9,4,4,6,8,2
8144,0,4,6,0,2,8,4,9,5,8,0
8145,4,5,8,9,3,4,3,0,8,7,3
8146,4,5,8,9,3,4,3,0,8,7,3
8147,4,5,8,9,3,4,3,3,8,7,3
8148,7,1,0,3,4,6,1,5,7,3,4
8149,4,5,7,9,3,7,3,4,8,7,3
8150,4,5,8,9,3,4,3,3,8,7,3
8151,4,5,8,9,3,4,3,3,8,7,3
8152,6,5,5,7,1,9,9,2,3,2,9
8153,4,5,8,9,3,4,3,3,8,7,3
8154,6,5,2,7,1,5,9,2,3,2,9
8155,0,4,3,0,2,0,4,1,4,8,0
8156,1,7,6,2,0,8,0,9,5,6,5
8157,3,6,1,8,5,3,2,6,0,1,1
8158,3,6,1,8,5,3,2,6,0,1,1
8159,2,0,4,4,8,2,6,6,1,5,6
8160,1,7,6,2,0,8,0,9,5,6,5
8161,9,9,9,2,7,1,5,7,2,0,5
8162,1,7,6,2,0,8,0,9,5,6,5
8163,2,3,4,6,8,2,6,8,9,5,6
8164,7,1,0,3,4,6,1,5,7,3,4
8165,0,4,7,0,2,7,4,4,6,8,0
8166,1,7,6,2,0,8,0,9,5,6,5
8167,8,2,5,5,9,9,8,4,6,9,8
8168,1,7,6,2,0,8,0,9,5,6,5
8169,2,3,4,6,8,2,6,3,9,5,6
8170,0,4,5,0,2,9,4,1,4,8,2
8171,2,3,4,6,8,2,6,8,9,5,6
8172,3,0,1,4,5,3,2,6,1,1,1
8173,2,3,4,6,8,2,6,8,9,5,6
8174,0,4,7,0,2,7,4,1,4,8,0
8175,2,3,4,6,8,2,6,8,9,5,6
8176,1,7,6,2,0,8,0,9,5,6,5
8177,9,9,9,2,7,1,5,7,2,0,5
8178,5,8,3,1,6,0,7,1,4,4,7
8179,8,2,7,5,9,7,8,4,6,9,8
8180,1,7,6,2,0,8,0,9,5,6,5
8181,9,9,9,2,7,1,5,3,2,0,8
8182,0,4,5,0,2,9,4,4,6,8,2
8183,9,9,9,2,7,1,5,7,2,0,5
8184,7,1,0,3,4,6,1,5,7,3,4
8185,9,9,9,2,7,1,5,7,2,0,5
8186,0,8,3,0,2,0,4,1,4,8,2
8187,3,0,1,4,5,3,2,3,1,1,1
8188,9,9,9,7,7,1,5,3,2,0,9
8189,9,9,9,2,7,1,5,7,2,0,5
8190,2,3,4,6,8,2,6,8,9,5,3
8191,4,5,8,9,3,4,3,3,8,7,3
8192,7,1,0,3,4,6,1,5,7,3,4
8193,3,0,1,4,5,3,2,6,1,1,1
8194,1,7,6,2,0,8,0,9,5,6,5
8195,2,3,4,6,8,2,6,8,9,5,6
8196,1,7,6,2,0,8,0,9,5,6,5
8197,2,3,4,6,8,2,6,8,9,5,5
8198,8,2,5,5,9,9,8,4,6,9,2
8199,8,2,7,5,9,7,8,4,6,9,8
8200,5,8,3,1,6,0,7,1,4,4,7
8201,6,5,2,7,1,5,9,2,3,2,9
8202,0,4,6,0,2,8,4,9,5,8,0
8203,9,9,9,2,7,1,5,7,2,0,5
8204,6,5,2,7,1,5,9,2,3,2,9
8205,8,2,5,5,9,9,8,4,6,9,8
8206,4,5,8,9,3,4,3,0,8,7,3
8207,8,2,7,5,9,7,8,4,6,9,8
8208,0,4,7,0,2,7,4,1,4,8,0
8209,9,9,9,2,7,1,5,3,2,0,5
8210,7,1,0,3,4,6,1,5,7,3,4
8211,6,5,2,7,1,5,9,2,3,2,9
8212,6,5,2,7,1,5,9,2,3,2,9
8213,2,3,4,6,8,2,6,3,2,5,6
8214,0,8,3,1,6,0,4,1,4,4,0
8215,8,2,7,5,9,7,8,4,6,9,8
8216,5,8,3,1,6,0,7,1,4,4,7
8217,8,2,5,5,9,9,8,4,6,9,8
8218,1,7,6,2,0,8,0,9,5,6,5
8219,9,9,9,2,7,1,5,7,2,0,5
8220,8,2,7,5,9,7,8,4,6,9,8
8221,6,9,2,7,1,5,9,3,3,2,9
8222,1,7,6,2,0,8,0,9,5,6,5
8223,2,0,4,4,8,2,6,3,1,5,6
8224,5,5,8,9,3,4,3,0,8,7,7
8225,4,5,8,9,3,4,3,0,8,7,3
8226,7,1,0,3,4,6,1,5,7,3,4
8227,2,3,4,6,8,2,6,3,9,5,6
8228,5,8,3,1,6,0,7,1,4,4,7
8229,6,5,2,7,1,5,9,2,3,2,9
8230,7,1,0,3,4,6,1,5,7,3,4
8231,8,2,7,5,9,7,8,4,6,9,8
8232,8,2,5,5,9,9,8,4,6,9,2
8233,3,6,1,8,5,3,2,6,0,1,1
8234,7,1,0,3,4,6,1,5,7,3,4
8235,8,2,7,5,9,7,8,4,6,9,8
8236,7,1,0,3,4,6,1,5,7,3,4
8237,8,2,5,5,9,9,8,4,6,9,8
8238,0,4,3,0,2,0,4,1,4,8,0
8239,8,2,7,5,9,7,8,3,2,9,8
8240,5,8,3,1,6,0,7,1,4,4,7
8241,2,0,4,4,8,2,6,3,1,5,6
8242,1,3,6,2,0,8,0,9,5,6,5
8243,8,2,7,5,9,7,8,4,6,9,8
8244,0,4,3,0,2,0,4,1,4,8,0
8245,2,7,4,2,8,2,6,3,5,5,5
8246,7,1,0,3,4,6,1,5,7,3,4
8247,3,0,1,4,5,3,2,3,1,1,1
8248,9,9,9,5,7,1,5,7,2,0,8
8249,3,6,1,4,5,3,2,6,1,1,1
8250,3,6,1,8,5,3,2,6,0,1,1
8251,6,5,2,7,1,5,9,2,3,2,9
8252,0,4,7,0,2,7,4,4,6,8,0
8253,3,6,1,8,5,3,2,6,0,1,1
8254,1,7,6,2,0,8,0,9,5,6,5
8255,9,9,9,2,7,1,5,7,2,0,5
8256,8,2,5,5,9,9,8,4,6,9,8
8257,6,5,2,7,1,5,9,2,3,2,9
8258,9,9,9,2,7,1,5,7,2,0,5
8259,7,1,0,3,4,6,1,5,7,3,4
8260,2,3,4,6,8,2,6,8,9,5,6
8261,8,2,7,5,9,7,8,4,6,9,8
8262,2,3,4,6,8,2,6,3,9,5,6
8263,9,9,9,2,7,1,5,3,2,0,5
8264,7,1,0,3,4,6,1,5,7,3,4
8265,4,0,1,4,3,3,3,3,1,7,3
8266,5,8,3,1,6,0,7,1,4,4,7
8267,8,2,5,5,9,9,8,4,6,9,8
8268,5,8,3,1,6,0,7,1,4,4,7
8269,2,3,4,6,8,2,6,8,9,5,6
8270,4,5,7,9,3,7,3,0,8,7,8
8271,8,2,7,5,9,7,8,4,6,9,8
8272,3,0,1,4,5,3,2,6,1,1,1
8273,3,0,1,4,5,3,2,6,1,1,1
8274,3,6,1,8,5,3,2,6,0,1,1
8275,9,9,9,2,7,1,5,7,2,0,5
8276,5,8,3,1,6,0,7,1,4,4,7
8277,6,5,2,7,1,5,9,2,3,2,9
8278,5,8,3,1,6,0,7,1,4,4,7
8279,6,3,4,7,1,2,9,2,3,2,6
8280,0,4,3,0,2,0,4,1,4,8,2
8281,8,2,7,5,9,7,8,4,6,9,8
8282,4,5,8,9,3,4,3,0,8,7,7
8283,9,9,9,5,7,1,5,7,2,0,8
8284,7,1,0,3,4,6,1,5,7,3,4
8285,2,3,4,6,8,2,6,8,9,5,6
8286,8,2,5,5,9,9,8,4,6,9,8
8287,9,2,9,5,7,1,5,7,2,0,8
8288,3,6,1,8,5,3,2,6,0,1,1
8289,3,0,1,4,5,3,2,6,1,1,1
8290,4,5,8,9,3,4,3,0,8,7,3
8291,9,9,9,2,7,1,5,7,2,0,5
8292,6,5,2,7,1,5,9,2,3,2,9
8293,6,5,2,7,1,5,9,2,3,2,7
8294,3,6,1,8,5,3,2,6,0,1,1
8295,2,3,4,6,8,2,6,3,9,5,6
8296,1,7,6,2,0,8,0,9,5,6,5
8297,9,9,9,6,7,1,5,7,2,0,8
8298,0,4,3,0,2,0,4,1,4,8,0
8299,2,3,4,6,8,2,6,3,9,5,6
8300,8,2,7,5,9,7,8,3,6,9,8
8301,8,2,7,5,9,2,8,3,9,9,8
8302,8,2,5,5,9,9,8,4,6,9,2
8303,2,3,4,6,8,2,6,8,9,5,6
8304,3,6,1,8,5,3,2,6,0,1,1
8305,4,5,8,9,3,4,3,0,8,7,3
8306,5,3,3,6,6,0,7,8,9,4,7
8307,9,9,9,2,7,1,5,7,2,0,5
8308,5,8,3,1,6,0,7,1,4,4,7
8309,3,0,1,4,5,3,2,3,1,1,1
8310,2,3,4,6,8,2,6,8,9,5,6
8311,4,5,8,9,3,4,3,3,8,7,3
8312,4,5,8,9,3,4,3,0,8,7,3
8313,2,3,4,6,8,2,6,8,9,5,8
8314,5,8,3,1,6,0,7,1,4,4,7
8315,8,2,7,5,9,7,8,4,6,9,8
8316,0,4,3,0,2,0,4,1,4,8,0
8317,8,2,7,5,9,7,8,4,6,9,8
8318,5,8,3,1,6,0,7,1,4,4,7
8319,9,9,9,2,7,1,5,7,2,0,5
8320,7,1,0,3,4,6,1,5,7,3,4
8321,8,2,7,5,9,7,8,4,6,9,8
8322,0,4,7,0,2,7,4,1,4,8,0
8323,3,0,1,4,5,3,2,6,1,1,1
8324,7,1,0,3,4,6,1,5,7,3,4
8325,8,2,7,5,9,7,8,3,2,9,8
8326,5,5,8,9,3,4,7,0,8,7,7
8327,6,5,2,7,1,5,9,8,3,2,9
8328,4,5,8,9,3,4,3,0,8,7,3
8329,8,2,7,5,9,7,8,4,6,9,8
8330,1,7,6,2,0,8,0,9,5,6,5
8331,9,9,9,2,7,1,5,7,2,0,5
8332,1,7,6,2,0,8,0,9,5,6,5
8333,8,2,7,5,9,7,8,4,6,9,8
8334,6,5,2,7,1,5,9,2,3,2,9
8335,3,0,1,4,5,3,2,6,1,1,1
8336,4,5,8,9,3,4,3,3,8,7,3
8337,9,9,9,2,7,1,5,9,2,0,5
8338,7,1,0,3,4,6,1,5,7,3,4
8339,9,9,9,2,7,1,5,7,2,0,5
8340,2,3,4,6,8,2,6,8,9,5,6
8341,8,2,7,5,9,7,8,4,6,9,8
8342,6,5,2,7,1,5,9,2,3,2,9
8343,3,0,1,4,5,3,2,3,1,1,1
8344,5,8,3,1,6,0,7,1,4,4,0
8345,8,2,5,5,9,9,8,4,6,9,8
8346,5,8,3,1,6,0,7,1,4,4,7
8347,3,0,1,4,5,3,2,6,1,1,1
8348,1,7,6,2,0,8,0,9,5,6,5
8349,2,0,4,4,8,2,6,3,1,5,6
8350,7,1,0,3,4,6,1,5,7,3,4
8351,9,9,9,2,7,1,5,7,2,0,5
8352,4,5,8,9,3,4,3,0,8,7,3
8353,8,2,5,5,9,9,8,4,6,9,8
8354,3,6,1,8,5,3,2,6,0,1,1
8355,3,0,1,4,5,3,2,3,1,1,1
8356,5,8,3,1,6,0,7,1,4,4,7
8357,4,0,8,4,3,4,3,3,1,7,3
8358,5,8,3,1,6,0,7,1,4,4,7
8359,2,3,4,6,8,2,6,8,9,5,6
8360,7,1,0,3,4,6,1,5,7,3,4
8361,8,2,5,5,9,9,8,4,6,9,8
8362,8,2,5,5,9,9,8,4,6,9,2
8363,8,2,7,5,9,7,8,4,6,9,8
8364,0,4,5,0,2,9,4,1,4,8,2
8365,2,3,4,6,8,2,6,8,9,5,6
8366,1,7,6,2,0,8,0,9,5,6,5
8367,4,5,8,9,3,4,3,3,8,7,3
8368,3,0,1,4,5,3,2,3,1,1,1
8369,3,0,1,4,5,3,2,6,1,1,1
8370,8,2,7,5,9,7,8,4,6,9,8
8371,2,3,4,6,8,2,6,8,9,5,6
8372,9,9,9,2,7,1,5,7,2,0,5
8373,9,9,9,2,7,1,5,7,2,0,5
8374,6,5,2,7,1,5,9,2,3,2,9
8375,8,2,5,5,9,9,8,4,6,9,8
8376,5,5,8,1,6,4,7,0,8,4,7
8377,8,2,7,5,9,7,8,4,6,9,8
8378,7,1,0,3,4,6,1,5,7,3,4
8379,9,9,9,2,7,1,5,7,2,0,5
8380,5,8,3,1,6,0,7,1,4,4,7
8381,2,3,4,7,8,2,6,2,3,5,6
8382,1,7,6,2,0,8,0,9,5,6,5
8383,9,9,9,2,7,1,5,7,2,0,5
8384,4,5,8,9,3,4,3,3,8,7,3
8385,6,0,2,4,1,5,9,3,1,2,9
8386,5,8,3,1,6,0,7,8,4,4,7
8387,4,0,8,4,3,4,3,3,1,7,3
8388,9,9,9,2,7,1,5,7,2,0,5
8389,8,2,5,5,9,9,8,4,6,9,8
8390,7,1,5,3,4,9,1,5,7,3,4
8391,2,3,4,6,8,2,6,8,9,5,6
8392,2,3,4,6,8,2,6,8,9,5,6
8393,8,2,7,5,9,7,8,4,6,9,8
8394,1,7,6,2,0,8,0,9,5,6,5
8395,7,1,0,3,4,6,1,5,7,3,4
8396,5,8,3,1,6,0,7,1,4,4,2
8397,2,3,4,6,8,2,6,8,9,5,6
8398,4,5,8,9,3,4,3,0,8,7,3
8399,8,2,7,5,9,7,8,4,6,9,8
8400,0,4,7,0,2,7,4,4,6,8,0
8401,8,2,5,5,9,9,8,4,6,9,8
8402,1,7,6,2,0,8,0,9,5,6,5
8403,6,5,2,7,1,5,9,2,3,2,9
8404,0,4,7,0,2,7,4,1,4,8,0
8405,6,5,2,7,1,5,9,3,3,2,9
8406,7,1,0,3,4,6,1,5,7,3,4
8407,4,5,8,9,3,4,3,0,8,7,3
8408,0,4,3,0,2,0,4,1,4,8,0
8409,8,2,7,5,9,7,8,4,6,9,8
8410,1,7,6,2,0,8,0,3,5,6,5
8411,6,5,2,7,1,5,9,2,3,2,9
8412,0,4,7,0,2,7,4,4,6,8,0
8413,6,5,2,7,1,5,9,2,3,2,9
8414,7,1,0,3,4,6,1,5,7,3,4
8415,9,9,7,5,7,7,5,7,2,0,8
8416,0,4,7,0,2,7,4,4,6,8,0
8417,3,5,1,9,5,3,2,0,8,1,1
8418,9,9,9,2,7,1,5,7,2,0,5
8419,9,9,9,2,7,1,5,3,2,0,8
8420,4,5,8,9,3,4,3,0,8,7,3
8421,2,0,4,4,8,2,6,3,1,5,6
8422,1,7,6,2,0,8,0,9,5,6,5
8423,9,9,9,2,7,1,5,7,2,0,5
8424,5,8,3,1,6,0,7,1,4,4,7
8425,7,1,0,3,4,6,1,5,7,3,4
8426,7,1,0,3,4,6,1,5,7,3,4
8427,6,5,2,7,1,5,9,2,3,2,9
8428,1,7,6,2,0,8,0,9,5,6,5
8429,8,2,7,5,9,7,8,4,6,9,8
8430,9,9,9,2,7,1,5,7,2,0,5
8431,2,3,4,6,8,2,6,8,9,5,6
8432,2,3,4,6,8,2,6,8,9,5,6
8433,6,5,2,7,1,5,9,2,3,2,9
8434,2,3,4,6,8,2,6,8,9,5,6
8435,9,9,9,2,7,1,5,3,2,0,8
8436,0,4,5,0,2,9,4,1,4,8,2
8437,8,2,5,5,9,9,8,4,6,9,8
8438,0,4,7,0,2,7,4,4,6,8,0
8439,8,2,7,5,9,7,8,4,6,9,8
8440,5,8,3,1,6,0,7,1,4,4,7
8441,2,3,4,6,8,2,6,8,9,5,6
8442,5,8,3,1,6,0,7,1,4,4,7
8443,2,3,4,6,8,2,6,1,4,5,0
8444,0,4,3,0,2,0,4,1,4,8,0
8445,9,9,9,2,7,1,5,7,2,0,9
8446,1,5,6,2,0,8,0,9,5,6,5
8447,6,5,2,7,1,5,9,3,3,2,9
8448,5,8,3,1,6,0,7,1,4,4,0
8449,4,2,7,5,9,7,3,3,6,9,8
8450,1,7,6,2,0,8,0,9,5,6,5
8451,1,7,6,2,0,8,0,9,5,6,5
8452,1,7,6,2,0,8,0,9,5,6,5
8453,6,5,2,7,1,5,9,2,3,2,9
8454,4,5,8,9,3,4,3,0,8,7,3
8455,7,1,0,3,4,6,1,5,7,3,4
8456,1,7,6,2,0,8,0,9,5,6,5
8457,5,8,3,1,6,0,7,1,4,4,7
8458,1,7,6,9,0,8,0,9,5,6,3
8459,9,9,9,2,7,1,5,7,2,0,5
8460,6,5,2,7,1,5,9,2,3,2,9
8461,4,5,8,9,3,4,3,0,8,7,3
8462,5,5,8,9,3,4,7,0,8,7,7
8463,8,4,5,0,2,9,4,4,6,8,2
8464,1,7,6,2,0,8,0,9,5,6,5
8465,2,3,4,6,8,2,6,8,9,5,6
8466,5,8,3,1,6,0,7,1,4,4,7
8467,0,4,3,0,2,0,4,1,4,8,0
8468,0,4,3,0,2,0,4,1,4,8,0
8469,3,0,1,4,5,3,2,6,1,1,1
8470,9,9,9,2,7,1,5,7,2,0,5
8471,9,9,9,2,7,1,5,7,2,0,5
8472,3,6,1,8,5,3,2,6,0,1,1
8473,6,5,2,7,1,5,9,2,3,2,9
8474,6,5,2,7,1,5,9,2,3,2,9
8475,7,1,0,3,4,6,1,5,7,3,4
8476,0,4,5,0,2,9,4,4,6,8,2
8477,5,8,3,1,6,0,7,1,4,4,7
8478,4,5,8,9,3,4,3,0,8,7,3
8479,2,3,4,6,8,2,6,3,9,5,6
8480,9,9,9,7,7,1,5,7,2,0,9
8481,4,5,8,9,3,4,3,0,8,7,3
8482,2,3,4,6,8,2,6,8,9,5,6
8483,0,4,5,0,2,9,4,4,6,8,2
8484,0,4,3,0,2,0,4,1,4,8,0
8485,2,3,4,6,8,2,6,8,9,5,6
8486,1,7,6,2,0,8,0,9,5,6,5
8487,0,4,7,0,2,7,4,1,4,8,0
8488,3,0,1,4,5,3,2,6,1,1,1
8489,3,0,1,4,5,3,2,6,1,1,1
8490,6,5,2,7,1,5,9,2,3,2,9
8491,1,7,6,2,0,8,0,9,5,6,5
8492,0,4,7,0,2,7,4,4,6,8,0
8493,6,5,2,7,1,5,9,2,3,2,9
8494,7,1,0,3,4,6,1,5,7,3,4
8495,0,8,3,1,2,0,4,1,4,4,0
8496,2,3,4,6,8,2,6,8,9,5,6
8497,4,5,8,9,3,4,3,0,8,7,3
8498,7,1,0,3,4,6,1,5,7,3,4
8499,0,4,7,0,2,7,4,1,4,8,0
8500,4,5,8,9,3,4,3,0,8,7,3
8501,2,3,4,6,8,2,6,8,9,5,6
8502,0,4,5,0,2,9,4,1,4,8,2
8503,0,4,7,0,2,7,4,4,6,8,0
8504,0,4,7,0,2,7,4,4,6,8,0
8505,2,3,4,6,8,2,6,8,9,5,6
8506,1,7,6,2,0,8,0,9,5,6,5
8507,7,1,0,3,4,6,1,8,7,3,4
8508,5,8,3,1,6,0,7,1,4,4,7
8509,2,0,4,4,8,2,6,3,1,5,6
8510,0,4,3,1,2,0,4,1,4,8,0
8511,0,4,5,0,2,9,4,1,4,8,2
8512,9,9,9,2,7,1,5,7,2,0,5
8513,9,9,9,2,7,1,5,7,2,0,5
8514,8,4,5,0,9,9,8,4,6,9,2
8515,3,0,1,4,5,3,2,6,1,1,1
8516,5,8,3,1,6,0,7,1,4,4,7
8517,0,4,5,0,2,9,4,1,4,8,2
8518,0,4,7,0,2,7,4,1,4,8,0
8519,9,2,7,5,7,7,5,3,2,0,8
8520,7,1,0,3,4,6,1,5,7,3,4
8521,2,0,4,6,8,2,6,3,9,5,6
8522,7,1,0,3,4,6,1,5,7,3,4
8523,4,5,8,9,3,4,3,0,8,7,3
8524,7,1,0,3,4,6,1,5,7,3,4
8525,8,2,7,5,9,7,8,4,6,9,0
8526,4,5,8,9,3,4,3,0,8,7,3
8527,3,0,1,4,5,3,2,6,1,1,1
8528,7,7,6,3,4,8,1,9,5,3,4
8529,1,7,6,2,0,8,0,9,5,6,5
8530,1,7,6,2,0,8,0,9,5,6,5
8531,3,6,1,8,5,3,2,6,0,1,1
8532,4,5,8,9,3,4,3,0,8,7,3
8533,3,0,1,4,5,3,2,6,1,1,1
8534,5,8,3,1,6,0,7,1,4,4,7
8535,2,3,4,6,8,2,6,8,9,5,6
8536,2,3,4,6,8,2,6,8,9,5,6
8537,7,1,0,3,4,6,1,5,7,3,4
8538,1,7,6,2,0,8,0,9,5,6,5
8539,5,8,3,1,6,0,7,1,4,4,7
8540,2,3,4,6,8,2,6,8,9,5,6
8541,7,1,0,3,4,6,1,5,7,3,4
8542,1,7,6,2,0,8,0,9,5,6,5
8543,1,7,6,2,0,8,0,9,5,6,5
8544,7,1,0,3,4,6,1,5,7,3,4
8545,3,0,1,4,5,3,2,6,1,1,1
8546,4,5,8,9,3,4,3,0,8,7,3
8547,8,2,7,5,9,7,8,4,6,9,8
8548,7,1,0,3,4,6,1,5,7,3,4
8549,9,9,9,2,7,1,5,3,2,0,8
8550,1,7,6,2,0,8,0,9,5,6,5
8551,7,1,0,3,4,6,1,5,7,3,4
8552,4,5,8,9,3,4,3,0,8,7,3
8553,5,8,3,1,6,0,7,1,4,4,7
8554,7,1,0,3,4,6,1,5,7,3,4
8555,8,2,7,5,9,7,8,4,6,9,8
8556,8,2,7,5,9,7,8,4,6,9,8
8557,7,1,0,3,4,6,1,5,7,3,4
8558,8,2,7,5,9,7,8,4,6,9,8
8559,0,4,5,0,2,9,4,4,6,8,2
8560,0,4,3,0,2,0,4,1,4,8,0
8561,4,5,8,9,3,4,3,0,8,7,3
8562,8,2,5,5,9,9,8,4,6,9,8
8563,8,4,7,0,2,7,4,4,6,8,0
8564,6,5,2,7,1,5,9,2,3,2,9
8565,6,5,2,7,1,5,9,2,3,2,9
8566,0,4,5,0,2,9,4,1,4,8,2
8567,5,8,3,1,6,0,7,1,4,4,7
8568,7,1,0,3,4,6,1,5,7,3,4
8569,9,9,9,2,7,1,5,3,2,0,8
8570,5,8,3,1,6,0,7,1,4,4,7
8571,0,4,5,0,2,9,4,4,6,8,2
8572,0,4,5,0,2,9,4,1,4,8,2
8573,6,5,2,7,1,5,9,2,3,2,9
8574,1,7,6,2,0,8,0,9,5,6,5
8575,1,7,6,2,0,8,0,9,5,6,5
8576,8,2,5,5,9,9,8,4,6,9,2
8577,4,5,8,9,3,4,3,0,8,7,3
8578,1,7,6,2,0,8,0,9,5,6,5
8579,8,2,7,5,9,7,8,4,6,9,0
8580,5,8,3,1,6,0,7,1,4,4,7
8581,0,4,7,0,2,7,4,4,6,8,0
8582,7,1,0,3,4,6,1,5,7,3,4
8583,0,4,7,0,2,7,4,4,6,8,0
8584,7,1,0,3,4,6,1,5,7,3,4
8585,8,2,7,5,9,7,8,4,6,9,8
8586,5,6,2,1,6,5,7,2,0,4,7
8587,8,2,7,5,9,7,8,4,6,9,8
8588,9,9,9,2,7,1,5,7,2,0,5
8589,9,9,9,2,7,1,5,7,2,0,5
8590,4,5,8,9,3,4,3,0,8,7,3
8591,6,5,2,7,1,5,9,2,3,2,9
8592,0,4,3,0,2,0,4,1,4,8,0
8593,6,5,2,7,1,5,9,2,3,2,9
8594,0,4,3,0,2,0,4,1,4,8,0
8595,1,7,6,2,0,8,0,9,5,6,5
8596,5,8,3,1,6,0,7,1,4,4,7
8597,7,1,0,3,4,6,1,5,7,3,4
8598,6,5,2,7,1,5,9,2,3,2,9
8599,6,5,2,7,1,5,9,2,3,2,9
8600,1,7,7,2,0,7,0,9,5,6,5
8601,0,4,7,0,2,7,4,4,6,8,0
8602,1,7,6,2,0,8,0,9,5,6,5
8603,0,4,7,0,2,7,4,1,4,8,0
8604,0,4,7,0,2,7,4,4,6,8,0
8605,7,1,0,3,4,6,1,5,7,3,4
8606,7,1,0,3,4,6,1,5,7,3,4
8607,2,3,4,6,8,2,6,8,9,5,6
8608,5,8,3,1,6,0,7,1,4,4,7
8609,6,5,2,7,1,5,9,2,3,2,9
8610,1,7,6,2,0,8,0,9,5,6,5
8611,6,5,2,7,1,5,9,2,3,2,9
8612,3,6,1,8,5,3,2,6,0,1,1
8613,6,5,2,7,1,5,9,2,3,2,9
8614,7,5,0,3,4,6,1,2,7,3,4
8615,9,9,9,2,7,1,5,7,2,0,5
8616,0,4,5,0,2,9,4,4,6,8,2
8617,6,0,2,7,1,5,9,2,3,2,9
8618,2,3,4,6,8,2,6,8,9,5,6
8619,4,3,8,9,3,4,3,8,9,7,3
8620,0,4,3,0,2,0,4,1,4,8,0
8621,4,5,8,9,3,4,3,0,8,7,3
8622,0,4,7,0,2,7,4,4,6,8,0
8623,2,3,4,6,8,2,6,3,9,5,6
8624,0,8,3,1,6,0,7,1,4,4,0
8625,9,9,9,2,7,1,5,7,2,0,5
8626,0,4,7,0,2,7,4,1,4,8,0
8627,4,5,8,9,3,4,3,0,8,7,3
8628,5,5,8,9,3,4,7,0,8,7,7
8629,0,8,3,1,2,0,4,1,4,8,2
8630,0,4,3,0,2,0,4,1,4,8,0
8631,6,5,2,7,1,5,9,2,3,2,9
8632,6,1,2,7,1,5,9,2,3,2,9
8633,1,7,6,2,0,8,0,9,5,6,5
8634,0,8,3,1,6,0,7,1,4,4,0
8635,7,1,0,3,4,6,1,5,7,3,4
8636,4,7,6,9,3,8,3,3,5,7,3
8637,0,4,7,0,2,7,4,4,6,8,0
8638,5,5,2,1,6,5,7,2,3,4,7
8639,2,0,4,4,8,2,6,5,1,5,6
8640,7,9,0,3,4,6,1,7,7,3,4
8641,8,2,7,5,9,7,8,4,6,9,8
8642,2,3,4,6,8,2,6,8,9,5,6
8643,7,1,0,3,4,6,1,5,7,3,4
8644,5,8,3,1,6,0,7,1,4,4,7
8645,0,4,3,0,2,0,4,1,4,8,0
8646,7,1,0,3,4,6,1,5,7,3,4
8647,8,2,7,5,9,7,8,4,6,9,2
8648,1,7,6,2,0,8,0,9,5,6,5
8649,9,2,7,2,7,7,5,3,2,0,8
8650,5,8,3,1,6,0,7,1,4,4,7
8651,8,4,5,0,2,9,8,4,6,8,2
8652,1,7,6,2,0,8,0,9,5,6,5
8653,3,0,1,4,5,3,2,6,1,1,1
8654,0,4,3,0,2,0,4,1,4,8,0
8655,0,4,3,0,2,0,4,1,4,8,2
8656,7,1,0,3,4,6,1,5,7,3,4
8657,0,4,7,0,2,7,4,4,6,8,0
8658,4,5,8,9,3,4,3,0,8,7,3
8659,2,3,4,6,8,2,6,8,9,5,6
8660,1,7,6,2,0,8,0,9,5,6,5
8661,0,4,7,0,2,7,4,8,9,8,0
8662,2,3,4,6,8,2,6,8,9,5,6
8663,2,3,4,6,8,2,6,8,9,5,6
8664,9,9,9,2,7,1,5,7,2,0,5
8665,0,4,5,0,2,9,4,1,4,8,2
8666,2,3,4,6,8,2,6,8,9,5,6
8667,4,5,8,9,3,4,3,0,8,7,3
8668,7,1,0,3,4,6,1,5,7,3,4
8669,8,2,7,5,9,7,8,4,6,9,8
8670,6,9,2,7,1,5,9,2,3,2,9
8671,8,4,7,0,2,7,4,4,6,8,0
8672,7,1,0,3,4,6,1,5,7,3,4
8673,8,2,7,5,9,7,8,4,6,9,8
8674,5,8,3,1,6,0,7,1,4,4,7
8675,2,3,4,6,8,2,6,8,9,5,6
8676,5,8,3,1,6,0,7,1,4,4,7
8677,8,2,7,5,9,7,8,4,6,9,8
8678,1,7,6,2,0,8,0,9,5,6,5
8679,9,9,9,2,7,1,5,7,2,0,5
8680,3,6,1,8,5,3,2,6,0,1,1
8681,3,0,1,4,5,3,2,6,1,1,1
8682,3,0,1,4,5,3,2,6,1,1,1
8683,4,5,8,9,3,4,3,0,8,7,3
8684,7,1,0,3,4,6,1,5,7,3,4
8685,4,5,8,9,3,4,3,0,8,7,3
8686,7,1,0,3,4,6,1,8,7,3,4
8687,3,6,1,8,5,3,2,6,0,1,1
8688,5,5,8,9,3,4,7,0,8,7,7
8689,1,7,6,2,0,8,0,9,5,6,5
8690,6,9,2,7,1,5,9,2,3,2,9
8691,2,3,4,6,8,2,6,8,9,5,6
8692,4,5,8,9,3,4,3,0,8,7,3
8693,0,4,7,0,2,7,4,8,9,8,0
8694,2,3,4,6,8,2,6,8,9,5,6
8695,5,8,8,1,6,4,7,0,8,4,7
8696,5,8,3,1,6,0,7,1,4,4,7
8697,4,5,8,9,3,4,3,3,8,7,3
8698,0,4,7,0,2,7,4,1,4,8,0
8699,8,2,5,5,9,9,8,4,6,9,2
8700,4,1,8,9,3,4,3,5,7,7,3
8701,4,5,7,5,3,7,3,3,2,7,8
8702,5,8,3,1,6,0,7,1,4,4,7
8703,3,6,1,4,5,3,2,6,1,1,1
8704,1,7,6,2,0,8,0,9,5,6,5
8705,9,9,9,2,7,1,5,7,2,0,5
8706,0,4,7,0,2,7,4,4,6,8,0
8707,6,5,2,7,1,5,9,2,3,2,9
8708,1,7,6,2,0,8,0,9,5,6,5
8709,8,2,7,5,9,7,8,4,6,9,8
8710,7,1,0,3,4,6,1,5,7,3,4
8711,5,8,3,1,6,0,7,1,4,4,7
8712,4,1,8,9,3,4,3,5,7,7,3
8713,1,7,6,2,0,8,0,3,5,6,8
8714,7,1,0,3,4,6,1,5,7,3,4
8715,6,5,2,7,1,5,9,3,3,2,9
8716,7,1,0,3,4,6,1,5,7,3,4
8717,8,2,5,5,9,9,8,4,6,9,2
8718,8,2,5,5,9,9,8,4,6,9,2
8719,9,5,9,9,7,1,5,3,2,0,8
8720,4,5,8,9,3,4,3,0,8,7,3
8721,0,4,7,0,2,7,4,1,4,8,0
8722,2,3,4,6,8,2,6,8,9,5,6
8723,3,0,1,4,5,3,2,6,1,1,1
8724,7,1,0,3,4,6,1,5,7,3,4
8725,9,9,9,2,7,1,5,7,2,0,5
8726,1,7,6,9,0,8,0,3,5,6,3
8727,6,5,2,7,1,5,9,2,3,2,9
8728,2,1,4,3,4,2,6,5,7,5,6
8729,8,2,5,5,9,9,8,4,6,9,8
8730,1,7,6,2,0,8,0,9,5,6,5
8731,2,7,4,2,8,2,6,3,5,5,5
8732,7,1,0,3,4,6,1,9,7,3,4
8733,2,5,4,9,8,2,6,3,2,5,3
8734,8,2,7,5,9,7,8,3,6,9,8
8735,0,4,5,0,2,9,4,4,6,8,2
8736,7,1,3,3,4,0,1,1,4,3,4
8737,0,4,7,0,2,7,4,1,4,8,0
8738,1,7,6,2,0,8,0,9,5,6,5
8739,3,6,1,8,5,3,2,6,0,1,1
8740,6,9,2,7,1,5,9,2,3,2,9
8741,8,2,5,5,9,9,8,4,6,9,8
8742,6,5,2,7,1,5,9,2,3,2,9
8743,6,5,2,7,1,5,9,2,3,2,9
8744,7,1,0,3,4,6,1,5,7,3,4
8745,0,4,7,0,2,7,4,4,6,8,8
8746,2,3,4,6,8,2,6,8,9,5,6
8747,0,4,7,0,2,7,4,4,6,8,0
8748,2,3,4,6,8,2,6,8,9,5,6
8749,6,5,2,7,1,5,9,2,3,2,9
8750,5,8,3,1,6,0,7,1,4,4,7
8751,8,2,7,5,9,7,8,4,6,9,8
8752,6,5,2,7,1,5,9,2,3,2,9
8753,9,9,9,2,7,1,5,7,2,0,5
8754,3,6,1,8,5,3,2,6,0,1,1
8755,5,4,7,1,6,7,7,4,6,4,7
8756,7,1,0,3,4,6,1,5,7,3,4
8757,9,9,9,2,7,1,5,3,2,0,5
8758,0,4,5,0,2,9,4,4,6,8,2
8759,9,9,9,2,7,1,5,7,2,0,5
8760,9,9,9,2,7,1,5,7,2,0,5
8761,9,9,9,2,7,1,5,7,2,0,5
8762,7,1,0,3,4,6,1,5,7,3,4
8763,3,0,1,4,5,3,2,6,1,1,1
8764,2,3,4,6,8,2,6,8,9,5,6
8765,9,9,9,2,7,1,5,7,2,0,8
8766,2,3,4,6,8,2,6,3,9,5,6
8767,9,9,9,2,7,1,5,7,2,0,5
8768,5,8,3,1,6,0,7,1,4,4,7
8769,8,2,7,5,9,7,8,4,6,9,0
8770,4,5,8,9,3,4,3,0,8,7,3
8771,2,3,4,6,8,2,6,8,9,5,6
8772,8,2,7,5,9,7,8,4,6,9,8
8773,2,3,4,6,8,2,6,8,9,5,6
8774,4,5,8,9,3,4,3,0,8,7,3
8775,8,2,7,5,9,7,8,4,6,9,8
8776,0,4,7,0,2,7,4,1,4,8,0
8777,4,5,8,9,3,4,3,3,8,7,3
8778,1,7,6,2,0,8,0,9,5,6,5
8779,9,9,9,2,7,1,5,3,2,0,8
8780,7,1,0,3,4,6,1,5,7,3,4
8781,9,9,9,2,7,1,5,7,2,0,5
8782,2,3,4,6,8,2,6,8,9,5,6
8783,8,2,5,5,9,9,8,4,6,9,8
8784,6,5,2,7,1,5,9,2,3,2,9
8785,9,9,9,6,7,1,5,7,2,0,6
8786,1,7,6,2,0,8,0,9,5,6,5
8787,8,2,7,5,9,7,8,4,6,9,8
8788,3,6,1,8,5,3,2,6,0,1,1
8789,9,2,9,2,7,1,5,3,2,0,8
8790,1,7,6,2,0,8,0,9,5,6,5
8791,0,4,5,0,2,9,4,1,4,8,2
8792,4,0,8,9,3,4,3,0,8,7,3
8793,6,3,2,7,1,5,9,2,3,2,9
8794,2,3,4,6,8,2,6,8,9,5,6
8795,2,3,4,6,8,2,6,8,9,5,6
8796,0,4,3,0,2,0,4,1,4,8,0
8797,9,9,9,2,7,1,5,3,2,0,5
8798,8,2,5,5,9,9,8,4,6,9,8
8799,9,9,9,2,7,1,5,3,2,0,5
8800,7,1,0,3,4,6,1,5,7,3,4
8801,8,2,5,5,9,9,8,4,6,9,8
8802,0,4,7,0,2,7,4,4,6,8,0
8803,8,2,5,5,9,9,8,4,6,9,2
8804,0,4,5,0,2,9,4,1,4,8,2
8805,8,2,5,5,9,9,8,4,6,9,8
8806,9,9,9,2,7,1,5,7,2,0,5
8807,4,5,8,9,3,4,3,0,8,7,3
8808,7,1,0,3,4,6,1,5,7,3,4
8809,3,0,1,4,5,3,2,6,1,1,1
8810,5,8,3,2,6,0,7,1,4,4,5
8811,9,9,9,2,7,1,5,7,2,0,5
8812,3,6,1,8,5,3,2,6,0,1,1
8813,3,0,1,4,5,3,2,6,1,1,1
8814,4,3,8,9,3,4,3,3,8,7,3
8815,9,9,9,2,7,1,5,7,2,0,5
8816,9,9,9,2,7,1,5,3,2,0,5
8817,9,9,9,2,7,1,5,3,2,0,5
8818,2,3,4,6,4,2,6,8,9,5,6
8819,9,9,9,2,7,1,5,3,2,0,5
8820,4,5,8,9,3,4,3,0,8,7,3
8821,8,2,7,5,9,7,8,4,6,9,8
8822,4,5,8,9,3,4,3,3,8,7,3
8823,9,9,9,2,7,1,5,7,2,0,5
8824,7,1,0,3,4,6,1,5,7,3,4
8825,8,2,7,5,9,7,8,4,6,9,8
8826,5,5,8,1,6,4,7,0,8,4,7
8827,8,2,5,5,9,9,8,4,6,9,8
8828,0,4,5,0,2,9,4,9,4,8,2
8829,4,5,8,9,3,4,3,3,8,7,3
8830,7,1,0,3,4,6,1,5,7,3,4
8831,6,5,2,7,1,5,9,2,3,2,9
8832,0,4,7,0,2,7,4,1,4,8,0
8833,4,5,8,9,3,4,3,0,8,7,3
8834,9,9,6,2,7,8,5,9,2,0,5
8835,9,9,9,2,7,1,5,7,2,0,5
8836,1,7,6,2,0,8,0,9,5,6,5
8837,8,2,7,5,9,7,8,4,6,9,8
8838,3,6,1,8,5,3,2,6,0,1,1
8839,9,9,9,2,7,1,5,7,2,0,5
8840,8,2,7,5,9,7,8,4,6,9,8
8841,6,5,2,7,1,5,9,2,3,2,9
8842,5,8,3,1,6,0,7,1,4,4,7
8843,6,5,2,6,1,5,9,8,9,2,9
8844,1,5,6,2,0,8,0,9,5,6,5
8845,8,2,7,5,9,7,8,4,6,9,8
8846,9,7,6,2,7,8,5,3,2,0,5
8847,8,2,7,5,9,7,8,4,6,9,8
8848,4,5,8,9,3,4,3,0,8,7,7
8849,8,2,9,5,9,1,8,7,2,9,8
8850,4,5,8,9,3,4,3,0,8,7,3
8851,8,2,7,5,9,7,8,4,6,9,8
8852,9,9,9,2,7,1,5,7,2,0,5
8853,9,9,9,5,7,1,5,7,2,0,8
8854,8,2,7,5,9,7,8,4,6,9,8
8855,3,0,1,4,5,3,2,6,1,1,1
8856,0,4,3,0,2,0,4,1,4,8,0
8857,8,2,7,5,9,7,8,4,6,9,8
8858,7,9,0,3,4,6,1,7,7,3,4
8859,9,9,9,7,7,1,5,7,2,0,9
8860,9,7,6,2,0,8,0,3,2,6,5
8861,8,2,7,5,9,7,8,4,6,9,8
8862,5,5,8,1,6,4,7,0,8,4,7
8863,2,3,4,6,8,2,6,3,9,5,6
8864,6,5,2,7,1,5,9,2,3,2,9
8865,8,2,7,5,9,7,8,4,6,9,8
8866,1,7,6,2,0,8,0,9,5,6,5
8867,9,9,9,2,7,1,5,7,2,0,5
8868,4,5,8,9,3,4,3,0,8,7,3
8869,8,2,7,5,9,7,8,4,6,9,8
8870,4,5,8,9,3,4,3,0,8,7,3
8871,9,9,9,2,7,1,5,3,2,0,5
8872,5,8,3,1,6,0,7,1,4,4,7
8873,9,9,9,2,7,1,5,7,2,0,5
8874,5,8,3,1,6,0,7,1,4,4,0
8875,8,2,7,5,9,7,8,4,6,9,0
8876,2,3,7,6,8,2,6,8,9,5,6
8877,2,0,4,4,8,2,6,3,1,5,6
8878,1,7,6,2,0,8,0,9,5,6,5
8879,9,2,9,5,7,1,5,7,2,0,8
8880,1,7,6,2,0,8,0,9,5,6,5
8881,9,9,9,2,7,1,5,3,2,0,5
8882,7,1,0,3,4,6,1,5,7,3,4
8883,8,2,9,5,9,2,8,3,2,9,8
8884,1,7,6,2,0,8,0,9,5,6,5
8885,3,6,1,8,5,3,2,6,0,1,1
8886,5,5,5,1,6,9,7,2,3,4,7
8887,8,2,7,5,9,7,8,4,6,9,8
8888,7,1,0,3,4,6,1,5,7,3,4
8889,9,9,9,7,7,1,5,3,2,0,9
8890,5,8,3,1,6,0,7,1,4,4,0
8891,9,9,9,2,7,1,5,7,2,0,5
8892,7,1,0,3,4,6,1,5,7,3,4
8893,2,3,4,6,8,2,6,8,9,5,6
8894,3,6,1,8,5,3,2,6,0,1,1
8895,9,9,9,7,7,1,5,7,2,0,9
8896,4,0,4,4,8,2,3,3,1,5,3
8897,3,0,1,4,5,3,2,6,1,1,1
8898,2,3,4,6,8,2,6,3,9,5,6
8899,8,2,7,5,9,7,8,4,6,9,8
8900,8,2,7,5,9,7,8,4,6,9,8
8901,3,6,1,8,5,3,2,6,0,1,1
8902,0,4,3,0,2,0,4,1,4,8,0
8903,9,9,9,2,7,1,5,7,2,0,5
8904,6,5,2,7,1,5,9,2,3,2,9
8905,6,5,2,7,1,5,9,2,3,2,9
8906,5,8,3,1,6,0,7,1,4,4,0
8907,7,1,0,3,4,6,1,5,7,3,4
8908,4,5,8,9,3,4,3,3,8,7,3
8909,7,1,0,3,4,6,1,5,7,3,4
8910,8,2,5,5,9,9,8,4,6,9,2
8911,4,5,8,9,3,4,3,0,8,7,3
8912,3,6,1,8,5,3,2,6,0,1,1
8913,0,4,5,0,2,9,4,1,4,8,2
8914,0,4,3,0,2,0,4,1,4,8,0
8915,2,3,4,6,8,2,6,8,9,5,6
8916,1,7,6,2,0,8,0,9,5,6,5
8917,3,6,1,8,5,3,2,6,0,1,1
8918,0,8,3,0,2,0,4,1,4,8,0
8919,9,9,9,2,7,1,5,7,2,0,5
8920,8,4,7,0,9,7,8,4,6,9,0
8921,6,5,2,7,1,5,9,2,3,2,9
8922,9,9,9,2,7,1,5,7,2,0,5
8923,7,1,0,3,4,6,1,5,7,3,4
8924,1,7,6,2,0,8,0,9,5,6,5
8925,8,2,7,5,9,7,8,4,6,9,8
8926,4,8,8,9,3,4,3,0,8,7,3
8927,2,3,4,6,8,2,6,8,9,5,6
8928,2,3,4,6,8,2,6,8,9,5,6
8929,4,5,8,9,3,4,3,0,8,7,3
8930,0,4,7,0,2,7,4,1,4,8,0
8931,0,4,5,0,2,9,4,4,6,8,2
8932,3,0,1,4,5,3,2,3,1,1,1
8933,2,3,4,6,8,2,6,8,9,5,6
8934,9,9,9,2,7,1,5,9,2,0,5
8935,3,0,1,4,5,3,2,6,1,1,1
8936,7,1,0,3,4,6,1,5,7,3,4
8937,9,9,9,2,7,1,5,7,2,0,5
8938,2,3,4,6,8,2,6,8,9,5,6
8939,6,5,2,7,1,5,9,2,3,2,9
8940,2,3,4,6,8,2,6,8,9,5,6
8941,7,1,0,3,4,6,1,5,7,3,4
8942,5,5,8,1,6,4,7,0,8,4,7
8943,8,2,7,5,9,7,8,4,6,9,8
8944,5,8,3,1,6,0,7,1,4,4,7
8945,2,3,4,6,8,2,6,8,9,5,6
8946,7,1,0,3,4,6,1,5,7,3,4
8947,4,5,8,9,3,4,3,0,8,7,3
8948,7,1,0,3,4,6,1,5,7,3,4
8949,0,4,5,0,2,9,4,1,4,8,2
8950,5,8,3,1,6,0,7,1,4,4,7
8951,2,3,4,6,8,2,6,8,9,5,6
8952,6,5,2,7,1,5,9,2,3,2,9
8953,0,4,7,0,2,7,4,4,6,8,0
8954,5,8,3,1,6,0,7,6,0,4,7
8955,1,3,6,2,0,8,0,9,2,6,5
8956,5,8,3,1,6,0,7,1,4,4,0
8957,7,1,0,3,4,6,1,5,7,3,4
8958,7,1,0,3,4,6,1,5,7,3,4
8959,8,2,5,5,9,9,8,4,6,9,2
8960,6,5,2,7,1,5,9,2,3,2,9
8961,3,6,1,8,5,3,2,6,0,1,1
8962,0,8,3,1,6,0,4,1,4,4,0
8963,9,9,9,2,7,1,5,7,2,0,5
8964,5,8,3,1,6,0,7,1,4,4,7
8965,8,2,5,5,9,9,8,4,6,9,8
8966,0,4,5,0,2,9,4,9,5,8,2
8967,7,1,0,3,4,6,1,5,7,3,4
8968,5,8,3,1,6,0,7,1,4,4,7
8969,3,6,1,8,5,3,2,6,0,1,1
8970,9,9,9,2,7,1,5,7,2,0,5
8971,0,4,7,0,2,7,4,4,6,8,0
8972,6,5,2,7,1,5,9,2,3,2,9
8973,0,4,7,0,2,7,4,4,6,8,0
8974,1,7,6,2,0,8,0,3,5,6,5
8975,2,3,4,6,8,2,6,8,9,5,6
8976,7,1,0,3,4,6,1,5,7,3,4
8977,6,5,2,7,1,5,9,2,3,2,9
8978,2,3,4,6,8,2,6,8,9,5,6
8979,3,0,1,4,5,3,2,6,1,1,1
8980,0,4,3,0,2,0,4,1,4,8,2
8981,4,5,8,9,3,4,3,0,8,7,3
8982,3,6,1,8,5,3,2,6,0,1,1
8983,6,5,2,7,1,5,9,2,3,2,9
8984,1,7,6,2,0,8,0,9,5,6,5
8985,1,7,6,2,0,8,0,9,5,6,5
8986,7,1,0,3,4,6,1,5,7,3,4
8987,1,7,6,2,0,8,0,9,5,6,5
8988,7,1,0,3,4,6,1,5,7,3,4
8989,1,7,6,2,0,8,0,9,5,6,5
8990,5,8,3,1,6,0,7,1,4,4,2
8991,8,4,5,0,2,9,4,4,6,8,2
8992,1,7,6,2,0,8,0,9,5,6,5
8993,6,5,2,7,1,5,9,2,3,2,9
8994,4,5,8,9,3,4,3,0,8,7,3
8995,8,2,7,5,9,7,8,4,6,9,8
8996,5,8,3,1,6,0,7,1,4,4,0
8997,6,5,2,7,1,5,9,2,3,2,9
8998,5,8,3,1,6,0,7,1,4,4,0
8999,0,4,7,0,2,7,4,4,9,8,0
9000,5,5,2,8,1,5,9,0,0,2,7
9001,8,2,5,5,9,9,8,4,6,9,2
9002,8,2,5,5,9,9,8,4,6,9,8
9003,3,6,1,8,5,3,2,6,0,1,1
9004,7,1,0,3,4,6,1,5,7,3,4
9005,3,6,1,8,5,3,2,6,0,1,1
9006,7,1,0,3,4,6,1,5,7,3,4
9007,8,2,5,5,9,9,8,4,6,9,2
9008,6,5,2,7,1,5,9,2,3,2,9
9009,2,3,4,6,8,2,6,8,9,5,6
9010,4,5,8,9,3,4,3,0,8,7,3
9011,9,9,9,2,7,1,5,7,2,0,5
9012,1,7,6,2,0,8,0,9,5,6,5
9013,9,9,9,2,7,1,5,7,2,0,5
9014,7,1,0,3,4,6,1,5,7,3,4
9015,4,5,8,9,3,4,3,0,8,7,3
9016,5,5,8,1,6,4,7,0,8,4,7
9017,9,9,9,2,7,1,5,7,2,0,5
9018,3,6,1,8,5,3,2,6,0,1,1
9019,9,3,9,2,7,1,5,8,2,0,5
9020,9,9,9,2,7,1,5,7,2,0,5
9021,6,5,2,7,1,5,9,2,3,2,9
9022,0,4,5,0,2,9,4,1,4,8,2
9023,0,4,5,0,2,0,4,1,4,8,2
9024,4,5,8,9,3,4,3,0,8,7,3
9025,0,4,7,0,2,7,4,4,6,8,0
9026,5,8,3,1,6,0,7,1,4,4,7
9027,3,0,1,4,5,3,2,6,1,1,1
9028,7,1,0,3,4,6,1,5,7,3,4
9029,8,2,7,5,9,7,8,4,6,9,8
9030,0,4,7,0,2,7,4,1,4,8,0
9031,9,9,6,2,7,8,5,9,2,0,5
9032,7,1,0,3,4,6,1,5,7,3,4
9033,7,1,0,3,4,6,1,5,7,3,4
9034,3,6,1,8,5,3,2,6,0,1,1
9035,3,6,1,8,5,3,2,6,0,1,1
9036,9,9,9,7,7,1,5,7,2,0,9
9037,7,1,0,3,4,6,1,5,7,3,4
9038,3,6,1,8,5,3,2,6,0,1,1
9039,1,7,6,2,0,8,0,9,5,6,5
9040,5,8,3,1,6,0,7,1,4,4,7
9041,8,2,7,5,9,7,8,4,6,9,8
9042,4,5,8,9,3,4,3,0,8,7,3
9043,9,9,9,2,7,1,5,7,2,0,5
9044,2,3,4,6,8,2,6,8,9,5,6
9045,1,7,6,2,0,8,0,9,5,6,5
9046,5,8,3,1,6,0,7,0,4,4,7
9047,3,6,1,8,5,3,2,6,0,1,1
9048,2,1,4,6,8,2,6,3,9,5,6
9049,4,5,8,9,3,4,3,0,8,7,3
9050,2,3,4,6,8,2,6,8,9,5,6
9051,0,4,7,0,2,7,4,4,6,8,0
9052,8,2,5,5,9,9,8,4,6,9,8
9053,7,1,0,3,4,6,1,5,7,3,4
9054,6,5,2,7,1,5,9,2,3,2,9
9055,3,6,1,8,5,3,2,6,0,1,1
9056,3,0,1,4,5,3,2,6,1,1,1
9057,2,3,4,6,8,2,6,8,9,5,6
9058,5,5,8,1,6,4,7,0,8,4,7
9059,7,1,0,3,4,6,1,5,7,3,4
9060,0,4,5,0,2,9,4,4,6,8,2
9061,0,4,7,0,2,7,4,4,6,8,0
9062,7,1,0,3,4,6,1,5,7,3,4
9063,4,5,8,9,3,4,3,0,8,7,3
9064,7,1,0,3,4,6,1,5,7,3,4
9065,7,1,0,3,4,6,1,5,7,3,4
9066,5,8,3,1,6,0,7,1,4,4,0
9067,3,0,1,4,5,3,2,6,1,1,1
9068,4,5,8,9,3,4,3,3,8,7,3
9069,1,7,6,2,0,8,0,9,5,6,5
9070,0,4,3,0,2,0,4,1,4,8,0
9071,5,8,3,1,6,0,7,1,4,4,7
9072,9,9,9,2,7,1,5,7,2,0,5
9073,7,1,0,3,4,6,1,5,7,3,4
9074,7,1,0,3,4,6,1,5,7,3,4
9075,1,7,6,9,0,8,0,9,5,6,3
9076,2,3,4,6,8,2,6,8,9,5,6
9077,0,4,3,0,2,0,4,1,4,8,2
9078,2,3,4,6,8,2,6,8,9,5,6
9079,2,3,4,6,8,2,6,8,9,5,6
9080,7,1,0,3,4,6,1,5,7,3,4
9081,0,4,3,0,2,0,4,1,4,8,0
9082,8,2,5,5,9,9,8,4,6,9,2
9083,3,0,1,4,5,3,2,6,1,1,1
9084,7,1,0,3,4,6,1,5,7,3,4
9085,1,7,6,2,0,8,0,9,5,6,5
9086,0,4,3,0,2,0,4,1,4,8,2
9087,6,5,2,7,1,5,9,2,3,2,9
9088,2,3,4,6,8,2,6,8,9,5,6
9089,2,3,4,6,8,2,6,8,9,5,6
9090,4,5,8,8,3,4,3,0,8,7,7
9091,0,4,7,0,2,7,4,1,4,8,0
9092,6,5,2,7,1,5,9,2,3,2,9
9093,7,3,4,6,4,2,6,8,9,3,6
9094,4,5,8,9,3,4,3,0,8,7,3
9095,4,5,8,9,3,4,3,0,8,7,3
9096,7,1,0,3,4,6,1,5,7,3,4
9097,1,7,6,2,0,8,0,9,5,6,5
9098,7,1,0,3,4,6,1,5,7,3,4
9099,2,3,4,6,8,2,6,8,9,5,6
9100,5,8,3,1,6,0,7,1,4,4,7
9101,3,0,1,4,5,3,2,3,1,1,1
9102,8,2,5,5,9,9,8,4,6,9,2
9103,9,9,9,2,7,1,5,7,2,0,5
9104,1,7,6,2,0,8,0,9,5,6,5
9105,6,5,2,7,1,5,9,2,3,2,9
9106,1,7,6,2,0,8,0,9,5,6,5
9107,7,1,0,3,4,6,1,5,7,3,4
9108,8,2,7,5,9,7,8,4,6,9,8
9109,0,4,7,0,2,7,4,1,4,8,0
9110,1,7,6,2,0,8,0,9,5,6,5
9111,0,4,7,0,2,7,4,4,6,8,0
9112,2,3,4,6,8,2,6,8,9,5,6
9113,4,5,8,9,3,4,3,0,8,7,3
9114,0,4,7,0,2,7,4,1,4,8,0
9115,0,4,5,0,2,9,4,1,4,8,2
9116,5,8,3,1,6,0,7,1,4,4,7
9117,2,3,4,6,8,2,6,8,9,5,6
9118,5,8,3,1,6,0,7,1,4,4,7
9119,0,4,6,0,2,8,4,9,5,8,0
9120,9,9,9,2,7,1,5,3,2,0,5
9121,1,7,6,2,0,8,0,9,5,6,5
9122,0,4,7,0,2,7,4,1,4,8,0
9123,4,5,8,9,3,4,3,0,8,7,3
9124,7,1,0,3,4,6,1,5,7,3,4
9125,2,3,4,6,8,2,6,8,9,5,6
9126,1,7,6,9,0,8,0,9,5,6,3
9127,0,4,6,0,2,8,4,9,5,8,0
9128,0,8,3,1,2,0,4,1,4,8,0
9129,0,8,3,0,2,0,4,1,4,8,0
9130,1,7,6,2,0,8,0,9,5,6,5
9131,3,0,1,4,5,3,2,6,1,1,1
9132,0,4,7,0,2,7,4,4,6,8,0
9133,1,7,6,2,0,8,0,9,5,6,5
9134,2,3,4,6,8,2,6,8,9,5,6
9135,6,3,2,7,1,5,9,2,3,2,9
9136,1,7,6,2,0,8,0,9,5,6,5
9137,0,4,7,0,2,7,4,1,4,8,0
9138,0,4,3,0,2,0,4,1,4,8,0
9139,8,2,7,5,9,7,8,4,6,9,8
9140,7,1,0,3,4,6,1,5,7,3,4
9141,0,4,7,0,2,7,4,8,9,8,0
9142,3,6,1,8,5,3,2,6,0,1,1
9143,1,4,5,0,2,8,0,9,5,8,2
9144,4,5,8,9,3,4,3,0,8,7,3
9145,0,4,7,0,2,7,4,4,6,8,0
9146,7,1,0,3,4,6,1,5,7,3,4
9147,4,5,8,9,3,4,3,0,8,7,3
9148,5,8,3,1,6,0,7,1,4,4,7
9149,8,2,7,5,9,7,8,4,6,9,8
9150,5,8,3,1,6,0,7,1,4,4,0
9151,3,0,1,4,5,3,2,6,1,1,1
9152,7,1,0,3,4,6,1,5,7,3,4
9153,2,3,4,6,8,2,6,8,9,5,6
9154,2,3,4,6,8,2,6,8,9,5,6
9155,2,3,9,6,8,1,6,8,9,5,6
9156,4,5,8,9,3,4,3,0,8,7,3
9157,0,4,5,0,2,9,4,4,6,8,2
9158,5,8,3,1,6,0,7,1,4,4,7
9159,9,2,9,2,7,1,5,3,2,0,8
9160,8,2,7,5,9,7,8,3,6,9,8
9161,1,7,6,2,0,8,0,9,5,6,5
9162,8,2,5,5,9,9,8,4,6,9,8
9163,2,3,7,6,8,7,6,8,9,5,0
9164,1,7,6,2,0,8,0,9,5,6,5
9165,2,3,4,6,8,2,6,8,9,5,6
9166,3,6,1,8,5,3,2,6,0,1,1
9167,5,8,3,1,6,0,7,1,4,4,0
9168,7,1,0,3,4,6,1,5,7,3,4
9169,6,5,2,7,1,5,9,2,3,2,9
9170,7,1,0,3,4,6,1,5,7,3,4
9171,2,3,4,6,8,2,6,8,9,5,0
9172,5,8,3,1,6,0,7,1,4,4,7
9173,1,7,6,2,0,8,0,9,5,6,5
9174,4,5,8,9,3,4,3,0,8,7,3
9175,1,7,6,2,0,8,0,9,5,6,5
9176,5,8,3,1,6,0,7,1,4,4,7
9177,4,5,8,9,3,4,3,0,8,7,3
9178,7,1,0,3,4,6,1,5,7,3,4
9179,6,5,2,7,1,5,9,2,3,2,9
9180,2,3,4,6,8,2,6,8,9,5,6
9181,1,7,6,2,0,8,0,9,5,6,5
9182,7,1,0,3,4,6,1,5,7,3,4
9183,7,1,0,3,4,6,1,5,7,3,4
9184,0,4,6,0,2,8,4,9,5,8,2
9185,9,9,9,2,7,1,5,7,2,0,5
9186,9,9,9,2,7,1,5,2,2,0,5
9187,4,5,8,9,3,4,3,0,8,7,3
9188,9,9,9,2,7,1,5,7,2,0,5
9189,0,4,3,0,2,0,4,1,4,8,0
9190,0,4,3,0,2,0,4,1,4,8,0
9191,5,8,3,1,6,0,7,1,4,4,7
9192,7,1,0,3,4,6,1,5,7,3,4
9193,6,3,2,7,1,5,9,3,3,2,9
9194,3,6,1,8,5,3,2,6,0,1,1
9195,3,6,1,8,5,3,2,6,0,1,1
9196,3,6,1,8,5,3,2,6,0,1,1
9197,3,6,1,8,5,3,2,6,0,1,1
9198,0,4,5,0,2,9,4,9,4,8,2
9199,1,7,6,2,0,8,0,9,5,6,5
9200,0,4,5,0,2,9,4,4,6,8,2
9201,4,5,8,9,3,4,3,0,8,7,3
9202,5,8,8,1,6,4,7,0,8,4,7
9203,6,5,2,7,1,5,9,2,3,2,9
9204,3,6,1,8,5,3,2,6,0,1,1
9205,0,4,7,0,2,7,4,1,4,8,0
9206,4,5,8,9,3,4,3,0,8,7,3
9207,7,1,0,3,4,6,1,5,7,3,4
9208,7,1,0,3,4,6,1,5,7,3,4
9209,3,6,1,8,5,3,2,6,0,1,1
9210,4,5,8,9,3,4,3,0,8,7,3
9211,5,7,6,2,6,8,7,9,5,4,5
9212,6,5,2,7,1,5,9,2,3,2,9
9213,9,3,9,2,7,1,5,8,9,0,5
9214,0,4,5,0,2,9,4,4,6,8,2
9215,3,0,1,4,5,3,2,6,1,1,1
9216,1,7,6,2,0,8,0,9,5,6,5
9217,4,5,8,9,3,4,3,0,8,7,3
9218,6,5,2,7,1,5,9,2,3,2,9
9219,1,7,6,2,0,8,0,9,5,6,5
9220,8,2,7,5,9,7,8,4,6,9,8
9221,1,7,6,2,0,8,0,9,5,6,5
9222,7,1,0,3,4,6,1,5,7,3,4
9223,0,4,5,0,2,9,4,1,4,8,2
9224,8,2,5,5,9,9,8,4,6,9,8
9225,0,4,3,0,2,0,4,1,4,8,0
9226,7,1,0,3,4,6,1,5,7,3,4
9227,1,7,6,2,0,8,0,9,5,6,5
9228,2,3,4,6,8,2,6,8,9,5,6
9229,5,8,3,1,6,0,7,1,4,4,0
9230,2,3,4,6,8,2,6,8,9,5,6
9231,6,5,2,7,1,5,9,2,3,2,9
9232,2,3,4,6,8,2,6,8,9,5,6
9233,4,5,8,9,3,4,3,0,8,7,3
9234,2,3,4,6,8,2,6,8,9,5,6
9235,1,7,6,2,0,8,0,9,5,6,5
9236,2,3,4,6,8,2,6,8,9,5,6
9237,4,5,8,9,3,4,3,0,8,7,3
9238,0,4,3,0,2,0,4,1,4,8,0
9239,4,5,8,9,3,4,3,0,8,7,3
9240,1,7,6,2,0,8,0,9,5,6,5
9241,9,9,9,2,7,1,5,7,2,0,5
9242,5,8,3,1,6,0,7,1,4,4,7
9243,8,2,5,5,9,9,8,4,6,9,8
9244,4,5,8,9,3,4,3,0,8,7,7
9245,0,4,7,0,2,7,4,4,6,8,0
9246,6,5,2,7,1,5,9,2,3,2,9
9247,0,4,3,0,2,0,4,1,4,8,0
9248,2,3,4,6,8,2,6,8,9,5,6
9249,6,3,2,7,1,5,9,3,3,2,9
9250,7,1,0,3,4,6,1,8,7,3,4
9251,1,7,6,2,0,8,0,9,5,6,5
9252,6,5,2,7,1,5,9,2,3,2,9
9253,7,1,0,3,4,6,1,5,7,3,4
9254,4,5,8,9,3,4,3,0,8,7,3
9255,0,4,6,0,2,8,4,9,4,8,0
9256,1,3,6,6,0,8,0,8,9,6,6
9257,3,0,1,4,5,3,2,6,1,1,1
9258,9,5,6,2,7,8,7,3,2,0,5
9259,2,3,4,6,8,2,6,8,9,5,6
9260,1,7,6,2,0,8,0,9,5,6,5
9261,1,7,7,2,0,8,0,9,5,6,5
9262,4,5,8,9,3,4,3,0,8,7,3
9263,0,4,5,0,2,9,4,4,6,8,2
9264,1,7,6,2,0,8,0,9,5,6,5
9265,0,4,3,0,2,0,4,1,4,8,0
9266,2,3,4,6,8,2,6,8,9,5,6
9267,0,4,5,0,2,9,4,4,6,8,2
9268,7,1,0,3,4,6,1,5,7,3,4
9269,2,0,4,4,8,2,6,3,1,5,6
9270,0,4,5,0,2,9,4,4,6,8,2
9271,6,5,2,7,1,5,9,2,3,2,9
9272,7,1,0,3,4,6,1,5,7,3,4
9273,0,4,5,0,2,9,4,1,4,8,2
9274,0,4,5,0,2,9,4,4,6,8,2
9275,0,4,3,0,2,0,4,1,4,8,0
9276,8,4,5,0,9,9,8,4,6,9,0
9277,1,7,6,2,0,8,0,9,5,6,5
9278,7,1,0,3,4,6,1,5,7,3,4
9279,0,4,5,0,2,9,4,1,4,8,0
9280,4,5,8,9,3,4,3,0,8,7,3
9281,4,5,8,9,3,4,3,0,8,7,3
9282,5,8,3,1,6,0,7,1,4,4,0
9283,0,4,5,0,2,9,4,4,6,8,2
9284,6,5,2,7,1,5,9,2,3,2,9
9285,1,7,6,2,0,8,0,9,5,6,5
9286,0,4,6,0,2,8,4,9,5,8,0
9287,2,3,4,6,8,2,6,8,9,5,6
9288,1,7,6,2,0,8,0,9,5,6,5
9289,0,4,3,0,2,0,4,8,4,8,0
9290,4,0,8,4,3,4,3,3,1,7,3
9291,0,4,3,0,2,0,4,1,4,8,0
9292,1,7,6,2,0,8,0,9,5,6,5
9293,2,3,4,6,8,2,6,8,9,5,0
9294,0,4,5,0,2,9,4,4,6,8,0
9295,4,5,8,9,3,4,3,0,8,7,3
9296,3,6,1,8,5,3,2,6,0,1,1
9297,3,0,1,4,5,3,2,6,1,1,1
9298,9,9,9,2,7,1,5,7,2,0,5
9299,9,9,9,2,7,1,5,7,2,0,5
9300,7,1,0,3,4,6,1,5,7,3,4
9301,6,5,2,7,1,5,9,2,3,2,9
9302,8,2,2,5,9,5,8,3,2,9,8
9303,7,1,0,3,4,6,1,5,7,3,4
9304,0,8,3,0,2,0,4,1,4,8,0
9305,3,6,1,8,5,3,2,0,0,1,1
9306,5,8,3,1,6,0,7,1,4,4,7
9307,0,4,5,0,2,9,4,4,6,8,2
9308,5,8,3,1,6,0,7,1,4,4,7
9309,2,3,4,6,8,2,6,8,9,5,6
9310,3,6,1,8,5,3,2,6,0,1,1
9311,0,4,7,0,2,7,4,4,6,8,0
9312,9,9,9,2,7,1,5,7,2,0,5
9313,3,6,1,8,5,3,2,6,0,1,1
9314,1,3,6,2,0,8,0,8,9,6,5
9315,9,9,9,2,7,1,5,7,2,0,5
9316,4,5,8,9,3,4,3,0,8,7,3
9317,6,5,2,7,1,5,9,2,3,2,9
9318,7,1,0,3,4,6,1,5,7,3,4
9319,7,1,0,3,4,6,1,5,7,3,4
9320,1,7,6,2,0,8,0,3,5,6,5
9321,5,8,3,1,6,0,7,1,4,4,7
9322,3,6,1,8,5,3,2,6,0,1,1
9323,8,2,7,2,9,7,8,3,6,9,8
9324,2,3,4,6,8,2,6,8,9,5,6
9325,4,5,8,9,3,4,3,3,8,7,3
9326,2,1,4,3,8,2,6,5,7,5,6
9327,0,4,5,0,2,9,4,1,4,8,2
9328,2,3,4,6,8,2,6,8,9,5,0
9329,3,0,1,4,5,3,2,6,1,1,1
9330,2,3,4,2,8,2,6,3,9,5,5
9331,9,9,9,2,7,1,5,7,2,0,5
9332,9,9,9,2,7,1,5,7,2,0,5
9333,6,5,2,7,1,5,9,2,3,2,9
9334,2,3,4,6,8,8,6,8,9,5,5
9335,7,1,0,3,4,6,1,5,7,3,4
9336,7,6,0,8,4,6,1,5,0,3,4
9337,5,8,3,1,6,0,7,1,4,4,7
9338,4,5,8,9,3,4,3,0,8,7,3
9339,8,2,7,5,9,7,8,3,6,9,8
9340,3,6,1,8,5,3,2,6,0,1,1
9341,4,5,8,9,3,4,3,0,8,7,3
9342,3,0,1,4,5,3,2,6,1,1,1
9343,8,2,5,5,9,9,8,4,6,9,2
9344,7,5,0,3,4,6,1,5,7,3,4
9345,2,3,4,6,8,2,6,8,9,5,6
9346,5,8,3,1,6,0,7,1,4,4,7
9347,8,2,7,5,9,7,8,4,6,9,8
9348,5,5,2,7,1,5,9,0,3,2,7
9349,2,3,4,6,8,2,6,8,9,5,6
9350,1,7,6,2,0,8,0,9,5,6,5
9351,0,4,5,0,2,9,4,4,6,8,2
9352,2,3,4,6,8,2,6,8,9,5,0
9353,0,4,7,0,2,7,4,1,4,8,0
9354,1,7,6,2,0,8,0,9,5,6,5
9355,7,1,0,3,4,6,1,5,7,3,4
9356,0,4,5,0,2,9,4,4,6,8,2
9357,5,8,3,1,6,0,7,1,4,4,7
9358,2,3,4,6,8,2,6,8,9,5,6
9359,7,1,0,3,4,6,1,5,7,3,4
9360,6,5,2,7,1,5,9,2,3,2,9
9361,2,3,4,6,8,2,6,8,9,5,6
9362,8,2,7,5,9,7,8,4,6,9,8
9363,7,1,0,3,4,6,1,5,7,3,4
9364,7,1,0,3,4,6,1,5,7,3,4
9365,9,9,9,2,7,1,5,7,2,0,5
9366,7,1,0,3,4,6,1,5,7,3,4
9367,9,9,9,2,7,1,5,7,2,0,5
9368,5,8,3,1,6,0,7,1,0,4,7
9369,2,3,4,6,8,2,6,8,9,5,6
9370,1,7,6,2,0,8,0,3,5,6,5
9371,6,5,2,7,1,5,9,2,3,2,9
9372,0,3,4,0,2,2,4,8,9,8,0
9373,0,4,5,0,2,9,4,4,6,8,2
9374,9,9,9,2,7,1,5,7,2,0,5
9375,5,8,3,1,6,0,7,1,4,4,7
9376,1,7,6,2,0,8,0,9,5,6,5
9377,6,5,2,7,1,5,9,2,3,2,9
9378,1,7,6,2,0,8,0,9,5,6,5
9379,4,5,8,9,3,4,3,0,8,7,3
9380,4,8,8,9,3,4,3,0,8,7,3
9381,2,3,4,6,8,2,6,8,9,5,6
9382,8,2,5,5,9,9,8,4,6,9,8
9383,6,5,2,7,1,5,9,2,3,2,9
9384,0,8,3,2,6,0,7,1,4,4,0
9385,5,8,3,1,6,0,7,1,4,4,7
9386,7,1,0,3,4,6,1,5,7,3,4
9387,2,3,4,6,8,2,6,8,9,5,6
9388,0,4,3,0,2,0,4,1,4,8,0
9389,4,5,8,9,3,4,3,0,8,7,3
9390,3,0,1,4,5,3,2,6,1,1,1
9391,8,2,7,5,9,7,8,4,6,9,8
9392,5,8,3,1,6,0,7,1,4,4,7
9393,9,9,9,2,7,1,5,7,2,0,5
9394,5,8,3,1,6,0,7,1,4,4,7
9395,8,2,5,5,9,9,8,4,6,9,2
9396,2,3,4,6,8,2,6,8,9,5,6
9397,0,2,7,5,2,7,8,3,6,8,8
9398,7,1,0,3,4,6,1,5,7,3,4
9399,9,9,9,2,7,1,5,7,2,0,5
9400,7,1,0,3,4,6,1,5,7,3,4
9401,7,1,0,3,4,6,1,5,7,3,4
9402,5,6,3,8,6,0,7,1,0,4,7
9403,7,1,0,3,4,6,1,5,7,3,4
9404,9,9,9,2,7,1,5,7,2,0,5
9405,4,5,8,9,3,4,3,0,8,7,3
9406,7,1,0,3,4,6,1,5,7,3,4
9407,8,2,7,5,9,7,8,4,6,9,8
9408,7,1,0,3,4,6,1,5,7,3,4
9409,4,0,8,4,3,4,3,3,1,7,3
9410,5,8,3,1,6,0,7,1,4,4,7
9411,7,1,0,3,4,6,1,5,7,3,4
9412,7,1,0,3,4,6,1,5,7,3,4
9413,7,1,0,3,4,6,1,5,7,3,4
9414,7,1,0,3,4,6,1,5,7,3,4
9415,1,7,6,2,0,8,0,9,5,6,5
9416,5,8,3,1,6,0,7,1,4,4,2
9417,4,5,8,2,3,4,3,3,8,7,3
9418,7,1,0,3,4,6,1,5,7,3,4
9419,2,3,4,6,8,2,6,3,9,5,6
9420,7,1,0,3,4,6,1,5,7,3,4
9421,4,5,8,9,3,4,3,0,8,7,3
9422,3,6,1,8,5,3,2,6,0,1,1
9423,1,7,6,2,0,8,0,9,5,6,5
9424,7,1,0,3,4,6,1,5,7,3,4
9425,0,4,7,0,2,7,4,4,6,8,0
9426,5,8,3,1,6,0,7,1,4,4,7
9427,7,1,0,3,4,6,1,5,7,3,4
9428,3,1,1,3,5,3,2,6,7,1,1
9429,8,2,5,5,9,9,8,4,6,9,2
9430,1,7,6,2,0,8,0,9,5,6,5
9431,8,2,7,5,9,7,8,4,6,9,2
9432,1,7,6,2,0,8,0,9,5,6,5
9433,5,8,3,1,6,0,7,1,4,4,7
9434,0,4,7,0,2,7,4,1,4,8,0
9435,3,0,1,4,5,3,2,3,1,1,1
9436,5,8,3,1,6,0,7,1,4,4,7
9437,8,4,7,5,9,7,8,4,6,9,7
9438,4,5,8,9,3,4,3,0,8,7,3
9439,3,0,1,4,5,3,2,6,1,1,1
9440,3,6,1,8,5,3,2,6,0,1,1
9441,3,0,1,4,5,3,2,6,1,1,1
9442,8,2,7,5,9,7,8,4,6,9,8
9443,2,0,4,4,8,2,6,3,1,5,6
9444,8,2,5,5,9,9,8,4,6,9,2
9445,8,2,5,5,9,9,8,4,6,9,2
9446,4,5,8,9,3,4,3,0,8,7,3
9447,8,2,7,5,9,7,8,4,6,9,8
9448,2,3,4,6,4,2,6,8,9,5,6
9449,5,8,3,1,6,0,7,1,4,4,7
9450,2,3,4,6,8,2,6,5,9,5,6
9451,3,0,1,4,5,3,2,6,1,1,1
9452,3,6,1,8,5,3,2,6,0,1,1
9453,9,9,9,2,7,1,5,7,2,0,5
9454,0,4,5,0,2,9,4,4,6,8,2
9455,4,0,8,4,3,4,3,0,1,7,3
9456,3,6,1,8,5,3,2,6,0,1,1
9457,9,9,9,2,7,1,5,7,2,0,5
9458,3,6,1,8,5,3,2,6,0,1,1
9459,3,0,1,4,5,3,2,6,1,1,1
9460,4,5,8,9,3,4,3,3,8,7,3
9461,8,2,7,5,9,7,8,4,6,9,8
9462,2,3,4,6,8,2,6,8,9,5,6
9463,2,0,4,4,8,2,6,3,1,5,6
9464,0,4,6,0,2,8,4,9,5,8,0
9465,0,4,7,0,2,7,4,1,4,8,0
9466,7,1,0,3,4,6,1,5,7,3,4
9467,8,2,5,5,9,9,8,4,6,9,2
9468,5,5,2,1,6,5,7,0,3,4,7
9469,8,2,7,5,9,7,8,4,6,9,8
9470,1,7,6,0,0,8,0,9,5,6,2
9471,6,5,2,7,1,5,9,2,3,2,9
9472,5,8,9,2,6,1,7,9,2,4,5
9473,3,0,1,4,5,3,2,6,1,1,1
9474,1,7,6,2,0,8,0,9,5,6,5
9475,4,5,8,9,3,4,3,3,8,7,3
9476,5,6,1,8,5,3,7,6,0,1,7
9477,6,5,2,7,1,5,9,2,3,2,9
9478,3,6,1,8,5,3,2,6,0,1,1
9479,6,5,2,7,1,5,9,2,3,2,9
9480,1,7,6,2,0,8,0,9,5,6,5
9481,8,2,7,5,9,7,8,4,6,9,8
9482,7,1,0,3,4,6,1,5,7,3,4
9483,8,2,7,5,9,7,8,4,6,9,8
9484,6,5,2,7,1,5,9,2,3,2,9
9485,3,6,1,8,5,3,2,6,0,1,1
9486,4,5,8,9,3,4,3,0,8,7,3
9487,1,7,6,2,0,8,0,9,5,6,5
9488,6,5,2,7,1,5,9,2,3,2,9
9489,6,5,2,7,1,5,9,2,3,2,9
9490,7,1,0,3,4,6,1,5,7,3,4
9491,7,1,0,3,4,6,1,5,7,3,4
9492,1,7,6,2,0,8,0,9,5,6,5
9493,5,8,3,1,6,0,7,1,4,4,7
9494,5,8,3,1,6,0,7,1,4,4,7
9495,2,3,4,6,8,2,6,8,9,5,0
9496,5,8,3,1,6,0,7,1,4,4,7
9497,4,5,8,9,3,4,3,0,8,7,7
9498,0,4,5,0,2,9,4,4,6,8,2
9499,5,8,3,1,6,0,7,1,4,4,7
9500,4,5,8,9,3,4,3,3,8,7,3
9501,2,3,7,6,8,7,6,8,9,5,6
9502,5,8,3,1,6,0,7,1,4,4,2
9503,0,8,3,0,2,0,4,1,4,8,0
9504,8,2,7,5,9,7,8,4,6,9,8
9505,3,6,1,8,5,3,2,6,0,1,1
9506,3,0,1,4,5,3,2,3,1,1,1
9507,1,7,6,2,0,8,0,9,5,6,5
9508,6,3,2,7,1,5,9,8,3,2,9
9509,6,5,2,7,1,5,9,2,3,2,9
9510,8,2,5,5,9,9,8,4,6,9,8
9511,7,1,0,3,4,6,1,5,7,3,4
9512,4,5,8,9,3,4,3,3,8,7,3
9513,5,8,3,1,6,0,7,1,4,4,0
9514,7,1,0,3,4,6,1,5,7,3,4
9515,2,4,7,6,8,7,6,8,9,5,0
9516,9,3,9,2,7,1,5,8,9,0,5
9517,5,5,8,9,3,4,7,0,8,7,7
9518,7,1,0,3,4,6,1,5,7,3,4
9519,0,4,3,0,2,0,4,1,4,8,0
9520,7,1,0,3,4,6,1,5,7,3,4
9521,2,3,4,6,8,2,6,8,9,5,6
9522,8,4,5,0,2,9,4,4,6,8,2
9523,3,6,1,8,5,3,2,6,0,1,1
9524,3,6,1,8,5,3,2,6,0,1,1
9525,1,7,6,2,0,8,0,9,5,6,5
9526,9,9,9,2,7,1,5,7,2,0,5
9527,6,5,2,7,1,5,9,2,3,2,9
9528,7,1,0,3,4,6,1,5,7,3,3
9529,7,1,0,3,4,6,1,5,7,3,4
9530,3,0,1,4,5,3,2,6,1,1,1
9531,2,3,7,6,8,7,6,3,9,5,0
9532,5,8,3,1,6,0,7,1,4,4,7
9533,5,5,2,1,6,5,7,0,3,4,7
9534,1,7,6,2,0,8,0,9,5,6,5
9535,5,8,3,1,6,0,7,1,4,4,7
9536,5,8,3,1,6,0,7,1,4,4,7
9537,8,2,7,5,9,7,8,4,9,9,8
9538,8,2,5,5,9,9,8,4,6,9,8
9539,2,3,4,6,8,2,6,3,9,5,6
9540,1,7,6,2,0,8,0,9,5,6,5
9541,0,4,3,0,2,0,4,1,4,8,0
9542,7,1,0,3,4,6,1,9,5,3,4
9543,2,3,7,6,8,7,6,8,9,5,8
9544,3,6,1,8,5,3,2,6,0,1,1
9545,0,4,5,0,2,9,4,1,4,8,2
9546,6,5,2,7,1,5,9,2,3,2,9
9547,0,4,3,0,2,0,4,1,4,8,0
9548,0,4,5,0,2,9,4,4,6,8,2
9549,5,8,3,1,6,0,7,1,4,4,7
9550,1,7,6,2,0,8,0,9,5,6,5
9551,0,4,5,0,2,9,4,1,4,8,2
9552,5,5,2,1,6,5,7,3,2,4,7
9553,7,1,0,3,4,6,1,5,7,3,4
9554,9,2,9,5,7,1,5,3,2,0,8
9555,0,8,3,0,2,0,4,1,4,8,0
9556,4,5,8,9,3,4,3,0,8,7,3
9557,9,9,7,6,7,7,5,1,2,0,0
9558,4,5,8,9,3,4,3,0,8,7,3
9559,8,2,7,5,9,7,8,3,6,9,8
9560,0,4,5,0,2,9,4,4,6,8,2
9561,7,1,0,3,4,6,1,5,7,3,4
9562,1,7,6,2,0,8,0,9,5,6,5
9563,1,7,6,2,0,8,0,9,5,6,5
9564,7,1,0,3,4,6,1,5,7,3,4
9565,2,3,4,6,8,2,6,8,9,5,6
9566,5,8,3,1,6,0,7,1,4,4,7
9567,9,9,9,2,7,1,5,7,2,0,5
9568,2,3,4,6,8,2,6,3,9,5,6
9569,6,5,2,7,1,5,9,2,3,2,9
9570,1,7,6,2,0,8,0,9,5,6,5
9571,0,4,5,0,2,9,4,1,4,8,2
9572,1,7,6,2,0,8,0,9,5,6,5
9573,5,8,3,1,6,0,7,1,4,4,0
9574,5,5,2,2,6,5,7,0,2,4,7
9575,6,5,2,7,1,5,9,2,3,2,9
9576,4,5,8,9,3,4,3,0,8,7,3
9577,4,5,8,9,3,4,3,0,8,7,3
9578,2,3,4,6,8,2,6,8,9,5,6
9579,1,7,6,2,0,8,0,9,5,6,5
9580,4,5,8,9,3,4,3,3,8,7,3
9581,2,5,4,6,8,2,6,3,9,5,6
9582,0,4,5,0,2,9,4,9,5,8,2
9583,6,5,2,7,1,5,9,2,3,2,9
9584,1,7,6,2,0,8,0,9,5,6,5
9585,5,8,3,1,6,0,7,1,4,4,0
9586,5,8,3,1,6,0,7,1,4,4,0
9587,2,3,4,6,8,2,6,8,9,5,6
9588,1,7,6,2,0,8,0,9,5,6,0
9589,2,3,4,6,8,2,6,8,9,5,6
9590,1,7,6,2,0,8,0,9,5,6,5
9591,8,2,7,5,9,7,8,4,6,9,8
9592,7,1,0,3,4,6,1,5,7,3,4
9593,4,5,8,9,3,4,3,0,8,7,3
9594,2,3,4,6,8,2,6,8,9,5,6
9595,0,8,3,0,2,0,4,1,4,8,0
9596,4,5,8,9,3,4,3,3,8,7,3
9597,5,8,3,1,6,0,7,1,4,4,7
9598,0,4,3,0,2,0,4,1,4,8,2
9599,1,7,6,2,0,8,0,9,5,6,5
9600,6,5,2,7,1,5,9,2,3,2,9
9601,9,9,9,2,7,1,5,7,2,0,0
9602,0,4,6,0,2,8,4,9,5,8,0
9603,5,8,3,1,6,0,7,1,4,4,0
9604,6,5,2,7,1,5,9,2,3,2,9
9605,2,3,4,6,8,2,6,3,9,5,6
9606,8,2,5,5,9,9,8,4,6,9,2
9607,9,9,9,2,7,1,5,3,2,0,8
9608,7,5,0,7,4,6,1,2,3,3,4
9609,1,7,6,2,0,8,0,9,5,6,5
9610,7,1,0,3,4,6,1,5,7,3,4
9611,8,2,7,5,9,7,8,3,2,9,8
9612,7,1,0,3,4,6,1,5,7,3,4
9613,5,8,3,1,6,0,7,1,4,4,7
9614,5,8,3,1,6,0,7,1,4,4,7
9615,1,7,6,2,0,8,0,9,5,6,5
9616,1,7,6,2,0,8,0,9,5,6,5
9617,7,1,0,3,4,6,1,5,7,3,4
9618,1,7,6,2,0,8,0,9,5,6,5
9619,4,5,8,9,3,4,3,0,8,7,3
9620,7,7,6,3,4,8,1,9,5,3,4
9621,7,1,0,3,4,6,1,5,7,3,4
9622,9,9,9,2,7,1,5,7,2,0,5
9623,7,1,0,3,4,6,1,5,7,3,4
9624,7,1,0,3,4,6,1,5,7,3,4
9625,6,0,2,4,1,5,9,2,1,2,9
9626,0,8,3,1,6,0,4,1,4,4,0
9627,6,5,2,7,1,5,9,2,3,2,9
9628,1,7,6,2,0,8,0,9,5,6,5
9629,4,5,8,9,3,4,3,0,8,7,3
9630,0,4,3,0,2,0,4,1,4,8,0
9631,5,8,3,1,6,0,7,1,4,4,7
9632,5,8,3,1,6,0,7,1,4,4,7
9633,5,8,3,1,6,0,7,1,4,4,7
9634,5,8,3,1,6,0,7,1,4,4,7
9635,4,5,8,9,3,4,3,0,8,7,3
9636,7,1,0,3,4,6,1,5,7,3,4
9637,7,1,0,3,4,6,1,5,7,3,4
9638,7,1,0,3,4,6,1,5,7,3,4
9639,7,1,0,3,4,6,1,5,7,3,4
9640,2,3,4,6,8,2,6,3,9,5,6
9641,9,9,9,2,7,1,5,7,2,0,5
9642,5,8,3,1,6,0,7,1,4,4,7
9643,1,7,6,2,0,8,0,9,5,6,5
9644,8,2,5,5,9,9,8,4,6,9,8
9645,5,5,8,9,3,4,7,0,8,7,7
9646,2,3,4,6,8,2,6,8,9,5,6
9647,2,3,4,6,8,2,6,3,9,5,0
9648,7,1,0,3,4,6,1,5,7,3,4
9649,4,5,8,9,3,4,3,0,8,7,3
9650,7,1,0,3,4,6,1,5,7,3,4
9651,9,9,9,2,7,1,5,7,2,0,5
9652,2,1,4,6,8,2,6,5,9,5,6
9653,1,7,6,2,0,8,0,9,5,6,5
9654,5,8,3,1,6,0,7,1,4,4,0
9655,0,8,3,1,2,0,4,1,4,8,0
9656,0,4,7,0,2,7,4,1,4,8,0
9657,0,4,3,0,2,0,4,1,4,8,0
9658,6,5,2,7,1,5,9,2,3,2,9
9659,4,5,8,9,3,4,3,0,8,7,3
9660,5,8,3,1,6,0,7,1,4,4,7
9661,8,2,7,5,9,7,8,4,6,9,8
9662,4,5,8,9,3,4,3,0,8,7,3
9663,7,1,0,3,4,6,1,5,7,3,4
9664,4,5,8,9,3,4,3,0,8,7,3
9665,5,8,3,1,6,0,7,1,4,4,7
9666,3,6,1,8,5,3,2,6,0,1,1
9667,5,8,3,1,6,0,7,1,4,4,7
9668,6,5,2,7,1,5,9,2,3,2,9
9669,5,8,3,1,6,0,7,1,4,4,2
9670,7,1,0,3,4,6,1,5,7,3,4
9671,3,6,1,8,5,3,2,6,0,1,1
9672,6,5,2,7,1,5,9,2,3,2,9
9673,5,8,3,1,6,0,7,1,4,4,0
9674,9,9,9,2,7,1,5,7,2,0,5
9675,4,0,8,9,3,4,3,3,1,7,3
9676,8,2,5,5,9,9,8,4,6,9,2
9677,4,1,8,9,3,4,3,5,8,7,3
9678,1,7,6,2,0,8,0,9,5,6,5
9679,7,1,0,3,4,6,1,5,7,3,4
9680,7,1,0,3,4,6,1,5,7,3,4
9681,5,8,3,1,6,0,7,1,4,4,0
9682,6,5,2,7,1,5,9,2,3,2,9
9683,0,8,3,1,6,0,7,1,4,4,0
9684,2,2,7,6,8,7,6,4,6,5,8
9685,7,1,0,3,4,6,1,5,7,3,4
9686,5,8,0,1,4,6,7,5,2,3,4
9687,3,6,1,8,5,3,2,6,0,1,1
9688,3,6,1,8,5,3,2,6,0,1,1
9689,6,5,2,7,1,5,9,2,3,2,9
9690,2,1,4,3,8,2,6,5,7,5,6
9691,7,1,0,3,4,6,1,5,7,3,4
9692,4,5,8,9,3,4,3,0,8,7,3
9693,1,7,6,2,0,8,0,9,5,6,5
9694,7,1,0,3,4,6,1,5,7,3,4
9695,3,6,1,8,5,3,2,6,0,1,1
9696,7,1,0,3,4,6,1,5,7,3,4
9697,1,7,6,2,0,8,0,9,5,6,5
9698,3,0,1,4,5,3,2,6,1,1,1
9699,3,6,1,8,5,3,2,6,0,1,1
9700,4,5,8,9,3,4,3,0,8,7,3
9701,5,8,3,1,6,0,7,1,4,4,7
9702,4,5,8,9,3,4,3,0,8,7,3
9703,4,6,8,9,3,4,3,0,8,7,3
9704,5,8,3,1,6,0,7,1,4,4,7
9705,1,7,6,2,0,8,0,9,5,6,5
9706,7,1,0,3,4,6,1,5,7,3,4
9707,3,6,1,8,5,3,2,6,0,1,1
9708,0,4,3,0,2,0,4,1,4,8,0
9709,5,8,3,1,6,0,7,1,4,4,7
9710,3,6,1,8,5,3,2,6,0,1,1
9711,0,4,3,0,2,0,4,1,4,8,2
9712,6,5,2,7,1,5,9,2,3,2,9
9713,0,8,3,1,6,0,4,1,4,4,0
9714,5,8,3,1,6,0,7,1,4,4,7
9715,6,5,2,7,1,5,9,2,3,2,9
9716,0,4,5,0,2,9,4,1,4,8,2
9717,3,6,1,8,5,3,2,6,0,1,1
9718,5,8,3,1,6,0,7,1,4,4,0
9719,4,5,8,9,3,4,3,0,8,7,3
9720,5,6,1,8,6,3,7,6,0,4,7
9721,6,5,2,7,1,5,9,2,3,2,9
9722,6,9,2,7,1,5,9,2,3,2,9
9723,4,5,8,9,3,4,3,0,8,7,3
9724,8,2,5,5,9,9,8,4,6,9,2
9725,6,6,2,7,1,5,9,2,3,2,9
9726,7,3,0,3,4,6,1,8,9,3,4
9727,3,6,1,8,5,3,2,6,0,1,1
9728,0,4,3,0,2,0,4,1,4,8,0
9729,5,8,3,1,6,0,7,1,4,4,7
9730,7,1,0,3,4,6,1,5,7,3,4
9731,7,8,3,1,6,0,1,1,4,4,4
9732,7,1,0,3,4,6,1,5,7,3,4
9733,3,0,1,4,5,3,2,6,1,1,1
9734,1,7,6,2,0,8,0,9,5,6,5
9735,9,9,9,2,7,1,5,7,2,0,5
9736,7,1,0,3,4,6,1,5,7,3,4
9737,6,5,2,7,1,5,9,2,3,2,9
9738,5,8,3,1,6,0,7,1,4,4,7
9739,7,1,0,3,4,6,1,5,7,3,4
9740,0,8,3,1,6,0,7,1,4,4,0
9741,8,2,7,5,9,7,8,4,6,9,8
9742,3,6,1,8,5,3,2,6,0,1,1
9743,2,0,7,4,8,7,6,3,1,5,6
9744,3,0,1,4,5,3,2,6,1,1,1
9745,4,5,8,9,3,4,3,0,8,7,3
9746,0,4,3,0,2,0,4,1,4,8,0
9747,8,2,5,5,9,9,8,4,6,9,8
9748,1,7,6,2,0,8,0,9,5,6,5
9749,2,3,4,6,8,2,6,8,9,5,6
9750,3,6,1,8,5,3,2,6,0,1,1
9751,8,2,7,5,9,7,8,4,6,9,8
9752,0,4,3,0,2,0,4,1,4,8,0
9753,3,0,1,4,5,3,2,6,1,1,1
9754,0,4,7,0,2,7,4,1,4,8,0
9755,9,9,9,2,7,1,5,7,2,0,5
9756,7,1,0,3,4,6,1,5,7,3,4
9757,6,5,2,7,1,5,9,2,3,2,9
9758,1,7,6,0,0,8,0,9,5,6,5
9759,7,1,4,3,4,2,1,5,7,3,6
9760,5,8,3,1,6,0,7,1,4,4,0
9761,8,2,7,5,9,7,8,4,6,9,8
9762,9,9,9,2,7,1,5,7,2,0,5
9763,9,9,9,2,7,1,5,3,2,0,8
9764,2,3,4,6,8,2,6,8,9,5,6
9765,4,5,8,9,3,4,3,0,8,7,3
9766,7,1,0,3,4,6,1,5,7,3,4
9767,8,2,5,5,9,9,8,4,6,9,2
9768,0,4,5,0,2,9,4,4,6,8,2
9769,2,3,4,6,8,2,6,8,9,5,6
9770,8,2,5,5,9,9,8,4,6,9,8
9771,0,4,7,0,2,7,4,4,6,8,0
9772,1,7,6,2,0,8,0,9,5,6,5
9773,3,0,1,4,5,3,2,6,1,1,1
9774,1,7,6,2,0,8,0,9,5,6,5
9775,9,9,9,2,7,1,5,7,2,0,5
9776,6,1,2,7,1,5,9,2,3,2,9
9777,6,5,2,7,1,5,9,2,3,2,9
9778,7,1,0,3,4,6,1,5,7,3,4
9779,7,1,0,3,4,6,1,5,7,3,6
9780,6,5,2,7,1,5,9,2,3,2,9
9781,5,2,7,5,9,7,8,4,6,9,8
9782,9,9,7,2,7,1,5,7,2,0,5
9783,2,2,7,5,8,7,6,3,6,5,8
9784,8,4,5,0,2,9,8,4,6,8,2
9785,4,5,8,9,3,4,3,0,8,7,3
9786,7,1,0,3,4,6,1,5,7,3,4
9787,8,2,5,5,9,9,8,4,6,9,8
9788,6,9,2,7,1,5,9,2,3,2,9
9789,2,0,4,6,8,2,6,3,9,5,6
9790,2,0,4,4,8,2,6,8,1,5,6
9791,8,2,7,5,9,7,8,4,6,9,8
9792,2,3,4,6,8,2,6,8,9,5,6
9793,8,2,5,5,9,9,8,4,6,9,2
9794,7,1,0,3,4,6,1,5,7,3,4
9795,8,2,7,5,9,7,8,4,2,9,8
9796,9,9,9,2,7,1,5,7,2,0,5
9797,7,1,0,3,4,6,1,5,7,3,4
9798,4,5,8,9,3,4,3,0,8,7,3
9799,2,3,4,6,8,2,6,8,9,5,6
9800,2,3,4,6,8,2,6,5,9,5,6
9801,2,3,7,6,8,2,6,3,9,5,8
9802,4,5,8,9,3,4,3,3,8,7,3
9803,9,9,9,2,7,1,5,7,2,0,5
9804,1,7,6,0,0,8,0,9,5,6,0
9805,2,3,4,6,8,2,6,8,9,5,6
9806,3,6,1,8,5,3,2,6,0,1,1
9807,2,3,4,6,8,2,6,3,9,5,6
9808,4,5,8,9,3,4,3,0,8,7,3
9809,6,5,2,7,1,5,9,2,3,2,9
9810,5,8,3,1,6,0,7,2,0,4,7
9811,2,3,4,6,8,2,6,8,9,5,6
9812,7,1,0,3,4,6,1,5,7,3,4
9813,4,5,8,9,3,4,3,3,8,7,3
9814,7,5,8,9,3,4,1,0,8,7,7
9815,9,9,9,2,7,1,5,7,2,0,5
9816,9,7,6,2,0,8,0,3,2,6,5
9817,8,2,7,5,9,7,8,4,6,9,8
9818,5,5,8,9,3,4,7,0,8,7,7
9819,6,5,2,7,1,5,9,2,3,2,9
9820,3,0,1,4,5,3,2,6,1,1,1
9821,8,2,7,5,9,7,8,4,6,9,8
9822,3,6,1,8,5,3,2,6,0,1,1
9823,3,0,1,4,5,3,2,6,1,1,1
9824,8,2,7,5,9,7,8,4,6,9,8
9825,8,2,7,5,9,7,8,4,6,9,8
9826,6,5,2,7,1,5,9,2,3,2,9
9827,0,4,7,0,2,7,4,4,6,8,0
9828,4,7,8,9,3,4,3,9,8,7,3
9829,7,1,0,3,4,6,1,5,7,3,4
9830,6,5,2,7,1,5,9,2,8,2,9
9831,8,2,5,5,9,9,8,4,6,9,8
9832,2,3,4,6,8,2,6,8,9,5,6
9833,8,2,5,5,9,9,8,4,6,9,8
9834,3,6,1,8,5,3,2,6,0,1,1
9835,8,2,7,5,9,7,8,4,6,9,8
9836,6,5,2,7,1,5,9,2,3,2,9
9837,9,9,9,2,7,1,5,7,2,0,5
9838,0,4,7,0,2,7,4,1,4,8,0
9839,2,3,4,6,8,2,6,8,9,5,6
9840,3,0,1,4,5,3,2,6,1,1,1
9841,6,5,2,7,1,5,9,2,3,2,9
9842,1,7,6,2,0,8,0,9,5,6,5
9843,8,2,5,5,9,9,8,4,6,9,8
9844,2,3,4,6,8,2,6,8,9,5,6
9845,8,2,7,5,9,7,8,3,6,9,8
9846,0,8,3,1,6,0,4,1,4,4,0
9847,2,3,4,6,8,2,6,8,9,5,6
9848,7,1,0,3,4,6,1,5,7,3,4
9849,9,9,7,2,7,7,5,3,2,0,8
9850,6,5,2,7,1,5,9,2,3,2,9
9851,2,0,4,4,8,2,6,3,1,5,6
9852,2,3,4,6,8,2,6,8,9,5,6
9853,6,5,2,7,1,5,9,2,3,2,9
9854,8,2,5,5,9,9,8,4,6,9,8
9855,6,5,2,7,1,5,9,2,3,2,9
9856,1,7,6,2,0,8,0,9,5,6,5
9857,3,0,1,4,5,3,2,6,1,1,1
9858,7,1,0,3,4,6,1,5,7,3,4
9859,9,2,7,2,7,7,5,3,2,0,8
9860,5,8,3,1,6,0,7,1,4,4,7
9861,2,3,4,6,8,2,6,8,9,5,8
9862,6,5,2,7,1,5,9,2,3,2,9
9863,4,5,8,9,3,4,3,0,8,7,3
9864,7,1,0,3,4,6,1,5,7,3,4
9865,3,0,1,4,5,3,2,6,1,1,1
9866,9,9,9,2,7,1,5,7,2,0,5
9867,9,9,9,2,7,1,5,7,2,0,8
9868,7,1,0,3,4,6,1,5,7,3,4
9869,3,0,1,4,5,3,2,6,1,1,1
9870,0,4,5,0,2,9,4,4,6,8,2
9871,7,1,0,3,4,6,1,5,7,3,4
9872,4,5,8,9,3,4,3,3,8,7,3
9873,2,3,4,6,8,2,6,8,9,5,6
9874,3,0,1,4,5,3,2,6,1,1,1
9875,9,9,9,2,7,1,5,7,2,0,5
9876,5,8,3,1,6,0,7,2,3,4,7
9877,3,0,1,4,5,3,2,6,1,1,1
9878,0,4,7,0,2,7,4,4,6,8,0
9879,2,1,4,3,8,2,6,5,7,5,6
9880,5,8,3,1,6,0,7,1,4,4,7
9881,3,0,1,4,5,3,2,6,1,1,1
9882,8,2,5,5,9,9,8,4,6,9,2
9883,8,2,7,5,9,7,8,4,6,9,8
9884,1,7,6,2,0,8,0,9,5,6,5
9885,8,2,5,5,9,9,8,4,6,9,8
9886,0,4,5,0,2,9,4,4,6,8,2
9887,8,2,7,5,9,7,8,4,6,9,8
9888,0,4,3,0,2,0,4,1,4,8,0
9889,8,2,7,5,9,7,8,4,6,9,8
9890,3,6,1,8,5,3,2,6,0,1,1
9891,6,5,2,7,1,5,9,2,3,2,9
9892,5,5,8,1,6,4,7,0,8,4,7
9893,0,4,7,0,2,7,4,4,6,8,0
9894,6,5,2,2,1,5,9,2,3,2,5
9895,9,9,9,2,7,1,5,7,2,0,5
9896,5,8,3,1,6,0,7,1,4,4,0
9897,6,5,2,7,1,5,9,2,3,2,9
9898,7,1,0,3,4,6,1,5,7,3,4
9899,2,7,4,2,8,2,6,3,2,5,5
9900,7,1,0,3,4,6,1,5,7,3,4
9901,8,2,5,5,9,9,8,4,6,9,8
9902,1,7,6,2,0,8,0,9,5,6,5
9903,9,9,9,2,7,1,5,7,2,0,5
9904,7,1,0,3,4,6,1,5,7,3,4
9905,0,4,5,0,2,9,4,4,6,8,2
9906,1,7,6,2,0,8,0,9,5,6,5
9907,9,9,9,2,7,1,5,7,2,0,5
9908,8,2,5,5,9,9,8,4,6,9,2
9909,4,5,8,9,3,4,3,3,8,7,3
9910,1,7,6,2,0,8,0,9,5,6,5
9911,8,2,5,5,9,9,8,4,6,9,8
9912,6,5,2,7,1,5,9,2,3,2,9
9913,2,3,4,6,8,2,6,5,9,5,6
9914,3,6,1,8,5,3,2,6,0,1,1
9915,2,1,4,3,8,2,6,5,7,5,6
9916,7,1,0,3,4,6,1,5,7,3,4
9917,4,5,8,9,3,4,3,3,8,7,3
9918,2,3,4,6,8,2,6,8,9,5,6
9919,9,9,9,2,7,1,5,9,2,0,5
9920,0,4,3,0,2,0,4,1,4,8,0
9921,4,5,8,9,3,4,3,3,8,7,3
9922,3,6,1,8,5,3,2,6,0,1,1
9923,6,5,2,7,1,5,9,2,3,2,9
9924,1,7,6,2,0,8,0,9,5,6,5
9925,2,3,4,6,8,2,6,8,9,5,6
9926,4,5,8,9,3,4,3,0,8,7,3
9927,8,2,9,5,9,1,8,4,2,9,8
9928,4,5,8,9,3,4,3,0,8,7,3
9929,4,5,8,9,3,4,3,3,8,7,3
9930,1,7,6,2,0,8,0,9,5,6,5
9931,0,4,3,1,2,0,4,1,4,8,0
9932,7,7,6,3,4,8,1,9,5,3,2
9933,8,2,7,5,9,7,8,4,6,9,8
9934,3,6,1,8,5,3,2,6,0,1,1
9935,2,3,4,6,8,2,6,8,9,5,6
9936,7,1,0,3,4,6,1,5,7,3,4
9937,2,3,4,6,8,2,6,8,9,5,6
9938,0,4,6,0,2,8,4,9,5,8,5
9939,6,5,2,7,1,5,9,2,3,2,9
9940,8,2,5,5,9,9,8,4,6,9,8
9941,0,4,7,0,2,7,4,4,6,8,0
9942,1,7,6,2,0,8,0,9,5,6,5
9943,4,5,8,9,3,4,3,0,8,7,3
9944,2,3,4,6,8,2,6,8,9,5,6
9945,2,3,4,6,8,2,6,3,9,5,6
9946,4,5,8,9,3,4,3,0,8,7,3
9947,9,2,7,2,7,1,5,3,2,0,8
9948,4,5,8,9,3,4,3,0,8,7,7
9949,8,2,7,5,9,7,8,4,6,9,8
9950,0,4,3,0,2,0,4,1,4,8,0
9951,8,2,7,5,9,7,8,3,6,9,8
9952,7,1,0,3,4,6,1,5,7,3,4
9953,7,1,0,3,4,6,1,5,7,3,4
9954,8,2,5,5,9,9,8,4,6,9,8
9955,8,2,5,5,9,9,8,4,6,9,8
9956,7,1,0,3,4,6,1,5,7,3,4
9957,8,2,7,5,9,7,8,4,6,9,8
9958,7,1,0,3,4,6,1,5,7,3,4
9959,2,3,4,7,8,2,6,2,3,5,6
9960,1,7,6,2,0,8,0,9,5,6,5
9961,4,5,8,9,3,4,3,3,8,7,3
9962,7,9,0,3,7,6,5,7,7,0,4
9963,3,0,1,4,5,3,2,3,1,1,1
9964,6,5,2,7,1,5,9,2,3,2,9
9965,3,0,1,4,5,3,2,6,1,1,1
9966,3,0,1,4,5,3,2,6,1,1,1
9967,4,5,8,9,3,4,3,0,8,7,3
9968,5,8,3,1,6,0,7,1,4,4,0
9969,8,2,7,5,9,7,8,4,6,9,8
9970,2,3,4,6,8,2,6,8,9,5,6
9971,3,0,1,4,5,3,2,6,1,1,1
9972,1,7,6,2,0,8,0,9,5,6,5
9973,9,9,9,2,7,1,5,7,2,0,5
9974,7,1,0,3,4,6,1,5,7,3,4
9975,9,9,9,2,7,1,5,7,2,0,5
9976,8,2,7,5,9,7,8,4,6,9,8
9977,2,3,4,6,8,2,6,8,9,5,6
9978,2,3,4,6,8,2,6,3,9,5,6
9979,5,8,3,1,6,0,7,1,4,4,0
9980,5,8,3,1,6,0,7,1,4,4,7
9981,9,9,9,2,7,1,5,7,2,0,5
9982,2,3,4,6,8,2,6,8,9,5,6
9983,3,0,1,4,5,3,2,3,1,1,1
9984,5,8,3,1,6,0,7,1,4,4,7
9985,3,0,1,4,5,3,2,6,1,1,1
9986,3,6,1,8,5,3,2,6,0,1,1
9987,9,9,9,2,7,1,5,7,2,0,5
9988,0,4,5,0,2,9,4,4,6,8,2
9989,6,5,2,7,1,5,9,2,3,2,9
9990,8,2,5,5,9,9,8,4,6,9,8
9991,7,1,0,3,4,6,1,3,7,3,4
9992,0,4,3,0,2,0,4,1,4,8,2
9993,8,2,7,5,9,7,8,4,6,9,8
9994,3,6,1,8,5,3,2,6,0,1,1
9995,2,3,4,6,8,2,6,8,9,5,6
9996,7,1,0,3,4,6,1,5,7,3,4
9997,9,5,9,2,7,1,5,3,2,0,5
9998,0,4,7,0,2,7,4,1,4,8,0
9999,8,2,5,5,9,9,8,4,6,9,8
10000,7,1,0,3,4,6,1,5,7,3,4
10001,2,3,4,6,8,2,6,8,9,5,6
10002,0,4,5,0,2,9,4,4,6,8,2
10003,0,4,7,0,2,7,4,1,4,8,0
10004,5,8,3,1,6,0,7,1,4,4,7
10005,3,0,1,4,5,3,2,6,1,1,1
10006,1,7,6,2,0,8,0,9,5,6,5
10007,9,9,9,2,7,1,5,7,2,0,5
10008,7,1,0,3,4,6,1,5,7,3,4
10009,6,5,2,7,1,5,9,2,3,2,9
10010,3,6,1,8,5,3,2,6,0,1,1
10011,7,1,0,3,4,6,1,5,7,3,4
10012,7,1,0,3,4,6,1,5,7,3,4
10013,5,8,3,1,6,0,7,1,4,4,7
10014,0,4,3,0,2,0,4,1,4,8,2
10015,2,3,4,6,8,2,6,3,9,5,6
10016,6,5,2,7,1,5,9,2,3,2,9
10017,4,5,8,9,3,4,3,0,8,7,3
10018,0,4,3,0,2,0,4,1,4,8,0
10019,8,2,5,5,9,9,8,4,6,9,8
10020,1,7,6,2,0,8,0,9,5,6,5
10021,9,9,9,2,7,1,5,7,2,0,6
10022,3,6,1,8,5,3,2,6,0,1,1
10023,0,4,7,0,2,7,4,1,4,8,0
10024,9,9,9,2,7,1,5,7,2,0,5
10025,3,0,1,4,5,3,2,3,1,1,1
10026,3,0,1,4,5,3,2,6,1,1,1
10027,9,9,9,2,7,1,5,7,2,0,5
10028,5,8,2,1,6,5,7,2,3,4,7
10029,6,5,2,7,1,5,9,2,3,2,9
10030,7,1,0,3,4,6,1,5,7,3,4
10031,7,1,0,3,4,6,1,5,7,3,4
10032,5,8,3,1,6,0,7,2,3,4,7
10033,8,2,7,5,9,7,8,4,6,9,0
10034,7,1,0,3,4,6,1,5,7,3,4
10035,2,7,4,2,8,2,6,3,2,5,8
10036,4,5,8,9,3,4,3,3,8,7,3
10037,4,5,8,9,3,4,3,3,8,7,3
10038,5,8,3,1,6,0,7,0,0,4,7
10039,8,2,5,5,9,9,8,4,6,9,8
10040,1,7,6,2,0,8,0,9,5,6,5
10041,9,9,9,2,7,1,5,7,2,0,5
10042,6,5,2,7,1,5,9,2,3,2,9
10043,8,2,7,5,9,7,8,4,6,9,8
10044,3,6,1,8,5,3,2,6,0,1,1
10045,3,0,1,4,5,3,2,6,1,1,1
10046,8,2,5,5,9,9,8,4,6,9,2
10047,0,4,3,0,2,0,4,1,4,8,0
10048,1,7,6,2,0,8,0,9,5,6,5
10049,2,3,4,6,8,2,6,3,9,5,6
10050,5,8,3,1,6,0,7,1,4,4,7
10051,2,7,4,2,8,2,6,3,5,5,5
10052,7,1,0,3,4,6,1,5,7,3,4
10053,4,5,8,9,3,4,3,0,8,7,3
10054,5,3,3,1,6,0,7,8,4,4,8
10055,8,2,7,5,9,7,8,4,6,9,8
10056,2,1,4,9,8,2,6,3,7,5,3
10057,2,3,4,6,8,2,6,8,9,5,8
10058,1,7,6,2,0,8,0,9,5,6,5
10059,8,2,7,5,9,7,8,4,6,9,8
10060,8,2,7,5,9,7,8,4,6,9,8
10061,9,9,9,2,7,1,5,7,2,0,5
10062,7,1,0,3,4,6,1,5,7,3,4
10063,8,2,5,5,9,9,8,4,6,9,8
10064,5,8,3,1,6,0,7,1,4,4,7
10065,9,9,9,2,7,1,5,3,2,0,5
10066,2,3,4,6,8,2,6,8,9,5,6
10067,9,9,9,2,7,1,5,7,2,0,5
10068,1,7,6,2,0,8,0,9,5,6,5
10069,6,0,2,4,1,5,9,3,1,2,9
10070,5,8,3,1,6,0,7,1,4,4,7
10071,3,0,1,4,5,3,2,6,1,1,1
10072,6,5,2,7,1,5,9,2,3,2,9
10073,6,9,2,7,1,5,9,2,3,2,9
10074,7,1,0,3,4,6,1,5,7,3,4
10075,6,3,2,7,1,5,9,2,3,2,9
10076,5,5,8,9,3,4,7,0,8,7,7
10077,8,2,5,5,9,9,8,4,6,9,2
10078,6,5,2,7,1,5,9,2,3,2,9
10079,2,3,4,6,8,2,6,7,2,5,6
10080,3,6,1,8,5,3,2,6,0,1,1
10081,6,5,2,7,1,5,9,2,3,2,9
10082,6,1,2,7,1,5,9,2,3,2,9
10083,3,0,1,4,5,3,2,6,1,1,1
10084,6,1,2,7,1,5,9,2,3,2,9
10085,1,7,6,2,0,8,0,9,5,6,5
10086,5,8,3,1,6,0,7,1,4,4,7
10087,6,9,2,7,1,5,9,2,3,2,9
10088,0,4,7,0,2,7,4,4,6,8,0
10089,9,9,9,2,7,1,5,7,2,0,5
10090,6,5,2,7,1,5,9,2,3,2,9
10091,2,1,4,3,8,2,6,5,7,5,6
10092,2,3,4,6,8,2,6,8,9,5,6
10093,7,1,0,3,4,6,1,5,7,3,4
10094,0,8,3,1,6,0,7,1,4,4,0
10095,8,2,5,5,9,9,8,4,6,9,8
10096,9,9,9,2,7,1,5,7,2,0,5
10097,2,3,4,6,8,2,6,8,9,5,6
10098,1,7,6,2,0,8,0,9,5,6,5
10099,2,3,4,7,8,2,6,3,3,5,6
10100,6,5,2,7,1,5,9,2,3,2,9
10101,4,5,8,9,3,4,3,3,8,7,3
10102,5,8,3,1,6,0,7,1,4,4,7
10103,9,9,9,2,7,1,5,7,2,0,8
10104,5,8,3,1,6,0,7,1,4,4,7
10105,0,4,7,0,2,7,4,4,6,8,0
10106,9,9,9,2,7,1,5,7,2,0,5
10107,4,0,8,4,3,4,3,3,1,7,3
10108,4,3,4,9,8,2,3,3,8,5,3
10109,8,2,7,5,9,7,8,4,6,9,8
10110,1,7,6,2,0,8,0,9,5,6,5
10111,2,3,4,6,8,2,6,3,9,5,6
10112,5,8,3,1,6,0,7,1,4,4,7
10113,6,5,2,7,1,5,9,2,3,2,9
10114,0,4,7,0,2,7,4,1,4,8,0
10115,2,3,9,6,8,1,6,7,2,5,6
10116,0,4,3,0,2,0,4,1,4,8,2
10117,6,5,2,7,1,5,9,2,3,2,9
10118,1,7,6,2,0,8,0,9,5,6,5
10119,3,0,1,4,5,3,2,6,1,1,1
10120,3,6,1,8,5,3,2,6,0,1,1
10121,3,0,1,4,5,3,2,6,1,1,1
10122,6,5,2,7,1,5,9,2,3,2,9
10123,9,9,9,2,7,1,5,7,2,0,5
10124,0,4,7,0,2,7,4,4,9,8,8
10125,2,3,4,6,8,2,6,8,9,5,6
10126,2,3,4,6,8,2,6,8,9,5,6
10127,5,8,3,1,6,0,7,1,4,4,7
10128,3,6,1,8,5,3,2,6,0,1,1
10129,9,9,9,2,7,1,5,7,2,0,5
10130,6,5,2,7,1,5,9,2,3,2,9
10131,8,2,5,5,9,9,8,4,6,9,8
10132,0,4,3,0,2,0,4,1,4,8,0
10133,8,2,7,5,9,7,8,4,6,9,8
10134,9,9,9,2,7,1,5,7,2,0,5
10135,4,5,8,9,3,4,3,3,8,7,3
10136,1,7,6,2,0,8,0,9,5,6,5
10137,2,3,4,2,8,2,6,5,2,5,6
10138,6,5,2,7,1,5,9,2,3,2,9
10139,9,9,9,2,7,1,5,7,2,0,5
10140,3,0,1,4,5,3,2,6,1,1,1
10141,7,1,0,3,4,6,1,5,7,3,4
10142,0,4,6,0,2,8,4,9,5,8,0
10143,8,2,7,5,9,7,8,4,6,9,8
10144,7,1,0,3,4,6,1,5,7,3,4
10145,9,9,9,2,7,1,5,7,2,0,5
10146,2,3,4,6,8,2,6,3,9,5,6
10147,8,2,5,5,9,9,8,4,6,9,8
10148,8,2,5,5,9,9,8,4,6,9,2
10149,9,5,9,9,7,1,5,3,2,0,3
10150,0,4,7,0,2,7,4,1,4,8,0
10151,9,9,9,2,7,1,5,7,2,0,5
10152,1,7,6,2,0,8,0,9,5,6,5
10153,8,2,7,5,9,7,8,4,6,9,8
10154,0,4,7,0,2,7,4,4,6,8,0
10155,2,0,4,4,8,2,6,3,1,5,6
10156,9,9,9,2,7,1,5,7,2,0,5
10157,9,9,9,2,7,1,5,7,2,0,5
10158,6,5,2,7,1,5,9,2,3,2,9
10159,9,9,7,5,7,7,5,7,2,0,8
10160,8,2,5,5,9,9,8,4,6,9,8
10161,2,3,4,6,8,2,6,8,9,5,6
10162,7,1,0,3,4,6,1,5,7,3,4
10163,4,5,8,9,3,4,3,3,8,7,3
10164,4,5,8,9,3,4,3,0,8,7,3
10165,8,2,7,5,9,7,8,4,6,9,8
10166,0,4,3,0,2,0,4,1,4,8,0
10167,3,0,1,4,5,3,2,6,1,1,1
10168,3,6,1,8,5,3,2,6,0,1,1
10169,9,9,9,2,7,1,5,7,2,0,5
10170,0,4,5,0,2,9,4,4,6,8,2
10171,8,2,5,5,9,9,8,4,6,9,8
10172,9,9,9,2,7,1,5,7,2,0,5
10173,9,9,9,2,7,1,5,7,2,0,5
10174,4,5,8,9,3,4,3,3,8,7,3
10175,8,2,7,5,9,7,8,4,6,9,8
10176,3,6,1,8,5,3,2,6,0,1,1
10177,8,2,7,5,9,7,8,4,6,9,8
10178,0,4,3,0,2,0,4,1,4,8,2
10179,8,2,5,5,9,9,8,4,6,9,2
10180,1,7,6,2,0,8,0,9,5,6,5
10181,8,2,5,5,9,9,8,4,6,9,8
10182,2,1,4,3,8,2,6,5,7,5,6
10183,0,4,7,0,2,7,4,1,4,8,0
10184,5,8,3,1,6,0,7,1,4,4,7
10185,2,3,4,6,8,2,6,3,9,5,6
10186,5,8,3,1,6,0,7,1,4,4,7
10187,9,9,9,2,7,1,5,7,2,0,5
10188,3,6,1,8,5,3,2,6,0,1,1
10189,2,3,4,6,8,2,6,8,9,5,6
10190,4,5,8,9,3,4,3,0,8,7,3
10191,9,9,9,2,7,1,5,7,2,0,8
10192,7,1,4,3,4,6,1,5,7,3,6
10193,8,2,7,5,9,7,8,4,6,9,8
10194,6,5,2,7,1,5,9,2,3,2,9
10195,6,9,2,7,1,5,9,3,3,2,9
10196,5,8,3,1,6,0,7,0,8,4,7
10197,9,9,9,2,7,1,5,7,2,0,5
10198,0,4,7,0,2,7,4,1,4,8,0
10199,8,2,7,5,9,7,8,4,6,9,8
10200,6,9,2,7,1,5,9,2,3,2,9
10201,2,3,4,6,8,2,6,8,9,5,6
10202,5,8,3,1,6,0,7,1,4,4,7
10203,3,0,1,4,5,3,2,6,1,1,1
10204,3,6,1,4,5,3,2,6,1,1,1
10205,2,3,4,6,8,2,6,8,9,5,6
10206,7,1,0,3,4,6,1,5,7,3,4
10207,6,5,2,7,1,5,9,2,3,2,9
10208,0,4,7,0,2,7,4,4,6,8,0
10209,8,2,7,5,9,7,8,4,6,9,8
10210,5,8,3,1,6,0,7,1,4,4,7
10211,2,3,4,6,8,2,6,8,9,5,6
10212,5,8,3,1,6,0,7,1,4,4,7
10213,4,5,8,9,3,4,3,0,8,7,3
10214,1,3,6,2,0,8,0,9,9,6,5
10215,0,4,5,0,2,9,4,1,4,8,2
10216,4,5,8,9,3,4,3,3,8,7,3
10217,7,1,0,3,4,6,1,8,9,3,4
10218,6,5,2,7,1,5,9,2,3,2,7
10219,0,4,7,0,2,7,4,4,6,8,0
10220,1,7,6,2,0,8,0,9,5,6,5
10221,3,0,1,4,5,3,2,6,1,1,1
10222,0,4,4,0,2,2,4,8,9,8,0
10223,9,9,9,2,7,1,5,7,2,0,5
10224,4,5,8,9,3,4,3,0,8,7,3
10225,8,2,7,5,9,7,8,8,9,9,8
10226,7,1,0,3,4,6,1,5,7,3,4
10227,2,3,4,6,8,2,6,3,9,5,6
10228,6,4,5,7,1,9,9,4,6,2,9
10229,4,5,8,9,3,4,3,0,8,7,3
10230,3,6,1,8,5,3,2,6,0,1,1
10231,0,4,5,0,2,9,4,4,6,8,2
10232,0,4,7,0,2,7,4,1,4,8,0
10233,2,3,4,6,8,2,6,8,9,5,6
10234,4,5,8,9,3,4,3,0,8,7,3
10235,8,2,7,5,9,7,8,4,6,9,8
10236,5,8,3,1,6,0,7,1,4,4,7
10237,3,6,1,8,5,3,2,6,0,1,1
10238,7,1,0,3,4,6,1,5,7,3,4
10239,9,9,9,2,7,1,5,7,2,0,5
10240,4,5,8,9,3,4,3,0,8,7,3
10241,8,2,7,5,9,7,8,8,9,9,8
10242,7,0,0,4,4,6,1,5,1,3,4
10243,8,2,5,5,9,9,8,4,6,9,2
10244,7,1,0,3,4,6,1,0,7,3,4
10245,3,0,1,4,5,3,2,6,1,1,1
10246,4,5,8,9,3,4,3,0,8,7,3
10247,0,4,7,0,2,7,4,4,6,8,0
10248,1,7,6,2,0,8,0,9,5,6,5
10249,0,4,7,0,2,7,4,8,9,8,0
10250,7,3,4,6,4,6,1,8,9,3,6
10251,8,2,5,5,9,9,8,4,6,9,8
10252,0,4,7,0,2,7,4,1,4,8,0
10253,0,4,5,0,2,9,4,4,6,8,2
10254,3,6,1,8,5,3,2,6,0,1,1
10255,2,2,7,6,8,7,6,3,9,5,8
10256,2,5,4,7,8,2,6,3,4,5,6
10257,9,9,9,7,7,1,5,7,2,0,9
10258,7,1,0,3,4,6,1,5,7,3,4
10259,3,0,1,4,5,3,2,6,1,1,1
10260,7,1,0,3,4,6,1,5,7,3,4
10261,3,0,1,4,5,3,2,3,1,1,1
10262,5,8,3,1,6,0,7,1,4,4,7
10263,8,2,5,5,9,9,8,4,6,9,2
10264,6,9,2,7,1,5,9,2,3,2,9
10265,5,8,1,1,6,3,7,0,8,4,7
10266,1,7,6,2,0,8,0,9,5,6,5
10267,9,9,9,2,7,1,5,7,2,0,5
10268,9,9,9,2,7,1,5,7,2,0,5
10269,8,2,7,5,9,7,8,4,6,9,8
10270,4,5,8,9,3,4,3,3,8,7,3
10271,4,0,8,4,3,4,3,3,1,7,3
10272,2,1,4,3,8,2,6,3,9,5,6
10273,2,0,4,4,8,2,6,3,1,5,6
10274,2,3,4,6,8,2,6,8,9,5,6
10275,2,0,4,4,8,2,6,3,1,5,6
10276,3,6,1,8,5,3,2,6,0,1,1
10277,2,3,4,6,8,2,6,8,9,5,6
10278,7,1,0,3,4,6,1,5,7,3,4
10279,6,5,2,7,1,5,9,2,3,2,9
10280,5,8,3,1,6,0,7,1,4,4,7
10281,8,2,7,5,9,7,8,8,6,9,8
10282,7,1,0,3,4,6,1,5,7,3,4
10283,3,0,1,4,5,3,2,6,1,1,1
10284,0,4,3,0,2,0,4,1,4,8,0
10285,9,9,9,2,7,1,5,7,2,0,5
10286,7,1,0,3,4,6,1,5,7,3,4
10287,0,4,5,0,2,9,4,4,6,8,2
10288,7,1,0,3,4,6,1,5,7,3,4
10289,4,5,8,9,3,4,3,0,8,7,3
10290,1,7,6,2,0,8,0,9,5,6,5
10291,4,5,8,9,3,4,3,0,8,7,3
10292,5,8,3,1,6,0,7,1,4,4,7
10293,9,9,9,2,7,1,5,7,2,0,5
10294,4,5,8,9,3,4,3,0,8,7,3
10295,8,2,5,5,9,9,8,4,6,9,2
10296,0,4,5,0,2,9,4,4,6,8,2
10297,8,1,5,5,9,9,8,4,6,9,2
10298,9,9,9,2,7,1,5,3,2,0,5
10299,4,5,8,9,3,4,3,0,8,7,3
10300,6,3,2,7,1,5,9,2,3,2,9
10301,9,9,9,2,7,1,5,7,2,0,9
10302,0,4,5,0,2,9,4,1,4,8,2
10303,5,8,8,1,6,4,7,0,8,4,7
10304,3,6,1,8,5,3,2,0,0,1,1
10305,0,4,7,0,2,7,4,4,6,8,0
10306,0,8,3,1,6,0,4,1,4,4,0
10307,4,5,8,9,3,4,3,0,8,7,3
10308,6,3,2,7,1,5,9,2,3,2,9
10309,8,2,5,5,9,9,8,4,6,9,2
10310,5,8,3,1,6,0,7,1,4,4,7
10311,8,2,7,5,9,7,8,4,6,9,8
10312,2,3,4,6,8,2,6,8,9,5,6
10313,0,4,7,0,2,7,4,8,6,8,0
10314,7,1,0,3,4,6,1,5,7,3,4
10315,8,2,5,5,9,9,8,4,6,9,2
10316,7,1,0,3,4,6,1,5,7,3,4
10317,6,5,2,7,1,5,9,2,3,2,9
10318,1,7,6,2,0,8,0,9,5,6,5
10319,8,2,7,5,9,7,8,8,9,9,8
10320,8,2,7,5,9,7,8,4,6,9,8
10321,4,5,8,9,3,4,3,0,8,7,7
10322,7,1,0,3,4,6,1,5,7,3,5
10323,3,0,1,4,5,3,2,6,1,1,1
10324,0,4,5,0,2,9,4,4,6,8,2
10325,1,7,6,2,0,8,0,9,5,6,5
10326,3,6,1,8,5,3,2,6,0,1,1
10327,6,5,2,7,1,5,9,2,3,2,9
10328,7,1,0,3,4,6,1,5,7,3,4
10329,7,1,0,3,4,6,1,5,7,3,4
10330,7,1,0,3,4,6,1,5,7,3,4
10331,0,4,7,0,2,7,4,1,4,8,0
10332,4,5,8,9,3,4,3,0,8,7,3
10333,7,1,0,3,4,6,1,5,7,3,4
10334,3,6,1,8,5,3,2,6,0,1,1
10335,4,5,8,9,3,4,3,3,8,7,3
10336,0,8,3,0,2,0,4,1,4,8,0
10337,8,2,5,5,9,9,8,4,6,9,2
10338,5,8,3,1,6,0,7,1,4,4,7
10339,2,3,4,6,8,2,6,8,9,5,6
10340,3,0,1,4,5,3,2,6,1,1,1
10341,0,4,3,0,2,0,4,1,4,8,0
10342,9,9,9,2,7,1,5,7,2,0,5
10343,3,0,1,4,5,3,2,6,1,1,1
10344,6,5,2,7,1,5,9,2,3,2,7
10345,9,9,9,2,7,1,5,7,2,0,5
10346,1,7,6,2,0,8,0,9,5,6,5
10347,6,5,2,7,1,5,9,2,3,2,9
10348,3,6,1,8,5,3,2,6,0,1,1
10349,7,1,0,3,4,6,1,5,7,3,4
10350,5,8,3,1,6,0,7,1,4,4,7
10351,0,4,7,0,2,7,4,1,4,8,0
10352,3,6,1,8,5,3,2,6,0,1,1
10353,2,0,4,4,8,2,6,3,1,5,6
10354,6,5,2,7,1,5,9,2,3,2,9
10355,4,5,8,9,3,4,3,3,8,7,3
10356,4,5,8,9,3,4,3,0,8,7,3
10357,8,2,5,5,9,9,8,4,6,9,2
10358,1,7,6,2,0,8,0,9,5,6,5
10359,7,1,0,3,4,6,1,8,7,3,4
10360,7,1,0,3,4,6,1,5,7,3,4
10361,8,4,7,5,9,7,8,4,6,9,2
10362,1,7,6,2,0,8,0,9,5,6,5
10363,3,6,1,8,5,3,2,6,0,1,1
10364,1,7,6,2,0,8,0,9,5,6,5
10365,9,9,9,2,7,1,5,7,2,0,5
10366,2,3,4,9,8,2,6,3,8,5,3
10367,6,5,2,7,1,5,9,2,3,2,9
10368,6,9,2,7,1,5,9,2,3,2,9
10369,7,1,0,3,4,6,1,5,7,3,4
10370,2,1,4,3,8,2,6,5,7,5,6
10371,5,8,3,1,6,0,7,1,4,4,7
10372,3,6,1,8,5,3,2,6,0,1,1
10373,3,0,1,4,5,3,2,3,1,1,1
10374,0,4,7,0,2,7,4,1,4,8,0
10375,4,0,8,9,3,4,3,3,1,7,3
10376,1,7,6,2,0,8,0,9,5,6,5
10377,8,2,5,5,9,9,8,4,6,9,2
10378,1,7,6,2,0,8,0,9,5,6,5
10379,2,3,4,6,8,2,6,8,9,5,6
10380,3,6,1,8,5,3,2,6,0,1,1
10381,8,2,7,5,9,7,8,4,6,9,2
10382,0,4,7,0,2,7,4,4,6,8,0
10383,4,0,8,9,3,4,3,0,8,7,3
10384,3,6,1,8,5,3,2,6,0,1,1
10385,3,0,1,4,5,3,2,6,1,1,1
10386,2,3,4,6,8,2,6,8,9,5,6
10387,8,2,7,5,9,7,8,4,6,9,8
10388,0,4,5,0,2,9,4,1,4,8,2
10389,7,1,0,3,4,6,1,5,7,3,4
10390,7,1,0,3,4,6,1,5,7,3,4
10391,8,2,7,5,9,7,8,4,6,9,8
10392,8,2,5,5,9,9,8,4,6,9,2
10393,7,1,0,3,4,6,1,5,7,3,4
10394,8,2,5,5,9,9,8,4,6,9,2
10395,2,3,4,6,8,2,6,8,9,5,6
10396,0,8,3,0,2,0,4,1,4,8,0
10397,7,1,0,3,4,6,1,5,7,3,4
10398,2,3,4,6,8,2,6,8,9,5,6
10399,9,9,9,2,7,1,5,7,2,0,5
10400,7,1,0,3,4,6,1,5,7,3,4
10401,3,0,1,4,5,3,2,5,7,1,1
10402,7,1,0,3,4,6,1,5,7,3,4
10403,6,5,2,7,1,5,9,2,3,2,9
10404,1,7,6,2,0,8,0,9,5,6,5
10405,7,1,0,3,4,6,1,5,7,3,4
10406,6,5,2,7,1,5,9,2,3,2,9
10407,3,0,1,4,5,3,2,6,1,1,1
10408,0,4,5,0,2,9,4,4,6,8,2
10409,9,9,9,2,7,1,5,7,2,0,5
10410,8,2,7,5,9,7,8,4,6,9,8
10411,6,5,2,7,1,5,9,2,3,2,9
10412,7,1,0,8,4,6,1,5,0,3,4
10413,9,9,9,2,7,1,5,7,2,0,5
10414,5,8,3,1,6,0,7,1,4,4,7
10415,7,1,0,3,4,6,1,5,7,3,4
10416,1,7,6,2,0,8,0,9,5,6,5
10417,6,5,2,7,1,5,9,2,3,2,9
10418,4,5,8,9,3,4,3,0,8,7,3
10419,4,5,8,9,3,4,3,3,8,7,3
10420,1,7,6,2,0,8,0,9,5,6,5
10421,3,0,1,4,5,3,2,6,1,1,1
10422,2,3,4,6,8,2,6,8,9,5,6
10423,7,1,0,3,4,6,1,5,7,3,4
10424,7,1,0,3,4,6,1,5,7,3,4
10425,3,0,1,4,5,3,2,6,1,1,1
10426,2,3,4,6,8,2,6,8,9,5,6
10427,8,2,5,5,9,9,8,4,6,9,2
10428,0,4,3,0,2,0,4,1,4,8,0
10429,6,5,2,7,1,5,9,2,3,2,9
10430,7,1,0,3,4,6,1,5,7,3,4
10431,8,2,5,5,9,9,8,4,6,9,8
10432,2,3,4,6,8,2,6,3,9,5,6
10433,8,2,7,5,9,7,8,4,6,9,8
10434,1,7,6,2,0,8,0,9,5,6,5
10435,4,5,8,9,3,4,3,3,8,7,3
10436,9,9,9,2,7,1,5,7,2,0,5
10437,2,0,7,4,8,7,6,3,1,5,0
10438,7,1,0,3,4,6,1,5,7,3,4
10439,3,0,1,4,5,3,2,6,1,1,1
10440,4,5,8,9,3,4,3,0,8,7,3
10441,3,0,1,4,5,3,2,5,1,1,1
10442,4,5,8,9,3,4,3,0,8,7,3
10443,5,8,3,1,6,0,4,1,4,4,7
10444,0,4,6,0,2,8,4,9,5,8,0
10445,0,4,7,0,2,7,4,4,6,8,0
10446,7,1,0,3,4,6,1,5,7,3,4
10447,2,3,4,6,8,2,6,8,9,5,6
10448,9,9,9,2,7,1,5,7,2,0,5
10449,0,4,7,0,2,7,4,1,4,8,0
10450,1,7,6,2,0,8,0,9,5,6,5
10451,7,1,0,3,4,6,1,5,7,3,4
10452,4,5,8,9,3,4,3,0,8,7,3
10453,7,1,0,3,4,6,1,5,7,3,4
10454,7,1,0,3,4,6,1,5,7,3,4
10455,9,9,9,2,7,1,5,7,2,0,5
10456,3,0,1,4,5,3,2,3,1,1,1
10457,8,2,5,5,9,9,8,4,6,9,8
10458,1,7,6,2,0,8,0,9,5,6,5
10459,0,4,7,0,2,7,4,4,6,8,0
10460,8,2,7,5,9,7,8,4,6,9,8
10461,8,2,5,5,9,9,8,4,6,9,2
10462,0,4,3,0,2,0,4,1,4,8,0
10463,4,0,8,9,3,4,3,3,8,7,3
10464,6,5,2,7,1,5,9,2,3,2,9
10465,3,1,1,3,5,3,2,6,7,1,1
10466,1,7,6,2,0,8,0,9,5,6,5
10467,8,2,7,5,9,7,8,4,6,9,8
10468,9,9,9,2,7,1,5,7,2,0,5
10469,3,0,1,4,5,3,2,6,1,1,1
10470,2,3,4,6,8,2,6,3,9,5,6
10471,3,0,1,4,5,3,2,6,1,1,1
10472,6,5,2,7,1,5,9,2,3,2,9
10473,4,0,8,9,3,4,3,3,1,7,3
10474,8,2,5,5,9,9,8,4,6,9,8
10475,4,5,8,9,3,4,3,3,8,7,3
10476,9,9,9,7,7,1,5,7,2,0,9
10477,6,5,2,7,1,5,9,2,3,2,9
10478,0,4,7,0,2,7,4,1,4,8,0
10479,3,0,1,4,5,3,2,6,1,1,1
10480,5,8,3,1,6,0,7,1,4,4,7
10481,4,0,8,4,3,4,3,3,1,7,3
10482,2,3,4,6,8,2,6,8,9,5,6
10483,2,3,4,6,8,2,6,8,9,5,6
10484,4,5,8,9,3,4,3,3,8,7,3
10485,8,2,9,2,9,1,8,7,6,9,5
10486,2,3,4,6,8,2,6,8,9,5,6
10487,8,2,5,5,9,9,8,4,6,9,8
10488,3,6,1,8,5,3,2,6,0,1,1
10489,0,4,7,0,2,7,4,1,4,8,0
10490,2,3,4,6,8,2,6,8,9,5,6
10491,0,4,3,0,2,0,4,1,4,8,0
10492,7,1,4,3,4,2,1,5,7,3,6
10493,7,1,0,3,4,6,1,8,7,3,4
10494,5,8,3,1,6,0,7,1,4,4,7
10495,0,4,7,0,2,7,4,4,6,8,0
10496,8,2,5,5,9,9,8,4,6,9,2
10497,6,0,2,7,1,5,9,2,3,2,9
10498,9,2,7,5,7,7,5,3,2,0,8
10499,7,3,0,6,4,6,1,8,9,3,4
10500,1,7,9,2,0,1,5,9,2,6,5
10501,0,4,7,0,2,7,4,1,4,8,0
10502,6,7,6,7,1,8,9,2,5,2,5
10503,3,0,1,4,5,3,2,6,1,1,1
10504,0,4,7,0,2,7,4,4,6,8,0
10505,3,0,1,4,5,3,2,6,1,1,1
10506,2,7,4,2,8,2,6,3,9,5,6
10507,8,4,7,5,9,7,8,4,6,9,0
10508,1,7,6,2,0,8,0,9,5,6,5
10509,2,0,4,4,8,2,6,3,1,5,6
10510,8,2,9,5,9,1,8,4,6,9,8
10511,7,1,0,3,4,6,1,5,7,3,4
10512,1,7,6,2,0,8,0,9,5,6,5
10513,7,1,0,3,4,6,1,8,7,3,4
10514,1,7,6,2,0,8,0,9,5,6,5
10515,5,8,2,1,6,5,7,8,3,4,7
10516,0,4,7,0,2,7,4,1,4,8,0
10517,8,2,9,5,9,1,8,4,6,9,8
10518,1,7,6,3,0,8,0,9,5,6,4
10519,9,9,9,2,7,1,5,7,2,0,5
10520,7,1,0,3,4,6,1,5,7,3,4
10521,0,4,7,0,2,7,4,1,4,8,0
10522,5,8,3,1,6,0,7,1,4,4,7
10523,3,6,1,8,5,3,2,6,0,1,1
10524,5,8,3,1,6,0,7,1,4,4,7
10525,0,4,7,0,2,7,4,4,6,8,0
10526,6,9,2,7,1,5,9,2,3,2,9
10527,7,1,0,3,4,6,1,5,7,3,4
10528,6,9,2,7,1,5,9,2,3,2,9
10529,0,4,7,0,2,7,4,1,4,8,0
10530,3,6,1,8,5,3,2,6,0,1,1
10531,3,0,1,4,5,3,2,6,1,1,1
10532,4,5,8,9,3,4,3,0,8,7,3
10533,8,2,5,5,9,9,8,4,6,9,8
10534,4,5,8,9,3,4,3,0,8,7,3
10535,6,5,2,7,1,5,9,2,3,2,9
10536,2,3,4,6,8,2,6,8,9,5,6
10537,9,9,9,2,7,1,5,7,2,0,5
10538,2,3,4,6,8,2,6,8,9,5,6
10539,5,8,3,1,6,0,7,1,4,4,7
10540,4,5,8,9,3,4,3,0,8,7,3
10541,9,9,9,2,7,1,5,7,2,0,5
10542,2,0,4,4,8,2,6,3,1,5,1
10543,2,0,4,4,8,2,6,3,1,5,6
10544,5,8,3,1,6,0,7,1,4,4,7
10545,9,9,9,2,7,1,5,7,2,0,5
10546,8,2,7,5,9,7,8,4,6,9,8
10547,8,2,5,5,9,9,8,4,6,9,2
10548,0,4,5,0,2,9,4,1,6,8,2
10549,0,4,7,0,2,7,4,4,6,8,0
10550,4,5,8,9,3,4,3,0,8,7,3
10551,7,3,0,6,4,6,1,8,9,3,4
10552,4,5,8,9,3,4,3,0,8,7,3
10553,2,5,4,9,8,2,6,3,8,5,3
10554,6,5,2,7,1,5,9,2,3,2,9
10555,9,9,9,2,7,1,5,7,2,0,5
10556,1,7,6,2,0,8,0,9,5,6,5
10557,4,5,8,9,3,4,3,3,8,7,3
10558,0,4,7,0,2,7,4,1,4,8,0
10559,2,3,4,6,8,2,6,8,9,5,6
10560,0,4,7,0,2,7,4,1,4,8,0
10561,2,3,4,6,8,2,6,8,9,5,6
10562,1,7,6,2,0,8,0,9,5,6,5
10563,3,0,1,4,5,3,2,6,1,1,1
10564,4,0,8,4,3,4,3,6,1,7,3
10565,9,9,9,2,7,1,5,7,2,0,5
10566,7,1,0,3,4,6,1,5,7,3,4
10567,6,5,2,7,1,5,9,2,3,2,9
10568,9,9,9,2,7,1,5,7,2,0,5
10569,7,1,0,3,4,6,1,5,7,3,4
10570,6,3,2,7,1,5,9,2,3,2,9
10571,8,2,7,5,9,7,8,4,6,9,8
10572,1,7,6,2,0,8,0,9,5,6,5
10573,8,2,7,5,9,7,8,4,6,9,8
10574,6,5,2,7,1,5,9,2,3,2,9
10575,2,3,4,6,8,2,6,8,9,5,6
10576,5,8,3,1,6,0,7,1,4,4,7
10577,8,2,5,5,9,9,8,4,6,9,2
10578,7,1,0,3,4,6,1,5,7,3,4
10579,3,0,1,4,5,3,2,3,1,1,1
10580,9,9,9,2,7,1,5,7,2,0,5
10581,9,9,9,2,7,1,5,7,2,0,5
10582,6,5,2,7,1,5,9,2,3,2,9
10583,6,5,2,7,1,5,9,2,3,2,9
10584,2,3,4,6,8,2,6,8,9,5,6
10585,7,1,0,3,4,6,1,5,7,3,4
10586,7,1,0,3,4,6,1,5,7,3,4
10587,8,2,7,5,9,7,8,4,6,9,8
10588,5,8,3,1,6,0,7,1,4,4,0
10589,9,9,9,2,7,1,5,3,2,0,5
10590,0,4,5,0,2,9,4,4,6,8,2
10591,4,5,8,9,3,4,3,0,8,7,3
10592,7,1,0,3,4,6,1,8,9,3,4
10593,8,2,5,5,9,9,8,4,6,9,8
10594,5,8,3,1,6,0,7,1,4,4,0
10595,8,2,7,5,9,7,8,8,9,9,8
10596,7,1,0,3,4,6,1,5,7,3,4
10597,8,2,5,5,9,9,8,4,6,9,8
10598,2,1,4,3,8,2,6,5,7,5,6
10599,3,0,1,4,5,3,2,6,1,1,1
10600,4,5,8,9,3,4,3,0,8,7,3
10601,9,9,9,2,7,1,5,7,2,0,5
10602,1,7,6,2,0,8,0,9,5,6,5
10603,6,5,2,7,1,5,9,2,3,2,9
10604,3,6,1,8,5,3,2,6,0,1,1
10605,7,1,0,3,4,6,1,5,7,3,4
10606,2,3,4,6,8,2,6,8,9,5,6
10607,8,2,7,5,9,7,8,4,6,9,8
10608,7,1,0,3,4,6,1,5,7,3,4
10609,8,2,5,5,9,9,8,4,6,9,8
10610,7,1,0,3,4,6,1,5,7,3,4
10611,2,3,4,6,8,2,6,8,9,5,6
10612,0,4,7,0,2,7,4,4,6,8,0
10613,0,4,5,0,2,9,4,4,6,8,2
10614,0,4,3,0,2,0,4,1,4,8,0
10615,9,9,9,2,7,1,5,7,2,0,5
10616,7,1,0,3,4,6,1,8,7,3,4
10617,4,5,8,9,3,4,3,3,8,7,3
10618,5,8,3,1,6,0,7,1,4,4,7
10619,2,3,4,6,8,2,6,8,9,5,6
10620,6,5,2,7,1,5,9,2,3,2,9
10621,8,2,7,5,9,7,8,4,6,9,8
10622,7,1,0,3,4,6,1,5,7,3,4
10623,0,4,7,0,2,7,4,1,4,8,0
10624,1,7,6,2,0,8,0,9,5,6,5
10625,3,0,1,4,5,3,2,6,1,1,1
10626,5,8,3,1,6,0,7,1,4,4,7
10627,9,9,9,2,7,1,5,7,2,0,5
10628,7,1,0,3,4,6,1,9,5,3,4
10629,6,5,2,7,1,5,9,2,3,2,9
10630,4,5,8,9,3,4,3,0,8,7,3
10631,9,9,9,2,7,1,5,7,2,0,5
10632,5,8,3,1,6,0,7,8,4,4,7
10633,8,2,7,5,9,7,8,4,6,9,8
10634,0,8,3,1,2,0,4,1,4,4,0
10635,7,1,0,3,4,6,1,5,7,3,4
10636,0,8,3,0,2,0,4,1,4,8,0
10637,8,2,7,5,9,7,8,4,6,9,8
10638,1,7,6,2,0,8,0,9,5,6,5
10639,8,2,7,5,9,7,8,4,6,9,8
10640,0,4,5,0,2,9,4,1,4,8,2
10641,9,9,9,5,7,1,5,7,2,0,8
10642,5,8,3,1,6,0,7,1,4,4,7
10643,5,4,7,0,2,7,4,1,4,8,0
10644,7,1,0,3,4,6,1,5,7,3,4
10645,3,0,1,4,5,3,2,3,1,1,1
10646,0,4,7,0,2,7,4,4,6,8,0
10647,7,1,0,3,4,6,1,5,7,3,4
10648,8,7,5,2,0,9,0,4,6,6,5
10649,2,3,4,6,8,2,6,8,9,5,6
10650,4,5,8,9,3,4,3,0,8,7,3
10651,8,2,5,5,9,9,8,4,6,9,8
10652,2,3,4,6,8,2,6,8,9,5,6
10653,9,9,9,2,7,1,5,3,2,0,5
10654,9,9,9,2,7,1,5,3,2,0,5
10655,8,2,7,5,9,7,8,4,6,9,8
10656,7,1,0,3,4,6,1,5,7,3,4
10657,6,5,2,7,1,5,9,2,3,2,9
10658,0,4,7,0,2,7,4,4,6,8,0
10659,9,9,9,2,7,1,5,7,2,0,5
10660,0,4,3,0,2,0,4,1,4,8,0
10661,9,9,9,2,7,1,5,3,2,0,8
10662,1,7,6,2,0,8,0,9,5,6,5
10663,7,1,0,3,4,6,1,5,7,3,4
10664,3,6,1,8,5,3,2,6,0,1,1
10665,4,5,8,9,3,4,3,3,8,7,3
10666,7,1,0,3,4,6,1,5,7,3,4
10667,9,9,9,2,7,1,5,7,2,0,5
10668,7,1,0,3,4,6,1,5,7,3,4
10669,9,9,9,2,7,1,5,7,2,0,5
10670,5,8,3,1,6,0,7,1,4,4,7
10671,4,5,8,9,3,4,3,0,8,7,3
10672,4,5,8,9,3,4,3,3,8,7,3
10673,6,5,2,7,1,5,9,2,3,2,9
10674,7,1,0,3,4,6,1,5,7,3,4
10675,9,9,9,2,7,1,5,7,2,0,5
10676,7,1,0,3,4,6,1,5,7,3,4
10677,7,1,0,3,4,6,1,5,7,3,4
10678,0,4,5,0,2,9,4,8,9,8,0
10679,8,2,7,5,9,7,8,4,6,9,8
10680,6,5,2,7,1,5,9,2,3,2,9
10681,8,2,7,5,9,7,8,4,6,9,8
10682,0,4,5,0,2,9,4,4,6,8,2
10683,9,2,9,5,7,1,5,7,2,0,8
10684,1,7,6,2,0,8,0,9,5,6,5
10685,0,4,7,0,2,7,4,4,6,8,0
10686,1,7,6,2,0,8,0,9,5,6,5
10687,6,3,2,7,1,5,9,2,3,2,9
10688,6,5,2,7,1,5,9,2,3,2,9
10689,3,0,1,4,5,3,2,3,1,1,1
10690,5,8,3,1,6,0,7,1,4,4,7
10691,3,0,1,4,5,3,2,6,1,1,1
10692,9,9,9,2,7,1,5,7,2,0,5
10693,8,2,7,5,9,7,8,4,6,9,8
10694,2,3,4,6,8,2,6,8,9,5,6
10695,8,2,7,5,9,7,8,4,6,9,8
10696,7,1,0,3,4,6,1,5,7,3,4
10697,4,5,8,9,3,4,3,0,8,7,3
10698,4,5,8,9,3,4,3,0,8,7,3
10699,6,3,2,7,1,5,9,2,3,2,9
10700,7,1,0,3,4,6,1,5,7,3,4
10701,9,9,9,2,7,1,5,3,2,0,5
10702,8,2,5,5,9,9,8,4,6,9,2
10703,9,9,9,2,7,1,5,3,2,0,5
10704,5,8,3,1,6,0,7,1,4,4,7
10705,3,0,1,4,5,3,2,3,1,1,1
10706,0,8,3,0,2,0,4,1,4,8,0
10707,9,9,3,2,7,0,5,1,2,0,5
10708,5,8,3,1,6,0,7,1,4,4,2
10709,4,5,8,9,3,4,3,0,8,7,3
10710,0,4,3,0,2,0,4,1,4,8,0
10711,2,3,4,6,8,2,6,8,9,5,6
10712,1,7,6,2,0,8,0,9,5,6,5
10713,9,9,9,2,7,1,5,7,2,0,5
10714,6,9,2,7,1,5,9,2,3,2,9
10715,8,2,5,5,9,9,8,4,6,9,8
10716,1,7,6,2,0,8,0,9,5,6,5
10717,8,4,5,5,9,9,8,4,6,9,2
10718,0,4,7,0,2,7,4,4,6,8,0
10719,9,9,9,2,7,1,5,7,2,0,5
10720,2,3,4,6,8,2,6,8,9,5,6
10721,8,2,7,5,9,7,8,4,6,9,8
10722,5,8,3,1,6,0,7,1,4,4,7
10723,6,5,2,7,1,5,9,2,3,2,9
10724,5,8,3,1,6,0,7,1,4,4,7
10725,4,5,8,9,3,4,3,0,8,7,3
10726,1,7,6,2,0,8,0,9,5,6,5
10727,8,2,5,5,9,9,8,4,6,9,8
10728,7,1,0,3,4,6,1,5,7,3,4
10729,4,5,8,9,3,4,3,0,8,7,3
10730,7,1,0,3,4,6,1,5,7,3,4
10731,4,5,8,9,3,4,3,0,8,7,3
10732,3,6,1,8,5,3,2,6,0,1,1
10733,0,3,3,0,2,0,4,8,9,8,0
10734,7,1,0,3,4,6,1,5,7,3,4
10735,8,2,5,5,9,9,8,4,6,9,8
10736,5,5,1,8,5,3,7,0,0,1,7
10737,8,2,7,5,9,7,8,4,6,9,8
10738,8,8,7,1,9,7,8,4,6,4,7
10739,6,5,2,7,1,5,9,2,3,2,9
10740,2,3,4,6,8,2,6,8,9,5,6
10741,9,9,9,2,7,1,5,7,2,0,5
10742,7,1,0,3,4,6,1,5,7,3,4
10743,7,1,0,3,4,6,1,5,7,3,4
10744,0,4,3,0,2,0,4,1,4,8,0
10745,2,3,4,6,8,2,6,8,9,5,6
10746,1,7,6,2,0,8,0,9,5,6,5
10747,3,0,1,4,5,3,2,3,1,1,1
10748,4,5,8,9,3,4,3,0,8,7,3
10749,9,9,9,2,7,1,5,3,2,0,5
10750,3,0,1,4,5,3,2,6,1,1,1
10751,2,9,4,2,8,2,6,3,2,5,8
10752,0,4,7,0,2,7,4,1,4,8,0
10753,8,2,7,5,9,7,8,8,6,9,8
10754,1,7,6,2,0,8,0,3,5,6,5
10755,3,0,1,4,5,3,2,3,1,1,1
10756,4,8,8,9,3,4,3,1,8,7,3
10757,7,1,0,3,4,6,1,5,7,3,9
10758,0,4,3,0,2,0,4,1,4,8,0
10759,8,2,7,5,9,7,8,4,6,9,8
10760,1,7,6,3,0,8,0,3,5,6,4
10761,8,2,7,5,9,7,8,4,6,9,8
10762,2,3,4,6,8,2,6,8,9,5,6
10763,8,2,5,5,9,9,8,4,6,9,8
10764,7,1,0,3,4,6,1,5,7,3,4
10765,7,1,0,3,4,6,1,5,7,3,4
10766,6,5,2,7,1,5,9,2,3,2,9
10767,4,5,8,9,3,4,3,0,8,7,3
10768,5,8,3,1,6,0,7,1,4,4,7
10769,8,2,7,5,9,7,8,4,6,9,8
10770,0,4,7,0,2,7,4,3,6,8,0
10771,2,3,4,6,8,2,6,8,9,5,6
10772,0,4,3,0,2,0,4,1,4,8,0
10773,3,0,1,4,5,3,2,3,1,1,1
10774,2,3,4,6,8,2,6,3,9,5,6
10775,2,3,4,6,8,2,6,8,9,5,6
10776,6,5,2,7,1,5,9,2,3,2,9
10777,9,9,9,2,7,1,5,9,2,0,5
10778,0,8,3,0,2,0,4,1,4,8,0
10779,7,1,0,3,4,6,1,5,7,3,4
10780,0,4,3,0,2,0,4,1,4,8,0
10781,3,6,1,8,5,3,2,6,0,1,1
10782,9,9,9,2,7,1,5,7,2,0,5
10783,1,7,6,2,0,8,0,9,5,6,5
10784,0,4,7,0,2,7,4,4,6,8,0
10785,6,5,2,7,1,5,9,2,3,2,9
10786,4,5,8,9,3,4,3,0,8,7,3
10787,7,1,0,3,4,6,1,5,7,3,4
10788,0,4,5,0,2,9,4,4,6,8,2
10789,8,2,7,5,9,7,8,4,6,9,8
10790,4,0,4,4,8,2,3,3,1,5,3
10791,2,5,4,9,8,2,3,3,8,5,3
10792,4,5,8,9,3,4,3,0,8,7,3
10793,4,5,8,9,3,4,3,3,8,7,3
10794,0,8,3,1,6,0,7,1,4,4,0
10795,8,2,5,5,9,9,8,4,6,9,8
10796,7,1,0,3,4,6,1,5,7,3,4
10797,2,3,4,6,8,2,6,8,9,5,6
10798,7,1,0,3,4,6,1,5,7,3,4
10799,0,4,6,0,2,8,4,9,5,8,0
10800,7,1,0,3,4,6,1,5,7,3,4
10801,3,0,1,4,5,3,2,6,1,1,1
10802,6,5,2,7,1,5,9,3,3,2,9
10803,9,9,9,2,7,1,5,7,2,0,5
10804,7,8,3,1,4,0,1,1,4,3,0
10805,6,5,2,7,1,5,9,2,3,2,9
10806,3,6,1,8,5,3,2,6,0,1,1
10807,7,1,0,3,4,6,1,5,7,3,4
10808,5,8,3,1,6,0,7,1,4,4,7
10809,8,2,7,5,9,7,8,4,6,9,0
10810,0,4,3,0,2,0,4,1,4,8,0
10811,9,9,9,2,7,1,5,3,2,0,5
10812,5,8,3,1,6,0,7,1,4,4,7
10813,4,5,8,9,3,4,3,3,8,7,3
10814,7,1,0,3,4,6,1,5,7,3,4
10815,8,4,5,5,9,9,8,4,6,9,2
10816,4,5,8,9,3,4,3,0,8,7,3
10817,2,3,4,6,8,2,6,8,9,5,6
10818,2,3,4,6,8,2,6,8,9,5,6
10819,0,4,7,0,2,7,4,1,4,8,0
10820,5,8,3,1,6,0,7,1,4,4,7
10821,3,6,1,8,5,3,2,6,0,1,1
10822,7,1,0,3,4,6,1,5,7,3,4
10823,9,9,9,2,7,1,5,7,2,0,5
10824,9,9,9,2,7,1,5,9,2,0,5
10825,6,5,2,7,1,5,9,2,3,2,9
10826,7,1,0,3,4,6,1,5,7,3,4
10827,7,1,0,3,4,6,1,5,7,3,4
10828,8,2,5,5,9,9,8,4,6,9,2
10829,0,4,7,0,2,7,4,4,6,8,0
10830,7,1,0,3,4,6,1,5,7,3,4
10831,2,5,4,2,8,2,6,3,2,5,8
10832,5,8,3,1,6,0,7,1,4,4,7
10833,4,5,8,9,3,4,3,3,8,7,3
10834,1,7,6,2,0,8,0,9,5,6,5
10835,8,2,5,5,9,9,8,4,6,9,2
10836,4,5,8,9,3,4,3,0,8,7,3
10837,2,3,4,6,8,2,6,8,9,5,6
10838,1,7,6,2,0,8,0,9,5,6,5
10839,8,2,7,5,9,7,8,4,6,9,8
10840,3,6,1,8,5,3,2,6,0,1,1
10841,8,4,5,0,2,9,4,4,6,8,2
10842,1,7,6,2,0,8,0,9,5,6,5
10843,4,5,8,9,3,4,3,3,8,7,3
10844,3,6,1,8,5,3,2,6,0,1,1
10845,0,4,7,0,2,7,4,4,6,8,0
10846,7,9,9,6,4,1,5,8,9,0,4
10847,2,3,4,6,8,2,6,8,9,5,6
10848,0,4,7,0,2,7,4,4,6,8,0
10849,3,6,1,8,5,3,2,6,0,1,1
10850,5,5,7,2,3,7,7,0,8,7,0
10851,4,5,8,9,3,4,3,3,8,7,3
10852,7,1,0,3,4,6,1,5,7,3,4
10853,4,5,8,9,3,4,3,3,8,7,3
10854,5,8,3,1,6,0,7,1,4,4,0
10855,9,5,9,7,7,1,5,3,2,0,9
10856,7,1,0,3,4,6,1,8,7,3,4
10857,0,4,7,0,2,7,4,4,6,8,0
10858,5,8,3,1,6,0,7,1,4,4,7
10859,3,0,1,4,5,3,2,6,1,1,1
10860,0,4,3,0,2,0,4,1,4,8,0
10861,3,0,1,4,5,3,2,6,1,1,1
10862,2,3,4,6,8,2,6,8,9,5,6
10863,1,7,6,2,0,8,0,9,5,6,5
10864,0,4,3,0,2,0,4,1,4,8,0
10865,2,3,4,6,8,2,6,8,9,5,6
10866,7,7,6,2,4,8,1,9,5,3,5
10867,0,4,7,0,2,7,4,4,6,8,0
10868,1,7,6,2,0,8,0,9,5,6,5
10869,5,8,3,1,6,0,7,1,4,4,7
10870,5,8,3,1,6,0,7,1,4,4,7
10871,9,9,9,2,7,1,5,3,2,0,8
10872,7,1,0,3,4,6,1,5,7,3,4
10873,8,4,5,0,9,9,8,4,6,8,2
10874,3,6,1,8,5,3,2,6,0,1,1
10875,8,2,7,5,9,7,8,4,6,9,8
10876,6,5,2,7,1,5,9,3,3,2,9
10877,2,0,7,4,8,7,6,3,1,5,8
10878,1,7,6,2,0,8,0,9,5,6,5
10879,4,5,8,9,3,4,3,3,8,7,3
10880,2,3,4,6,8,2,6,8,9,5,6
10881,2,3,4,6,8,2,6,8,9,5,6
10882,7,1,0,3,4,6,1,5,7,3,4
10883,0,4,7,0,2,7,4,4,6,8,0
10884,9,9,9,2,7,1,5,3,2,0,5
10885,1,7,6,2,0,8,0,9,5,6,5
10886,1,7,6,2,0,8,0,9,5,6,5
10887,7,1,0,3,4,6,1,8,7,3,4
10888,5,8,3,1,6,0,7,1,4,4,7
10889,2,3,4,6,8,2,6,8,9,5,6
10890,0,4,6,0,2,8,4,9,5,8,0
10891,2,3,4,6,8,2,6,8,9,5,6
10892,1,7,6,2,0,8,0,9,5,6,5
10893,8,2,5,5,9,9,8,4,6,9,2
10894,1,7,6,2,0,8,0,9,5,6,5
10895,2,3,4,6,8,2,6,8,9,5,6
10896,7,1,0,3,4,6,1,5,7,3,4
10897,9,9,9,2,7,1,5,7,2,0,5
10898,6,5,2,7,1,5,9,2,3,2,9
10899,8,4,7,5,9,7,8,4,6,9,0
10900,7,1,0,3,4,6,1,5,7,3,4
10901,2,3,4,6,8,2,6,8,9,5,6
10902,2,3,4,6,8,2,6,5,9,5,6
10903,9,2,4,5,9,2,8,3,2,9,8
10904,9,9,9,2,7,1,5,3,2,0,8
10905,2,3,4,6,8,2,6,8,9,5,6
10906,0,4,7,0,2,7,4,4,6,8,0
10907,9,9,9,2,7,1,5,7,2,0,5
10908,0,4,3,0,2,0,4,1,4,8,0
10909,2,0,4,6,8,2,6,3,9,5,6
10910,5,5,8,9,3,4,3,0,8,7,7
10911,8,2,5,5,9,9,8,4,6,9,8
10912,0,4,3,0,2,0,4,1,4,8,0
10913,4,5,8,9,3,4,3,3,8,7,3
10914,3,6,1,8,5,3,2,6,0,1,1
10915,9,9,9,2,7,1,5,7,2,0,5
10916,3,6,1,8,5,3,2,6,0,1,7
10917,4,5,8,9,3,4,3,3,8,7,3
10918,5,8,3,1,6,0,7,0,8,4,7
10919,3,0,1,4,5,3,2,6,1,1,1
10920,6,5,2,7,1,5,9,2,3,2,9
10921,7,1,0,3,4,6,1,5,7,3,4
10922,1,7,6,2,0,8,0,9,5,6,5
10923,8,2,7,5,9,7,8,4,6,9,8
10924,3,6,1,8,5,3,2,6,0,1,1
10925,9,9,9,2,7,1,5,3,2,0,5
10926,1,7,6,2,0,8,0,9,5,6,5
10927,2,3,9,6,8,2,6,7,2,5,6
10928,0,4,3,0,2,0,4,1,4,8,0
10929,0,4,3,0,2,0,4,1,4,8,0
10930,4,5,8,9,3,4,3,0,8,7,7
10931,6,5,2,7,1,5,9,2,3,2,9
10932,1,7,6,2,0,8,0,9,5,6,5
10933,9,9,9,2,7,1,5,7,2,0,5
10934,0,4,6,0,2,8,4,9,5,8,0
10935,8,2,5,5,9,9,8,4,6,9,8
10936,7,1,0,3,4,6,1,0,7,3,7
10937,8,2,7,5,9,7,8,4,6,9,8
10938,4,5,8,9,3,4,3,0,8,7,3
10939,2,3,4,6,8,2,6,3,9,5,6
10940,9,9,9,2,7,1,5,7,2,0,5
10941,6,5,2,7,1,5,9,2,3,2,9
10942,5,8,3,1,6,0,7,1,4,4,7
10943,2,3,4,6,8,2,6,3,9,5,6
10944,0,4,4,0,2,2,4,3,9,8,0
10945,6,5,2,7,1,5,9,2,3,2,9
10946,0,4,3,0,2,0,4,1,4,8,2
10947,9,9,9,2,7,1,5,7,2,0,5
10948,2,3,4,6,8,2,6,8,9,5,6
10949,6,5,2,7,1,5,9,2,3,2,9
10950,4,5,8,9,3,4,3,0,8,7,3
10951,0,4,7,0,2,7,4,4,6,8,0
10952,9,9,7,2,7,7,5,4,2,0,5
10953,7,1,0,3,4,6,1,5,7,3,4
10954,2,3,4,6,8,2,6,8,9,5,6
10955,8,2,7,5,9,7,8,4,6,9,8
10956,3,6,1,8,5,3,2,6,0,1,1
10957,6,5,2,7,1,5,9,2,3,2,9
10958,7,1,0,3,4,6,1,5,7,3,4
10959,6,5,2,7,1,5,9,2,3,2,9
10960,5,8,3,1,6,0,7,1,4,4,7
10961,2,5,4,7,8,2,6,3,3,5,9
10962,6,5,2,7,1,5,9,2,3,2,9
10963,2,3,4,6,8,2,6,8,9,5,6
10964,0,4,7,0,2,7,4,4,6,8,0
10965,8,2,5,5,9,9,8,4,6,9,8
10966,2,1,4,3,8,2,6,5,7,5,6
10967,8,2,7,5,9,7,8,4,6,9,8
10968,4,5,8,9,3,4,3,3,8,7,3
10969,8,2,5,5,9,9,8,4,6,9,2
10970,0,4,7,0,2,7,4,1,4,8,0
10971,9,9,9,2,7,1,5,7,2,0,5
10972,6,5,2,7,1,5,9,2,3,2,9
10973,2,3,4,6,8,2,6,8,9,5,6
10974,3,6,1,8,5,3,2,6,0,1,1
10975,2,0,4,4,8,2,6,3,1,5,6
10976,5,5,8,9,6,4,7,0,8,4,7
10977,8,2,7,5,9,7,8,4,6,9,8
10978,6,5,2,7,1,5,9,2,3,2,9
10979,6,5,2,7,1,5,9,3,2,2,9
10980,4,5,8,9,3,4,3,0,8,7,3
10981,2,3,4,6,8,2,6,8,9,5,6
10982,4,5,8,9,3,4,3,0,8,7,3
10983,1,7,9,2,0,1,0,7,5,6,5
10984,7,1,0,3,4,6,1,5,7,3,4
10985,9,9,9,2,7,1,5,7,2,0,5
10986,8,2,5,5,9,9,8,4,6,9,8
10987,2,3,4,6,8,2,6,3,9,5,6
10988,9,9,9,2,7,1,5,7,2,0,5
10989,8,2,5,5,9,9,8,4,6,9,8
10990,0,4,3,0,2,0,4,1,4,8,0
10991,4,5,8,9,3,4,3,0,8,7,3
10992,4,5,8,9,3,4,3,0,8,7,3
10993,7,1,0,3,4,6,1,5,7,3,4
10994,7,1,0,3,4,6,1,5,7,3,4
10995,9,9,9,2,7,1,5,3,2,0,8
10996,5,5,8,9,3,4,7,0,8,7,7
10997,8,2,7,5,9,7,8,4,6,9,8
10998,7,1,0,3,4,6,1,5,7,3,4
10999,6,5,2,7,1,5,9,2,3,2,9
11000,4,5,8,9,3,4,3,0,8,7,3
11001,0,4,7,0,2,7,4,4,6,8,0
11002,1,7,6,3,0,8,0,9,5,6,4
11003,3,0,1,4,5,3,2,6,1,1,1
11004,1,7,6,2,0,8,0,9,5,6,5
11005,8,2,7,5,9,7,8,4,6,9,8
11006,6,9,2,7,1,5,9,2,3,2,9
11007,8,2,5,5,9,9,8,4,6,9,8
11008,5,8,3,1,6,0,7,1,4,4,7
11009,8,2,7,5,9,7,8,4,6,9,8
11010,7,1,0,3,4,6,1,5,7,3,4
11011,2,3,4,6,8,2,6,8,9,5,6
11012,7,1,0,3,4,6,1,9,5,3,4
11013,6,5,2,7,1,5,9,2,3,2,9
11014,3,6,1,8,5,3,2,6,0,1,1
11015,0,4,7,0,2,7,4,4,6,8,0
11016,8,2,7,5,9,7,8,4,6,9,7
11017,6,5,2,7,1,5,9,2,3,2,9
11018,1,7,6,2,0,8,0,9,5,6,5
11019,3,6,1,8,5,3,2,6,0,1,1
11020,5,8,3,1,6,0,7,1,4,4,2
11021,7,1,0,3,4,6,1,5,7,3,4
11022,2,3,4,6,8,2,6,3,9,5,6
11023,8,2,7,5,9,7,8,4,6,9,8
11024,8,2,7,5,9,7,8,4,6,9,8
11025,4,5,8,9,3,4,3,3,8,7,8
11026,3,6,1,8,5,3,2,6,0,1,1
11027,3,0,1,4,5,3,2,6,1,1,1
11028,2,3,4,6,8,2,6,8,9,5,6
11029,3,6,1,8,5,3,2,6,0,1,1
11030,7,1,0,3,4,6,1,5,7,3,4
11031,2,3,4,6,8,2,6,5,9,5,6
11032,6,5,2,7,1,5,9,2,3,2,9
11033,6,5,2,7,1,5,9,2,3,2,9
11034,7,1,0,3,4,6,1,5,7,3,4
11035,2,3,4,6,8,2,6,8,9,5,6
11036,3,0,1,4,5,3,2,6,1,1,1
11037,2,3,4,6,8,2,6,8,9,5,6
11038,5,5,8,1,6,4,7,0,8,4,7
11039,7,1,0,3,4,6,1,8,7,3,4
11040,0,4,7,0,2,7,4,1,4,8,0
11041,3,0,1,4,5,3,2,3,1,1,1
11042,7,1,0,3,4,6,1,5,7,3,4
11043,9,9,9,2,7,1,5,7,2,0,5
11044,5,8,3,1,6,0,7,1,4,4,7
11045,3,0,1,4,5,3,2,3,1,1,1
11046,5,8,3,1,6,0,7,1,4,4,7
11047,9,9,9,2,7,1,5,7,2,0,5
11048,4,5,8,9,3,4,3,0,8,7,3
11049,8,2,5,5,9,9,8,4,6,9,2
11050,9,9,9,2,7,1,5,7,2,0,5
11051,9,9,9,2,7,1,5,7,2,0,5
11052,3,6,1,8,5,3,2,6,0,1,1
11053,2,3,4,6,8,2,6,5,9,5,6
11054,0,4,3,0,2,0,4,1,4,8,0
11055,2,3,4,6,8,2,6,3,9,5,6
11056,8,2,5,5,9,9,8,4,6,9,2
11057,9,9,9,2,7,1,5,7,2,0,5
11058,1,7,6,2,0,8,0,9,5,6,5
11059,8,2,5,5,9,9,8,4,6,9,8
11060,3,0,1,4,5,3,2,6,1,1,1
11061,9,9,9,2,7,1,5,7,2,0,5
11062,4,5,8,9,3,4,3,3,8,7,3
11063,2,3,4,6,8,2,6,8,9,5,6
11064,8,2,7,5,9,7,8,4,6,9,8
11065,4,5,8,9,3,4,3,0,8,7,3
11066,6,5,2,7,1,5,9,2,3,2,9
11067,2,3,4,6,8,2,6,8,9,5,6
11068,5,8,3,1,6,0,7,1,4,4,7
11069,9,9,9,2,7,1,5,7,2,0,5
11070,2,3,4,6,8,2,6,8,9,5,6
11071,3,0,1,4,5,3,2,6,1,1,1
11072,7,6,0,8,4,6,1,5,0,3,4
11073,8,2,7,5,9,7,8,4,6,9,8
11074,7,1,0,3,4,6,1,5,7,3,4
11075,3,0,1,4,5,3,2,6,1,1,1
11076,8,2,5,5,9,9,8,4,6,9,8
11077,3,6,1,8,5,3,2,6,0,1,1
11078,0,4,6,0,2,8,4,9,5,8,0
11079,9,9,9,2,7,1,5,7,2,0,5
11080,0,4,5,0,2,9,4,1,4,8,0
11081,6,5,2,7,1,5,9,2,3,2,9
11082,1,7,6,2,0,8,0,9,5,6,5
11083,7,1,0,3,4,6,1,5,7,3,4
11084,7,1,0,3,4,6,1,5,7,3,4
11085,8,2,5,5,9,9,8,4,6,9,8
11086,6,1,2,7,1,5,9,2,3,2,9
11087,2,3,4,6,8,2,6,8,9,5,6
11088,0,4,3,0,2,0,4,1,4,8,2
11089,0,4,7,0,2,7,4,4,6,8,0
11090,0,4,7,0,2,7,4,1,4,8,0
11091,3,6,1,8,5,3,2,6,0,1,1
11092,0,4,6,0,2,8,4,9,5,8,0
11093,9,9,9,2,7,1,5,7,2,0,5
11094,7,1,0,3,4,6,1,5,7,3,4
11095,6,5,2,7,1,5,9,2,3,2,9
11096,0,8,3,1,2,0,4,1,4,8,0
11097,7,1,0,3,4,6,1,5,7,3,4
11098,4,5,8,9,3,4,3,0,8,7,3
11099,8,4,5,0,2,9,4,4,6,8,2
11100,4,5,8,9,3,4,3,0,8,7,3
11101,7,1,0,3,4,6,1,5,7,3,4
11102,0,4,7,0,2,7,4,4,6,8,0
11103,8,2,7,5,9,7,8,4,6,9,8
11104,5,8,3,1,6,0,7,1,4,4,7
11105,3,0,1,4,5,3,2,6,1,1,1
11106,6,5,2,7,1,5,9,2,3,2,9
11107,9,9,9,2,7,1,5,7,2,0,5
11108,7,8,3,1,4,0,1,1,4,3,0
11109,6,5,2,7,1,5,9,2,3,2,9
11110,6,1,2,7,1,5,9,2,3,2,9
11111,7,1,0,3,4,6,1,5,7,3,4
11112,1,7,6,2,0,8,0,9,5,6,5
11113,8,2,7,5,9,7,8,4,6,9,8
11114,7,1,0,3,4,6,1,5,7,3,4
11115,9,9,9,2,7,1,5,3,2,0,5
11116,2,3,4,6,8,2,6,8,9,5,6
11117,4,5,8,9,3,4,3,0,8,7,3
11118,0,1,3,0,4,0,4,1,4,3,0
11119,8,2,5,5,9,9,8,4,6,9,8
11120,2,3,4,6,8,2,6,8,9,5,6
11121,7,1,0,3,4,6,1,5,7,3,4
11122,0,4,6,0,2,8,4,9,4,8,0
11123,8,2,7,5,9,7,8,4,6,9,8
11124,5,8,3,1,6,0,7,1,4,4,7
11125,0,4,5,0,2,9,4,4,6,8,2
11126,8,2,7,5,9,7,8,4,6,9,8
11127,8,2,7,5,9,7,8,4,6,9,8
11128,4,5,8,9,3,4,3,0,8,7,3
11129,3,0,1,4,5,3,2,6,1,1,1
11130,0,4,5,0,2,9,4,4,6,8,2
11131,8,2,7,5,9,7,8,4,6,9,8
11132,1,7,6,2,0,8,0,3,5,6,5
11133,3,6,1,8,5,3,2,6,0,1,1
11134,1,7,6,2,0,8,0,9,5,6,5
11135,9,9,9,2,7,1,5,7,2,0,5
11136,7,1,0,3,4,6,1,5,7,3,4
11137,0,4,5,0,2,9,4,1,4,8,2
11138,7,1,0,3,4,6,1,5,7,3,4
11139,8,2,7,5,9,7,8,4,6,9,8
11140,4,5,8,9,3,4,3,3,8,7,3
11141,8,2,7,5,9,7,8,3,6,9,8
11142,2,3,4,6,8,2,6,8,9,5,6
11143,9,9,9,2,7,1,5,7,2,0,5
11144,5,8,3,1,6,0,7,1,4,4,0
11145,0,4,7,0,2,7,4,1,4,8,0
11146,2,3,4,6,8,2,6,8,9,5,6
11147,6,5,2,7,1,5,9,2,3,2,9
11148,8,2,7,5,9,7,8,4,6,9,8
11149,2,3,4,6,8,2,6,8,9,5,6
11150,0,8,3,0,2,0,4,1,4,8,0
11151,8,2,9,5,9,1,8,7,2,9,8
11152,1,7,6,2,0,8,0,9,5,6,5
11153,8,2,7,5,9,7,8,4,6,9,8
11154,7,1,0,3,4,6,1,5,7,3,4
11155,7,1,0,3,4,6,1,5,7,3,4
11156,9,9,9,2,7,1,5,7,2,0,5
11157,9,9,9,2,7,1,5,7,2,0,5
11158,4,5,8,9,3,4,3,0,8,7,3
11159,8,2,5,5,9,9,8,4,6,9,8
11160,1,7,6,2,0,8,0,9,5,6,5
11161,2,3,4,6,8,2,6,8,9,5,6
11162,2,3,4,6,8,2,6,3,9,5,6
11163,6,5,2,7,1,5,9,2,3,2,9
11164,5,8,3,1,6,0,7,1,4,4,2
11165,8,2,7,5,9,7,8,4,6,9,8
11166,0,4,3,0,2,0,4,1,4,8,2
11167,8,2,7,5,9,7,8,4,6,9,8
11168,0,4,7,0,2,7,4,4,6,8,0
11169,7,1,0,3,4,6,1,5,7,3,4
11170,8,4,5,0,2,9,4,4,6,8,2
11171,7,1,0,3,4,6,1,5,7,3,4
11172,3,6,1,8,5,3,2,6,0,1,1
11173,4,5,8,9,3,4,3,0,8,7,3
11174,4,5,8,9,3,4,3,0,8,7,3
11175,8,2,7,5,9,7,8,4,6,9,8
11176,2,3,4,6,8,2,6,8,9,5,6
11177,8,2,7,5,9,7,8,4,6,9,8
11178,1,7,6,2,0,8,0,9,5,6,5
11179,2,3,4,6,8,2,6,8,9,5,6
11180,8,2,5,5,9,9,8,4,6,9,8
11181,2,3,4,6,8,2,6,8,9,5,6
11182,7,1,0,3,4,6,1,5,7,3,4
11183,4,5,8,9,3,4,3,0,8,7,3
11184,0,4,7,0,2,7,4,1,4,8,0
11185,0,4,5,0,2,9,4,4,6,8,2
11186,5,8,3,1,6,0,7,1,4,4,7
11187,3,6,1,8,5,3,2,6,0,1,1
11188,8,2,5,5,9,9,8,4,6,9,8
11189,4,5,8,9,3,4,3,0,8,7,3
11190,0,4,7,0,2,7,4,4,6,8,0
11191,3,3,1,6,5,3,2,6,9,1,1
11192,0,4,7,0,2,7,4,4,6,8,0
11193,6,5,2,7,1,5,9,2,3,2,9
11194,5,8,3,1,6,0,7,1,4,4,7
11195,4,5,8,9,3,4,3,0,8,7,3
11196,5,8,3,1,6,0,7,1,4,4,7
11197,7,1,0,3,4,6,1,5,7,3,4
11198,8,2,5,5,9,9,8,3,6,9,8
11199,8,2,7,5,9,7,8,4,6,9,8
11200,1,7,6,2,0,8,0,9,5,6,5
11201,7,1,0,3,4,6,1,5,7,3,4
11202,7,1,0,3,4,6,1,5,7,3,4
11203,6,5,2,7,1,5,9,2,3,2,9
11204,0,4,6,0,2,8,4,9,5,8,2
11205,9,9,9,2,7,1,5,7,2,0,5
11206,8,2,7,5,9,7,8,4,6,9,8
11207,8,2,5,5,9,9,8,4,6,9,8
11208,7,1,0,3,4,6,1,5,7,3,4
11209,8,4,7,5,9,7,8,4,6,9,0
11210,0,4,3,0,2,0,4,1,4,8,0
11211,2,3,4,6,8,2,6,8,9,5,6
11212,0,8,3,0,2,0,4,1,4,8,0
11213,7,1,0,3,4,6,1,5,7,3,4
11214,1,7,6,2,0,8,0,9,5,6,5
11215,8,2,7,5,9,7,8,4,6,9,8
11216,0,4,6,0,2,8,4,9,5,8,0
11217,3,6,1,8,5,3,2,6,0,1,1
11218,4,5,8,9,3,4,3,0,8,7,3
11219,7,1,0,3,4,6,1,5,7,3,4
11220,0,4,5,0,2,9,4,4,6,8,2
11221,7,1,0,3,4,6,1,5,7,3,4
11222,3,6,1,8,5,3,2,6,0,1,1
11223,8,2,7,5,9,7,8,4,6,9,8
11224,0,4,3,0,2,0,4,1,4,8,0
11225,8,2,7,5,9,7,8,4,6,9,8
11226,5,5,8,1,6,4,7,0,8,4,7
11227,8,2,7,5,9,7,8,4,6,9,8
11228,1,7,6,2,0,8,0,9,5,6,5
11229,9,9,9,2,7,1,5,7,2,0,5
11230,6,5,2,7,1,5,9,2,3,2,9
11231,3,0,1,4,5,3,2,6,1,1,1
11232,2,3,4,6,8,2,6,8,9,5,6
11233,7,1,0,3,4,6,1,5,7,3,4
11234,4,5,8,9,3,4,3,0,8,7,3
11235,8,2,5,5,9,9,8,4,6,9,2
11236,1,7,6,2,0,8,0,9,5,6,5
11237,2,3,4,6,8,2,6,3,9,5,6
11238,1,7,6,2,0,8,0,3,5,6,5
11239,5,5,0,1,6,6,7,0,8,4,7
11240,5,6,3,8,6,0,7,6,0,4,7
11241,2,3,4,6,8,2,6,3,9,5,6
11242,1,7,6,2,0,8,0,9,5,6,5
11243,6,5,2,7,1,5,9,2,3,2,9
11244,7,1,0,3,4,6,1,5,7,3,4
11245,8,2,7,5,9,7,8,4,6,9,8
11246,8,2,7,5,9,7,8,4,6,9,8
11247,8,2,9,5,9,1,8,4,6,9,8
11248,1,7,6,2,0,8,0,9,5,6,5
11249,9,9,9,2,7,1,5,7,2,0,5
11250,2,3,4,6,8,2,6,8,9,5,6
11251,6,5,2,7,1,5,9,2,3,2,9
11252,0,4,7,0,2,7,4,4,6,8,0
11253,4,5,8,9,3,4,3,0,8,7,3
11254,9,9,9,2,7,1,5,7,2,0,5
11255,8,2,7,5,9,7,8,4,6,9,8
11256,0,4,3,0,2,0,4,1,4,8,0
11257,3,0,1,4,5,3,2,3,1,1,1
11258,1,7,6,2,0,8,0,9,5,6,5
11259,7,1,0,3,4,6,1,5,7,3,4
11260,9,2,9,2,7,1,5,3,2,0,8
11261,4,5,8,9,3,4,3,0,8,7,3
11262,9,9,9,2,7,1,5,7,2,0,5
11263,4,5,8,9,3,4,3,0,8,7,3
11264,5,8,3,1,6,0,7,1,4,4,0
11265,2,3,4,6,8,2,6,3,9,5,6
11266,8,2,5,5,9,9,8,4,6,9,2
11267,3,6,1,4,5,3,2,6,1,1,1
11268,1,7,6,2,0,8,0,9,5,6,5
11269,3,6,1,8,5,3,2,6,0,1,1
11270,7,1,0,3,4,6,1,5,7,3,4
11271,6,5,2,7,1,5,9,2,3,2,9
11272,1,7,6,2,0,8,0,9,5,6,5
11273,7,3,0,6,4,6,1,8,9,3,4
11274,0,4,3,0,2,0,4,1,4,8,2
11275,9,9,9,2,7,1,5,7,2,0,5
11276,0,4,3,0,2,0,4,1,4,8,0
11277,4,5,8,9,3,4,3,0,8,7,3
11278,1,7,6,2,0,8,0,9,5,6,5
11279,9,9,9,2,7,1,5,7,2,0,5
11280,0,8,3,0,2,0,4,1,4,8,0
11281,3,0,1,4,5,3,2,6,1,1,1
11282,4,5,8,9,3,4,3,0,8,7,3
11283,8,2,7,5,9,7,8,4,6,9,8
11284,7,1,0,3,4,6,1,5,7,3,4
11285,7,1,0,3,4,6,1,5,7,3,4
11286,6,5,2,7,1,5,9,2,3,2,9
11287,9,9,9,2,7,1,5,7,2,0,5
11288,2,3,4,6,8,2,6,3,9,5,6
11289,4,5,8,9,3,4,3,0,8,7,3
11290,0,4,5,0,2,9,4,4,6,8,2
11291,9,9,9,2,7,1,5,7,2,0,5
11292,1,7,6,2,0,8,0,9,5,6,5
11293,8,2,7,5,9,7,8,4,6,9,8
11294,0,4,5,0,2,9,4,1,4,8,0
11295,2,3,4,6,8,2,6,3,9,5,6
11296,7,1,0,3,4,6,1,5,7,3,4
11297,1,7,6,2,0,8,0,9,5,6,5
11298,7,3,0,6,4,6,1,8,9,3,4
11299,6,5,2,7,1,5,9,2,3,2,9
11300,5,8,3,1,6,0,7,1,4,4,7
11301,1,7,6,2,0,8,0,3,5,6,5
11302,7,1,0,3,4,6,1,5,7,3,4
11303,5,8,3,1,6,0,7,1,4,4,7
11304,5,6,1,8,6,3,7,6,0,4,7
11305,2,3,4,6,8,2,6,3,9,5,6
11306,7,3,0,6,4,6,1,8,9,3,4
11307,4,5,8,9,3,4,3,3,8,7,3
11308,1,7,6,2,0,8,0,9,5,6,5
11309,8,2,5,5,9,9,8,4,6,9,2
11310,7,1,0,3,4,6,1,5,7,3,4
11311,2,3,4,6,8,2,6,8,9,5,6
11312,1,7,6,2,0,8,0,9,5,6,5
11313,8,2,7,5,9,7,8,4,6,9,0
11314,5,8,3,1,6,0,7,1,4,4,0
11315,3,0,1,4,5,3,2,6,1,1,1
11316,4,5,8,9,3,4,3,0,8,7,3
11317,9,9,9,2,7,1,5,7,2,0,5
11318,3,6,1,8,5,3,2,6,0,1,1
11319,6,5,2,7,1,5,9,2,3,2,9
11320,7,6,0,8,4,6,1,5,0,3,4
11321,7,1,0,3,4,6,1,5,7,3,4
11322,2,3,4,2,8,2,6,9,5,5,5
11323,0,4,7,0,2,7,4,1,4,8,0
11324,0,4,7,0,2,7,4,9,5,8,0
11325,2,3,4,6,8,2,6,8,9,5,6
11326,1,7,6,2,0,8,0,9,5,6,5
11327,4,5,8,9,3,4,3,3,8,7,3
11328,1,7,6,2,0,8,0,9,5,6,5
11329,8,2,5,5,9,9,8,4,6,9,2
11330,3,6,1,8,5,3,2,6,0,1,1
11331,2,3,4,6,8,2,6,8,9,5,6
11332,0,4,5,0,2,9,4,4,6,8,2
11333,0,4,7,0,2,7,4,4,6,8,0
11334,0,4,5,0,2,9,4,1,4,8,2
11335,3,6,1,8,5,3,2,6,0,1,1
11336,5,6,8,8,6,4,7,0,0,4,7
11337,9,9,9,2,7,1,5,7,2,0,5
11338,7,1,0,3,4,6,1,5,7,3,4
11339,9,7,6,2,7,8,7,9,5,0,5
11340,2,0,4,4,8,2,6,3,1,5,6
11341,7,1,0,3,4,6,1,5,7,3,4
11342,1,7,6,2,0,8,0,9,5,6,5
11343,8,2,7,5,9,7,8,4,6,9,8
11344,7,1,0,3,4,6,1,5,7,3,4
11345,2,3,4,6,8,2,6,8,9,5,6
11346,6,5,2,7,1,5,9,2,3,2,9
11347,4,5,8,9,3,4,3,3,8,7,3
11348,4,5,8,9,3,4,3,3,8,7,3
11349,8,2,5,5,9,9,8,4,6,9,2
11350,8,4,5,0,9,9,8,4,6,9,2
11351,2,3,4,6,8,2,6,3,9,5,6
11352,9,9,9,2,7,1,5,7,2,0,5
11353,0,4,7,0,2,7,4,4,6,8,0
11354,3,0,1,4,5,3,2,6,1,1,1
11355,2,3,4,6,8,2,6,8,9,5,6
11356,7,1,0,3,4,6,1,5,7,3,4
11357,4,5,8,9,3,4,3,0,8,7,3
11358,1,7,6,2,0,8,0,9,5,6,5
11359,4,5,8,9,3,4,3,3,8,7,3
11360,1,7,6,2,0,8,0,9,5,6,5
11361,2,0,4,4,8,2,6,3,1,5,6
11362,9,9,9,2,7,1,5,7,2,0,5
11363,4,5,8,9,3,4,3,3,8,7,3
11364,7,1,0,3,4,6,1,5,7,3,4
11365,2,3,4,6,8,2,6,8,9,5,6
11366,1,7,6,2,0,8,0,9,5,6,5
11367,0,4,7,0,2,7,4,1,4,8,0
11368,5,8,3,1,6,0,7,1,4,4,7
11369,8,2,7,5,9,7,8,4,6,9,8
11370,0,4,5,0,2,9,4,4,6,8,0
11371,9,9,9,2,7,1,5,7,2,0,5
11372,0,4,5,0,2,9,4,4,6,8,2
11373,8,2,5,5,9,9,8,4,6,9,2
11374,7,1,0,3,4,6,1,5,7,3,4
11375,2,3,4,6,8,2,6,3,9,5,6
11376,5,8,3,1,6,0,7,1,4,4,7
11377,6,9,2,7,1,5,9,2,3,2,9
11378,0,4,5,0,2,9,4,4,6,8,2
11379,2,0,4,4,8,2,6,3,1,5,1
11380,6,5,2,7,1,5,9,2,3,2,9
11381,0,4,7,0,2,7,4,4,6,8,0
11382,2,3,4,6,8,2,6,8,9,5,6
11383,2,3,4,6,8,2,6,8,9,5,6
11384,6,3,2,7,1,5,9,2,3,2,9
11385,8,2,7,5,9,7,8,4,6,9,8
11386,5,5,8,1,6,4,7,0,8,4,7
11387,9,9,9,2,7,1,5,7,2,0,5
11388,5,8,3,1,6,0,7,1,4,4,7
11389,8,2,7,5,9,7,8,4,6,9,8
11390,4,5,8,9,3,4,3,0,8,7,3
11391,6,3,2,7,1,5,9,3,3,2,9
11392,7,1,0,3,4,6,1,5,7,3,4
11393,2,3,4,6,8,2,6,3,9,5,6
11394,6,5,2,7,1,5,9,2,3,2,9
11395,9,9,9,2,7,1,5,7,2,0,5
11396,2,0,4,6,8,2,6,3,9,5,6
11397,2,3,4,6,8,2,6,3,9,5,6
11398,7,1,0,3,4,6,1,5,7,3,4
11399,8,2,5,5,9,9,8,4,6,9,2
11400,0,4,5,0,2,9,4,4,6,8,2
11401,4,5,8,9,3,4,3,3,8,7,3
11402,2,3,4,6,8,2,6,8,9,5,6
11403,3,0,1,4,5,3,2,6,1,1,1
11404,1,7,6,2,0,8,0,9,5,6,5
11405,9,9,9,2,7,1,5,7,2,0,5
11406,7,1,0,3,4,6,1,5,7,3,4
11407,8,2,5,5,9,9,8,4,6,9,8
11408,5,8,3,1,6,0,7,1,4,4,7
11409,2,0,4,4,8,2,6,3,1,5,1
11410,7,1,0,3,4,6,1,5,7,3,4
11411,4,5,4,2,8,2,3,3,8,5,5
11412,1,7,6,2,0,8,0,9,5,6,5
11413,2,3,4,6,8,2,6,8,9,5,6
11414,8,2,7,5,9,7,8,4,6,9,8
11415,0,4,7,0,2,7,4,1,4,8,0
11416,0,4,7,0,2,7,4,1,6,8,0
11417,2,3,4,6,8,2,6,3,9,5,6
11418,1,7,6,2,0,8,0,9,5,6,5
11419,8,2,7,5,9,7,8,4,6,9,8
11420,6,6,2,7,1,5,9,2,3,2,9
11421,8,2,5,5,9,9,8,4,6,9,2
11422,3,6,1,8,5,3,2,6,0,1,1
11423,0,4,5,0,2,9,4,4,6,8,2
11424,5,8,3,1,6,0,7,1,4,4,7
11425,2,3,4,6,8,2,6,8,9,5,6
11426,0,4,3,0,2,0,4,1,4,8,0
11427,4,5,8,9,3,4,3,0,8,7,3
11428,3,6,1,8,5,3,2,6,0,1,1
11429,3,0,1,4,5,3,2,6,1,1,1
11430,0,4,5,0,2,9,4,1,4,8,2
11431,2,3,4,6,8,2,6,8,9,5,6
11432,1,7,6,2,0,8,0,9,5,6,5
11433,1,7,6,2,0,8,0,9,5,6,5
11434,5,8,3,1,6,0,7,1,4,4,7
11435,0,4,5,0,2,9,4,4,6,8,2
11436,6,5,2,7,1,5,9,2,3,2,9
11437,8,2,5,5,9,9,8,4,6,9,2
11438,1,7,6,2,0,8,0,9,5,6,5
11439,9,9,9,2,7,1,5,7,2,0,5
11440,1,7,6,2,0,8,0,9,5,6,5
11441,1,7,6,2,0,8,0,3,5,6,5
11442,5,8,3,1,6,0,7,1,4,4,7
11443,6,5,2,7,1,5,9,2,3,2,9
11444,2,3,4,6,8,2,6,8,9,5,6
11445,9,9,9,2,7,1,5,7,2,0,5
11446,6,5,2,7,1,5,9,2,3,2,9
11447,5,8,7,1,6,7,7,4,6,4,7
11448,4,5,8,9,3,4,3,0,8,7,3
11449,6,5,2,7,1,5,9,2,3,2,9
11450,7,1,0,3,4,6,1,5,7,3,4
11451,3,0,1,4,5,3,2,3,1,1,1
11452,5,8,3,1,6,0,7,1,4,4,0
11453,3,0,1,4,5,3,2,6,1,1,1
11454,7,1,0,3,4,6,1,5,7,3,4
11455,0,4,5,0,2,9,4,4,6,8,2
11456,3,1,1,3,5,3,2,6,7,1,1
11457,9,9,9,6,7,1,5,7,2,0,6
11458,6,5,2,7,1,5,9,2,3,2,9
11459,8,2,7,5,9,7,8,4,6,9,8
11460,5,8,3,1,6,0,7,1,4,4,7
11461,4,5,8,9,3,4,3,3,8,7,3
11462,3,6,1,8,5,3,2,6,0,1,1
11463,8,2,7,5,9,7,8,4,6,9,8
11464,1,7,6,2,0,8,0,9,5,6,5
11465,5,8,3,1,6,0,7,1,4,4,7
11466,4,5,8,9,3,4,3,3,8,7,3
11467,2,3,4,6,8,2,6,8,9,5,6
11468,1,7,6,2,0,8,0,9,5,6,5
11469,2,3,4,6,8,2,6,8,9,5,6
11470,0,4,3,0,2,0,4,1,4,8,0
11471,8,2,7,5,9,7,8,4,6,9,8
11472,2,3,4,6,8,2,6,8,9,5,6
11473,8,2,5,5,9,9,8,4,6,9,2
11474,5,8,3,1,6,0,7,1,4,4,7
11475,6,5,2,7,1,5,9,2,3,2,9
11476,7,1,0,3,4,6,1,5,7,3,4
11477,2,3,4,6,8,2,6,3,9,5,6
11478,2,3,4,6,8,2,6,8,9,5,6
11479,9,7,6,2,7,8,5,3,2,0,5
11480,2,3,4,6,8,2,6,5,9,5,6
11481,7,1,0,3,4,6,1,5,7,3,4
11482,9,9,9,4,7,1,5,3,2,0,8
11483,9,5,9,2,7,1,5,3,2,0,5
11484,2,3,4,6,8,2,6,8,9,5,6
11485,0,4,7,0,2,7,4,4,6,8,2
11486,2,3,4,6,8,2,6,3,9,5,6
11487,4,7,8,9,3,4,3,3,8,7,3
11488,0,4,3,0,2,0,4,1,4,8,0
11489,1,7,6,3,0,8,0,3,5,6,4
11490,4,5,8,9,3,4,3,3,8,7,3
11491,6,5,2,7,1,5,9,2,3,2,9
11492,7,1,0,3,4,6,1,5,7,3,4
11493,6,5,2,7,1,5,9,2,3,2,9
11494,5,8,3,1,6,0,7,1,4,4,7
11495,8,2,7,5,9,7,8,4,6,9,8
11496,8,2,7,5,9,7,8,4,6,9,8
11497,4,5,8,9,3,4,3,3,8,7,3
11498,0,4,3,0,2,0,4,1,4,8,2
11499,8,2,7,5,9,7,8,4,6,9,8
11500,7,1,0,3,4,6,1,5,7,3,4
11501,2,3,4,6,8,2,6,3,9,5,6
11502,1,7,6,2,0,8,0,9,5,6,5
11503,6,5,2,7,1,5,9,2,3,2,9
11504,1,7,6,2,0,8,0,9,5,6,5
11505,2,3,4,6,8,2,6,8,9,5,6
11506,9,9,9,2,7,1,5,7,2,0,5
11507,2,3,4,6,8,2,6,3,9,5,6
11508,9,9,9,2,7,1,5,7,2,0,5
11509,9,9,9,2,7,1,5,7,2,0,5
11510,0,4,7,0,2,7,4,1,4,8,0
11511,2,3,4,6,8,2,6,8,9,5,6
11512,0,4,7,0,2,7,4,4,6,8,0
11513,2,3,4,2,8,2,6,9,9,5,5
11514,3,6,1,8,5,3,2,6,0,1,1
11515,0,4,7,0,2,7,4,1,4,8,0
11516,5,8,3,1,6,0,7,1,4,4,7
11517,0,4,5,0,2,9,4,4,6,8,2
11518,1,7,6,2,0,8,0,9,5,6,5
11519,6,5,2,7,1,5,9,2,3,2,9
11520,7,1,0,3,4,6,1,5,7,3,4
11521,6,5,2,7,1,5,9,2,3,2,9
11522,9,9,9,2,7,1,5,7,2,0,5
11523,9,9,9,2,7,1,5,3,2,0,8
11524,2,3,4,6,8,2,6,8,9,5,6
11525,8,2,5,5,9,9,8,4,6,9,2
11526,3,6,1,8,5,3,2,6,0,1,1
11527,5,8,3,1,6,0,7,1,4,4,0
11528,8,2,5,5,9,9,8,4,6,9,8
11529,2,3,4,6,8,2,6,8,9,5,6
11530,4,5,8,9,3,4,3,0,8,7,3
11531,6,5,2,7,1,5,9,2,3,2,9
11532,7,6,0,8,4,6,1,5,0,3,4
11533,9,9,9,2,7,1,5,7,2,0,5
11534,5,2,7,5,9,7,7,4,6,9,7
11535,2,1,4,3,8,2,6,5,7,5,6
11536,0,5,7,9,2,7,4,1,4,8,0
11537,9,9,9,2,7,1,5,7,2,0,5
11538,0,8,3,0,2,0,4,1,4,8,0
11539,2,3,4,6,8,2,6,3,9,5,6
11540,0,4,5,0,2,9,4,4,6,8,2
11541,3,6,1,8,5,3,2,6,0,1,1
11542,7,1,0,3,4,6,1,5,7,3,4
11543,9,9,9,2,7,1,5,7,2,0,5
11544,7,1,0,3,4,6,1,5,7,3,4
11545,6,9,2,7,1,5,9,2,3,2,9
11546,2,3,4,6,8,2,6,8,9,5,6
11547,5,8,7,1,6,7,7,1,4,4,7
11548,0,4,5,0,2,9,4,4,6,8,2
11549,9,9,9,2,7,1,5,3,2,0,5
11550,8,2,9,5,9,1,8,7,2,9,8
11551,4,5,8,9,3,4,3,3,8,7,3
11552,6,5,2,7,1,5,9,2,3,2,9
11553,8,2,5,5,9,9,8,4,6,9,2
11554,1,7,6,2,0,8,0,9,5,6,5
11555,2,3,4,6,8,2,6,8,9,5,6
11556,7,1,0,3,4,6,1,5,7,3,4
11557,8,2,7,5,9,7,8,4,6,9,8
11558,1,7,6,2,0,8,0,9,5,6,5
11559,2,0,4,4,8,2,6,3,1,5,6
11560,6,5,2,7,1,5,9,2,3,2,9
11561,9,9,9,2,7,1,5,7,2,0,5
11562,3,6,1,8,5,3,2,6,0,1,1
11563,6,5,2,7,1,5,9,2,3,2,9
11564,8,2,5,5,9,9,8,4,6,9,8
11565,9,9,9,7,7,1,5,7,2,0,9
11566,0,4,3,0,2,0,4,1,4,8,2
11567,8,2,7,5,9,7,8,4,6,9,8
11568,1,7,6,2,0,8,0,9,5,6,5
11569,6,7,2,2,1,5,9,3,3,2,5
11570,0,4,5,0,2,9,4,1,4,8,2
11571,4,5,8,9,3,4,3,3,8,7,3
11572,7,1,0,3,4,6,1,5,7,3,4
11573,8,2,5,5,9,9,8,4,6,9,2
11574,3,6,1,8,5,3,2,6,0,1,1
11575,2,3,4,6,8,2,6,8,9,5,6
11576,9,9,9,2,7,1,5,7,2,0,5
11577,3,0,1,4,5,3,2,3,1,1,1
11578,6,5,2,7,1,5,9,2,3,2,3
11579,9,9,9,2,7,1,5,7,2,0,5
11580,5,8,3,1,6,0,7,1,4,4,7
11581,6,5,2,7,1,5,9,2,3,2,9
11582,5,8,3,1,6,0,7,1,4,4,0
11583,9,9,9,7,7,1,5,7,2,0,9
11584,3,0,1,4,5,3,2,3,1,1,1
11585,8,2,7,5,9,7,8,4,6,9,8
11586,7,6,0,8,4,6,1,5,0,3,4
11587,2,9,4,2,8,2,6,3,2,5,5
11588,3,6,1,8,5,3,2,6,0,1,1
11589,4,5,8,2,3,4,3,3,8,7,3
11590,7,1,0,3,4,6,1,5,7,3,4
11591,0,4,5,0,2,9,4,4,6,8,2
11592,2,3,4,2,8,2,6,3,9,5,6
11593,8,2,7,5,9,7,8,4,6,9,8
11594,5,8,3,1,6,0,7,1,4,4,7
11595,8,2,5,5,9,9,8,4,6,9,8
11596,7,1,0,3,4,6,1,5,7,3,4
11597,3,0,1,4,5,3,2,6,1,1,1
11598,9,9,9,2,7,1,5,7,2,0,5
11599,2,2,4,6,8,2,6,3,9,5,8
11600,5,8,8,1,6,4,7,0,8,4,7
11601,6,5,2,7,1,5,9,2,3,2,9
11602,2,3,4,6,8,2,6,8,9,5,6
11603,8,2,7,5,9,7,8,4,6,9,8
11604,1,7,6,2,0,8,0,9,5,6,5
11605,3,0,1,4,5,3,2,6,1,1,1
11606,1,7,6,2,0,8,0,9,5,6,5
11607,9,9,9,2,7,1,5,7,2,0,5
11608,1,7,6,2,0,8,0,7,5,6,5
11609,9,9,9,2,7,1,5,7,2,0,5
11610,4,5,8,9,3,4,3,8,8,7,3
11611,9,9,9,2,7,1,5,7,2,0,8
11612,3,0,1,4,5,3,2,6,1,1,1
11613,9,9,9,2,7,1,5,7,2,0,5
11614,2,3,4,6,8,2,6,8,9,5,6
11615,3,0,1,4,5,3,2,6,1,1,1
11616,5,8,3,1,6,0,7,1,4,4,7
11617,9,9,9,2,7,1,5,7,2,0,8
11618,7,1,0,3,4,6,1,5,7,3,4
11619,9,9,9,7,7,1,5,7,2,0,9
11620,3,6,1,8,5,3,2,6,0,1,1
11621,9,9,9,7,7,1,5,7,2,0,9
11622,1,7,6,2,0,8,0,9,5,6,5
11623,8,2,5,5,9,9,8,4,6,9,8
11624,5,8,3,1,6,0,7,1,4,4,7
11625,9,9,9,6,7,1,5,7,2,0,8
11626,5,8,3,1,6,0,7,1,4,4,7
11627,8,2,7,5,9,7,8,4,6,9,8
11628,5,8,3,1,6,0,7,1,4,4,7
11629,8,2,7,5,9,7,8,4,6,9,8
11630,1,7,6,2,0,8,0,9,5,6,5
11631,9,9,9,6,7,1,5,3,2,0,6
11632,1,7,6,2,0,8,0,9,5,6,5
11633,8,2,7,5,9,7,8,4,6,9,8
11634,1,7,6,2,0,8,0,9,5,6,5
11635,4,5,8,9,3,4,3,3,8,7,3
11636,2,0,4,4,8,2,6,3,1,5,6
11637,9,9,9,2,7,1,5,7,2,0,5
11638,0,4,7,0,2,7,4,4,6,8,8
11639,6,0,2,7,1,5,9,2,3,2,9
11640,0,8,3,1,6,0,4,1,4,4,2
11641,8,2,7,5,9,7,8,4,6,9,8
11642,0,4,5,0,2,9,4,4,6,8,2
11643,9,9,9,2,7,1,5,3,2,0,5
11644,0,4,7,0,2,7,4,1,4,8,0
11645,6,3,2,7,1,5,9,2,3,2,9
11646,5,8,3,1,6,0,7,1,4,4,7
11647,8,2,7,5,9,7,8,4,6,9,8
11648,2,0,4,4,8,2,6,3,1,5,6
11649,5,2,7,5,9,7,7,4,6,9,7
11650,5,8,3,1,6,0,7,1,4,4,2
11651,2,9,4,7,8,2,6,3,2,5,6
11652,5,8,3,1,6,0,7,1,4,4,7
11653,8,2,7,5,9,7,8,4,6,9,8
11654,3,6,1,8,5,3,2,6,0,1,1
11655,6,5,2,7,1,5,9,2,3,2,9
11656,2,3,4,6,8,2,6,8,9,5,6
11657,8,2,7,5,9,7,8,4,6,9,8
11658,0,4,7,0,2,7,4,1,4,8,0
11659,2,3,4,6,8,2,6,8,9,5,6
11660,5,8,3,1,6,0,7,1,4,4,2
11661,4,0,8,4,3,4,3,0,1,7,3
11662,2,3,4,6,8,2,6,8,9,5,6
11663,9,9,9,2,7,1,5,7,2,0,5
11664,0,4,5,0,2,9,4,1,4,8,2
11665,2,3,4,6,8,2,6,8,9,5,6
11666,1,7,6,2,0,8,0,9,5,6,5
11667,4,5,8,9,3,4,3,2,8,7,3
11668,5,8,3,1,6,0,7,1,4,4,7
11669,0,4,7,0,2,7,4,4,6,8,0
11670,0,8,3,1,6,0,7,1,4,4,0
11671,9,9,9,2,7,1,5,7,2,0,5
11672,7,1,0,3,4,6,1,8,7,3,4
11673,4,5,8,9,3,4,3,3,8,7,3
11674,7,1,0,3,4,6,1,5,7,3,4
11675,4,0,8,4,3,4,3,3,1,7,3
11676,1,7,6,2,0,8,0,9,5,6,5
11677,9,9,9,2,7,1,5,7,2,0,5
11678,4,5,8,9,3,4,3,0,8,7,3
11679,9,9,9,2,7,1,5,7,2,0,5
11680,4,5,8,9,3,4,3,0,8,7,3
11681,2,3,4,6,8,2,6,8,9,5,6
11682,0,4,7,0,2,7,4,1,4,8,0
11683,2,0,4,4,8,2,6,3,1,5,6
11684,4,5,8,9,3,4,3,0,8,7,3
11685,8,2,7,5,9,7,8,4,6,9,8
11686,0,4,5,0,2,9,4,4,6,8,2
11687,9,9,9,5,9,1,8,7,2,9,8
11688,5,8,3,1,6,0,7,1,4,4,7
11689,8,2,2,5,9,5,8,4,6,9,8
11690,5,8,3,1,6,0,7,1,4,4,7
11691,4,5,8,9,3,4,3,3,8,7,3
11692,5,8,3,1,6,0,7,1,4,4,7
11693,6,9,2,7,1,5,9,2,3,2,9
11694,3,6,1,8,5,3,2,6,0,1,1
11695,2,3,4,6,8,2,6,3,9,5,6
11696,5,8,3,1,6,0,7,1,4,4,7
11697,4,5,8,9,3,4,3,0,8,7,3
11698,0,4,3,0,2,0,4,1,4,8,0
11699,4,5,8,9,3,4,3,3,8,7,3
11700,6,5,2,7,1,5,9,2,3,2,9
11701,2,0,4,4,8,2,6,3,1,5,6
11702,0,4,7,2,2,7,4,4,6,8,5
11703,8,2,5,5,9,9,8,4,6,9,8
11704,7,1,0,3,4,6,1,5,7,3,4
11705,6,5,2,7,1,5,9,2,3,2,9
11706,7,1,0,3,4,6,1,5,7,3,4
11707,2,3,4,6,8,2,6,3,9,5,6
11708,7,3,0,6,4,6,1,8,9,3,2
11709,9,2,9,5,7,1,5,7,2,0,8
11710,7,1,0,3,4,6,1,5,7,3,4
11711,5,7,6,2,6,8,7,9,5,4,5
11712,2,3,4,6,8,2,6,3,9,5,6
11713,8,2,7,5,9,7,8,4,6,9,8
11714,7,1,0,3,4,6,1,5,7,3,4
11715,9,9,9,2,7,1,5,7,2,0,5
11716,0,4,3,0,2,0,4,1,4,8,2
11717,9,9,9,2,7,1,5,7,2,0,5
11718,6,3,2,7,1,5,9,2,3,2,9
11719,9,9,9,7,7,1,5,7,2,0,9
11720,7,1,0,3,4,6,1,5,7,3,4
11721,9,9,9,2,7,1,5,3,2,0,5
11722,2,3,4,6,8,2,6,8,9,5,6
11723,4,5,8,9,3,4,3,0,8,7,3
11724,1,7,6,2,0,8,0,9,5,6,5
11725,2,7,4,2,8,2,6,3,5,5,5
11726,7,3,0,6,4,6,1,8,9,3,4
11727,6,5,2,7,1,5,9,2,3,2,9
11728,9,9,9,2,7,1,5,7,2,0,5
11729,3,0,1,4,5,3,2,6,1,1,1
11730,4,5,8,9,3,4,3,0,8,7,3
11731,4,5,8,9,3,4,3,3,8,7,3
11732,0,4,3,0,2,0,4,1,4,8,0
11733,8,2,5,5,9,9,8,4,6,9,2
11734,5,8,3,1,6,0,7,1,4,4,7
11735,9,9,9,2,7,1,5,7,2,0,5
11736,8,2,5,5,9,9,8,4,6,9,2
11737,6,5,2,7,1,5,9,2,3,2,9
11738,9,9,9,6,7,1,5,7,2,0,6
11739,9,9,9,2,7,1,5,7,2,0,5
11740,0,4,3,0,2,0,4,1,4,8,0
11741,2,3,4,6,8,2,6,8,9,5,6
11742,2,5,4,0,8,2,6,1,4,5,6
11743,9,9,9,2,7,1,5,7,2,0,5
11744,5,8,3,1,6,0,7,1,4,4,0
11745,9,9,9,2,7,1,5,7,2,0,5
11746,3,6,1,8,5,3,2,6,0,1,1
11747,9,9,9,7,7,1,5,7,2,0,9
11748,6,5,2,7,1,5,9,2,3,2,9
11749,9,9,9,2,7,1,5,7,2,0,5
11750,7,3,0,3,4,6,1,8,7,3,4
11751,2,3,4,6,8,2,6,8,9,5,6
11752,7,1,0,3,4,6,1,5,7,3,4
11753,2,3,4,6,8,2,6,8,9,5,6
11754,3,6,1,8,5,3,2,6,0,1,1
11755,2,7,4,2,8,2,6,3,5,5,6
11756,7,1,0,3,4,6,1,5,7,3,4
11757,8,2,5,5,9,9,8,4,6,9,2
11758,3,6,1,8,5,3,2,6,0,1,1
11759,9,9,9,2,7,1,5,7,2,0,5
11760,1,7,6,2,0,8,0,9,5,6,5
11761,9,9,9,6,7,1,5,7,2,0,6
11762,5,8,3,1,6,0,7,1,4,4,7
11763,8,2,5,5,9,9,8,4,6,9,2
11764,0,8,3,0,2,0,4,1,4,8,0
11765,9,9,9,2,7,1,5,7,2,0,5
11766,0,4,5,0,2,9,4,1,4,8,2
11767,9,9,9,2,7,1,5,7,2,0,5
11768,9,9,9,2,7,1,5,7,2,0,8
11769,4,5,8,9,3,4,3,3,8,7,3
11770,0,4,7,0,2,7,4,4,6,8,0
11771,8,2,5,5,9,9,8,4,6,9,2
11772,6,5,2,7,1,5,9,2,3,2,9
11773,8,2,7,5,9,7,8,4,6,9,8
11774,5,8,3,1,6,0,7,1,4,4,7
11775,8,2,7,5,9,7,8,4,6,9,8
11776,9,2,7,2,7,7,5,3,2,0,8
11777,9,9,9,2,7,1,5,7,2,0,5
11778,0,4,5,0,2,9,4,1,4,8,0
11779,2,0,4,4,8,2,6,3,1,5,6
11780,3,6,1,8,5,3,2,6,0,1,1
11781,2,3,4,6,8,2,6,8,9,5,6
11782,7,1,0,3,4,6,1,5,7,3,4
11783,8,2,7,5,9,7,8,4,6,9,8
11784,5,5,8,2,6,4,7,0,8,4,7
11785,9,2,9,5,7,1,5,3,2,0,8
11786,8,2,5,5,9,9,8,4,6,9,2
11787,1,5,6,2,0,8,0,3,5,6,5
11788,7,1,0,3,4,6,1,5,7,3,6
11789,0,4,7,0,2,7,4,1,4,8,0
11790,0,4,3,0,2,0,4,1,4,8,0
11791,3,0,1,4,5,3,2,6,1,1,1
11792,7,1,0,3,4,6,1,5,7,3,4
11793,9,9,9,2,7,1,5,7,2,0,5
11794,3,6,1,8,5,3,2,6,0,1,1
11795,6,5,2,7,1,5,9,2,3,2,9
11796,2,3,4,6,8,2,6,8,9,5,6
11797,2,1,4,3,8,2,6,5,7,5,6
11798,0,4,3,1,6,0,7,1,4,4,2
11799,0,4,7,0,2,7,4,1,4,8,0
11800,4,5,8,9,3,4,3,0,8,7,3
11801,2,3,4,6,8,2,6,3,9,5,6
11802,2,0,4,2,8,2,6,3,2,5,5
11803,4,5,8,9,3,4,3,3,8,7,3
11804,7,1,0,3,4,6,1,5,7,3,4
11805,0,4,5,0,2,9,4,4,6,8,2
11806,0,4,4,0,2,2,4,8,9,8,0
11807,3,0,1,4,5,3,2,6,1,1,1
11808,7,3,0,2,4,6,1,8,9,3,5
11809,9,9,9,2,7,1,5,7,2,0,5
11810,0,4,5,0,2,9,4,4,6,8,2
11811,6,5,2,7,1,5,9,2,3,2,9
11812,9,9,9,7,7,1,5,7,2,0,9
11813,2,3,4,6,8,2,6,3,9,5,6
11814,5,8,3,1,6,0,7,1,4,4,7
11815,9,9,7,2,7,7,5,7,2,0,8
11816,0,4,7,0,2,7,4,4,6,8,0
11817,2,3,4,6,8,2,6,3,9,5,6
11818,5,8,3,1,6,0,7,1,4,4,0
11819,1,7,6,2,0,8,0,9,5,6,5
11820,5,8,3,1,6,0,7,1,4,4,0
11821,0,4,5,0,2,9,4,1,4,8,2
11822,5,8,3,1,6,0,7,1,4,4,7
11823,2,3,4,6,8,2,6,8,9,5,8
11824,5,8,3,1,6,0,7,1,4,4,7
11825,0,4,7,0,2,7,4,4,6,8,0
11826,6,9,2,7,1,5,9,2,3,2,9
11827,8,3,7,5,9,7,8,8,9,9,8
11828,4,5,8,9,3,4,3,0,8,7,3
11829,0,4,7,0,2,7,4,4,6,8,0
11830,5,8,3,1,6,0,7,1,4,4,0
11831,0,4,5,0,2,9,4,1,4,8,2
11832,4,5,8,9,3,4,3,0,8,7,3
11833,2,0,4,4,8,2,6,3,1,5,6
11834,3,6,1,8,5,3,2,6,0,1,1
11835,9,9,9,2,7,1,5,7,2,0,5
11836,2,3,4,6,8,2,6,8,9,5,6
11837,2,3,4,2,8,2,6,3,3,5,6
11838,0,4,3,0,2,0,4,1,4,8,0
11839,2,3,4,6,8,2,6,3,9,5,6
11840,0,4,3,0,2,0,4,1,4,8,0
11841,6,5,2,7,1,5,9,2,3,2,9
11842,0,4,7,0,2,7,4,4,6,8,0
11843,8,2,7,5,9,7,8,4,6,9,8
11844,2,3,4,7,8,2,6,2,3,5,6
11845,3,0,1,4,5,3,2,3,1,1,1
11846,3,6,1,8,5,3,2,6,0,1,1
11847,0,4,7,0,2,7,4,4,6,8,0
11848,3,0,1,4,5,3,2,6,1,1,1
11849,4,5,8,9,3,4,3,3,8,7,3
11850,7,1,0,3,4,6,1,5,7,3,4
11851,2,0,4,4,8,2,6,3,1,5,9
11852,5,6,1,1,5,3,7,6,0,1,7
11853,9,9,9,2,7,1,5,7,2,0,5
11854,8,2,5,5,9,9,8,4,6,9,2
11855,9,9,9,2,7,1,5,7,2,0,5
11856,6,5,2,7,1,5,9,2,3,2,9
11857,9,9,9,2,7,1,5,7,2,0,5
11858,2,3,4,6,8,2,6,8,9,5,6
11859,2,3,4,6,8,2,6,8,9,5,6
11860,3,6,1,8,5,3,2,6,0,1,1
11861,8,2,7,5,9,7,8,4,6,9,8
11862,0,4,7,0,2,7,4,1,4,8,0
11863,2,3,4,2,8,2,6,7,2,5,5
11864,7,1,0,3,4,6,1,5,7,3,4
11865,6,5,2,7,1,5,9,2,3,2,9
11866,4,5,8,9,3,4,3,0,8,7,3
11867,9,9,9,2,7,1,5,7,2,0,5
11868,1,7,6,2,0,8,0,9,5,6,5
11869,6,5,2,7,1,5,9,2,3,2,9
11870,2,5,4,6,8,2,6,8,9,5,6
11871,4,5,8,9,3,4,3,3,8,7,3
11872,2,3,4,6,8,2,6,8,9,5,6
11873,8,2,7,5,9,7,8,3,6,9,8
11874,7,1,0,3,4,6,1,5,7,3,4
11875,4,5,8,9,3,4,3,0,8,7,3
11876,0,4,3,0,2,0,4,1,4,8,0
11877,5,8,3,1,6,0,7,1,4,4,7
11878,4,5,8,9,3,4,3,0,8,7,3
11879,0,5,7,0,2,7,4,1,4,8,0
11880,1,7,6,2,0,8,0,9,2,6,5
11881,2,3,4,6,8,2,6,8,9,5,6
11882,1,7,6,6,0,8,0,9,5,6,6
11883,1,7,6,2,0,8,0,9,5,6,5
11884,5,8,3,1,6,0,7,1,4,4,7
11885,8,2,7,5,9,7,8,4,6,9,8
11886,0,8,3,1,6,0,4,1,4,4,0
11887,2,0,4,4,8,2,6,3,1,5,6
11888,3,0,1,4,5,3,2,6,1,1,1
11889,2,3,4,6,8,2,6,3,9,5,6
11890,2,3,4,6,8,2,6,8,9,5,5
11891,0,4,7,0,2,7,4,1,4,8,0
11892,4,5,8,9,3,4,3,0,8,7,3
11893,0,4,7,0,2,7,4,1,4,8,0
11894,0,4,5,0,2,9,4,1,4,8,2
11895,1,7,6,2,0,8,0,9,5,6,5
11896,6,9,2,2,1,5,9,2,3,2,5
11897,0,4,7,0,2,7,4,9,5,8,0
11898,5,8,3,1,6,0,7,1,4,4,2
11899,6,5,2,7,1,5,9,2,3,2,9
11900,0,4,7,0,2,7,4,1,4,8,0
11901,1,7,6,2,0,8,0,9,5,6,5
11902,3,6,1,8,5,3,2,6,0,1,1
11903,0,4,7,0,2,7,4,9,5,8,0
11904,2,3,4,6,8,2,6,3,9,5,6
11905,1,7,6,2,0,8,0,3,5,6,5
11906,5,8,3,1,6,0,7,1,4,4,7
11907,0,4,5,0,2,9,4,4,6,8,2
11908,2,3,4,6,8,2,6,8,9,5,6
11909,0,4,7,0,2,7,4,4,6,8,0
11910,7,1,0,3,4,6,1,5,7,3,4
11911,4,5,8,9,3,4,3,3,8,7,3
11912,0,4,3,0,2,0,4,1,4,8,0
11913,8,2,7,5,9,7,8,4,6,9,8
11914,3,6,1,8,5,3,2,6,0,1,1
11915,4,5,8,9,3,4,3,3,8,7,3
11916,5,8,3,1,6,0,7,1,4,4,7
11917,9,9,9,2,7,1,5,7,2,0,5
11918,0,4,3,0,2,0,4,1,4,8,0
11919,8,2,5,5,9,9,8,4,6,9,8
11920,3,0,1,4,5,3,2,6,1,1,1
11921,2,3,4,6,8,2,6,8,9,5,6
11922,2,3,4,6,8,2,6,8,9,5,6
11923,2,3,4,6,8,2,6,8,9,5,6
11924,0,4,7,0,2,7,4,9,5,8,0
11925,8,2,7,5,9,7,8,4,6,9,8
11926,5,8,3,1,6,0,7,1,4,4,0
11927,4,5,8,9,3,4,3,3,8,7,3
11928,7,1,0,3,4,6,1,5,7,3,4
11929,2,3,4,6,8,2,6,9,5,5,6
11930,5,8,3,1,6,0,7,1,4,4,7
11931,1,7,6,0,0,8,0,9,5,6,5
11932,4,5,8,9,3,4,3,0,8,7,3
11933,2,0,4,4,8,2,6,3,1,5,6
11934,0,4,7,0,2,7,4,1,4,8,0
11935,2,3,4,6,8,2,6,5,9,5,6
11936,2,3,4,6,8,2,6,8,9,5,6
11937,8,2,5,5,9,9,8,4,6,9,8
11938,0,4,7,0,2,7,4,1,4,8,0
11939,9,9,9,2,7,1,5,7,2,0,5
11940,1,7,6,2,0,8,0,9,5,6,5
11941,4,5,8,9,3,4,3,3,8,7,3
11942,7,1,0,3,4,6,1,5,7,3,4
11943,9,9,9,2,7,1,5,7,2,0,5
11944,8,2,7,5,9,7,8,4,6,9,8
11945,3,0,1,4,5,3,2,6,1,1,1
11946,5,8,3,1,6,0,7,1,4,4,7
11947,8,4,7,5,9,7,8,4,6,9,8
11948,3,6,1,8,5,3,2,6,0,1,1
11949,1,7,6,2,0,8,0,9,5,6,5
11950,7,1,0,3,4,6,1,8,7,3,4
11951,2,3,4,6,8,2,6,8,9,5,6
11952,4,5,8,9,3,4,3,3,8,7,3
11953,9,9,9,2,7,1,5,7,2,0,5
11954,1,7,6,2,0,8,0,9,5,6,5
11955,0,4,7,0,2,7,4,4,6,8,0
11956,5,8,3,1,6,0,7,1,4,4,7
11957,2,0,4,4,8,2,6,3,1,5,6
11958,7,1,0,3,4,6,1,5,7,3,4
11959,4,5,8,9,3,4,3,3,8,7,3
11960,7,1,0,3,4,6,1,5,7,3,4
11961,6,5,2,7,1,5,9,2,3,2,9
11962,5,8,3,1,6,0,7,1,4,4,7
11963,2,3,4,6,8,2,6,3,9,5,6
11964,5,6,2,8,6,5,7,2,0,4,7
11965,9,2,7,5,9,7,8,4,6,9,8
11966,7,1,0,3,4,6,1,5,9,3,4
11967,9,9,7,2,7,7,5,7,2,0,5
11968,1,7,6,2,0,8,0,9,5,6,5
11969,2,0,4,7,8,2,6,3,3,5,6
11970,5,8,3,1,6,0,7,1,4,4,7
11971,6,5,2,7,1,5,9,2,3,2,9
11972,4,5,8,9,3,4,3,3,8,7,3
11973,3,0,1,4,5,3,2,6,1,1,1
11974,3,0,1,4,5,3,2,6,1,1,1
11975,9,9,9,2,7,1,5,7,2,0,5
11976,1,7,6,2,0,8,0,9,5,6,5
11977,6,5,2,7,1,5,9,2,3,2,9
11978,2,3,4,6,8,2,6,3,9,5,6
11979,2,3,4,6,8,2,6,8,9,5,6
11980,7,1,0,3,4,6,1,5,7,3,4
11981,5,8,3,1,6,0,7,1,4,4,7
11982,1,7,6,2,0,8,0,9,5,6,5
11983,9,9,9,2,7,1,5,3,2,0,5
11984,8,2,7,5,9,7,8,4,6,9,8
11985,4,5,8,9,3,4,3,3,8,7,3
11986,8,2,7,5,9,7,8,4,6,9,8
11987,8,2,5,5,9,9,8,4,6,9,2
11988,0,4,7,0,2,7,4,4,6,8,0
11989,2,3,4,6,8,2,6,8,9,5,6
11990,5,8,3,1,6,0,7,1,4,4,7
11991,8,2,7,5,9,7,8,4,6,9,8
11992,1,7,6,2,0,8,0,9,5,6,5
11993,3,0,1,4,5,3,2,6,1,1,1
11994,0,4,6,0,2,8,4,9,5,8,2
11995,9,9,9,2,7,1,5,7,2,0,5
11996,4,5,8,9,3,4,3,0,8,7,3
11997,6,5,2,7,1,5,9,2,3,2,9
11998,2,3,4,6,8,2,6,8,9,5,6
11999,2,3,4,6,8,2,6,8,9,5,6
12000,8,2,5,5,9,9,8,4,6,9,2
12001,8,4,7,5,9,7,8,4,6,9,0
12002,4,5,8,9,3,4,3,0,8,7,3
12003,9,9,9,2,7,1,5,7,2,0,5
12004,3,1,1,3,5,3,2,6,7,1,1
12005,4,5,8,9,3,4,3,3,8,7,3
12006,5,8,3,1,6,0,7,1,4,4,7
12007,8,2,5,5,9,9,8,4,6,9,2
12008,3,0,1,4,5,3,2,6,1,1,1
12009,2,3,4,6,8,2,6,8,9,5,6
12010,7,3,0,6,4,6,1,8,9,3,4
12011,3,0,1,4,5,3,2,6,1,1,1
12012,1,7,6,2,0,8,0,9,5,6,5
12013,9,9,9,2,7,1,5,7,2,0,5
12014,7,1,0,3,4,6,1,5,7,3,4
12015,6,5,2,7,1,5,9,2,3,2,9
12016,8,2,7,5,9,7,8,3,2,9,8
12017,2,3,4,6,8,2,6,8,9,5,6
12018,0,4,3,0,2,0,4,1,4,8,0
12019,8,2,7,5,9,7,8,4,6,9,8
12020,3,6,1,8,5,3,2,6,0,1,1
12021,9,9,9,2,7,1,5,3,2,0,8
12022,7,1,0,3,4,6,1,5,7,3,4
12023,4,5,8,9,3,4,3,3,8,7,3
12024,7,1,0,3,4,6,1,5,7,3,4
12025,8,2,5,5,9,9,8,4,6,9,8
12026,7,3,0,3,4,6,1,8,9,3,4
12027,8,2,4,5,9,2,8,8,6,9,8
12028,0,8,3,0,2,0,4,1,4,8,0
12029,8,2,7,5,9,7,8,4,6,9,8
12030,1,7,6,2,0,8,0,9,5,6,5
12031,8,4,5,0,2,9,4,4,6,8,2
12032,0,4,0,0,2,6,4,5,7,8,0
12033,8,2,7,5,9,7,8,4,6,9,8
12034,0,4,3,0,2,0,4,1,4,8,0
12035,2,3,4,6,8,2,6,8,9,5,6
12036,5,8,3,1,6,0,7,1,4,4,7
12037,2,3,4,6,8,2,6,8,9,5,6
12038,1,7,6,2,0,8,0,9,5,6,5
12039,9,9,9,2,7,1,5,7,2,0,8
12040,1,7,6,2,0,8,0,9,5,6,5
12041,9,9,9,2,7,1,5,7,2,0,5
12042,1,7,6,2,0,8,0,9,5,6,5
12043,2,3,4,6,8,2,6,8,9,5,6
12044,7,1,0,3,4,6,1,5,7,3,4
12045,2,3,4,6,8,2,6,8,9,5,6
12046,7,1,0,3,4,6,1,5,7,3,4
12047,4,5,8,9,3,4,3,0,8,7,3
12048,0,4,5,0,2,9,4,1,4,8,0
12049,9,9,9,2,7,1,5,7,2,0,5
12050,0,4,7,0,2,7,4,8,9,8,0
12051,8,2,7,5,9,7,8,4,6,9,8
12052,5,8,3,1,6,0,7,1,4,4,0
12053,6,5,2,7,1,5,9,2,3,2,9
12054,2,3,4,6,8,2,6,3,9,5,6
12055,8,2,7,5,9,7,8,4,6,9,8
12056,1,7,6,2,0,8,0,9,5,6,5
12057,3,0,1,4,5,3,2,6,1,1,1
12058,0,4,7,0,2,7,4,1,4,8,0
12059,8,3,7,5,9,7,8,4,6,9,0
12060,1,7,6,2,0,8,0,9,5,6,5
12061,8,2,7,5,9,7,8,4,6,9,8
12062,0,4,5,0,2,9,4,4,6,8,2
12063,6,3,2,7,1,5,9,2,3,2,9
12064,5,8,3,1,6,0,7,1,4,4,7
12065,8,2,2,5,9,5,8,2,3,9,8
12066,7,1,0,3,4,6,1,5,7,3,4
12067,8,2,5,5,9,9,8,4,6,9,8
12068,4,5,8,9,3,4,3,0,8,7,3
12069,8,2,7,5,9,7,8,4,6,9,8
12070,0,4,3,0,2,0,4,1,4,8,0
12071,9,9,9,2,7,1,5,7,2,0,5
12072,1,7,6,2,0,8,0,9,5,6,5
12073,2,3,4,6,8,2,6,8,9,5,6
12074,5,8,3,1,6,0,7,1,4,4,7
12075,0,4,7,0,2,7,4,4,6,8,0
12076,1,7,6,2,0,8,0,9,5,6,5
12077,0,4,7,0,2,7,4,4,6,8,0
12078,1,7,6,2,0,8,0,9,5,6,5
12079,6,5,2,7,1,5,9,2,3,2,9
12080,7,8,3,3,4,0,1,1,4,3,4
12081,0,4,5,0,2,9,4,4,6,8,2
12082,2,3,4,6,8,2,6,8,9,5,6
12083,9,9,9,5,7,1,5,3,2,0,8
12084,2,3,4,6,8,2,6,8,9,5,6
12085,2,3,4,6,8,2,6,8,9,5,6
12086,7,1,0,3,4,6,1,5,7,3,4
12087,2,3,4,6,8,2,6,3,9,5,6
12088,4,5,8,9,3,4,3,3,8,7,3
12089,2,3,4,6,8,2,6,8,9,5,6
12090,4,5,8,9,3,4,3,3,8,7,3
12091,6,5,2,7,1,5,9,2,3,2,9
12092,2,3,4,6,8,2,6,3,9,5,6
12093,6,5,2,7,1,5,9,2,3,2,9
12094,7,1,0,3,4,6,1,5,7,3,4
12095,3,0,1,4,5,3,2,6,1,1,1
12096,5,8,3,1,6,0,7,1,4,4,7
12097,9,9,9,2,7,1,5,3,2,0,5
12098,8,2,7,5,9,7,8,4,6,9,8
12099,2,3,4,6,8,2,6,8,9,5,6
12100,2,3,4,6,8,2,6,8,9,5,6
12101,4,5,8,9,3,4,3,0,8,7,3
12102,5,8,3,1,6,0,7,1,4,4,7
12103,3,0,1,4,5,3,2,6,1,1,1
12104,4,5,8,9,3,4,3,3,8,7,3
12105,8,4,7,5,9,7,8,4,6,9,0
12106,9,7,9,2,7,1,5,7,2,0,5
12107,3,0,1,4,5,3,2,6,1,1,1
12108,7,1,0,3,4,6,1,5,7,3,4
12109,2,3,4,6,8,2,6,8,9,5,6
12110,2,3,4,6,8,2,6,8,9,5,6
12111,2,3,4,6,8,2,6,8,9,5,6
12112,7,1,0,3,4,6,1,5,7,3,4
12113,9,9,9,2,7,1,5,7,2,0,5
12114,4,5,8,9,3,4,3,3,8,7,3
12115,3,0,1,4,5,3,2,3,1,1,1
12116,0,4,5,0,2,9,4,1,4,8,2
12117,2,3,4,6,8,2,6,8,9,5,6
12118,1,3,6,2,0,8,0,8,9,6,5
12119,2,0,4,4,8,2,6,3,1,5,6
12120,8,4,7,0,2,7,8,4,6,8,0
12121,0,4,7,0,2,7,4,1,4,8,0
12122,0,4,7,0,2,7,4,1,4,8,0
12123,9,9,9,2,7,1,5,7,2,0,5
12124,7,1,0,3,4,6,1,5,7,3,4
12125,8,2,7,5,9,7,8,4,6,9,8
12126,8,2,9,5,9,1,8,4,6,9,8
12127,3,0,1,4,5,3,2,6,1,1,1
12128,1,7,6,2,0,8,0,9,5,6,5
12129,6,5,2,7,1,5,9,2,3,2,9
12130,2,3,4,6,8,2,6,8,9,5,6
12131,8,2,7,5,9,7,8,4,6,9,8
12132,1,7,6,2,0,8,0,9,5,6,5
12133,9,9,9,2,7,1,5,7,2,0,5
12134,3,0,1,4,5,3,2,3,1,1,1
12135,6,5,2,7,1,5,9,2,3,2,9
12136,1,7,6,2,0,8,0,9,5,6,5
12137,2,3,4,2,8,2,6,3,2,5,6
12138,8,2,5,5,9,9,8,4,6,9,2
12139,8,2,5,5,9,9,8,4,6,9,8
12140,3,6,1,8,5,3,2,6,0,1,1
12141,9,9,9,2,7,1,5,7,2,0,5
12142,3,6,1,8,5,3,2,6,0,1,1
12143,8,2,5,5,9,9,8,4,6,9,8
12144,3,6,1,8,5,3,2,6,0,1,1
12145,9,9,9,2,7,1,5,7,2,0,5
12146,7,1,0,3,4,6,1,5,7,3,4
12147,4,5,8,9,3,4,3,0,8,7,3
12148,7,1,0,3,4,6,1,5,7,3,4
12149,8,4,5,0,9,9,8,4,6,9,2
12150,3,6,1,8,5,3,2,6,0,1,1
12151,6,3,2,7,1,5,9,2,3,2,9
12152,7,1,0,3,4,6,1,5,7,3,4
12153,6,3,2,7,1,5,9,2,3,2,6
12154,1,7,6,2,0,8,0,9,5,6,5
12155,4,5,8,9,3,4,3,3,8,7,3
12156,6,5,2,7,1,5,9,2,3,2,9
12157,9,9,9,2,7,1,5,7,2,0,5
12158,9,9,9,2,7,1,5,7,2,0,5
12159,4,5,8,9,3,4,3,0,8,7,3
12160,0,4,3,0,2,0,4,1,4,8,0
12161,6,0,2,7,1,5,9,2,3,2,9
12162,8,2,5,5,9,9,8,4,6,9,8
12163,2,3,4,6,8,2,6,8,9,5,8
12164,2,3,4,6,8,2,6,8,9,5,6
12165,8,2,5,5,9,9,8,4,6,9,2
12166,1,7,6,2,0,8,0,9,5,6,5
12167,4,5,8,9,3,4,3,0,8,7,3
12168,3,6,1,8,5,3,2,6,0,1,1
12169,0,4,7,0,2,7,4,4,6,8,0
12170,4,5,8,9,3,4,3,0,8,7,3
12171,0,4,7,0,2,7,4,1,4,8,0
12172,0,4,3,0,2,0,4,1,4,8,0
12173,2,3,4,6,8,2,6,8,9,5,6
12174,2,3,4,6,8,2,6,8,9,5,6
12175,5,4,3,1,6,7,7,1,4,4,7
12176,0,4,5,0,2,9,4,1,4,8,2
12177,4,5,8,9,3,4,3,3,8,7,3
12178,1,7,6,2,0,8,0,9,5,6,5
12179,8,2,7,5,9,7,8,4,6,9,8
12180,3,6,1,8,5,3,2,6,0,1,1
12181,9,9,9,2,7,1,5,7,2,0,5
12182,7,1,0,3,4,6,1,5,7,3,4
12183,6,9,2,7,1,5,9,2,3,2,9
12184,5,6,0,8,6,6,7,1,0,4,7
12185,8,2,5,5,9,9,8,4,6,9,8
12186,7,1,0,3,4,6,1,5,7,3,4
12187,8,2,7,5,9,7,8,4,6,9,8
12188,5,8,3,1,6,0,7,1,4,4,7
12189,6,3,2,7,1,5,9,2,3,2,9
12190,8,2,9,5,9,1,8,3,2,9,8
12191,4,5,8,9,3,4,3,0,8,7,3
12192,5,8,3,1,6,0,7,1,4,4,7
12193,2,0,4,6,8,2,6,3,1,5,6
12194,5,8,3,1,6,0,7,1,4,4,7
12195,3,0,1,4,5,3,2,6,1,1,1
12196,5,8,3,1,6,0,7,1,4,4,7
12197,0,4,7,0,2,7,4,1,4,8,0
12198,7,1,0,3,4,6,1,8,7,3,4
12199,4,5,8,9,3,4,3,0,8,7,3
12200,5,8,3,1,6,0,7,1,4,4,0
12201,4,5,8,9,3,4,3,0,8,7,3
12202,5,8,3,1,6,0,7,1,4,4,7
12203,8,2,7,5,9,7,8,4,6,9,8
12204,6,9,2,7,1,5,9,2,3,2,9
12205,3,0,1,4,5,3,2,6,1,1,1
12206,1,7,6,2,0,8,0,9,5,6,5
12207,9,9,9,2,7,1,5,7,2,0,5
12208,0,4,3,0,2,0,4,1,4,8,0
12209,9,9,9,2,7,1,5,7,2,0,5
12210,2,3,4,6,8,2,6,8,9,5,6
12211,2,3,4,6,8,2,6,8,9,5,6
12212,1,7,6,2,0,8,0,9,5,6,5
12213,6,5,2,7,1,5,9,2,3,2,9
12214,2,1,4,3,8,2,6,5,7,5,6
12215,9,9,9,2,7,1,5,7,2,0,5
12216,4,5,8,9,3,4,3,3,8,7,3
12217,3,0,1,4,5,3,2,3,1,1,1
12218,7,1,0,3,4,6,1,5,7,3,4
12219,2,0,4,4,8,2,6,3,1,5,8
12220,5,8,3,1,6,0,7,1,4,4,7
12221,9,9,9,2,7,1,5,7,2,0,5
12222,7,1,0,3,4,6,1,5,7,3,4
12223,8,2,5,5,9,9,8,2,3,9,9
12224,5,8,3,1,6,0,7,1,4,4,7
12225,2,3,4,6,8,2,6,8,9,5,6
12226,1,7,6,2,0,8,0,9,5,6,5
12227,8,2,7,5,9,7,8,4,6,9,8
12228,7,1,0,3,4,6,1,5,7,3,4
12229,2,3,4,6,8,2,6,3,9,5,8
12230,9,9,9,2,7,1,5,7,2,0,5
12231,4,5,8,9,3,4,3,3,8,7,3
12232,0,4,6,0,2,8,4,9,5,8,0
12233,8,2,5,5,9,9,8,4,6,9,8
12234,6,5,2,7,1,5,9,2,3,2,9
12235,2,3,4,6,8,2,6,8,9,5,8
12236,9,9,9,2,7,1,5,7,2,0,5
12237,8,2,7,5,9,7,8,4,6,9,8
12238,9,9,9,2,7,1,5,7,2,0,5
12239,3,0,1,4,5,3,2,3,1,1,1
12240,8,4,7,5,9,7,8,4,6,9,0
12241,9,9,9,2,7,1,5,7,2,0,5
12242,5,8,3,1,6,0,7,8,4,4,7
12243,6,5,2,7,1,5,9,2,3,2,9
12244,7,1,0,2,4,6,1,9,5,3,4
12245,7,1,0,3,4,6,1,5,7,3,4
12246,7,1,0,3,4,6,1,5,7,3,4
12247,8,2,7,5,9,7,8,4,6,9,8
12248,0,4,3,0,2,0,4,1,4,8,0
12249,9,9,9,2,7,1,5,3,2,0,5
12250,7,1,0,3,4,6,1,5,7,3,4
12251,4,5,8,9,3,4,3,3,8,7,3
12252,0,4,3,0,2,0,4,1,4,8,2
12253,8,2,5,5,9,9,8,4,6,9,8
12254,1,7,6,2,0,8,0,9,5,6,5
12255,2,3,4,6,8,2,6,8,9,5,6
12256,5,8,3,1,6,0,7,1,4,4,7
12257,8,2,7,5,9,7,8,4,6,9,8
12258,6,5,2,8,1,5,9,0,0,2,7
12259,3,0,1,4,5,3,2,3,1,1,1
12260,2,3,4,6,8,2,6,8,9,5,6
12261,9,9,9,2,7,1,5,7,2,0,5
12262,4,5,8,9,3,4,3,0,8,7,3
12263,6,5,2,7,1,5,9,2,3,2,9
12264,3,0,1,4,5,3,2,6,1,1,1
12265,2,3,4,6,8,2,6,8,9,5,6
12266,3,6,1,8,5,3,2,6,0,1,1
12267,8,2,7,5,9,7,8,4,6,9,8
12268,2,0,4,6,8,2,6,3,9,5,6
12269,9,9,9,2,7,1,5,7,2,0,5
12270,4,5,8,9,3,4,3,0,8,7,3
12271,4,0,8,4,3,4,3,3,1,7,3
12272,5,8,3,1,6,0,7,1,4,4,7
12273,6,2,2,7,1,5,9,2,3,2,9
12274,7,1,0,3,4,6,1,5,7,3,4
12275,2,3,4,6,8,2,6,8,9,5,8
12276,7,1,0,3,4,6,1,5,7,3,4
12277,8,2,7,5,9,1,8,3,2,9,8
12278,5,8,3,1,6,0,7,1,4,4,2
12279,8,2,7,5,9,7,8,4,6,9,8
12280,8,2,7,5,9,7,8,4,6,9,8
12281,2,3,4,6,8,2,6,8,9,5,6
12282,2,3,4,6,8,2,6,8,9,5,6
12283,4,5,8,9,3,4,3,3,8,7,3
12284,2,3,4,6,8,2,6,3,9,5,6
12285,8,2,7,5,9,7,8,3,6,9,8
12286,6,5,2,7,1,5,9,2,3,2,9
12287,8,2,5,5,9,9,8,4,6,9,2
12288,7,1,0,3,4,6,1,5,7,3,4
12289,2,3,4,6,8,2,6,3,9,5,6
12290,4,5,8,9,3,4,3,0,8,7,3
12291,8,2,7,5,9,7,8,4,6,9,8
12292,5,8,3,1,6,0,7,1,4,4,2
12293,8,2,5,5,9,9,8,4,6,9,2
12294,0,4,7,0,2,7,4,1,4,8,0
12295,2,3,4,6,8,2,6,8,9,5,6
12296,0,4,5,0,2,9,4,4,6,8,2
12297,8,2,7,5,9,7,8,3,6,9,8
12298,7,3,0,6,4,6,1,8,9,3,4
12299,6,5,2,7,1,5,9,2,3,2,9
12300,7,1,0,3,4,6,1,5,7,3,4
12301,8,2,7,5,9,7,8,4,6,9,8
12302,1,7,6,2,0,8,0,9,5,6,5
12303,7,1,0,3,4,6,1,5,7,3,4
12304,5,8,3,1,6,0,7,1,4,4,7
12305,8,2,7,5,9,7,8,3,1,9,8
12306,0,4,3,0,2,0,4,1,4,8,0
12307,2,3,4,7,8,2,6,3,3,5,6
12308,1,7,6,0,0,8,0,9,5,6,0
12309,2,3,4,6,8,2,6,8,9,5,6
12310,1,7,6,2,0,8,0,9,5,6,5
12311,6,5,2,7,1,5,9,2,3,2,9
12312,7,1,0,3,4,6,1,5,7,3,4
12313,3,0,1,4,5,3,2,3,1,1,1
12314,1,7,6,2,0,8,0,9,5,6,5
12315,8,2,7,5,9,7,8,4,6,9,8
12316,5,8,3,1,6,0,7,1,4,4,7
12317,2,3,4,6,8,2,6,8,9,5,6
12318,1,7,6,2,0,8,0,9,5,6,5
12319,4,5,8,9,3,4,3,3,8,7,3
12320,5,8,3,1,6,0,7,1,4,4,7
12321,2,0,4,4,8,2,6,3,1,5,8
12322,5,8,3,1,6,0,7,1,4,4,0
12323,9,9,9,2,7,1,5,7,2,0,5
12324,2,1,4,3,8,2,6,3,7,5,6
12325,2,0,4,4,8,2,6,3,1,5,6
12326,7,1,0,3,4,6,1,5,7,3,4
12327,5,2,7,1,6,7,7,4,6,4,7
12328,0,4,7,0,2,7,4,1,4,8,0
12329,2,3,4,6,8,2,6,8,9,5,6
12330,7,1,0,3,4,6,1,5,7,3,4
12331,9,9,9,2,7,1,5,3,2,0,5
12332,5,8,3,1,6,0,7,1,4,4,7
12333,2,3,4,6,8,2,6,8,9,5,6
12334,7,1,0,3,4,6,1,5,7,3,4
12335,8,2,4,5,9,2,8,8,9,9,8
12336,1,7,6,2,0,8,0,9,5,6,5
12337,3,0,1,4,5,3,2,3,1,1,8
12338,1,7,6,2,0,8,0,9,5,6,5
12339,3,0,1,4,5,3,2,3,1,1,1
12340,4,5,8,9,3,4,3,0,8,7,3
12341,8,2,7,5,9,7,8,3,6,9,8
12342,5,8,3,1,6,0,7,1,4,4,7
12343,9,2,7,5,9,7,8,3,2,9,8
12344,7,1,0,3,4,6,1,5,7,3,4
12345,2,3,4,6,8,2,6,8,9,5,6
12346,7,1,0,3,4,6,1,5,7,3,4
12347,9,9,9,2,7,1,5,7,2,0,5
12348,0,4,5,0,2,9,4,1,4,8,2
12349,2,3,4,6,8,2,6,8,9,5,6
12350,7,1,0,3,4,6,1,5,7,3,4
12351,2,0,4,4,8,2,6,3,1,5,8
12352,6,5,2,7,1,5,9,2,3,2,9
12353,2,3,4,6,8,2,6,8,9,5,6
12354,4,5,8,9,3,4,3,0,8,7,7
12355,2,3,4,6,8,2,6,8,9,5,6
12356,1,7,6,2,0,8,0,9,5,6,5
12357,3,0,1,4,5,3,2,3,1,1,1
12358,5,1,0,2,4,6,7,5,7,3,4
12359,4,5,8,9,3,4,3,3,8,7,3
12360,3,0,1,4,5,3,2,3,1,1,1
12361,3,0,1,4,5,3,2,2,1,1,1
12362,1,7,9,2,0,1,0,7,5,6,5
12363,8,2,5,5,9,9,8,4,6,9,8
12364,0,4,3,0,2,0,4,1,4,8,2
12365,9,9,9,2,7,1,5,7,2,0,5
12366,6,5,2,7,1,5,9,2,3,2,9
12367,9,9,9,2,7,1,5,7,2,0,5
12368,0,8,3,0,2,0,4,1,4,8,0
12369,2,3,4,6,8,2,6,8,9,5,6
12370,7,1,0,3,4,6,1,5,7,3,4
12371,9,9,9,2,7,1,5,7,2,0,5
12372,0,4,3,0,2,0,4,1,4,8,2
12373,9,2,9,5,9,1,8,7,2,9,8
12374,3,6,1,8,5,3,2,6,0,1,1
12375,9,9,9,2,7,1,5,7,2,0,5
12376,7,1,0,3,4,6,1,5,7,3,4
12377,2,0,4,7,8,2,6,3,3,5,8
12378,9,9,9,2,7,1,5,7,2,0,0
12379,2,3,4,6,8,2,6,8,9,5,6
12380,0,4,7,0,2,7,4,1,4,8,0
12381,2,2,4,5,8,2,6,3,6,5,8
12382,1,7,6,2,0,8,0,9,5,6,5
12383,9,9,9,2,7,1,5,7,2,0,5
12384,5,8,3,1,6,0,7,1,4,4,0
12385,6,5,2,7,1,5,9,2,3,2,9
12386,2,3,4,6,8,2,6,8,9,5,6
12387,3,0,1,4,5,3,2,3,1,1,1
12388,9,9,9,2,7,1,5,7,2,0,5
12389,8,2,7,5,9,7,8,4,6,9,8
12390,8,2,5,5,9,9,8,4,6,9,2
12391,8,2,5,5,9,9,8,4,6,9,2
12392,1,7,6,2,0,8,0,9,5,6,5
12393,4,5,8,9,3,4,3,0,8,7,3
12394,1,7,6,2,0,8,0,9,5,6,5
12395,8,2,5,5,9,9,8,4,6,9,8
12396,5,8,3,1,6,0,7,1,4,4,7
12397,8,2,7,5,9,7,8,0,8,9,8
12398,5,8,3,1,6,0,7,1,4,4,7
12399,9,9,9,2,7,1,5,7,2,0,5
12400,2,3,4,6,8,2,6,8,9,5,6
12401,4,5,8,9,3,4,3,3,8,7,3
12402,4,5,8,9,3,4,3,3,8,7,3
12403,8,2,5,5,9,9,8,4,6,9,2
12404,7,1,0,3,4,6,1,5,7,3,4
12405,2,2,4,5,9,2,8,3,2,9,8
12406,5,8,3,1,6,0,7,1,4,4,7
12407,9,9,9,2,7,1,5,7,2,0,5
12408,5,8,3,1,6,0,7,1,4,4,2
12409,6,5,2,7,1,5,9,2,3,2,9
12410,4,5,8,9,3,4,3,0,8,7,3
12411,4,5,8,9,3,4,3,3,8,7,3
12412,1,7,6,2,0,8,0,9,5,6,5
12413,8,2,5,5,9,9,8,4,6,9,8
12414,3,6,1,8,5,3,2,6,0,1,1
12415,9,9,9,2,7,1,5,7,2,0,5
12416,7,1,0,3,4,6,1,5,7,3,4
12417,8,2,7,5,9,7,8,4,6,9,8
12418,5,8,3,1,6,0,7,1,4,4,7
12419,2,3,4,6,8,2,6,8,9,5,6
12420,0,4,3,0,2,0,4,1,4,8,2
12421,2,0,4,4,8,2,6,3,1,5,6
12422,7,1,0,3,4,6,1,5,7,3,4
12423,4,5,8,9,3,4,3,0,8,7,3
12424,6,5,7,7,1,7,9,3,3,2,8
12425,8,2,7,5,9,7,8,4,6,9,8
12426,5,8,3,1,6,0,7,1,4,4,7
12427,8,2,7,5,9,7,8,4,6,9,8
12428,0,4,5,0,2,9,4,4,6,8,2
12429,8,2,7,5,9,7,8,4,6,9,8
12430,7,1,0,3,4,6,1,5,7,3,4
12431,8,2,7,5,9,7,8,7,2,9,8
12432,8,2,7,5,9,7,8,4,6,9,8
12433,4,5,8,9,3,4,3,3,8,7,3
12434,1,7,6,2,0,8,0,9,5,6,5
12435,6,5,2,7,1,5,9,2,3,2,9
12436,1,7,6,2,0,8,0,9,5,6,5
12437,2,1,4,3,8,2,6,5,7,5,6
12438,5,8,3,1,6,0,7,1,4,4,7
12439,8,2,5,5,9,9,8,4,6,9,8
12440,5,8,3,1,6,0,7,1,4,4,7
12441,9,9,9,2,7,1,5,7,2,0,5
12442,0,4,3,0,2,0,4,1,4,8,0
12443,8,2,7,5,9,7,8,4,6,9,8
12444,7,1,0,3,4,6,1,5,7,3,4
12445,6,5,2,7,1,5,9,2,3,2,9
12446,7,1,0,3,4,6,1,5,7,3,4
12447,6,5,2,7,1,5,9,2,3,2,9
12448,4,5,8,9,3,4,3,0,8,7,3
12449,9,9,9,2,7,1,5,3,2,0,5
12450,4,5,4,9,8,2,3,3,8,5,3
12451,2,3,4,6,8,2,6,8,9,5,6
12452,4,3,4,6,8,2,6,3,9,5,3
12453,8,2,5,5,9,9,8,4,6,9,8
12454,5,8,3,1,6,0,7,1,4,4,7
12455,2,3,4,6,8,2,6,8,9,5,6
12456,2,0,4,4,8,2,6,8,1,5,6
12457,3,0,1,4,5,3,2,6,1,1,1
12458,5,8,3,1,6,0,7,1,4,4,0
12459,9,9,9,2,7,1,5,7,2,0,5
12460,5,8,3,1,6,0,7,1,4,4,7
12461,6,3,2,7,1,5,9,2,3,2,9
12462,4,5,8,9,3,4,3,0,8,7,3
12463,2,3,4,6,8,2,6,8,9,5,6
12464,9,9,9,2,7,1,5,7,2,0,5
12465,8,2,7,5,9,7,8,4,6,9,8
12466,1,7,6,2,0,8,0,9,5,6,5
12467,2,3,4,6,8,2,6,5,9,5,6
12468,5,5,8,9,3,4,7,0,8,7,7
12469,4,5,8,9,3,4,3,0,8,7,3
12470,7,1,0,3,4,6,1,5,7,3,4
12471,8,2,5,5,9,9,8,4,6,9,8
12472,5,8,3,1,6,0,7,1,4,4,0
12473,7,1,0,3,4,6,1,5,7,3,4
12474,9,5,9,2,7,1,5,7,2,0,5
12475,0,4,7,0,2,7,4,1,4,8,0
12476,7,1,0,3,4,6,1,5,7,3,4
12477,3,0,1,4,5,3,2,6,1,1,1
12478,0,4,3,0,2,0,4,1,4,8,2
12479,9,9,9,2,7,1,5,7,2,0,5
12480,4,5,8,9,3,4,3,0,8,7,3
12481,6,5,2,7,1,5,9,2,3,2,9
12482,7,1,0,3,4,6,1,8,7,3,4
12483,2,3,4,6,8,2,6,8,9,5,6
12484,0,4,7,0,2,7,4,4,6,8,0
12485,5,2,7,1,6,7,7,0,6,4,7
12486,1,7,6,2,0,8,0,9,5,6,5
12487,2,0,7,4,8,7,6,3,1,5,8
12488,0,4,6,0,2,8,4,8,9,8,0
12489,3,6,1,8,5,3,2,6,0,1,1
12490,7,1,0,3,4,6,1,5,7,3,4
12491,8,2,5,5,9,9,8,4,6,9,8
12492,0,8,3,1,6,0,4,1,4,4,2
12493,7,1,0,3,4,6,1,5,7,3,4
12494,7,1,0,3,4,6,1,5,7,3,4
12495,0,4,5,0,2,9,4,4,6,8,2
12496,0,4,3,0,2,0,4,1,4,8,0
12497,3,0,1,4,5,3,2,3,1,1,7
12498,9,9,9,2,7,2,5,7,2,0,5
12499,9,9,9,2,7,1,5,7,2,0,5
12500,3,6,1,8,5,3,2,6,0,1,1
12501,2,3,4,6,8,2,6,8,9,5,6
12502,0,4,3,0,2,0,4,1,4,8,0
12503,7,1,0,3,4,6,1,5,7,3,4
12504,3,0,1,4,5,3,2,6,1,1,1
12505,8,2,7,5,9,7,8,4,6,9,8
12506,7,1,0,3,4,6,1,5,7,3,4
12507,2,0,7,4,8,7,6,3,1,5,8
12508,1,7,6,2,0,8,0,9,5,6,5
12509,4,5,8,9,3,4,3,0,8,7,3
12510,1,7,6,2,0,8,0,9,5,6,5
12511,8,2,5,5,9,9,8,4,6,9,8
12512,1,7,6,2,0,8,0,9,5,6,5
12513,7,1,0,3,4,6,1,5,7,3,4
12514,3,6,1,8,5,3,2,6,0,1,1
12515,0,4,7,0,2,7,4,4,6,8,0
12516,3,0,1,4,5,3,2,3,1,1,1
12517,6,3,2,7,1,5,9,2,3,2,9
12518,4,5,8,9,3,4,3,0,8,7,7
12519,3,0,1,4,5,3,2,6,1,1,1
12520,4,5,8,9,3,4,3,0,8,7,3
12521,9,9,9,2,7,1,5,7,2,0,5
12522,1,7,6,2,0,8,0,9,5,6,5
12523,4,5,8,9,3,4,3,0,8,7,3
12524,1,7,6,0,0,8,0,9,5,6,5
12525,9,2,7,5,9,7,8,7,2,9,8
12526,8,2,5,5,9,9,8,4,6,9,5
12527,2,3,4,6,8,2,6,8,9,5,6
12528,5,5,8,9,3,4,7,0,8,7,7
12529,8,2,7,5,9,7,8,4,6,9,8
12530,5,8,3,1,6,0,7,1,4,4,7
12531,8,2,7,5,9,7,8,4,6,9,8
12532,1,7,6,2,0,8,0,9,5,6,5
12533,3,6,1,8,5,3,2,6,0,1,1
12534,2,3,7,6,2,7,6,8,9,8,0
12535,8,2,7,5,9,7,8,4,6,9,2
12536,1,7,6,2,0,8,0,9,5,6,5
12537,8,2,5,5,9,9,8,4,6,9,8
12538,0,4,3,0,2,0,4,1,4,8,0
12539,9,9,9,2,7,1,5,7,2,0,5
12540,7,1,0,3,4,6,1,5,7,3,4
12541,4,5,8,9,3,4,3,0,8,7,3
12542,2,0,4,4,8,2,6,3,1,5,6
12543,8,2,7,5,9,7,8,4,6,9,8
12544,7,1,0,3,4,6,1,5,7,3,4
12545,2,3,4,6,8,2,6,8,9,5,6
12546,0,4,3,0,2,0,4,8,4,8,0
12547,4,5,8,9,3,4,3,0,8,7,3
12548,2,3,4,6,8,2,6,3,9,5,6
12549,2,3,4,6,8,2,6,8,9,5,6
12550,3,0,1,4,5,3,2,6,1,1,1
12551,2,3,4,6,8,2,6,8,9,5,6
12552,4,5,8,9,3,4,3,0,8,7,3
12553,3,0,1,4,5,3,2,3,1,1,1
12554,3,0,1,4,5,3,2,6,1,1,1
12555,3,0,1,4,5,3,2,3,1,1,8
12556,1,7,6,2,0,8,0,9,5,6,5
12557,2,3,4,6,8,2,6,8,9,5,6
12558,0,4,5,0,2,9,4,9,5,8,0
12559,2,3,4,6,8,2,6,8,9,5,6
12560,5,5,3,1,6,0,7,1,4,4,7
12561,2,2,7,5,8,7,6,3,9,5,8
12562,0,4,7,0,2,7,4,4,6,8,0
12563,8,2,7,5,9,7,8,4,6,9,8
12564,5,8,3,1,6,0,7,1,4,4,7
12565,2,3,4,6,8,2,6,8,9,5,6
12566,7,1,0,3,4,6,1,5,7,3,4
12567,4,5,8,9,3,4,3,3,8,7,3
12568,3,0,1,4,5,3,2,6,1,1,1
12569,8,0,7,4,9,7,8,3,1,9,8
12570,0,4,3,0,2,0,4,1,4,8,0
12571,8,2,5,5,9,9,8,4,6,9,8
12572,7,1,6,3,4,8,1,5,7,3,4
12573,3,0,1,4,5,3,2,6,1,1,1
12574,2,3,4,6,8,2,6,8,9,5,6
12575,3,0,1,4,5,3,2,6,1,1,1
12576,0,4,5,0,2,9,4,1,4,8,2
12577,8,2,7,5,9,7,8,4,6,9,8
12578,9,9,9,2,7,1,5,7,2,0,5
12579,8,2,5,5,9,9,8,4,6,9,8
12580,2,3,4,6,8,2,6,8,9,5,6
12581,9,9,7,5,7,7,5,7,2,0,8
12582,6,5,2,7,1,5,9,2,3,2,9
12583,7,1,0,3,4,6,1,5,7,3,4
12584,2,3,4,6,8,2,6,3,9,5,6
12585,2,3,4,6,8,2,6,8,9,5,6
12586,2,1,4,2,8,2,6,5,7,5,5
12587,2,3,4,6,8,2,6,8,9,5,6
12588,7,1,0,3,4,6,1,5,7,3,4
12589,8,2,7,5,9,7,8,4,6,9,8
12590,1,7,6,2,0,8,0,9,5,6,5
12591,9,9,9,2,7,1,5,7,2,0,5
12592,0,7,6,0,2,8,4,9,5,8,0
12593,2,3,4,6,8,2,6,8,9,5,6
12594,7,1,0,3,4,6,1,5,7,3,4
12595,8,2,7,5,9,7,8,4,6,9,8
12596,4,5,8,9,3,4,3,0,8,7,3
12597,8,2,5,5,9,9,8,4,6,9,8
12598,9,9,9,2,7,1,5,7,2,0,5
12599,8,2,5,5,9,9,8,4,6,9,8
12600,8,2,7,5,9,7,8,4,6,9,8
12601,8,2,5,5,9,9,8,4,6,9,8
12602,7,1,0,3,4,6,1,5,7,3,4
12603,2,3,4,6,8,2,6,8,9,5,6
12604,2,3,4,6,8,2,6,8,9,5,6
12605,3,0,1,4,5,3,2,6,1,1,1
12606,4,5,8,9,3,4,3,0,8,7,3
12607,8,2,7,5,9,7,8,4,6,9,8
12608,6,5,2,7,1,5,9,2,3,2,9
12609,2,3,4,6,8,2,6,8,9,5,6
12610,0,4,3,0,2,0,4,1,4,8,0
12611,3,0,1,4,5,3,2,6,1,1,1
12612,5,8,3,1,6,0,7,1,4,4,0
12613,4,5,8,9,3,4,3,0,8,7,3
12614,3,8,1,1,5,3,2,6,4,1,1
12615,8,2,7,5,9,7,8,4,6,9,8
12616,7,1,0,3,4,6,1,5,7,3,4
12617,7,1,0,3,4,6,1,5,7,3,4
12618,5,8,3,1,6,0,7,1,4,4,7
12619,2,3,4,6,8,2,6,8,9,5,6
12620,6,5,2,7,1,5,9,2,3,2,9
12621,2,3,4,6,8,2,6,8,9,5,6
12622,2,3,4,6,8,2,6,8,9,5,5
12623,2,3,4,6,8,2,6,5,9,5,6
12624,0,4,5,0,2,9,4,4,6,8,2
12625,2,3,4,6,8,2,6,8,9,5,6
12626,7,1,0,3,4,6,1,5,7,3,4
12627,2,3,4,6,8,2,6,8,9,5,6
12628,0,4,3,0,2,0,4,1,4,8,2
12629,8,2,7,5,9,7,8,4,6,9,8
12630,7,1,0,3,4,6,1,5,7,3,4
12631,2,0,4,6,8,2,6,8,9,5,6
12632,1,7,6,2,0,8,0,9,5,6,5
12633,3,0,1,4,5,3,2,6,1,1,1
12634,1,7,6,2,0,8,0,9,5,6,5
12635,3,0,1,4,5,3,2,6,1,1,1
12636,4,5,8,9,3,4,3,0,8,7,7
12637,4,0,8,4,3,4,3,3,1,7,3
12638,2,2,4,6,8,2,6,8,9,5,8
12639,8,2,7,5,9,7,8,4,6,9,8
12640,5,5,8,1,6,4,7,0,8,4,7
12641,8,2,5,5,9,9,8,4,6,9,2
12642,1,7,6,2,0,8,0,9,5,6,5
12643,9,9,9,2,7,1,5,7,2,0,5
12644,5,8,3,1,6,0,7,1,4,4,7
12645,7,1,0,3,4,6,1,5,7,3,4
12646,5,8,3,1,6,0,7,1,4,4,7
12647,9,9,9,2,7,1,5,7,2,0,5
12648,7,1,0,3,4,6,1,5,7,3,4
12649,8,2,5,5,9,9,8,4,6,9,2
12650,5,8,3,1,6,0,7,1,4,4,7
12651,8,2,5,5,9,9,8,4,6,9,8
12652,7,6,0,8,4,6,1,6,0,3,4
12653,3,0,1,4,5,3,2,6,1,1,1
12654,8,2,7,5,9,7,8,4,6,9,8
12655,2,3,4,6,8,2,6,8,9,5,6
12656,7,1,0,3,4,6,1,5,7,3,4
12657,9,9,9,2,7,1,5,7,2,0,5
12658,1,7,6,2,0,8,0,9,5,6,5
12659,8,2,5,5,9,9,8,4,6,9,8
12660,8,2,7,5,9,7,8,4,6,9,8
12661,2,3,4,6,8,2,6,8,9,5,6
12662,4,5,8,9,3,4,3,0,8,7,3
12663,3,6,1,8,5,3,2,6,0,1,1
12664,1,7,6,2,0,8,0,9,5,6,5
12665,3,0,1,4,5,3,2,6,1,1,1
12666,2,0,4,4,8,2,6,6,1,5,6
12667,2,3,4,6,8,2,6,8,9,5,6
12668,5,8,3,1,6,0,7,1,4,4,7
12669,8,2,7,5,9,7,8,4,6,9,8
12670,3,6,1,8,5,3,2,6,0,1,1
12671,9,9,9,2,7,1,5,7,2,0,5
12672,6,5,2,7,1,5,9,2,3,2,9
12673,4,5,8,9,3,4,3,0,8,7,3
12674,0,4,5,0,2,9,4,4,6,8,2
12675,8,2,7,5,9,7,8,4,6,9,8
12676,0,4,5,0,2,9,4,4,6,8,2
12677,7,1,0,3,4,6,1,5,7,3,4
12678,9,7,6,2,7,8,0,9,2,0,5
12679,2,3,4,6,8,2,6,8,9,5,6
12680,1,7,6,2,0,8,0,9,5,6,5
12681,9,9,9,2,7,1,5,7,2,0,5
12682,6,5,2,7,1,5,9,2,3,2,9
12683,2,3,4,6,8,2,6,8,9,5,6
12684,8,2,7,5,9,2,8,4,6,9,8
12685,3,0,1,4,5,3,2,6,1,1,1
12686,2,3,4,6,8,2,6,3,9,5,6
12687,8,2,7,5,9,7,8,4,6,9,8
12688,0,4,4,0,2,2,4,8,9,8,0
12689,3,0,1,4,5,3,2,6,9,1,1
12690,3,0,1,4,5,3,2,6,1,1,1
12691,3,0,1,4,5,3,2,6,1,1,1
12692,1,7,6,2,0,8,0,9,5,6,5
12693,9,9,9,2,7,1,5,7,2,0,5
12694,7,1,0,3,4,6,1,5,7,3,4
12695,2,0,4,4,8,2,6,3,1,5,8
12696,5,8,3,1,6,0,7,1,4,4,7
12697,8,2,7,5,9,7,8,3,6,9,8
12698,1,7,6,3,0,8,0,9,5,6,4
12699,3,0,1,4,5,3,2,6,1,1,1
12700,7,1,0,3,4,6,1,5,7,3,4
12701,5,0,7,4,6,7,7,3,1,4,8
12702,5,8,3,1,6,0,7,1,4,4,7
12703,3,6,1,8,5,3,2,6,0,1,1
12704,1,7,6,2,0,8,0,9,5,6,5
12705,1,7,6,2,0,8,0,9,5,6,5
12706,1,7,6,2,0,8,0,9,5,6,5
12707,6,5,2,7,1,5,9,2,3,2,9
12708,0,4,7,0,2,7,4,1,4,8,0
12709,7,1,0,3,4,6,1,5,7,3,4
12710,2,3,4,6,8,2,6,8,9,5,6
12711,0,4,3,0,2,0,4,1,4,8,0
12712,2,3,4,6,8,2,6,8,9,5,6
12713,7,1,0,3,4,6,1,5,7,3,4
12714,0,4,3,0,2,0,4,1,4,8,0
12715,4,5,8,9,3,4,3,0,8,7,3
12716,3,6,1,8,5,3,2,6,0,1,7
12717,0,4,3,0,2,0,4,1,4,8,2
12718,6,1,2,7,1,5,9,2,3,2,9
12719,2,3,7,6,9,7,6,8,9,9,0
12720,7,1,0,3,4,6,1,5,7,3,4
12721,5,8,3,1,6,0,7,1,4,4,0
12722,1,7,6,2,0,8,0,9,5,6,5
12723,3,6,1,8,5,3,2,6,0,1,1
12724,8,2,5,5,9,9,8,4,6,9,8
12725,1,7,6,2,0,8,0,9,5,6,5
12726,5,8,3,1,6,0,7,1,4,4,7
12727,6,5,2,7,1,5,9,2,3,2,9
12728,4,5,8,9,3,4,3,3,8,7,3
12729,7,1,0,3,4,6,1,5,7,3,4
12730,0,4,5,0,2,9,4,4,6,8,2
12731,0,4,7,0,2,7,4,1,4,8,0
12732,3,0,1,4,5,3,2,6,1,1,1
12733,2,3,7,6,8,2,6,8,9,5,0
12734,9,9,9,2,7,1,5,7,2,0,5
12735,4,5,8,9,3,4,3,0,8,7,3
12736,7,1,0,3,4,6,1,5,7,3,4
12737,0,4,5,0,2,9,4,1,4,8,2
12738,8,2,7,5,9,7,8,4,6,9,8
12739,0,4,3,0,2,0,4,1,4,8,0
12740,9,9,9,7,7,1,5,7,2,0,9
12741,3,6,1,8,5,3,2,6,0,1,1
12742,5,8,3,1,6,0,7,1,4,4,7
12743,1,7,6,2,0,8,0,9,5,6,5
12744,2,7,4,2,8,2,6,3,9,5,5
12745,6,5,2,7,1,5,9,2,3,2,9
12746,1,7,6,2,0,8,0,9,5,6,5
12747,7,1,0,3,4,6,1,5,7,3,4
12748,3,6,1,8,5,3,2,6,0,1,1
12749,5,8,7,1,6,7,7,1,4,4,0
12750,7,1,0,3,4,6,1,5,7,3,4
12751,5,8,3,1,6,0,7,1,4,4,2
12752,8,2,5,5,9,9,8,8,6,9,8
12753,5,8,3,1,6,0,7,1,4,4,7
12754,8,2,5,5,9,9,8,4,6,9,8
12755,5,8,3,1,6,0,7,1,4,4,7
12756,2,3,4,6,8,2,6,8,9,5,6
12757,5,8,3,1,6,0,7,1,4,4,7
12758,4,5,8,9,3,4,3,0,8,7,3
12759,4,5,8,9,3,4,3,3,8,7,3
12760,5,5,3,1,6,0,7,1,4,4,3
12761,7,1,0,3,4,6,1,5,7,3,4
12762,5,5,6,2,6,8,7,0,4,4,7
12763,0,4,7,0,2,7,4,1,4,8,0
12764,5,6,3,8,6,0,7,6,0,4,7
12765,3,6,1,8,5,3,2,6,0,1,1
12766,1,9,6,2,0,8,0,9,5,6,5
12767,5,8,3,1,6,0,7,1,4,4,7
12768,5,8,3,1,6,0,7,1,4,4,7
12769,0,4,5,0,2,9,4,1,4,8,2
12770,7,1,0,3,4,6,1,5,7,3,4
12771,1,7,6,2,0,8,0,9,5,6,5
12772,5,8,3,1,6,0,7,1,4,4,2
12773,0,4,7,0,2,7,4,4,6,8,0
12774,1,7,6,2,0,8,0,9,5,6,5
12775,7,1,0,3,4,6,1,5,7,3,4
12776,3,0,1,4,5,3,2,6,1,1,1
12777,7,1,0,3,4,6,1,5,7,3,4
12778,0,4,7,0,2,7,4,1,4,8,0
12779,0,4,7,0,2,7,4,1,4,8,0
12780,7,1,0,3,4,6,1,5,7,3,4
12781,0,4,5,0,2,9,4,4,6,8,2
12782,7,1,0,3,4,6,1,5,7,3,4
12783,7,1,0,3,4,6,1,5,7,3,4
12784,6,5,2,7,1,5,9,2,3,2,9
12785,3,6,1,8,5,3,2,6,0,1,1
12786,8,2,7,5,9,7,8,4,6,9,8
12787,0,4,3,0,2,0,4,1,4,8,0
12788,0,4,7,0,2,7,4,4,6,8,0
12789,5,8,3,1,6,0,7,1,4,4,0
12790,1,7,6,2,0,8,0,9,5,6,0
12791,1,7,6,2,0,8,0,9,5,6,5
12792,0,4,3,0,2,0,4,1,4,8,0
12793,1,7,6,2,0,8,0,9,5,6,5
12794,9,9,9,2,7,1,5,7,2,0,5
12795,5,8,3,1,6,0,7,1,4,4,7
12796,3,6,1,8,5,3,2,6,0,1,1
12797,6,5,2,7,1,5,9,3,3,2,9
12798,1,7,6,2,0,8,0,9,5,6,5
12799,4,5,8,9,3,4,3,0,8,7,3
12800,7,1,0,3,4,6,1,5,7,3,4
12801,4,5,8,9,3,4,3,0,8,7,3
12802,6,5,2,7,1,5,9,2,3,2,9
12803,6,5,2,7,1,5,9,2,3,2,9
12804,7,1,0,3,4,6,1,5,7,3,4
12805,1,7,6,2,0,8,0,9,5,6,5
12806,0,4,5,0,2,9,4,1,4,8,2
12807,1,7,6,2,0,8,0,9,5,6,5
12808,9,9,9,2,7,1,5,7,2,0,5
12809,1,7,6,2,0,8,0,9,5,6,5
12810,4,5,8,9,3,4,3,3,8,7,3
12811,1,7,6,2,0,8,0,9,5,6,5
12812,1,7,6,2,0,8,0,9,5,6,5
12813,5,8,3,1,6,0,7,1,4,4,7
12814,7,1,0,3,4,6,1,5,7,3,4
12815,6,0,2,4,1,5,9,2,1,2,9
12816,2,3,4,6,8,2,6,8,9,5,0
12817,1,7,6,2,0,8,0,9,5,6,5
12818,7,1,0,3,4,6,1,5,7,3,4
12819,5,8,3,1,6,0,7,1,4,4,2
12820,8,2,7,5,9,7,8,4,6,9,8
12821,2,3,4,6,8,2,6,8,9,5,6
12822,6,5,2,7,1,5,9,2,3,2,9
12823,6,5,2,7,1,5,9,2,3,2,9
12824,1,7,6,2,0,8,0,9,5,6,5
12825,5,8,3,1,6,0,7,1,4,4,7
12826,7,1,0,3,4,6,1,5,7,3,4
12827,8,2,7,5,9,7,8,4,6,9,0
12828,1,7,6,3,0,8,0,9,5,6,4
12829,2,3,4,6,8,2,6,8,9,5,6
12830,0,4,3,0,2,0,4,1,4,8,0
12831,2,3,4,6,8,2,6,8,9,5,6
12832,5,8,3,1,6,0,7,1,4,4,0
12833,0,4,3,0,2,0,4,1,4,8,0
12834,2,3,4,6,8,2,6,8,9,5,6
12835,0,4,3,0,2,0,4,1,4,8,2
12836,5,8,3,2,6,0,7,1,4,4,0
12837,3,6,1,8,5,3,2,6,0,1,1
12838,7,1,0,3,4,6,1,5,7,3,4
12839,3,6,1,8,5,3,2,6,0,1,1
12840,5,8,3,1,6,0,7,1,4,4,7
12841,0,4,5,0,2,9,4,4,6,8,2
12842,1,7,6,2,0,8,0,9,5,6,5
12843,4,1,8,9,3,4,3,5,8,7,3
12844,9,9,9,2,7,1,5,9,2,0,5
12845,1,7,6,2,0,8,0,9,5,6,5
12846,0,4,7,0,2,7,4,4,6,8,0
12847,1,7,6,2,0,8,0,9,5,6,5
12848,7,1,0,3,4,6,1,5,7,3,4
12849,0,4,3,0,2,0,4,1,4,8,2
12850,0,4,5,0,2,9,4,4,6,8,2
12851,4,5,8,9,3,4,3,0,8,7,3
12852,0,4,3,0,2,0,4,1,4,8,0
12853,4,5,8,9,3,4,3,3,8,7,3
12854,6,5,2,7,1,5,9,2,3,2,9
12855,4,5,8,9,3,4,3,0,8,7,3
12856,7,1,0,3,4,6,1,5,7,3,4
12857,7,3,0,6,4,6,1,8,9,3,4
12858,9,9,9,2,7,1,5,7,2,0,5
12859,6,5,2,7,1,5,9,2,3,2,9
12860,9,9,9,2,7,1,5,7,2,0,5
12861,6,5,2,7,1,5,9,2,3,2,9
12862,8,2,7,5,9,7,8,3,6,9,8
12863,0,4,5,0,2,9,4,4,6,8,2
12864,6,5,2,7,1,5,9,2,3,2,9
12865,0,4,3,0,2,0,4,1,4,8,2
12866,4,5,8,9,3,4,3,0,8,7,3
12867,0,4,7,0,2,7,4,1,4,8,0
12868,0,4,3,0,2,7,4,1,4,8,0
12869,3,6,1,8,5,3,2,6,0,1,1
12870,5,8,3,1,6,0,7,1,4,4,7
12871,6,5,2,7,1,5,9,2,3,2,9
12872,3,0,1,4,5,3,2,6,1,1,1
12873,9,9,9,2,7,1,5,7,2,0,5
12874,7,1,0,3,4,6,1,5,7,3,4
12875,6,5,2,7,1,5,9,2,3,2,9
12876,4,5,8,9,3,4,3,0,8,7,3
12877,7,1,0,3,4,6,1,5,7,3,4
12878,1,7,6,2,0,8,0,9,5,6,5
12879,7,1,0,3,4,6,1,5,7,3,4
12880,3,6,1,8,5,3,2,6,0,1,1
12881,7,1,0,3,4,6,1,5,7,3,4
12882,7,1,0,3,4,6,1,5,7,3,4
12883,1,7,6,2,0,8,0,9,5,6,5
12884,0,4,7,0,2,7,4,4,6,8,0
12885,1,7,6,2,0,8,0,9,5,6,5
12886,1,7,6,2,0,8,0,9,5,6,5
12887,4,5,8,9,3,4,3,0,8,7,3
12888,3,6,1,8,5,3,2,6,0,1,1
12889,0,4,7,0,2,7,4,1,4,8,0
12890,2,3,4,6,8,2,6,8,9,5,6
12891,2,3,4,6,8,2,6,3,9,5,3
12892,2,3,4,6,8,2,6,8,9,5,6
12893,7,1,0,3,4,6,1,5,7,3,4
12894,8,4,7,5,9,7,8,4,6,9,2
12895,7,1,0,3,4,6,1,5,7,3,4
12896,0,4,5,0,2,9,4,1,4,8,2
12897,3,0,1,4,5,3,2,6,1,1,1
12898,1,7,6,2,0,8,0,3,5,6,5
12899,2,3,4,6,8,2,6,8,9,5,6
12900,0,4,5,0,2,9,4,4,6,8,2
12901,7,1,0,3,4,6,1,5,7,3,4
12902,4,5,8,9,3,4,3,0,8,7,3
12903,5,8,3,1,6,0,7,1,4,4,7
12904,7,9,0,2,4,6,1,5,7,3,5
12905,5,5,8,9,3,4,7,0,8,7,7
12906,6,0,2,7,1,5,9,2,3,2,9
12907,2,0,4,4,8,2,6,3,1,5,6
12908,8,2,7,5,9,7,8,4,6,9,8
12909,9,9,9,2,7,1,5,7,2,0,5
12910,0,4,7,0,2,7,4,1,4,8,0
12911,6,5,2,7,1,5,9,2,3,2,9
12912,0,4,3,0,2,0,4,1,4,8,0
12913,2,3,4,6,8,2,6,3,9,5,6
12914,0,4,7,0,2,7,4,9,5,8,0
12915,8,2,7,5,9,7,8,4,6,9,8
12916,7,1,0,3,4,6,1,5,7,3,4
12917,9,9,9,2,7,1,5,7,2,0,5
12918,1,7,6,2,0,8,0,9,5,6,5
12919,4,5,8,9,3,4,3,3,8,7,3
12920,7,1,0,3,4,6,1,5,7,3,4
12921,8,2,5,5,9,9,8,4,6,9,8
12922,5,8,3,1,6,0,7,1,4,4,7
12923,2,3,4,6,8,2,6,8,9,5,6
12924,7,1,0,3,4,6,1,5,7,3,4
12925,8,2,7,5,9,7,8,4,6,9,8
12926,3,6,1,8,5,3,2,6,0,1,1
12927,3,0,1,4,5,3,2,6,1,1,1
12928,7,1,0,2,4,6,1,9,5,3,4
12929,9,9,9,2,7,1,5,7,2,0,5
12930,9,9,9,2,7,1,5,7,2,0,5
12931,6,0,2,7,1,5,9,2,3,2,9
12932,1,7,6,2,0,8,0,9,5,6,5
12933,2,3,4,6,8,2,6,8,9,5,6
12934,5,8,3,1,6,0,7,1,4,4,0
12935,8,2,7,5,9,7,8,4,6,9,8
12936,9,9,9,2,7,1,5,7,2,0,5
12937,9,9,9,2,7,1,5,7,2,0,5
12938,8,3,5,6,9,9,8,8,9,9,4
12939,4,5,8,9,3,4,3,3,8,7,3
12940,9,9,9,2,7,1,5,7,2,0,5
12941,8,2,5,5,9,9,8,4,6,9,2
12942,7,1,0,3,4,6,1,5,7,3,4
12943,2,3,4,6,8,2,6,8,9,5,6
12944,7,1,0,3,4,6,1,5,7,3,4
12945,8,2,7,5,9,7,8,4,6,9,8
12946,5,8,3,1,6,0,7,1,4,4,7
12947,3,0,1,4,5,3,2,3,1,1,1
12948,0,8,3,0,2,0,4,1,4,8,0
12949,9,9,9,2,7,1,5,7,2,0,5
12950,1,7,6,2,0,8,0,9,5,6,5
12951,6,5,2,7,1,5,9,2,3,2,9
12952,1,7,6,2,0,8,0,9,5,6,5
12953,2,3,4,6,8,2,6,8,9,5,6
12954,6,9,2,7,1,5,9,2,3,2,9
12955,8,2,7,5,9,7,8,4,6,9,8
12956,8,2,5,5,9,9,8,4,6,9,2
12957,9,9,9,2,7,1,5,3,2,0,8
12958,2,3,4,6,8,2,6,8,9,5,6
12959,4,0,8,4,3,4,3,0,1,7,3
12960,0,9,9,2,2,1,4,9,2,8,5
12961,8,2,5,5,9,9,8,4,6,9,8
12962,2,3,4,6,8,2,6,8,9,5,6
12963,2,3,4,6,8,2,6,8,9,5,6
12964,5,5,8,1,6,4,7,0,8,4,7
12965,8,2,7,5,9,7,8,4,6,9,8
12966,8,2,7,5,9,7,8,4,6,9,8
12967,6,0,2,4,1,5,9,2,1,2,9
12968,7,1,0,3,4,6,1,5,7,3,4
12969,5,8,3,1,6,0,7,1,4,4,7
12970,8,2,9,5,9,1,8,4,6,9,8
12971,9,9,9,2,7,1,5,7,2,0,5
12972,5,8,3,1,6,0,7,1,4,4,7
12973,8,2,7,5,9,7,8,4,6,9,8
12974,2,3,4,6,8,2,6,8,9,5,6
12975,4,5,8,9,3,4,3,0,8,7,3
12976,5,8,3,1,6,0,7,1,4,4,7
12977,4,5,8,9,3,4,3,0,8,7,3
12978,7,1,0,3,4,6,1,5,7,3,4
12979,8,2,5,5,9,9,8,4,6,9,8
12980,5,5,8,1,6,4,7,0,8,4,7
12981,2,3,4,6,8,2,6,8,9,5,6
12982,0,4,5,0,2,9,4,1,4,8,2
12983,2,0,4,4,8,2,6,3,1,5,6
12984,2,3,4,6,8,2,6,8,9,5,6
12985,6,5,2,7,1,5,9,2,3,2,9
12986,7,1,0,3,4,6,1,5,7,3,4
12987,9,9,9,2,7,1,5,7,2,0,5
12988,7,1,0,3,4,6,1,8,7,3,4
12989,8,2,7,5,9,7,8,3,1,9,8
12990,7,1,0,3,4,6,1,5,7,3,4
12991,8,2,7,5,9,7,8,4,6,9,8
12992,3,6,1,8,5,3,2,6,0,1,1
12993,8,2,5,5,9,9,8,4,6,9,8
12994,8,2,5,5,9,9,8,4,6,9,8
12995,6,0,2,7,1,5,9,3,3,2,9
12996,8,2,4,5,9,2,8,4,9,9,8
12997,8,2,7,5,9,7,8,4,6,9,8
12998,7,1,0,3,4,6,1,5,7,3,4
12999,8,2,7,5,9,7,8,4,6,9,8
13000,0,4,5,0,2,9,4,4,6,8,2
13001,9,9,9,2,7,1,5,7,2,0,5
13002,1,7,6,2,0,8,0,9,5,6,5
13003,9,9,9,2,7,1,5,7,2,0,5
13004,7,1,0,3,4,6,1,5,7,3,4
13005,6,0,2,4,1,5,9,3,1,2,9
13006,9,9,9,2,7,1,5,7,2,0,5
13007,9,9,9,2,7,1,5,7,2,0,5
13008,5,8,3,1,6,0,7,1,4,4,7
13009,8,2,7,5,9,7,8,4,6,9,8
13010,4,5,8,9,3,4,3,0,8,7,3
13011,4,5,8,9,3,4,3,0,8,7,3
13012,0,4,3,0,2,0,4,1,4,8,0
13013,3,0,1,4,5,3,2,6,1,1,1
13014,5,8,3,1,6,0,7,1,4,4,7
13015,6,5,2,7,1,5,9,2,3,2,9
13016,5,8,3,1,6,0,7,1,4,4,7
13017,2,3,4,6,8,2,6,8,9,5,6
13018,7,1,0,3,4,6,1,5,7,3,4
13019,6,5,2,7,1,5,9,2,3,2,9
13020,4,5,8,9,3,4,3,0,8,7,3
13021,8,2,7,5,9,7,8,3,8,9,8
13022,6,5,2,7,1,5,9,2,3,2,9
13023,6,5,2,7,1,5,9,2,3,2,9
13024,1,7,6,2,0,8,0,9,5,6,5
13025,9,9,9,6,7,1,5,7,2,0,6
13026,1,7,6,2,0,8,0,9,5,6,5
13027,8,2,5,5,9,9,8,4,6,9,8
13028,0,4,7,0,2,7,4,1,4,8,0
13029,3,0,1,4,5,3,2,3,1,1,1
13030,5,8,3,1,6,0,7,0,4,4,7
13031,5,8,7,1,6,7,7,1,4,4,7
13032,5,8,3,1,6,0,7,1,4,4,0
13033,3,0,1,4,5,3,2,3,1,1,1
13034,8,2,7,5,9,7,8,4,6,9,8
13035,4,0,8,4,3,4,3,3,1,7,3
13036,7,1,0,3,4,6,1,5,7,3,4
13037,2,3,4,6,8,2,6,8,9,5,6
13038,2,3,4,6,4,2,6,8,9,3,6
13039,6,5,2,7,1,5,9,2,3,2,9
13040,5,8,3,1,6,0,7,1,4,4,7
13041,8,2,7,5,9,7,8,4,6,9,8
13042,8,4,5,0,2,9,4,4,6,8,2
13043,6,0,2,7,1,5,9,2,3,2,9
13044,3,6,1,8,5,3,2,6,0,1,1
13045,6,3,2,7,1,5,9,3,3,2,9
13046,5,5,8,1,6,4,7,0,8,4,7
13047,4,5,8,9,3,4,3,3,8,7,3
13048,8,2,5,5,9,9,8,4,6,9,8
13049,8,2,9,5,9,1,8,7,2,9,8
13050,1,7,6,2,0,8,0,9,5,6,5
13051,2,3,4,6,8,2,6,8,9,5,6
13052,5,8,3,1,6,0,7,1,4,4,0
13053,8,2,5,5,9,9,8,4,6,9,8
13054,3,6,1,8,5,3,2,6,0,1,1
13055,2,3,4,6,8,2,6,8,9,5,6
13056,0,4,5,0,2,9,4,4,6,8,0
13057,8,2,7,5,9,7,8,4,6,9,8
13058,7,1,3,3,4,0,1,1,4,3,0
13059,6,3,2,7,1,5,9,2,3,2,9
13060,2,2,4,5,9,2,8,3,9,9,8
13061,6,5,2,7,1,5,9,2,3,2,9
13062,5,8,3,1,6,0,7,1,4,4,7
13063,8,2,7,5,9,7,8,4,6,9,8
13064,5,8,3,1,6,0,7,1,4,4,2
13065,2,3,4,6,8,2,6,8,9,5,6
13066,3,6,1,8,5,3,2,6,0,1,1
13067,4,5,8,9,3,4,3,3,8,7,3
13068,0,4,7,0,2,7,4,3,4,8,0
13069,5,2,7,5,6,7,7,0,8,4,8
13070,2,3,4,6,8,2,6,9,9,5,6
13071,8,2,7,5,9,7,8,4,6,9,8
13072,0,4,3,0,2,0,4,1,4,8,0
13073,8,2,7,5,9,7,8,4,6,9,8
13074,3,6,1,8,5,3,2,6,0,1,1
13075,2,0,4,4,8,2,6,3,1,5,6
13076,3,6,1,8,5,3,2,6,0,1,1
13077,2,0,4,4,8,2,6,3,1,5,6
13078,4,5,8,9,3,4,3,0,8,7,3
13079,2,3,4,6,8,2,6,8,9,5,8
13080,1,7,6,2,0,8,0,9,5,6,5
13081,2,0,4,7,8,2,6,3,1,5,6
13082,8,2,5,5,9,9,8,4,6,9,2
13083,2,3,4,6,8,2,6,8,9,5,6
13084,7,1,0,3,4,6,1,0,8,3,4
13085,4,5,8,9,3,4,3,0,8,7,3
13086,6,1,2,7,1,5,9,2,3,2,9
13087,4,0,8,4,3,4,3,3,1,7,3
13088,0,4,7,0,2,7,4,4,6,8,0
13089,2,3,4,6,8,2,6,8,9,5,6
13090,1,7,6,2,0,8,0,9,5,6,5
13091,8,2,5,5,9,9,8,4,6,9,2
13092,7,1,0,3,4,6,1,5,7,3,4
13093,6,5,2,7,1,5,9,2,3,2,9
13094,7,1,0,3,4,6,1,5,7,3,4
13095,2,3,4,6,8,2,6,8,9,5,6
13096,2,3,4,6,8,2,6,8,9,5,6
13097,3,0,1,4,5,3,2,6,1,1,1
13098,3,6,1,8,5,3,2,6,0,1,1
13099,2,0,4,4,8,2,6,3,1,5,6
13100,9,9,9,2,7,1,5,7,2,0,5
13101,4,0,8,4,3,4,3,3,1,7,3
13102,1,7,6,2,0,8,0,9,5,6,5
13103,2,3,4,6,8,2,6,8,9,5,6
13104,0,4,3,0,2,0,4,1,4,8,0
13105,2,3,4,6,8,2,6,8,9,5,6
13106,9,9,9,2,7,1,5,7,2,0,5
13107,9,9,9,2,7,1,5,7,2,0,5
13108,0,4,3,0,2,0,4,1,4,8,0
13109,2,0,4,7,8,2,6,3,1,5,6
13110,7,1,0,3,4,6,1,5,7,3,4
13111,8,2,7,5,9,7,8,4,6,9,8
13112,1,7,6,2,0,8,0,9,5,6,5
13113,9,9,9,2,7,1,5,7,2,0,5
13114,7,1,0,3,4,6,1,5,7,3,4
13115,8,2,7,5,9,7,8,4,6,9,8
13116,0,8,3,0,2,0,4,1,4,8,0
13117,3,0,1,4,5,3,2,3,1,1,1
13118,8,2,5,5,9,9,8,4,6,9,8
13119,8,2,5,5,9,9,8,4,6,9,2
13120,9,9,9,2,7,1,5,7,2,0,5
13121,5,8,7,1,6,7,7,1,4,4,8
13122,7,1,0,3,4,6,1,8,9,3,4
13123,8,2,5,5,9,9,8,4,6,9,8
13124,7,1,0,3,4,6,1,5,7,3,4
13125,8,2,7,5,9,7,8,4,6,9,8
13126,3,6,1,8,5,3,2,6,0,1,1
13127,6,5,2,7,1,5,9,2,3,2,9
13128,8,2,7,5,9,7,8,4,6,9,0
13129,9,9,9,7,7,1,5,7,2,0,9
13130,5,8,3,1,6,0,7,1,4,4,7
13131,8,2,5,5,9,9,8,4,6,9,8
13132,0,8,3,1,6,0,4,1,4,4,0
13133,4,0,8,4,3,4,3,3,1,7,3
13134,7,1,0,3,4,6,1,5,7,3,4
13135,3,0,1,4,5,3,2,6,1,1,1
13136,5,8,3,1,6,0,7,1,4,4,7
13137,9,9,9,2,7,1,5,7,2,0,5
13138,8,2,5,5,9,9,8,4,6,9,8
13139,6,5,2,7,1,5,9,2,3,2,9
13140,1,7,6,2,0,8,0,9,5,6,5
13141,2,3,4,6,8,2,6,8,9,5,6
13142,7,1,0,3,4,6,1,5,7,3,4
13143,8,2,7,5,9,7,8,4,6,9,8
13144,1,7,6,3,0,8,0,9,5,6,4
13145,9,9,9,2,7,1,5,7,2,0,5
13146,7,1,0,3,4,6,1,5,7,3,4
13147,4,5,8,9,3,4,3,3,8,7,3
13148,6,5,2,7,1,5,9,2,3,2,9
13149,2,3,4,6,8,2,6,8,9,5,6
13150,1,7,6,0,0,8,0,9,5,6,0
13151,2,3,4,6,8,2,6,8,9,5,6
13152,2,3,4,6,8,2,6,8,9,5,6
13153,2,3,4,6,8,2,6,8,9,5,8
13154,1,7,6,2,0,8,0,9,5,6,5
13155,3,0,1,4,5,3,2,6,1,1,1
13156,9,9,9,2,7,1,5,7,2,0,5
13157,9,9,9,2,7,1,5,7,2,0,5
13158,0,4,5,0,2,9,4,4,6,8,2
13159,6,5,2,7,1,5,9,2,3,2,9
13160,1,7,6,2,0,8,0,9,5,6,5
13161,2,3,4,6,8,2,6,8,9,5,6
13162,0,4,5,0,2,9,4,4,6,8,0
13163,8,2,7,5,9,7,8,0,8,9,8
13164,3,6,1,8,5,3,2,6,0,1,1
13165,9,9,9,2,7,1,5,3,2,0,8
13166,0,4,5,0,2,9,4,4,6,8,2
13167,3,0,1,4,5,3,2,3,1,1,1
13168,9,9,9,2,7,1,5,7,2,0,5
13169,8,2,5,5,9,9,8,4,6,9,8
13170,4,5,8,9,3,4,3,0,8,7,3
13171,2,3,4,6,8,2,6,8,9,5,6
13172,4,5,8,9,3,4,3,0,8,7,3
13173,8,2,4,5,9,2,8,8,9,9,8
13174,0,8,3,1,6,0,7,1,4,4,2
13175,3,0,1,4,5,3,2,3,1,1,1
13176,7,1,0,3,4,6,1,5,7,3,4
13177,9,9,9,7,7,1,5,7,2,0,9
13178,0,4,3,0,2,0,4,1,4,8,0
13179,6,5,2,7,1,5,9,2,3,2,9
13180,1,4,6,0,0,8,0,9,5,6,5
13181,2,3,4,6,8,2,6,3,9,5,6
13182,2,3,4,6,8,2,6,8,9,5,6
13183,8,2,7,5,9,7,8,0,8,9,8
13184,3,6,1,8,5,3,2,6,0,1,1
13185,2,0,4,4,8,2,6,3,1,5,6
13186,7,1,0,3,4,6,1,5,7,3,4
13187,8,2,5,5,9,9,8,4,6,9,8
13188,8,2,5,5,9,9,8,4,6,9,8
13189,2,3,4,6,8,2,6,3,9,5,6
13190,7,1,0,3,4,6,1,5,7,3,4
13191,8,2,5,5,9,9,8,4,6,9,8
13192,8,4,7,5,9,7,8,4,6,9,0
13193,2,3,4,6,8,2,6,8,9,5,6
13194,0,4,3,0,2,0,4,1,4,8,0
13195,2,3,4,6,8,2,6,8,9,5,6
13196,3,6,1,8,5,3,2,6,0,1,1
13197,9,0,9,4,7,1,5,3,1,0,8
13198,1,7,6,2,0,8,0,9,5,6,5
13199,8,2,5,5,9,9,8,4,6,9,8
13200,9,9,9,2,7,1,5,7,2,0,5
13201,9,9,9,2,7,1,5,7,2,0,5
13202,7,1,0,3,4,6,1,5,7,3,4
13203,3,0,1,4,5,3,2,3,1,1,8
13204,2,3,4,6,8,2,6,8,9,5,6
13205,8,2,5,5,9,9,8,4,6,9,8
13206,3,0,1,4,5,3,2,6,1,1,1
13207,4,5,8,9,3,4,3,0,8,7,3
13208,7,1,0,3,4,6,1,5,7,3,4
13209,8,2,7,5,9,7,8,4,6,9,8
13210,4,5,8,9,3,4,3,0,8,7,3
13211,3,0,1,4,5,3,2,6,1,1,1
13212,1,7,6,2,0,8,0,9,5,6,0
13213,9,9,9,7,7,1,5,7,2,0,9
13214,3,0,1,4,5,3,2,6,1,1,1
13215,3,0,1,4,5,3,2,6,1,1,1
13216,3,6,1,8,5,3,2,6,0,1,1
13217,3,0,1,4,5,3,2,3,1,1,1
13218,7,1,0,3,4,6,1,5,7,3,4
13219,2,3,4,6,8,2,6,8,9,5,6
13220,4,5,8,9,3,4,3,0,8,7,3
13221,2,3,4,6,8,2,6,3,9,5,6
13222,7,1,0,3,4,6,1,5,7,3,4
13223,8,2,7,5,9,7,8,0,8,9,8
13224,4,5,8,9,3,4,3,0,8,7,3
13225,6,3,2,7,1,5,9,2,3,2,9
13226,4,5,8,9,3,4,3,0,8,7,3
13227,9,9,9,2,7,1,5,7,2,0,5
13228,7,1,0,3,4,6,1,5,7,3,4
13229,9,9,9,2,7,1,5,7,2,0,5
13230,3,6,1,8,5,3,2,6,0,1,1
13231,3,0,1,4,5,3,2,3,1,1,1
13232,7,1,0,3,4,6,1,5,7,3,4
13233,3,0,1,4,5,3,2,6,1,1,1
13234,5,8,3,1,6,0,7,1,4,4,0
13235,8,2,7,5,9,7,8,4,6,9,8
13236,5,8,3,1,6,0,7,1,4,4,7
13237,9,9,9,2,7,1,5,7,2,0,5
13238,2,0,4,4,8,2,6,3,1,5,3
13239,6,3,2,7,1,5,9,2,3,2,9
13240,3,6,1,8,5,3,2,6,0,1,1
13241,8,2,7,5,9,7,8,4,6,9,8
13242,7,1,0,3,4,6,1,5,7,3,4
13243,8,2,4,5,9,2,8,8,9,9,8
13244,5,8,3,1,6,0,7,1,4,4,7
13245,4,5,8,9,3,4,3,3,8,7,3
13246,4,5,8,9,3,4,3,3,8,7,3
13247,8,2,7,5,9,7,8,4,6,9,8
13248,1,7,6,2,0,8,0,9,5,6,5
13249,6,0,2,7,1,5,9,2,3,2,9
13250,7,1,0,3,4,6,1,5,7,3,4
13251,8,2,7,5,9,7,8,0,8,9,8
13252,5,8,3,1,6,0,7,1,4,4,7
13253,9,9,9,2,7,1,5,7,2,0,5
13254,1,7,6,2,0,8,0,9,5,6,5
13255,8,2,5,5,9,9,8,4,6,9,8
13256,7,1,0,3,4,6,1,5,7,3,4
13257,6,5,2,7,1,5,9,2,3,2,9
13258,7,1,0,3,4,6,1,5,7,3,4
13259,9,9,9,2,7,1,5,3,2,0,5
13260,1,7,6,2,0,8,0,9,5,6,5
13261,4,5,8,9,3,4,3,0,8,7,3
13262,7,1,0,3,4,6,1,5,7,3,4
13263,8,2,7,5,9,7,8,4,6,9,8
13264,2,3,4,6,8,2,6,8,9,5,6
13265,8,2,7,5,9,7,8,4,6,9,8
13266,9,9,9,2,7,1,5,7,2,0,5
13267,8,2,7,5,9,7,8,4,6,9,7
13268,3,6,1,8,5,3,2,6,0,1,1
13269,8,2,7,5,9,7,8,4,6,9,8
13270,0,8,3,1,6,0,7,1,4,4,0
13271,8,2,7,5,9,7,8,4,6,9,8
13272,1,7,6,2,0,8,0,9,5,6,5
13273,9,9,9,2,7,1,5,7,2,0,5
13274,7,3,0,6,4,6,1,8,9,3,4
13275,6,5,2,7,1,5,9,2,3,2,9
13276,7,6,0,8,4,6,1,5,0,3,4
13277,6,5,2,7,1,5,9,2,3,2,9
13278,0,4,3,0,2,0,4,1,4,8,0
13279,9,9,9,2,7,1,5,7,2,0,5
13280,3,0,1,4,5,3,2,6,1,1,1
13281,2,3,4,6,8,2,6,3,9,5,6
13282,4,5,8,9,3,4,3,0,8,7,3
13283,9,9,9,2,7,1,5,7,2,0,5
13284,0,4,3,0,2,0,4,1,4,8,0
13285,2,3,4,6,8,2,6,3,9,5,6
13286,3,6,1,8,5,3,2,6,0,1,1
13287,6,5,2,7,1,5,9,2,3,2,9
13288,7,1,0,3,4,6,1,5,7,3,4
13289,8,2,7,5,9,7,8,4,6,9,8
13290,5,5,8,1,6,4,7,0,8,4,7
13291,8,2,7,5,9,7,8,0,6,9,8
13292,8,2,5,5,9,9,8,4,6,9,2
13293,9,9,9,2,7,1,5,7,2,0,5
13294,0,4,3,0,2,0,4,1,4,8,0
13295,6,5,2,7,1,5,9,2,3,2,9
13296,1,7,6,2,0,8,0,9,5,6,5
13297,9,9,9,2,7,1,5,7,2,0,5
13298,7,1,0,3,4,6,1,5,7,3,4
13299,6,5,2,7,1,5,9,2,3,2,9
13300,3,1,1,3,5,3,2,6,7,1,1
13301,2,3,4,6,8,2,6,8,9,5,6
13302,5,8,3,1,6,0,7,1,4,4,7
13303,4,0,8,4,3,4,3,0,1,7,3
13304,5,8,3,1,6,0,7,1,4,4,7
13305,2,0,4,4,8,2,6,3,1,5,6
13306,4,5,8,9,3,4,3,0,8,7,3
13307,9,9,9,2,7,1,5,7,2,0,5
13308,0,4,6,0,2,8,4,9,5,8,0
13309,4,0,8,4,3,4,3,3,1,7,3
13310,6,5,2,7,1,5,9,2,3,2,9
13311,8,2,5,5,9,9,8,4,6,9,8
13312,7,1,0,3,4,6,1,5,7,3,4
13313,6,5,2,7,1,5,9,2,3,2,9
13314,2,0,4,6,8,2,6,3,9,5,6
13315,9,9,9,2,7,1,5,7,2,0,5
13316,2,3,4,6,8,2,6,8,9,5,6
13317,2,0,4,4,8,2,6,3,1,5,6
13318,7,1,0,3,4,6,1,5,7,3,4
13319,8,2,5,5,9,9,8,4,6,9,8
13320,2,3,4,6,8,2,6,8,9,5,6
13321,9,9,9,2,7,1,5,3,2,0,8
13322,4,5,8,9,3,4,3,0,8,7,3
13323,8,2,7,5,9,7,8,4,6,9,8
13324,0,4,7,0,2,7,4,4,6,8,0
13325,2,3,4,6,8,2,6,8,9,5,6
13326,5,8,3,1,6,0,7,1,4,4,7
13327,2,3,4,6,8,2,6,8,9,5,6
13328,7,1,0,3,4,6,1,5,7,3,4
13329,8,2,5,5,9,9,8,4,6,9,8
13330,7,1,0,3,4,6,1,5,7,3,4
13331,9,9,9,2,7,1,5,3,2,0,5
13332,7,1,0,3,4,6,1,5,7,3,4
13333,8,2,5,5,9,9,8,4,6,9,8
13334,1,7,6,2,0,8,0,9,5,6,5
13335,3,0,1,4,5,3,2,3,1,1,8
13336,7,1,0,3,4,6,1,5,7,3,4
13337,8,2,5,5,9,9,8,4,6,9,8
13338,1,7,6,2,0,8,0,9,5,6,5
13339,8,2,7,5,9,7,8,4,6,9,8
13340,9,9,7,5,7,7,5,7,2,0,8
13341,2,3,4,6,8,2,6,8,9,5,6
13342,2,3,4,6,8,2,6,8,9,5,6
13343,2,3,4,6,8,2,6,8,9,5,6
13344,3,6,1,8,5,3,2,6,0,1,1
13345,9,9,9,2,7,1,5,7,2,0,5
13346,7,1,0,3,4,6,1,5,7,3,4
13347,3,0,1,4,5,3,2,3,1,1,1
13348,7,1,0,3,4,6,1,5,7,3,4
13349,4,5,8,9,3,4,3,0,8,7,3
13350,0,4,3,0,2,0,4,1,4,8,0
13351,4,0,8,9,3,4,3,3,8,7,3
13352,7,8,3,1,6,0,1,1,4,4,0
13353,2,9,4,7,8,2,6,3,3,5,9
13354,2,3,4,6,8,2,6,8,9,5,6
13355,8,2,5,5,9,9,8,4,6,9,8
13356,0,8,3,0,2,0,4,1,4,8,0
13357,4,5,8,9,3,4,3,0,8,7,3
13358,5,8,3,1,6,0,7,1,4,4,7
13359,8,2,7,5,9,7,8,4,6,9,8
13360,0,4,7,2,2,7,4,3,6,8,8
13361,8,2,9,5,9,1,8,4,2,9,8
13362,0,4,3,0,2,0,4,1,4,8,0
13363,4,5,8,9,3,4,3,3,8,7,8
13364,4,5,8,9,3,4,3,3,8,7,3
13365,9,9,9,6,7,1,5,3,2,0,8
13366,3,6,1,8,5,3,2,6,0,1,1
13367,5,8,7,1,6,7,7,1,4,4,7
13368,7,1,0,3,4,6,1,5,7,3,4
13369,9,9,9,2,7,1,5,7,2,0,5
13370,1,7,6,2,0,8,0,9,5,6,5
13371,6,0,2,4,1,5,9,3,1,2,8
13372,9,9,9,2,7,1,5,7,2,0,5
13373,4,0,8,4,3,4,3,3,1,7,3
13374,5,8,3,2,6,0,7,1,2,4,5
13375,4,5,8,9,3,4,3,3,8,7,3
13376,1,7,6,0,0,8,0,9,5,6,0
13377,3,0,1,4,5,3,2,6,1,1,1
13378,2,3,7,6,8,7,6,8,9,5,6
13379,9,9,9,2,7,1,5,7,2,0,5
13380,0,4,7,0,2,7,4,4,6,8,0
13381,6,5,2,7,1,5,9,2,3,2,9
13382,8,4,5,5,9,9,8,4,6,9,2
13383,2,3,4,6,8,2,6,8,9,5,6
13384,6,9,2,7,1,5,9,2,3,2,9
13385,8,2,7,5,9,7,8,4,6,9,8
13386,7,1,0,3,4,6,1,5,7,3,4
13387,2,3,4,6,8,2,6,3,9,5,6
13388,7,1,0,3,4,6,1,5,7,3,4
13389,4,5,8,9,3,4,3,0,8,7,3
13390,1,7,6,2,0,8,0,9,5,6,5
13391,8,2,5,5,9,9,8,4,6,9,8
13392,9,9,9,2,7,1,5,7,2,0,5
13393,2,3,4,6,8,2,6,8,9,5,6
13394,4,5,8,9,3,4,3,3,8,7,3
13395,8,2,7,5,9,7,8,4,6,9,8
13396,2,3,4,6,8,2,6,8,9,5,6
13397,3,0,1,4,5,3,2,6,1,1,1
13398,1,7,6,2,0,8,0,9,5,6,5
13399,9,9,9,2,7,1,5,7,2,0,5
13400,7,1,0,3,4,6,1,5,7,3,4
13401,6,5,2,7,1,5,9,2,3,2,9
13402,7,1,0,3,4,6,1,8,7,3,4
13403,7,1,0,3,4,6,1,5,7,3,4
13404,7,1,0,3,4,6,1,5,7,3,4
13405,8,2,5,5,9,9,8,4,6,9,8
13406,6,5,2,7,1,5,9,2,3,2,9
13407,6,3,2,7,1,5,9,8,3,2,9
13408,3,6,1,8,5,3,2,6,0,1,1
13409,8,2,7,5,9,7,8,4,6,9,8
13410,8,2,7,5,9,7,8,4,6,9,8
13411,3,0,1,4,5,3,2,6,1,1,1
13412,7,1,0,3,4,6,1,5,7,3,4
13413,9,9,9,2,7,1,5,7,2,0,5
13414,5,8,3,1,6,0,7,1,4,4,7
13415,6,5,2,7,1,5,9,2,3,2,9
13416,0,4,5,0,2,9,4,1,4,8,2
13417,7,1,0,3,4,6,1,5,7,3,4
13418,5,8,3,1,6,0,7,1,4,4,7
13419,8,2,7,5,9,7,8,4,6,9,8
13420,0,3,4,6,2,2,4,8,9,8,0
13421,8,2,5,5,9,9,8,4,6,9,8
13422,0,4,7,0,2,7,4,8,9,8,0
13423,2,3,4,6,8,2,6,8,9,5,6
13424,7,9,0,2,4,6,1,7,2,3,5
13425,8,4,7,5,9,7,8,4,6,9,2
13426,5,8,3,1,6,0,7,1,4,4,7
13427,4,5,8,9,3,4,3,0,8,7,3
13428,5,8,3,1,6,0,7,1,4,4,7
13429,8,2,7,5,9,7,8,4,6,9,8
13430,0,4,7,0,2,7,4,1,4,8,0
13431,4,5,8,9,3,4,3,0,8,7,3
13432,6,3,2,7,1,5,9,3,3,2,9
13433,9,9,9,2,7,1,5,7,2,0,5
13434,6,5,2,7,1,5,9,2,3,2,9
13435,8,2,7,5,9,7,8,4,6,9,8
13436,7,3,0,6,4,6,1,8,9,3,4
13437,8,2,7,5,9,7,8,4,6,9,8
13438,7,1,0,3,4,6,1,5,7,3,4
13439,8,2,7,5,9,7,8,4,6,9,8
13440,7,1,0,3,4,6,1,5,7,3,4
13441,5,2,7,1,9,7,7,4,6,9,7
13442,1,7,6,2,0,8,0,9,5,6,5
13443,8,2,7,5,9,7,8,4,6,9,8
13444,4,5,8,9,3,4,3,0,8,7,3
13445,7,1,0,3,4,6,1,5,7,3,4
13446,0,8,3,1,6,0,4,1,4,4,0
13447,2,3,4,6,8,2,6,8,9,5,6
13448,2,3,4,6,8,2,6,8,9,5,6
13449,9,9,9,2,7,1,5,7,2,0,5
13450,3,6,1,8,5,3,2,6,0,1,1
13451,0,4,7,0,2,7,4,1,4,8,0
13452,8,4,5,0,9,9,8,4,6,9,2
13453,9,9,9,2,7,1,5,7,2,0,5
13454,3,6,1,8,5,3,2,6,0,1,1
13455,6,5,2,7,1,5,9,2,3,2,9
13456,0,4,7,0,2,7,4,1,4,8,0
13457,8,2,7,5,9,7,8,3,6,9,8
13458,5,8,3,1,6,0,7,1,4,4,7
13459,3,0,1,4,5,3,2,6,1,1,1
13460,5,8,3,1,6,0,7,1,4,4,7
13461,0,4,7,0,2,7,4,1,4,8,0
13462,0,8,3,0,2,0,4,1,4,8,0
13463,8,2,7,5,9,7,8,4,6,9,0
13464,3,6,1,8,5,3,2,6,0,1,1
13465,0,4,7,0,2,7,4,4,6,8,0
13466,7,6,0,8,4,6,1,5,0,3,4
13467,3,6,1,8,5,3,2,6,0,1,1
13468,4,5,8,9,3,4,3,0,8,7,3
13469,8,2,5,5,9,9,8,4,6,9,2
13470,1,7,6,2,0,8,0,9,5,6,5
13471,5,8,3,1,6,0,7,0,4,4,7
13472,0,4,7,0,2,7,4,9,5,8,0
13473,0,4,7,0,2,7,4,4,6,8,0
13474,1,7,6,2,0,8,0,9,5,6,5
13475,1,9,9,2,0,1,0,7,5,6,5
13476,0,4,3,0,2,0,4,1,4,8,0
13477,2,3,4,6,8,2,6,8,9,5,6
13478,7,1,0,3,4,6,1,5,7,3,4
13479,8,2,5,5,9,9,8,4,6,9,2
13480,5,8,3,1,6,0,7,1,4,4,7
13481,4,5,8,9,3,4,3,0,8,7,3
13482,0,4,3,0,2,0,4,1,4,8,2
13483,3,6,1,8,5,3,2,6,0,1,1
13484,6,5,2,7,1,5,9,2,3,2,9
13485,2,3,4,6,8,2,6,8,9,5,6
13486,7,1,0,3,4,6,1,5,7,3,4
13487,9,9,9,2,7,1,5,7,2,0,5
13488,1,7,6,2,0,8,0,9,5,6,5
13489,2,3,4,6,8,2,6,8,9,5,6
13490,6,1,2,7,1,5,9,2,3,2,9
13491,6,5,2,7,1,5,9,2,3,2,9
13492,3,6,1,8,5,3,2,6,0,1,1
13493,4,5,8,9,3,4,3,3,8,7,3
13494,2,3,4,6,8,2,6,3,9,5,6
13495,6,5,2,7,1,5,9,2,3,2,9
13496,7,1,0,3,4,6,1,5,7,3,4
13497,3,0,1,4,5,3,2,6,1,1,1
13498,2,3,4,6,8,2,6,8,9,5,6
13499,0,4,7,0,2,7,4,4,6,8,0
13500,0,4,3,0,2,0,4,1,4,8,0
13501,9,9,9,2,7,1,5,7,2,0,5
13502,2,3,4,6,8,2,6,8,9,5,6
13503,6,5,2,7,1,5,9,2,3,2,9
13504,9,9,9,2,7,1,5,7,2,0,5
13505,3,0,1,4,5,3,2,6,1,1,1
13506,6,5,2,7,1,5,9,2,3,2,9
13507,0,4,7,0,2,7,4,4,6,8,0
13508,4,5,8,9,3,4,3,3,8,7,3
13509,2,3,4,6,8,2,6,3,9,5,6
13510,1,7,6,2,0,8,0,9,5,6,5
13511,4,5,8,9,3,4,3,3,8,7,3
13512,0,4,5,0,2,9,4,4,6,8,2
13513,8,2,5,5,9,9,8,4,6,9,8
13514,9,9,9,2,7,1,5,7,2,0,5
13515,8,2,5,5,9,9,8,4,6,9,2
13516,1,7,6,2,0,8,0,9,5,6,5
13517,2,3,4,6,8,2,6,3,9,5,6
13518,7,1,6,2,4,8,1,9,5,3,5
13519,7,1,0,3,4,6,1,5,7,3,4
13520,5,8,3,1,6,0,7,1,4,4,7
13521,3,0,1,4,5,3,2,6,1,1,1
13522,6,5,2,7,1,5,9,2,3,2,9
13523,6,5,2,7,1,5,9,2,3,2,9
13524,7,1,0,3,4,6,1,5,7,3,4
13525,6,5,2,7,1,5,9,2,3,2,9
13526,0,4,0,0,2,6,4,5,7,8,0
13527,6,5,2,7,1,5,9,2,3,2,9
13528,7,1,0,3,4,6,1,5,7,3,4
13529,8,2,5,5,9,9,8,4,6,9,8
13530,5,8,3,1,6,0,7,1,4,4,7
13531,2,3,4,6,8,2,6,5,9,5,6
13532,7,1,0,3,4,6,1,5,7,3,4
13533,3,0,1,4,5,3,2,6,1,1,1
13534,0,4,3,0,2,0,4,1,4,8,2
13535,6,5,2,7,1,5,9,2,3,2,9
13536,4,5,8,9,3,4,3,0,8,7,3
13537,9,9,9,2,7,1,5,7,2,0,5
13538,7,1,0,3,4,6,1,5,7,3,4
13539,4,5,8,9,3,4,3,0,8,7,7
13540,0,4,5,0,2,9,4,9,5,8,2
13541,8,2,7,5,9,7,8,4,6,9,8
13542,1,7,6,2,0,8,0,9,5,6,5
13543,7,1,0,3,4,6,1,5,7,3,4
13544,3,6,1,8,5,3,2,6,0,1,1
13545,3,0,1,4,5,3,2,6,1,1,1
13546,4,5,8,9,3,4,3,0,8,7,3
13547,3,6,1,8,5,3,2,6,0,1,1
13548,0,4,7,0,2,7,4,9,5,8,0
13549,2,3,4,6,8,2,6,8,9,5,6
13550,6,5,2,7,1,5,9,2,3,2,9
13551,2,3,4,6,8,2,6,3,9,5,6
13552,1,7,6,2,0,8,0,9,5,6,5
13553,8,2,7,5,9,7,8,4,6,9,8
13554,2,3,4,6,8,2,6,3,9,5,6
13555,8,2,5,5,9,9,8,4,6,9,8
13556,1,7,6,2,0,8,0,9,5,6,5
13557,8,2,7,5,9,7,8,4,6,9,8
13558,1,7,6,2,0,8,0,9,5,6,5
13559,2,3,4,6,8,2,6,8,9,5,6
13560,7,1,0,3,4,6,1,5,7,3,4
13561,8,2,5,5,9,9,8,4,6,9,8
13562,8,3,4,6,9,2,8,8,9,9,8
13563,8,2,7,5,9,7,8,4,6,9,8
13564,5,4,7,1,6,7,7,4,6,4,7
13565,4,5,8,9,3,4,3,3,8,7,3
13566,0,4,5,0,2,9,4,4,6,8,2
13567,2,1,4,3,8,2,6,5,7,5,6
13568,1,7,6,2,0,8,0,9,5,6,5
13569,9,9,9,2,7,1,5,7,2,0,5
13570,8,4,5,0,2,9,4,4,6,8,2
13571,8,2,5,5,9,9,8,4,6,9,8
13572,8,2,7,5,9,7,8,4,6,9,8
13573,8,2,7,5,9,7,8,4,6,9,8
13574,1,7,6,2,0,8,0,9,5,6,5
13575,4,0,8,9,3,4,3,0,8,7,3
13576,1,7,6,2,0,8,0,9,5,6,5
13577,7,0,0,4,4,6,1,5,7,3,4
13578,2,3,4,6,8,2,6,8,9,5,6
13579,2,3,4,6,8,2,6,8,9,5,6
13580,7,1,0,3,4,6,1,5,7,3,4
13581,9,9,9,2,7,1,5,7,2,0,5
13582,3,6,1,8,5,3,2,6,0,1,1
13583,3,6,1,8,5,3,2,6,0,1,1
13584,1,7,6,2,0,8,0,9,5,6,5
13585,6,5,2,7,1,5,9,2,3,2,9
13586,7,1,0,3,4,6,1,2,7,3,4
13587,4,5,8,9,3,4,3,0,8,7,3
13588,7,1,0,3,4,6,1,5,7,3,4
13589,3,6,1,8,5,3,2,6,0,1,1
13590,1,7,6,2,0,8,0,9,5,6,5
13591,7,1,0,3,4,6,1,5,7,3,4
13592,2,3,4,6,8,2,6,8,9,5,6
13593,4,5,8,9,3,4,3,0,8,7,3
13594,2,3,4,6,8,2,6,8,9,5,6
13595,4,5,8,9,3,4,3,0,8,7,3
13596,5,8,3,1,6,0,7,1,4,4,7
13597,2,3,4,6,8,2,6,8,9,5,6
13598,4,5,8,9,3,4,3,0,8,7,3
13599,8,2,5,5,9,9,8,4,6,9,2
13600,0,4,5,0,2,9,4,1,4,8,2
13601,7,0,0,3,4,6,1,5,7,3,6
13602,5,8,3,1,6,0,7,1,4,4,7
13603,2,3,4,6,8,2,6,3,9,5,8
13604,1,7,6,2,0,8,0,9,5,6,5
13605,2,3,4,6,8,2,6,8,9,5,6
13606,6,5,2,7,1,5,9,2,3,2,9
13607,7,1,0,3,4,6,1,5,7,3,4
13608,7,1,0,3,4,6,1,5,7,3,4
13609,3,6,1,8,5,3,2,6,0,1,1
13610,1,7,6,2,0,8,0,9,5,6,5
13611,9,9,9,2,7,1,5,7,2,0,5
13612,6,9,2,7,1,5,9,2,3,2,9
13613,6,5,2,7,1,5,9,2,3,2,9
13614,4,5,8,9,3,4,3,3,8,7,3
13615,7,1,0,3,4,6,1,5,7,3,4
13616,5,8,3,1,6,0,7,1,4,4,7
13617,9,9,9,2,7,1,5,7,2,0,5
13618,2,3,4,6,8,2,6,8,9,5,6
13619,2,3,4,6,8,2,6,8,9,5,6
13620,1,7,6,2,0,8,0,9,5,6,5
13621,4,5,8,9,3,4,3,0,8,7,3
13622,3,5,1,7,5,3,2,6,3,1,1
13623,3,6,1,8,5,3,2,6,0,1,1
13624,6,5,2,7,1,5,9,2,3,2,9
13625,9,9,9,2,7,1,5,7,2,0,5
13626,0,4,3,0,2,0,4,1,4,8,0
13627,6,5,2,7,1,5,9,2,3,2,9
13628,6,3,4,7,1,2,9,2,3,2,9
13629,7,1,0,3,4,6,1,5,7,3,4
13630,1,7,6,2,0,8,0,9,5,6,5
13631,9,9,9,2,7,1,5,7,2,0,5
13632,7,1,0,3,4,6,1,8,7,3,4
13633,9,9,6,2,7,8,5,3,2,0,5
13634,8,2,7,5,9,7,8,4,6,9,8
13635,4,5,8,9,3,4,3,0,8,7,3
13636,1,7,6,2,0,8,0,9,5,6,5
13637,8,2,5,5,9,9,8,4,6,9,2
13638,8,2,5,5,9,9,8,4,6,9,8
13639,1,7,6,2,0,8,0,9,5,6,5
13640,0,4,3,0,2,7,4,1,4,8,0
13641,3,6,1,8,5,3,2,6,0,1,1
13642,7,1,0,3,4,6,1,5,7,3,4
13643,9,9,9,2,7,1,5,7,2,0,5
13644,0,4,5,0,2,9,4,1,4,8,2
13645,6,5,2,7,1,5,9,2,3,2,9
13646,0,4,3,0,2,0,4,1,4,8,0
13647,0,4,3,0,2,0,4,1,4,8,0
13648,9,9,9,2,7,1,5,7,2,0,5
13649,9,9,9,2,7,1,5,7,2,0,5
13650,5,8,3,1,6,0,7,6,0,4,7
13651,9,9,9,2,7,1,5,7,2,0,5
13652,5,8,3,1,6,0,7,1,4,4,7
13653,5,8,3,1,6,0,7,1,4,4,7
13654,1,7,6,2,0,8,0,9,5,6,5
13655,9,9,9,2,7,1,5,3,2,0,5
13656,1,7,6,2,0,8,0,9,5,6,0
13657,9,9,9,2,7,1,5,7,2,0,5
13658,3,6,1,8,5,3,2,6,0,1,1
13659,2,3,4,6,8,2,6,8,9,5,6
13660,7,1,0,3,4,6,1,5,7,3,4
13661,4,5,8,9,3,4,3,3,8,7,3
13662,0,4,5,0,2,9,4,4,6,8,2
13663,9,9,9,2,7,1,5,7,2,0,5
13664,5,8,3,1,6,0,7,1,4,4,7
13665,8,2,5,5,9,9,8,4,6,9,8
13666,5,8,3,1,6,0,7,1,4,4,7
13667,6,5,2,7,1,5,9,2,3,2,9
13668,0,4,7,0,2,7,4,4,6,8,0
13669,2,3,4,6,8,2,6,8,9,5,6
13670,2,3,4,6,8,2,6,8,9,5,6
13671,4,5,8,9,3,4,3,0,8,7,3
13672,0,4,7,0,2,7,4,4,6,8,0
13673,7,1,0,3,4,6,1,5,7,3,4
13674,9,9,9,2,7,1,5,7,2,0,5
13675,7,1,0,3,4,6,1,5,7,3,4
13676,7,1,0,3,4,6,1,5,7,3,4
13677,2,3,4,6,8,2,6,8,9,5,6
13678,5,8,3,1,6,0,7,1,4,4,7
13679,4,5,8,9,3,4,3,3,8,7,3
13680,1,7,6,3,0,8,0,9,5,6,0
13681,7,1,0,3,4,6,1,3,7,3,4
13682,2,3,4,6,8,2,6,8,9,5,6
13683,8,2,7,5,9,7,8,4,6,9,8
13684,0,8,3,1,6,0,4,1,4,4,2
13685,3,0,1,4,5,3,2,6,1,1,1
13686,5,8,3,1,6,0,7,1,4,4,7
13687,8,2,7,5,9,7,8,4,6,9,8
13688,5,8,3,1,6,0,7,1,4,4,7
13689,9,9,9,2,7,1,5,7,2,0,5
13690,6,5,2,7,1,5,9,2,3,2,9
13691,8,2,5,5,9,9,8,4,6,9,8
13692,5,8,3,1,6,0,7,1,4,4,7
13693,9,5,6,2,7,8,5,9,2,0,5
13694,1,7,6,2,0,8,0,9,5,6,5
13695,0,4,7,0,2,7,4,4,6,8,0
13696,4,5,8,9,3,4,3,0,8,7,3
13697,9,9,9,2,7,1,5,7,2,0,5
13698,0,4,3,0,2,0,4,1,4,8,0
13699,9,2,9,2,7,1,5,7,2,0,8
13700,1,7,6,2,0,8,0,9,5,6,5
13701,9,9,9,2,7,1,5,7,2,0,5
13702,1,7,6,2,0,8,0,3,5,6,5
13703,0,4,7,0,2,7,4,4,6,8,0
13704,1,7,6,2,0,8,0,9,5,6,5
13705,5,5,2,1,6,5,7,2,3,4,7
13706,7,1,0,3,4,6,1,5,7,3,4
13707,7,1,0,3,4,6,1,5,7,3,4
13708,7,1,0,3,4,6,1,5,7,3,4
13709,4,6,8,8,3,4,3,0,0,7,7
13710,8,4,5,0,2,9,4,4,6,8,2
13711,9,9,9,2,7,1,5,7,2,0,5
13712,5,9,9,2,7,1,5,7,2,0,7
13713,5,8,3,1,6,0,7,1,4,4,7
13714,1,7,6,0,2,8,0,9,5,8,0
13715,5,5,8,1,6,4,7,0,8,4,7
13716,0,4,6,0,2,8,4,9,9,8,0
13717,0,4,7,0,2,7,4,1,4,8,0
13718,0,4,6,0,2,8,4,4,6,8,0
13719,3,6,1,8,5,3,2,6,0,1,1
13720,5,8,3,1,6,0,7,1,4,4,7
13721,9,9,9,2,7,1,5,7,2,0,5
13722,6,5,2,7,1,5,9,2,3,2,9
13723,2,3,4,6,8,2,6,8,9,5,6
13724,8,2,7,5,9,7,8,3,6,9,8
13725,9,9,9,2,7,1,5,7,2,0,5
13726,3,0,1,4,5,3,2,3,1,1,1
13727,5,8,7,1,6,7,7,1,4,4,7
13728,0,4,7,0,2,7,4,9,5,8,0
13729,5,5,8,9,3,4,7,0,8,7,7
13730,3,0,1,4,5,3,2,6,1,1,1
13731,4,5,8,9,3,4,3,0,8,7,3
13732,0,4,3,0,2,0,4,1,4,8,0
13733,9,9,9,2,7,1,5,7,2,0,5
13734,3,6,1,8,5,3,2,6,0,1,1
13735,6,5,2,7,1,5,9,2,3,2,9
13736,7,1,0,3,4,6,1,5,7,3,4
13737,4,5,8,9,3,4,3,0,8,7,3
13738,4,5,8,9,3,4,3,0,8,7,3
13739,0,4,7,0,2,7,4,1,6,8,0
13740,2,3,4,6,8,2,6,8,9,5,6
13741,6,5,2,7,1,5,9,2,3,2,9
13742,7,1,0,3,4,6,1,5,7,3,4
13743,6,5,2,7,1,5,9,2,3,2,9
13744,0,8,3,1,2,0,4,1,4,4,2
13745,0,3,4,0,2,2,4,8,9,8,0
13746,8,4,5,0,2,9,4,4,6,8,2
13747,2,3,4,6,8,2,6,3,9,5,6
13748,1,7,6,2,0,8,0,9,5,6,5
13749,2,3,4,6,8,2,6,3,9,5,6
13750,7,1,0,3,4,6,1,5,7,3,4
13751,3,0,1,4,5,3,2,6,1,1,1
13752,2,3,4,6,8,2,6,8,9,5,6
13753,9,9,9,2,7,1,5,7,2,0,5
13754,8,4,5,5,9,9,8,4,6,9,2
13755,8,2,9,5,9,1,8,7,2,9,8
13756,0,4,5,0,2,9,4,4,6,8,2
13757,9,9,9,2,7,1,5,7,2,0,5
13758,4,5,8,9,3,4,3,0,8,7,3
13759,4,5,8,9,3,4,3,0,8,7,3
13760,6,6,2,8,1,5,9,6,0,2,9
13761,6,5,2,7,1,5,9,2,3,2,9
13762,6,5,2,7,1,5,9,2,3,2,9
13763,0,4,7,0,2,7,4,4,6,8,0
13764,3,6,1,8,5,3,2,6,0,1,1
13765,5,8,3,1,6,0,7,1,4,4,7
13766,0,8,3,1,6,0,4,1,4,4,0
13767,8,2,5,5,9,9,8,4,6,9,2
13768,5,8,3,1,6,0,7,1,4,4,7
13769,3,6,1,8,5,3,2,6,0,1,1
13770,4,5,8,9,3,4,3,3,8,7,3
13771,6,5,2,7,1,5,9,2,3,2,9
13772,4,5,8,9,3,4,3,0,8,7,3
13773,2,3,4,6,8,2,6,8,9,5,6
13774,6,2,2,5,9,5,8,3,3,9,8
13775,5,8,3,1,6,0,7,1,4,4,7
13776,8,2,5,5,9,9,8,4,6,9,8
13777,2,0,4,4,8,2,6,3,1,5,6
13778,1,7,6,2,0,8,0,9,5,6,5
13779,3,0,1,4,5,3,2,6,1,1,1
13780,4,5,8,9,3,4,3,0,8,7,3
13781,2,3,4,6,8,2,6,8,9,5,6
13782,9,9,9,2,7,1,5,7,2,0,5
13783,2,3,4,6,8,2,6,8,9,5,6
13784,2,3,4,6,8,2,6,8,9,5,6
13785,9,9,9,2,7,1,5,7,2,0,5
13786,0,4,3,0,2,0,4,1,4,8,0
13787,2,1,4,3,8,2,6,3,7,5,6
13788,9,9,9,2,7,1,5,7,2,0,5
13789,8,2,5,5,9,9,8,4,6,9,8
13790,9,9,9,2,7,1,5,7,2,0,5
13791,8,2,7,5,9,7,8,4,6,9,8
13792,2,3,4,6,8,2,6,8,9,5,6
13793,2,3,4,6,8,2,6,8,9,5,6
13794,0,4,7,0,2,7,4,4,6,8,0
13795,2,3,4,6,8,2,6,8,9,5,8
13796,0,4,7,0,2,7,4,4,6,8,0
13797,8,2,7,5,9,7,8,4,6,9,8
13798,3,6,1,8,5,3,2,6,0,1,1
13799,3,0,1,4,5,3,2,6,1,1,1
13800,7,1,0,3,4,6,1,5,7,3,4
13801,0,4,7,0,2,7,4,4,6,8,0
13802,0,4,5,0,2,9,4,1,4,8,2
13803,2,3,4,6,8,2,6,3,9,5,8
13804,1,5,6,2,0,8,0,9,5,6,5
13805,0,4,7,0,2,7,4,1,4,8,0
13806,0,4,3,0,2,0,4,1,4,8,0
13807,3,0,1,4,5,3,2,3,1,1,1
13808,4,0,8,9,3,4,3,0,1,7,3
13809,4,5,8,9,3,4,3,0,8,7,3
13810,8,2,7,5,9,7,8,4,6,9,8
13811,9,9,9,2,7,1,5,3,2,0,8
13812,2,3,4,6,8,2,6,3,9,5,6
13813,4,5,8,9,3,4,3,0,8,7,3
13814,8,2,5,5,9,9,8,4,6,9,2
13815,8,2,5,5,9,9,8,4,6,9,2
13816,3,6,1,8,5,3,2,6,0,1,1
13817,8,2,7,5,9,7,8,4,6,9,8
13818,6,2,5,7,1,9,9,4,6,2,9
13819,8,2,9,5,9,1,8,4,6,9,8
13820,6,5,2,7,1,5,9,2,3,2,9
13821,1,7,6,2,0,8,0,3,2,6,5
13822,3,6,1,8,5,3,2,6,0,1,1
13823,0,4,3,0,2,0,4,1,4,8,0
13824,7,1,0,3,4,6,1,5,7,3,4
13825,9,9,9,2,7,1,5,7,2,0,5
13826,3,6,1,8,5,3,2,6,0,1,1
13827,9,9,9,6,7,1,5,3,2,0,6
13828,4,5,8,9,3,4,3,3,8,7,3
13829,4,5,8,9,3,4,3,3,8,7,3
13830,3,6,1,8,5,3,2,6,0,1,1
13831,7,1,8,2,3,4,1,3,8,7,4
13832,4,5,8,9,3,4,3,3,8,7,3
13833,3,0,1,4,5,3,2,6,1,1,1
13834,0,4,5,0,2,9,4,1,4,8,2
13835,9,9,9,2,7,1,5,7,2,0,5
13836,7,1,0,3,4,6,1,5,7,3,4
13837,6,9,2,7,1,5,9,2,3,2,9
13838,4,5,8,9,3,4,3,0,8,7,3
13839,7,1,0,3,4,6,1,5,7,3,6
13840,1,7,6,2,0,8,0,9,5,6,5
13841,8,2,7,5,9,7,8,4,6,9,8
13842,0,4,3,0,2,0,4,1,4,8,0
13843,9,9,9,2,7,1,5,7,2,0,5
13844,6,5,2,7,1,5,9,2,3,2,9
13845,4,5,8,9,3,4,3,3,8,7,3
13846,4,5,8,9,3,4,3,3,8,7,3
13847,8,2,5,5,9,9,8,4,6,9,8
13848,5,8,3,1,6,0,7,1,4,4,7
13849,2,3,4,6,8,2,6,8,9,5,6
13850,0,8,3,1,6,0,4,1,4,4,0
13851,8,2,7,5,9,7,8,4,6,9,8
13852,0,4,7,0,2,7,4,4,6,8,0
13853,3,0,1,4,5,3,2,3,1,1,1
13854,7,1,0,3,4,6,1,5,7,3,4
13855,9,9,9,2,7,1,5,7,2,0,5
13856,5,8,3,1,6,0,7,1,4,4,0
13857,6,3,2,7,1,5,9,2,3,2,9
13858,4,5,8,9,3,4,3,0,8,7,3
13859,7,1,0,3,4,6,1,5,7,3,4
13860,4,5,8,9,3,4,3,0,8,7,3
13861,8,2,7,5,9,7,8,3,6,9,8
13862,2,3,4,6,8,2,6,8,9,5,6
13863,9,9,9,2,7,1,5,7,2,0,5
13864,5,8,3,1,6,0,7,1,4,4,7
13865,4,5,8,9,3,4,3,0,8,7,3
13866,9,9,9,2,7,1,5,7,2,0,5
13867,8,2,7,5,9,7,8,4,6,9,8
13868,5,8,3,1,6,0,7,1,4,4,7
13869,2,3,4,6,8,2,6,8,9,5,6
13870,0,4,7,0,2,7,4,4,6,8,0
13871,8,2,7,5,9,7,8,4,6,9,8
13872,3,6,1,8,5,3,2,6,0,1,1
13873,3,0,1,4,5,3,2,6,1,1,1
13874,3,6,1,8,5,3,2,6,0,1,1
13875,9,9,9,2,7,1,5,7,2,0,5
13876,7,5,0,9,4,6,1,8,7,3,0
13877,6,5,2,7,1,5,9,2,3,2,9
13878,1,7,6,2,0,8,0,9,5,6,0
13879,7,1,0,3,4,6,1,5,7,3,4
13880,7,6,0,8,4,6,1,5,0,3,4
13881,4,0,8,4,3,4,3,0,1,7,3
13882,1,7,6,2,0,8,0,9,5,6,5
13883,8,2,5,5,9,9,8,4,6,9,8
13884,9,9,9,2,7,1,5,7,2,0,5
13885,2,3,4,6,8,2,6,8,9,5,6
13886,7,1,0,3,4,6,1,5,7,3,4
13887,8,2,7,5,9,7,8,4,6,9,8
13888,1,7,6,2,0,8,0,9,5,6,5
13889,3,0,1,4,5,3,2,6,1,1,1
13890,8,2,5,5,9,9,8,4,6,9,2
13891,8,2,7,5,9,7,8,4,6,9,8
13892,1,7,6,2,0,8,0,9,5,6,5
13893,8,2,7,5,9,7,8,4,6,9,8
13894,7,1,0,3,4,6,1,5,7,3,4
13895,9,9,9,2,7,1,5,3,2,0,8
13896,3,6,1,8,5,3,2,6,0,1,1
13897,8,2,7,5,9,7,8,4,6,9,8
13898,0,8,3,0,2,0,4,1,4,8,0
13899,2,3,4,6,8,2,6,3,9,5,6
13900,5,8,3,1,6,0,7,1,4,4,5
13901,8,2,7,5,9,7,8,4,6,9,8
13902,5,8,3,1,6,0,7,1,4,4,7
13903,9,9,9,2,7,1,5,7,2,0,5
13904,5,8,3,1,6,0,7,1,4,4,7
13905,8,2,7,5,9,7,8,4,6,9,8
13906,1,7,6,2,0,8,0,9,5,6,5
13907,8,2,7,5,9,7,8,4,6,9,8
13908,0,4,7,0,2,7,4,1,4,8,0
13909,2,0,4,4,8,2,6,3,1,5,6
13910,6,5,2,7,1,5,9,2,3,2,9
13911,3,0,1,4,5,3,2,3,1,1,1
13912,5,8,3,1,6,0,7,1,4,4,7
13913,3,0,1,4,5,3,2,3,1,1,1
13914,6,5,2,7,1,5,9,2,3,2,9
13915,8,2,5,5,9,9,8,4,6,9,8
13916,3,6,1,8,5,3,2,6,0,1,1
13917,2,3,4,6,8,2,6,8,9,5,6
13918,3,6,1,8,5,3,2,6,0,1,1
13919,6,3,2,6,1,5,9,8,9,2,9
13920,0,4,7,0,2,7,4,1,4,8,0
13921,3,0,1,4,5,3,2,3,1,1,1
13922,0,4,5,0,2,9,4,9,5,8,2
13923,9,9,9,2,7,1,5,7,2,0,5
13924,2,3,4,6,8,2,6,8,9,5,6
13925,7,1,0,7,4,6,1,2,3,3,9
13926,7,1,0,3,4,6,1,5,7,3,4
13927,4,5,8,9,3,4,3,0,8,7,3
13928,6,2,2,7,1,5,9,3,3,2,8
13929,2,3,4,6,8,2,6,3,9,5,6
13930,5,5,3,7,6,0,7,2,3,4,9
13931,2,3,4,6,8,2,6,5,9,5,6
13932,5,8,3,1,6,0,7,1,4,4,7
13933,8,2,5,5,9,9,8,4,6,9,8
13934,7,3,4,6,4,6,6,8,9,3,6
13935,2,3,4,6,8,2,6,5,9,5,6
13936,5,8,3,1,6,0,7,1,4,4,7
13937,2,3,4,6,8,2,6,8,9,5,6
13938,2,1,4,3,8,2,6,5,7,5,6
13939,4,5,8,9,3,4,3,3,8,7,3
13940,7,1,0,3,4,6,1,5,7,3,4
13941,4,5,8,9,3,4,3,3,8,7,3
13942,5,8,3,1,6,0,7,1,4,4,7
13943,8,2,7,5,9,7,8,4,6,9,8
13944,7,1,0,3,4,6,1,5,7,3,4
13945,8,2,7,5,9,7,8,4,6,9,8
13946,7,1,0,3,4,6,1,5,7,3,4
13947,9,9,9,2,7,1,5,7,2,0,5
13948,0,4,7,0,2,7,4,1,4,8,0
13949,8,2,7,5,9,7,8,4,6,9,8
13950,1,7,6,2,0,8,0,9,5,6,5
13951,2,3,4,6,8,2,6,8,9,5,6
13952,6,1,2,7,1,5,9,2,3,2,9
13953,6,5,2,7,1,5,9,2,3,2,9
13954,2,3,4,6,8,2,6,8,9,5,6
13955,3,0,1,4,5,3,2,3,1,1,1
13956,1,7,6,2,0,8,0,9,5,6,5
13957,2,3,4,6,8,2,6,3,9,5,6
13958,7,1,0,3,4,6,1,5,7,3,4
13959,6,1,2,7,1,5,9,2,3,2,9
13960,2,3,4,6,8,2,6,8,9,5,6
13961,9,9,9,2,7,1,5,7,2,0,5
13962,3,6,1,8,5,3,2,6,0,1,1
13963,8,2,5,5,9,9,8,4,6,9,8
13964,1,7,6,2,0,8,0,9,5,6,5
13965,2,3,4,6,8,2,6,3,9,5,6
13966,7,1,0,3,4,6,1,5,7,3,4
13967,9,9,9,2,7,1,5,7,2,0,5
13968,0,4,3,0,2,0,4,1,4,8,0
13969,6,5,2,7,1,5,9,3,3,2,9
13970,3,0,1,4,5,3,2,3,1,1,1
13971,8,2,7,5,9,7,8,4,6,9,8
13972,7,3,0,3,4,6,1,8,7,3,4
13973,9,9,9,7,7,1,5,7,2,0,9
13974,9,9,9,2,7,1,5,7,2,0,5
13975,8,2,5,5,9,9,8,4,6,9,8
13976,7,1,0,3,4,6,1,5,7,3,4
13977,4,5,8,9,3,4,3,3,8,7,3
13978,0,4,5,0,2,9,4,1,4,8,2
13979,2,3,4,6,8,2,6,3,9,5,6
13980,2,3,4,6,8,2,6,3,9,5,6
13981,9,9,9,2,7,1,5,7,2,0,8
13982,0,4,6,0,2,8,4,9,5,8,0
13983,6,0,2,7,1,5,9,2,3,2,9
13984,7,9,0,2,4,6,1,7,7,3,5
13985,9,9,9,7,7,1,5,7,2,0,9
13986,5,8,3,1,6,0,7,1,4,4,7
13987,8,2,7,5,9,7,8,4,6,9,8
13988,7,1,0,3,4,6,1,5,7,3,4
13989,3,0,1,4,5,3,2,6,1,1,1
13990,2,3,4,6,8,2,6,8,9,5,6
13991,2,0,4,4,8,2,6,3,1,5,6
13992,1,7,6,2,0,8,0,9,5,6,5
13993,2,3,4,6,8,2,6,8,9,5,6
13994,6,5,2,7,1,5,9,2,3,2,9
13995,4,5,8,9,3,4,3,0,8,7,3
13996,7,1,0,3,4,6,1,5,7,3,4
13997,8,2,7,5,9,7,8,4,6,9,8
13998,5,8,3,1,6,0,7,1,4,4,7
13999,4,5,8,9,3,4,3,3,8,7,3
14000,1,7,6,2,0,8,0,9,5,6,5
14001,9,9,9,2,7,1,5,7,2,0,5
14002,7,1,0,3,4,6,1,5,7,3,4
14003,2,3,4,6,8,2,6,3,9,5,6
14004,0,4,5,0,2,9,4,1,4,8,2
14005,6,5,2,7,1,5,9,2,3,2,9
14006,2,3,4,6,8,2,6,8,9,5,6
14007,9,3,9,6,7,1,5,7,9,0,6
14008,8,2,7,5,9,7,8,4,6,9,8
14009,9,9,9,2,7,1,5,7,2,0,5
14010,5,8,3,1,6,0,7,1,4,4,7
14011,8,2,5,5,9,9,8,4,6,9,8
14012,3,0,1,4,8,3,2,3,1,1,1
14013,9,9,9,6,7,1,5,3,2,0,8
14014,1,7,6,2,0,8,0,9,5,6,5
14015,8,2,7,5,9,7,8,4,6,9,8
14016,1,7,6,2,0,8,0,9,5,6,5
14017,9,9,9,2,7,1,5,3,2,0,5
14018,5,8,3,1,6,0,7,1,4,4,7
14019,3,6,1,8,5,3,2,6,0,1,1
14020,7,1,0,3,4,6,1,5,7,3,4
14021,1,7,6,2,0,8,0,9,5,6,5
14022,0,8,3,1,6,0,7,1,4,4,2
14023,6,5,2,7,1,5,9,2,3,2,9
14024,6,5,2,7,1,5,9,2,3,2,9
14025,7,1,0,3,4,6,1,5,7,3,4
14026,7,1,0,3,4,6,1,5,7,3,4
14027,5,8,3,1,6,0,7,1,4,4,7
14028,7,1,0,3,4,6,1,5,7,3,4
14029,2,3,4,6,8,2,6,8,9,5,6
14030,7,1,0,3,4,6,1,5,7,3,4
14031,4,5,8,9,3,4,3,0,8,7,7
14032,1,7,6,2,0,8,0,9,5,6,5
14033,0,4,3,0,2,0,4,1,4,8,2
14034,3,6,1,8,5,3,2,6,0,1,1
14035,7,1,0,3,4,6,1,5,7,3,4
14036,5,8,3,1,6,0,7,1,4,4,7
14037,5,8,3,1,6,0,7,1,4,4,7
14038,1,7,6,2,0,8,0,9,5,6,5
14039,3,6,1,8,5,3,2,6,0,1,1
14040,6,5,2,7,1,5,9,2,3,2,5
14041,1,7,6,2,0,8,0,9,5,6,5
14042,5,8,3,1,6,0,7,1,4,4,7
14043,5,5,3,1,6,0,7,0,8,4,7
14044,4,5,8,9,3,4,3,0,8,7,3
14045,7,1,0,3,4,6,1,5,7,3,4
14046,0,4,5,0,2,9,4,1,4,8,2
14047,5,8,3,1,6,0,7,1,4,4,7
14048,7,1,0,3,4,6,1,5,7,3,4
14049,2,3,4,6,8,2,6,8,9,5,6
14050,6,5,2,7,1,5,9,2,3,2,9
14051,4,5,8,9,3,4,3,0,8,7,3
14052,3,0,1,4,5,3,2,6,1,1,1
14053,5,8,3,1,6,0,7,1,4,4,2
14054,2,3,4,6,8,2,6,8,9,5,6
14055,2,3,4,6,8,2,6,8,9,5,6
14056,1,7,6,2,0,8,0,9,5,6,5
14057,5,8,3,1,6,0,7,1,4,4,7
14058,5,8,3,1,6,0,7,1,4,4,7
14059,3,6,1,8,5,3,2,6,0,1,1
14060,1,7,6,2,0,8,0,9,5,6,5
14061,1,7,6,2,0,8,0,9,5,6,5
14062,2,3,4,6,8,2,6,3,9,5,6
14063,4,5,8,9,3,4,3,0,8,7,3
14064,8,4,7,0,2,7,4,4,6,8,0
14065,7,1,0,3,4,6,1,5,7,3,4
14066,5,8,3,1,6,0,7,1,4,4,7
14067,5,8,3,1,6,0,7,1,4,4,7
14068,7,1,0,3,4,6,1,5,7,3,4
14069,2,3,4,6,8,2,6,8,9,5,6
14070,1,7,6,2,0,8,0,9,5,6,5
14071,4,5,8,9,3,4,3,0,8,7,3
14072,4,5,8,9,3,4,3,3,8,7,3
14073,0,4,3,0,2,0,4,1,4,8,2
14074,1,7,6,2,0,8,0,9,5,6,0
14075,7,1,0,3,4,6,1,5,7,3,4
14076,0,4,3,0,2,0,4,1,4,8,2
14077,5,8,3,1,6,0,7,1,4,4,7
14078,6,0,2,7,1,5,9,2,3,2,9
14079,1,7,6,2,0,8,0,9,5,6,5
14080,7,1,0,3,4,6,1,5,7,3,4
14081,6,5,2,7,1,5,9,2,3,2,9
14082,0,4,7,0,2,7,4,4,6,8,0
14083,4,5,8,9,3,4,3,0,8,7,3
14084,6,5,2,7,1,5,9,2,3,2,9
14085,7,1,0,3,4,6,1,5,7,3,4
14086,5,8,3,1,6,0,7,1,4,4,7
14087,7,1,0,3,4,6,1,5,7,3,4
14088,8,2,5,5,9,9,8,4,6,9,2
14089,3,6,1,8,5,3,2,6,0,1,1
14090,7,1,0,3,4,6,1,5,7,3,4
14091,6,5,2,7,1,5,9,2,3,2,9
14092,3,6,1,8,5,3,2,6,0,1,1
14093,7,1,0,3,4,6,1,5,7,3,4
14094,0,4,5,0,2,9,4,9,5,8,0
14095,5,8,3,1,6,0,7,1,4,4,7
14096,2,3,4,6,8,2,6,8,9,5,6
14097,3,6,1,8,5,3,2,6,0,1,1
14098,1,7,6,2,0,8,0,9,5,6,5
14099,7,1,0,3,4,6,1,5,7,3,4
14100,4,5,8,9,3,4,3,0,8,7,3
14101,5,5,8,1,6,4,7,0,8,4,7
14102,3,6,1,8,5,3,2,6,0,1,1
14103,5,8,3,1,6,0,7,1,4,4,7
14104,9,9,9,2,7,1,5,7,2,0,5
14105,5,8,3,1,6,0,7,1,4,4,7
14106,7,1,0,3,4,6,1,5,7,3,4
14107,7,1,0,3,4,6,1,5,7,3,4
14108,6,3,2,7,1,5,9,8,3,2,9
14109,5,8,8,1,6,4,7,0,8,4,7
14110,3,6,1,8,5,3,2,6,0,1,1
14111,0,4,3,0,2,0,4,1,4,8,2
14112,6,5,2,7,1,5,9,2,3,2,9
14113,4,5,8,9,3,4,3,0,8,7,3
14114,8,2,5,5,9,9,8,4,6,9,8
14115,7,1,0,3,4,6,1,5,7,3,4
14116,5,8,3,1,6,0,7,1,4,4,7
14117,5,8,3,1,6,0,7,1,4,4,7
14118,6,5,2,7,1,5,9,2,3,2,9
14119,1,7,6,2,0,8,0,9,5,6,5
14120,2,3,4,6,8,2,6,8,9,5,6
14121,5,5,8,9,3,4,7,0,8,7,7
14122,4,5,7,9,3,7,3,3,8,7,8
14123,1,7,6,2,0,8,0,9,5,6,5
14124,6,5,2,7,1,5,9,3,3,2,9
14125,5,5,8,9,3,4,7,0,8,7,7
14126,1,7,6,2,0,8,0,9,5,6,5
14127,5,8,3,1,6,0,7,1,4,4,7
14128,1,7,6,2,0,8,0,9,5,6,5
14129,5,8,8,1,6,4,7,0,8,4,7
14130,6,5,2,7,1,5,9,2,3,2,9
14131,3,6,1,8,5,3,2,6,0,1,1
14132,6,5,2,7,1,5,9,2,3,2,9
14133,1,7,6,2,0,8,0,9,5,6,5
14134,8,2,7,5,9,7,8,4,6,9,8
14135,7,1,0,3,4,6,1,5,7,3,4
14136,4,5,8,9,3,4,3,3,8,7,3
14137,3,6,1,8,5,3,2,6,0,1,1
14138,0,4,5,0,2,9,4,1,4,8,2
14139,5,8,8,9,6,4,7,0,8,4,7
14140,2,3,4,6,8,2,6,8,9,5,6
14141,5,8,3,1,6,0,7,1,4,4,2
14142,0,4,3,0,2,0,4,1,4,8,0
14143,2,3,4,6,8,2,6,8,9,5,6
14144,3,1,1,3,5,3,2,5,7,1,1
14145,5,8,3,1,6,0,7,1,4,4,7
14146,5,8,3,1,6,0,7,1,4,4,0
14147,5,8,3,1,6,0,7,0,8,4,7
14148,3,6,1,8,5,3,2,6,0,1,1
14149,1,7,6,2,0,8,0,9,5,6,5
14150,8,2,7,5,9,7,8,3,6,9,8
14151,5,8,3,1,6,0,7,1,4,4,7
14152,9,9,9,2,7,1,5,7,2,0,5
14153,3,6,1,8,5,3,2,0,8,1,1
14154,9,9,9,2,7,1,5,7,2,0,5
14155,5,5,8,9,3,4,7,0,8,7,7
14156,5,8,3,1,6,0,7,1,4,4,0
14157,3,6,1,8,5,3,2,6,0,1,1
14158,3,0,1,4,5,3,2,6,1,1,1
14159,4,5,8,9,3,4,3,0,8,7,7
14160,3,6,1,8,5,3,2,6,0,1,1
14161,3,6,1,8,5,3,2,6,0,1,1
14162,1,7,6,2,0,8,0,9,5,6,5
14163,6,5,2,7,1,5,9,2,3,2,9
14164,6,5,2,7,1,5,9,2,3,2,7
14165,3,6,1,8,5,3,2,6,0,1,1
14166,7,1,0,3,4,6,1,5,7,3,4
14167,4,5,8,9,3,4,3,0,8,7,3
14168,2,3,4,6,8,2,6,8,9,5,0
14169,1,7,6,2,0,8,0,9,5,6,5
14170,7,1,0,3,4,6,1,5,7,3,4
14171,2,3,4,6,8,2,6,8,9,5,6
14172,4,5,8,9,3,4,3,0,8,7,3
14173,2,3,4,6,8,2,6,8,9,5,6
14174,5,5,4,1,6,2,7,3,7,4,7
14175,5,8,3,1,6,0,7,1,4,4,7
14176,5,8,3,1,6,0,7,1,4,4,7
14177,7,1,0,3,4,6,1,5,7,3,4
14178,4,5,8,9,3,4,3,0,8,7,3
14179,3,0,1,4,5,3,2,6,1,1,1
14180,0,4,4,0,2,2,4,8,9,8,0
14181,1,7,6,2,0,8,0,9,5,6,5
14182,0,4,7,0,2,7,4,4,6,8,0
14183,2,3,4,6,8,2,6,8,9,5,6
14184,7,1,0,3,4,6,1,5,7,3,4
14185,5,8,3,1,6,0,7,1,4,4,7
14186,6,5,2,7,1,5,9,2,3,2,7
14187,5,8,3,1,6,0,7,1,4,4,7
14188,5,8,3,1,6,0,7,1,4,4,7
14189,5,8,3,1,6,0,7,1,4,4,0
14190,4,5,8,9,3,4,3,0,8,7,3
14191,7,8,3,1,4,0,1,1,4,3,7
14192,7,1,0,3,4,6,1,5,7,3,4
14193,5,8,3,1,6,0,7,1,4,4,7
14194,5,8,3,1,6,0,7,1,4,4,0
14195,2,3,4,6,8,2,6,8,9,5,6
14196,9,9,9,2,7,1,5,7,2,0,5
14197,0,4,5,0,2,9,4,1,4,8,2
14198,8,2,7,5,9,7,8,4,6,9,8
14199,2,1,4,6,8,2,6,5,9,5,6
14200,2,3,4,6,8,2,6,8,9,5,6
14201,0,8,3,0,2,0,4,1,4,8,0
14202,2,3,4,6,8,2,6,3,9,5,6
14203,7,3,0,6,4,6,1,8,9,3,4
14204,2,3,7,6,8,7,6,8,9,5,0
14205,7,8,3,1,6,0,7,1,4,4,4
14206,8,2,7,5,9,7,8,4,6,9,8
14207,5,8,3,1,6,0,7,1,4,4,7
14208,0,4,3,0,2,0,4,1,4,8,0
14209,2,3,4,6,8,2,6,8,9,5,6
14210,2,3,4,6,8,2,6,8,9,5,6
14211,5,8,3,1,6,0,7,8,4,4,7
14212,1,7,6,2,0,8,0,9,5,6,5
14213,2,3,4,6,8,2,6,8,9,5,6
14214,2,3,4,6,8,2,6,8,9,5,6
14215,6,5,2,7,1,5,9,2,3,2,9
14216,8,2,7,5,9,7,8,4,6,9,8
14217,5,8,3,1,6,0,7,1,4,4,7
14218,7,1,0,3,4,6,1,5,7,3,4
14219,0,4,5,0,2,9,4,1,4,8,2
14220,5,8,3,1,6,0,7,1,4,4,7
14221,1,7,6,2,0,8,0,9,5,6,5
14222,0,4,7,0,2,7,4,4,6,8,0
14223,7,1,0,3,4,6,1,5,7,3,4
14224,1,7,6,2,0,8,0,9,5,6,5
14225,7,1,0,3,4,6,1,5,7,3,4
14226,7,3,0,6,4,6,1,8,9,3,4
14227,1,7,6,2,0,8,0,9,5,6,5
14228,1,7,6,2,0,8,0,9,5,6,5
14229,3,6,1,8,5,3,2,6,0,1,1
14230,9,9,9,2,7,1,5,5,2,0,5
14231,0,8,3,1,6,0,7,1,4,4,2
14232,4,5,8,9,3,4,3,0,8,7,3
14233,2,3,4,6,8,2,6,8,9,5,6
14234,1,7,6,2,0,8,0,9,5,6,5
14235,5,8,3,1,6,0,7,1,4,4,7
14236,7,1,0,3,4,6,1,5,7,3,4
14237,5,5,8,9,3,4,7,0,8,7,7
14238,9,9,9,2,7,1,5,7,2,0,5
14239,5,8,3,1,6,0,7,1,4,4,7
14240,5,8,3,1,6,0,7,1,4,4,0
14241,0,8,3,1,2,0,4,1,4,4,0
14242,9,9,9,2,7,1,5,7,2,0,5
14243,0,4,3,0,2,0,4,1,4,8,2
14244,6,5,2,7,1,5,9,2,3,2,9
14245,0,4,3,0,2,0,4,1,4,8,0
14246,0,4,6,0,2,8,4,9,5,8,2
14247,5,8,3,1,6,0,7,1,4,4,7
14248,5,8,3,1,6,0,7,1,4,4,7
14249,5,8,3,1,6,0,7,1,4,4,7
14250,8,2,7,5,9,7,8,4,6,9,8
14251,2,3,4,6,8,2,6,8,9,5,6
14252,1,7,6,2,0,8,0,9,5,6,5
14253,2,3,4,6,8,2,6,8,9,5,6
14254,1,7,6,2,0,8,0,9,5,6,5
14255,7,1,0,3,4,6,1,5,7,3,4
14256,4,5,8,9,3,4,3,0,8,7,7
14257,0,4,3,0,2,0,4,1,4,8,0
14258,4,5,8,9,3,4,3,0,8,7,3
14259,5,8,3,1,6,0,7,1,4,4,7
14260,5,8,2,1,6,5,7,2,3,4,7
14261,7,1,0,3,4,6,1,5,7,3,4
14262,7,1,0,3,4,6,1,5,7,3,4
14263,7,1,0,3,4,6,1,5,7,3,4
14264,6,5,2,7,1,5,9,2,3,2,9
14265,5,5,8,1,6,4,7,0,8,4,7
14266,5,8,3,1,6,0,7,1,4,4,7
14267,4,5,8,9,3,4,3,0,8,7,3
14268,1,7,6,2,0,8,0,9,5,6,5
14269,3,0,1,4,5,3,2,6,1,1,1
14270,2,3,4,6,8,2,6,8,9,5,6
14271,9,9,9,2,7,1,5,7,2,0,5
14272,0,4,3,0,2,0,4,1,4,8,0
14273,1,7,6,2,0,8,0,9,5,6,5
14274,5,8,3,1,6,0,7,1,4,4,7
14275,2,3,4,6,8,2,6,3,9,5,6
14276,7,6,0,8,4,6,1,6,0,3,4
14277,8,2,5,5,9,9,8,4,6,9,8
14278,3,0,1,4,5,3,2,6,1,1,1
14279,2,3,4,6,8,2,6,8,9,5,6
14280,5,8,3,1,6,0,7,1,4,4,7
14281,0,4,7,0,2,7,4,4,6,8,0
14282,3,6,1,8,5,3,2,6,0,1,1
14283,7,1,0,3,4,6,1,5,7,3,4
14284,0,4,5,0,2,9,4,1,4,8,2
14285,8,2,7,5,9,7,8,3,6,9,8
14286,0,4,3,0,2,0,4,1,4,8,0
14287,8,2,5,5,9,9,8,4,6,9,8
14288,8,2,2,5,9,5,8,2,3,9,8
14289,8,2,5,5,9,9,8,4,6,9,2
14290,4,5,8,9,3,4,3,0,8,7,3
14291,3,0,1,4,5,3,2,6,1,1,1
14292,4,5,8,9,3,4,3,0,8,7,3
14293,9,9,9,2,7,1,5,7,2,0,5
14294,8,2,7,5,9,7,8,4,2,9,8
14295,5,8,3,1,6,0,7,1,4,4,7
14296,0,4,7,0,2,7,4,1,4,8,0
14297,7,1,0,3,4,6,1,5,7,3,4
14298,9,9,9,2,7,1,5,7,2,0,5
14299,8,2,9,5,9,1,8,4,2,9,8
14300,5,5,8,1,6,4,7,0,8,4,7
14301,2,3,4,6,8,2,6,8,9,5,6
14302,7,1,0,3,4,6,1,5,7,3,4
14303,2,3,4,6,8,2,6,8,9,5,6
14304,2,3,4,6,8,2,6,8,9,5,6
14305,8,2,7,5,9,7,8,4,6,9,8
14306,5,8,3,1,6,0,7,1,4,4,7
14307,8,2,5,5,9,9,8,8,6,9,8
14308,4,5,8,9,3,4,3,0,8,7,3
14309,9,9,9,2,7,1,5,7,2,0,5
14310,1,7,6,2,0,8,0,9,5,6,5
14311,3,0,1,4,5,3,2,6,1,1,1
14312,1,7,6,2,0,8,0,9,5,6,5
14313,8,2,5,5,9,9,8,4,6,9,8
14314,1,7,6,2,0,8,0,9,5,6,5
14315,4,5,8,9,3,4,3,0,8,7,3
14316,7,1,0,3,4,6,1,8,9,3,4
14317,8,2,5,5,9,9,8,4,6,9,8
14318,2,3,4,6,8,2,6,8,9,5,6
14319,3,6,1,8,5,3,2,6,0,1,1
14320,7,1,0,3,4,6,1,5,7,3,4
14321,9,9,9,2,7,1,5,7,2,0,5
14322,7,1,0,3,4,6,1,5,7,3,4
14323,3,6,1,4,5,3,2,6,1,1,1
14324,5,8,3,1,6,0,7,1,4,4,7
14325,3,0,1,4,5,3,2,6,1,1,1
14326,5,8,3,1,6,0,7,1,4,4,7
14327,9,9,9,2,7,1,5,7,2,0,5
14328,4,5,8,9,3,4,3,0,8,7,3
14329,4,5,8,9,3,4,3,0,8,7,3
14330,4,5,8,9,3,4,3,3,8,7,3
14331,8,2,5,5,9,9,8,4,6,9,8
14332,5,8,3,1,6,0,7,1,4,4,7
14333,2,3,4,6,1,5,6,8,9,2,6
14334,3,6,1,8,5,3,2,6,0,1,1
14335,5,8,8,1,6,4,7,0,8,4,7
14336,8,2,7,5,9,7,8,4,6,9,8
14337,9,9,9,7,7,1,5,7,2,0,9
14338,2,3,4,6,8,2,6,8,9,5,6
14339,4,5,8,9,3,4,3,0,8,7,3
14340,7,0,0,4,4,6,1,3,1,3,4
14341,8,2,5,5,9,9,8,4,6,9,8
14342,7,1,5,3,4,9,1,5,7,3,2
14343,6,5,2,7,1,5,9,2,3,2,9
14344,4,5,8,9,3,4,3,0,8,7,3
14345,9,9,9,2,7,1,5,7,2,0,5
14346,9,9,9,2,7,1,5,7,2,0,5
14347,4,5,8,9,3,4,3,3,8,7,3
14348,0,4,5,0,2,9,4,4,6,8,2
14349,5,5,2,1,6,5,7,0,3,4,7
14350,7,1,6,3,4,8,1,5,7,3,4
14351,8,2,7,5,9,7,8,4,6,9,8
14352,7,1,0,3,4,6,1,5,7,3,4
14353,9,9,9,2,7,1,5,7,2,0,5
14354,1,7,6,2,0,8,0,9,5,6,5
14355,6,5,2,7,1,5,9,3,3,2,9
14356,3,6,1,8,5,3,2,6,0,1,1
14357,6,0,2,4,1,5,9,3,1,2,9
14358,5,8,3,1,6,0,7,1,4,4,7
14359,9,9,9,2,7,1,5,7,2,0,5
14360,0,4,5,0,2,9,4,1,4,8,2
14361,6,3,2,7,1,5,9,2,3,2,9
14362,2,3,4,6,8,2,6,8,9,5,6
14363,6,5,2,7,1,5,9,2,3,2,9
14364,8,2,7,5,9,7,8,4,6,9,8
14365,8,2,5,5,9,9,8,4,6,9,8
14366,9,9,9,2,7,1,5,7,2,0,5
14367,6,5,2,7,1,5,9,2,3,2,9
14368,2,0,4,3,8,2,6,5,7,5,6
14369,5,8,3,1,6,0,7,1,4,4,7
14370,7,1,3,3,4,0,1,1,4,3,4
14371,9,9,9,2,7,1,5,7,2,0,5
14372,1,7,6,2,0,8,0,9,5,6,5
14373,5,8,2,1,6,5,7,2,3,4,7
14374,1,7,6,2,0,8,0,9,5,6,5
14375,9,9,9,2,7,1,5,7,2,0,5
14376,5,8,0,1,6,6,7,5,7,4,7
14377,4,5,8,9,3,4,3,3,8,7,3
14378,6,5,2,7,1,5,9,2,3,2,9
14379,8,2,5,5,9,9,8,4,6,9,8
14380,7,1,0,3,4,6,1,5,7,3,4
14381,5,8,3,1,6,0,7,1,4,4,7
14382,7,1,0,3,4,6,1,5,7,3,4
14383,2,3,4,6,8,2,6,8,9,5,6
14384,2,3,4,6,8,2,6,8,9,5,6
14385,8,2,7,5,9,7,8,4,6,9,8
14386,8,2,9,5,9,1,8,7,2,9,8
14387,8,2,5,5,9,9,8,4,6,9,8
14388,6,3,2,6,1,5,9,8,9,2,9
14389,9,9,9,2,7,1,5,7,2,0,5
14390,5,8,3,1,6,0,7,1,4,4,7
14391,8,2,5,5,9,9,8,4,6,9,8
14392,6,5,2,7,1,5,9,2,3,2,9
14393,7,1,0,3,4,6,1,5,7,3,4
14394,7,1,0,3,4,6,1,5,7,3,4
14395,8,2,5,5,9,9,8,2,3,9,9
14396,1,7,6,2,0,8,0,9,5,6,5
14397,8,2,7,5,9,7,8,3,9,9,8
14398,0,4,3,0,2,0,4,1,4,8,2
14399,4,5,8,9,3,4,3,3,8,7,3
14400,4,5,8,9,3,4,3,0,8,7,3
14401,2,3,4,3,8,2,6,5,7,5,6
14402,3,0,1,4,5,3,2,6,1,1,1
14403,6,3,2,7,1,5,9,2,3,2,9
14404,7,1,0,3,4,6,1,5,7,3,4
14405,4,0,8,4,3,4,3,3,1,7,3
14406,5,8,3,1,6,0,7,1,4,4,7
14407,0,4,3,0,2,0,4,1,4,8,0
14408,1,7,6,2,0,8,0,9,5,6,5
14409,0,4,5,0,2,9,4,4,6,8,0
14410,7,1,0,3,4,6,1,5,7,3,4
14411,8,2,7,5,9,7,8,4,6,9,8
14412,3,0,1,4,5,3,2,6,1,1,1
14413,9,2,7,5,9,7,8,7,2,9,8
14414,1,7,6,2,0,8,0,9,5,6,5
14415,8,2,7,5,9,7,8,4,6,9,8
14416,4,5,8,9,3,4,3,0,8,7,7
14417,9,9,9,2,7,1,5,7,2,0,5
14418,5,6,2,8,6,5,7,2,0,4,7
14419,3,0,1,4,5,3,2,6,1,1,1
14420,6,1,2,3,1,5,9,3,7,2,9
14421,4,5,8,9,3,4,3,0,8,7,3
14422,6,5,2,7,1,5,9,2,3,2,9
14423,4,5,8,9,3,4,3,0,8,7,3
14424,0,4,3,0,2,0,4,1,4,8,0
14425,3,6,1,8,5,3,2,6,0,1,1
14426,0,4,7,0,2,7,4,9,5,8,0
14427,1,7,6,2,0,8,0,9,5,6,5
14428,7,1,0,3,4,6,1,5,7,3,4
14429,6,5,2,7,1,5,9,2,3,2,9
14430,3,6,1,8,5,3,2,6,0,1,1
14431,7,1,0,3,4,6,1,5,7,3,4
14432,0,4,3,0,2,0,4,1,4,8,0
14433,5,8,3,1,6,0,7,1,4,4,7
14434,0,4,3,0,2,0,4,1,4,8,0
14435,7,1,0,3,4,6,1,5,7,3,4
14436,5,8,3,1,6,0,7,1,4,4,7
14437,4,5,8,9,3,4,3,0,8,7,7
14438,7,1,0,3,4,6,1,9,5,3,0
14439,0,4,5,0,2,9,4,1,4,8,2
14440,1,7,6,0,0,8,0,9,5,6,0
14441,2,3,4,6,8,2,6,8,9,5,6
14442,0,4,7,0,2,7,4,1,4,8,0
14443,0,4,7,0,2,7,4,4,6,8,0
14444,7,1,0,3,4,6,1,5,7,3,4
14445,3,6,1,8,5,3,2,6,0,1,1
14446,1,7,6,2,0,8,0,9,5,6,5
14447,7,1,0,3,4,6,1,5,7,3,4
14448,0,4,6,0,2,8,4,9,5,8,2
14449,0,4,3,0,2,0,4,1,4,8,0
14450,7,1,0,3,4,6,1,5,7,3,4
14451,2,3,4,6,8,2,6,3,9,5,6
14452,7,1,0,3,4,6,1,5,7,3,4
14453,4,5,8,9,3,4,3,3,8,7,3
14454,7,1,0,3,4,6,1,8,7,3,4
14455,8,2,5,5,9,9,8,4,6,9,8
14456,7,1,0,3,4,6,1,5,7,3,4
14457,2,3,4,6,8,2,6,8,9,5,6
14458,1,5,8,9,0,8,0,9,8,6,3
14459,8,2,7,5,9,7,8,4,6,9,8
14460,0,4,3,0,2,0,4,1,4,8,2
14461,3,6,1,8,5,3,2,6,0,1,1
14462,1,7,6,2,0,8,0,9,5,6,5
14463,9,9,9,2,7,1,5,7,2,0,5
14464,1,7,6,2,0,8,0,9,5,6,5
14465,6,5,2,7,1,5,9,2,3,2,9
14466,1,7,6,2,0,8,0,9,5,6,5
14467,7,1,0,3,4,6,1,5,7,3,4
14468,6,5,2,7,1,5,9,2,3,2,9
14469,0,4,7,0,2,7,4,4,6,8,0
14470,5,8,3,1,6,0,7,1,4,4,7
14471,2,3,4,6,8,2,6,3,9,5,6
14472,3,6,1,8,5,3,2,6,0,1,1
14473,4,5,8,9,3,4,3,3,8,7,3
14474,2,3,4,6,8,2,6,8,9,5,6
14475,8,2,5,5,9,9,8,4,6,9,8
14476,7,1,0,3,4,6,1,5,7,3,4
14477,2,3,4,6,8,2,6,8,9,5,6
14478,9,9,9,2,7,1,5,7,2,0,5
14479,8,2,7,5,9,7,8,4,6,9,8
14480,7,1,0,3,4,6,1,5,7,3,4
14481,3,6,1,8,5,3,2,6,0,1,1
14482,5,8,3,1,6,0,7,1,4,4,7
14483,2,3,4,6,8,2,6,5,9,5,6
14484,2,3,4,6,8,2,6,8,9,5,6
14485,7,1,0,3,4,6,1,5,7,3,4
14486,0,4,3,0,2,0,4,1,4,8,0
14487,4,5,8,9,3,4,3,3,8,7,3
14488,7,1,0,3,4,6,1,5,7,3,4
14489,2,3,4,6,8,2,6,8,9,5,6
14490,6,3,2,7,1,6,9,8,3,2,9
14491,3,6,1,8,5,3,2,6,0,1,1
14492,9,5,9,2,7,1,5,3,2,0,5
14493,8,4,7,0,2,7,4,4,6,8,2
14494,2,3,4,6,8,2,6,8,9,5,6
14495,2,3,4,6,8,2,6,8,9,5,6
14496,5,8,3,1,6,0,7,1,4,4,7
14497,8,2,7,5,9,7,8,4,6,9,8
14498,1,7,6,2,0,8,0,9,5,6,5
14499,2,3,4,6,8,2,6,8,9,5,6
14500,9,9,9,2,7,1,5,7,2,0,5
14501,0,4,7,0,2,7,4,4,6,8,0
14502,5,8,3,1,6,0,7,1,4,4,7
14503,9,9,9,2,7,1,5,7,2,0,5
14504,0,4,7,0,2,7,4,9,9,8,0
14505,8,4,5,0,9,9,8,4,6,9,2
14506,9,9,9,7,7,1,5,7,2,0,9
14507,2,3,4,6,8,2,6,3,9,5,6
14508,5,8,5,1,6,9,7,1,4,4,7
14509,9,9,9,2,7,1,5,7,2,0,5
14510,6,3,2,7,1,5,9,2,3,2,9
14511,3,6,1,8,5,3,2,6,0,1,1
14512,7,1,0,3,4,6,1,5,7,3,4
14513,3,6,1,8,5,3,2,6,0,1,1
14514,7,1,0,3,4,6,1,5,7,3,4
14515,6,9,2,7,1,5,9,2,3,2,9
14516,9,9,9,2,7,1,5,7,2,0,5
14517,6,5,2,7,1,5,9,2,3,2,9
14518,7,1,0,3,4,6,1,5,7,3,1
14519,0,4,5,0,2,9,4,4,6,8,2
14520,5,8,3,1,6,0,7,1,4,4,7
14521,1,7,9,2,0,1,0,7,2,6,5
14522,5,8,3,1,6,0,7,1,4,4,7
14523,6,9,2,7,1,5,9,2,3,2,9
14524,1,7,6,2,0,8,0,9,5,6,5
14525,4,5,8,9,3,4,3,0,8,7,3
14526,4,5,8,9,3,4,3,0,8,7,3
14527,7,1,0,3,4,6,1,5,7,3,4
14528,5,8,3,1,6,0,7,1,4,4,7
14529,7,1,0,3,4,6,1,5,7,3,4
14530,2,0,4,6,8,2,6,3,9,5,6
14531,1,7,6,2,0,8,0,9,5,6,5
14532,0,4,3,0,2,0,4,1,4,8,2
14533,7,1,0,3,4,6,1,8,7,3,4
14534,7,1,0,3,4,6,1,5,7,3,4
14535,9,9,4,2,7,2,5,3,7,0,5
14536,9,9,9,7,7,1,5,7,2,0,8
14537,5,8,7,1,6,7,7,4,6,4,7
14538,5,8,3,1,6,0,7,1,4,4,7
14539,0,4,7,0,2,7,4,1,4,8,0
14540,9,9,9,2,7,1,5,7,2,0,5
14541,9,9,9,2,7,1,5,7,2,0,5
14542,0,8,3,1,2,0,4,1,4,4,0
14543,2,3,4,6,8,2,6,8,9,5,6
14544,7,1,0,3,4,6,1,5,7,3,4
14545,3,6,1,8,5,3,2,6,0,1,1
14546,5,8,3,1,6,0,7,0,8,4,7
14547,0,4,7,0,2,7,4,4,6,8,0
14548,1,7,6,2,0,8,0,9,5,6,5
14549,2,1,4,3,8,2,6,5,7,5,6
14550,5,5,3,1,6,0,7,1,4,4,7
14551,9,9,9,2,7,1,5,7,2,0,5
14552,7,1,0,3,4,6,1,5,7,3,4
14553,2,3,4,6,8,2,6,8,9,5,5
14554,5,8,3,1,6,0,7,1,4,4,0
14555,6,9,2,7,1,5,9,2,3,2,9
14556,0,4,5,0,2,9,4,4,6,8,2
14557,3,0,1,4,5,3,2,6,1,1,1
14558,0,8,3,0,2,0,4,1,4,8,0
14559,3,6,1,8,5,3,2,6,0,1,1
14560,1,7,6,2,0,8,0,9,5,6,5
14561,9,9,9,2,7,1,5,7,2,0,5
14562,7,1,0,3,4,6,1,5,7,3,4
14563,8,2,5,5,9,9,8,4,6,9,2
14564,2,0,4,4,8,2,6,5,1,5,6
14565,5,5,8,9,3,4,3,0,8,7,7
14566,7,1,0,3,4,6,1,5,7,3,4
14567,7,1,0,3,4,6,1,5,7,3,4
14568,0,4,7,0,2,7,4,1,4,8,0
14569,9,9,2,2,7,5,5,2,2,0,5
14570,4,5,8,9,3,4,3,0,8,7,3
14571,9,9,9,2,7,1,5,7,2,0,5
14572,5,8,3,1,6,0,7,1,4,4,0
14573,9,9,9,2,7,1,5,7,2,0,5
14574,3,0,1,4,5,3,2,6,1,1,1
14575,9,9,9,2,7,1,5,7,2,0,5
14576,4,5,8,9,3,4,3,0,8,7,3
14577,7,1,0,3,4,6,1,5,7,3,4
14578,5,8,3,1,6,0,7,1,4,4,7
14579,5,8,3,1,6,0,7,1,4,4,0
14580,7,1,0,3,4,6,1,5,7,3,4
14581,0,4,7,0,2,7,4,1,4,8,2
14582,5,8,3,1,6,0,7,1,4,4,7
14583,4,5,8,9,3,4,3,3,8,7,3
14584,9,9,9,2,7,1,5,7,2,0,5
14585,9,9,9,2,7,1,5,7,2,0,5
14586,9,9,9,2,7,1,5,7,2,0,5
14587,8,2,7,5,9,7,8,4,6,9,7
14588,7,1,0,3,4,6,1,5,7,3,4
14589,3,6,1,8,5,3,2,6,0,1,1
14590,8,2,5,5,9,9,8,4,6,9,2
14591,2,3,4,6,8,2,6,8,9,5,6
14592,5,8,3,1,6,0,7,1,4,4,7
14593,4,5,8,9,3,4,3,0,8,7,3
14594,5,8,3,1,6,0,7,1,4,4,7
14595,9,9,9,2,7,1,5,7,2,0,5
14596,6,5,2,7,1,5,9,2,3,2,9
14597,9,9,9,5,7,1,5,7,2,0,8
14598,0,4,3,0,2,0,4,1,4,8,2
14599,2,1,4,3,8,2,6,5,7,5,6
14600,5,8,3,1,6,0,7,1,4,4,2
14601,8,2,5,5,9,9,8,4,6,9,8
14602,8,2,7,2,9,7,8,4,6,9,0
14603,6,5,2,7,1,5,9,2,3,2,9
14604,2,3,4,6,8,2,6,3,9,5,6
14605,8,2,5,5,9,9,8,4,6,9,8
14606,9,9,9,2,7,1,5,7,2,0,5
14607,8,2,7,5,9,7,8,4,6,9,8
14608,4,5,8,9,3,4,3,0,8,7,3
14609,2,0,4,4,8,2,6,3,1,5,6
14610,4,5,8,9,3,4,3,0,8,7,3
14611,9,2,7,5,9,7,8,3,2,9,8
14612,1,7,6,2,0,8,0,9,5,6,5
14613,5,6,0,8,6,6,7,6,0,4,7
14614,2,3,4,6,8,2,6,8,9,5,6
14615,1,7,6,2,0,8,0,9,5,6,5
14616,5,8,3,1,6,0,7,1,4,4,0
14617,6,5,2,7,1,5,9,2,3,2,9
14618,4,5,8,9,3,4,3,0,8,7,3
14619,7,1,0,3,4,6,1,5,7,3,4
14620,5,8,3,1,6,0,7,1,4,4,7
14621,0,8,3,1,6,0,7,1,4,4,0
14622,8,2,5,5,9,9,8,4,6,9,2
14623,7,1,0,3,4,6,1,5,7,3,4
14624,7,1,0,3,4,6,1,5,7,3,4
14625,0,8,3,0,2,0,4,1,4,8,0
14626,2,3,4,6,8,2,6,8,9,5,8
14627,5,8,3,1,6,0,7,1,4,4,0
14628,7,1,0,3,4,6,1,5,7,3,4
14629,5,6,1,8,6,3,7,6,0,4,7
14630,2,3,4,6,8,2,6,8,9,5,6
14631,1,7,6,2,0,8,0,9,5,6,5
14632,1,7,6,2,0,8,0,9,5,6,5
14633,5,5,8,1,6,4,7,0,8,4,7
14634,1,7,6,2,0,8,0,9,5,6,5
14635,7,1,0,3,4,6,1,5,7,3,4
14636,1,7,6,2,0,8,0,9,5,6,5
14637,5,8,3,1,6,0,7,1,4,4,0
14638,5,8,3,1,6,0,7,8,4,4,0
14639,7,1,0,3,4,6,1,5,7,3,4
14640,2,3,4,6,8,2,6,8,9,5,6
14641,5,8,8,1,6,4,7,0,8,4,7
14642,0,4,3,0,2,0,4,1,4,8,2
14643,5,8,3,1,6,0,7,1,4,4,2
14644,3,6,1,8,5,3,2,6,0,1,1
14645,7,1,0,3,4,6,1,5,7,3,4
14646,7,1,0,3,4,6,1,5,7,3,4
14647,5,8,3,1,6,0,7,1,4,4,7
14648,1,7,6,2,0,8,0,9,5,6,5
14649,5,6,2,8,6,5,7,2,0,4,7
14650,1,7,6,2,0,8,0,9,5,6,5
14651,1,7,6,2,0,8,0,9,5,6,5
14652,0,4,3,0,2,0,4,1,4,8,0
14653,7,5,8,9,4,4,1,0,8,3,4
14654,8,2,7,5,9,7,8,3,2,9,8
14655,7,1,0,3,4,6,1,5,7,3,4
14656,1,7,6,2,0,8,0,9,5,6,5
14657,0,4,3,0,2,0,4,1,4,8,0
14658,4,5,8,9,3,4,3,3,8,7,3
14659,7,1,0,3,4,6,1,5,7,3,4
14660,4,5,8,9,3,4,3,0,8,7,3
14661,5,8,8,1,6,4,7,0,8,4,7
14662,0,4,3,0,2,0,4,1,4,8,0
14663,5,8,3,1,6,0,7,1,4,4,2
14664,7,1,0,3,4,6,1,5,7,3,4
14665,7,1,0,3,4,6,1,5,7,3,4
14666,4,5,8,9,3,4,3,0,8,7,3
14667,0,8,3,0,2,0,4,1,4,4,0
14668,2,3,4,6,8,2,6,8,9,5,6
14669,7,1,0,3,4,6,1,5,7,3,4
14670,7,1,0,3,4,6,1,5,7,3,4
14671,5,5,8,9,3,4,7,0,8,7,7
14672,4,1,4,9,3,2,3,5,9,7,3
14673,7,1,0,3,4,6,1,5,7,3,4
14674,7,1,0,3,4,6,1,5,7,3,4
14675,3,6,1,8,5,3,2,6,0,1,1
14676,1,7,6,2,0,8,0,3,5,6,5
14677,5,5,8,9,3,4,7,0,8,7,7
14678,1,7,6,2,0,8,0,9,5,6,5
14679,0,8,3,0,2,0,4,1,4,8,0
14680,0,4,7,0,2,7,4,1,4,8,0
14681,5,8,3,1,6,0,7,1,4,4,0
14682,1,7,6,2,0,8,0,9,5,6,5
14683,5,8,3,1,6,0,7,1,4,4,7
14684,8,2,5,5,9,9,8,4,6,9,2
14685,1,7,6,2,0,8,0,9,5,6,5
14686,0,4,3,0,2,0,4,1,4,8,0
14687,5,8,3,1,6,0,7,1,4,4,0
14688,2,3,4,6,8,2,6,8,9,5,6
14689,7,1,0,3,4,6,1,5,7,3,4
14690,5,8,3,1,6,0,7,1,4,4,7
14691,7,1,0,3,4,6,1,5,7,3,4
14692,7,1,0,3,4,6,1,5,7,3,4
14693,3,6,1,8,5,3,2,6,0,1,1
14694,1,5,6,2,0,8,0,9,5,6,5
14695,0,4,3,0,2,0,4,1,4,8,0
14696,5,8,3,1,6,0,7,1,4,4,7
14697,0,4,3,0,2,0,4,1,4,8,0
14698,1,7,6,2,0,8,0,9,5,6,5
14699,7,8,3,1,6,0,7,1,4,4,4
14700,0,4,7,0,2,7,4,1,4,8,0
14701,1,7,6,2,0,8,0,9,5,6,5
14702,6,5,2,7,1,5,9,2,3,2,9
14703,5,8,3,1,6,0,7,1,4,4,0
14704,7,1,0,3,4,6,1,5,7,3,4
14705,3,6,1,8,5,3,2,6,0,1,7
14706,7,1,0,3,4,6,1,5,7,3,4
14707,7,1,0,3,4,6,1,5,7,3,4
14708,4,5,8,9,3,4,3,0,8,7,3
14709,7,1,0,3,4,6,1,5,7,3,4
14710,0,4,5,0,2,9,4,1,4,8,2
14711,6,5,2,7,1,5,9,2,3,2,9
14712,2,3,4,6,8,2,6,8,9,5,6
14713,7,1,0,3,4,6,1,5,7,3,4
14714,7,1,0,3,4,6,1,5,7,3,4
14715,5,5,2,1,1,5,7,2,3,2,7
14716,5,8,3,1,6,0,7,1,4,4,7
14717,3,6,1,8,5,3,2,6,0,1,1
14718,8,2,5,5,9,9,8,4,6,9,2
14719,5,8,3,1,6,0,7,1,4,4,2
14720,5,8,3,1,6,0,7,1,4,4,7
14721,4,5,8,9,3,4,3,0,8,7,3
14722,3,0,1,4,5,3,2,6,1,1,1
14723,3,6,1,8,5,3,2,6,0,1,7
14724,1,7,6,2,0,8,0,9,5,6,5
14725,1,7,6,2,0,8,0,9,5,6,5
14726,1,7,6,0,0,8,0,9,5,6,0
14727,5,8,3,1,6,0,7,1,4,4,2
14728,2,0,4,4,8,2,6,3,1,5,6
14729,3,6,1,8,5,3,2,6,0,1,1
14730,7,1,0,3,4,6,1,8,7,3,4
14731,5,8,3,1,6,0,7,0,4,4,7
14732,4,5,8,9,3,4,3,3,8,7,3
14733,0,4,3,0,2,0,4,1,4,8,0
14734,1,7,6,2,0,8,0,9,5,6,5
14735,5,8,3,1,6,0,7,1,4,4,0
14736,2,3,4,6,8,2,6,8,9,5,6
14737,7,1,0,3,4,6,1,5,7,3,4
14738,7,1,0,3,4,6,1,5,7,3,4
14739,5,8,3,1,6,0,7,1,4,4,0
14740,4,5,8,9,3,4,3,0,8,7,3
14741,5,8,3,1,6,0,7,1,4,4,2
14742,2,7,4,2,8,2,6,3,5,5,5
14743,0,8,3,1,6,0,4,1,4,4,0
14744,8,2,7,5,9,7,8,4,6,9,8
14745,1,7,6,2,0,8,0,9,5,6,5
14746,2,3,4,9,8,2,6,3,9,5,6
14747,5,8,3,1,6,0,7,0,8,4,7
14748,8,2,7,5,9,7,8,3,6,9,8
14749,5,6,3,1,6,0,7,0,0,4,7
14750,0,4,5,0,2,9,4,4,6,8,2
14751,7,1,0,3,4,6,1,5,7,3,4
14752,4,6,8,9,3,4,3,0,8,7,3
14753,1,7,6,2,0,8,0,9,5,6,5
14754,2,3,4,6,8,2,6,8,9,5,6
14755,5,8,3,1,6,0,7,1,4,4,7
14756,1,7,6,2,0,8,0,9,5,6,5
14757,5,8,3,1,6,0,7,1,4,4,7
14758,1,7,6,2,0,8,0,9,5,6,5
14759,1,7,6,2,0,8,0,9,5,6,5
14760,3,0,1,4,5,3,2,6,1,1,1
14761,7,1,0,3,4,6,1,5,7,3,4
14762,5,8,3,1,6,0,7,1,4,4,7
14763,6,5,8,9,1,4,9,2,8,2,9
14764,1,7,6,2,0,8,0,9,5,6,5
14765,7,1,0,3,4,6,1,5,7,3,4
14766,2,3,4,6,8,2,6,8,9,5,6
14767,1,7,6,2,0,8,0,9,5,6,5
14768,4,5,8,9,3,4,3,0,8,7,3
14769,5,8,3,1,6,0,7,1,4,4,7
14770,8,4,5,0,9,9,8,4,6,9,2
14771,6,5,8,9,3,4,9,0,8,7,7
14772,2,3,4,6,8,2,6,8,9,5,6
14773,3,6,1,8,5,3,2,6,0,1,1
14774,5,8,3,1,6,0,7,1,4,4,7
14775,3,6,1,8,5,3,2,6,0,1,1
14776,1,7,6,2,0,8,0,9,5,6,5
14777,5,8,3,1,6,0,7,1,4,4,2
14778,5,8,3,1,6,0,7,0,8,4,7
14779,1,7,6,3,0,8,0,9,5,6,4
14780,8,4,7,0,2,7,8,4,6,8,0
14781,5,8,3,1,6,0,7,1,4,4,0
14782,9,9,9,2,7,1,5,9,2,0,5
14783,4,5,8,9,3,4,3,0,8,7,3
14784,4,5,8,9,3,4,3,3,8,7,3
14785,1,7,6,0,0,8,0,9,5,6,0
14786,7,1,0,3,4,6,1,5,7,3,4
14787,0,8,3,1,6,0,7,1,4,4,0
14788,5,8,3,1,6,0,7,1,4,4,7
14789,7,1,0,3,4,6,1,5,7,3,4
14790,5,5,2,8,1,5,7,2,0,2,7
14791,7,1,0,3,4,6,1,5,7,3,4
14792,7,1,0,3,4,6,1,5,7,3,4
14793,5,8,3,1,6,0,7,1,4,4,0
14794,1,7,6,2,0,8,0,9,5,6,5
14795,5,8,3,1,6,0,7,1,4,4,7
14796,1,7,6,0,0,8,0,9,5,6,0
14797,6,5,8,9,3,4,9,0,8,7,9
14798,7,1,0,3,4,6,1,5,7,3,4
14799,7,1,0,3,4,6,1,5,7,3,4
14800,6,5,2,7,1,5,9,2,3,2,9
14801,5,8,8,1,6,4,7,0,8,4,7
14802,0,4,3,0,2,0,4,1,4,8,2
14803,7,1,0,3,4,6,1,5,7,3,4
14804,4,5,8,9,3,4,3,0,8,7,7
14805,5,8,8,1,6,4,7,0,8,4,7
14806,7,1,0,3,4,6,1,5,7,3,4
14807,6,5,2,7,1,5,9,2,3,2,9
14808,2,3,4,6,8,2,6,8,9,5,6
14809,6,5,2,7,1,5,9,2,3,2,9
14810,7,1,0,3,4,6,1,5,7,3,4
14811,0,4,3,0,2,0,4,1,4,8,0
14812,1,7,6,2,0,8,0,9,5,6,5
14813,5,8,3,1,6,0,7,0,8,4,7
14814,8,2,5,5,9,9,8,4,6,9,8
14815,0,8,3,1,6,0,0,1,4,4,0
14816,0,4,7,0,2,7,4,4,6,8,0
14817,5,6,8,8,6,4,7,0,0,4,7
14818,0,8,3,1,6,0,4,1,4,4,0
14819,6,5,2,7,1,5,9,2,3,2,9
14820,3,6,1,8,5,3,2,6,0,1,1
14821,1,7,6,2,0,8,0,9,5,6,5
14822,8,2,5,5,9,9,8,4,6,9,8
14823,7,1,0,3,4,6,1,5,7,3,4
14824,0,4,5,0,2,9,4,4,6,8,2
14825,7,1,0,3,4,6,1,5,7,3,4
14826,7,1,0,3,4,6,1,5,7,3,4
14827,5,8,3,1,6,0,7,1,4,4,7
14828,1,7,6,2,0,8,0,3,5,6,5
14829,0,8,3,0,2,0,4,1,4,8,2
14830,8,2,7,5,9,7,8,4,6,9,8
14831,7,1,0,3,4,6,1,5,7,3,4
14832,8,2,5,5,9,9,8,4,6,9,8
14833,5,8,3,1,6,0,7,1,4,4,7
14834,9,9,9,2,7,1,5,7,2,0,5
14835,6,5,2,7,1,5,9,2,3,2,9
14836,7,1,0,3,4,6,1,5,7,3,4
14837,6,5,2,7,1,5,9,2,3,2,9
14838,6,3,2,7,1,5,9,2,3,2,9
14839,7,1,0,3,4,6,1,5,7,3,4
14840,3,6,1,8,5,3,2,6,0,1,1
14841,5,8,3,1,6,0,7,1,4,4,7
14842,0,8,3,1,6,0,7,1,4,4,0
14843,5,8,3,1,6,0,7,1,4,4,0
14844,5,8,1,1,6,3,7,6,0,4,7
14845,1,7,6,3,0,8,0,9,5,6,4
14846,1,7,6,2,0,8,0,9,5,6,5
14847,6,5,8,9,3,4,9,0,8,7,9
14848,4,5,8,9,3,4,3,3,8,7,3
14849,1,7,6,2,0,8,0,9,5,6,5
14850,0,8,3,1,6,0,4,1,4,4,2
14851,7,1,0,3,4,6,1,5,7,3,4
14852,7,1,0,3,4,6,1,5,7,3,4
14853,1,7,6,2,0,8,0,9,5,6,5
14854,7,1,0,3,4,6,1,5,7,3,4
14855,7,1,0,3,4,6,1,5,7,3,4
14856,7,1,0,3,4,6,1,5,7,3,4
14857,3,0,1,4,5,3,2,6,1,1,1
14858,9,9,9,2,7,1,5,7,2,0,5
14859,9,9,9,2,7,1,5,7,2,0,5
14860,1,7,6,2,0,8,0,9,5,6,5
14861,6,9,2,7,1,5,9,2,3,2,9
14862,7,1,0,3,4,6,1,5,7,3,4
14863,7,1,0,3,4,6,1,5,7,3,4
14864,7,1,0,3,4,6,1,5,7,3,4
14865,5,8,3,1,6,0,7,1,4,4,0
14866,0,4,5,0,2,9,4,4,6,8,2
14867,2,3,4,6,8,2,6,3,9,5,6
14868,5,5,3,1,6,0,7,1,4,4,7
14869,4,5,8,9,3,4,3,3,8,7,3
14870,1,7,6,2,0,8,0,9,5,6,5
14871,8,4,5,0,2,9,4,4,6,8,2
14872,2,3,4,6,8,2,6,8,9,5,6
14873,2,3,4,6,8,2,6,8,9,5,6
14874,1,7,6,2,0,8,0,9,5,6,5
14875,0,4,7,0,2,7,4,4,6,8,0
14876,6,5,2,7,1,5,9,2,3,2,9
14877,3,0,1,4,5,3,2,6,1,1,1
14878,4,8,8,9,3,4,3,0,8,7,3
14879,9,9,9,2,7,1,5,7,2,0,5
14880,7,1,0,3,4,6,1,5,7,3,4
14881,9,9,2,7,7,5,5,2,2,0,9
14882,5,8,3,1,6,0,7,1,4,4,7
14883,7,1,0,3,4,6,1,5,7,3,4
14884,5,8,3,1,6,0,7,1,4,4,7
14885,8,2,7,5,9,7,8,4,6,9,0
14886,0,8,3,1,6,0,7,1,4,4,0
14887,9,2,9,2,7,1,5,3,2,0,8
14888,5,8,3,1,6,0,7,1,4,4,7
14889,4,5,8,9,3,4,3,0,8,7,3
14890,3,6,1,8,5,3,2,6,0,1,1
14891,8,2,5,5,9,9,8,4,6,9,8
14892,9,9,9,2,7,1,5,7,2,0,5
14893,2,3,4,6,8,2,6,3,9,5,8
14894,1,7,6,2,0,8,0,9,5,6,5
14895,8,2,7,5,9,7,8,4,6,9,8
14896,5,8,3,1,6,0,7,1,4,4,7
14897,3,6,1,8,5,3,2,6,0,1,1
14898,0,4,5,0,2,9,4,4,6,8,2
14899,9,9,9,2,7,1,5,7,2,0,5
14900,1,7,6,2,0,8,0,9,5,6,5
14901,8,2,5,5,9,9,8,4,6,9,8
14902,7,1,0,3,4,6,1,5,7,3,4
14903,7,1,0,3,4,6,1,5,7,3,4
14904,1,7,6,2,0,8,0,9,5,6,5
14905,0,4,7,0,2,7,4,1,4,8,0
14906,1,7,6,2,0,8,0,9,5,6,5
14907,2,2,7,5,8,7,6,4,9,5,8
14908,9,9,9,2,7,1,5,9,2,0,5
14909,9,9,9,2,7,1,5,7,2,0,5
14910,4,5,8,9,3,4,3,0,8,7,3
14911,8,2,5,5,9,9,8,4,6,9,8
14912,3,6,1,8,5,3,2,6,0,1,1
14913,2,3,4,6,8,2,6,8,9,5,6
14914,6,5,2,7,1,5,9,2,3,2,9
14915,8,2,5,5,9,9,8,4,6,9,8
14916,7,1,0,3,4,6,1,5,7,3,4
14917,2,2,7,5,8,7,6,3,6,5,8
14918,7,1,0,3,4,6,1,5,7,3,4
14919,3,0,1,4,5,3,2,6,1,1,1
14920,8,2,5,5,9,9,8,4,6,9,2
14921,4,5,8,9,3,4,3,0,8,7,3
14922,5,8,3,1,6,0,7,1,4,4,7
14923,8,3,7,6,9,7,8,8,6,9,0
14924,1,7,6,2,0,8,0,9,5,6,5
14925,0,8,3,0,2,0,4,1,4,8,0
14926,0,4,5,0,2,9,4,4,6,8,2
14927,5,8,3,1,6,0,7,1,4,4,0
14928,0,8,3,1,6,0,4,1,4,4,0
14929,9,9,9,2,7,1,5,7,2,0,5
14930,0,4,5,0,2,9,4,9,5,8,2
14931,0,4,3,0,2,0,4,1,4,8,0
14932,9,9,9,2,7,1,5,9,5,0,5
14933,2,3,4,6,8,2,6,3,9,5,6
14934,0,4,7,0,2,7,4,4,6,8,0
14935,7,1,0,3,4,6,1,5,7,3,4
14936,1,7,6,2,0,8,0,9,5,6,5
14937,3,0,1,4,5,3,2,6,1,1,1
14938,6,5,2,7,1,5,9,2,3,2,9
14939,8,2,7,5,9,7,8,4,6,9,8
14940,9,9,9,2,7,1,5,7,2,0,5
14941,2,3,4,6,8,2,6,8,6,5,6
14942,1,7,6,2,0,8,0,9,5,6,5
14943,0,4,5,0,2,9,4,4,6,8,2
14944,3,6,1,8,5,3,2,6,0,1,1
14945,9,9,9,2,7,1,5,7,2,0,5
14946,7,1,0,3,4,6,1,5,7,3,4
14947,8,2,7,5,9,7,8,4,6,9,8
14948,1,7,6,2,0,8,0,9,5,6,5
14949,3,0,1,4,5,3,2,3,1,1,1
14950,1,7,6,2,0,8,0,9,5,6,0
14951,9,2,7,2,7,1,5,3,2,0,8
14952,1,7,6,2,0,8,0,3,5,6,5
14953,9,9,9,2,7,1,5,7,2,0,5
14954,8,2,5,5,9,9,8,4,6,9,8
14955,2,3,4,6,8,2,6,8,9,5,6
14956,0,4,7,0,2,7,4,4,6,8,0
14957,0,4,3,0,2,0,4,1,4,8,0
14958,1,7,6,2,0,8,0,9,5,6,5
14959,3,0,1,4,5,3,2,6,1,1,1
14960,4,5,8,9,3,4,3,0,8,7,3
14961,8,2,7,5,9,7,8,4,6,9,8
14962,1,7,6,2,0,8,0,9,5,6,5
14963,4,5,8,9,3,4,3,0,8,7,3
14964,1,7,6,2,0,8,0,9,5,6,5
14965,3,0,1,4,5,3,2,6,1,1,1
14966,5,8,3,1,6,0,7,1,4,4,7
14967,1,7,6,2,0,8,0,9,5,6,5
14968,8,4,7,0,2,7,4,4,6,8,0
14969,0,4,5,0,2,9,4,4,6,8,2
14970,7,8,3,3,4,0,1,1,4,3,4
14971,3,0,1,4,5,3,2,6,1,1,1
14972,8,2,5,5,9,9,8,4,6,9,8
14973,4,5,8,9,3,4,3,0,8,7,3
14974,0,4,3,0,2,0,4,1,4,8,0
14975,8,3,7,6,9,7,8,8,9,9,8
14976,8,2,7,5,9,7,8,4,6,9,8
14977,0,4,7,0,2,7,4,4,6,8,0
14978,7,1,0,3,4,6,1,5,7,3,4
14979,2,0,4,4,8,2,6,3,1,5,6
14980,9,9,9,2,7,1,5,7,2,0,5
14981,0,4,7,0,2,7,4,1,4,8,0
14982,5,8,3,1,6,0,7,1,4,4,7
14983,8,2,7,5,9,7,8,4,6,9,8
14984,0,4,6,0,2,8,4,1,4,8,0
14985,0,4,7,0,2,7,4,4,6,8,0
14986,9,9,9,2,7,1,5,7,2,0,5
14987,2,3,4,6,8,2,6,8,9,5,6
14988,0,4,3,0,2,0,4,1,4,8,0
14989,4,5,8,9,3,4,3,3,8,7,3
14990,0,4,3,0,2,0,4,1,4,8,0
14991,3,0,1,4,5,3,2,6,1,1,1
14992,1,7,9,2,0,1,0,7,5,6,5
14993,2,3,4,6,8,2,6,8,9,5,6
14994,7,1,0,3,4,6,1,5,7,3,4
14995,9,9,9,2,7,1,5,7,2,0,5
14996,9,9,6,2,7,8,5,7,5,0,5
14997,0,4,7,0,2,7,4,4,6,8,0
14998,1,7,6,2,0,8,0,9,5,6,5
14999,0,4,7,0,2,7,4,4,6,8,0
15000,7,1,0,3,4,6,1,5,7,3,4
15001,1,7,6,2,0,8,0,9,5,6,5
15002,1,7,6,2,0,8,0,9,5,6,5
15003,2,1,4,3,8,2,6,5,7,5,6
15004,4,5,8,9,3,4,3,3,8,7,3
15005,6,8,2,7,1,5,9,2,3,2,9
15006,5,8,3,1,6,0,7,0,4,4,7
15007,7,1,0,3,4,6,1,5,7,3,4
15008,7,1,0,3,4,6,1,5,7,3,4
15009,1,7,6,2,0,8,0,9,5,6,5
15010,1,7,6,2,0,8,0,3,5,6,2
15011,0,4,7,0,2,7,4,1,4,8,0
15012,7,1,0,3,4,6,1,5,7,3,4
15013,6,3,2,7,1,5,9,2,3,2,9
15014,2,3,4,7,8,2,6,2,3,5,6
15015,3,0,1,4,8,2,2,3,1,5,1
15016,7,1,0,3,4,6,1,5,7,3,4
15017,3,0,1,4,5,3,2,6,1,1,1
15018,0,4,3,0,2,0,4,1,4,8,0
15019,8,4,7,5,9,7,8,4,6,9,0
15020,1,7,6,2,0,8,0,9,5,6,5
15021,2,3,4,6,8,2,6,8,9,5,6
15022,1,7,6,2,0,8,0,9,5,6,5
15023,0,4,3,0,2,0,4,1,4,8,0
15024,2,7,6,6,8,8,6,9,5,5,6
15025,1,7,6,2,0,8,0,9,5,6,5
15026,1,7,6,2,0,8,0,9,5,6,5
15027,0,4,7,0,2,7,4,4,6,8,0
15028,3,6,1,8,5,3,2,6,0,1,1
15029,0,8,3,1,6,0,7,1,4,4,0
15030,6,5,2,7,1,5,9,2,3,2,9
15031,7,1,0,3,4,6,1,5,7,3,4
15032,1,7,6,2,0,8,0,9,5,6,5
15033,2,3,4,6,8,2,6,8,9,5,6
15034,1,7,6,2,0,8,0,9,5,6,5
15035,0,4,7,0,2,7,4,4,6,8,0
15036,4,5,8,9,3,4,3,0,8,7,3
15037,8,2,5,5,9,9,8,4,6,9,8
15038,5,8,3,1,6,0,7,1,4,4,0
15039,6,5,2,7,1,5,9,2,3,2,9
15040,6,1,2,7,1,5,9,2,3,2,9
15041,8,2,7,5,9,2,8,3,6,9,8
15042,3,6,1,8,5,3,2,6,0,1,1
15043,4,5,8,9,3,4,3,3,8,7,3
15044,1,7,6,2,0,8,0,9,5,6,5
15045,7,1,0,3,4,6,1,5,7,3,4
15046,3,6,1,8,5,3,2,6,0,1,1
15047,4,5,8,9,3,4,3,3,8,7,3
15048,9,9,9,2,7,1,5,7,2,0,5
15049,0,4,5,0,2,9,4,4,6,8,2
15050,7,9,0,2,4,6,1,9,2,3,5
15051,4,5,8,9,3,4,3,0,8,7,3
15052,2,3,4,6,8,2,6,8,9,5,6
15053,7,1,0,3,4,6,1,5,7,3,4
15054,0,4,7,0,2,7,4,8,9,8,0
15055,6,5,2,7,1,5,9,2,3,2,9
15056,1,7,6,2,0,8,0,9,5,6,5
15057,6,5,2,7,1,5,9,2,3,2,9
15058,5,8,3,1,6,0,7,1,4,4,7
15059,8,2,7,5,9,7,8,4,6,9,8
15060,7,6,0,8,4,6,1,5,0,3,4
15061,9,5,9,2,7,1,5,3,2,0,5
15062,8,2,5,5,9,9,8,4,6,9,2
15063,0,4,3,0,2,0,4,1,4,8,0
15064,2,0,4,4,8,2,6,3,1,5,8
15065,3,0,1,4,5,3,2,6,1,1,1
15066,7,1,0,3,4,6,1,5,7,3,4
15067,5,8,2,1,6,5,7,2,3,4,7
15068,1,7,6,2,0,8,0,9,5,6,5
15069,2,0,4,6,8,2,6,3,9,5,6
15070,0,4,7,0,2,7,4,1,4,8,0
15071,2,3,4,6,8,2,6,8,9,5,6
15072,5,8,3,1,6,0,7,1,4,4,7
15073,1,7,6,2,0,8,0,9,5,6,5
15074,0,4,3,0,2,0,4,1,4,8,2
15075,7,1,0,3,4,6,1,5,7,3,4
15076,7,1,0,3,4,6,1,5,7,3,4
15077,7,1,0,3,4,6,1,5,7,3,4
15078,5,8,3,1,6,0,7,1,4,4,7
15079,0,4,7,0,2,7,4,4,6,8,0
15080,7,1,0,3,4,6,1,5,7,3,4
15081,8,2,5,5,9,9,8,4,6,9,8
15082,1,7,6,2,0,8,0,9,5,6,5
15083,6,5,2,7,1,5,9,2,3,2,9
15084,4,5,8,9,3,4,3,3,8,7,3
15085,2,0,4,4,8,2,6,3,1,5,6
15086,8,2,5,5,9,9,8,4,6,9,8
15087,0,4,5,0,2,9,4,4,6,8,2
15088,4,5,8,9,3,4,3,0,8,7,3
15089,8,4,7,5,9,7,8,4,6,9,0
15090,7,1,0,3,4,6,1,5,7,3,4
15091,2,3,4,6,8,2,6,8,9,5,6
15092,5,8,3,1,6,0,7,1,4,4,7
15093,6,5,2,7,1,5,9,2,3,2,9
15094,6,5,2,7,1,5,9,2,3,2,9
15095,9,9,9,2,7,1,5,7,2,0,5
15096,2,3,4,6,8,2,6,8,9,5,6
15097,7,1,0,3,4,6,1,5,7,3,4
15098,5,8,3,1,6,0,7,1,4,4,2
15099,9,9,9,2,7,1,5,7,2,0,5
15100,5,8,3,1,6,0,7,1,4,4,7
15101,7,1,0,3,4,6,1,5,7,3,4
15102,2,3,4,6,8,2,6,3,9,5,8
15103,3,0,1,4,5,3,2,6,1,1,1
15104,7,1,0,3,4,6,1,5,7,3,4
15105,1,7,6,2,0,8,0,9,5,6,5
15106,9,9,9,2,7,1,5,7,2,0,5
15107,6,9,2,7,1,5,9,2,3,2,9
15108,0,4,3,0,2,0,4,1,4,8,0
15109,7,1,0,3,4,6,1,5,7,3,4
15110,2,2,7,5,8,7,6,4,6,5,8
15111,9,9,9,2,7,1,5,7,2,0,5
15112,5,8,3,1,6,0,7,1,4,4,7
15113,0,4,5,0,2,9,4,4,6,8,2
15114,3,6,1,8,5,3,2,6,0,1,1
15115,2,3,4,6,8,2,6,8,9,5,6
15116,0,4,7,0,2,7,4,8,9,8,0
15117,0,4,7,0,2,7,4,4,6,8,0
15118,7,1,0,3,4,6,1,5,7,3,4
15119,3,0,1,4,5,3,2,6,1,1,1
15120,3,6,1,8,5,3,2,6,0,1,1
15121,9,9,9,2,7,1,5,7,2,0,5
15122,8,2,5,5,9,9,8,4,6,9,8
15123,6,5,2,7,1,5,9,2,3,2,9
15124,5,8,3,1,6,0,7,1,4,4,7
15125,7,1,0,3,4,6,1,5,7,3,4
15126,7,1,0,3,4,6,1,5,7,3,4
15127,0,4,5,0,2,9,4,4,6,8,2
15128,0,4,3,0,2,0,4,1,4,8,0
15129,2,3,4,6,8,2,6,8,9,5,6
15130,3,0,1,4,5,3,2,6,1,1,1
15131,8,2,7,5,9,7,8,4,6,9,8
15132,6,5,2,7,1,5,9,2,3,2,9
15133,3,0,1,4,5,3,2,6,1,1,1
15134,5,8,3,1,6,0,7,1,4,4,7
15135,9,9,9,2,7,1,5,7,2,0,5
15136,0,4,3,0,2,0,4,1,4,8,0
15137,6,5,2,7,1,5,9,2,3,2,9
15138,1,7,6,2,0,8,0,9,5,6,5
15139,7,1,0,3,4,6,1,5,7,3,4
15140,2,3,4,6,8,2,6,8,9,5,6
15141,9,9,9,2,7,1,5,7,2,0,5
15142,3,6,1,8,5,3,2,6,0,1,1
15143,8,2,7,2,9,7,8,3,2,9,8
15144,7,1,0,3,4,6,1,5,7,3,4
15145,4,5,8,9,3,4,3,3,8,7,3
15146,1,7,6,2,0,8,0,9,5,6,5
15147,8,2,5,5,9,9,8,4,6,9,8
15148,9,9,9,2,7,1,5,7,2,0,5
15149,2,3,4,6,8,2,6,8,9,5,6
15150,3,6,1,8,5,3,2,6,0,1,1
15151,8,2,7,5,9,7,8,4,6,9,8
15152,1,7,6,2,0,8,0,9,5,6,5
15153,6,5,2,7,1,5,9,2,3,2,9
15154,1,7,6,2,0,8,0,9,5,6,5
15155,2,3,4,6,8,2,6,8,9,5,6
15156,3,6,1,8,5,3,2,6,0,1,1
15157,9,9,9,2,7,1,5,7,2,0,5
15158,7,1,0,3,4,6,1,5,7,3,4
15159,4,5,8,9,3,4,3,0,8,7,3
15160,7,1,0,3,4,6,1,5,7,3,4
15161,9,9,7,2,7,7,5,3,2,0,5
15162,0,4,3,0,2,0,4,1,4,8,0
15163,7,1,0,3,4,6,1,5,7,3,4
15164,4,5,8,9,3,4,3,9,8,7,3
15165,8,4,7,0,2,7,8,4,6,8,0
15166,5,5,8,9,3,4,7,0,8,7,7
15167,9,9,9,2,7,1,5,7,2,0,5
15168,9,9,9,2,7,1,5,7,2,0,5
15169,3,0,1,4,5,3,2,6,1,1,1
15170,0,4,7,0,2,7,4,4,6,8,0
15171,0,4,7,0,2,7,4,1,4,8,0
15172,0,4,3,0,2,0,4,1,4,8,2
15173,0,4,5,0,2,9,4,4,6,8,2
15174,7,1,0,3,4,6,1,5,7,3,4
15175,9,9,9,2,7,1,5,7,2,0,5
15176,7,1,0,3,4,6,1,5,7,3,4
15177,4,5,8,9,3,4,3,3,8,7,3
15178,5,8,3,1,6,0,7,1,4,4,0
15179,8,2,7,5,9,7,8,4,6,9,8
15180,0,4,3,0,2,0,4,1,4,8,0
15181,7,1,0,3,4,6,1,5,7,3,4
15182,1,7,6,2,0,8,0,9,5,6,5
15183,4,5,8,9,3,4,3,3,8,7,3
15184,0,4,3,0,2,0,4,1,4,8,0
15185,5,9,3,1,6,0,7,1,4,4,7
15186,7,1,0,3,4,6,1,5,7,3,4
15187,6,5,2,7,1,5,9,2,3,2,9
15188,2,3,4,6,8,2,6,3,9,5,6
15189,3,6,1,4,5,3,2,6,0,1,1
15190,4,5,8,9,3,4,3,3,8,7,3
15191,5,8,3,1,6,0,7,1,4,4,7
15192,0,4,5,0,2,9,4,4,6,8,2
15193,2,3,4,6,8,2,6,8,9,5,6
15194,0,4,7,0,2,7,4,4,6,8,0
15195,0,4,7,0,2,7,4,4,6,8,0
15196,4,5,8,9,3,4,3,0,8,7,3
15197,9,9,9,2,7,1,5,9,2,0,5
15198,3,6,1,8,5,3,2,6,0,1,1
15199,0,4,5,0,2,9,4,1,4,8,2
15200,0,4,3,0,2,0,4,1,4,8,2
15201,7,1,0,3,4,6,1,5,7,3,0
15202,1,7,6,2,0,8,0,9,5,6,5
15203,6,5,2,7,1,5,9,2,3,2,9
15204,8,2,5,5,9,9,8,4,6,9,8
15205,6,5,2,7,1,5,9,2,3,2,9
15206,7,1,0,3,4,6,1,5,7,3,4
15207,9,7,6,2,7,8,5,9,2,0,5
15208,3,6,1,8,5,3,2,0,0,1,1
15209,0,4,5,0,2,9,4,4,6,8,2
15210,2,1,4,3,8,2,6,3,7,5,6
15211,4,5,8,9,3,4,3,0,8,7,3
15212,0,4,7,0,2,7,4,1,4,8,0
15213,0,4,5,0,2,9,4,4,6,8,2
15214,0,4,7,0,2,7,4,4,6,8,0
15215,0,4,5,0,2,9,4,4,6,8,2
15216,7,1,0,3,4,6,1,5,7,3,4
15217,6,0,2,7,1,5,9,2,3,2,9
15218,5,8,3,1,6,0,7,1,4,4,7
15219,2,3,4,6,8,2,6,8,9,5,0
15220,1,7,6,2,0,8,0,3,5,6,5
15221,2,3,4,6,8,2,6,8,9,5,6
15222,0,4,7,0,2,7,4,4,6,8,0
15223,6,5,2,7,1,5,9,2,3,2,9
15224,9,9,9,2,7,1,5,7,2,0,5
15225,2,3,4,6,8,2,6,8,9,5,6
15226,7,1,0,3,4,6,1,5,7,3,4
15227,7,1,0,3,4,6,1,5,7,3,4
15228,6,5,2,7,1,5,9,2,3,2,9
15229,0,4,5,0,2,9,4,1,4,8,2
15230,0,4,5,0,2,9,4,4,6,8,2
15231,9,9,9,2,7,1,5,7,2,0,5
15232,7,8,3,3,4,0,1,1,4,3,4
15233,7,1,0,3,4,6,1,5,7,3,4
15234,4,5,8,9,3,4,3,0,8,7,7
15235,8,2,7,5,9,7,8,4,6,9,8
15236,5,8,3,1,6,0,7,1,4,4,7
15237,3,0,1,4,5,3,2,6,1,1,1
15238,2,3,4,6,8,2,6,8,9,5,6
15239,8,2,7,5,9,7,8,4,6,9,8
15240,9,9,9,2,7,1,5,7,2,0,5
15241,9,9,9,2,7,1,5,7,2,0,5
15242,7,0,4,3,4,6,6,5,7,3,6
15243,8,4,5,0,2,9,4,4,6,8,2
15244,8,2,7,5,9,7,8,4,6,9,2
15245,2,3,4,6,8,2,6,8,9,5,6
15246,7,1,0,3,4,6,1,5,7,3,4
15247,2,2,7,5,9,7,8,3,6,9,8
15248,2,3,4,6,8,2,6,8,9,5,6
15249,3,0,1,4,5,3,2,6,1,1,1
15250,7,1,0,3,4,6,1,5,7,3,4
15251,7,1,0,3,4,6,1,5,7,3,4
15252,1,7,6,3,0,8,0,9,5,6,4
15253,0,4,7,0,2,7,4,4,6,8,0
15254,0,4,5,0,2,9,4,4,6,8,2
15255,1,7,6,2,0,8,0,7,5,6,5
15256,0,4,3,0,2,0,4,1,4,8,2
15257,5,5,2,7,1,5,7,2,3,2,7
15258,2,3,4,6,8,2,6,8,9,5,6
15259,9,9,9,2,7,1,5,7,2,0,8
15260,8,2,5,5,9,9,8,4,6,9,2
15261,5,8,3,1,6,0,7,1,4,4,7
15262,6,5,2,7,1,5,9,2,3,2,9
15263,6,5,2,7,1,5,9,2,3,2,9
15264,1,7,6,2,0,8,0,9,5,6,5
15265,9,9,9,2,7,1,5,7,2,0,5
15266,1,7,6,2,0,8,0,9,5,6,5
15267,2,3,4,6,8,2,6,8,9,5,6
15268,5,8,3,1,6,0,7,1,4,4,7
15269,4,5,8,9,3,4,3,0,8,7,3
15270,7,1,0,3,4,6,1,5,7,3,4
15271,9,9,9,2,7,1,5,7,2,0,5
15272,9,3,9,6,7,1,5,7,2,0,9
15273,9,9,9,2,7,1,5,3,2,0,8
15274,5,8,3,1,6,0,7,1,4,4,7
15275,3,0,1,4,5,3,2,6,1,1,1
15276,1,7,6,2,0,8,0,9,5,6,5
15277,9,9,9,2,7,1,5,7,2,0,5
15278,2,0,4,4,8,2,6,3,1,5,6
15279,6,5,2,7,1,5,9,2,3,2,9
15280,4,5,8,9,3,4,3,0,8,7,3
15281,7,1,0,3,4,6,1,5,7,3,4
15282,7,1,0,3,4,6,1,5,7,3,4
15283,8,2,7,5,9,7,8,4,6,9,8
15284,1,7,6,2,0,8,0,9,5,6,5
15285,8,2,7,5,9,7,8,3,2,9,8
15286,2,3,4,6,8,2,6,8,9,5,6
15287,4,5,8,9,3,4,3,3,8,7,3
15288,3,6,1,8,5,3,2,6,0,1,1
15289,1,7,6,2,0,8,0,9,5,6,5
15290,9,9,9,2,7,1,5,7,2,0,5
15291,3,0,1,4,5,3,2,6,1,1,1
15292,7,1,0,3,4,6,1,5,7,3,4
15293,9,9,9,2,7,1,5,7,2,0,5
15294,0,4,3,0,2,0,4,1,4,8,0
15295,6,5,2,7,1,5,9,2,3,2,9
15296,6,5,2,7,1,5,9,2,3,2,9
15297,7,1,0,3,4,6,1,5,7,3,4
15298,0,8,3,1,2,0,4,1,4,8,0
15299,8,2,7,5,9,7,8,4,6,9,8
15300,1,7,6,2,0,8,0,9,5,6,5
15301,8,2,7,5,9,7,8,3,6,9,8
15302,0,4,3,0,2,0,4,1,4,8,0
15303,4,5,8,9,3,4,3,0,8,7,3
15304,7,1,0,3,4,6,1,5,7,3,4
15305,8,2,5,5,9,9,8,4,6,9,2
15306,8,2,7,5,9,7,8,3,6,9,8
15307,2,3,4,6,8,2,6,8,9,5,6
15308,1,7,6,2,0,8,0,9,5,6,5
15309,9,9,9,2,7,1,5,7,2,0,5
15310,5,8,3,1,6,0,7,1,4,4,7
15311,3,0,1,4,5,3,2,6,1,1,1
15312,0,4,7,0,2,7,4,1,4,8,0
15313,8,2,7,5,9,7,8,4,6,9,8
15314,4,5,8,9,3,4,3,0,8,7,3
15315,2,3,4,6,8,2,6,8,9,5,0
15316,9,9,9,2,7,1,5,7,2,0,5
15317,4,5,8,9,3,4,3,0,8,7,3
15318,3,6,1,8,5,3,2,6,0,1,1
15319,8,2,5,5,9,9,8,4,6,9,2
15320,4,5,8,9,3,4,3,0,8,7,3
15321,2,3,4,6,8,2,6,8,9,5,6
15322,7,1,0,3,4,6,1,5,7,3,4
15323,0,4,7,0,2,7,4,4,6,8,0
15324,4,5,8,9,3,4,3,5,8,7,3
15325,3,0,1,4,5,3,2,6,1,1,1
15326,0,4,3,0,2,0,4,1,4,8,0
15327,8,2,5,5,9,9,8,4,6,9,8
15328,6,5,2,7,1,5,9,2,3,2,9
15329,3,6,1,8,5,3,2,6,0,1,1
15330,7,1,0,9,4,6,1,5,8,3,3
15331,8,2,5,5,9,9,8,4,6,9,8
15332,2,3,4,6,8,2,6,8,9,5,6
15333,2,3,4,6,8,2,6,8,9,5,6
15334,5,5,8,9,3,4,3,0,8,7,7
15335,7,1,0,3,4,6,1,5,7,3,4
15336,7,1,0,3,4,6,1,5,7,3,4
15337,2,0,7,4,8,7,6,3,1,5,8
15338,2,3,4,6,8,2,6,3,9,5,6
15339,7,1,0,3,4,6,1,5,7,3,4
15340,0,4,5,0,2,9,4,4,6,8,2
15341,2,3,4,6,8,2,6,8,9,5,6
15342,7,1,0,3,4,6,1,5,7,3,4
15343,2,3,4,6,8,2,6,8,9,5,6
15344,3,0,1,4,5,3,2,6,1,1,1
15345,9,9,9,2,7,1,5,7,2,0,5
15346,7,1,0,3,4,6,1,5,7,3,4
15347,8,2,7,5,9,7,8,4,6,9,8
15348,4,5,8,9,3,4,3,0,8,7,3
15349,8,2,7,5,9,7,8,4,6,9,8
15350,7,1,0,3,4,6,1,5,7,3,4
15351,4,5,8,9,3,4,3,0,8,7,3
15352,4,5,8,9,3,4,3,0,8,7,3
15353,9,9,9,2,7,1,5,7,2,0,5
15354,8,2,5,5,9,9,8,4,6,9,8
15355,2,3,4,6,8,2,6,8,9,5,6
15356,1,7,6,2,0,8,0,9,5,6,5
15357,8,2,7,5,9,7,8,4,6,9,8
15358,2,3,4,6,8,2,6,3,9,5,6
15359,8,2,7,5,9,7,8,4,6,9,8
15360,5,8,3,1,6,0,7,1,4,4,0
15361,9,9,9,2,7,1,5,7,5,0,5
15362,7,1,0,3,4,6,1,5,7,3,4
15363,6,5,2,7,1,5,9,2,3,2,9
15364,2,3,4,6,8,2,6,8,9,5,6
15365,2,3,4,6,8,2,6,3,9,5,6
15366,8,2,7,5,9,7,8,8,9,9,8
15367,8,2,7,5,9,7,8,4,6,9,8
15368,7,1,0,3,4,6,1,5,7,3,4
15369,8,2,7,5,9,7,8,4,2,9,8
15370,4,5,8,9,3,4,3,0,8,7,3
15371,9,2,7,2,9,7,8,3,2,9,8
15372,4,5,8,9,3,4,3,3,8,7,3
15373,8,2,7,5,9,7,8,4,2,9,8
15374,7,1,0,3,4,6,1,5,7,3,4
15375,2,3,4,6,8,2,6,8,9,5,6
15376,5,8,3,1,6,0,7,1,4,4,7
15377,7,1,0,3,4,6,1,5,7,3,4
15378,2,3,4,6,8,2,6,8,9,5,6
15379,7,1,0,3,4,6,1,5,7,3,4
15380,1,7,6,2,0,8,0,9,5,6,5
15381,8,2,7,5,9,7,8,4,6,9,8
15382,3,6,1,8,5,3,2,6,0,1,1
15383,3,0,1,4,5,3,2,3,1,1,1
15384,4,5,8,9,3,4,3,0,8,7,3
15385,9,9,9,2,7,1,5,7,2,0,5
15386,7,6,0,8,4,6,1,5,0,3,4
15387,8,2,7,5,9,7,8,4,6,9,8
15388,7,1,0,3,4,6,1,5,7,3,4
15389,9,9,9,2,7,1,5,7,2,0,5
15390,0,4,7,0,2,7,4,1,9,8,0
15391,6,5,2,7,1,5,9,2,3,2,9
15392,1,7,6,2,0,8,0,9,5,6,5
15393,8,2,5,5,9,9,8,4,6,9,8
15394,0,8,3,1,6,0,7,1,4,4,0
15395,8,2,7,5,9,7,8,4,6,9,8
15396,1,7,6,2,0,8,0,9,5,6,5
15397,9,9,9,2,7,1,5,7,2,0,5
15398,7,1,0,3,4,6,1,5,7,3,4
15399,2,0,4,4,8,2,6,3,1,5,8
15400,5,8,3,1,6,0,7,1,4,4,0
15401,4,5,8,9,3,4,3,3,8,7,3
15402,5,8,3,1,6,0,7,1,4,4,7
15403,6,5,2,7,1,5,9,2,3,2,9
15404,5,8,3,1,6,0,7,1,4,4,7
15405,8,2,7,5,9,7,8,4,6,9,8
15406,7,1,0,3,4,6,1,5,7,3,4
15407,3,0,1,4,5,3,2,3,1,1,1
15408,2,3,4,6,8,2,6,8,9,5,6
15409,2,3,4,6,8,2,6,3,9,5,6
15410,0,4,5,0,2,9,4,4,6,8,2
15411,2,3,4,6,8,2,6,8,9,5,8
15412,7,1,0,3,4,6,1,5,7,3,4
15413,8,2,7,5,9,7,8,4,6,9,8
15414,5,8,3,1,6,0,7,1,4,4,7
15415,2,3,4,6,8,2,6,3,9,5,6
15416,0,4,7,0,2,7,4,1,4,8,0
15417,4,5,8,9,3,4,3,3,8,7,3
15418,6,5,2,7,1,5,9,2,3,2,9
15419,4,5,8,9,3,4,3,3,8,7,3
15420,0,4,7,0,2,7,4,1,4,8,0
15421,2,3,4,6,8,2,6,3,9,5,6
15422,0,8,3,1,6,0,7,1,4,4,2
15423,9,9,9,2,7,1,5,7,2,0,5
15424,0,4,3,0,2,0,4,1,4,8,0
15425,9,9,9,2,7,1,5,7,2,0,5
15426,5,8,3,1,6,0,7,1,4,4,0
15427,9,9,9,2,7,1,5,7,2,0,5
15428,9,9,9,2,7,1,5,7,2,0,5
15429,8,2,7,5,9,7,8,7,2,9,8
15430,2,3,4,6,8,2,6,8,9,5,6
15431,4,5,8,9,3,4,3,3,8,7,3
15432,5,8,3,1,6,0,7,1,4,4,7
15433,5,8,3,1,6,0,7,1,4,4,7
15434,5,8,3,1,6,0,7,1,4,4,0
15435,9,9,9,2,7,1,5,7,2,0,5
15436,2,3,4,6,8,2,6,8,9,5,6
15437,2,3,4,6,8,2,6,8,9,5,6
15438,9,9,9,2,7,1,5,7,2,0,5
15439,9,9,9,2,7,1,5,7,2,0,5
15440,6,5,2,7,1,5,9,2,3,2,9
15441,4,5,8,9,3,4,3,0,8,7,3
15442,3,6,1,8,5,3,2,6,0,1,1
15443,2,3,4,6,8,2,6,8,9,5,6
15444,2,1,4,3,8,2,6,5,7,5,6
15445,3,0,1,4,5,3,2,3,1,1,1
15446,0,4,7,0,2,7,4,4,6,8,0
15447,4,5,8,9,3,4,3,3,8,7,3
15448,4,5,8,9,3,4,3,0,8,7,7
15449,9,9,9,2,7,1,5,7,2,0,8
15450,4,1,8,9,3,4,3,5,8,7,3
15451,9,9,9,2,7,1,5,7,2,0,5
15452,0,4,5,0,2,9,4,1,4,8,2
15453,7,1,0,3,4,6,1,5,7,3,4
15454,3,6,1,8,5,3,2,6,0,1,1
15455,2,3,4,6,8,2,6,8,9,5,6
15456,5,8,3,1,6,0,7,1,4,4,7
15457,6,5,2,7,1,5,9,2,3,2,9
15458,2,3,4,6,8,2,6,8,9,5,6
15459,4,5,8,9,3,4,3,0,8,7,3
15460,0,4,3,1,6,0,4,1,4,4,2
15461,6,5,2,7,1,5,9,2,3,2,9
15462,9,9,9,5,7,1,5,3,2,0,8
15463,4,5,8,9,3,4,3,3,8,7,3
15464,7,1,0,3,4,6,1,5,7,3,4
15465,8,2,5,5,9,9,8,4,6,9,8
15466,6,5,2,7,1,5,9,2,3,2,9
15467,2,3,4,6,8,2,6,8,9,5,6
15468,0,4,3,0,2,0,4,1,4,8,0
15469,8,2,5,5,9,9,8,4,6,9,8
15470,6,5,2,7,1,5,9,2,3,2,9
15471,3,0,1,4,5,3,2,6,1,1,1
15472,5,8,3,1,6,0,7,1,4,4,7
15473,1,7,6,2,0,8,0,9,5,6,5
15474,1,7,6,2,0,8,0,9,5,6,5
15475,6,5,2,7,1,5,9,2,3,2,9
15476,6,5,2,7,1,5,9,2,3,2,9
15477,7,1,0,3,4,6,1,5,7,3,4
15478,4,5,8,9,3,4,3,0,8,7,3
15479,5,8,3,1,6,0,7,1,4,4,7
15480,2,3,4,6,8,2,6,3,9,5,6
15481,9,9,9,2,7,1,5,7,2,0,5
15482,7,1,0,3,4,6,1,5,7,3,4
15483,6,5,2,7,1,5,9,0,3,2,7
15484,4,5,8,9,3,4,3,0,8,7,3
15485,0,4,5,0,2,9,4,1,4,8,2
15486,1,7,6,2,0,8,0,9,5,6,5
15487,2,3,4,6,8,2,6,3,9,5,6
15488,2,3,4,6,8,2,6,8,9,5,6
15489,0,8,3,1,6,0,7,1,4,4,0
15490,8,2,5,5,9,9,8,4,6,9,8
15491,3,6,1,8,5,3,2,6,0,1,1
15492,3,6,1,8,5,3,2,6,0,1,1
15493,9,9,9,2,7,1,5,7,2,0,5
15494,5,8,3,1,6,0,7,1,4,4,7
15495,6,5,2,7,1,5,9,2,3,2,9
15496,5,8,3,1,6,0,7,1,4,4,7
15497,7,1,0,3,4,6,1,5,7,3,4
15498,5,8,3,1,6,0,7,1,4,4,7
15499,0,4,5,0,2,9,4,4,6,8,2
15500,4,1,8,9,3,4,3,0,8,7,3
15501,2,3,4,6,8,2,6,8,9,5,6
15502,0,3,7,0,2,7,4,8,9,8,0
15503,5,8,3,1,6,0,7,1,4,4,7
15504,3,6,1,8,5,3,2,6,0,1,1
15505,3,0,1,4,5,3,2,6,1,1,1
15506,6,5,2,7,1,5,9,2,3,2,9
15507,9,9,9,2,7,1,5,7,2,0,5
15508,4,0,8,9,3,4,3,3,1,7,3
15509,6,5,2,7,1,5,9,2,3,2,9
15510,7,1,0,3,4,6,1,5,7,3,4
15511,7,1,0,3,4,6,1,5,7,3,4
15512,5,8,3,1,6,0,7,1,4,4,7
15513,0,4,3,0,2,0,4,1,4,8,2
15514,5,8,3,1,6,0,7,1,4,4,7
15515,9,9,9,6,7,1,5,3,2,0,6
15516,3,0,1,4,5,3,2,6,1,1,1
15517,0,4,7,0,2,7,4,1,4,8,0
15518,9,9,9,5,7,1,5,7,2,0,8
15519,7,1,0,3,4,6,1,5,7,3,4
15520,3,6,1,8,5,3,2,6,0,1,1
15521,9,9,9,7,7,1,5,7,2,0,9
15522,2,3,4,6,8,2,6,8,9,5,6
15523,9,9,9,2,7,1,5,7,2,0,5
15524,3,6,1,8,5,3,2,6,0,1,1
15525,5,2,7,5,9,7,8,4,6,9,7
15526,2,3,4,2,8,2,6,3,9,5,6
15527,4,5,8,9,3,4,3,3,8,7,3
15528,1,7,6,6,0,8,0,9,5,6,0
15529,4,5,8,9,3,4,3,0,8,7,3
15530,3,6,1,8,5,3,2,6,0,1,1
15531,0,4,5,0,2,9,4,1,4,8,2
15532,1,7,6,2,0,8,0,9,5,6,5
15533,7,1,0,3,4,6,1,5,7,3,4
15534,7,1,0,3,4,6,1,5,7,3,4
15535,7,1,0,3,4,6,1,5,7,3,4
15536,1,7,6,2,0,8,0,9,5,6,5
15537,6,5,2,7,1,5,9,2,3,2,9
15538,2,2,4,5,8,2,6,3,2,5,8
15539,9,9,9,2,7,1,5,7,2,0,5
15540,7,1,0,3,4,6,1,5,7,3,4
15541,8,2,7,5,9,7,8,4,6,9,8
15542,5,6,1,8,6,3,7,6,0,4,7
15543,8,2,7,5,9,7,8,4,6,9,8
15544,2,3,4,6,8,2,6,8,9,5,5
15545,8,2,5,5,9,9,8,4,6,9,2
15546,2,3,4,6,8,2,6,8,9,5,6
15547,7,1,0,3,4,6,1,5,7,3,4
15548,1,7,6,2,0,8,0,9,5,6,5
15549,9,2,9,2,7,1,5,3,2,0,8
15550,9,9,9,2,7,1,5,7,2,0,5
15551,5,5,2,1,6,5,7,0,3,4,7
15552,7,1,0,3,4,6,1,5,7,3,4
15553,8,2,7,5,9,7,8,4,6,9,8
15554,5,8,3,1,6,0,7,1,4,4,7
15555,9,9,9,2,7,1,5,7,2,0,5
15556,5,8,3,1,6,0,7,1,4,4,7
15557,9,9,9,2,7,1,5,7,2,0,5
15558,2,2,4,6,8,2,6,3,9,5,6
15559,3,0,1,4,5,3,2,6,1,1,1
15560,8,2,7,5,9,7,8,4,6,9,8
15561,9,9,9,2,7,1,5,7,2,0,5
15562,7,1,0,3,4,6,1,5,7,3,4
15563,9,9,9,5,7,1,5,7,2,0,8
15564,7,1,0,3,4,6,1,5,7,3,7
15565,4,5,8,9,3,4,3,0,8,7,3
15566,3,6,1,8,5,3,2,6,0,1,1
15567,3,0,1,4,5,3,2,3,1,1,1
15568,5,4,7,0,6,7,7,1,4,4,0
15569,6,5,2,7,1,5,9,2,3,2,9
15570,8,2,5,5,9,9,8,4,6,9,2
15571,8,2,7,5,9,7,8,4,6,9,8
15572,0,4,6,0,2,8,4,9,5,8,0
15573,6,5,2,7,1,5,9,2,3,2,9
15574,1,7,6,2,0,8,0,9,5,6,5
15575,9,9,9,2,7,1,5,7,2,0,5
15576,5,8,3,1,6,0,7,1,4,4,0
15577,8,2,5,5,9,9,8,4,6,9,8
15578,1,7,6,2,0,8,0,9,5,6,5
15579,2,2,4,5,8,2,6,4,6,5,6
15580,3,6,1,8,5,3,2,6,0,1,1
15581,3,0,1,4,5,3,2,6,1,1,1
15582,3,6,1,8,5,3,2,6,0,1,1
15583,3,0,1,4,5,3,2,6,1,1,1
15584,0,4,7,0,2,7,4,4,6,8,0
15585,6,5,2,7,1,5,9,2,3,2,9
15586,5,8,3,1,6,0,7,1,4,4,7
15587,7,1,0,3,4,6,1,5,7,3,4
15588,9,5,6,2,7,8,5,9,2,0,5
15589,8,2,5,5,9,9,8,4,6,9,8
15590,3,6,1,8,5,3,2,6,0,1,1
15591,4,5,8,9,3,4,3,3,8,7,3
15592,5,8,3,1,6,0,7,1,4,4,7
15593,8,2,7,5,9,7,8,4,6,9,8
15594,7,1,0,3,4,6,1,5,7,3,4
15595,9,9,9,6,8,1,5,3,2,0,6
15596,6,9,2,7,1,5,9,2,3,2,9
15597,8,2,5,5,9,9,8,4,6,9,8
15598,7,1,0,3,4,6,1,5,7,3,4
15599,2,3,4,6,8,2,6,8,9,5,6
15600,3,6,1,8,5,3,2,6,0,1,1
15601,8,2,7,5,9,7,8,4,6,9,8
15602,0,4,3,0,2,0,4,1,4,8,0
15603,6,5,2,7,1,5,9,2,3,2,9
15604,5,8,3,1,6,0,7,1,4,4,7
15605,6,5,2,7,1,5,9,2,3,2,9
15606,1,7,6,2,0,8,0,9,5,6,5
15607,8,2,7,5,9,7,8,4,6,9,8
15608,1,7,6,2,0,8,0,9,5,6,5
15609,0,4,3,0,2,0,4,1,4,8,0
15610,1,7,6,2,0,8,0,9,5,6,5
15611,9,2,9,2,7,1,5,3,2,0,8
15612,9,9,9,2,7,1,5,7,2,0,5
15613,4,5,8,9,3,4,3,0,8,7,3
15614,6,7,2,7,1,5,9,2,3,2,9
15615,8,2,7,5,9,7,8,4,6,9,8
15616,7,1,0,3,4,6,1,5,7,3,4
15617,8,2,7,5,9,7,8,4,6,9,8
15618,9,9,9,2,7,1,5,7,2,0,5
15619,3,0,1,4,5,3,2,6,1,1,1
15620,1,7,6,2,0,8,0,9,5,6,5
15621,2,0,4,4,8,2,6,3,1,5,6
15622,5,8,3,1,6,0,7,1,4,4,7
15623,8,2,9,5,9,1,8,4,2,9,8
15624,7,1,0,3,4,6,1,5,7,3,4
15625,4,5,8,9,3,4,3,0,8,7,3
15626,2,3,4,6,8,2,6,8,9,5,6
15627,4,5,8,9,3,4,3,0,8,7,3
15628,3,6,1,8,5,3,2,6,0,1,1
15629,9,2,9,5,7,1,5,3,2,0,8
15630,7,1,0,3,4,6,1,1,4,3,4
15631,8,2,7,2,9,7,8,3,2,9,8
15632,9,9,9,2,7,1,5,7,2,0,5
15633,9,9,9,2,7,1,5,7,2,0,5
15634,2,3,4,6,8,2,6,3,9,5,6
15635,8,2,5,5,9,9,8,4,6,9,2
15636,7,1,0,3,4,6,1,8,7,3,4
15637,3,6,1,8,5,3,2,6,0,1,1
15638,4,5,8,9,3,4,3,0,8,7,3
15639,7,1,0,3,4,6,1,5,7,3,4
15640,2,3,4,6,8,2,6,8,9,5,6
15641,4,5,8,9,3,4,3,0,8,7,3
15642,9,9,6,2,7,8,5,9,5,0,5
15643,8,2,5,5,9,9,8,4,6,9,8
15644,5,8,3,1,6,0,7,1,4,4,0
15645,2,3,4,6,8,2,6,8,9,5,6
15646,0,4,5,0,2,9,4,4,6,8,2
15647,7,1,0,3,4,6,1,5,7,3,4
15648,3,6,1,8,5,3,2,6,0,1,1
15649,9,9,9,2,7,1,5,7,2,0,5
15650,6,5,2,7,1,5,9,2,3,2,9
15651,7,1,0,3,4,6,1,5,7,3,4
15652,4,5,8,9,3,4,3,0,8,7,3
15653,8,2,7,5,9,7,8,4,6,9,8
15654,8,2,5,5,9,9,8,4,6,9,8
15655,8,2,7,2,9,7,8,3,6,9,8
15656,7,1,0,3,4,6,1,5,7,3,4
15657,8,4,7,5,9,7,8,4,6,9,0
15658,5,8,3,1,6,0,7,1,4,4,0
15659,8,2,7,5,9,7,8,4,6,9,8
15660,6,5,2,7,1,5,9,2,3,2,9
15661,2,3,4,6,8,2,6,3,9,5,6
15662,3,6,1,8,5,3,2,6,0,1,1
15663,3,0,1,4,5,3,2,6,1,1,1
15664,7,1,0,3,4,6,1,5,7,3,4
15665,8,2,7,5,9,7,8,4,6,9,7
15666,0,4,7,0,2,7,4,1,4,8,0
15667,7,1,0,3,4,6,1,5,7,3,4
15668,5,8,3,1,6,0,7,1,4,4,7
15669,9,9,9,2,7,1,5,7,2,0,5
15670,5,8,3,1,6,0,7,1,4,4,7
15671,8,2,5,5,9,9,8,4,6,9,8
15672,4,7,8,9,3,4,3,9,8,7,3
15673,4,5,4,9,8,2,3,3,8,5,3
15674,4,5,8,9,3,4,3,0,8,7,3
15675,3,0,1,4,5,3,2,6,1,1,1
15676,7,1,0,3,4,6,1,5,7,3,4
15677,9,9,9,2,7,1,5,7,2,0,5
15678,7,1,0,3,4,6,1,8,7,3,4
15679,3,0,1,4,5,3,2,6,1,1,1
15680,1,7,6,2,0,8,0,9,5,6,5
15681,7,1,0,3,4,6,1,5,7,3,4
15682,0,4,3,0,2,0,4,1,4,8,0
15683,8,2,7,5,9,7,8,4,6,9,8
15684,1,7,6,2,0,8,0,9,5,6,5
15685,4,5,8,9,3,4,3,3,8,7,3
15686,0,4,7,0,2,7,4,1,4,8,0
15687,4,5,8,9,3,4,3,3,8,7,3
15688,6,5,2,7,1,5,9,2,3,2,7
15689,8,2,5,5,9,9,8,4,6,9,8
15690,0,4,5,0,2,9,4,1,4,8,2
15691,7,3,4,6,4,6,1,8,9,3,6
15692,3,6,1,8,5,3,2,6,0,1,1
15693,5,8,3,1,6,0,7,1,4,4,7
15694,3,6,1,8,5,3,2,6,0,1,1
15695,3,0,1,4,5,3,2,3,1,1,1
15696,1,7,6,2,0,8,0,9,5,6,5
15697,9,9,9,2,7,1,5,7,2,0,5
15698,0,4,3,0,2,0,4,1,4,8,0
15699,6,5,2,7,1,5,9,3,3,2,9
15700,3,6,1,8,5,3,2,6,0,1,1
15701,7,1,0,3,4,6,1,5,7,3,4
15702,7,6,0,8,4,6,1,5,0,3,4
15703,8,2,7,5,9,7,8,4,6,9,8
15704,3,1,1,3,5,3,2,6,7,1,1
15705,8,2,5,5,9,9,8,4,6,9,8
15706,4,5,8,9,3,4,3,0,8,7,7
15707,7,1,0,3,4,6,1,5,7,3,4
15708,4,5,8,9,3,4,3,0,8,7,3
15709,8,2,7,5,9,7,8,4,6,9,8
15710,1,7,6,2,0,8,0,9,5,6,5
15711,3,0,1,4,5,3,2,3,1,1,1
15712,6,5,2,7,1,5,9,2,3,2,9
15713,9,9,9,7,7,1,5,7,2,0,9
15714,4,5,8,9,3,4,3,0,8,7,3
15715,4,5,7,5,3,7,3,3,8,7,8
15716,1,7,6,2,0,8,0,9,5,6,5
15717,4,5,8,9,3,4,3,3,8,7,3
15718,8,2,5,5,9,9,8,4,6,9,2
15719,8,2,7,5,9,7,8,3,8,9,8
15720,7,1,0,3,4,6,1,5,7,3,4
15721,8,2,5,5,9,9,8,4,6,9,8
15722,1,7,6,2,0,8,0,9,5,6,5
15723,2,3,4,6,8,2,6,8,9,5,6
15724,0,4,7,0,2,7,4,4,6,8,0
15725,0,4,7,0,2,7,4,4,6,8,2
15726,7,1,0,3,4,6,1,5,7,3,4
15727,4,5,8,9,3,4,3,3,8,7,3
15728,9,7,9,2,0,1,0,9,2,6,5
15729,8,2,7,5,9,7,8,4,6,9,8
15730,1,7,6,2,0,8,0,9,5,6,5
15731,6,0,2,4,1,5,9,3,1,2,9
15732,0,8,3,0,2,0,4,1,4,8,0
15733,4,5,8,9,3,4,3,0,8,7,3
15734,3,6,1,8,5,3,2,6,0,1,1
15735,8,2,7,5,9,7,8,4,6,9,8
15736,6,5,2,7,1,5,9,2,3,2,9
15737,8,2,7,5,9,7,8,4,6,9,8
15738,7,1,0,3,4,6,1,5,7,3,4
15739,2,3,4,6,8,2,6,8,9,5,6
15740,9,9,9,2,7,1,5,7,2,0,5
15741,8,2,7,5,9,7,8,4,6,9,8
15742,7,1,0,3,4,6,1,5,7,3,4
15743,8,2,7,5,9,7,8,3,6,9,8
15744,4,5,8,9,3,4,3,0,8,7,3
15745,8,2,7,5,9,7,8,4,6,9,8
15746,0,4,7,0,2,7,4,4,6,8,0
15747,2,2,4,5,8,2,6,3,6,5,8
15748,1,7,6,2,0,8,0,9,5,6,5
15749,2,3,4,6,8,2,6,8,9,5,6
15750,1,7,6,2,0,8,0,9,5,6,5
15751,4,5,2,9,3,5,3,3,8,7,8
15752,0,4,7,0,2,7,4,1,4,8,0
15753,3,0,1,4,5,3,2,6,1,1,1
15754,0,4,5,0,2,9,4,1,4,8,2
15755,8,2,7,5,9,7,8,4,6,9,8
15756,4,5,8,9,3,4,3,0,8,7,3
15757,2,3,4,6,8,2,6,8,9,5,6
15758,1,7,6,2,0,8,0,9,5,6,5
15759,4,0,8,4,3,4,3,3,1,7,3
15760,7,1,0,3,4,6,1,5,7,3,4
15761,3,0,1,4,5,3,2,6,1,1,1
15762,7,1,0,3,4,6,1,5,7,3,4
15763,9,9,9,2,7,1,5,7,2,0,5
15764,7,1,0,3,4,6,1,5,7,3,4
15765,3,0,1,4,5,3,2,3,1,1,1
15766,1,7,6,2,0,8,0,9,5,6,5
15767,4,5,8,9,3,4,3,3,8,7,3
15768,7,1,0,3,4,6,1,5,7,3,4
15769,8,2,7,5,9,7,8,3,6,9,8
15770,3,6,1,8,5,3,2,6,0,1,1
15771,9,5,9,2,7,1,5,3,2,0,5
15772,1,7,6,2,0,8,0,8,5,6,5
15773,8,2,7,5,9,7,8,3,6,9,8
15774,1,7,6,2,0,8,0,9,5,6,5
15775,2,3,4,6,8,2,6,8,9,5,6
15776,1,7,6,2,0,8,0,9,5,6,5
15777,3,0,1,4,5,3,2,6,1,1,1
15778,5,8,3,1,6,0,7,1,4,4,0
15779,5,8,3,1,6,0,7,3,4,4,7
15780,4,5,8,9,3,4,3,0,8,7,3
15781,4,5,8,2,3,4,3,3,8,7,5
15782,2,3,4,6,8,2,6,8,9,5,6
15783,8,2,7,5,9,7,8,1,8,9,8
15784,5,4,3,1,6,0,7,1,4,4,7
15785,2,3,4,6,8,2,6,8,9,5,6
15786,1,7,6,2,0,8,0,9,5,6,5
15787,8,2,7,5,9,7,8,4,6,9,8
15788,4,5,8,9,3,4,3,0,8,7,3
15789,9,9,9,2,7,1,5,7,2,0,5
15790,1,7,6,2,0,8,0,9,5,6,5
15791,4,5,8,9,3,4,3,3,8,7,8
15792,0,4,5,0,2,9,4,4,6,8,2
15793,2,3,4,6,8,2,6,3,9,5,6
15794,2,3,4,6,8,2,6,3,9,5,6
15795,3,0,1,4,5,3,2,3,1,1,1
15796,6,5,2,7,1,5,9,2,3,2,9
15797,4,0,8,4,3,4,3,0,1,7,3
15798,2,0,4,4,8,2,6,8,1,5,6
15799,6,5,2,7,1,5,9,2,3,2,9
15800,2,3,4,6,8,2,6,8,9,5,6
15801,8,2,5,5,9,9,8,4,6,9,2
15802,6,9,2,7,1,5,9,2,3,2,9
15803,9,9,9,7,7,1,5,7,2,0,9
15804,2,3,4,6,8,2,6,8,9,5,6
15805,9,9,9,2,7,1,5,7,2,0,5
15806,4,5,8,9,3,4,3,0,8,7,3
15807,2,3,4,6,8,2,6,8,9,5,6
15808,8,2,5,5,9,9,8,4,6,9,2
15809,9,9,9,2,7,1,5,7,2,0,5
15810,7,1,0,3,4,6,1,5,7,3,4
15811,8,2,5,5,9,9,8,4,6,9,8
15812,9,9,9,2,7,1,5,3,2,0,8
15813,9,9,9,2,7,1,5,7,2,0,5
15814,3,6,1,8,5,3,2,6,0,1,1
15815,8,2,5,5,9,9,8,3,6,9,8
15816,7,1,0,3,4,6,1,5,7,3,4
15817,2,3,4,6,8,2,6,8,9,5,6
15818,0,4,5,0,2,9,4,4,6,8,2
15819,2,0,4,4,8,2,6,3,1,5,6
15820,7,1,0,2,4,6,1,5,7,3,4
15821,8,2,7,5,9,7,8,4,6,9,8
15822,5,8,3,1,6,0,7,1,4,4,7
15823,6,5,2,7,1,5,9,2,3,2,9
15824,8,2,5,5,9,9,8,4,6,9,8
15825,3,6,1,8,5,3,2,6,0,1,1
15826,4,5,8,9,3,4,3,0,8,7,3
15827,8,2,7,5,9,7,8,4,6,9,8
15828,3,6,1,8,5,3,2,6,0,1,1
15829,6,5,2,7,1,5,9,3,3,2,8
15830,5,8,3,1,6,0,7,1,4,4,7
15831,4,5,8,9,3,4,3,0,8,7,3
15832,5,8,5,1,6,9,7,1,4,4,7
15833,8,2,5,5,9,9,8,4,6,9,8
15834,0,4,0,0,2,6,4,5,7,8,0
15835,9,9,9,2,7,1,5,7,2,0,5
15836,9,9,9,2,7,1,5,7,2,0,5
15837,8,2,7,5,9,7,8,4,6,9,8
15838,1,7,6,2,0,8,0,9,5,6,5
15839,4,5,8,9,3,4,3,0,8,7,3
15840,0,4,7,0,2,7,4,1,4,8,0
15841,9,9,7,5,7,7,5,3,2,0,8
15842,0,4,3,0,2,0,4,1,4,8,0
15843,9,5,9,7,7,1,5,3,2,0,9
15844,5,8,3,1,6,0,7,1,4,4,0
15845,6,5,2,7,1,5,9,2,3,2,9
15846,6,9,2,7,1,5,9,2,3,2,9
15847,7,1,0,3,4,6,1,5,7,3,4
15848,7,1,0,3,4,6,1,5,7,3,4
15849,0,4,3,0,2,0,4,1,4,8,2
15850,7,1,0,3,4,6,1,5,7,3,4
15851,9,9,9,2,7,1,5,7,2,0,5
15852,0,4,7,0,2,7,4,1,4,8,0
15853,6,5,2,7,1,5,9,3,3,2,8
15854,2,3,4,6,8,2,6,8,9,5,6
15855,4,5,8,9,3,4,3,3,8,7,3
15856,0,4,5,0,2,9,4,4,6,8,2
15857,2,5,4,5,8,2,6,3,6,5,8
15858,0,4,3,0,2,0,4,1,4,8,0
15859,8,2,5,5,9,9,8,4,6,9,2
15860,1,7,6,2,0,8,0,9,5,6,5
15861,2,3,4,6,8,2,6,8,9,5,6
15862,4,5,8,9,3,4,3,0,8,7,3
15863,3,0,1,4,5,3,2,6,1,1,1
15864,3,6,1,8,5,3,2,6,0,1,1
15865,1,7,6,2,0,8,0,9,5,6,5
15866,5,8,3,1,6,0,7,1,4,4,7
15867,1,7,6,3,0,8,0,9,5,6,4
15868,7,1,0,3,4,6,1,5,7,3,4
15869,1,7,6,0,0,8,0,9,5,6,0
15870,4,5,8,9,3,4,3,0,8,7,3
15871,8,2,7,5,9,7,8,4,6,9,8
15872,7,1,0,3,4,6,1,5,7,3,4
15873,9,9,9,2,7,1,5,7,2,0,5
15874,7,1,0,3,4,6,1,5,7,3,4
15875,4,5,8,9,3,4,3,3,8,7,3
15876,0,4,7,0,2,7,4,1,4,8,0
15877,8,2,5,5,9,9,8,4,6,9,2
15878,1,7,6,2,0,8,0,9,5,6,5
15879,2,3,4,6,8,2,6,8,9,5,6
15880,7,1,0,3,4,6,1,5,7,3,4
15881,8,2,7,5,9,7,8,4,6,9,8
15882,3,6,1,8,5,3,2,6,0,1,1
15883,3,0,1,4,5,3,2,6,1,1,1
15884,2,3,4,6,8,2,6,8,9,5,6
15885,9,9,9,2,7,1,5,7,2,0,5
15886,7,1,0,3,4,6,1,5,7,3,4
15887,1,7,6,2,0,8,0,9,5,6,5
15888,1,7,6,2,0,8,0,9,5,6,5
15889,7,1,0,3,4,6,1,5,7,3,4
15890,3,0,1,4,5,3,2,6,1,1,1
15891,8,2,7,5,9,7,8,4,6,9,8
15892,0,4,7,0,2,7,4,1,4,8,0
15893,4,5,8,9,3,4,3,3,8,7,3
15894,1,7,6,3,0,8,0,9,5,6,4
15895,8,2,5,5,9,9,8,4,6,9,2
15896,4,5,8,9,3,4,3,0,8,7,3
15897,2,3,4,6,8,2,6,8,9,5,6
15898,1,7,6,2,0,8,0,9,5,6,5
15899,2,2,4,5,8,2,6,8,9,5,8
15900,0,4,5,0,2,9,4,1,4,8,2
15901,3,0,1,4,5,3,2,6,1,1,1
15902,6,5,2,7,1,5,9,2,3,2,9
15903,9,9,9,2,7,1,5,7,2,0,5
15904,3,6,1,8,5,3,2,6,0,1,1
15905,7,1,0,3,4,6,1,5,7,3,4
15906,8,2,5,5,9,9,8,4,6,9,2
15907,7,1,0,3,4,6,1,5,7,3,4
15908,4,5,8,9,3,4,3,0,8,7,3
15909,8,2,5,5,9,9,8,4,6,9,8
15910,3,6,1,8,5,3,2,6,0,1,1
15911,2,3,4,6,8,2,6,8,9,5,6
15912,0,4,3,0,2,0,4,1,4,8,0
15913,9,9,9,2,7,1,5,7,2,0,8
15914,4,5,8,9,3,4,3,0,8,7,3
15915,2,3,4,6,8,2,6,8,9,5,6
15916,5,8,3,1,6,0,7,1,4,4,7
15917,4,5,8,9,3,4,3,0,8,7,3
15918,2,3,7,6,8,7,6,8,9,5,0
15919,2,3,4,6,8,2,6,8,9,5,6
15920,1,7,6,2,0,8,0,9,5,6,5
15921,9,9,9,2,7,1,5,7,2,0,5
15922,5,8,3,1,6,0,7,1,4,4,7
15923,0,4,5,0,2,9,4,4,6,8,2
15924,4,5,8,9,3,4,3,0,8,7,3
15925,6,5,2,7,1,5,9,2,3,2,9
15926,3,6,1,8,5,3,2,6,0,1,1
15927,0,4,7,0,2,7,4,4,6,8,0
15928,3,6,1,8,5,3,2,6,0,1,1
15929,9,9,9,2,7,1,5,7,2,0,5
15930,7,1,0,3,4,6,1,5,7,3,4
15931,8,2,7,5,9,7,8,4,6,9,8
15932,5,8,3,1,6,0,7,6,0,4,7
15933,9,9,9,2,7,1,5,7,2,0,5
15934,3,0,1,4,5,3,2,3,1,1,1
15935,2,3,7,6,8,7,6,8,9,5,6
15936,7,1,0,3,4,6,1,5,7,3,4
15937,2,3,4,6,8,2,6,8,9,5,6
15938,1,7,6,3,0,8,0,9,5,6,4
15939,8,2,5,5,9,9,8,4,6,9,2
15940,1,7,6,2,0,8,0,7,5,6,5
15941,2,3,7,6,8,7,6,8,9,5,0
15942,6,5,2,7,1,5,9,2,3,2,9
15943,8,2,7,5,9,7,8,4,6,9,8
15944,0,4,7,0,2,7,4,1,4,8,0
15945,0,4,0,0,2,6,4,8,9,8,4
15946,3,6,1,8,5,3,2,6,0,1,1
15947,2,3,4,6,8,2,6,8,9,5,6
15948,9,5,2,7,1,5,9,2,2,2,9
15949,9,9,9,2,7,1,5,7,2,0,5
15950,8,3,7,6,9,7,8,8,9,9,8
15951,4,5,8,9,3,4,3,3,8,7,3
15952,8,2,5,5,9,9,8,4,6,9,8
15953,8,2,5,5,9,9,8,4,6,9,8
15954,0,8,3,1,6,0,7,1,4,4,0
15955,3,0,1,4,5,3,2,3,1,1,1
15956,2,3,4,6,8,2,6,8,9,5,6
15957,4,5,8,9,3,4,3,0,8,7,3
15958,9,9,9,2,7,1,5,7,2,0,5
15959,9,9,9,2,7,1,5,7,2,0,5
15960,4,5,8,9,3,4,3,0,8,7,3
15961,9,9,9,2,7,1,5,7,2,0,5
15962,1,7,6,2,0,8,0,7,5,6,5
15963,0,4,3,0,2,0,4,1,4,8,0
15964,1,7,6,2,0,8,0,9,5,6,5
15965,3,0,1,4,5,3,2,3,1,1,1
15966,6,9,2,7,1,5,9,2,3,2,9
15967,9,9,9,2,7,1,5,7,2,0,5
15968,7,1,0,3,4,6,1,5,7,3,4
15969,1,7,6,2,0,8,0,3,5,6,5
15970,0,4,7,0,2,7,4,4,6,8,0
15971,3,0,1,4,5,3,2,3,1,1,1
15972,5,8,3,1,6,0,7,1,4,4,0
15973,0,4,7,0,2,7,4,8,6,8,0
15974,9,9,9,2,7,1,5,7,2,0,5
15975,1,7,6,9,0,8,0,9,5,6,3
15976,0,4,5,0,2,9,4,1,4,8,2
15977,9,9,9,2,7,1,5,7,2,0,5
15978,4,5,8,9,3,4,3,0,8,7,3
15979,8,2,7,5,9,7,8,4,6,9,8
15980,1,7,6,2,0,8,0,9,5,6,5
15981,8,2,7,5,9,7,8,4,6,9,8
15982,6,5,2,7,1,5,9,2,3,2,9
15983,8,2,5,5,9,9,8,4,6,9,8
15984,7,1,0,3,4,6,1,5,7,3,4
15985,4,5,8,9,3,4,3,3,8,7,3
15986,7,1,0,3,4,6,1,5,7,3,4
15987,9,9,9,2,7,1,5,7,2,0,5
15988,1,7,6,2,0,8,0,9,5,6,5
15989,9,9,9,2,7,1,5,7,2,0,5
15990,1,7,6,2,0,8,0,9,5,6,5
15991,9,9,9,5,7,1,5,7,2,0,8
15992,3,6,1,8,5,3,2,6,0,1,1
15993,3,0,1,4,5,3,2,3,1,1,1
15994,6,5,2,7,1,5,9,2,3,2,9
15995,4,5,8,9,3,4,3,3,8,7,3
15996,2,3,4,6,8,2,6,3,9,5,6
15997,8,2,5,5,9,9,8,4,6,9,8
15998,8,4,5,5,9,9,8,4,6,9,2
15999,9,9,9,2,7,1,5,7,2,0,5
16000,2,3,4,6,8,2,6,8,9,5,6
16001,6,5,2,7,1,5,9,2,3,2,9
16002,9,9,4,2,8,2,6,3,2,5,5
16003,2,3,4,6,8,2,6,8,9,5,6
16004,8,2,5,5,9,9,8,4,6,9,8
16005,8,2,7,5,9,7,8,4,6,9,8
16006,5,8,3,1,6,0,7,1,4,4,7
16007,6,5,2,7,1,5,9,2,3,2,9
16008,8,2,7,5,9,7,8,4,6,9,8
16009,8,2,7,5,9,7,8,4,6,9,8
16010,7,1,0,3,4,6,1,5,7,3,4
16011,1,7,6,2,0,8,0,9,5,6,5
16012,1,7,6,2,0,8,0,9,5,6,5
16013,7,1,0,3,4,6,1,5,7,3,4
16014,9,9,9,2,7,1,5,7,2,0,5
16015,8,2,5,5,9,9,8,4,6,9,2
16016,0,4,5,0,2,9,4,9,5,8,2
16017,2,3,4,6,8,2,6,8,9,5,6
16018,6,1,2,7,1,5,9,2,3,2,5
16019,1,7,6,0,0,8,0,9,5,6,5
16020,5,8,3,1,6,0,7,1,4,4,0
16021,9,9,9,2,7,1,5,7,2,0,5
16022,7,6,0,8,4,6,1,5,0,3,4
16023,8,2,7,5,9,7,8,4,6,9,8
16024,6,5,2,7,1,5,9,2,3,2,9
16025,0,4,5,0,2,9,4,8,6,8,2
16026,7,3,0,6,4,6,1,8,9,3,4
16027,4,5,8,9,3,4,3,0,8,7,3
16028,7,1,0,3,4,6,1,5,7,3,4
16029,1,7,6,3,0,8,0,9,5,6,4
16030,6,5,2,7,1,5,9,2,3,2,9
16031,6,0,2,4,1,5,9,3,1,2,8
16032,4,5,8,9,3,4,3,0,8,7,3
16033,2,3,4,6,8,2,6,8,9,5,6
16034,0,4,7,0,2,7,4,4,6,8,0
16035,9,9,9,6,7,1,5,7,2,0,8
16036,1,7,6,2,0,8,0,9,5,6,0
16037,8,2,7,5,9,7,8,4,6,9,8
16038,7,1,0,3,4,6,1,5,7,3,4
16039,8,2,4,5,9,2,8,4,6,9,8
16040,1,7,6,2,0,8,0,9,5,6,5
16041,8,2,9,5,9,1,8,4,2,9,8
16042,7,1,0,3,4,6,1,5,7,3,4
16043,6,0,2,4,1,5,9,3,1,2,9
16044,0,4,7,0,2,7,4,1,4,8,0
16045,9,5,9,7,7,1,5,3,2,0,8
16046,6,5,2,7,1,5,9,2,3,2,9
16047,2,3,4,6,8,2,6,8,9,5,6
16048,5,8,3,1,6,0,7,1,4,4,7
16049,8,2,5,5,9,9,8,4,6,9,8
16050,1,7,6,2,0,8,0,9,5,6,5
16051,8,2,7,5,9,7,8,8,6,9,8
16052,8,2,5,5,9,9,8,4,6,9,2
16053,8,2,7,5,9,7,8,4,6,9,8
16054,4,5,8,9,3,4,3,3,8,7,3
16055,0,4,7,0,2,7,4,4,6,8,0
16056,4,1,0,9,3,6,3,0,7,7,3
16057,6,5,2,7,1,5,9,2,3,2,9
16058,6,3,2,7,1,5,9,2,3,2,9
16059,2,3,4,6,8,2,6,8,9,5,6
16060,6,5,2,7,1,5,9,2,3,2,9
16061,1,7,6,2,0,8,0,9,5,6,5
16062,1,7,6,2,0,8,0,9,5,6,5
16063,2,3,4,6,8,2,6,8,9,5,8
16064,4,5,8,9,3,4,3,0,8,7,3
16065,9,9,9,2,7,1,5,7,2,0,5
16066,7,1,0,3,4,6,1,5,7,3,4
16067,8,4,5,5,9,9,8,4,6,9,2
16068,5,8,3,1,6,0,7,1,4,4,7
16069,2,3,4,6,8,2,6,8,9,5,6
16070,4,5,8,9,3,4,3,0,8,7,3
16071,2,3,4,6,8,2,6,8,9,5,6
16072,7,1,0,3,4,6,1,5,7,3,4
16073,2,3,4,6,8,2,6,8,9,5,6
16074,7,1,0,3,4,6,1,5,7,3,4
16075,6,3,2,7,1,5,9,2,3,2,9
16076,1,7,6,2,0,8,0,9,5,6,5
16077,2,5,4,6,8,2,6,3,9,5,6
16078,7,1,0,3,4,6,1,5,7,3,4
16079,8,2,5,5,9,9,8,4,6,9,8
16080,1,7,6,2,0,8,0,9,5,6,5
16081,3,0,1,4,5,3,2,3,1,1,1
16082,0,4,3,0,2,0,4,1,4,8,0
16083,3,0,1,4,5,3,2,6,1,1,1
16084,7,1,0,3,4,6,1,5,7,3,4
16085,3,0,1,4,5,3,2,6,1,1,1
16086,9,9,9,2,7,1,5,7,2,0,5
16087,9,9,9,2,7,1,5,7,2,0,5
16088,4,5,8,9,3,4,3,3,8,7,3
16089,6,5,2,7,1,5,9,2,3,2,9
16090,5,8,3,1,6,0,7,1,4,4,7
16091,7,1,0,3,4,6,1,5,7,3,4
16092,2,3,4,6,8,2,6,8,9,5,6
16093,8,2,7,5,9,7,8,4,6,9,7
16094,5,8,3,1,6,0,7,1,4,4,7
16095,2,2,4,5,8,2,6,3,6,5,8
16096,9,9,9,2,7,1,5,3,2,0,5
16097,4,5,8,9,3,4,3,0,8,7,3
16098,5,8,3,1,6,0,7,1,4,4,7
16099,8,2,5,5,9,9,8,4,6,9,2
16100,5,8,3,1,6,0,7,1,4,4,7
16101,2,3,4,6,8,2,6,8,9,5,6
16102,9,9,9,2,7,1,5,7,2,0,5
16103,8,2,7,5,9,7,8,4,6,9,8
16104,6,5,2,7,1,5,9,2,3,2,9
16105,3,0,1,4,5,3,2,6,1,1,1
16106,0,4,3,0,2,0,4,1,4,8,0
16107,9,9,9,2,7,1,5,7,2,0,5
16108,6,1,2,7,1,5,9,2,3,2,9
16109,5,5,3,1,6,0,7,1,4,4,7
16110,1,7,6,2,0,8,0,9,5,6,5
16111,7,1,0,3,4,6,1,5,7,3,4
16112,2,1,4,3,8,2,6,5,9,5,6
16113,8,2,5,5,9,9,8,4,6,9,2
16114,2,3,4,6,8,2,6,8,9,5,6
16115,2,3,4,6,8,2,6,8,9,5,6
16116,7,1,0,3,4,6,1,5,7,3,4
16117,0,4,7,0,2,7,4,4,6,8,0
16118,4,5,8,9,3,4,3,0,8,7,3
16119,3,0,1,4,5,3,2,6,1,1,1
16120,2,3,4,6,8,2,6,8,9,5,6
16121,9,9,9,2,7,1,5,7,2,0,5
16122,2,2,4,5,8,2,6,3,6,5,8
16123,5,5,3,1,6,0,7,1,4,4,7
16124,1,5,6,2,0,8,0,9,5,6,5
16125,7,1,0,3,4,6,1,5,7,3,4
16126,0,4,7,0,2,7,4,1,4,8,0
16127,9,5,7,5,7,7,5,7,2,0,8
16128,2,3,4,6,4,2,6,8,9,5,6
16129,0,4,7,9,3,7,4,3,8,7,3
16130,1,7,6,2,0,8,0,9,5,6,5
16131,4,5,8,9,3,4,3,0,8,7,3
16132,5,8,3,1,6,0,7,1,4,4,7
16133,8,2,5,5,9,9,8,4,6,9,2
16134,7,1,0,3,4,6,1,5,7,3,4
16135,2,3,4,6,8,2,6,8,9,5,6
16136,3,6,1,8,5,3,2,6,0,1,1
16137,8,2,7,5,9,7,8,4,6,9,8
16138,8,2,5,5,9,9,8,4,6,9,2
16139,2,0,4,4,8,2,6,3,1,5,6
16140,6,5,2,7,1,5,9,2,3,2,9
16141,2,3,4,6,8,2,6,8,9,5,6
16142,5,8,3,1,6,0,7,1,4,4,7
16143,8,2,5,5,9,9,8,4,6,9,2
16144,2,0,4,4,8,2,6,3,1,5,6
16145,2,3,4,6,8,2,6,8,9,5,6
16146,6,5,2,7,1,5,9,2,3,2,9
16147,8,2,7,5,9,7,8,4,6,9,8
16148,1,7,6,2,0,8,0,9,5,6,5
16149,0,4,3,0,2,0,4,1,4,8,0
16150,0,4,3,0,2,0,4,1,4,8,2
16151,3,0,1,4,5,3,2,6,1,1,1
16152,5,8,3,1,6,0,7,1,4,4,7
16153,1,7,6,2,0,8,0,9,5,6,5
16154,7,1,0,3,4,6,1,5,7,3,4
16155,9,9,7,5,7,7,5,7,2,0,8
16156,2,7,6,2,8,8,6,3,5,5,6
16157,8,2,7,5,9,7,8,3,6,9,8
16158,7,1,0,3,4,6,1,5,7,3,4
16159,9,9,9,2,7,1,5,7,2,0,5
16160,1,7,6,2,0,8,0,9,5,6,5
16161,4,5,8,9,3,4,3,0,8,7,3
16162,8,2,5,5,9,9,8,4,6,9,8
16163,3,0,1,4,5,3,2,6,1,1,1
16164,1,7,6,2,0,8,0,9,5,6,5
16165,9,2,7,2,7,7,5,3,2,0,8
16166,6,5,2,7,1,5,9,2,3,2,9
16167,4,5,8,9,3,4,3,0,8,7,3
16168,0,4,3,0,2,0,4,1,4,8,0
16169,8,2,5,5,9,9,8,4,6,9,2
16170,5,8,3,1,6,0,7,1,4,4,7
16171,2,3,4,6,8,2,6,8,9,5,6
16172,2,3,4,6,8,2,6,8,9,5,6
16173,8,2,7,5,9,7,8,4,6,9,8
16174,7,1,0,3,4,6,1,5,7,3,4
16175,8,2,7,5,9,7,8,4,6,9,8
16176,6,5,2,7,1,5,9,2,3,2,9
16177,7,1,0,3,4,6,1,5,7,3,4
16178,3,6,1,8,5,3,2,6,0,1,1
16179,2,3,4,6,8,2,6,8,9,5,6
16180,0,4,3,0,2,0,4,1,4,8,0
16181,9,9,9,2,7,1,5,7,2,0,5
16182,2,3,4,6,8,2,6,8,9,5,6
16183,5,5,8,9,3,4,7,0,8,7,7
16184,2,3,4,6,8,2,6,8,9,5,6
16185,0,4,3,0,2,7,4,1,4,8,0
16186,0,4,5,0,2,9,4,4,6,8,2
16187,4,5,8,9,3,4,3,0,8,7,3
16188,5,5,8,9,3,4,7,0,8,7,7
16189,8,2,5,5,9,9,8,4,6,9,2
16190,7,1,0,3,4,6,1,5,7,3,4
16191,2,3,4,6,8,2,6,8,9,5,6
16192,3,6,1,8,5,3,2,6,0,1,1
16193,2,3,4,6,8,2,6,8,9,5,6
16194,0,4,5,0,2,9,4,4,6,8,2
16195,8,2,7,5,9,7,8,7,2,9,8
16196,3,6,1,8,5,3,2,6,0,1,1
16197,0,4,5,0,2,9,4,4,6,8,2
16198,9,9,9,2,7,1,5,7,2,0,5
16199,8,2,5,5,9,9,8,4,6,9,2
16200,7,1,0,3,4,6,1,5,7,3,4
16201,8,2,7,5,9,7,8,4,6,9,8
16202,7,1,0,3,4,6,1,1,7,3,4
16203,9,9,9,2,7,1,5,7,2,0,5
16204,1,7,6,2,0,8,0,9,5,6,5
16205,8,2,5,5,9,9,8,4,6,9,8
16206,0,4,7,0,2,7,4,1,4,8,0
16207,4,5,8,9,3,4,3,0,8,7,3
16208,5,8,3,1,6,0,7,1,4,4,0
16209,5,8,3,1,6,0,7,1,4,4,7
16210,7,1,0,3,4,6,1,5,7,3,4
16211,9,9,9,2,7,1,5,7,2,0,5
16212,9,9,9,2,7,1,5,7,2,0,5
16213,8,2,7,5,9,7,8,3,6,9,8
16214,5,8,3,1,6,0,7,1,4,4,7
16215,8,2,7,5,9,7,8,3,6,9,8
16216,5,8,3,1,6,0,7,1,4,4,7
16217,3,0,1,4,5,3,2,6,1,1,1
16218,1,7,6,2,0,8,0,9,5,6,5
16219,4,5,8,9,3,4,3,3,8,7,3
16220,7,1,0,3,4,6,1,5,7,3,4
16221,3,6,1,8,5,3,2,6,0,1,1
16222,1,7,6,2,0,8,0,9,5,6,5
16223,7,1,0,3,4,6,1,8,7,3,4
16224,1,7,6,2,0,8,0,9,5,6,5
16225,0,4,7,0,2,7,4,1,4,8,0
16226,0,4,5,0,2,9,4,1,4,8,2
16227,3,0,1,4,5,3,2,6,1,1,1
16228,1,7,6,2,0,8,0,9,5,6,5
16229,7,1,0,3,4,6,1,5,7,3,4
16230,7,1,0,3,4,6,1,5,7,3,4
16231,2,3,4,6,8,2,6,8,9,5,6
16232,2,3,7,6,8,7,6,8,9,5,0
16233,9,9,9,2,7,1,5,7,2,0,5
16234,1,7,6,2,0,8,0,9,5,6,5
16235,6,5,2,7,1,5,9,2,3,2,9
16236,9,9,9,2,7,1,5,7,2,0,5
16237,6,5,2,7,1,5,9,2,3,2,9
16238,2,0,4,4,8,2,6,3,1,5,6
16239,7,1,0,3,4,6,1,5,7,3,4
16240,0,4,5,0,2,9,4,1,4,8,2
16241,9,9,9,2,7,1,5,7,2,0,5
16242,7,1,0,3,4,6,1,5,7,3,4
16243,2,3,4,6,8,2,6,8,9,5,6
16244,4,1,8,9,3,4,3,0,8,7,3
16245,4,5,8,9,3,4,3,0,8,7,3
16246,2,3,4,6,8,2,6,8,9,5,6
16247,8,2,5,5,9,9,8,4,6,9,2
16248,0,4,5,0,2,9,4,1,4,8,0
16249,7,1,0,3,4,6,1,5,7,3,4
16250,5,8,3,1,6,0,7,1,4,4,7
16251,0,4,7,0,2,7,4,4,6,8,0
16252,7,1,0,3,4,6,1,5,7,3,4
16253,8,4,7,5,2,7,8,4,6,8,0
16254,9,9,9,2,7,1,5,7,2,0,5
16255,4,5,8,9,3,4,3,3,8,7,3
16256,0,4,3,0,2,0,4,1,4,8,0
16257,2,0,4,6,8,2,6,3,9,5,6
16258,4,5,8,9,3,4,3,0,8,7,3
16259,9,9,9,2,7,1,5,7,2,0,5
16260,7,1,0,3,4,6,1,5,7,3,4
16261,8,4,7,0,2,7,8,4,6,8,0
16262,1,7,6,2,0,8,0,9,5,6,5
16263,2,3,4,6,8,2,6,8,9,5,8
16264,9,9,9,2,7,1,5,7,2,0,5
16265,9,9,9,2,7,1,5,7,2,0,5
16266,7,1,0,3,4,6,1,5,7,3,4
16267,9,9,9,2,7,1,5,7,2,0,5
16268,7,1,0,3,4,6,1,5,7,3,4
16269,6,5,2,7,1,5,9,2,3,2,9
16270,0,4,7,0,2,7,4,4,6,8,0
16271,8,4,5,0,2,9,4,4,6,8,2
16272,0,4,3,0,2,0,4,1,4,8,2
16273,4,5,8,9,3,4,3,3,8,7,3
16274,7,1,6,3,4,8,1,9,5,3,4
16275,2,3,4,6,8,2,6,8,9,5,6
16276,7,1,0,3,4,6,1,5,7,3,4
16277,2,3,4,6,8,2,6,3,9,5,8
16278,1,7,6,2,0,8,0,9,5,6,5
16279,9,9,7,2,7,7,5,7,2,0,8
16280,0,4,3,0,2,0,4,1,4,8,0
16281,6,5,2,7,1,5,9,2,3,2,9
16282,0,4,3,0,2,0,4,1,4,8,0
16283,6,5,2,7,1,5,9,2,3,2,9
16284,7,3,0,3,4,6,1,8,9,3,4
16285,2,0,4,4,8,2,6,6,1,5,1
16286,5,6,1,8,6,3,7,6,0,4,7
16287,1,7,6,2,0,8,0,9,5,6,5
16288,5,8,3,1,6,0,7,1,4,4,7
16289,6,5,2,7,1,5,9,2,3,2,9
16290,0,4,7,0,2,7,4,9,5,8,0
16291,7,1,0,3,4,6,1,5,7,3,4
16292,1,7,6,2,0,8,0,9,5,6,5
16293,0,8,3,1,6,0,7,1,4,4,0
16294,6,5,2,7,1,5,9,2,3,2,9
16295,7,1,0,3,4,6,1,5,7,3,4
16296,2,3,4,6,8,2,6,8,9,5,6
16297,4,5,8,9,3,4,3,0,8,7,3
16298,4,5,8,9,3,4,3,0,8,7,3
16299,0,4,5,0,2,9,4,1,4,8,2
16300,1,7,6,2,0,8,0,9,5,6,5
16301,2,3,4,6,8,2,6,8,9,5,6
16302,5,8,3,1,6,0,7,1,4,4,7
16303,0,4,3,0,2,0,4,1,4,8,0
16304,1,4,6,0,0,8,0,9,5,6,5
16305,3,0,1,4,5,3,2,6,1,1,1
16306,3,6,1,8,5,3,2,6,0,1,1
16307,1,7,6,2,0,8,0,9,5,6,5
16308,9,9,9,2,7,1,5,7,2,0,5
16309,6,5,2,7,1,5,9,2,3,2,9
16310,7,1,0,3,4,6,1,5,7,3,4
16311,7,1,0,3,4,6,1,5,7,3,4
16312,0,4,3,0,2,0,4,1,4,8,0
16313,0,4,7,0,2,7,4,1,4,8,0
16314,5,8,3,1,6,0,7,1,4,4,7
16315,7,1,0,3,4,6,1,5,7,3,4
16316,0,4,5,0,2,9,4,4,6,8,2
16317,4,5,8,9,3,4,3,0,8,7,3
16318,3,0,1,4,5,3,2,6,1,1,1
16319,8,2,5,5,9,9,8,4,6,9,2
16320,6,5,2,7,1,5,9,2,3,2,9
16321,2,3,4,6,8,2,6,8,9,5,6
16322,7,1,0,3,4,6,1,5,7,3,4
16323,3,6,1,8,5,3,2,6,0,1,1
16324,8,2,5,5,9,9,8,4,6,9,2
16325,1,7,6,2,0,8,0,9,5,6,5
16326,3,6,1,8,5,3,2,6,0,1,1
16327,6,8,2,7,1,5,9,2,3,2,7
16328,9,9,9,2,7,1,5,7,2,0,5
16329,7,1,0,3,4,6,1,5,7,3,4
16330,5,8,3,1,6,0,7,1,4,4,7
16331,0,4,7,0,2,7,4,1,4,8,0
16332,6,5,2,7,1,5,9,0,3,2,7
16333,7,1,0,3,4,6,1,5,7,3,4
16334,1,7,6,2,0,8,0,9,5,6,5
16335,4,5,8,9,3,4,3,0,8,7,3
16336,7,1,0,3,4,6,1,5,7,3,4
16337,0,4,5,0,2,9,4,4,6,8,2
16338,8,2,7,5,9,7,8,4,6,9,8
16339,2,3,4,6,8,2,6,8,9,5,6
16340,2,3,4,6,8,2,6,8,9,5,6
16341,0,4,7,0,2,7,4,1,4,8,0
16342,0,8,3,0,2,0,4,1,4,8,0
16343,0,4,5,0,2,9,4,1,4,8,2
16344,7,1,0,3,4,6,1,5,7,3,4
16345,1,7,6,2,0,8,0,9,5,6,5
16346,1,7,6,2,0,8,0,3,5,6,5
16347,7,1,0,3,4,6,1,5,7,3,4
16348,1,7,6,2,0,8,0,9,5,6,5
16349,4,5,8,9,3,4,3,0,8,7,3
16350,0,4,3,0,2,0,4,1,4,8,0
16351,6,5,2,7,1,5,9,2,3,2,9
16352,3,0,1,4,5,3,2,6,1,1,1
16353,7,1,0,3,4,6,1,5,7,3,4
16354,2,2,4,5,8,2,6,3,9,5,6
16355,3,0,1,4,5,3,2,6,1,1,1
16356,7,1,0,3,4,6,1,5,7,3,4
16357,7,1,0,3,4,6,1,5,7,3,4
16358,7,1,0,3,4,6,1,5,7,3,4
16359,0,4,7,0,2,7,4,1,4,8,0
16360,5,8,3,1,6,0,7,1,4,4,7
16361,6,5,2,7,1,5,9,2,3,2,9
16362,9,9,9,2,7,1,5,7,2,0,5
16363,3,0,1,4,5,3,2,6,1,1,1
16364,7,1,0,3,4,6,1,5,7,3,4
16365,2,3,4,6,8,2,6,8,9,5,6
16366,7,1,0,3,4,6,1,5,7,3,4
16367,9,9,9,2,7,1,5,7,2,0,5
16368,1,7,6,2,0,8,0,9,5,6,5
16369,8,4,5,0,9,9,8,4,6,9,2
16370,7,1,0,3,4,6,1,5,7,3,4
16371,9,9,9,2,7,1,5,7,2,0,5
16372,7,1,0,3,4,6,1,5,7,3,4
16373,2,3,4,6,8,2,6,8,9,5,6
16374,4,5,8,9,3,4,3,3,8,7,3
16375,7,1,0,3,4,6,1,5,7,3,4
16376,4,3,4,6,3,8,3,8,9,7,3
16377,2,3,4,6,8,2,6,8,9,5,6
16378,5,5,2,7,1,5,9,2,3,2,7
16379,5,8,3,1,6,0,7,1,4,4,7
16380,0,4,7,0,2,7,4,1,4,8,0
16381,1,7,6,2,0,8,0,9,5,6,5
16382,7,1,0,3,4,6,1,5,7,3,4
16383,8,2,5,5,9,9,8,4,6,9,2
16384,1,7,6,3,0,8,0,9,5,6,0
16385,9,9,9,2,7,1,5,7,2,0,5
16386,6,1,2,7,1,5,9,2,3,2,9
16387,0,4,7,0,2,7,4,4,6,8,0
16388,0,4,3,0,2,0,4,1,4,8,0
16389,0,4,7,0,2,7,4,4,6,8,0
16390,6,5,2,7,1,5,9,2,3,2,9
16391,8,2,7,5,9,7,8,4,6,9,8
16392,1,7,6,2,0,8,0,9,5,6,5
16393,7,1,0,3,4,6,1,5,7,3,4
16394,0,8,3,1,6,0,7,1,4,4,0
16395,0,4,5,0,2,9,4,4,6,8,2
16396,3,6,1,8,5,3,2,6,0,1,1
16397,8,4,7,5,9,7,8,4,6,9,0
16398,2,3,4,6,8,2,6,8,9,5,0
16399,9,9,7,2,7,7,5,4,2,0,5
16400,7,1,0,3,4,6,1,5,7,3,4
16401,0,4,5,0,2,9,4,4,6,8,2
16402,3,6,1,8,5,3,2,6,0,1,1
16403,6,5,2,7,1,5,9,2,3,2,9
16404,6,5,2,7,1,5,9,2,3,2,9
16405,7,1,0,3,4,6,1,5,7,3,4
16406,2,3,4,6,8,2,6,8,9,5,6
16407,7,1,0,3,4,6,1,5,7,3,4
16408,7,1,0,3,4,6,1,5,7,3,4
16409,8,2,7,5,9,7,8,4,6,9,8
16410,4,5,8,9,3,4,3,0,8,7,3
16411,7,1,0,3,4,6,1,5,7,3,4
16412,3,6,1,8,5,3,2,6,0,1,1
16413,0,4,7,0,2,7,4,4,6,8,0
16414,7,1,0,3,4,6,1,5,7,3,4
16415,3,0,1,4,5,3,2,6,1,1,1
16416,2,3,4,6,8,2,6,8,9,5,6
16417,2,3,4,6,8,2,6,8,9,5,6
16418,1,7,6,2,0,8,0,9,5,6,5
16419,8,2,5,5,9,9,8,4,6,9,2
16420,0,4,5,0,2,9,4,1,4,8,2
16421,8,2,7,5,9,7,8,4,6,9,8
16422,0,4,7,0,2,7,4,4,6,8,0
16423,3,0,1,4,5,3,2,6,1,1,1
16424,2,3,4,6,8,2,6,8,9,5,6
16425,4,5,8,9,3,4,3,0,8,7,3
16426,7,1,0,3,4,6,1,5,7,3,4
16427,7,1,0,3,4,6,1,5,7,3,4
16428,3,6,1,8,5,3,2,6,0,1,1
16429,3,0,1,4,8,3,2,6,1,1,1
16430,5,5,8,1,6,4,7,0,8,4,7
16431,8,2,7,5,9,7,8,4,6,9,8
16432,1,3,6,6,0,8,0,8,9,6,5
16433,4,5,8,9,3,4,3,0,8,7,3
16434,8,2,7,5,9,7,8,4,6,9,8
16435,2,3,4,6,8,2,6,8,9,5,6
16436,4,5,8,9,3,4,3,3,8,7,3
16437,9,9,9,2,7,1,5,7,2,0,5
16438,0,4,7,0,2,7,4,4,6,8,0
16439,3,6,1,8,5,3,2,6,0,1,1
16440,0,4,7,0,2,7,4,8,6,8,0
16441,9,9,9,2,7,1,5,7,2,0,5
16442,2,3,4,6,8,2,6,8,9,5,6
16443,8,2,7,5,9,7,8,4,6,9,8
16444,7,1,0,3,4,6,1,5,7,3,4
16445,2,3,4,6,8,2,6,8,9,5,6
16446,5,8,3,1,6,0,7,1,4,4,0
16447,1,7,9,2,0,1,0,7,5,6,5
16448,8,2,7,5,9,7,8,3,8,9,8
16449,6,5,2,7,1,5,9,2,3,2,9
16450,5,8,3,1,6,0,7,1,4,4,7
16451,0,4,7,0,2,7,4,4,6,8,0
16452,4,5,8,9,3,4,3,0,8,7,3
16453,7,1,0,3,4,6,1,5,7,3,4
16454,0,4,3,0,2,0,4,1,4,8,0
16455,9,9,9,2,7,1,5,7,2,0,5
16456,6,5,2,7,1,5,9,2,3,2,9
16457,2,3,4,6,8,2,6,8,9,5,6
16458,1,7,6,2,0,8,0,9,5,6,5
16459,0,4,7,0,2,7,4,1,4,8,0
16460,3,6,1,8,5,3,2,6,0,1,1
16461,6,5,2,7,1,5,9,2,3,2,9
16462,1,7,6,3,0,8,0,9,5,6,6
16463,0,4,3,0,2,0,4,1,4,8,0
16464,8,2,7,5,9,7,8,4,6,9,8
16465,2,3,4,6,8,2,6,8,9,5,6
16466,0,4,3,0,2,0,4,1,4,8,0
16467,2,3,4,6,8,2,6,8,9,5,6
16468,1,7,6,2,0,8,0,9,5,6,5
16469,4,5,8,9,3,4,3,0,8,7,3
16470,5,8,3,1,6,0,7,1,4,4,7
16471,7,1,0,3,4,6,1,5,7,3,4
16472,9,9,9,2,7,1,5,7,2,0,5
16473,6,3,2,7,1,5,9,2,3,2,9
16474,4,5,8,9,3,4,3,0,8,7,3
16475,9,9,9,2,7,1,5,7,2,0,5
16476,0,8,3,1,6,0,4,1,4,4,0
16477,0,4,7,0,2,7,4,4,6,8,0
16478,0,4,5,0,2,9,4,4,6,8,2
16479,6,3,2,7,1,5,9,2,3,2,9
16480,0,4,3,0,2,0,4,1,4,8,0
16481,8,4,7,5,9,7,8,4,6,9,8
16482,6,5,2,7,1,5,9,2,3,2,9
16483,9,9,9,2,7,1,5,7,2,0,5
16484,3,6,1,8,5,3,2,6,0,1,1
16485,3,0,1,4,5,3,2,6,1,1,1
16486,7,1,0,3,4,6,1,5,7,3,4
16487,7,1,0,3,4,6,1,5,7,3,4
16488,4,5,8,9,3,4,3,0,8,7,3
16489,7,1,0,3,4,6,1,5,7,3,4
16490,7,1,0,3,4,6,1,5,7,3,4
16491,7,1,0,3,4,6,1,5,7,3,4
16492,7,1,0,3,4,6,1,5,7,3,4
16493,4,5,8,9,3,4,3,3,8,7,3
16494,7,1,0,3,4,6,1,5,7,3,4
16495,9,9,9,2,7,1,5,7,2,0,5
16496,8,2,5,5,9,9,8,4,6,9,8
16497,6,5,2,7,1,5,9,2,3,2,9
16498,3,6,1,8,5,3,2,6,0,1,1
16499,7,1,0,3,4,6,1,5,7,3,4
16500,2,3,4,6,8,2,6,8,9,5,6
16501,2,0,4,4,8,2,6,3,1,5,6
16502,7,1,0,3,4,6,1,5,7,3,4
16503,7,1,0,3,4,6,1,5,7,3,4
16504,7,1,0,3,4,6,1,5,7,3,4
16505,0,4,5,0,2,9,4,1,4,8,2
16506,4,5,8,9,3,4,3,0,8,7,3
16507,4,5,8,9,3,4,3,0,8,7,3
16508,1,7,6,2,0,8,0,9,5,6,5
16509,9,9,9,2,7,1,5,7,2,0,5
16510,7,1,0,3,4,6,1,5,7,3,4
16511,3,0,1,4,5,3,2,6,1,1,1
16512,7,1,0,3,4,6,1,5,7,3,4
16513,7,1,0,3,4,6,1,5,7,3,4
16514,0,4,5,0,2,9,4,1,4,8,2
16515,8,4,7,5,9,7,8,4,6,9,2
16516,3,6,1,8,5,3,2,6,0,1,1
16517,2,3,4,6,8,2,6,8,9,5,6
16518,3,6,1,8,5,3,2,6,0,1,1
16519,2,0,4,4,8,2,6,3,1,5,6
16520,3,6,1,8,5,3,2,6,0,1,1
16521,8,4,7,0,2,7,8,4,6,8,8
16522,0,4,3,0,2,0,4,1,4,8,0
16523,3,6,1,8,5,3,2,6,0,1,1
16524,0,4,5,0,2,9,4,4,6,8,2
16525,1,7,6,2,0,8,0,9,5,6,5
16526,8,2,7,5,9,7,8,4,6,9,8
16527,9,9,9,2,7,1,5,7,2,0,5
16528,5,8,3,1,6,0,7,1,4,4,7
16529,7,1,0,3,4,6,1,5,7,3,4
16530,7,1,0,3,4,6,1,5,7,3,4
16531,0,4,7,0,2,7,4,1,4,8,0
16532,6,5,2,7,1,5,9,2,3,2,9
16533,7,1,0,3,4,6,1,5,7,3,4
16534,1,5,6,2,0,8,0,9,8,6,5
16535,4,5,8,9,3,4,3,0,8,7,3
16536,1,7,6,2,0,8,0,9,5,6,5
16537,0,4,5,0,2,9,4,4,6,8,2
16538,4,5,8,9,3,4,3,0,8,7,3
16539,2,3,4,6,8,2,6,8,9,5,6
16540,4,5,8,9,3,4,3,0,8,7,3
16541,0,4,3,0,2,0,4,1,4,8,0
16542,0,8,3,1,6,0,7,1,4,4,0
16543,3,6,1,8,5,3,2,6,0,1,1
16544,1,7,6,2,0,8,0,9,5,6,5
16545,9,9,9,2,7,1,5,7,2,0,5
16546,9,9,9,2,7,1,5,7,2,0,5
16547,6,5,2,7,1,5,9,2,3,2,9
16548,0,4,5,0,2,9,4,1,4,8,2
16549,7,1,0,3,4,6,1,5,7,3,4
16550,3,0,1,4,5,3,2,0,1,1,1
16551,5,8,3,1,6,0,7,1,4,4,7
16552,7,1,0,3,4,6,1,5,7,3,4
16553,7,1,0,3,4,6,1,5,7,3,4
16554,2,3,4,6,8,2,6,8,9,5,6
16555,4,5,8,9,3,4,3,0,8,7,3
16556,7,1,0,3,4,6,1,5,7,3,4
16557,8,2,5,5,9,9,8,4,6,9,2
16558,5,8,3,1,6,0,7,1,4,4,7
16559,2,3,4,6,8,2,6,8,9,5,6
16560,2,3,3,6,8,7,6,8,9,5,0
16561,0,4,5,0,2,9,4,4,6,8,2
16562,1,7,6,2,0,8,0,9,5,6,5
16563,3,6,1,8,5,3,2,6,0,1,1
16564,1,7,6,2,0,8,0,9,5,6,5
16565,9,9,9,2,7,1,5,7,2,0,5
16566,0,4,7,0,2,7,4,4,6,8,0
16567,6,5,2,7,1,5,9,2,3,2,9
16568,5,8,3,1,6,0,7,1,4,4,0
16569,7,1,0,3,4,6,1,5,7,3,4
16570,0,4,3,0,2,0,4,1,4,8,0
16571,5,8,3,1,6,0,7,1,4,4,7
16572,3,5,1,8,5,3,2,0,0,1,1
16573,7,1,0,3,4,6,1,5,7,3,4
16574,7,1,0,3,4,6,1,5,7,3,4
16575,4,5,8,9,3,4,3,0,8,7,7
16576,6,5,2,7,1,5,9,2,3,2,9
16577,0,8,3,1,6,0,4,1,4,4,2
16578,5,8,3,1,6,0,7,1,4,4,7
16579,2,3,4,6,8,2,6,8,9,5,6
16580,0,4,3,0,2,8,4,1,4,8,0
16581,1,7,6,2,0,8,0,9,5,6,5
16582,2,4,7,0,8,7,6,3,9,8,0
16583,4,5,8,9,3,4,3,0,8,7,3
16584,7,1,0,3,4,6,1,5,7,3,4
16585,3,6,1,8,5,3,2,6,0,1,1
16586,2,3,4,6,8,2,6,8,9,5,6
16587,7,1,0,3,4,6,1,5,7,3,4
16588,5,8,3,1,6,0,7,1,4,4,7
16589,5,8,3,1,6,0,7,1,4,4,0
16590,4,6,8,9,3,4,3,0,8,7,7
16591,1,7,6,2,0,8,0,9,5,6,5
16592,5,8,3,1,6,0,7,1,4,4,7
16593,5,8,3,1,6,0,7,1,4,4,7
16594,0,4,5,0,2,9,4,4,6,8,2
16595,3,6,1,8,5,3,2,6,0,1,1
16596,8,2,5,5,9,9,8,4,6,9,2
16597,2,3,4,6,8,2,6,8,9,5,6
16598,3,6,1,8,5,3,2,6,0,1,1
16599,4,5,8,9,3,4,3,0,8,7,3
16600,0,7,6,0,0,8,0,9,5,6,0
16601,0,4,3,0,2,0,4,1,4,8,0
16602,5,8,3,1,6,0,7,1,4,4,7
16603,7,1,0,3,4,6,1,5,7,3,4
16604,4,0,8,9,3,4,3,3,8,7,3
16605,5,8,3,1,6,0,7,1,4,4,7
16606,2,0,4,4,8,2,6,3,1,5,6
16607,3,6,1,8,5,3,2,6,0,1,1
16608,1,7,6,2,0,8,0,9,5,6,5
16609,8,2,5,5,9,9,8,4,6,9,2
16610,1,7,6,2,0,8,0,9,5,6,5
16611,2,3,4,6,8,2,6,8,9,5,6
16612,5,8,3,1,6,0,7,0,8,4,7
16613,0,4,5,0,2,9,4,4,6,8,2
16614,1,7,6,2,0,8,0,9,5,6,5
16615,0,4,5,0,2,9,4,1,4,8,2
16616,4,5,8,9,3,4,3,0,8,7,3
16617,0,4,3,0,2,0,4,1,4,8,0
16618,3,6,1,8,5,3,2,6,0,1,1
16619,3,6,1,8,5,3,2,6,0,1,1
16620,6,1,2,7,1,5,9,2,3,2,9
16621,0,4,7,0,2,7,4,1,4,8,0
16622,0,4,7,0,2,7,4,9,5,8,0
16623,0,4,3,0,2,0,4,1,4,8,2
16624,8,2,4,5,9,2,8,3,6,9,8
16625,5,8,3,1,6,0,7,1,4,4,7
16626,7,1,0,3,4,6,1,5,7,3,4
16627,4,5,8,9,3,4,3,0,8,7,3
16628,2,2,4,6,8,2,6,8,9,5,6
16629,7,1,0,3,4,6,1,5,7,3,4
16630,0,4,5,0,2,9,4,1,4,8,0
16631,9,9,9,2,7,1,5,7,2,0,5
16632,4,7,6,9,0,8,3,3,5,6,3
16633,2,1,4,3,8,2,6,5,7,5,6
16634,3,0,1,4,5,3,2,6,1,1,1
16635,0,4,7,0,2,7,4,1,6,8,0
16636,1,7,6,2,0,8,0,9,5,6,5
16637,2,3,4,2,8,2,6,8,9,5,5
16638,8,2,5,5,9,9,8,4,6,9,8
16639,2,3,4,6,8,2,6,8,9,5,6
16640,3,6,1,8,5,3,2,6,0,1,1
16641,8,2,5,5,9,9,8,4,6,9,8
16642,3,6,1,8,5,3,2,6,0,1,1
16643,1,7,6,2,0,8,0,9,5,6,5
16644,1,7,6,2,0,8,0,9,5,6,5
16645,7,1,0,3,4,6,1,5,7,3,4
16646,2,3,4,6,8,2,6,8,9,5,6
16647,7,1,0,3,4,6,1,5,7,3,4
16648,4,5,8,9,3,4,3,3,8,7,3
16649,2,1,4,3,8,2,6,3,7,5,6
16650,6,5,2,7,1,5,9,2,3,2,9
16651,9,9,9,2,7,1,5,7,2,0,5
16652,8,2,7,5,9,7,8,4,6,9,8
16653,4,5,8,9,3,4,3,0,8,7,3
16654,6,5,2,7,1,5,9,2,3,2,9
16655,7,1,0,3,4,6,1,5,7,3,4
16656,1,7,6,2,0,8,0,9,5,6,5
16657,7,1,0,3,4,6,1,5,7,3,6
16658,1,7,6,2,0,8,0,9,5,6,5
16659,0,4,5,0,2,9,4,4,6,8,0
16660,1,7,6,2,0,8,0,9,5,6,5
16661,0,4,5,0,2,9,4,1,4,8,2
16662,6,5,2,7,1,5,9,2,3,2,9
16663,7,1,0,3,4,6,1,5,7,3,4
16664,1,7,6,2,0,8,0,9,5,6,5
16665,1,7,6,2,0,8,0,9,5,6,5
16666,4,5,8,9,3,4,3,0,8,7,3
16667,5,5,8,9,3,4,3,0,8,7,7
16668,4,5,8,9,3,4,3,3,8,7,3
16669,8,3,7,6,9,7,8,8,9,9,0
16670,1,7,6,2,0,8,0,9,5,6,5
16671,7,1,0,3,4,6,1,5,7,3,4
16672,5,8,3,1,6,0,7,1,4,4,7
16673,5,8,3,1,6,0,7,1,4,4,7
16674,1,7,6,2,0,8,0,9,5,6,5
16675,6,9,2,7,1,5,9,2,3,2,9
16676,4,5,8,9,3,4,3,0,8,7,3
16677,6,9,2,7,1,5,9,2,3,2,9
16678,7,1,0,3,4,6,1,5,7,3,2
16679,3,6,1,8,5,3,2,6,0,1,1
16680,0,4,3,0,2,0,4,1,4,8,0
16681,5,8,3,1,6,0,7,1,4,4,7
16682,7,1,0,3,4,6,1,5,7,3,4
16683,6,9,2,7,1,5,9,2,3,2,9
16684,4,5,8,9,3,4,3,0,8,7,3
16685,0,4,7,0,2,7,4,1,4,8,0
16686,9,9,9,2,7,1,5,7,2,0,5
16687,0,4,5,0,2,9,4,1,4,8,2
16688,2,3,4,6,8,2,6,8,9,5,6
16689,7,1,0,3,4,6,1,5,7,3,4
16690,5,8,3,1,6,0,7,1,4,4,7
16691,1,7,6,2,0,8,0,9,5,6,5
16692,7,1,0,3,4,6,1,5,7,3,4
16693,7,1,0,3,4,6,1,5,7,3,4
16694,1,7,6,2,0,8,0,9,5,6,5
16695,5,5,8,9,3,4,7,0,8,7,7
16696,8,2,5,5,9,9,8,4,6,9,2
16697,9,9,9,7,7,1,5,7,2,0,9
16698,5,4,3,9,3,0,7,1,4,7,0
16699,1,7,6,2,0,8,0,9,5,6,5
16700,0,4,3,0,2,0,4,1,4,8,0
16701,9,9,9,2,7,1,5,7,2,0,5
16702,5,8,3,1,6,0,7,1,4,4,0
16703,4,5,8,9,3,4,3,0,8,7,3
16704,0,4,3,0,2,0,4,1,4,8,2
16705,3,6,1,8,5,3,2,6,0,1,1
16706,0,4,7,0,2,7,4,4,6,8,0
16707,6,9,2,7,1,5,9,2,3,2,9
16708,7,1,0,3,4,6,1,5,7,3,4
16709,6,9,2,7,1,5,9,2,3,2,9
16710,8,2,9,5,9,1,8,4,6,9,8
16711,8,2,5,5,9,9,8,4,6,9,2
16712,0,4,5,0,2,9,4,1,4,8,2
16713,9,9,9,2,7,1,5,7,2,0,5
16714,9,9,9,2,7,1,5,7,2,0,5
16715,7,1,0,3,4,6,1,5,7,3,4
16716,2,3,4,6,8,2,6,3,9,5,6
16717,8,2,5,5,9,9,8,4,6,9,8
16718,1,7,6,2,0,8,0,9,5,6,5
16719,0,4,7,0,2,7,4,4,6,8,0
16720,1,7,6,2,0,8,0,9,5,6,5
16721,8,2,5,5,9,9,8,4,6,9,2
16722,1,7,6,2,0,8,0,9,5,6,5
16723,8,2,7,5,9,7,8,4,6,9,8
16724,7,1,0,3,4,6,1,8,7,3,4
16725,2,3,4,6,8,2,6,8,9,5,6
16726,4,5,8,9,3,4,3,3,8,7,3
16727,0,4,3,0,2,0,4,1,4,8,0
16728,5,8,8,1,6,4,7,0,8,4,7
16729,6,1,2,7,1,5,9,2,3,2,9
16730,9,9,9,2,7,1,5,7,2,0,5
16731,0,4,3,0,2,0,4,1,4,8,0
16732,7,1,0,3,4,6,1,5,7,3,4
16733,7,1,0,3,4,6,1,5,7,3,4
16734,5,8,3,1,6,0,7,1,4,4,7
16735,1,7,6,2,0,8,0,9,5,6,5
16736,4,5,8,9,3,4,3,0,8,7,3
16737,7,1,0,3,4,6,1,5,7,3,4
16738,5,8,3,1,6,0,7,1,4,4,7
16739,4,5,8,9,3,4,3,0,8,7,3
16740,0,4,7,0,2,7,4,4,6,8,0
16741,2,3,4,6,8,2,6,8,9,5,6
16742,1,7,6,2,0,8,0,9,5,6,5
16743,7,1,0,3,4,6,1,5,7,3,4
16744,6,5,2,7,1,5,9,2,3,2,9
16745,7,1,0,3,4,6,1,5,7,3,4
16746,4,5,8,9,3,4,3,0,8,7,3
16747,5,5,8,9,3,4,7,0,8,7,7
16748,7,1,0,3,4,6,1,5,7,3,4
16749,3,6,1,8,5,3,2,6,0,1,1
16750,1,7,6,2,0,8,0,9,5,6,5
16751,5,8,3,1,6,0,7,1,4,4,7
16752,2,3,4,6,8,2,6,8,9,5,6
16753,0,4,3,0,2,0,4,1,4,8,0
16754,5,5,3,1,6,5,7,2,3,4,7
16755,3,0,1,4,5,3,2,3,1,1,1
16756,8,2,7,5,9,7,8,4,6,9,8
16757,9,9,9,2,7,1,5,7,2,0,5
16758,3,0,1,4,5,3,2,6,1,1,1
16759,9,9,9,2,7,1,5,7,2,0,5
16760,6,0,2,7,1,5,9,2,3,2,9
16761,3,0,1,4,5,3,2,6,1,1,1
16762,2,3,4,6,8,2,6,8,9,5,6
16763,7,1,0,3,4,6,1,5,7,3,4
16764,7,1,0,3,4,6,1,5,7,3,4
16765,8,2,7,5,9,7,8,3,6,9,8
16766,5,5,8,1,6,4,7,0,8,4,7
16767,9,9,9,2,7,1,5,9,2,0,5
16768,1,7,6,2,0,8,0,9,5,6,5
16769,4,5,8,9,3,4,3,3,8,7,3
16770,0,4,7,0,2,7,4,1,4,8,0
16771,9,9,9,7,7,1,5,2,2,0,8
16772,6,5,2,7,1,5,9,2,3,2,9
16773,9,9,9,2,7,1,5,3,2,0,8
16774,7,1,0,3,4,6,1,5,7,3,4
16775,8,2,7,5,9,7,8,4,6,9,8
16776,0,4,3,0,2,0,4,1,4,8,0
16777,9,0,9,2,7,1,5,3,1,0,5
16778,5,8,3,1,6,0,7,1,4,4,7
16779,9,9,9,2,7,1,5,7,2,0,5
16780,7,1,0,3,4,6,1,5,7,3,4
16781,6,5,2,7,1,5,9,2,3,2,9
16782,4,5,8,9,3,4,3,0,8,7,3
16783,7,1,0,3,4,6,1,5,7,3,4
16784,7,1,0,3,4,6,1,5,0,3,4
16785,9,2,9,5,7,1,5,3,2,0,8
16786,4,5,8,9,3,4,3,0,8,7,3
16787,3,0,1,4,5,3,2,3,1,1,1
16788,4,5,8,9,3,4,3,0,8,7,3
16789,9,9,9,2,7,1,5,7,2,0,5
16790,7,1,0,3,4,6,1,5,7,3,4
16791,6,5,2,7,1,5,9,2,3,2,9
16792,4,5,8,9,3,4,3,0,8,7,3
16793,7,1,0,3,4,6,1,5,7,3,4
16794,6,1,2,7,1,5,9,2,3,2,9
16795,8,2,2,5,9,5,8,3,3,9,8
16796,5,5,8,1,6,4,7,0,8,4,7
16797,9,9,9,2,7,1,5,7,2,0,5
16798,2,3,4,6,8,2,6,8,9,5,6
16799,9,9,9,2,7,1,5,7,2,0,5
16800,0,4,3,0,2,0,4,1,4,8,2
16801,8,2,7,5,9,7,8,4,6,9,8
16802,5,8,3,1,6,0,7,1,4,4,7
16803,2,0,4,4,8,2,6,3,1,5,6
16804,0,4,3,0,2,0,4,1,4,8,0
16805,9,9,9,2,7,1,5,7,2,0,5
16806,0,4,7,0,2,7,4,1,4,8,0
16807,8,2,7,5,9,7,8,4,2,9,8
16808,5,8,3,1,6,0,7,1,4,4,7
16809,9,9,9,5,7,1,5,7,2,0,8
16810,6,5,2,7,1,5,9,2,3,2,9
16811,7,1,0,3,4,6,1,5,7,3,4
16812,7,1,0,3,4,6,1,5,7,3,4
16813,6,5,2,7,1,5,9,2,3,2,9
16814,8,2,7,5,9,7,8,4,6,9,8
16815,8,2,7,5,9,7,8,4,6,9,8
16816,5,8,3,1,6,0,7,1,4,4,7
16817,2,0,4,4,8,2,6,3,1,5,8
16818,5,8,3,1,6,0,7,0,8,4,7
16819,9,9,9,2,7,1,5,7,2,0,5
16820,5,3,3,6,6,0,7,8,9,4,7
16821,4,0,8,4,3,4,3,3,1,7,3
16822,4,6,8,8,3,4,3,0,0,7,7
16823,9,9,2,7,7,1,5,2,2,0,8
16824,9,3,9,2,7,1,5,8,9,0,5
16825,7,1,0,3,4,6,1,5,7,3,4
16826,7,1,0,3,4,6,1,5,7,3,4
16827,8,2,7,5,9,7,8,4,6,9,8
16828,4,5,4,9,3,2,3,8,9,7,3
16829,8,2,7,5,9,7,8,4,6,9,8
16830,1,7,6,2,0,8,0,3,5,6,5
16831,7,1,0,3,4,6,1,5,7,3,4
16832,2,7,6,6,8,8,6,9,5,5,6
16833,2,3,4,6,8,2,6,8,9,5,6
16834,7,1,0,3,4,6,1,5,7,3,4
16835,9,9,9,2,7,1,5,7,2,0,5
16836,0,4,5,0,2,9,4,4,6,8,2
16837,9,9,9,7,7,1,5,7,2,0,9
16838,9,9,9,2,7,1,5,7,2,0,5
16839,0,4,7,0,2,7,4,1,4,8,0
16840,0,4,3,0,2,0,4,1,4,8,2
16841,4,5,8,9,3,4,3,3,8,7,3
16842,8,2,5,5,9,9,8,4,6,9,2
16843,9,9,9,5,7,1,5,7,2,0,8
16844,5,8,3,1,6,0,7,1,4,4,7
16845,9,9,9,2,7,1,5,7,2,0,5
16846,0,4,3,0,2,0,4,1,4,8,0
16847,2,5,4,9,8,2,6,3,2,5,3
16848,8,2,5,5,9,9,8,4,6,9,5
16849,7,1,0,3,4,6,1,5,7,3,4
16850,5,8,3,1,6,0,7,1,4,4,7
16851,8,2,7,5,9,7,8,4,6,9,8
16852,0,4,5,0,2,9,4,1,4,8,2
16853,8,2,7,5,9,7,8,4,6,9,8
16854,0,4,3,0,2,0,4,1,4,8,0
16855,9,9,9,2,7,1,5,7,2,0,5
16856,5,8,3,1,6,0,7,1,4,4,7
16857,6,5,2,7,1,5,9,2,3,2,9
16858,6,5,2,7,1,5,9,3,3,2,9
16859,8,2,7,5,9,7,8,4,6,9,8
16860,7,1,0,3,4,6,1,5,7,3,4
16861,7,1,0,3,4,6,1,5,7,3,4
16862,2,3,4,6,8,2,6,8,9,5,6
16863,9,9,7,5,7,7,5,7,2,0,8
16864,2,3,4,6,8,2,6,8,9,5,6
16865,9,9,9,2,7,1,5,7,2,0,8
16866,3,6,1,8,5,3,2,6,0,1,1
16867,7,1,0,3,4,6,1,5,7,3,4
16868,7,6,0,8,4,6,1,5,0,3,4
16869,9,9,9,2,7,1,5,7,2,0,5
16870,7,1,0,3,4,6,1,5,7,3,4
16871,8,2,5,5,9,9,8,4,6,9,8
16872,9,9,9,2,7,1,5,7,2,0,5
16873,7,1,0,3,4,6,1,5,7,3,4
16874,5,8,3,1,6,0,7,2,3,4,7
16875,8,2,7,5,9,7,8,4,6,9,8
16876,1,7,6,2,0,8,0,9,5,6,5
16877,8,2,7,5,9,7,8,4,6,9,8
16878,5,8,3,1,6,0,7,1,4,4,7
16879,4,5,8,9,3,4,3,3,8,7,3
16880,2,3,4,6,8,2,6,8,9,5,5
16881,8,2,7,5,9,7,8,4,6,9,8
16882,0,4,3,0,2,0,4,1,4,8,0
16883,9,9,9,5,7,1,5,7,2,0,8
16884,5,8,3,1,6,7,7,1,4,4,7
16885,9,9,9,2,7,1,5,7,2,0,5
16886,0,4,3,0,2,0,4,1,4,8,0
16887,9,9,9,2,7,1,5,7,2,0,5
16888,5,8,3,1,6,0,7,0,8,4,7
16889,4,5,8,9,3,4,3,3,8,7,3
16890,4,5,8,9,3,4,3,0,8,7,3
16891,4,5,8,9,3,4,3,3,8,7,3
16892,2,4,4,0,8,2,6,4,9,5,6
16893,2,3,4,6,8,2,6,8,9,5,6
16894,6,5,2,7,1,5,9,2,3,2,7
16895,5,8,7,1,6,7,7,1,4,4,8
16896,4,5,8,9,3,4,3,0,8,7,3
16897,8,2,7,5,9,1,8,3,2,9,8
16898,4,5,8,9,3,4,3,0,8,7,3
16899,9,2,7,5,9,7,8,4,2,9,8
16900,7,1,0,3,4,6,1,5,7,3,4
16901,2,3,4,6,8,2,6,3,9,5,6
16902,7,1,0,2,4,6,1,5,7,3,5
16903,3,0,1,4,5,3,2,6,1,1,1
16904,1,7,6,2,0,8,0,9,5,6,5
16905,3,6,1,8,5,3,2,6,0,1,1
16906,1,7,6,2,0,8,0,9,5,6,5
16907,1,7,6,2,0,8,0,9,5,6,5
16908,7,1,0,3,4,6,1,5,7,3,4
16909,4,5,8,9,3,4,3,0,8,7,3
16910,2,3,4,6,8,2,6,8,9,5,6
16911,7,1,0,3,4,6,1,5,7,3,4
16912,0,8,3,1,2,0,4,1,4,8,0
16913,8,2,7,5,9,7,8,4,6,9,8
16914,1,7,6,2,0,8,0,9,5,6,5
16915,0,4,5,0,2,9,4,4,6,8,2
16916,6,5,2,7,1,5,9,2,3,2,9
16917,2,3,4,6,8,2,6,8,9,5,6
16918,1,7,6,2,0,8,0,9,5,6,0
16919,8,2,5,5,9,9,8,4,6,9,8
16920,8,3,7,6,9,7,8,8,9,9,8
16921,3,6,1,8,5,3,2,6,0,1,1
16922,7,1,0,3,4,6,1,5,7,3,4
16923,9,9,9,2,7,1,5,7,2,0,5
16924,7,1,0,3,4,6,1,5,7,3,4
16925,7,1,0,3,4,6,1,5,7,3,4
16926,5,8,7,1,6,0,7,3,4,4,8
16927,7,1,0,3,4,6,1,5,7,3,4
16928,3,6,1,8,5,3,2,6,0,1,1
16929,8,2,7,5,9,7,8,4,6,9,8
16930,1,7,6,2,0,8,0,9,5,6,5
16931,9,9,9,2,7,1,5,7,2,0,5
16932,1,7,6,2,0,8,0,9,5,6,5
16933,4,5,8,9,3,4,3,0,8,7,3
16934,5,8,3,1,6,0,7,1,4,4,7
16935,8,2,5,5,9,9,8,4,6,9,2
16936,4,5,8,9,3,4,3,3,8,7,3
16937,2,3,4,6,8,2,6,8,9,5,6
16938,1,7,6,2,0,8,0,9,5,6,5
16939,0,4,5,0,2,9,4,4,6,8,2
16940,5,8,3,1,6,0,7,1,4,4,7
16941,3,6,1,8,5,3,2,6,0,1,1
16942,0,8,3,1,6,0,4,1,4,4,0
16943,9,9,9,2,7,1,5,7,2,0,5
16944,9,9,9,2,7,1,5,7,2,0,5
16945,7,1,0,3,4,6,1,5,7,3,4
16946,1,7,6,2,0,8,0,9,5,6,5
16947,9,2,7,5,9,7,8,7,2,9,8
16948,1,7,6,2,0,8,0,9,5,6,5
16949,8,2,5,5,9,9,8,4,6,9,8
16950,1,7,6,2,0,8,0,9,5,6,5
16951,0,4,7,0,2,7,4,4,6,8,0
16952,7,1,0,3,4,6,1,5,7,3,4
16953,0,4,3,0,2,0,4,1,4,8,0
16954,7,1,0,3,4,6,1,5,7,3,4
16955,2,3,4,6,8,2,6,8,9,5,6
16956,2,3,4,6,8,2,6,8,9,5,6
16957,4,5,8,9,3,4,3,0,8,7,3
16958,6,5,2,7,1,5,9,2,3,2,9
16959,6,5,2,7,1,5,9,2,3,2,9
16960,1,7,6,2,0,8,0,9,5,6,5
16961,4,4,4,9,3,2,3,8,9,5,3
16962,0,4,5,0,2,9,4,1,4,8,2
16963,4,5,8,9,3,4,3,0,8,7,3
16964,2,3,4,6,8,2,6,3,9,5,8
16965,2,3,4,6,8,2,6,8,9,5,6
16966,8,2,5,5,9,9,8,4,6,9,8
16967,8,2,7,5,9,7,8,4,6,9,8
16968,0,4,3,0,2,0,4,1,4,8,0
16969,9,9,9,2,7,1,5,7,2,0,5
16970,9,2,9,5,9,1,8,7,2,9,8
16971,9,9,9,2,7,1,5,7,2,0,5
16972,8,2,7,5,9,7,8,8,6,9,0
16973,8,2,7,5,9,7,8,4,6,9,8
16974,7,1,0,3,4,6,1,5,7,3,4
16975,3,6,1,8,5,3,2,6,0,1,1
16976,4,5,8,9,3,4,3,0,8,7,3
16977,9,2,7,5,7,7,5,8,2,0,8
16978,9,9,9,2,7,1,5,7,2,0,5
16979,8,2,7,5,9,7,8,8,9,9,8
16980,7,1,0,3,4,6,1,5,7,3,4
16981,8,2,7,5,9,7,8,4,6,9,8
16982,0,4,3,0,2,0,4,1,4,8,0
16983,9,9,9,2,7,1,5,7,2,0,9
16984,8,2,5,5,9,9,8,4,6,9,2
16985,5,8,3,1,6,0,7,1,4,4,7
16986,0,4,3,0,2,0,4,1,4,8,0
16987,3,0,1,4,5,3,2,6,1,1,1
16988,1,7,6,2,0,8,0,9,5,6,5
16989,4,5,8,9,3,4,3,0,8,7,3
16990,8,2,5,5,9,9,8,4,6,9,8
16991,1,7,6,2,0,8,0,9,5,6,5
16992,5,8,3,1,6,0,7,1,4,4,7
16993,2,3,4,6,8,2,6,3,9,5,6
16994,7,1,0,3,4,6,1,5,7,3,4
16995,8,2,9,5,9,1,8,7,2,9,8
16996,5,8,3,1,6,0,7,1,4,4,0
16997,2,3,4,6,8,2,6,8,9,5,6
16998,4,7,6,9,0,8,3,3,5,6,3
16999,8,2,5,5,9,9,8,4,6,9,5
17000,7,1,0,3,4,6,1,5,7,3,4
17001,2,3,4,6,8,2,6,3,9,5,6
17002,8,2,7,5,9,7,8,4,6,9,8
17003,2,0,4,4,8,2,6,8,1,5,6
17004,4,5,8,9,3,4,3,3,8,7,3
17005,9,9,9,2,7,1,5,7,2,0,5
17006,7,1,0,3,4,6,1,5,7,3,4
17007,8,2,5,5,9,9,8,4,6,9,8
17008,5,5,8,9,3,4,7,0,8,7,7
17009,3,0,1,4,5,3,2,6,1,1,1
17010,0,8,3,1,6,0,7,1,4,4,0
17011,9,9,9,2,7,1,5,3,2,0,6
17012,1,7,6,2,0,8,0,9,5,6,5
17013,2,3,4,6,8,2,6,3,9,5,6
17014,4,5,8,9,3,4,3,0,8,7,3
17015,8,2,7,5,9,7,8,4,6,9,8
17016,7,1,0,3,4,6,1,5,7,3,4
17017,8,2,5,5,9,9,8,4,6,9,2
17018,5,8,3,1,6,0,7,1,4,4,7
17019,8,2,6,5,9,8,8,4,6,9,8
17020,0,4,7,0,2,7,4,4,6,8,0
17021,2,3,4,6,8,2,6,8,9,5,6
17022,1,7,6,2,0,8,0,9,5,6,5
17023,4,5,8,9,3,4,3,0,8,7,3
17024,7,1,0,3,4,6,1,8,7,3,4
17025,3,6,1,8,5,3,2,6,0,1,1
17026,7,1,0,3,4,6,1,5,7,3,4
17027,1,7,6,2,0,8,0,9,5,6,5
17028,1,7,6,2,0,8,0,9,5,6,5
17029,1,7,6,2,0,8,0,9,5,6,5
17030,1,7,6,2,0,8,0,9,5,6,5
17031,8,2,5,5,9,9,8,4,6,9,2
17032,1,7,6,2,0,8,0,9,5,6,5
17033,0,4,5,0,2,9,4,4,6,8,2
17034,1,7,6,2,0,8,0,3,5,6,5
17035,9,9,9,2,7,1,5,7,2,0,5
17036,2,3,4,6,8,2,6,8,9,5,6
17037,7,1,0,3,4,6,1,5,7,3,4
17038,7,1,0,3,4,6,1,5,7,3,4
17039,4,5,8,9,3,4,3,0,8,7,3
17040,7,1,0,3,4,6,1,5,7,3,4
17041,2,3,4,6,8,2,6,8,9,5,6
17042,9,9,9,2,7,1,5,7,2,0,5
17043,9,9,9,6,7,1,5,7,2,0,9
17044,0,4,7,0,2,7,4,4,6,8,0
17045,9,9,9,2,7,1,5,7,2,0,8
17046,6,5,2,7,1,5,9,2,3,2,9
17047,4,5,8,9,3,4,3,0,8,7,3
17048,5,6,1,8,5,3,7,6,0,1,7
17049,3,0,1,4,5,3,2,6,1,1,1
17050,3,0,1,4,5,3,2,6,1,1,1
17051,3,6,1,8,5,3,2,6,0,1,1
17052,7,1,0,3,4,6,1,8,7,3,4
17053,1,7,6,2,0,8,0,9,5,6,5
17054,0,4,5,0,2,9,4,1,4,8,2
17055,1,7,6,9,0,8,0,9,5,6,3
17056,7,3,0,3,4,6,1,8,9,3,4
17057,9,2,9,5,9,1,8,7,2,9,8
17058,1,7,6,2,0,8,0,9,5,6,5
17059,2,3,4,6,8,2,6,8,9,5,6
17060,7,1,0,3,4,6,1,5,7,3,4
17061,0,4,7,0,2,7,4,4,6,8,0
17062,7,1,6,3,4,8,1,5,7,3,4
17063,7,1,0,3,4,6,1,8,7,3,4
17064,3,6,1,8,5,3,2,6,0,1,1
17065,2,3,4,6,8,2,6,8,9,5,6
17066,1,7,6,2,0,8,0,3,5,6,5
17067,8,2,7,5,9,7,8,4,6,9,8
17068,8,4,5,0,9,9,8,4,6,9,2
17069,0,4,5,0,2,9,4,4,6,8,2
17070,6,5,2,7,1,5,9,2,3,2,9
17071,7,1,0,3,4,6,1,5,7,3,4
17072,1,7,6,2,0,8,0,9,5,6,5
17073,2,3,4,6,8,2,6,3,9,5,6
17074,5,8,3,1,6,0,7,1,4,4,7
17075,1,7,6,9,0,8,0,9,5,6,3
17076,5,8,3,1,6,0,7,1,4,4,7
17077,7,1,0,3,4,6,1,5,7,3,4
17078,6,5,2,7,1,5,9,2,3,2,9
17079,5,5,8,1,6,4,7,0,8,4,7
17080,6,5,2,7,1,5,9,2,3,2,9
17081,5,8,3,1,6,0,7,1,4,4,7
17082,1,7,6,2,0,8,0,9,5,6,5
17083,4,5,8,9,3,4,3,3,8,7,3
17084,7,1,0,3,4,6,1,5,7,3,4
17085,7,1,0,3,4,6,1,5,7,3,4
17086,0,8,3,1,2,0,4,1,4,8,0
17087,6,1,2,7,1,5,9,2,3,2,9
17088,7,1,0,3,4,6,1,5,7,3,4
17089,4,5,8,9,3,4,3,5,8,7,3
17090,1,7,6,2,0,8,0,9,5,6,5
17091,9,9,9,2,7,1,5,7,2,0,5
17092,0,4,7,0,2,7,4,1,4,8,0
17093,2,3,4,6,8,2,6,8,9,5,6
17094,2,1,4,3,8,2,6,5,7,5,6
17095,3,6,1,8,5,3,2,6,0,1,1
17096,0,4,3,0,2,0,4,1,4,8,0
17097,2,3,4,6,8,2,6,3,9,5,6
17098,5,5,2,7,1,5,9,0,3,2,7
17099,9,9,9,2,7,1,5,3,2,0,5
17100,7,1,0,3,4,6,1,5,7,3,4
17101,9,9,9,2,7,1,5,7,2,0,5
17102,5,8,3,1,6,0,7,1,4,4,7
17103,7,1,0,3,4,6,1,5,7,3,4
17104,7,1,0,3,4,6,1,5,7,3,4
17105,7,1,0,3,4,6,1,5,7,3,4
17106,4,0,4,4,8,2,6,3,1,5,3
17107,0,4,3,0,2,0,4,1,4,8,0
17108,3,6,1,8,5,3,2,6,0,1,1
17109,8,2,5,5,9,9,8,4,6,9,8
17110,2,3,4,7,8,2,6,2,3,5,6
17111,6,5,2,7,1,5,9,2,3,2,9
17112,4,5,8,9,3,4,3,3,8,7,3
17113,8,2,5,5,9,9,8,4,6,9,8
17114,8,2,5,5,9,9,8,4,6,9,2
17115,1,5,8,2,0,4,0,2,8,6,5
17116,7,1,0,3,4,6,1,5,7,3,4
17117,8,2,5,5,9,9,8,4,6,9,2
17118,0,4,7,0,2,7,4,8,9,8,0
17119,0,4,5,0,2,9,4,4,6,8,0
17120,9,9,9,2,7,1,5,9,2,0,5
17121,2,3,4,6,8,2,6,8,9,5,6
17122,3,6,1,8,5,3,2,6,0,1,1
17123,7,1,0,3,4,6,1,5,7,3,4
17124,7,1,0,3,4,6,1,5,7,3,4
17125,9,9,9,2,7,1,5,7,2,0,5
17126,4,5,8,9,3,4,3,0,8,7,3
17127,7,1,0,3,4,6,1,5,7,3,4
17128,8,2,7,5,9,7,8,8,6,9,8
17129,9,9,9,6,7,1,5,7,2,0,6
17130,1,7,6,2,0,8,0,9,5,6,5
17131,6,3,2,7,1,5,9,2,3,2,9
17132,9,9,9,2,7,1,5,7,2,0,5
17133,3,0,1,4,5,3,2,6,1,1,1
17134,3,6,1,8,5,3,2,6,0,1,1
17135,9,9,9,2,7,1,5,7,2,0,5
17136,0,4,5,0,2,9,4,1,4,8,2
17137,6,0,2,7,1,5,9,2,3,2,9
17138,7,1,0,3,4,6,1,5,7,3,4
17139,7,1,0,3,4,6,1,5,7,3,4
17140,8,2,5,5,9,9,8,4,6,9,2
17141,8,2,7,5,9,7,8,4,6,9,7
17142,0,4,3,0,2,0,4,1,4,8,0
17143,0,4,5,0,2,9,4,1,4,8,2
17144,8,2,5,5,9,9,8,4,6,9,8
17145,2,3,4,6,8,2,6,8,9,5,6
17146,7,1,0,3,4,6,1,5,7,3,4
17147,8,2,7,5,9,7,8,4,6,9,8
17148,7,1,0,3,4,6,1,5,7,3,4
17149,3,6,1,4,5,3,2,6,1,1,1
17150,4,5,8,9,3,4,3,0,8,7,3
17151,9,9,9,2,7,1,5,7,2,0,5
17152,0,8,3,1,6,0,7,1,4,4,0
17153,5,8,3,1,6,0,7,1,4,4,0
17154,7,1,0,3,4,6,1,5,7,3,4
17155,7,1,0,3,4,6,1,5,7,3,4
17156,2,1,4,3,8,2,6,5,7,5,6
17157,8,2,7,5,9,7,8,4,6,9,7
17158,5,8,3,1,6,0,7,1,4,4,7
17159,9,9,7,2,7,1,5,3,2,0,5
17160,2,3,4,6,8,2,6,8,9,5,6
17161,4,6,8,8,3,4,3,0,0,7,3
17162,2,3,4,6,4,2,6,8,9,5,6
17163,8,2,5,5,9,9,8,4,6,9,8
17164,5,5,8,1,6,4,7,0,8,4,7
17165,2,3,4,6,8,2,6,8,9,5,6
17166,0,4,7,0,2,7,4,1,4,8,0
17167,8,2,7,5,9,7,8,4,6,9,8
17168,4,5,8,9,3,4,3,3,8,7,3
17169,3,0,1,4,5,3,2,6,1,1,1
17170,7,1,0,3,4,6,1,8,7,3,4
17171,9,9,9,2,7,1,5,7,2,0,5
17172,7,1,0,3,4,6,1,5,7,3,4
17173,6,5,2,7,1,5,9,2,3,2,9
17174,4,5,7,9,3,7,3,0,8,7,8
17175,7,1,0,3,4,6,1,5,7,3,4
17176,4,5,8,9,3,4,3,3,8,7,3
17177,8,2,5,5,9,9,8,4,6,9,2
17178,7,1,0,3,4,6,1,5,7,3,4
17179,2,3,4,6,8,2,6,8,9,5,6
17180,1,7,6,2,0,8,0,9,5,6,5
17181,8,2,7,5,9,9,8,4,6,9,8
17182,4,5,8,9,3,4,3,3,8,7,3
17183,8,2,5,5,9,9,8,4,6,9,2
17184,1,7,6,2,0,8,0,9,5,6,5
17185,8,2,5,5,9,9,8,4,6,9,2
17186,5,8,3,1,6,0,7,1,4,4,7
17187,3,6,1,8,5,3,2,6,0,1,1
17188,5,8,3,1,6,0,7,1,4,4,7
17189,7,1,0,3,4,6,1,5,7,3,4
17190,1,7,6,2,0,8,0,9,5,6,5
17191,9,9,9,2,7,1,5,7,2,0,5
17192,7,1,0,3,4,6,1,5,7,3,4
17193,2,3,4,6,8,2,6,8,9,5,6
17194,2,3,4,6,8,2,6,8,9,5,6
17195,8,2,7,5,9,7,8,4,6,9,8
17196,2,3,4,6,8,2,6,8,9,5,6
17197,2,3,4,6,8,2,6,8,9,5,6
17198,0,4,3,0,2,0,4,1,4,8,0
17199,4,0,8,9,3,4,3,3,8,7,3
17200,3,6,1,8,5,3,2,6,0,1,1
17201,9,7,7,2,7,7,5,3,2,0,8
17202,6,5,2,7,1,5,9,2,3,2,9
17203,8,2,7,5,9,7,8,4,6,9,7
17204,5,5,3,1,6,0,7,0,4,4,7
17205,8,2,5,5,9,9,8,4,6,9,8
17206,0,4,3,0,2,0,4,1,4,8,2
17207,2,0,4,6,8,2,6,3,1,5,6
17208,7,1,0,3,4,6,1,3,7,3,4
17209,9,9,9,2,7,1,5,7,2,0,9
17210,2,3,4,6,8,2,6,8,9,5,6
17211,8,2,7,5,9,7,8,4,6,9,8
17212,6,5,2,7,1,5,9,2,3,2,9
17213,9,9,9,2,7,1,5,7,2,0,5
17214,4,5,8,9,3,4,3,0,8,7,3
17215,8,2,7,5,9,7,8,4,6,9,8
17216,0,4,2,0,2,5,4,8,9,8,0
17217,9,2,7,2,9,7,8,3,2,9,8
17218,5,8,3,1,6,0,7,1,4,4,7
17219,8,2,7,5,9,7,8,3,6,9,8
17220,8,2,5,5,9,9,8,4,6,9,8
17221,4,5,8,9,3,4,3,0,8,7,3
17222,1,7,6,2,0,8,0,9,5,6,5
17223,3,0,1,4,5,3,2,6,1,1,1
17224,2,3,4,6,8,2,6,8,9,5,6
17225,9,9,9,2,7,1,5,7,2,0,5
17226,0,4,5,0,2,9,4,1,4,8,0
17227,7,1,0,3,4,6,1,5,7,3,4
17228,8,2,5,5,9,9,8,4,6,9,2
17229,4,5,8,9,3,4,3,0,8,7,3
17230,9,9,9,2,7,1,5,7,2,0,5
17231,8,2,7,5,9,7,8,4,6,9,8
17232,1,7,6,2,0,8,0,9,5,6,5
17233,2,3,4,6,8,2,6,8,9,5,6
17234,0,4,7,0,2,7,4,4,6,8,0
17235,8,2,7,5,9,7,8,4,6,9,8
17236,3,6,1,8,5,3,2,6,0,1,1
17237,9,9,9,2,7,1,5,3,2,0,8
17238,5,8,3,1,6,0,7,1,4,4,7
17239,8,2,7,2,9,7,8,3,6,9,8
17240,9,9,9,2,7,1,5,7,2,0,5
17241,5,2,7,5,9,7,8,2,3,9,8
17242,7,1,0,3,4,6,1,5,7,3,4
17243,9,9,9,2,7,1,5,7,2,0,5
17244,6,3,2,7,1,5,9,2,3,2,9
17245,2,0,4,4,8,2,6,3,1,5,6
17246,2,3,4,6,8,2,6,2,9,5,6
17247,2,3,4,6,8,2,6,8,9,5,6
17248,8,2,5,5,9,9,8,4,6,9,2
17249,4,5,8,9,3,4,3,0,8,7,3
17250,5,8,3,1,6,0,7,1,4,4,7
17251,4,5,8,9,3,4,3,0,8,7,3
17252,4,5,8,9,3,4,3,0,8,7,3
17253,7,1,0,3,4,6,1,5,7,3,4
17254,1,7,6,2,0,8,0,9,5,6,5
17255,7,1,0,3,4,6,1,5,7,3,4
17256,5,8,3,1,6,0,7,1,4,4,7
17257,2,3,4,6,8,2,6,8,9,5,6
17258,7,1,0,3,4,6,1,5,7,3,4
17259,9,9,9,2,7,1,5,7,2,0,5
17260,9,9,9,2,7,1,5,7,2,0,5
17261,8,2,5,5,9,9,8,4,6,9,2
17262,1,7,6,2,0,8,0,9,5,6,5
17263,4,5,8,9,3,4,3,3,8,7,8
17264,7,1,0,3,4,6,1,5,7,3,4
17265,5,8,3,1,6,0,7,1,4,4,0
17266,6,5,2,7,1,5,9,2,3,2,9
17267,8,2,5,5,9,9,8,4,6,9,8
17268,5,8,3,1,6,0,7,1,4,4,0
17269,6,0,2,4,1,5,9,2,3,2,9
17270,7,3,0,6,4,6,1,8,9,3,4
17271,7,1,0,3,4,6,1,5,7,3,4
17272,6,5,2,7,1,5,9,2,3,2,9
17273,4,5,8,9,3,4,3,0,8,7,3
17274,4,1,8,9,3,4,3,3,8,7,3
17275,2,3,4,6,8,2,6,8,9,5,6
17276,0,4,3,0,2,0,4,1,4,8,0
17277,8,2,7,5,9,7,8,3,6,9,8
17278,0,4,5,0,2,9,4,1,4,8,2
17279,9,9,9,2,7,1,5,7,2,0,5
17280,7,1,0,3,4,6,1,5,7,3,4
17281,8,2,7,5,9,7,8,4,6,9,7
17282,0,4,7,0,2,7,4,4,6,8,0
17283,8,2,7,5,9,7,8,4,6,9,8
17284,5,6,2,8,1,5,7,0,0,2,7
17285,3,6,1,8,5,3,2,6,0,1,1
17286,1,7,6,2,0,8,0,9,5,6,5
17287,4,5,8,9,3,4,3,0,8,7,3
17288,7,1,0,3,4,6,1,5,7,3,4
17289,2,3,4,6,8,2,6,8,9,5,6
17290,2,3,4,6,8,2,6,8,9,5,0
17291,2,3,4,6,8,2,6,8,9,5,6
17292,1,7,6,2,0,8,0,9,5,6,5
17293,3,6,1,8,5,3,2,6,0,1,1
17294,7,1,0,3,4,6,1,5,7,3,4
17295,7,1,0,3,4,6,1,5,7,3,4
17296,5,8,5,1,6,9,7,1,4,4,2
17297,8,2,7,5,9,7,8,4,6,9,8
17298,7,1,0,3,4,6,1,5,7,3,4
17299,8,2,7,5,9,7,8,4,6,9,8
17300,0,8,3,1,2,0,4,1,4,8,0
17301,7,1,0,3,4,6,1,5,7,3,4
17302,1,3,6,2,0,8,0,9,5,6,5
17303,8,2,5,5,9,9,8,4,6,9,2
17304,3,0,1,4,5,3,2,3,1,1,1
17305,9,9,9,2,7,1,5,7,2,0,5
17306,0,4,5,0,2,9,4,4,6,8,2
17307,8,2,5,5,9,9,8,4,6,9,2
17308,7,1,0,3,4,6,1,5,7,3,4
17309,4,5,8,9,3,4,3,0,8,7,3
17310,0,4,3,0,2,0,4,1,4,8,0
17311,0,4,7,0,2,7,4,1,4,8,0
17312,7,1,0,3,4,6,1,5,7,3,4
17313,8,2,7,5,9,7,8,4,6,9,8
17314,3,6,1,8,5,3,2,6,0,1,1
17315,6,5,2,7,1,5,9,2,3,2,9
17316,0,4,5,0,2,9,4,4,6,8,2
17317,8,2,7,5,9,7,8,4,6,9,8
17318,7,1,0,3,4,6,1,5,7,3,4
17319,8,2,7,5,9,7,8,4,6,9,8
17320,7,1,0,3,4,6,1,5,7,3,4
17321,8,2,7,5,9,7,8,4,6,9,8
17322,7,6,0,8,4,6,1,9,0,3,4
17323,8,2,7,5,9,7,8,4,6,9,8
17324,7,1,0,3,4,6,1,5,7,3,4
17325,4,5,8,4,3,4,3,0,1,7,8
17326,4,5,8,9,3,4,3,0,8,7,3
17327,3,6,1,8,5,3,2,6,0,1,1
17328,2,3,4,6,8,2,6,8,9,5,6
17329,8,2,5,5,9,9,8,4,6,9,2
17330,7,1,0,3,4,6,1,5,7,3,4
17331,9,9,9,2,7,1,5,7,2,0,5
17332,5,5,8,9,3,4,7,0,8,7,7
17333,7,1,0,3,4,6,1,5,7,3,4
17334,2,3,4,6,8,2,6,3,9,5,6
17335,3,0,1,4,5,3,2,6,1,1,1
17336,6,3,2,7,1,5,9,2,3,2,9
17337,9,9,9,2,7,1,5,7,2,0,5
17338,2,3,4,6,8,2,6,8,9,5,0
17339,6,5,2,7,1,5,9,2,3,2,9
17340,0,4,5,0,2,9,4,4,6,8,2
17341,2,3,4,6,8,2,6,8,9,5,6
17342,5,8,3,1,6,0,7,1,4,4,7
17343,8,2,5,5,9,9,8,4,6,9,8
17344,4,5,8,9,3,4,3,0,8,7,3
17345,2,3,4,6,8,2,6,8,9,5,6
17346,5,8,3,1,6,0,7,1,4,4,7
17347,8,2,7,5,9,7,8,4,6,9,8
17348,7,1,0,3,4,6,1,5,7,3,4
17349,3,6,1,8,5,3,2,6,0,1,1
17350,0,4,3,0,2,0,4,1,4,8,2
17351,9,9,9,2,7,1,5,7,2,0,5
17352,7,1,6,3,4,8,1,9,7,3,4
17353,6,5,2,7,1,5,9,2,3,2,9
17354,1,7,6,2,0,8,0,9,5,6,5
17355,2,1,4,3,8,2,6,5,7,5,6
17356,8,2,5,5,9,9,8,4,6,9,8
17357,8,2,7,5,9,7,8,4,6,9,8
17358,7,3,0,6,4,6,1,8,9,3,4
17359,8,2,5,5,9,9,8,4,6,9,8
17360,3,0,1,4,5,3,2,6,1,1,1
17361,8,2,7,5,9,7,8,3,9,9,8
17362,0,3,7,6,2,7,4,8,9,8,0
17363,8,2,7,5,9,7,8,4,6,9,8
17364,1,7,6,2,0,8,0,9,5,6,5
17365,3,0,1,4,5,3,2,6,1,1,1
17366,2,3,4,6,8,2,6,5,9,5,6
17367,9,9,9,2,7,1,5,7,2,0,5
17368,8,2,5,5,9,9,8,4,6,9,8
17369,6,5,2,7,1,5,9,2,3,2,9
17370,8,2,5,5,9,9,8,4,6,9,8
17371,2,3,4,6,8,2,6,8,9,5,8
17372,5,8,3,1,6,0,7,1,4,4,7
17373,8,2,5,5,9,9,8,4,6,9,8
17374,6,5,2,7,1,5,9,2,3,2,9
17375,8,2,7,5,9,7,8,4,6,9,8
17376,3,6,1,8,5,3,2,6,0,1,1
17377,8,2,7,5,9,9,8,4,6,9,8
17378,1,7,6,2,0,8,0,9,5,6,5
17379,8,0,7,4,9,2,8,3,1,9,8
17380,0,4,5,0,2,9,4,4,6,8,0
17381,3,0,1,4,5,3,2,3,1,1,1
17382,5,5,8,1,6,4,7,0,8,4,7
17383,8,2,5,5,9,9,8,4,6,9,8
17384,8,2,7,5,9,7,8,4,6,9,8
17385,9,9,9,2,7,1,5,7,2,0,5
17386,7,1,0,3,4,6,1,5,7,3,4
17387,9,9,9,2,7,1,5,3,2,0,5
17388,8,2,5,5,9,9,8,4,6,9,2
17389,9,3,9,6,7,1,5,7,2,0,8
17390,5,8,3,1,6,0,7,1,4,4,7
17391,8,2,5,5,9,9,8,4,6,9,8
17392,7,1,0,3,4,6,1,5,7,3,4
17393,9,9,9,2,7,1,5,7,2,0,5
17394,1,7,6,2,0,8,0,9,5,6,5
17395,4,5,8,9,3,4,3,3,8,7,3
17396,4,5,8,9,3,4,3,0,8,7,3
17397,4,0,8,4,3,4,3,3,1,7,3
17398,8,2,7,5,9,7,8,4,6,9,8
17399,9,2,7,5,9,7,8,7,2,9,8
17400,7,1,0,3,4,6,1,5,7,3,4
17401,2,0,4,4,8,2,6,3,1,5,6
17402,9,9,9,2,7,1,5,7,2,0,5
17403,2,3,4,6,8,2,6,8,9,5,6
17404,7,1,0,3,4,6,1,5,7,3,4
17405,4,5,7,9,3,7,3,3,8,7,3
17406,1,7,6,2,0,8,0,9,5,6,5
17407,2,3,4,6,8,2,6,8,9,5,8
17408,4,5,8,9,3,4,3,0,8,7,7
17409,8,3,5,6,9,9,8,8,9,9,6
17410,5,8,3,1,6,0,7,1,4,4,7
17411,3,6,1,8,5,3,2,6,0,1,1
17412,0,8,3,1,6,0,4,1,4,4,0
17413,9,9,9,2,7,1,5,7,2,0,5
17414,7,1,0,3,4,6,1,5,7,3,4
17415,8,2,7,5,9,7,8,4,6,9,8
17416,4,5,8,9,3,4,3,0,8,7,3
17417,8,2,7,5,9,7,8,3,6,9,8
17418,9,9,9,2,7,1,5,7,2,0,5
17419,8,2,5,5,9,9,8,4,6,9,8
17420,8,2,5,5,9,9,8,4,6,9,8
17421,7,1,0,3,4,6,1,5,7,3,4
17422,1,7,6,2,0,8,0,9,5,6,5
17423,9,9,9,2,7,1,5,7,2,0,5
17424,5,8,3,1,6,0,7,1,4,4,7
17425,9,9,9,2,7,1,5,7,2,0,5
17426,5,5,8,9,3,4,7,0,8,7,7
17427,8,2,7,5,9,7,8,4,6,9,8
17428,5,8,3,1,6,0,7,1,4,4,7
17429,9,9,9,2,7,1,5,7,2,0,5
17430,1,7,6,2,0,8,0,9,5,6,5
17431,6,5,2,7,1,5,9,2,3,2,9
17432,6,5,2,7,1,5,9,2,3,2,9
17433,9,9,9,2,7,1,5,7,2,0,5
17434,8,2,5,5,9,9,8,4,6,9,2
17435,2,3,4,6,8,2,6,8,9,5,6
17436,7,1,0,3,4,6,1,5,7,3,4
17437,8,2,7,5,9,7,8,4,6,9,8
17438,9,9,9,2,7,1,5,7,2,0,5
17439,6,5,2,7,1,5,9,2,3,2,9
17440,0,4,3,0,2,0,4,1,4,8,0
17441,8,2,5,5,9,9,8,4,6,9,8
17442,7,1,0,3,4,6,1,5,7,3,4
17443,8,2,5,5,9,9,8,4,6,9,8
17444,5,8,3,1,6,0,7,1,4,4,7
17445,8,2,7,5,9,7,8,4,6,9,8
17446,2,3,4,6,8,2,6,8,9,5,6
17447,8,2,7,5,9,7,8,4,6,9,8
17448,6,5,2,7,1,5,9,2,3,2,9
17449,3,0,1,4,5,3,2,6,1,1,1
17450,0,4,6,0,2,8,4,9,5,8,0
17451,9,9,7,2,7,7,5,7,2,0,8
17452,3,6,1,8,5,3,2,6,0,1,1
17453,9,9,9,2,7,1,5,3,2,0,5
17454,2,0,4,4,8,2,6,8,1,5,6
17455,8,2,7,5,9,7,8,4,6,9,8
17456,7,1,0,3,4,6,1,5,7,3,4
17457,9,9,9,2,7,1,5,7,2,0,5
17458,3,6,1,8,5,3,2,6,0,1,1
17459,9,9,9,2,7,1,5,7,2,0,5
17460,7,3,0,6,4,6,1,8,9,3,6
17461,9,9,9,2,7,1,5,3,2,0,5
17462,3,6,1,8,5,3,2,6,0,1,1
17463,8,2,7,5,9,7,8,4,6,9,8
17464,7,1,0,3,4,6,1,5,7,3,4
17465,9,9,9,2,7,1,5,7,2,0,5
17466,3,6,1,8,5,3,2,6,0,1,1
17467,2,3,4,6,8,2,6,3,9,5,6
17468,7,1,0,3,4,6,1,5,7,3,4
17469,8,2,7,5,9,7,8,4,6,9,8
17470,7,1,0,3,4,6,1,5,7,3,4
17471,2,3,4,6,8,2,6,3,9,5,6
17472,9,9,9,2,7,1,5,7,2,0,5
17473,9,9,9,2,7,1,5,7,2,0,5
17474,0,4,7,0,2,7,4,1,4,8,0
17475,8,2,7,5,9,7,8,4,6,9,8
17476,3,6,1,8,5,3,2,6,0,1,1
17477,9,9,9,2,7,1,5,7,2,0,5
17478,4,5,8,9,3,4,3,0,8,7,3
17479,3,0,1,4,5,3,2,6,1,1,1
17480,7,3,0,3,4,6,1,8,7,3,4
17481,8,2,5,5,9,9,8,4,6,9,8
17482,7,1,0,3,4,6,1,5,7,3,4
17483,8,2,5,5,9,9,8,4,6,9,8
17484,5,5,8,9,3,4,7,0,8,7,7
17485,3,6,1,8,5,3,2,6,0,1,1
17486,5,8,3,1,6,0,7,1,4,4,7
17487,9,9,9,2,7,1,5,7,2,0,5
17488,1,7,6,2,0,8,0,9,5,6,5
17489,6,5,2,7,1,5,9,3,3,2,9
17490,0,4,5,0,2,9,4,4,6,8,2
17491,7,1,0,3,4,6,1,5,7,3,4
17492,5,8,3,1,6,0,7,1,4,4,0
17493,5,8,7,1,6,7,7,1,4,4,7
17494,7,1,8,9,3,4,1,0,8,7,7
17495,9,9,9,2,7,1,5,7,2,0,5
17496,7,1,0,3,4,6,1,3,7,3,4
17497,8,2,5,5,9,9,8,4,6,9,2
17498,8,2,7,5,9,7,8,4,6,9,8
17499,8,2,7,5,9,7,8,3,2,9,8
17500,6,5,2,7,1,5,9,2,3,2,9
17501,5,8,5,1,6,9,7,4,6,4,2
17502,2,3,4,6,8,2,6,8,9,5,6
17503,9,9,9,2,7,1,5,3,2,0,5
17504,7,1,0,3,4,6,1,5,7,3,4
17505,9,9,9,2,7,1,5,7,2,0,5
17506,9,9,9,2,7,1,5,8,9,0,5
17507,6,5,2,7,1,5,9,3,3,2,9
17508,3,0,1,4,5,3,2,6,1,1,1
17509,7,1,0,3,4,6,1,5,7,3,4
17510,5,5,8,7,1,4,7,0,8,2,7
17511,8,2,7,5,9,7,8,4,6,9,8
17512,2,3,4,6,8,2,6,8,9,5,6
17513,0,4,5,0,2,9,4,4,6,8,2
17514,7,1,0,3,4,6,1,5,7,3,4
17515,2,3,4,6,8,2,6,8,9,5,6
17516,6,5,2,7,1,5,9,2,3,2,9
17517,8,2,5,5,9,9,8,4,6,9,8
17518,4,5,8,9,3,4,3,0,8,7,3
17519,3,0,1,2,5,3,2,3,1,1,1
17520,6,5,2,7,1,5,9,2,3,2,9
17521,3,6,1,8,5,3,2,6,0,1,1
17522,2,3,4,6,8,2,6,8,9,5,0
17523,9,9,9,2,7,1,5,7,2,0,8
17524,4,5,8,9,3,4,3,0,8,7,3
17525,8,2,5,5,9,9,8,4,6,9,8
17526,7,1,0,3,4,6,1,5,7,3,4
17527,9,5,9,2,7,1,5,3,2,0,8
17528,1,7,6,9,0,8,0,3,5,6,3
17529,8,2,5,5,9,9,8,4,6,9,8
17530,7,1,0,3,4,6,1,5,7,3,4
17531,8,4,7,0,2,7,8,4,6,8,0
17532,8,2,5,5,9,9,8,4,6,9,2
17533,8,2,5,5,9,9,8,4,6,9,2
17534,3,6,1,8,5,3,2,6,0,1,1
17535,3,0,1,4,5,3,2,6,1,1,1
17536,0,4,7,0,2,7,4,4,6,8,0
17537,0,4,5,0,2,9,4,4,6,8,2
17538,9,9,9,2,7,1,5,7,2,0,5
17539,3,6,1,8,5,3,2,6,0,1,1
17540,7,1,0,3,4,6,1,5,7,3,4
17541,9,9,9,2,7,1,5,7,2,0,5
17542,9,6,9,8,7,1,5,7,0,0,5
17543,9,9,9,2,7,1,5,9,2,0,5
17544,4,5,8,9,3,4,3,3,8,7,3
17545,2,3,4,6,8,2,6,8,9,5,8
17546,4,5,8,9,3,4,3,3,8,7,3
17547,8,2,7,5,9,7,8,4,6,9,8
17548,9,9,9,2,7,1,5,7,2,0,5
17549,3,6,1,2,5,3,2,3,0,1,1
17550,8,2,7,5,9,7,8,4,6,9,8
17551,8,4,5,0,2,9,4,4,6,8,2
17552,0,8,3,0,2,0,4,1,4,8,0
17553,6,0,2,7,1,5,9,2,3,2,9
17554,1,7,6,2,0,8,0,9,5,6,5
17555,6,5,2,7,1,5,9,2,3,2,9
17556,4,5,8,9,3,4,3,0,8,7,3
17557,8,2,5,5,9,9,8,4,6,9,8
17558,7,1,0,3,4,6,1,5,7,3,4
17559,8,5,4,5,9,2,8,3,9,9,8
17560,1,7,6,2,0,8,0,9,5,6,5
17561,5,8,7,1,6,7,7,1,2,4,7
17562,5,8,3,1,6,0,7,1,4,4,0
17563,4,5,8,9,3,4,3,0,8,7,3
17564,9,9,9,2,7,1,5,7,2,0,5
17565,9,9,9,5,7,1,5,7,2,0,8
17566,6,5,2,7,1,5,9,2,3,2,9
17567,9,9,9,2,7,1,5,3,2,0,5
17568,5,8,3,1,6,0,7,1,4,4,7
17569,7,1,0,3,4,6,1,5,7,3,4
17570,8,2,7,5,9,7,8,4,6,9,8
17571,0,4,3,0,2,0,4,1,4,8,0
17572,7,1,0,3,4,6,1,5,7,3,4
17573,8,2,7,5,9,7,8,4,6,9,8
17574,7,1,0,3,4,6,1,5,7,3,4
17575,7,1,0,3,4,6,1,5,7,3,4
17576,5,8,3,1,6,0,7,1,4,4,7
17577,8,2,7,5,9,7,8,4,6,9,8
17578,0,4,7,0,2,7,4,8,9,8,0
17579,6,5,2,7,1,5,9,2,3,2,9
17580,7,1,0,3,4,6,1,5,7,3,4
17581,3,6,1,8,5,3,2,6,0,1,1
17582,7,1,0,3,4,6,1,5,7,3,4
17583,9,5,9,2,7,1,5,3,2,0,5
17584,7,1,0,3,4,6,1,5,7,3,4
17585,3,6,1,8,5,3,2,6,0,1,1
17586,1,7,6,2,0,8,0,9,5,6,5
17587,9,9,9,2,7,1,5,7,2,0,5
17588,4,1,8,9,3,4,3,0,8,7,3
17589,4,5,8,9,3,4,3,3,8,7,3
17590,0,4,7,0,2,7,4,1,4,8,0
17591,8,2,5,5,9,9,8,4,6,9,8
17592,0,4,7,0,2,7,4,4,6,8,0
17593,6,5,2,7,1,5,9,2,3,2,9
17594,1,7,6,2,0,8,0,9,5,6,5
17595,6,5,2,7,1,5,9,2,3,2,9
17596,2,3,4,6,8,2,6,8,9,5,6
17597,0,4,7,0,2,7,4,1,4,8,0
17598,7,1,0,3,4,6,1,5,7,3,4
17599,9,9,9,2,7,1,5,7,2,0,5
17600,6,5,2,7,1,5,9,2,3,2,9
17601,4,5,8,9,3,4,3,0,8,7,3
17602,7,1,0,3,4,6,1,8,7,3,4
17603,3,0,1,4,5,3,2,6,2,1,1
17604,0,4,3,0,2,0,4,1,4,8,0
17605,9,9,9,2,7,1,5,7,2,0,5
17606,3,6,1,8,5,3,2,6,0,1,1
17607,9,9,9,2,7,1,5,7,2,0,5
17608,7,1,0,3,4,6,1,5,7,3,4
17609,8,2,7,5,9,7,8,4,6,9,8
17610,7,1,0,3,4,6,1,5,7,3,4
17611,3,0,1,4,5,3,2,6,1,1,1
17612,0,8,3,1,6,0,4,1,4,4,0
17613,8,2,7,5,9,7,8,4,6,9,8
17614,2,3,4,6,8,2,6,8,9,5,5
17615,8,2,5,5,9,9,8,4,6,9,8
17616,4,5,8,9,3,4,3,3,8,7,3
17617,8,2,5,5,9,9,8,4,6,9,2
17618,1,7,6,2,0,8,0,9,5,6,5
17619,4,5,8,9,3,4,3,0,8,7,3
17620,2,3,4,6,8,2,6,8,9,5,6
17621,7,1,0,3,4,6,1,5,7,3,4
17622,5,8,3,1,6,0,7,1,4,4,7
17623,4,5,8,9,3,4,3,0,8,7,3
17624,7,1,0,3,4,6,1,5,7,3,4
17625,8,0,5,4,9,9,8,3,1,9,8
17626,4,5,8,9,3,4,3,0,8,7,3
17627,9,9,9,2,7,1,5,7,2,0,5
17628,1,7,6,2,0,8,0,9,5,6,5
17629,7,1,0,3,4,6,1,5,7,3,4
17630,0,4,5,0,2,9,4,1,4,8,2
17631,7,6,0,8,4,6,1,5,0,3,4
17632,7,1,0,3,4,6,1,5,7,3,4
17633,8,2,7,5,9,7,8,4,6,9,8
17634,7,1,0,3,4,6,1,5,7,3,4
17635,6,5,2,7,1,5,9,2,3,2,9
17636,4,5,8,9,3,4,3,0,8,7,3
17637,9,9,9,2,7,1,5,7,2,0,5
17638,1,7,6,2,0,8,0,9,5,6,5
17639,9,9,9,2,7,1,5,7,2,0,5
17640,0,4,7,0,2,7,4,1,4,8,0
17641,8,2,7,5,9,7,8,4,6,9,8
17642,7,1,0,3,4,6,1,5,7,3,4
17643,7,1,0,3,4,6,1,5,7,3,4
17644,5,8,3,1,6,0,7,1,4,4,7
17645,9,7,6,2,0,8,0,3,2,6,5
17646,2,3,4,6,8,2,6,8,9,5,6
17647,4,5,8,9,3,4,3,0,8,7,3
17648,4,0,8,4,3,4,3,0,1,7,3
17649,8,2,5,5,9,9,8,4,6,9,8
17650,1,7,6,2,0,8,0,9,5,6,5
17651,4,5,8,9,3,4,3,3,8,7,3
17652,5,5,8,9,3,4,7,0,8,7,7
17653,6,5,2,7,1,5,9,2,3,2,9
17654,0,3,3,6,2,0,4,8,9,8,0
17655,3,6,1,8,5,3,2,6,0,1,1
17656,0,4,3,0,2,7,4,1,4,8,0
17657,6,5,8,9,3,4,9,0,8,7,7
17658,0,4,3,0,2,0,4,1,4,8,0
17659,8,2,5,5,9,9,8,4,6,9,2
17660,1,7,6,2,0,8,0,9,5,6,5
17661,9,9,9,2,7,1,5,7,2,0,5
17662,1,7,6,2,0,8,0,9,5,6,5
17663,5,5,7,2,6,7,7,3,2,4,5
17664,1,7,6,2,0,8,0,9,5,6,5
17665,7,6,0,8,4,6,1,5,0,3,4
17666,8,2,5,5,9,9,8,4,6,9,2
17667,2,5,7,6,8,7,6,3,9,5,8
17668,2,3,4,6,8,2,6,8,9,5,6
17669,9,9,9,2,7,1,5,7,2,0,5
17670,7,1,0,3,4,6,1,5,7,3,4
17671,8,2,5,5,9,9,8,4,6,9,8
17672,2,3,4,6,8,2,6,8,9,5,6
17673,6,5,2,7,1,5,9,2,3,2,9
17674,5,8,3,1,6,0,7,1,4,4,0
17675,2,3,7,6,8,7,6,8,9,5,8
17676,7,1,0,2,4,6,1,3,7,3,5
17677,6,5,2,7,1,5,9,2,3,2,9
17678,5,8,3,1,6,0,7,1,4,4,7
17679,0,4,7,0,2,7,4,4,6,8,0
17680,7,1,4,3,4,6,1,8,9,3,6
17681,2,2,7,5,9,7,8,8,9,9,8
17682,5,8,3,1,6,0,7,1,4,4,7
17683,8,2,5,5,9,9,8,4,6,9,8
17684,1,7,6,2,0,8,0,9,5,6,5
17685,9,9,9,2,7,1,5,7,2,0,5
17686,4,5,8,9,3,4,3,0,8,7,3
17687,8,2,5,5,9,9,8,4,6,9,8
17688,7,3,0,6,4,6,1,8,7,3,6
17689,8,2,7,5,9,7,8,4,6,9,8
17690,5,8,3,1,6,0,7,1,4,4,7
17691,6,5,2,7,1,5,9,3,3,2,8
17692,8,4,7,0,2,7,8,4,6,8,0
17693,7,1,0,3,4,6,1,5,7,3,4
17694,8,2,7,5,9,7,8,4,6,9,8
17695,1,7,6,2,0,8,0,9,5,6,5
17696,0,4,5,0,2,9,4,4,6,8,2
17697,7,7,6,2,4,8,1,9,5,3,5
17698,7,1,0,3,4,6,1,5,7,3,4
17699,7,1,0,3,4,6,1,5,7,3,4
17700,7,1,0,3,4,6,1,5,7,3,4
17701,0,4,3,0,2,0,4,1,4,8,0
17702,5,8,3,1,6,0,7,1,4,4,7
17703,0,4,5,0,2,9,4,4,6,8,2
17704,9,9,9,2,7,1,5,7,2,0,5
17705,2,3,4,6,8,2,6,8,9,5,6
17706,1,3,6,6,0,8,0,8,9,6,5
17707,0,4,7,0,2,7,4,1,4,8,0
17708,5,8,3,1,6,0,7,1,4,4,7
17709,7,1,0,3,4,6,1,5,7,3,4
17710,4,5,8,9,3,4,3,0,8,7,3
17711,1,7,6,2,0,8,0,9,5,6,5
17712,7,1,0,3,4,6,1,5,7,3,4
17713,6,5,2,7,1,5,9,2,3,2,9
17714,0,4,5,0,2,9,4,1,4,8,2
17715,7,1,0,3,4,6,1,5,7,3,4
17716,2,3,4,6,8,2,6,8,9,5,6
17717,0,4,6,2,2,8,4,9,5,8,0
17718,8,2,5,5,9,9,8,4,6,9,2
17719,0,4,5,0,2,9,4,1,4,8,2
17720,0,4,7,0,2,7,4,4,6,8,0
17721,1,7,6,2,0,8,0,9,5,6,5
17722,2,3,4,6,8,2,6,8,9,5,6
17723,0,4,7,0,2,7,4,1,4,8,0
17724,8,4,5,5,9,9,8,4,6,9,2
17725,7,1,0,3,4,6,1,5,7,3,4
17726,3,6,1,8,5,3,2,6,0,1,1
17727,1,7,6,2,0,8,0,9,5,6,5
17728,4,5,8,9,3,4,3,0,8,7,3
17729,1,9,6,2,0,8,0,7,5,6,5
17730,5,8,3,1,6,0,7,1,4,4,7
17731,7,1,0,3,4,6,1,5,7,3,4
17732,7,1,0,3,4,6,1,5,7,3,4
17733,0,4,7,0,2,7,4,4,6,8,0
17734,7,1,0,3,4,6,1,5,7,3,4
17735,0,4,5,0,2,9,4,4,6,8,2
17736,5,8,3,1,6,0,7,1,4,4,7
17737,0,4,7,0,2,7,4,1,4,8,0
17738,7,1,0,3,4,6,1,5,7,3,4
17739,9,9,9,2,7,1,5,3,2,0,5
17740,1,7,6,2,0,8,0,9,5,6,0
17741,2,3,4,6,8,2,6,3,9,5,6
17742,7,1,0,3,4,6,1,5,7,3,4
17743,0,4,6,0,2,8,4,9,5,8,0
17744,1,7,6,0,2,8,0,9,5,8,0
17745,7,1,0,3,4,6,1,5,7,3,4
17746,5,8,3,1,6,0,7,1,4,4,7
17747,1,7,6,2,0,8,0,9,5,6,5
17748,9,9,9,2,7,1,5,7,2,0,5
17749,0,4,7,2,2,7,4,4,6,8,0
17750,1,7,6,2,0,8,0,9,5,6,5
17751,1,7,6,2,0,8,0,9,5,6,5
17752,7,1,0,3,4,6,1,5,7,3,4
17753,7,1,0,3,4,6,1,5,7,3,4
17754,7,1,0,3,4,6,1,5,7,3,4
17755,2,3,4,9,8,2,6,8,9,5,3
17756,5,8,3,1,6,0,7,1,4,4,7
17757,7,1,0,3,4,6,1,5,7,3,4
17758,0,4,6,0,2,8,4,9,5,8,0
17759,1,7,6,2,0,8,0,9,5,6,5
17760,0,4,3,0,2,0,4,1,4,8,0
17761,2,3,4,6,8,2,6,3,9,5,6
17762,0,4,3,0,2,0,4,1,4,8,2
17763,1,7,6,2,0,8,0,9,5,6,5
17764,4,5,8,9,3,4,3,0,8,7,3
17765,7,3,0,6,4,6,1,8,9,3,4
17766,2,3,4,6,2,2,6,8,9,8,6
17767,5,8,3,1,6,0,7,1,4,4,7
17768,2,3,4,6,8,2,6,8,9,5,6
17769,0,4,7,0,2,7,4,4,6,8,0
17770,3,6,1,8,5,3,2,6,0,1,1
17771,9,9,9,2,7,1,5,7,2,0,5
17772,9,9,9,2,7,1,5,7,2,0,5
17773,4,5,8,9,3,4,3,0,8,7,3
17774,5,8,3,1,6,0,7,1,4,4,7
17775,1,7,6,2,0,8,0,9,5,6,5
17776,6,2,2,7,1,5,9,2,3,2,9
17777,7,1,0,3,4,6,1,5,7,3,4
17778,1,1,6,2,0,8,0,5,5,6,5
17779,7,1,0,3,4,6,1,5,7,3,4
17780,0,4,3,2,2,0,4,3,4,8,8
17781,7,1,0,3,4,6,1,5,7,3,4
17782,1,7,6,2,0,8,0,9,5,6,5
17783,4,5,8,9,3,4,3,0,8,7,3
17784,7,1,0,3,4,6,1,5,7,3,4
17785,0,4,3,0,2,0,4,1,4,8,0
17786,6,5,2,7,1,5,9,2,3,2,9
17787,7,1,0,3,4,6,1,5,7,3,4
17788,4,5,8,9,3,4,3,3,8,7,3
17789,0,4,5,0,2,9,4,4,6,8,2
17790,7,1,0,3,4,6,1,5,7,3,4
17791,0,4,7,0,2,7,4,1,4,8,0
17792,5,8,2,7,1,5,9,2,3,2,7
17793,0,4,3,0,2,0,4,1,4,8,0
17794,2,3,4,6,8,2,6,8,9,5,0
17795,1,7,6,0,0,8,0,9,5,6,5
17796,5,5,8,9,3,4,7,0,8,7,7
17797,3,6,1,8,5,3,2,6,0,1,1
17798,8,2,5,5,9,9,8,4,6,9,2
17799,0,4,7,0,2,7,4,1,4,8,0
17800,9,9,9,2,7,1,5,7,2,0,5
17801,0,4,7,0,2,7,4,3,4,8,0
17802,1,7,6,2,0,8,0,9,5,6,5
17803,1,7,6,2,0,8,0,9,5,6,0
17804,2,3,4,6,8,2,6,8,9,5,6
17805,1,7,6,3,0,8,0,9,5,6,4
17806,1,7,6,2,0,8,0,9,5,6,5
17807,0,4,3,0,2,0,4,1,4,8,2
17808,7,1,0,3,4,6,1,5,7,3,4
17809,0,4,5,0,2,9,4,4,6,8,2
17810,7,1,0,3,4,6,1,5,7,3,4
17811,2,3,4,6,8,2,6,8,9,5,6
17812,1,7,6,2,0,8,0,9,5,6,5
17813,0,4,7,0,2,7,4,1,4,8,0
17814,5,8,3,1,6,0,7,1,4,4,7
17815,1,7,6,2,0,8,0,9,5,6,5
17816,0,4,5,0,2,9,4,1,4,8,0
17817,7,1,0,3,4,6,1,8,7,3,4
17818,7,3,0,6,4,6,1,8,9,3,4
17819,1,7,6,6,0,8,0,9,5,6,5
17820,1,7,6,2,0,8,0,9,5,6,5
17821,7,1,0,3,4,6,1,5,7,3,4
17822,0,4,3,0,2,0,4,1,4,8,0
17823,0,4,3,0,2,0,4,1,4,8,0
17824,0,4,3,0,2,0,4,1,4,8,0
17825,7,3,7,6,4,7,1,8,9,3,0
17826,0,8,3,0,2,0,4,1,4,8,0
17827,0,4,3,0,2,0,4,1,4,8,0
17828,3,6,1,8,5,3,2,6,0,1,1
17829,4,5,8,9,3,4,3,0,8,7,3
17830,8,2,5,5,9,9,8,4,6,9,2
17831,0,8,3,0,2,0,4,1,4,8,0
17832,7,1,0,3,4,6,1,5,7,3,4
17833,0,4,5,0,2,9,4,4,6,8,2
17834,9,9,9,2,7,1,5,7,2,0,5
17835,4,5,8,9,3,4,3,0,8,7,3
17836,6,5,2,7,1,5,9,2,3,2,9
17837,0,4,7,0,2,7,4,1,4,8,0
17838,3,6,1,8,5,3,2,6,0,1,1
17839,1,7,6,2,0,8,0,9,5,6,5
17840,6,5,2,7,1,5,9,2,3,2,9
17841,9,9,9,2,7,1,5,7,2,0,5
17842,5,8,3,1,6,0,7,1,4,4,7
17843,4,5,8,9,3,4,3,0,8,7,3
17844,1,7,6,2,0,8,0,9,5,6,5
17845,1,7,6,2,0,8,0,9,5,6,5
17846,1,7,6,2,0,8,0,9,5,6,5
17847,1,7,6,2,0,8,0,9,5,6,5
17848,5,8,3,1,6,0,7,1,4,4,7
17849,5,8,3,1,6,0,7,1,4,4,7
17850,5,8,3,1,6,0,7,1,4,4,7
17851,1,7,6,2,0,8,0,9,5,6,5
17852,4,5,8,9,3,4,3,0,8,7,3
17853,7,1,0,3,4,6,1,5,7,3,4
17854,1,7,6,2,0,8,0,9,5,6,5
17855,4,5,8,9,3,4,3,0,8,7,3
17856,1,7,6,2,0,8,0,9,5,6,5
17857,0,4,3,0,2,0,4,1,4,8,0
17858,5,8,3,1,6,0,7,1,4,4,7
17859,0,4,6,0,2,8,4,9,5,8,0
17860,0,4,3,0,2,7,4,1,4,8,0
17861,0,4,3,0,2,0,4,1,4,8,0
17862,5,5,3,1,6,0,7,1,4,4,3
17863,4,5,8,9,3,4,3,0,8,7,3
17864,7,1,0,3,4,6,1,5,7,3,4
17865,0,4,7,0,2,7,4,1,4,8,0
17866,5,8,3,1,6,0,7,1,4,4,7
17867,4,5,8,9,3,4,3,0,8,7,3
17868,0,4,3,0,2,0,4,1,4,8,0
17869,2,3,4,6,8,2,6,3,9,5,6
17870,5,8,3,1,6,0,7,1,4,4,7
17871,2,1,4,3,8,2,6,5,7,5,6
17872,1,7,6,2,0,8,0,9,5,6,5
17873,9,9,9,2,7,1,5,7,2,0,5
17874,4,6,8,8,3,4,3,0,0,7,7
17875,1,7,6,2,0,8,0,9,5,6,5
17876,5,5,8,9,3,4,3,0,8,7,7
17877,7,1,0,3,4,6,1,5,7,3,4
17878,2,3,4,6,8,2,6,8,9,5,6
17879,0,4,7,0,2,7,4,4,6,8,8
17880,7,1,0,3,4,6,1,5,7,3,4
17881,7,1,0,3,4,6,1,5,7,3,4
17882,8,2,5,5,9,9,8,4,6,9,2
17883,1,7,6,2,0,8,0,9,5,6,5
17884,6,5,2,7,1,5,9,2,3,2,9
17885,1,7,6,2,0,8,0,9,5,6,5
17886,2,3,4,6,8,2,6,8,9,5,0
17887,0,4,5,0,2,9,4,4,6,8,2
17888,1,7,6,2,0,8,0,9,5,6,5
17889,1,7,6,2,0,8,0,9,5,6,5
17890,7,1,0,3,4,6,1,5,7,3,4
17891,5,8,3,1,6,0,7,1,4,4,7
17892,9,9,9,2,7,1,5,7,2,0,5
17893,1,7,6,2,0,8,0,9,5,6,5
17894,7,1,0,3,4,6,1,5,7,3,4
17895,8,3,9,5,9,1,8,8,2,9,8
17896,0,4,7,0,2,7,4,4,6,8,0
17897,0,4,5,0,2,9,4,4,6,8,2
17898,5,8,3,1,6,0,7,1,4,4,7
17899,0,4,7,0,2,7,4,9,5,8,0
17900,1,7,6,2,0,8,0,9,5,6,5
17901,7,1,0,3,4,6,1,3,7,3,4
17902,0,4,3,0,2,0,4,1,4,8,0
17903,0,4,5,0,2,9,4,4,6,8,0
17904,7,1,0,3,4,6,1,5,7,3,4
17905,3,0,1,4,5,3,2,6,1,1,1
17906,7,1,0,3,4,6,1,5,7,3,4
17907,9,9,9,2,7,1,5,7,2,0,5
17908,7,1,0,3,4,6,1,5,7,3,4
17909,6,5,2,7,1,5,9,2,3,2,9
17910,5,6,8,8,3,4,7,0,0,7,7
17911,7,1,0,3,4,6,1,5,7,3,6
17912,6,9,2,7,1,5,9,2,3,2,9
17913,8,2,7,5,9,7,8,4,6,9,8
17914,7,1,0,3,4,6,1,5,7,3,4
17915,7,1,0,3,4,6,1,5,7,3,4
17916,0,4,7,0,2,7,4,1,4,8,0
17917,8,2,5,5,9,9,8,4,6,9,8
17918,5,8,3,1,6,0,7,1,4,4,7
17919,2,3,4,6,8,2,6,8,9,5,6
17920,2,3,4,6,8,2,6,8,9,5,0
17921,8,2,7,5,9,7,8,4,6,9,8
17922,5,8,3,1,6,0,7,1,4,4,7
17923,3,0,1,4,5,3,2,6,1,1,1
17924,9,9,9,2,7,1,5,7,2,0,5
17925,9,9,9,2,7,1,5,7,2,0,5
17926,5,8,3,1,6,0,7,1,4,4,7
17927,6,5,2,7,1,5,9,2,3,2,9
17928,1,7,6,2,0,8,0,9,5,6,5
17929,2,3,4,6,8,2,6,5,9,5,6
17930,3,6,1,8,5,3,2,6,0,1,1
17931,8,2,7,5,9,7,8,4,6,9,8
17932,3,6,1,8,5,3,2,6,0,1,1
17933,4,5,8,9,3,4,3,3,8,7,3
17934,0,4,7,0,2,7,4,1,4,8,0
17935,8,2,5,5,9,9,8,4,6,9,8
17936,5,8,3,1,6,0,7,1,4,4,7
17937,8,2,4,5,9,2,8,4,6,9,8
17938,9,9,9,2,7,1,5,7,2,0,5
17939,0,4,7,0,2,7,4,4,6,8,0
17940,5,8,3,1,6,0,7,1,4,4,7
17941,3,0,1,4,5,3,2,6,1,1,1
17942,1,7,6,2,0,8,0,9,5,6,5
17943,9,9,9,2,7,1,5,7,2,0,5
17944,5,8,3,1,6,0,7,1,4,4,7
17945,6,5,2,7,1,5,9,2,3,2,9
17946,8,4,5,0,9,9,8,4,6,9,2
17947,7,1,0,3,4,6,1,5,7,3,4
17948,7,6,0,8,4,6,1,5,0,3,4
17949,9,9,9,5,7,1,5,3,2,0,8
17950,2,3,4,6,8,2,6,8,9,5,5
17951,2,3,4,6,8,2,6,3,9,5,6
17952,2,3,4,6,8,2,6,8,9,5,6
17953,6,5,2,7,1,5,9,3,2,2,9
17954,5,8,3,1,6,0,7,1,4,4,7
17955,8,2,5,5,9,9,8,4,6,9,8
17956,7,1,0,3,4,6,1,5,7,3,4
17957,2,2,4,5,8,2,6,8,9,9,8
17958,7,1,0,3,4,6,1,5,7,3,4
17959,8,2,7,5,9,7,8,4,6,9,8
17960,1,7,6,2,0,8,0,9,5,6,5
17961,0,4,3,0,2,0,4,1,4,8,0
17962,8,2,5,5,9,9,8,4,6,9,2
17963,0,4,5,0,2,9,4,1,4,8,2
17964,9,9,9,2,7,1,5,7,2,0,5
17965,9,9,9,2,7,1,5,7,2,0,5
17966,7,1,0,3,4,6,1,5,7,3,4
17967,7,1,0,3,4,6,1,5,7,3,4
17968,2,0,4,4,8,2,6,3,1,5,6
17969,8,2,5,5,9,9,8,4,6,9,8
17970,5,8,3,1,6,0,7,1,4,4,7
17971,2,3,4,6,8,2,6,8,9,5,6
17972,5,8,3,1,6,0,7,1,4,4,7
17973,6,5,2,7,1,5,9,2,3,2,9
17974,0,8,3,1,6,0,4,1,4,4,2
17975,2,3,4,6,8,2,6,8,9,5,6
17976,0,4,3,0,2,0,4,1,4,8,0
17977,3,0,1,4,5,3,2,6,1,1,1
17978,5,8,3,1,6,0,7,1,4,4,7
17979,8,2,5,5,9,9,8,4,6,9,8
17980,4,5,8,9,3,4,3,3,8,7,3
17981,2,3,4,6,8,2,6,8,9,5,6
17982,5,5,8,9,3,4,7,0,8,7,7
17983,0,4,7,0,2,7,4,4,6,8,0
17984,1,7,6,2,0,8,0,9,5,6,5
17985,4,5,8,9,3,4,3,3,8,7,3
17986,1,7,6,2,0,8,0,9,5,6,5
17987,2,0,4,4,8,2,6,3,1,5,6
17988,7,1,0,3,4,6,1,5,7,3,4
17989,8,2,7,5,9,7,8,4,6,9,8
17990,7,1,0,3,4,6,1,5,7,3,4
17991,8,2,7,5,9,7,8,3,2,9,8
17992,6,5,2,7,1,5,9,2,3,2,9
17993,2,3,4,6,8,2,6,8,9,5,6
17994,0,8,3,1,6,0,4,1,4,4,0
17995,6,5,2,7,1,5,9,2,3,2,9
17996,4,5,8,9,3,4,3,0,8,7,3
17997,7,1,4,3,4,6,1,5,7,3,6
17998,4,5,8,9,3,4,3,0,8,7,7
17999,2,3,4,6,8,2,6,8,9,5,6
18000,5,8,3,1,6,0,7,1,4,4,7
18001,2,3,4,6,8,2,6,8,9,5,6
18002,8,2,5,5,9,9,8,4,6,9,2
18003,6,0,2,4,1,5,9,3,1,2,9
18004,7,1,0,3,4,6,1,5,7,3,4
18005,2,3,4,6,8,2,6,3,9,5,6
18006,8,2,5,5,9,9,8,4,6,9,8
18007,0,4,7,0,2,7,4,1,4,8,0
18008,1,7,6,2,0,8,0,9,5,6,0
18009,8,2,7,5,9,7,8,4,6,9,8
18010,9,9,9,2,7,1,5,7,2,0,5
18011,8,2,7,5,9,7,8,4,6,9,0
18012,2,3,4,6,8,2,6,8,9,5,6
18013,9,9,9,2,7,1,5,7,2,0,5
18014,2,3,4,6,8,2,6,8,9,5,6
18015,8,2,7,5,9,7,8,4,6,9,8
18016,9,9,9,2,7,1,5,7,2,0,5
18017,6,5,2,7,1,5,9,2,3,2,9
18018,0,8,3,0,2,0,4,1,4,8,0
18019,9,9,9,2,7,1,5,7,2,0,5
18020,0,4,5,0,2,9,4,1,4,8,2
18021,8,2,7,5,9,7,8,4,6,9,8
18022,3,6,1,8,5,3,2,6,0,1,1
18023,4,5,8,9,3,4,3,3,8,7,3
18024,0,4,3,0,2,0,4,1,4,8,0
18025,8,2,5,5,9,9,8,4,6,9,8
18026,5,8,3,1,6,0,7,1,4,4,7
18027,8,2,7,5,9,7,8,4,6,9,8
18028,3,0,1,4,5,3,2,6,1,1,1
18029,6,0,2,4,8,5,9,3,1,5,9
18030,7,1,0,3,4,6,1,5,7,3,4
18031,9,9,9,2,7,1,5,7,2,0,5
18032,4,5,8,9,3,4,3,0,8,7,3
18033,4,5,8,9,3,4,3,3,8,7,3
18034,4,7,6,2,3,8,3,3,5,7,3
18035,9,9,9,2,7,1,5,7,2,0,5
18036,6,5,2,7,1,5,9,2,3,2,9
18037,9,9,9,2,7,1,5,7,2,0,5
18038,6,5,2,7,1,5,9,2,3,2,9
18039,0,4,6,0,2,8,4,9,5,8,0
18040,6,1,2,7,1,5,9,2,3,2,9
18041,2,3,4,6,8,2,6,8,9,5,6
18042,5,5,8,9,3,4,7,0,8,7,7
18043,8,2,7,5,9,7,8,4,6,9,8
18044,7,1,0,3,4,6,1,5,7,3,4
18045,9,5,9,2,7,1,5,3,2,0,3
18046,0,4,7,0,2,7,4,4,6,8,0
18047,2,3,4,6,8,2,6,8,9,5,6
18048,0,4,3,0,2,0,4,1,4,8,2
18049,6,9,2,7,1,5,9,2,3,2,9
18050,1,7,6,2,0,8,0,9,5,6,5
18051,8,2,7,5,9,7,8,4,6,9,8
18052,4,5,8,9,3,4,3,0,8,7,7
18053,9,9,9,2,7,1,5,7,2,0,5
18054,0,8,3,0,2,0,4,1,4,8,0
18055,3,0,1,4,5,3,2,3,1,1,1
18056,0,4,3,0,2,0,4,1,4,8,0
18057,8,2,9,5,9,1,8,7,2,9,8
18058,5,5,8,9,3,4,3,0,8,7,7
18059,6,3,2,7,1,5,9,2,3,2,9
18060,5,8,3,1,6,0,7,1,4,4,7
18061,2,3,4,6,8,2,6,3,9,5,6
18062,5,8,3,1,6,0,7,1,4,4,7
18063,4,5,8,9,3,4,3,3,8,7,3
18064,2,0,4,4,8,2,6,3,1,5,6
18065,6,5,2,7,1,5,9,2,3,2,9
18066,8,2,5,5,9,9,8,4,6,9,8
18067,2,3,4,6,8,2,6,3,9,5,6
18068,4,5,8,9,3,4,3,0,8,7,3
18069,6,9,2,7,1,5,9,3,3,2,9
18070,1,7,6,2,0,8,0,9,5,6,5
18071,8,2,7,5,9,7,8,4,6,9,8
18072,1,7,6,2,0,8,0,9,5,6,5
18073,3,6,1,8,5,3,2,6,0,1,1
18074,1,7,6,2,0,8,0,9,5,6,5
18075,1,7,6,2,0,8,0,9,5,6,5
18076,1,7,6,2,0,8,0,9,5,6,3
18077,6,9,2,7,1,5,9,2,3,2,9
18078,2,3,4,6,8,2,6,8,9,5,8
18079,7,1,0,3,4,6,1,5,7,3,4
18080,7,1,0,3,4,6,1,5,7,3,4
18081,5,8,3,1,6,0,7,1,4,4,7
18082,8,2,7,5,9,7,8,4,6,9,8
18083,7,1,0,3,4,6,1,8,9,3,4
18084,6,5,2,7,1,5,9,2,3,2,1
18085,4,5,8,9,3,4,3,3,8,7,3
18086,0,4,6,0,2,8,4,9,5,8,5
18087,0,4,5,0,2,9,4,1,4,8,2
18088,0,5,3,0,2,0,4,1,4,8,0
18089,2,3,4,6,8,2,6,8,9,5,6
18090,7,1,0,3,4,6,1,5,7,3,4
18091,0,4,7,0,2,7,4,4,6,8,0
18092,5,8,3,1,6,0,7,1,4,4,7
18093,3,6,1,8,5,3,2,6,0,1,1
18094,4,5,8,9,3,4,3,3,8,7,3
18095,1,7,6,2,0,8,0,9,5,6,5
18096,3,0,1,4,5,3,2,6,1,1,1
18097,6,9,2,7,1,5,9,2,3,2,9
18098,5,8,3,1,6,0,7,1,4,4,7
18099,7,1,0,3,4,6,1,5,7,3,4
18100,5,8,3,1,6,0,7,1,4,4,7
18101,0,8,3,0,2,0,4,1,4,8,0
18102,3,6,1,8,5,3,2,6,0,1,1
18103,2,3,4,6,8,2,6,8,9,5,6
18104,2,3,4,6,8,2,6,8,9,5,6
18105,4,5,8,9,3,4,3,3,8,7,3
18106,5,8,3,1,6,0,7,1,4,4,7
18107,8,4,5,5,9,9,8,4,6,9,2
18108,2,3,4,6,8,2,6,3,9,5,6
18109,2,3,4,6,8,2,6,8,9,5,6
18110,1,9,6,2,0,8,0,9,5,6,5
18111,0,4,7,0,2,7,4,4,6,8,0
18112,3,0,1,4,5,3,2,6,1,1,1
18113,3,6,1,8,5,3,2,6,0,1,1
18114,2,3,4,6,8,2,6,8,9,5,6
18115,1,7,6,2,0,8,0,9,5,6,5
18116,1,7,6,2,0,8,0,9,5,6,5
18117,6,5,2,7,1,5,9,2,3,2,9
18118,0,8,3,1,6,0,7,1,4,4,0
18119,7,1,0,3,4,6,1,5,7,3,4
18120,7,1,0,3,4,6,1,5,7,3,4
18121,0,8,3,1,6,0,4,1,4,4,0
18122,0,4,5,0,2,9,4,4,6,8,2
18123,2,3,4,6,8,2,6,8,9,5,6
18124,3,6,1,8,5,3,2,6,0,1,1
18125,4,5,8,9,3,4,3,0,8,7,3
18126,9,9,9,2,7,1,5,7,2,0,5
18127,0,4,5,0,2,9,4,1,4,8,2
18128,4,5,8,9,3,4,3,0,8,7,3
18129,2,3,4,6,8,2,6,8,9,5,6
18130,4,5,8,4,3,4,3,3,1,7,3
18131,0,4,7,0,2,7,4,1,4,8,0
18132,3,0,1,4,5,3,2,6,1,1,1
18133,5,8,3,1,6,0,7,1,4,4,7
18134,4,5,8,9,3,4,3,0,8,7,3
18135,4,5,8,9,3,4,3,0,8,7,3
18136,0,4,3,0,2,0,4,1,4,8,0
18137,7,1,0,3,4,6,1,5,7,3,4
18138,0,4,7,0,2,7,4,4,6,8,0
18139,6,5,2,7,1,5,9,2,3,2,9
18140,4,5,8,9,3,4,3,0,8,7,3
18141,2,3,4,6,8,2,6,8,9,5,6
18142,0,4,5,0,2,9,4,4,6,8,2
18143,1,7,7,2,0,7,0,9,5,6,5
18144,4,5,8,9,3,4,3,0,8,7,3
18145,0,4,3,0,2,0,4,1,4,8,0
18146,0,4,3,0,2,0,4,1,4,8,0
18147,7,1,0,3,4,6,1,5,7,3,4
18148,9,9,9,2,7,1,5,7,2,0,5
18149,4,5,8,9,3,4,3,0,8,7,3
18150,2,3,4,6,8,2,6,8,9,5,6
18151,2,3,4,6,8,2,6,8,9,5,6
18152,0,8,3,1,6,0,4,1,4,4,2
18153,0,4,7,0,2,7,4,1,4,8,0
18154,4,5,8,9,3,4,3,0,8,7,3
18155,7,1,0,3,4,6,1,8,7,3,4
18156,9,3,9,2,7,1,5,8,9,0,5
18157,2,3,4,6,8,2,6,8,9,5,6
18158,6,5,2,7,1,5,9,2,3,2,9
18159,3,0,1,4,5,3,2,6,1,1,1
18160,0,4,5,0,2,9,4,4,6,8,2
18161,0,4,5,0,2,9,4,4,6,8,2
18162,2,3,4,6,8,2,6,8,9,5,6
18163,1,7,6,2,0,8,0,9,5,6,5
18164,6,5,2,7,1,5,9,2,3,2,9
18165,1,7,6,2,0,8,0,9,5,6,5
18166,7,1,0,3,4,6,1,5,7,3,4
18167,2,3,4,6,8,2,6,8,9,5,6
18168,2,7,4,2,8,2,6,3,5,5,5
18169,7,1,0,3,4,6,1,5,7,3,4
18170,8,2,5,5,9,9,8,4,6,9,2
18171,2,0,4,4,8,2,6,8,1,5,6
18172,8,2,4,5,9,2,8,4,9,9,8
18173,0,4,5,0,2,9,4,4,6,8,2
18174,1,7,6,2,0,8,0,9,5,6,5
18175,0,4,7,0,2,7,4,1,4,8,0
18176,1,7,6,2,0,8,0,9,5,6,5
18177,4,5,8,9,3,4,3,3,8,7,3
18178,3,6,1,8,5,3,2,6,0,1,1
18179,9,9,9,2,7,1,5,7,5,0,5
18180,0,4,7,0,2,7,4,1,4,8,0
18181,4,5,8,9,3,4,3,0,8,7,3
18182,1,7,6,2,0,8,0,9,5,6,5
18183,0,4,3,0,2,0,4,1,4,8,2
18184,5,8,3,1,6,0,7,1,4,4,7
18185,5,8,3,1,6,0,7,1,4,4,7
18186,7,1,0,3,4,6,1,5,7,3,4
18187,1,7,6,0,0,8,0,9,5,6,0
18188,1,7,6,2,0,8,0,9,5,6,5
18189,2,3,4,6,8,2,6,8,9,5,6
18190,1,7,6,2,0,8,0,9,5,6,5
18191,0,4,5,0,2,9,4,4,6,8,2
18192,6,9,2,7,1,5,9,2,3,2,9
18193,0,4,7,0,2,7,4,4,6,8,0
18194,4,5,8,9,3,4,3,0,8,7,3
18195,2,3,4,6,8,2,6,8,9,5,6
18196,9,9,9,2,7,1,5,7,2,0,5
18197,2,3,4,6,8,2,6,8,9,5,6
18198,6,5,2,7,1,5,9,2,3,2,9
18199,4,5,8,9,3,4,3,3,8,7,3
18200,5,8,3,1,6,0,7,1,4,4,0
18201,6,5,2,7,1,5,9,2,3,2,9
18202,5,8,3,1,6,0,7,1,4,4,0
18203,0,4,7,0,2,7,4,1,4,8,0
18204,8,2,5,5,9,9,8,4,6,9,8
18205,2,3,4,6,8,2,6,8,9,5,6
18206,6,1,2,7,1,5,9,2,3,2,9
18207,9,9,9,2,7,1,5,7,2,0,5
18208,3,6,1,8,5,3,2,6,0,1,1
18209,2,3,4,6,8,2,6,8,9,5,6
18210,9,9,6,2,7,8,5,9,2,0,5
18211,0,4,7,0,2,7,4,1,4,8,0
18212,3,6,1,8,5,3,2,6,0,1,1
18213,6,5,2,7,1,5,9,2,3,2,9
18214,7,1,0,3,4,6,1,8,7,3,4
18215,7,1,0,3,4,6,1,5,7,3,4
18216,6,5,2,7,1,5,9,2,3,2,9
18217,2,3,4,6,8,2,6,8,9,5,6
18218,7,1,0,3,4,6,1,5,7,3,4
18219,3,6,1,8,5,3,2,6,0,1,1
18220,1,7,6,2,0,8,0,9,5,6,5
18221,4,5,8,9,3,4,3,3,8,7,3
18222,4,0,8,9,3,4,3,0,8,7,3
18223,0,4,3,0,2,0,4,1,4,8,0
18224,6,5,2,7,1,5,9,2,3,2,9
18225,7,1,0,3,4,6,1,5,7,3,4
18226,1,7,6,2,0,8,0,9,5,6,5
18227,0,4,5,0,2,8,4,8,4,8,0
18228,5,8,3,1,6,0,7,1,4,4,7
18229,1,7,6,2,0,8,0,9,5,6,5
18230,6,5,2,7,1,5,9,2,3,2,9
18231,6,1,2,7,1,5,9,2,3,2,9
18232,3,6,1,8,5,3,2,6,0,1,1
18233,5,8,3,1,6,0,7,1,4,4,7
18234,7,1,0,3,4,6,1,5,7,3,4
18235,1,7,6,2,0,8,0,9,5,6,5
18236,6,5,2,7,1,5,9,2,3,2,9
18237,2,3,4,6,8,2,6,8,9,5,6
18238,4,5,8,9,3,4,3,3,8,7,3
18239,2,3,4,6,8,2,6,8,9,5,6
18240,7,1,0,3,4,6,1,5,7,3,4
18241,1,7,6,2,0,8,0,9,5,6,5
18242,2,3,4,6,8,2,6,8,9,5,0
18243,2,3,4,6,8,2,6,8,9,5,6
18244,1,7,6,2,0,8,0,9,5,6,5
18245,0,4,7,0,2,7,4,1,4,8,0
18246,0,4,7,0,2,7,4,1,4,8,0
18247,4,1,8,9,3,4,3,0,8,7,3
18248,7,1,0,3,4,6,1,5,7,3,4
18249,7,1,0,3,4,6,1,5,7,3,4
18250,2,3,4,2,8,2,6,3,9,5,5
18251,0,4,7,0,2,7,4,1,4,8,0
18252,2,1,4,3,8,2,6,5,7,5,6
18253,3,6,1,8,5,3,2,6,0,1,1
18254,0,4,3,0,2,0,4,1,4,8,0
18255,6,1,2,7,1,5,9,2,3,2,9
18256,1,7,6,2,0,8,0,9,5,6,5
18257,0,4,3,0,2,0,4,1,4,8,2
18258,1,7,6,2,0,8,0,9,5,6,5
18259,1,7,6,2,0,8,0,9,5,6,5
18260,9,9,9,2,7,1,5,7,2,0,5
18261,1,7,6,2,0,8,0,9,5,6,5
18262,4,5,8,9,3,4,3,0,8,7,3
18263,3,6,1,8,5,3,2,6,0,1,1
18264,4,5,8,9,3,4,3,0,8,7,3
18265,8,4,5,5,9,9,8,4,6,9,2
18266,9,9,9,2,7,1,5,7,2,0,5
18267,1,7,6,2,0,8,0,9,5,6,5
18268,7,1,0,3,4,6,1,5,7,3,4
18269,0,4,3,0,2,0,4,1,4,8,2
18270,1,7,6,2,0,8,0,9,5,6,5
18271,4,5,8,9,3,4,3,0,8,7,3
18272,2,3,4,6,8,2,6,8,9,5,6
18273,3,6,1,8,5,3,2,6,0,1,1
18274,7,1,0,3,4,6,1,5,7,3,4
18275,4,5,8,9,3,4,3,3,8,7,3
18276,0,4,7,0,2,7,4,4,6,8,0
18277,8,4,7,0,2,7,4,4,6,8,0
18278,3,6,1,8,5,3,2,6,0,1,1
18279,0,4,7,0,2,7,4,1,4,8,0
18280,7,1,0,3,4,6,1,5,7,3,4
18281,2,3,4,6,8,2,6,8,9,5,6
18282,1,7,6,2,0,8,0,9,5,6,5
18283,0,4,3,0,2,0,4,1,4,8,0
18284,3,6,1,8,5,3,2,6,0,1,1
18285,1,7,6,3,0,8,0,9,5,6,4
18286,9,9,9,2,7,1,5,7,2,0,5
18287,7,1,0,3,4,6,1,5,7,3,4
18288,2,0,4,4,8,2,6,6,1,5,6
18289,0,4,5,0,2,9,4,1,4,8,2
18290,6,9,2,7,1,5,9,2,3,2,9
18291,2,3,4,6,8,2,6,8,9,5,6
18292,2,5,4,9,8,2,6,3,8,5,3
18293,1,7,6,2,0,8,0,9,5,6,5
18294,0,4,3,0,2,0,4,1,4,8,0
18295,3,0,1,4,5,3,2,6,1,1,1
18296,0,4,7,0,2,7,4,1,4,8,0
18297,8,2,7,5,9,7,8,4,6,9,8
18298,7,1,0,3,4,6,1,5,7,3,4
18299,7,1,0,3,4,6,1,5,7,3,4
18300,6,5,2,7,1,5,9,2,3,2,9
18301,3,6,1,8,5,3,2,6,0,1,1
18302,4,5,8,9,3,4,3,0,8,7,3
18303,4,5,8,9,3,4,3,3,8,7,3
18304,1,7,6,2,0,8,0,9,5,6,5
18305,2,3,4,6,8,2,6,8,9,5,6
18306,5,8,3,1,6,0,7,1,4,4,7
18307,7,1,0,3,4,6,1,5,7,3,4
18308,0,4,3,0,2,0,4,1,4,8,0
18309,8,2,5,5,9,9,8,4,6,9,8
18310,7,1,0,2,4,6,1,9,7,3,5
18311,2,3,4,6,8,2,6,8,9,5,6
18312,4,5,8,9,3,4,3,3,8,7,3
18313,2,3,4,6,8,2,6,8,9,5,6
18314,1,7,6,2,0,8,0,9,5,6,5
18315,8,2,5,5,9,9,8,4,6,9,2
18316,1,7,6,2,0,8,0,9,5,6,5
18317,2,3,4,6,8,2,6,8,9,5,6
18318,6,9,2,7,1,5,9,2,3,2,9
18319,2,0,4,4,8,2,6,3,1,5,6
18320,8,2,5,5,9,9,8,4,6,9,2
18321,1,7,6,2,0,8,0,9,5,6,5
18322,7,1,0,3,4,6,1,5,7,3,2
18323,6,5,2,7,1,5,9,2,3,2,9
18324,3,6,1,8,5,3,2,6,0,1,1
18325,1,7,6,3,0,8,0,3,5,6,6
18326,7,1,0,3,4,6,1,5,7,3,4
18327,8,2,7,5,9,7,8,4,6,9,8
18328,4,5,8,9,3,4,3,0,8,7,3
18329,0,4,7,0,2,7,4,8,9,8,0
18330,1,7,6,2,0,8,0,3,5,6,5
18331,4,5,8,9,3,4,3,0,8,7,3
18332,0,4,7,0,2,7,4,1,4,8,0
18333,0,4,5,0,2,9,4,4,6,8,2
18334,7,1,0,3,4,6,1,5,7,3,4
18335,2,3,7,6,8,7,6,8,9,5,6
18336,4,5,8,9,3,4,3,3,8,7,3
18337,3,0,1,4,5,3,2,6,1,1,1
18338,1,7,6,2,0,8,0,9,5,6,5
18339,1,7,6,2,0,8,0,9,5,6,5
18340,7,1,0,3,4,6,1,5,7,3,4
18341,6,5,2,7,1,5,9,2,3,2,9
18342,0,4,3,0,2,0,4,1,4,8,0
18343,1,7,6,2,0,8,0,3,5,6,5
18344,4,5,8,9,3,4,3,0,8,7,3
18345,8,2,7,5,9,7,8,4,6,9,8
18346,0,4,5,0,2,9,4,4,6,8,2
18347,2,3,7,6,8,7,6,4,9,5,6
18348,8,4,7,0,2,7,4,4,6,8,8
18349,4,5,8,9,3,4,3,0,8,7,3
18350,0,4,7,0,2,7,4,1,4,8,0
18351,8,2,5,5,9,9,8,4,6,9,2
18352,9,9,9,2,7,1,5,7,2,0,5
18353,2,3,4,6,8,2,6,8,9,5,6
18354,4,5,8,9,3,4,3,0,8,7,3
18355,0,4,3,0,2,0,4,1,4,8,0
18356,5,8,3,1,6,0,7,1,4,4,7
18357,2,0,4,4,8,2,6,3,1,5,6
18358,1,4,6,0,2,8,0,9,5,8,2
18359,9,7,9,2,7,1,5,7,2,0,5
18360,1,7,6,2,0,8,0,9,5,6,5
18361,6,5,2,7,1,5,9,2,3,2,9
18362,5,8,8,1,6,4,7,0,8,4,7
18363,7,1,0,3,4,6,1,5,7,3,4
18364,7,1,6,3,4,8,1,5,7,3,4
18365,8,2,7,5,9,7,8,4,6,9,8
18366,7,1,0,3,4,6,1,5,7,3,4
18367,8,4,5,0,2,9,4,4,6,8,2
18368,7,1,0,3,4,6,1,5,7,3,4
18369,2,3,4,6,8,2,6,8,9,5,6
18370,6,5,2,7,1,5,9,2,3,2,9
18371,2,3,4,6,8,2,6,3,9,5,6
18372,1,7,6,2,0,8,0,9,5,6,5
18373,2,3,4,6,8,2,6,8,9,5,6
18374,0,4,7,0,2,7,4,4,6,8,0
18375,7,1,0,3,4,6,1,5,7,3,4
18376,2,5,4,9,8,2,6,3,8,5,3
18377,0,4,3,0,2,0,4,1,4,8,0
18378,2,3,4,6,8,2,6,8,9,5,6
18379,8,2,7,5,9,7,8,4,6,9,8
18380,7,1,0,3,4,6,1,5,7,3,4
18381,4,5,8,9,3,4,3,0,8,7,3
18382,0,4,7,0,2,7,4,9,5,8,0
18383,2,3,4,6,8,2,6,8,9,5,6
18384,1,7,6,2,0,8,0,9,5,6,5
18385,8,2,7,5,9,7,8,4,6,9,8
18386,2,3,4,6,8,2,6,8,9,5,6
18387,0,4,3,0,2,0,4,1,4,8,0
18388,5,5,8,1,6,4,7,0,8,4,7
18389,1,7,6,2,0,8,0,9,5,6,5
18390,7,1,3,3,4,0,1,1,7,3,4
18391,8,2,5,5,9,9,8,4,6,9,2
18392,0,4,3,0,2,0,4,1,4,8,2
18393,1,7,6,2,0,8,0,9,5,6,5
18394,6,5,2,7,1,5,9,2,3,2,9
18395,2,3,4,6,8,2,6,8,9,5,6
18396,9,9,9,2,7,1,5,7,2,0,5
18397,6,5,2,7,1,5,9,3,3,2,9
18398,5,8,3,1,6,0,7,1,4,4,7
18399,0,4,7,0,2,7,4,1,9,8,0
18400,1,7,6,2,0,8,0,9,5,6,5
18401,0,4,3,0,2,0,4,1,4,8,0
18402,5,8,3,1,6,0,7,1,4,4,2
18403,4,0,8,4,3,4,3,3,1,7,3
18404,2,7,6,2,8,8,6,3,5,5,5
18405,5,8,3,1,6,0,7,1,4,4,7
18406,7,1,0,3,4,6,1,8,7,3,4
18407,1,7,6,2,0,8,0,9,5,6,5
18408,0,4,3,0,2,0,4,1,4,8,0
18409,1,7,6,2,0,8,0,9,5,6,5
18410,0,4,5,0,2,9,4,4,6,8,2
18411,1,7,6,2,0,8,0,9,5,6,5
18412,3,6,1,8,5,3,2,6,0,1,1
18413,2,5,4,6,8,2,6,8,9,5,6
18414,2,3,4,6,8,2,6,8,9,5,6
18415,5,8,3,1,6,0,7,1,4,4,0
18416,7,1,0,3,4,6,1,5,7,3,4
18417,2,3,7,6,8,7,6,8,9,5,0
18418,7,1,0,3,4,6,1,5,7,3,4
18419,2,3,7,6,8,7,6,8,9,5,6
18420,4,5,8,9,3,4,3,1,8,7,3
18421,1,7,6,2,0,8,0,9,5,6,5
18422,4,5,8,9,3,4,3,0,8,7,3
18423,2,3,4,6,8,2,6,8,9,5,6
18424,3,6,1,8,5,3,2,6,0,1,1
18425,3,0,1,4,5,3,2,3,1,1,1
18426,9,9,9,2,7,1,5,7,2,0,5
18427,8,2,5,5,9,9,8,4,6,9,8
18428,5,5,8,1,6,4,7,0,8,4,7
18429,8,4,5,0,2,9,4,4,6,8,2
18430,4,5,8,9,3,4,3,0,8,7,3
18431,8,2,7,5,9,7,8,4,6,9,8
18432,4,5,8,9,3,4,3,0,8,7,3
18433,7,3,0,6,4,6,1,8,9,3,4
18434,7,3,0,3,4,6,1,8,9,3,4
18435,6,5,2,7,1,5,9,2,3,2,9
18436,5,8,3,1,6,0,7,1,4,4,0
18437,0,4,3,0,2,0,4,1,4,8,0
18438,0,4,3,0,2,0,4,1,4,8,0
18439,2,3,4,6,8,2,6,8,9,5,6
18440,2,3,4,6,8,2,6,8,9,5,6
18441,0,4,7,0,2,7,4,1,4,8,0
18442,1,7,6,2,0,8,0,9,5,6,5
18443,3,0,1,4,5,3,2,6,1,1,1
18444,1,7,6,2,0,8,0,9,5,6,5
18445,8,4,7,2,2,7,4,4,6,8,5
18446,7,1,0,3,4,6,1,5,7,3,4
18447,4,5,8,9,3,4,3,0,8,7,3
18448,5,8,3,1,6,0,7,1,4,4,7
18449,8,2,5,5,9,9,8,4,6,9,8
18450,0,4,0,0,2,6,4,8,9,8,0
18451,1,7,6,2,0,8,0,9,5,6,5
18452,9,9,9,2,7,1,5,7,2,0,5
18453,7,1,6,3,4,8,1,3,7,3,4
18454,6,9,2,7,1,5,9,2,3,2,9
18455,8,2,7,5,9,7,8,4,6,9,8
18456,7,1,0,3,4,6,1,5,7,3,4
18457,0,4,7,0,2,7,4,8,9,8,0
18458,5,8,3,1,6,0,7,1,4,4,7
18459,4,5,8,9,3,4,3,3,8,7,3
18460,7,3,0,3,4,6,1,8,7,3,4
18461,3,0,1,4,5,3,2,3,1,1,1
18462,3,6,1,8,5,3,2,6,0,1,1
18463,7,1,0,3,4,6,1,5,7,3,4
18464,5,6,1,8,5,3,2,6,0,1,7
18465,4,5,8,9,3,4,3,0,8,7,3
18466,7,1,0,3,4,6,1,5,7,3,4
18467,2,3,4,6,8,2,6,8,9,5,6
18468,1,7,6,2,0,8,0,9,5,6,5
18469,8,2,5,5,9,9,8,4,6,9,2
18470,9,7,6,2,0,8,0,9,2,6,5
18471,3,0,1,4,5,3,2,6,1,1,1
18472,9,9,9,5,7,1,5,7,2,0,5
18473,8,2,7,5,9,9,8,4,6,9,8
18474,1,7,6,2,0,8,0,9,5,6,5
18475,0,4,7,0,2,7,4,1,4,8,0
18476,7,1,0,3,4,6,1,5,7,3,4
18477,7,1,4,3,4,2,1,3,7,5,6
18478,2,3,4,6,8,2,6,8,9,5,6
18479,8,2,5,5,9,9,8,4,6,9,2
18480,9,9,9,2,7,1,5,7,2,0,5
18481,0,4,7,0,2,7,4,8,9,8,0
18482,1,7,6,2,0,8,0,9,5,6,5
18483,0,4,7,0,2,7,4,4,6,8,0
18484,5,8,3,1,6,0,7,1,4,4,7
18485,7,1,0,3,4,6,1,5,7,3,4
18486,3,6,1,8,5,3,2,6,0,1,1
18487,8,2,9,5,9,1,8,7,2,9,8
18488,1,7,6,2,0,8,0,9,5,6,5
18489,2,0,4,4,8,2,6,8,1,5,6
18490,4,8,3,9,3,0,3,1,4,7,0
18491,7,1,0,3,4,6,1,8,7,3,4
18492,1,7,6,2,0,8,0,9,5,6,5
18493,1,7,6,2,0,8,0,9,5,6,5
18494,5,8,3,1,6,0,7,1,4,4,2
18495,2,3,4,6,8,2,6,8,9,5,6
18496,5,8,3,1,6,0,7,1,4,4,0
18497,1,7,6,2,0,8,0,9,5,6,5
18498,8,2,7,5,9,7,8,4,6,9,8
18499,6,5,2,7,1,5,9,2,3,2,9
18500,5,8,3,1,6,0,7,1,4,4,7
18501,9,9,9,6,7,1,5,7,2,0,6
18502,5,8,3,1,6,0,7,1,4,4,7
18503,7,1,0,3,4,6,1,5,7,3,4
18504,0,8,3,1,6,0,7,1,4,4,0
18505,3,0,1,4,5,3,2,6,1,1,1
18506,5,8,3,1,6,0,7,1,4,4,7
18507,3,6,1,8,5,3,2,6,0,1,1
18508,2,3,4,6,8,2,6,3,9,5,6
18509,3,0,1,4,5,3,2,6,1,1,1
18510,0,4,6,0,2,8,4,9,5,8,0
18511,2,3,4,6,8,2,6,8,9,5,0
18512,5,8,3,1,6,0,7,1,4,4,7
18513,8,2,5,5,9,9,8,4,6,9,8
18514,1,7,6,2,0,8,0,9,5,6,5
18515,2,2,4,5,8,2,6,3,6,5,8
18516,1,7,6,2,0,8,0,9,5,6,5
18517,4,5,8,9,3,4,3,3,8,7,3
18518,7,1,0,3,4,6,1,5,7,3,4
18519,9,9,9,5,7,1,5,7,2,0,8
18520,4,5,8,9,3,4,3,0,8,7,3
18521,2,3,4,6,8,2,6,8,9,5,6
18522,7,1,0,3,4,6,1,5,7,3,4
18523,2,3,4,6,8,2,6,8,9,5,6
18524,1,7,6,2,0,8,0,9,5,6,5
18525,2,0,4,4,8,2,6,3,1,5,3
18526,9,9,9,2,7,1,5,7,2,0,5
18527,7,1,0,3,4,6,1,3,7,3,4
18528,7,1,0,3,4,6,1,5,7,3,4
18529,0,4,7,0,2,7,4,1,4,8,0
18530,4,5,8,9,3,4,3,0,8,7,7
18531,8,2,7,5,9,7,8,4,6,9,8
18532,8,4,5,0,2,9,4,4,6,8,2
18533,2,3,4,6,8,2,6,8,9,5,6
18534,0,4,5,0,2,9,4,4,6,8,2
18535,6,5,2,7,1,5,9,2,3,2,9
18536,1,7,6,2,0,8,0,3,5,6,5
18537,0,4,5,0,2,9,4,4,6,8,2
18538,3,6,1,8,5,3,2,6,0,1,1
18539,8,2,5,5,9,9,8,4,6,9,2
18540,1,7,6,2,0,8,0,9,5,6,5
18541,9,9,9,2,7,1,5,7,2,0,5
18542,7,1,0,3,4,6,1,5,7,3,4
18543,3,6,1,8,5,3,2,6,0,1,1
18544,6,5,2,7,1,5,9,2,3,2,9
18545,1,7,6,2,0,8,0,9,5,6,5
18546,1,7,6,2,0,8,0,9,5,6,5
18547,6,5,2,7,1,5,9,2,3,2,9
18548,4,5,8,9,3,4,3,3,8,7,3
18549,7,1,0,3,4,6,1,5,7,3,4
18550,7,1,0,3,4,6,1,5,7,3,0
18551,5,8,3,1,6,0,7,1,4,4,7
18552,8,2,7,5,9,7,8,4,6,9,8
18553,7,1,0,3,4,6,1,5,7,3,4
18554,0,4,7,0,2,7,4,4,6,8,0
18555,4,5,8,9,3,4,3,0,8,7,3
18556,0,4,5,0,2,9,4,4,6,8,2
18557,5,8,3,1,6,0,7,1,4,4,7
18558,8,2,7,5,9,7,8,4,6,9,8
18559,7,1,0,3,4,6,1,8,7,3,4
18560,5,8,3,1,6,0,7,1,4,4,7
18561,5,8,3,1,6,0,7,1,4,4,0
18562,5,8,3,1,6,0,7,1,4,4,7
18563,3,6,1,8,5,3,2,6,0,1,1
18564,3,6,1,8,5,3,2,6,0,1,1
18565,1,7,6,2,0,8,0,9,5,6,5
18566,6,9,2,7,1,5,9,2,3,2,9
18567,6,5,2,7,1,5,9,2,3,2,9
18568,9,9,9,2,7,1,5,7,2,0,5
18569,7,1,0,3,4,6,1,5,7,3,4
18570,0,4,7,0,2,7,4,1,4,8,0
18571,0,8,3,1,6,0,7,1,4,4,0
18572,3,6,1,8,5,3,2,6,0,1,1
18573,4,5,8,9,3,4,3,0,8,7,3
18574,7,1,0,3,4,6,1,5,7,3,4
18575,4,5,8,9,3,4,3,0,8,7,3
18576,4,5,8,9,3,4,3,0,8,7,3
18577,0,3,7,6,2,7,4,8,9,8,0
18578,0,4,7,0,2,7,4,1,4,8,0
18579,8,2,7,5,9,7,8,4,6,9,8
18580,8,2,7,2,9,7,8,4,6,9,0
18581,3,6,1,8,5,3,2,6,0,1,1
18582,5,8,3,1,6,0,7,1,4,4,7
18583,1,7,6,2,0,8,0,9,5,6,5
18584,6,1,2,7,1,5,9,2,3,2,9
18585,3,6,1,8,5,3,2,6,0,1,1
18586,3,6,1,8,5,3,2,6,0,1,1
18587,7,1,0,3,4,6,1,5,7,3,4
18588,7,1,0,3,4,6,1,5,7,3,4
18589,5,8,3,1,6,0,7,1,4,4,7
18590,3,6,1,8,5,3,2,6,0,1,1
18591,2,3,4,6,8,2,6,3,9,5,6
18592,5,8,3,1,6,0,7,1,4,4,7
18593,4,5,8,9,3,4,3,0,8,7,3
18594,7,1,0,3,4,6,1,5,7,3,4
18595,2,3,4,6,8,2,6,8,9,5,6
18596,5,8,3,1,6,0,7,1,4,4,7
18597,0,4,5,0,2,9,4,1,4,8,2
18598,3,6,1,8,5,3,2,6,3,1,1
18599,3,6,1,8,5,3,2,6,0,1,1
18600,7,1,0,3,4,6,1,5,7,3,4
18601,0,4,7,0,2,7,4,4,6,8,0
18602,0,8,3,1,6,0,7,1,4,4,0
18603,3,6,1,8,5,3,2,6,0,1,1
18604,0,4,7,0,2,7,4,4,6,8,0
18605,4,5,8,9,3,4,3,0,8,7,3
18606,3,6,1,8,5,3,2,6,0,1,1
18607,5,8,3,1,6,0,7,1,4,4,7
18608,2,3,4,6,8,2,6,3,9,5,6
18609,8,2,5,5,9,9,8,4,6,9,2
18610,0,4,6,0,2,8,4,9,5,8,0
18611,4,5,8,9,3,4,3,0,8,7,3
18612,7,1,0,3,4,6,1,5,7,3,4
18613,6,5,2,7,1,5,9,2,3,2,9
18614,2,3,4,6,8,2,6,8,9,5,6
18615,7,1,0,3,4,6,1,5,7,3,4
18616,0,4,6,0,2,8,4,9,5,8,2
18617,5,8,3,1,6,0,7,1,4,4,7
18618,2,3,4,6,8,2,6,8,9,5,6
18619,7,1,0,3,4,6,1,8,7,3,4
18620,6,5,2,7,1,5,9,2,3,2,9
18621,0,4,5,0,2,9,4,1,4,8,2
18622,6,5,2,7,1,5,9,2,3,2,9
18623,0,3,4,6,2,2,4,8,9,8,0
18624,0,4,3,0,2,0,4,1,4,8,0
18625,4,5,8,9,3,4,3,0,8,7,3
18626,7,1,0,3,4,6,1,5,7,3,4
18627,2,3,4,6,8,2,6,8,9,5,6
18628,5,8,3,1,6,0,7,1,4,4,7
18629,2,3,4,6,8,2,6,8,9,5,6
18630,2,3,4,6,8,2,6,8,9,5,6
18631,3,6,1,8,5,3,2,6,0,1,1
18632,6,5,2,7,1,5,9,2,3,2,9
18633,6,0,2,7,1,5,9,2,3,2,1
18634,6,5,2,7,1,5,9,2,3,2,9
18635,2,3,4,6,8,2,6,8,9,5,5
18636,0,4,3,0,2,0,4,1,4,8,0
18637,5,8,3,1,6,0,7,1,4,4,7
18638,8,2,7,5,9,7,8,4,6,9,8
18639,2,2,4,5,8,2,6,3,9,5,8
18640,1,7,6,2,0,8,0,9,5,6,5
18641,3,6,1,8,5,3,2,6,0,1,1
18642,2,3,4,6,8,2,6,8,9,5,6
18643,6,1,2,7,1,5,9,2,3,2,9
18644,2,3,4,6,8,2,6,8,9,5,6
18645,3,6,1,8,5,3,2,6,0,1,1
18646,7,1,0,3,4,6,1,5,7,3,4
18647,1,7,6,2,0,8,0,9,5,6,5
18648,8,2,5,5,9,9,8,4,6,9,2
18649,9,9,9,2,7,1,5,7,2,0,5
18650,2,0,4,4,8,2,6,3,1,5,6
18651,3,0,1,4,5,3,2,6,1,1,1
18652,2,0,4,4,8,2,6,3,1,5,6
18653,0,4,7,0,2,7,4,1,4,8,0
18654,4,5,8,9,3,4,3,3,8,7,3
18655,4,5,8,9,3,4,3,3,8,7,3
18656,1,7,6,2,0,8,0,9,5,6,5
18657,2,3,4,6,8,2,6,8,9,5,6
18658,3,6,1,8,5,3,2,6,0,1,1
18659,1,7,6,2,0,8,0,9,5,6,5
18660,1,7,6,2,0,8,0,9,5,6,5
18661,6,5,2,7,1,5,9,2,3,2,9
18662,5,5,3,1,6,0,7,1,4,4,7
18663,1,7,6,2,0,8,0,9,5,6,5
18664,1,7,6,2,0,8,0,9,5,6,5
18665,3,6,1,8,5,3,2,6,0,1,1
18666,0,4,3,0,2,0,4,1,4,8,0
18667,4,5,8,9,3,4,3,0,8,7,3
18668,5,8,3,1,6,0,7,1,4,4,7
18669,0,8,3,1,6,0,7,1,4,4,7
18670,1,7,6,2,0,8,0,9,5,6,5
18671,5,8,3,1,6,0,7,1,4,4,7
18672,4,5,8,9,3,4,3,3,8,7,3
18673,2,3,4,6,8,2,6,8,9,5,6
18674,7,1,0,3,4,6,1,5,7,3,4
18675,7,1,0,3,4,6,1,5,7,3,4
18676,8,2,7,5,9,7,8,4,6,9,8
18677,5,8,3,1,6,0,7,1,4,4,7
18678,4,5,8,9,3,4,3,0,8,7,3
18679,7,1,0,3,4,6,1,5,7,3,4
18680,5,8,3,1,6,0,7,1,4,4,7
18681,5,8,3,1,6,0,7,1,4,4,7
18682,0,4,3,0,2,0,4,1,4,8,2
18683,1,7,6,2,0,8,0,9,5,6,5
18684,9,9,9,2,7,1,5,7,2,0,5
18685,0,3,4,6,2,2,4,8,9,8,0
18686,0,4,7,0,2,7,4,9,5,8,0
18687,7,1,0,3,4,6,1,5,7,3,4
18688,5,8,3,1,6,0,7,1,4,4,7
18689,2,3,4,6,8,2,6,8,9,5,6
18690,2,3,4,6,8,2,6,8,9,5,6
18691,8,2,5,5,9,9,8,4,6,9,2
18692,1,7,6,2,0,8,0,9,5,6,5
18693,6,5,2,7,1,5,9,2,3,2,9
18694,5,8,3,1,6,0,7,1,4,4,7
18695,9,9,9,2,7,1,5,7,2,0,5
18696,2,3,4,6,8,2,6,8,9,5,6
18697,0,4,7,0,2,7,4,1,4,8,0
18698,8,4,7,0,2,7,8,4,6,8,0
18699,2,3,4,6,8,2,6,3,9,5,6
18700,8,2,9,5,9,1,8,7,2,9,8
18701,2,5,4,6,8,2,6,3,9,5,6
18702,4,5,8,9,3,4,3,0,8,7,3
18703,3,6,1,8,5,3,2,6,0,1,1
18704,1,7,6,2,0,8,0,9,5,6,5
18705,1,7,6,2,0,8,0,9,5,6,5
18706,0,4,5,0,2,9,4,4,6,8,2
18707,1,7,6,2,0,8,0,9,5,6,5
18708,0,4,3,0,2,0,4,1,4,8,0
18709,5,8,3,1,6,0,7,1,4,4,7
18710,7,1,0,3,4,6,1,5,7,3,4
18711,2,3,4,6,8,2,6,8,9,5,6
18712,0,4,4,0,2,2,4,1,9,8,0
18713,6,6,2,7,1,5,9,2,3,2,9
18714,0,4,7,0,2,7,4,8,6,8,0
18715,3,6,1,8,5,3,2,6,0,1,1
18716,5,8,3,1,6,0,7,0,4,4,7
18717,0,4,7,0,2,7,4,1,4,8,7
18718,3,6,1,8,5,3,2,6,0,1,1
18719,8,2,7,5,2,7,8,3,6,9,8
18720,0,4,6,0,2,8,4,9,5,8,0
18721,4,5,8,9,3,4,3,3,8,7,3
18722,5,8,3,1,6,0,7,1,4,4,7
18723,2,2,7,2,8,2,6,3,2,5,8
18724,5,8,3,1,6,0,7,1,4,4,0
18725,3,6,1,8,5,3,2,6,0,1,1
18726,5,8,3,1,6,0,7,1,4,4,7
18727,7,1,0,3,4,6,1,5,7,3,4
18728,2,3,4,6,8,2,6,5,9,5,6
18729,0,4,3,0,2,0,4,1,4,8,2
18730,5,8,3,1,6,0,7,1,4,4,0
18731,0,4,3,0,2,0,4,1,4,8,0
18732,1,7,6,2,0,8,0,9,5,6,3
18733,0,4,3,0,2,0,4,1,4,8,0
18734,0,4,5,0,2,9,4,1,4,8,2
18735,7,1,0,3,4,6,1,5,7,3,4
18736,8,2,5,5,9,9,8,4,6,9,8
18737,3,6,1,8,5,3,2,6,0,1,1
18738,0,4,7,0,2,7,4,4,6,8,0
18739,3,6,1,8,5,3,2,6,0,1,1
18740,7,1,0,3,4,6,1,5,7,3,4
18741,1,7,6,2,0,8,0,9,5,6,5
18742,7,1,0,3,4,6,1,5,7,3,4
18743,3,6,1,8,5,3,2,6,0,1,1
18744,0,8,3,0,2,0,4,1,4,8,0
18745,0,4,3,0,2,0,4,1,4,8,0
18746,0,4,3,0,2,0,4,1,4,8,0
18747,0,4,7,0,2,7,4,1,4,8,0
18748,6,5,2,7,1,5,9,2,3,2,9
18749,2,3,4,6,8,2,6,3,9,5,6
18750,3,6,1,8,5,3,2,6,0,1,1
18751,5,8,3,1,6,0,7,1,4,4,7
18752,7,1,0,3,4,6,1,5,7,3,4
18753,0,4,5,0,2,9,4,1,4,8,2
18754,5,8,3,1,6,0,7,1,4,4,7
18755,8,2,7,5,9,7,8,4,6,9,8
18756,5,8,3,1,6,0,7,1,4,4,0
18757,0,4,5,0,2,9,4,4,6,8,2
18758,9,9,9,2,7,1,5,7,2,0,5
18759,3,6,1,8,5,3,2,6,0,1,1
18760,1,7,6,2,0,8,0,9,5,6,5
18761,1,7,6,2,0,8,0,9,5,6,5
18762,7,1,0,3,4,6,1,5,7,3,4
18763,6,1,2,7,1,5,9,2,3,2,9
18764,6,9,2,7,1,5,9,2,3,2,9
18765,7,1,0,3,4,6,1,5,7,3,4
18766,1,7,6,2,0,8,0,9,5,6,5
18767,0,4,3,0,2,0,4,1,4,8,0
18768,1,7,6,2,0,8,0,9,5,6,5
18769,8,2,7,5,9,7,8,4,6,9,8
18770,7,1,0,3,4,6,1,5,7,3,4
18771,4,5,8,9,3,4,3,0,8,7,3
18772,5,5,8,8,3,4,7,0,8,7,7
18773,8,2,5,5,9,9,8,4,6,9,2
18774,2,3,4,6,8,2,6,8,9,5,6
18775,2,3,4,6,8,2,6,8,9,5,6
18776,6,8,2,7,1,5,9,2,3,2,9
18777,8,2,7,5,9,7,8,4,6,9,0
18778,2,3,4,6,8,2,6,8,9,5,6
18779,3,6,1,8,5,3,2,6,0,1,1
18780,6,0,2,4,1,5,9,2,3,2,9
18781,9,9,9,2,7,1,5,7,2,0,5
18782,2,3,4,6,8,2,6,8,9,5,6
18783,6,5,2,7,1,5,9,2,3,2,9
18784,8,2,5,5,9,9,8,4,6,9,8
18785,2,1,4,3,8,2,6,5,7,5,6
18786,5,8,3,1,6,0,7,1,4,4,0
18787,8,2,7,5,9,7,8,4,6,9,8
18788,4,5,8,9,3,4,3,0,8,7,7
18789,8,2,7,5,9,7,8,3,6,9,8
18790,1,7,6,2,0,8,0,9,5,6,5
18791,4,5,8,9,3,4,3,0,8,7,3
18792,1,7,6,2,0,8,0,9,5,6,5
18793,8,2,5,5,9,9,8,4,6,9,8
18794,2,3,4,9,8,2,6,3,9,5,6
18795,2,3,4,6,8,2,6,8,9,5,6
18796,7,1,0,3,4,6,1,5,7,3,4
18797,8,2,7,5,9,7,8,4,6,9,8
18798,2,3,4,6,8,2,6,8,9,5,6
18799,3,0,1,4,5,3,2,6,1,1,1
18800,1,7,6,2,0,8,0,9,5,6,5
18801,9,9,9,2,7,1,5,7,2,0,5
18802,7,1,0,3,4,6,1,5,7,3,4
18803,6,3,2,7,1,5,9,2,3,2,9
18804,7,1,0,3,4,6,1,5,7,3,4
18805,2,1,4,3,8,2,6,5,9,5,6
18806,1,7,6,2,0,8,0,9,5,6,5
18807,8,2,7,5,9,7,8,4,6,9,8
18808,1,7,6,2,0,8,0,9,5,6,5
18809,8,2,5,5,9,9,8,4,6,9,8
18810,6,9,2,7,1,5,9,2,3,2,9
18811,2,3,4,6,8,2,6,8,9,5,6
18812,7,1,0,3,4,6,1,5,7,3,4
18813,8,2,7,5,9,7,8,4,6,9,8
18814,1,7,6,2,0,8,0,9,5,6,5
18815,6,3,2,7,1,5,9,2,3,2,9
18816,1,7,6,2,0,8,0,9,5,6,5
18817,2,3,4,6,8,2,6,8,9,5,6
18818,5,8,3,1,6,0,7,1,4,4,2
18819,8,2,5,5,9,9,8,4,6,9,8
18820,5,8,3,1,6,0,7,1,4,4,7
18821,4,5,8,9,3,4,3,0,8,7,3
18822,7,1,0,3,4,6,1,5,7,3,4
18823,8,2,7,5,9,7,8,4,6,9,8
18824,9,9,9,2,7,1,5,7,2,0,8
18825,8,2,5,5,9,9,8,4,6,9,8
18826,7,1,0,3,4,6,1,5,7,3,4
18827,2,3,4,6,8,2,6,5,9,5,6
18828,5,8,3,1,6,0,8,1,4,4,0
18829,9,9,9,2,7,1,5,3,2,0,8
18830,1,7,6,2,0,8,0,9,5,6,5
18831,8,2,7,5,9,7,8,4,6,9,8
18832,5,5,0,1,6,6,7,0,8,4,7
18833,9,9,9,2,7,1,5,7,2,0,5
18834,0,4,5,0,2,9,4,1,4,8,2
18835,2,3,4,6,8,2,6,8,9,5,6
18836,3,0,1,4,5,3,2,6,1,1,1
18837,3,0,1,4,5,3,2,6,1,1,1
18838,5,5,8,9,3,4,7,0,8,7,7
18839,9,2,7,5,9,7,8,3,2,9,8
18840,7,1,0,3,4,6,1,5,7,3,4
18841,6,5,2,7,1,5,9,2,3,2,9
18842,5,8,3,1,6,0,7,1,4,4,7
18843,8,2,5,5,9,9,8,4,6,9,2
18844,8,2,6,2,9,8,8,4,6,9,5
18845,5,8,3,1,6,0,7,1,4,4,7
18846,5,8,3,1,6,0,7,1,4,4,7
18847,2,3,4,6,8,2,6,8,9,5,6
18848,4,5,8,9,3,4,3,0,8,7,3
18849,4,5,8,9,3,4,3,3,8,7,3
18850,9,9,9,2,7,1,5,7,2,0,5
18851,2,3,4,6,8,2,6,8,9,5,6
18852,1,7,6,2,0,8,0,9,5,6,5
18853,9,9,9,2,7,1,5,7,2,0,5
18854,5,8,3,1,6,0,7,1,4,4,7
18855,8,2,5,5,9,9,8,4,6,9,8
18856,2,3,4,6,8,2,6,8,9,5,6
18857,8,2,5,5,9,9,8,4,6,9,8
18858,2,0,4,4,8,2,6,3,1,5,6
18859,0,4,7,0,2,7,4,4,6,8,0
18860,0,4,7,0,2,7,4,4,6,8,0
18861,0,4,7,0,2,7,4,4,6,8,0
18862,1,7,6,2,0,8,0,9,5,6,5
18863,9,9,9,2,7,1,5,7,2,0,5
18864,6,5,2,7,1,5,9,2,3,2,9
18865,6,5,2,7,1,5,9,2,3,2,9
18866,0,4,3,0,2,0,4,1,4,8,0
18867,5,8,7,1,6,7,7,1,4,4,7
18868,3,0,1,4,5,3,2,6,1,1,1
18869,4,5,8,9,3,4,3,0,8,7,3
18870,1,7,6,2,0,8,0,9,5,6,5
18871,8,2,5,5,9,9,8,4,6,9,8
18872,5,8,3,1,6,0,7,1,4,4,7
18873,8,2,5,5,9,9,8,4,6,9,8
18874,0,4,7,0,2,7,4,4,6,8,0
18875,9,9,9,2,7,1,5,3,2,0,8
18876,0,4,3,0,2,0,4,1,4,8,2
18877,8,2,7,5,9,7,8,4,6,9,8
18878,3,6,1,8,5,3,2,6,0,1,1
18879,9,2,9,5,7,1,5,3,2,0,8
18880,1,7,6,2,0,8,0,9,5,6,5
18881,3,0,1,4,5,3,2,6,1,1,1
18882,7,1,0,3,4,6,1,5,7,3,4
18883,0,4,7,0,2,7,4,4,6,8,0
18884,2,3,4,6,8,2,6,8,9,5,6
18885,8,2,7,5,9,7,8,4,6,9,8
18886,1,7,6,2,0,8,0,9,5,6,5
18887,2,3,4,6,8,2,6,8,9,5,6
18888,5,8,3,1,6,0,7,1,4,4,7
18889,3,6,1,8,5,3,2,6,0,1,1
18890,2,3,4,6,8,2,6,8,9,5,0
18891,6,3,2,7,1,5,9,2,3,2,9
18892,3,6,1,8,5,3,2,6,0,1,1
18893,3,0,1,4,5,3,2,6,1,1,1
18894,8,2,5,5,9,9,8,4,6,9,8
18895,7,1,0,3,4,6,1,5,7,3,4
18896,3,6,1,8,5,3,2,6,0,1,1
18897,2,3,4,6,8,2,6,3,9,5,6
18898,0,4,7,0,2,7,4,1,4,8,0
18899,9,9,9,2,7,1,5,7,2,0,5
18900,5,5,2,1,6,5,7,2,3,4,7
18901,2,3,4,6,8,2,6,8,9,5,6
18902,9,3,9,6,7,1,5,7,2,0,5
18903,4,5,8,9,3,4,3,3,8,7,3
18904,4,5,8,9,3,4,3,3,8,7,3
18905,5,8,7,1,6,7,7,1,4,4,7
18906,1,7,6,2,0,8,0,9,5,6,5
18907,4,5,8,9,3,4,3,0,8,7,3
18908,5,8,3,1,6,0,7,1,4,4,7
18909,3,0,1,4,5,3,2,6,1,1,1
18910,5,8,3,1,6,0,7,1,4,4,7
18911,4,5,8,9,3,4,3,3,8,7,3
18912,1,7,6,2,0,8,0,9,5,6,5
18913,8,2,7,5,9,7,8,4,6,9,8
18914,3,6,1,8,5,3,2,6,0,1,1
18915,2,0,4,3,8,2,6,3,7,5,6
18916,0,4,3,0,2,0,4,1,4,8,0
18917,0,4,6,0,2,8,4,9,5,8,0
18918,9,9,9,2,7,1,5,7,2,0,5
18919,7,1,0,3,4,6,1,5,7,3,4
18920,7,1,0,3,4,6,1,5,7,3,4
18921,3,6,1,8,5,3,2,6,0,1,1
18922,9,9,9,7,7,1,5,7,2,0,9
18923,3,6,1,8,5,3,2,6,0,1,1
18924,1,7,6,2,0,8,0,3,5,6,5
18925,5,8,3,1,6,0,7,1,4,4,0
18926,3,6,1,8,5,3,2,6,0,1,1
18927,6,3,2,7,1,5,9,8,3,2,9
18928,0,4,7,0,2,7,4,1,4,8,0
18929,8,2,7,5,9,7,8,3,6,9,8
18930,1,7,6,2,0,8,0,9,5,6,5
18931,2,3,4,6,8,2,6,8,9,5,6
18932,2,3,4,6,8,2,6,3,9,5,6
18933,2,3,4,6,8,2,6,8,9,5,6
18934,8,2,7,5,9,7,8,4,6,9,8
18935,0,4,5,0,2,9,4,4,6,8,2
18936,3,6,1,8,5,3,2,6,0,1,1
18937,8,2,7,5,9,7,8,4,6,9,8
18938,7,1,3,3,4,0,1,1,4,3,0
18939,7,1,0,3,4,6,1,5,7,3,4
18940,9,9,9,2,7,1,5,7,2,0,5
18941,8,2,7,5,9,7,8,4,6,9,8
18942,9,9,9,2,7,1,5,7,2,0,5
18943,6,5,2,7,1,5,9,2,3,2,9
18944,0,8,3,1,6,0,7,1,4,4,0
18945,2,3,4,6,8,2,6,8,9,5,6
18946,6,5,2,7,1,5,9,2,3,2,9
18947,2,3,4,6,8,2,6,8,9,5,6
18948,7,1,0,3,4,6,1,5,7,3,4
18949,2,3,4,6,8,2,6,8,9,5,6
18950,0,4,3,0,2,0,4,1,4,8,2
18951,9,9,9,2,7,1,5,7,2,0,5
18952,2,3,4,6,8,2,6,8,9,5,6
18953,9,9,9,2,7,1,5,7,2,0,5
18954,5,8,3,1,6,0,7,1,4,4,7
18955,7,1,0,3,4,6,1,5,7,3,4
18956,4,5,8,9,3,4,3,0,8,7,3
18957,4,5,8,9,3,4,3,0,8,7,3
18958,1,7,6,2,0,8,0,9,5,6,5
18959,8,2,7,5,9,7,8,4,6,9,8
18960,1,7,6,2,0,8,0,9,5,6,5
18961,8,2,7,5,9,7,8,4,6,9,8
18962,5,8,3,1,6,0,7,1,4,4,7
18963,9,9,9,2,7,1,5,7,2,0,5
18964,7,1,0,3,4,6,1,5,7,3,4
18965,2,3,4,6,8,2,6,5,9,5,6
18966,0,4,3,0,2,0,4,1,4,8,0
18967,2,3,4,6,8,2,6,8,9,5,6
18968,7,1,0,3,4,6,1,5,7,3,4
18969,8,2,5,5,9,9,8,4,6,9,8
18970,2,3,4,6,8,2,6,8,9,5,6
18971,4,5,8,9,3,4,3,3,8,7,3
18972,4,5,8,9,3,4,3,0,8,7,3
18973,8,2,7,5,9,7,8,4,6,9,8
18974,7,1,0,3,4,6,1,5,7,3,4
18975,7,1,0,3,4,6,1,5,7,3,4
18976,0,4,5,0,2,9,4,1,4,8,0
18977,7,1,0,3,4,6,1,5,7,3,4
18978,6,5,2,7,1,5,9,2,3,2,9
18979,8,2,5,5,9,9,8,4,6,9,2
18980,1,7,6,2,0,8,0,9,5,6,5
18981,9,9,9,1,7,1,5,7,2,0,7
18982,4,5,8,9,3,4,3,0,8,7,7
18983,9,9,9,2,7,1,5,7,2,0,5
18984,7,1,0,3,4,6,1,5,7,3,4
18985,8,2,7,5,9,7,8,4,6,9,8
18986,2,3,4,2,8,2,6,4,6,5,5
18987,9,9,9,2,7,1,5,7,2,0,5
18988,0,8,3,1,6,0,4,1,4,4,0
18989,3,0,1,4,5,3,2,3,1,1,1
18990,0,4,3,0,2,0,4,1,4,8,0
18991,3,0,1,4,5,3,2,6,1,1,1
18992,7,1,0,3,4,6,1,5,7,3,4
18993,9,9,9,2,7,1,5,7,2,0,5
18994,7,9,0,3,4,6,1,7,2,3,4
18995,6,5,2,7,1,5,9,2,3,2,9
18996,0,8,3,0,2,0,4,1,4,8,0
18997,2,3,4,6,8,2,6,8,9,5,6
18998,4,5,8,9,3,4,3,0,8,7,3
18999,8,2,7,5,9,7,8,4,6,9,8
19000,2,3,4,6,8,2,6,8,9,5,6
19001,9,9,9,2,7,1,5,3,2,0,5
19002,4,5,8,9,3,4,3,0,8,7,7
19003,8,2,7,5,9,7,8,4,6,9,8
19004,3,0,1,4,5,3,2,6,1,1,1
19005,9,9,9,2,7,1,5,7,2,0,5
19006,3,6,1,8,5,3,2,6,0,1,1
19007,9,9,9,5,7,1,5,7,2,0,8
19008,7,1,0,3,4,6,1,5,7,3,4
19009,2,0,4,4,8,2,6,3,1,5,6
19010,9,9,9,2,7,1,5,7,2,0,5
19011,9,9,9,2,7,1,5,7,2,0,5
19012,3,0,1,4,5,3,2,6,1,1,1
19013,6,5,2,7,1,5,9,2,3,2,9
19014,7,1,0,3,4,6,1,5,7,3,4
19015,2,3,7,6,8,7,6,8,9,5,0
19016,1,7,6,2,0,8,0,9,5,6,5
19017,8,2,7,5,9,7,8,4,6,9,8
19018,1,7,6,2,0,8,0,9,5,6,5
19019,2,0,4,4,8,2,6,3,1,5,6
19020,2,3,4,6,8,2,6,8,9,5,6
19021,9,5,9,9,7,1,5,3,2,0,3
19022,7,1,0,3,4,6,1,5,7,3,4
19023,8,2,9,5,9,1,8,4,2,9,8
19024,5,8,3,1,6,0,7,1,4,4,7
19025,9,9,9,6,7,1,5,7,2,0,6
19026,0,4,3,0,2,0,4,1,4,8,0
19027,8,2,7,5,9,2,8,3,1,9,8
19028,6,3,2,7,1,5,9,2,3,2,9
19029,9,9,9,2,7,1,5,7,2,0,5
19030,5,8,3,1,6,0,7,1,4,4,0
19031,6,5,2,7,1,5,9,2,3,2,9
19032,5,8,3,1,6,0,7,1,4,4,7
19033,8,2,7,5,9,7,8,4,6,9,8
19034,8,2,7,5,9,7,8,4,6,9,8
19035,9,9,9,2,7,1,5,3,2,0,5
19036,1,7,6,2,0,8,0,9,5,6,5
19037,9,9,9,2,7,1,5,3,2,0,5
19038,3,6,1,8,5,3,2,6,0,1,1
19039,8,2,9,5,9,1,8,7,2,9,8
19040,4,5,8,9,3,4,3,0,8,7,3
19041,9,9,9,2,7,1,5,7,2,0,5
19042,5,8,3,1,6,0,7,1,4,4,7
19043,9,9,9,6,7,1,5,7,2,0,6
19044,5,8,3,1,6,0,7,1,4,4,7
19045,8,2,7,5,9,7,8,4,6,9,8
19046,7,3,4,6,4,6,1,8,9,3,6
19047,8,2,7,5,9,7,8,4,6,9,8
19048,1,7,6,2,0,8,0,9,5,6,5
19049,3,0,1,4,5,3,2,6,1,1,1
19050,8,4,5,0,9,9,8,4,6,9,2
19051,9,9,9,2,7,1,5,7,2,0,5
19052,2,3,4,6,8,2,6,8,9,5,6
19053,6,5,2,7,1,5,9,2,3,2,9
19054,8,2,5,5,9,9,8,4,6,9,8
19055,8,2,7,5,9,7,8,4,6,9,8
19056,7,1,0,3,4,6,1,5,7,3,4
19057,8,2,5,5,9,9,8,4,6,9,8
19058,9,9,9,2,7,1,5,7,2,0,5
19059,8,2,7,5,9,7,8,4,6,9,8
19060,3,0,1,4,5,3,2,6,1,1,1
19061,2,0,4,4,8,2,6,3,1,5,6
19062,4,5,7,9,3,7,3,0,8,7,3
19063,7,1,0,3,4,6,1,5,7,3,4
19064,0,7,6,0,2,8,4,9,5,8,0
19065,2,3,4,6,8,2,6,8,2,5,6
19066,4,5,8,9,3,4,3,0,8,7,3
19067,9,9,9,2,7,1,5,7,2,0,5
19068,1,7,6,2,0,8,0,9,5,6,5
19069,6,5,2,7,1,5,9,2,3,2,9
19070,9,9,9,2,7,1,5,7,2,0,5
19071,9,9,9,2,7,1,5,7,2,0,5
19072,0,4,5,0,2,9,4,1,4,8,2
19073,8,2,5,5,9,9,8,4,6,9,8
19074,3,6,1,8,5,3,2,6,0,1,1
19075,2,3,4,6,8,2,6,3,9,5,6
19076,0,4,7,0,2,7,4,1,4,8,0
19077,9,9,9,2,7,1,5,3,2,0,5
19078,7,1,0,3,4,6,1,5,7,3,4
19079,2,3,4,6,8,2,6,8,9,5,5
19080,2,5,4,7,8,2,6,1,4,5,6
19081,9,9,9,2,7,1,5,3,2,0,5
19082,3,6,1,8,5,3,2,6,0,1,1
19083,2,2,4,5,8,2,6,3,6,5,8
19084,6,5,2,7,1,5,9,2,3,2,9
19085,8,2,7,5,9,7,8,4,6,9,8
19086,1,7,6,2,0,8,0,9,5,6,5
19087,6,5,2,7,1,5,9,3,3,2,9
19088,0,4,7,0,2,7,4,4,6,8,0
19089,2,0,4,4,8,2,6,6,1,5,6
19090,1,7,6,2,0,8,0,9,5,6,5
19091,9,9,9,2,7,1,5,7,2,0,5
19092,7,1,0,3,4,6,1,5,7,3,4
19093,9,9,9,2,7,1,5,7,2,0,5
19094,1,7,6,2,0,8,0,9,5,6,5
19095,4,5,8,9,3,4,3,3,8,7,3
19096,1,7,6,2,0,8,0,9,5,6,5
19097,6,5,2,7,1,5,9,2,3,2,9
19098,5,8,3,1,6,0,7,1,4,4,7
19099,9,9,9,2,7,1,5,7,2,0,5
19100,1,7,6,2,0,8,0,9,5,6,5
19101,2,3,4,6,8,2,6,3,9,5,6
19102,1,7,6,2,0,8,0,9,5,6,5
19103,2,3,4,6,8,2,6,8,9,5,6
19104,7,1,0,3,4,6,1,5,7,3,4
19105,4,5,8,9,3,4,3,0,8,7,3
19106,7,1,0,3,4,6,1,5,7,3,4
19107,8,2,7,5,9,7,8,4,6,9,8
19108,7,1,0,3,4,6,1,5,7,3,4
19109,8,2,7,5,9,7,8,4,6,9,8
19110,2,3,4,6,8,2,6,8,9,5,6
19111,8,2,7,5,9,7,8,4,6,9,8
19112,8,4,7,0,2,7,4,4,6,8,0
19113,8,2,7,5,9,7,8,4,6,9,8
19114,7,1,0,3,4,6,1,5,7,3,4
19115,6,5,2,7,1,5,9,2,3,2,9
19116,7,1,0,3,4,6,1,5,7,3,4
19117,3,0,1,4,5,3,2,6,1,1,1
19118,4,5,8,9,3,4,3,0,8,7,3
19119,3,6,1,8,5,3,2,6,0,1,1
19120,0,4,7,0,2,7,4,1,4,8,0
19121,8,2,7,5,9,7,8,4,6,9,8
19122,9,9,9,2,7,1,5,7,2,0,5
19123,8,2,7,5,9,7,8,4,6,9,8
19124,5,8,3,1,6,0,7,1,4,4,7
19125,4,5,8,9,3,4,3,3,8,7,3
19126,5,8,3,1,6,0,7,1,4,4,7
19127,3,0,1,4,5,3,2,6,1,1,1
19128,2,3,4,6,8,2,6,8,9,5,6
19129,6,5,2,7,1,5,9,2,3,2,9
19130,7,1,3,3,4,0,1,1,4,3,0
19131,2,3,4,6,8,2,6,8,9,5,6
19132,6,5,2,7,1,5,9,2,3,2,9
19133,3,0,1,4,5,3,2,3,1,1,1
19134,4,5,8,9,3,4,3,3,8,7,3
19135,4,5,8,9,3,4,3,3,8,7,3
19136,9,9,9,2,7,1,5,7,2,0,5
19137,9,9,9,2,7,1,5,7,2,0,5
19138,0,8,3,0,2,0,4,1,4,8,0
19139,9,9,9,2,7,1,5,7,2,0,5
19140,5,8,3,1,6,0,7,1,4,4,7
19141,8,2,5,5,9,9,8,4,6,9,8
19142,4,5,8,9,3,4,3,3,8,7,3
19143,8,2,7,5,9,7,8,4,6,9,8
19144,0,4,7,0,2,7,4,4,6,8,0
19145,9,9,9,2,7,1,5,7,2,0,5
19146,0,8,3,0,2,0,4,1,4,8,0
19147,8,2,7,5,9,7,8,4,6,9,8
19148,5,8,3,1,6,0,7,4,6,4,7
19149,6,5,2,7,1,5,9,2,3,2,9
19150,1,7,6,2,0,8,0,9,5,6,5
19151,4,5,8,9,3,4,3,0,8,7,3
19152,6,1,2,7,1,5,9,2,3,2,9
19153,8,2,5,5,9,9,8,4,6,9,8
19154,6,5,2,7,1,5,9,2,3,2,9
19155,4,5,8,9,3,4,3,3,8,7,3
19156,3,6,1,8,5,3,2,6,0,1,1
19157,4,5,8,9,3,4,3,0,8,7,3
19158,1,7,6,2,0,8,0,9,5,6,5
19159,1,7,6,2,0,8,0,9,5,6,5
19160,7,1,0,3,4,6,1,5,7,3,4
19161,5,8,7,1,6,7,7,1,4,4,7
19162,7,1,0,3,4,6,1,5,7,3,4
19163,8,2,9,5,9,1,8,4,6,9,8
19164,0,4,5,0,2,9,4,4,6,8,2
19165,6,5,2,7,1,5,9,2,3,2,9
19166,3,6,1,8,5,3,2,6,0,1,1
19167,9,9,9,2,7,1,5,7,2,0,5
19168,1,7,6,2,0,8,0,9,5,6,5
19169,2,0,4,4,8,2,6,3,1,5,6
19170,7,1,0,3,4,6,1,5,7,3,4
19171,2,0,4,4,8,2,6,3,1,5,6
19172,1,7,6,2,0,8,0,9,5,6,5
19173,9,9,9,2,7,1,5,3,2,0,8
19174,7,8,0,3,4,6,1,5,7,3,4
19175,2,0,4,4,8,2,6,3,1,5,6
19176,9,9,9,2,7,1,5,7,2,0,5
19177,2,3,4,6,8,2,6,8,9,5,6
19178,5,8,3,1,6,0,7,1,4,4,7
19179,3,0,1,4,5,3,2,6,1,1,1
19180,7,6,0,8,4,6,1,5,0,3,4
19181,7,1,0,3,4,6,1,5,7,3,4
19182,2,3,4,6,8,2,6,8,9,5,6
19183,8,2,5,5,9,9,8,4,6,9,8
19184,1,7,5,2,0,9,0,9,6,6,5
19185,8,2,7,5,9,7,8,4,6,9,8
19186,2,7,4,6,8,2,6,9,9,5,6
19187,8,2,5,5,9,9,8,4,6,9,2
19188,1,7,6,2,0,8,0,9,5,6,5
19189,3,0,1,4,5,3,2,3,1,1,1
19190,5,8,3,1,6,0,7,1,4,4,7
19191,6,5,2,7,1,5,9,2,3,2,9
19192,5,8,3,1,6,0,7,1,4,4,7
19193,8,2,5,5,9,9,8,4,6,9,8
19194,0,4,0,0,2,6,4,8,7,8,0
19195,6,0,2,7,1,5,9,3,3,2,9
19196,4,5,8,9,3,4,3,3,8,7,3
19197,4,5,8,9,3,4,3,0,8,7,3
19198,5,8,3,1,6,0,7,1,4,4,7
19199,8,2,5,5,9,9,8,4,6,9,8
19200,7,1,0,3,4,6,1,5,7,3,4
19201,2,3,4,6,8,2,6,8,9,5,6
19202,5,8,3,1,6,0,7,1,4,4,7
19203,3,0,1,4,5,3,2,3,1,1,1
19204,7,1,0,3,4,6,1,5,7,3,4
19205,2,0,4,4,8,2,6,3,1,5,6
19206,1,7,6,2,0,8,0,3,5,6,3
19207,9,9,7,2,7,7,5,3,2,0,8
19208,4,5,8,9,3,4,3,0,8,7,3
19209,3,6,1,8,5,3,2,6,0,1,1
19210,7,1,0,3,4,6,1,7,7,3,4
19211,1,7,6,2,0,8,0,9,5,6,5
19212,7,1,0,3,4,6,1,5,7,3,4
19213,6,3,2,7,1,5,9,2,3,2,9
19214,1,3,6,2,0,8,0,8,9,6,5
19215,2,3,4,6,8,2,6,8,9,5,6
19216,3,6,1,8,5,3,2,6,0,1,1
19217,5,8,3,1,6,0,7,1,4,4,7
19218,4,5,8,9,3,4,3,0,8,7,3
19219,2,3,4,6,8,2,6,3,9,5,6
19220,0,4,7,0,2,7,4,1,4,8,0
19221,0,4,5,0,2,9,4,4,6,8,2
19222,7,1,0,3,4,6,1,5,7,3,4
19223,2,3,4,6,8,2,6,8,9,5,6
19224,7,8,0,1,4,6,1,8,4,3,4
19225,3,6,1,8,5,3,2,6,0,1,1
19226,8,2,5,5,9,9,8,4,6,9,8
19227,9,9,9,2,7,1,5,7,2,0,5
19228,4,5,8,9,3,4,3,0,8,7,3
19229,2,0,4,4,8,2,6,2,1,5,6
19230,7,1,0,3,4,6,1,5,7,3,4
19231,7,1,0,3,4,6,1,5,7,3,4
19232,6,5,2,7,1,5,9,2,3,2,9
19233,8,2,7,5,9,7,8,4,6,9,8
19234,7,1,0,3,4,6,1,5,7,3,4
19235,8,2,5,5,9,9,8,4,6,9,2
19236,0,8,3,1,6,0,7,1,4,4,0
19237,2,3,4,6,8,2,6,8,9,5,6
19238,9,9,9,2,7,1,5,7,2,0,5
19239,0,4,3,0,2,0,4,1,4,8,0
19240,7,1,0,3,4,6,1,5,7,3,4
19241,3,6,1,8,5,3,2,6,0,1,1
19242,2,3,4,6,8,2,6,8,9,5,6
19243,9,9,9,2,7,1,5,7,2,0,5
19244,2,0,4,4,8,2,6,8,1,5,6
19245,6,5,2,7,1,5,9,2,3,2,9
19246,7,1,0,3,4,6,1,5,7,3,4
19247,2,3,4,6,8,2,6,8,9,5,6
19248,6,5,2,7,1,5,9,2,3,2,9
19249,5,8,3,1,6,0,7,1,4,4,7
19250,7,1,0,3,4,6,1,5,7,3,4
19251,8,2,5,5,9,9,8,4,6,9,8
19252,1,7,6,2,0,8,0,9,5,6,5
19253,3,0,1,4,5,3,2,6,1,1,1
19254,0,1,0,3,4,6,1,1,4,3,0
19255,8,2,5,5,9,9,8,4,6,9,8
19256,0,4,7,0,2,7,4,4,6,8,0
19257,8,2,5,5,9,9,8,4,6,9,8
19258,4,0,8,9,3,4,3,3,8,7,3
19259,8,2,5,5,9,9,8,4,6,9,2
19260,0,4,5,0,2,9,4,4,6,8,2
19261,3,6,1,8,5,3,2,6,0,1,1
19262,0,4,5,0,2,9,4,1,4,8,2
19263,7,1,0,3,4,6,1,5,7,3,4
19264,7,1,0,3,4,6,1,5,7,3,4
19265,9,9,9,2,7,1,5,7,2,0,5
19266,7,1,0,3,4,6,1,5,7,3,4
19267,2,3,4,6,8,2,6,8,9,5,6
19268,5,8,3,1,6,0,7,1,4,4,7
19269,0,4,7,0,2,7,4,4,6,8,0
19270,8,2,5,5,9,9,8,4,6,9,8
19271,6,5,2,7,1,5,9,2,3,2,9
19272,7,1,0,3,4,6,1,5,7,3,4
19273,9,9,9,2,7,1,5,7,2,0,5
19274,4,5,8,9,3,4,3,0,8,7,3
19275,2,3,4,6,8,2,6,8,9,5,6
19276,5,5,2,1,6,5,7,2,3,4,7
19277,4,5,8,9,3,4,3,0,8,7,3
19278,9,9,9,2,7,1,5,7,2,0,5
19279,9,9,9,2,7,1,5,7,2,0,5
19280,1,7,6,2,0,8,0,9,5,6,5
19281,5,8,7,1,6,7,7,1,4,4,7
19282,1,7,6,2,0,8,0,9,5,6,5
19283,8,2,5,5,9,9,8,4,6,9,2
19284,0,4,6,0,2,8,4,9,5,8,0
19285,7,1,0,3,4,6,1,5,7,3,4
19286,0,4,7,0,2,7,4,1,8,8,0
19287,8,2,7,5,9,7,8,4,6,9,7
19288,7,1,0,3,4,6,1,5,7,3,4
19289,9,9,9,2,7,1,5,7,2,0,5
19290,4,5,8,9,3,4,3,0,8,7,3
19291,2,3,4,6,8,2,6,8,9,5,6
19292,3,6,1,8,5,3,2,6,0,1,1
19293,5,5,8,9,3,4,7,0,8,7,7
19294,5,8,3,1,6,0,7,1,4,4,7
19295,0,4,7,0,2,7,4,1,4,8,0
19296,6,5,2,7,1,5,9,2,3,2,9
19297,9,9,9,2,7,1,5,7,2,0,5
19298,5,8,8,1,6,4,7,0,8,4,7
19299,8,4,7,5,9,7,8,4,6,9,0
19300,5,8,3,1,6,0,7,1,4,4,7
19301,9,9,9,2,7,1,5,9,2,0,5
19302,7,1,0,3,4,6,1,5,7,3,4
19303,3,6,1,8,5,3,2,6,0,1,1
19304,1,7,6,2,0,8,0,9,5,6,5
19305,9,9,9,2,7,1,5,7,2,0,5
19306,7,1,0,3,4,6,1,5,7,3,4
19307,7,1,0,3,4,6,1,8,7,3,6
19308,2,0,4,4,8,2,6,3,1,5,6
19309,4,5,8,9,3,4,3,0,8,7,3
19310,0,4,3,0,2,0,4,1,4,8,0
19311,8,2,7,5,9,7,8,4,6,9,7
19312,8,2,5,2,9,9,8,4,6,9,5
19313,2,3,4,6,8,2,6,8,9,5,6
19314,6,5,2,7,1,5,9,2,3,2,9
19315,0,4,5,0,2,9,4,4,6,8,2
19316,6,5,2,8,1,5,9,0,0,2,7
19317,2,3,4,6,8,2,6,8,9,5,6
19318,7,1,0,3,4,6,1,5,7,3,4
19319,9,9,9,2,7,1,5,7,2,0,5
19320,0,4,3,0,2,0,4,1,4,8,0
19321,6,5,2,7,1,5,9,2,3,2,9
19322,0,4,3,0,2,0,4,1,4,8,0
19323,9,9,9,2,7,1,5,7,2,0,5
19324,1,7,6,2,0,8,0,9,5,6,5
19325,3,0,1,4,5,3,2,6,1,1,1
19326,7,1,0,3,4,6,1,5,7,3,4
19327,8,2,5,5,9,9,8,4,6,9,2
19328,0,4,3,0,2,0,4,1,4,8,0
19329,3,5,8,8,3,4,3,0,8,7,1
19330,2,3,4,2,8,2,6,3,9,5,6
19331,4,5,8,9,3,4,3,0,8,7,3
19332,4,5,8,9,3,4,3,0,8,7,3
19333,7,1,0,3,4,6,1,5,7,3,4
19334,8,2,5,5,9,9,8,4,6,9,2
19335,7,1,0,3,4,6,1,5,7,3,4
19336,6,5,2,7,1,5,9,2,3,2,9
19337,2,3,4,6,8,2,6,8,9,5,6
19338,7,1,3,3,4,0,1,1,4,3,0
19339,9,9,9,2,7,1,5,7,2,0,5
19340,0,4,3,0,2,0,4,1,4,8,0
19341,8,2,5,5,9,9,8,4,6,9,8
19342,7,1,0,3,4,6,1,5,7,3,4
19343,6,5,2,7,1,5,9,2,3,2,9
19344,8,2,5,5,9,9,8,4,6,9,2
19345,0,8,3,0,2,0,4,1,4,8,0
19346,1,7,6,2,0,8,0,9,5,6,5
19347,7,1,0,3,4,6,1,5,7,3,4
19348,7,1,0,3,4,6,1,5,7,3,4
19349,4,5,8,9,3,4,3,0,8,7,3
19350,7,1,0,3,4,6,1,5,7,3,4
19351,2,3,4,6,8,2,6,8,9,5,6
19352,8,2,5,5,9,9,8,4,6,9,2
19353,9,9,9,2,7,1,5,3,2,0,8
19354,8,2,7,5,9,7,8,4,6,9,8
19355,9,9,9,2,7,1,5,7,2,0,5
19356,4,5,8,9,3,4,3,0,8,7,3
19357,5,8,3,1,6,0,7,1,4,4,7
19358,1,7,6,2,0,8,0,8,5,6,5
19359,0,4,7,0,2,7,4,4,6,8,0
19360,2,0,4,4,8,2,6,3,1,5,6
19361,3,6,1,8,5,3,2,6,0,1,1
19362,7,1,0,3,4,6,1,5,7,3,4
19363,5,5,8,9,3,4,7,0,8,7,7
19364,7,1,0,3,4,6,1,8,9,3,4
19365,8,4,5,5,9,9,8,4,6,9,2
19366,0,4,7,0,2,7,4,1,4,8,0
19367,2,3,4,6,8,2,6,8,9,5,6
19368,7,1,0,3,4,6,1,5,7,3,4
19369,3,6,1,8,5,3,2,0,0,1,7
19370,0,4,5,0,2,9,4,4,6,8,2
19371,2,3,4,6,8,2,6,8,9,5,6
19372,0,4,3,0,2,0,4,1,4,8,0
19373,6,5,2,7,1,5,9,2,3,2,9
19374,0,4,7,0,2,7,4,4,6,8,0
19375,8,2,7,5,9,7,8,4,6,9,8
19376,3,6,1,8,5,3,2,6,0,1,1
19377,7,1,0,3,4,6,1,5,7,3,4
19378,5,8,3,1,6,0,7,1,4,4,7
19379,8,2,5,5,9,9,8,4,6,9,8
19380,5,8,3,1,6,0,7,1,4,4,7
19381,9,9,9,2,7,1,5,7,2,0,5
19382,4,5,8,9,3,4,3,3,8,7,3
19383,8,2,5,5,9,9,8,4,6,9,8
19384,4,5,8,9,3,4,3,0,8,7,3
19385,4,5,8,9,3,4,3,0,8,7,3
19386,7,1,0,3,4,6,1,5,7,3,4
19387,0,4,3,0,2,0,4,1,4,8,0
19388,1,7,6,2,0,8,0,9,5,6,5
19389,8,2,7,5,9,7,8,4,6,9,7
19390,2,3,4,6,8,2,6,8,9,5,6
19391,6,5,2,7,1,5,9,2,3,2,9
19392,2,3,4,6,8,2,6,8,9,5,6
19393,8,2,5,5,9,9,8,4,6,9,2
19394,1,7,6,2,0,8,0,9,5,6,5
19395,8,2,7,5,9,7,8,4,6,9,2
19396,5,8,3,1,6,0,7,1,4,4,7
19397,6,5,2,7,1,5,9,2,3,2,9
19398,2,3,4,6,8,2,6,8,9,5,6
19399,3,6,1,8,5,3,2,6,0,1,1
19400,9,9,9,2,7,1,5,7,2,0,5
19401,5,8,3,1,6,0,7,1,4,4,7
19402,7,3,0,7,4,6,1,8,3,3,4
19403,0,4,7,0,2,7,4,1,4,8,0
19404,5,8,3,1,6,0,7,1,4,4,7
19405,8,2,7,5,9,7,8,4,6,9,8
19406,5,8,3,1,6,0,7,1,4,4,7
19407,3,6,1,8,5,3,2,6,0,1,1
19408,9,7,6,2,7,8,5,3,2,0,5
19409,0,4,5,0,2,9,4,1,4,8,2
19410,1,7,6,2,0,8,0,9,5,6,5
19411,9,9,9,2,7,1,5,7,2,0,5
19412,0,4,3,0,2,0,4,1,4,8,0
19413,7,1,0,3,4,6,1,5,7,3,4
19414,0,8,3,0,2,0,4,1,4,8,0
19415,6,5,2,7,1,5,9,2,3,2,9
19416,8,2,5,5,9,9,8,4,6,9,8
19417,8,2,5,5,9,9,8,4,6,9,2
19418,8,2,7,5,9,7,8,4,6,9,8
19419,3,6,1,8,5,3,2,6,0,1,1
19420,1,7,6,2,0,8,0,9,5,6,5
19421,1,7,6,2,0,8,0,9,5,6,5
19422,7,1,0,3,4,6,1,5,7,3,4
19423,4,5,8,9,3,4,3,0,8,7,3
19424,5,8,3,1,6,0,7,1,4,4,7
19425,7,1,0,3,4,6,1,5,7,3,4
19426,1,7,6,2,0,8,0,9,5,6,5
19427,0,4,7,0,2,7,4,4,6,8,0
19428,5,6,1,8,5,3,2,6,0,1,7
19429,2,3,4,6,8,2,6,8,9,5,6
19430,7,1,0,3,4,6,1,5,7,3,4
19431,4,5,8,9,3,4,3,0,8,7,3
19432,6,5,2,7,1,5,9,2,3,2,9
19433,0,4,5,0,2,9,4,4,6,8,2
19434,0,4,6,0,2,8,4,9,5,8,0
19435,2,3,4,6,8,2,6,8,9,5,6
19436,0,4,7,0,2,7,4,3,4,8,0
19437,0,4,3,0,2,0,4,1,4,8,0
19438,7,1,0,3,4,6,1,5,7,3,4
19439,3,6,1,8,5,3,2,6,0,1,1
19440,1,7,6,2,0,8,0,9,5,6,5
19441,1,7,6,2,0,8,0,9,5,6,5
19442,7,1,0,3,4,6,1,5,7,3,4
19443,4,5,8,9,3,4,3,0,8,7,3
19444,6,5,2,7,1,5,9,2,3,2,9
19445,7,1,0,3,4,6,1,5,7,3,6
19446,1,7,6,2,0,8,0,9,5,6,5
19447,5,8,3,1,6,0,7,1,4,4,7
19448,1,7,6,2,0,8,0,9,5,6,5
19449,2,3,4,6,8,2,6,8,9,5,6
19450,7,3,0,6,4,6,1,8,9,3,4
19451,4,5,8,9,3,4,3,0,8,7,3
19452,1,7,6,2,0,8,0,9,5,6,5
19453,8,4,5,5,9,9,8,4,6,9,2
19454,3,6,1,8,5,3,2,6,0,1,1
19455,2,3,4,6,8,2,6,8,9,5,6
19456,7,1,0,3,4,6,1,5,7,3,4
19457,0,4,7,0,2,7,4,4,6,8,0
19458,2,3,4,6,8,2,6,8,9,5,6
19459,3,6,1,8,5,3,2,6,0,1,1
19460,7,1,0,3,4,6,1,5,7,3,4
19461,9,9,9,2,7,1,5,7,2,0,5
19462,4,5,8,9,3,4,3,0,8,7,3
19463,6,5,2,7,1,5,9,2,3,2,9
19464,4,5,8,9,3,4,3,0,8,7,3
19465,2,3,4,6,8,2,6,8,9,5,6
19466,5,5,3,1,6,0,7,1,4,4,7
19467,5,8,3,1,6,0,7,1,4,4,7
19468,9,9,9,2,7,1,5,7,2,0,5
19469,2,3,4,6,8,2,6,8,9,5,6
19470,5,3,3,6,6,0,7,8,9,4,0
19471,4,5,8,9,3,4,3,0,8,7,3
19472,7,1,0,3,4,6,1,8,7,3,4
19473,8,2,5,5,9,9,8,4,6,9,2
19474,7,1,0,3,4,6,1,5,7,3,4
19475,6,3,2,7,1,5,9,2,3,2,9
19476,2,3,4,6,8,2,6,3,9,5,6
19477,0,4,7,0,2,7,4,4,6,8,0
19478,0,4,7,0,2,7,4,1,4,8,0
19479,0,4,5,0,2,9,4,4,6,8,2
19480,3,0,1,4,5,3,2,6,1,1,1
19481,4,5,8,9,3,4,3,0,8,7,3
19482,1,7,6,2,0,8,0,9,5,6,5
19483,0,4,7,0,2,7,4,1,4,8,0
19484,0,4,7,0,2,7,4,1,4,8,0
19485,2,0,4,4,8,2,6,3,1,5,6
19486,1,7,6,2,0,8,0,9,5,6,5
19487,2,3,4,6,8,2,6,8,9,5,6
19488,5,5,8,9,3,4,3,0,8,7,7
19489,2,3,4,6,8,2,6,8,9,5,6
19490,3,0,1,4,5,3,2,6,1,1,1
19491,3,6,1,8,5,3,2,6,0,1,1
19492,3,6,1,8,5,3,2,6,0,1,1
19493,0,4,5,0,2,9,4,4,6,8,2
19494,1,7,6,0,0,8,0,9,5,6,0
19495,6,0,2,4,1,5,9,3,1,2,9
19496,4,5,8,9,3,4,3,0,8,7,3
19497,2,3,4,6,8,2,6,8,9,5,6
19498,5,8,3,1,6,0,7,1,4,4,0
19499,8,2,7,5,9,7,8,4,6,9,8
19500,7,1,0,3,4,6,1,5,7,3,4
19501,4,5,4,9,8,2,3,3,8,5,3
19502,3,0,1,4,5,3,2,6,1,1,1
19503,4,5,8,9,3,4,3,0,8,7,3
19504,3,6,1,8,5,3,2,6,0,1,1
19505,4,5,8,9,3,4,3,0,8,7,3
19506,2,3,4,6,8,2,6,8,9,5,6
19507,9,9,9,2,7,1,5,7,2,0,5
19508,6,5,2,7,1,5,9,2,3,2,9
19509,0,4,5,0,2,9,4,4,6,8,2
19510,1,7,6,2,0,8,0,9,5,6,5
19511,0,4,5,0,2,9,4,4,6,8,2
19512,5,8,3,1,6,0,7,1,4,4,0
19513,8,2,7,5,9,7,8,4,6,9,8
19514,5,8,3,1,6,0,7,1,4,4,0
19515,0,4,7,0,2,7,4,4,6,8,0
19516,1,7,6,2,0,8,0,9,5,6,5
19517,1,7,6,2,0,8,0,9,5,6,5
19518,7,1,0,3,4,6,1,5,7,3,4
19519,6,5,2,7,1,5,9,2,3,2,9
19520,5,8,3,1,6,0,7,1,4,4,0
19521,5,8,3,1,6,0,7,1,4,4,0
19522,5,8,3,1,6,0,7,1,4,4,7
19523,4,5,8,9,3,4,3,0,8,7,3
19524,1,7,6,2,0,8,0,9,5,6,5
19525,8,4,5,5,9,9,8,4,6,9,2
19526,1,7,6,2,0,8,0,9,5,6,5
19527,8,2,5,5,9,9,8,4,6,9,2
19528,1,7,6,2,0,8,0,9,5,6,5
19529,2,3,4,6,8,2,6,8,9,5,6
19530,5,5,8,1,6,4,7,0,8,4,7
19531,8,2,7,5,9,7,8,4,6,9,8
19532,4,5,8,9,3,4,3,0,8,7,3
19533,2,3,4,6,8,2,6,8,9,5,6
19534,5,8,3,1,6,0,7,1,4,4,7
19535,3,6,1,8,5,3,2,6,0,1,1
19536,2,3,4,3,4,2,6,8,9,5,6
19537,0,4,7,0,2,7,4,1,4,8,0
19538,0,8,3,0,2,0,4,1,4,8,0
19539,5,8,3,1,6,0,7,1,4,4,7
19540,8,2,5,5,9,9,8,1,4,9,2
19541,2,3,4,6,8,2,6,8,9,5,6
19542,2,2,7,5,8,7,6,4,6,5,8
19543,3,0,1,4,5,3,2,3,1,1,1
19544,1,7,6,2,0,8,0,9,5,6,5
19545,6,5,2,7,1,5,9,2,3,2,9
19546,0,4,7,0,2,7,4,1,4,8,0
19547,3,6,1,8,5,3,2,6,0,1,1
19548,7,1,0,3,4,6,1,5,7,3,4
19549,2,3,4,6,8,2,6,8,9,5,6
19550,2,0,4,4,8,2,6,3,1,5,6
19551,2,3,4,6,8,2,6,8,9,5,6
19552,1,7,6,2,0,8,0,9,5,6,5
19553,4,5,8,9,3,4,3,0,8,7,3
19554,3,0,1,4,5,3,2,6,1,1,1
19555,9,9,9,2,7,1,5,7,2,0,5
19556,9,9,9,2,7,1,5,7,2,0,5
19557,2,3,4,6,8,2,6,8,9,5,6
19558,5,8,3,1,6,0,7,1,4,4,7
19559,4,5,8,9,3,4,3,0,8,7,3
19560,8,2,5,5,9,9,8,4,6,9,8
19561,8,2,7,5,9,7,8,4,6,9,8
19562,4,5,8,9,3,4,3,0,8,7,3
19563,4,5,8,9,3,4,3,0,8,7,3
19564,5,8,3,1,6,0,7,1,4,4,7
19565,3,0,1,4,5,3,2,6,1,1,1
19566,2,3,4,6,8,2,6,8,9,5,6
19567,8,2,7,5,9,7,8,4,6,9,8
19568,6,5,2,7,1,5,9,2,3,2,9
19569,4,5,8,9,3,4,3,3,8,7,3
19570,2,3,4,6,8,2,6,8,9,5,6
19571,4,5,8,9,3,4,3,0,8,7,3
19572,8,2,5,5,9,9,8,4,6,9,8
19573,8,2,7,5,9,7,8,4,6,9,8
19574,1,7,6,2,0,8,0,9,5,6,5
19575,2,3,4,6,8,2,6,8,9,5,6
19576,0,4,7,0,2,7,4,1,4,8,0
19577,0,4,7,0,2,7,4,4,6,8,0
19578,7,1,0,3,4,6,1,5,7,3,4
19579,2,3,4,6,8,2,6,8,9,5,6
19580,0,4,5,0,2,9,4,1,4,8,2
19581,2,0,4,4,8,2,6,3,1,5,6
19582,1,7,6,2,0,8,0,9,5,6,5
19583,3,0,1,4,5,3,2,6,1,1,1
19584,7,6,0,8,4,6,1,5,0,3,4
19585,2,3,4,6,8,2,6,8,9,5,6
19586,7,1,0,3,4,6,1,5,7,3,4
19587,6,5,2,7,1,5,9,2,3,2,9
19588,3,0,1,4,5,3,2,6,1,1,1
19589,2,3,4,6,8,2,6,8,9,5,6
19590,1,7,6,2,0,8,0,9,5,6,3
19591,2,3,4,6,8,2,6,8,9,5,6
19592,8,2,5,5,9,9,8,4,6,9,8
19593,2,3,4,6,8,2,6,8,9,5,6
19594,2,0,4,6,8,2,6,3,9,5,6
19595,2,3,4,6,8,2,6,8,9,5,6
19596,5,8,3,1,6,0,7,1,4,4,7
19597,8,2,5,5,9,9,8,4,6,9,8
19598,1,7,6,2,0,8,0,9,5,6,5
19599,0,4,7,0,2,7,4,4,6,8,0
19600,7,1,0,3,4,6,1,5,7,3,4
19601,2,3,4,6,8,2,6,3,9,5,6
19602,6,5,2,7,1,5,9,2,3,2,9
19603,2,3,4,6,8,2,6,8,9,5,6
19604,3,6,1,8,5,3,2,6,0,1,1
19605,2,3,4,6,8,2,6,8,9,5,6
19606,9,9,9,2,7,1,5,7,2,0,5
19607,2,3,4,6,8,2,6,3,9,5,8
19608,5,8,3,1,6,0,7,1,4,4,0
19609,2,3,4,6,8,2,6,8,9,5,6
19610,3,6,1,8,5,3,2,6,0,1,1
19611,8,2,5,5,9,9,8,4,6,9,2
19612,3,6,1,8,5,3,2,6,0,1,1
19613,9,9,9,2,7,1,5,7,2,0,5
19614,1,7,6,2,0,8,0,9,5,6,5
19615,6,3,2,7,1,5,9,2,3,2,9
19616,0,4,3,0,2,0,4,1,4,8,0
19617,4,5,8,9,3,4,3,0,8,7,3
19618,7,1,0,3,4,6,1,9,5,3,4
19619,0,4,7,0,2,7,4,4,6,8,0
19620,1,7,6,2,0,8,0,9,5,6,5
19621,5,8,7,1,6,7,7,1,4,4,7
19622,1,7,6,2,0,8,0,9,5,6,5
19623,9,9,9,2,7,1,5,7,2,0,5
19624,4,5,8,9,3,4,3,3,8,7,3
19625,8,2,5,5,9,9,8,4,6,9,8
19626,1,7,6,2,0,8,0,9,5,6,5
19627,4,5,8,9,3,4,3,0,8,7,3
19628,2,0,4,4,8,2,6,3,1,5,6
19629,8,2,7,5,9,7,8,4,6,9,8
19630,1,7,6,2,0,8,0,9,5,6,5
19631,2,0,4,6,8,2,6,3,1,5,6
19632,4,5,8,9,3,4,3,0,8,7,3
19633,2,3,4,6,8,2,6,8,9,5,6
19634,8,2,7,5,9,7,8,4,6,9,8
19635,8,2,5,5,9,9,8,4,6,9,2
19636,8,2,5,5,9,9,8,4,6,9,2
19637,8,2,7,5,9,7,8,4,6,9,8
19638,7,8,0,3,4,6,1,5,7,3,4
19639,9,9,9,2,7,1,5,7,2,0,5
19640,1,7,6,2,0,8,0,9,5,6,5
19641,0,4,7,0,2,7,4,1,4,8,0
19642,9,9,9,2,7,1,5,7,2,0,5
19643,9,9,9,2,7,1,5,7,2,0,8
19644,0,4,5,0,2,9,4,4,6,8,2
19645,2,0,4,4,8,2,6,3,1,5,6
19646,3,6,1,8,5,3,2,6,0,1,1
19647,4,5,8,9,3,4,3,3,8,7,3
19648,1,7,6,2,0,8,0,9,5,6,5
19649,3,0,1,4,5,3,2,6,1,1,1
19650,0,3,3,6,2,0,6,8,9,4,0
19651,1,7,6,2,0,8,0,9,5,6,5
19652,1,7,6,2,0,8,0,9,5,6,5
19653,6,1,2,7,1,5,9,2,3,2,9
19654,6,5,2,7,1,5,9,2,3,2,9
19655,7,1,0,3,4,6,1,5,7,3,4
19656,1,7,6,2,0,8,0,9,5,6,5
19657,0,4,7,0,2,7,4,1,4,8,0
19658,0,4,5,0,2,9,4,4,6,8,2
19659,7,1,0,3,4,6,1,5,7,3,4
19660,7,1,0,3,4,6,1,5,7,3,4
19661,4,5,8,9,3,4,3,0,8,7,3
19662,7,1,0,3,4,6,1,5,7,3,4
19663,0,4,5,0,2,9,4,4,6,8,2
19664,3,6,1,8,5,3,2,6,0,1,1
19665,7,1,0,3,4,6,1,5,7,3,4
19666,0,4,3,0,2,0,4,1,4,8,0
19667,0,4,3,0,2,0,4,1,4,8,0
19668,0,4,5,0,2,9,4,1,4,8,2
19669,3,6,1,8,5,3,2,6,0,1,1
19670,5,8,3,1,6,0,7,1,4,4,0
19671,9,9,9,2,7,1,5,7,2,0,5
19672,5,8,3,1,6,0,7,1,4,4,7
19673,6,5,2,7,1,5,9,2,3,2,9
19674,9,9,9,2,7,1,5,7,2,0,5
19675,7,1,0,3,4,6,1,5,7,3,4
19676,7,1,0,3,4,6,1,5,7,3,4
19677,5,8,7,1,6,7,7,4,6,4,7
19678,4,5,8,9,3,4,3,0,8,7,3
19679,7,1,4,3,4,6,1,5,7,3,6
19680,9,9,9,7,7,1,5,7,2,0,9
19681,4,5,8,9,3,4,3,0,8,7,3
19682,2,3,4,6,8,2,6,8,9,5,6
19683,8,4,5,0,9,9,8,4,6,9,2
19684,4,5,8,9,3,4,3,0,8,7,3
19685,7,1,0,3,4,6,1,8,7,3,4
19686,7,6,0,8,4,6,1,5,0,3,4
19687,0,4,3,0,2,0,4,1,4,8,0
19688,9,9,9,2,7,1,5,7,2,0,5
19689,3,6,1,8,5,3,2,6,0,1,1
19690,5,8,3,1,6,0,7,1,4,4,7
19691,1,7,6,2,0,8,0,9,5,6,5
19692,0,4,7,0,2,7,4,4,6,8,0
19693,6,1,2,7,1,5,9,2,3,2,9
19694,6,5,2,7,1,5,9,2,3,2,9
19695,7,1,0,3,4,6,1,5,7,3,4
19696,0,8,3,1,6,0,7,1,4,4,0
19697,8,2,7,5,9,7,8,4,6,9,8
19698,4,5,8,9,3,4,3,0,8,7,3
19699,2,3,4,6,8,2,6,8,9,5,6
19700,5,8,3,1,6,0,7,1,4,4,0
19701,4,5,8,9,3,4,3,0,8,7,3
19702,5,8,3,1,6,0,7,1,4,4,7
19703,8,2,5,5,9,9,8,4,6,9,2
19704,0,4,5,0,2,9,4,1,4,8,2
19705,7,1,0,3,4,6,1,5,7,3,4
19706,7,1,0,3,4,6,1,5,7,3,4
19707,0,4,7,0,2,7,4,4,6,8,0
19708,7,1,0,3,4,6,1,5,7,3,4
19709,3,0,1,4,5,3,2,6,1,1,1
19710,4,5,8,9,3,4,3,0,8,7,3
19711,2,3,4,6,4,2,6,8,9,3,6
19712,4,5,8,9,3,4,3,3,8,7,3
19713,7,1,0,3,4,6,1,5,7,3,4
19714,3,6,1,8,5,3,2,6,0,1,1
19715,0,4,3,0,2,0,4,1,4,8,0
19716,2,3,4,6,8,2,6,8,9,5,8
19717,7,1,0,3,4,6,1,5,7,3,4
19718,5,8,3,1,6,0,7,1,4,4,7
19719,7,1,0,3,4,6,1,5,7,3,4
19720,7,1,0,3,4,6,1,5,7,3,4
19721,6,5,2,7,1,5,9,2,3,2,9
19722,4,5,8,9,3,4,3,0,8,7,3
19723,4,5,8,9,3,4,3,0,8,7,3
19724,1,7,6,2,0,8,0,9,5,6,5
19725,2,3,4,6,8,2,6,8,9,5,6
19726,5,8,3,1,6,0,7,1,4,4,7
19727,5,8,7,1,6,7,7,1,4,4,7
19728,0,4,3,0,2,0,4,1,4,8,0
19729,0,4,3,0,2,0,4,1,4,8,0
19730,5,8,3,1,6,0,7,1,4,4,7
19731,9,9,9,2,7,1,5,7,2,0,5
19732,3,6,1,8,5,3,2,6,0,1,1
19733,8,2,5,5,9,9,8,4,6,9,2
19734,7,1,0,3,4,6,1,5,7,3,4
19735,1,7,6,2,0,8,0,9,5,6,5
19736,7,1,0,3,4,6,1,5,7,3,4
19737,6,5,2,7,1,5,9,2,3,2,9
19738,7,6,0,8,4,6,1,6,0,3,4
19739,7,1,0,3,4,6,1,5,7,3,4
19740,8,2,5,5,9,9,8,4,6,9,2
19741,7,1,0,3,4,6,1,5,7,3,4
19742,1,7,6,2,0,8,0,9,5,6,5
19743,5,8,3,1,6,0,7,1,4,4,7
19744,7,6,0,8,4,6,1,6,0,3,4
19745,4,5,8,9,3,4,3,0,8,7,3
19746,7,1,0,3,4,6,1,5,7,3,4
19747,0,4,7,0,2,7,4,9,6,8,0
19748,5,8,3,1,6,0,7,1,4,4,7
19749,1,7,6,2,0,8,0,9,5,6,5
19750,6,5,2,7,1,5,9,2,3,2,9
19751,1,7,6,2,0,8,0,9,5,6,5
19752,7,1,0,3,4,6,1,5,7,3,4
19753,1,7,6,2,0,8,0,9,5,6,5
19754,2,3,4,6,8,2,6,3,9,5,3
19755,6,5,2,7,1,5,9,2,3,2,9
19756,0,8,3,0,2,0,4,1,4,8,0
19757,5,8,3,1,6,0,7,1,4,4,0
19758,7,1,0,3,4,6,1,5,7,3,4
19759,7,1,0,3,4,6,1,5,7,3,4
19760,3,6,1,8,5,3,2,6,0,1,1
19761,4,5,8,9,3,4,3,0,8,7,7
19762,4,5,8,9,3,4,3,0,8,7,3
19763,7,1,0,3,4,6,1,8,7,3,4
19764,6,3,2,7,1,5,9,2,3,2,9
19765,9,9,9,2,7,1,5,7,2,0,5
19766,0,4,3,0,2,0,4,1,4,8,0
19767,6,1,2,7,1,5,9,2,3,2,9
19768,1,7,6,2,0,8,0,9,5,6,5
19769,3,0,1,4,5,3,2,6,1,1,1
19770,3,6,1,8,5,3,2,6,0,1,1
19771,0,4,3,0,2,0,4,1,4,8,2
19772,3,6,1,8,5,3,2,6,0,1,1
19773,8,2,5,5,9,9,8,4,6,9,2
19774,3,6,1,8,5,3,2,6,0,1,1
19775,2,2,7,5,8,7,8,4,6,5,8
19776,1,7,6,2,0,8,0,9,5,6,5
19777,7,3,3,6,4,6,1,8,9,3,4
19778,5,8,3,1,6,0,7,1,4,4,7
19779,6,5,2,7,1,5,9,2,3,2,9
19780,8,2,5,5,9,9,8,4,6,9,2
19781,0,4,7,0,2,7,4,4,6,8,0
19782,6,9,2,7,1,5,9,2,3,2,9
19783,2,3,4,6,8,2,6,8,9,5,6
19784,6,5,2,7,1,5,9,2,3,2,9
19785,0,4,7,0,2,7,4,4,6,8,0
19786,3,6,1,8,5,3,2,6,0,1,1
19787,3,6,1,8,5,3,2,6,0,1,1
19788,4,5,8,9,3,4,3,0,8,7,3
19789,0,4,3,0,2,0,4,1,4,8,0
19790,1,3,6,2,0,8,0,8,9,6,0
19791,0,4,5,0,2,9,4,1,4,8,2
19792,7,1,0,3,4,6,1,5,7,3,4
19793,7,1,0,3,4,6,1,5,7,3,4
19794,0,4,7,0,2,7,4,1,4,8,0
19795,5,8,3,1,6,0,7,1,4,4,7
19796,2,0,4,4,8,2,6,3,1,5,1
19797,7,1,0,3,4,6,1,5,7,3,4
19798,3,6,1,8,5,3,2,6,0,1,1
19799,4,5,8,9,3,4,3,0,8,7,3
19800,0,4,5,0,2,9,4,1,4,8,2
19801,3,0,1,4,5,3,2,6,1,1,1
19802,6,5,2,7,1,5,9,2,3,2,9
19803,7,1,0,3,4,6,1,5,7,3,4
19804,1,7,6,2,0,8,0,9,5,6,5
19805,4,5,8,9,3,4,3,0,8,7,3
19806,5,8,3,1,6,0,7,1,4,4,7
19807,7,3,0,6,4,6,1,8,9,3,4
19808,1,7,6,2,0,8,0,9,5,6,5
19809,0,4,5,0,2,9,4,1,4,8,2
19810,0,8,3,0,2,0,4,1,4,8,0
19811,3,6,1,4,5,3,2,6,1,1,1
19812,1,4,6,2,2,8,0,9,5,8,5
19813,8,2,7,5,9,7,8,4,6,9,8
19814,7,1,0,3,4,6,1,5,7,3,4
19815,6,5,2,7,1,5,9,2,3,2,9
19816,9,9,9,2,7,1,5,7,2,0,5
19817,8,2,5,5,9,9,8,4,6,9,2
19818,3,0,1,4,5,3,2,6,1,1,1
19819,5,8,3,1,6,0,7,1,4,4,7
19820,7,1,0,3,4,6,1,5,7,3,4
19821,7,1,0,3,4,6,1,5,7,3,4
19822,3,0,1,4,5,3,2,6,1,1,1
19823,8,2,5,5,9,9,8,4,6,9,2
19824,7,6,0,8,4,6,1,6,0,3,4
19825,2,3,4,6,8,2,6,8,9,5,6
19826,7,3,0,6,4,6,1,8,9,3,0
19827,5,8,3,1,6,0,7,1,4,4,7
19828,0,4,7,0,2,7,4,1,4,8,0
19829,5,8,3,1,6,0,7,1,4,4,4
19830,1,7,6,2,0,8,0,9,5,6,5
19831,8,2,7,5,9,7,8,4,6,9,8
19832,5,8,3,1,6,0,7,1,4,4,7
19833,6,5,2,7,1,5,9,2,3,2,9
19834,1,7,6,2,0,8,0,9,5,6,5
19835,2,3,4,6,8,2,6,8,9,5,6
19836,7,1,0,3,4,6,1,5,7,3,4
19837,1,7,6,2,0,8,0,9,5,6,5
19838,0,4,3,0,2,0,4,1,4,8,0
19839,2,3,4,6,8,2,6,8,9,5,6
19840,0,4,3,0,2,0,4,1,4,8,0
19841,1,7,6,2,0,8,0,9,5,6,5
19842,5,4,3,1,6,0,7,1,4,4,7
19843,4,5,8,9,3,4,3,0,8,7,3
19844,5,8,3,1,6,0,7,1,4,4,7
19845,3,0,1,4,5,3,2,6,1,1,1
19846,7,1,0,3,4,6,1,5,7,3,4
19847,1,7,6,2,0,8,0,9,5,6,5
19848,4,5,8,9,3,4,3,3,8,7,3
19849,2,3,4,6,8,2,6,8,9,5,6
19850,1,7,6,2,0,8,0,9,5,6,5
19851,4,5,8,9,3,4,3,0,8,7,3
19852,7,1,0,3,4,6,1,5,7,3,4
19853,8,2,7,5,9,7,8,4,6,9,8
19854,6,5,2,7,1,5,9,2,3,2,9
19855,2,3,4,6,2,2,6,8,9,5,6
19856,3,6,1,8,5,3,2,6,0,1,1
19857,3,0,1,4,5,3,2,6,1,1,1
19858,7,1,0,3,4,6,1,5,7,3,4
19859,3,0,1,4,5,3,2,6,1,1,1
19860,0,4,7,0,2,7,4,1,4,8,0
19861,3,6,1,8,5,3,2,6,0,1,1
19862,7,1,0,3,4,6,1,5,7,3,4
19863,7,1,0,3,4,6,1,5,7,3,4
19864,2,3,4,6,8,2,6,8,9,5,6
19865,7,1,0,3,4,6,1,5,7,3,4
19866,7,1,0,3,4,6,1,5,7,3,4
19867,7,8,3,1,4,0,1,1,4,3,0
19868,4,5,8,9,3,4,3,0,8,7,3
19869,0,4,5,0,2,9,4,4,6,8,2
19870,7,1,0,3,4,6,1,5,7,3,4
19871,3,0,1,4,5,3,2,6,1,1,1
19872,3,6,1,8,5,3,2,6,0,1,1
19873,4,5,8,9,3,4,3,0,8,7,3
19874,0,4,4,0,2,2,4,8,9,8,0
19875,5,4,3,1,6,0,7,1,4,4,7
19876,6,5,2,7,1,5,9,2,3,2,9
19877,2,3,4,6,8,2,6,8,9,5,6
19878,0,3,6,0,2,8,4,8,9,8,0
19879,7,1,0,3,4,6,1,8,7,3,4
19880,9,9,9,2,7,1,5,7,2,0,5
19881,4,5,8,9,3,4,3,0,8,7,3
19882,5,4,7,1,6,7,7,4,6,4,7
19883,0,3,4,6,2,2,4,8,9,8,0
19884,1,7,6,2,0,8,0,9,5,6,5
19885,8,2,5,5,9,9,8,4,6,9,8
19886,2,2,4,5,8,2,6,3,6,5,8
19887,0,4,7,0,2,7,4,1,4,8,0
19888,7,6,0,8,4,6,1,6,0,3,4
19889,2,3,4,6,8,2,6,8,9,5,6
19890,6,5,2,7,1,5,9,2,3,2,9
19891,6,5,2,7,1,5,9,2,3,2,9
19892,2,3,4,6,8,2,6,8,9,5,6
19893,5,8,3,1,6,0,7,1,4,4,2
19894,1,7,6,2,7,8,0,9,5,6,5
19895,0,8,5,1,6,9,4,1,4,4,2
19896,9,9,9,2,7,1,5,3,2,0,5
19897,9,9,9,2,7,1,5,7,2,0,5
19898,1,7,6,2,0,8,0,9,5,6,5
19899,3,6,1,8,5,3,2,6,0,1,1
19900,3,6,1,8,5,3,2,6,0,1,1
19901,1,7,6,2,0,8,0,9,5,6,5
19902,3,6,1,8,5,3,2,6,0,1,1
19903,6,5,2,7,1,5,9,2,3,2,9
19904,5,8,3,1,6,0,7,1,4,4,7
19905,7,1,0,3,4,6,1,5,7,3,4
19906,7,1,0,3,4,6,1,5,7,3,4
19907,5,8,3,1,6,0,7,1,4,4,7
19908,2,3,4,6,8,2,6,3,9,5,6
19909,7,1,0,3,4,6,1,5,7,3,4
19910,5,8,3,1,6,0,7,1,4,4,0
19911,7,1,0,3,4,6,1,5,7,3,4
19912,8,2,5,5,9,9,8,4,6,9,8
19913,5,8,3,1,6,0,7,1,4,4,7
19914,0,4,3,0,2,0,4,1,4,8,0
19915,3,6,1,8,5,3,2,6,0,1,1
19916,4,5,8,9,3,4,3,3,8,7,3
19917,1,7,6,2,0,8,0,9,5,6,5
19918,1,7,6,2,0,8,0,9,5,6,5
19919,1,7,6,2,0,8,0,9,5,6,5
19920,2,3,4,6,8,2,6,8,9,5,6
19921,7,1,0,3,4,6,1,5,7,3,4
19922,5,8,3,1,6,0,7,1,4,4,7
19923,5,8,3,1,6,0,7,1,4,4,7
19924,7,1,0,3,4,6,1,5,7,3,4
19925,7,1,0,3,4,6,1,5,7,3,4
19926,6,5,2,7,1,5,9,2,3,2,9
19927,4,5,8,9,3,4,3,0,8,7,7
19928,0,4,3,0,2,0,4,1,4,8,0
19929,5,8,3,1,6,0,7,1,4,4,2
19930,3,6,1,8,5,3,2,6,0,1,1
19931,7,1,0,3,4,6,1,5,7,3,4
19932,5,3,3,6,6,0,7,8,4,4,0
19933,5,8,3,1,6,0,7,1,4,4,7
19934,5,8,3,1,6,0,7,1,4,4,7
19935,3,6,1,8,5,3,2,6,0,1,1
19936,5,8,3,1,6,0,7,1,4,4,7
19937,1,7,6,2,0,8,0,9,5,6,5
19938,8,2,7,5,9,7,8,4,6,9,8
19939,6,5,2,7,1,5,9,2,3,2,9
19940,1,7,6,2,0,8,0,9,5,6,5
19941,7,1,0,3,4,6,1,5,7,3,4
19942,5,8,3,1,6,0,7,1,4,4,7
19943,5,8,3,1,6,0,7,1,4,4,7
19944,7,1,0,3,4,6,1,5,7,3,4
19945,7,1,0,3,4,6,1,5,7,3,4
19946,4,5,8,9,3,4,3,0,8,7,3
19947,4,5,8,9,3,4,3,0,8,7,3
19948,0,4,7,0,2,7,4,1,4,8,0
19949,5,8,3,1,6,0,7,1,4,4,7
19950,7,1,0,3,4,6,1,5,7,3,4
19951,7,1,0,3,4,6,1,5,7,3,4
19952,5,8,3,1,6,0,7,1,4,4,7
19953,5,8,3,1,6,0,7,1,4,4,7
19954,5,5,8,9,3,4,3,0,8,7,7
19955,1,7,6,2,0,8,0,9,5,6,5
19956,1,7,6,2,0,8,0,3,5,6,5
19957,5,8,3,1,6,0,7,1,4,4,7
19958,2,3,4,6,8,2,6,8,9,5,4
19959,7,1,0,3,4,6,1,5,7,3,4
19960,4,5,8,9,3,4,3,0,8,7,3
19961,5,8,3,1,6,0,7,1,4,4,7
19962,7,1,0,3,4,6,1,5,7,3,4
19963,7,1,0,3,4,6,1,2,7,3,4
19964,4,5,8,9,3,4,3,0,8,7,3
19965,7,1,0,3,4,6,1,5,7,3,4
19966,9,9,9,2,7,1,5,7,2,0,5
19967,7,1,0,3,4,6,1,5,7,3,4
19968,9,9,9,2,7,1,5,7,2,0,5
19969,3,6,1,8,5,3,2,6,0,1,1
19970,4,7,6,9,3,8,3,3,5,7,3
19971,5,8,3,1,6,0,7,1,4,4,7
19972,5,6,1,8,6,3,7,6,0,4,7
19973,7,8,0,3,4,6,1,5,7,3,4
19974,3,6,1,8,5,3,2,6,0,1,1
19975,5,8,3,1,6,0,7,1,4,4,7
19976,7,1,0,3,4,6,1,5,7,3,4
19977,7,1,0,3,4,6,1,5,7,3,4
19978,8,2,5,5,9,9,8,4,6,9,8
19979,3,6,1,8,5,3,2,6,0,1,1
19980,7,1,0,3,4,6,1,5,7,3,4
19981,7,1,0,3,4,6,1,5,7,3,4
19982,6,5,2,7,1,5,9,2,3,2,9
19983,5,8,3,1,6,0,7,1,4,4,7
19984,4,5,8,9,3,4,3,0,8,7,3
19985,3,6,1,8,5,3,2,6,0,1,1
19986,4,5,8,9,3,4,3,3,8,7,3
19987,5,8,3,1,6,0,7,1,4,4,2
19988,7,1,0,3,4,6,1,5,7,3,4
19989,5,8,3,1,6,0,7,1,4,4,2
19990,3,0,1,4,5,3,2,3,1,1,1
19991,1,7,6,2,0,8,0,9,5,6,5
19992,5,8,3,1,6,0,7,1,4,4,0
19993,5,5,8,9,3,4,7,0,8,7,7
19994,7,1,0,3,4,6,1,5,7,3,4
19995,5,8,3,1,6,0,7,1,4,4,7
19996,7,1,0,3,4,6,1,5,7,3,4
19997,1,7,6,2,0,8,0,9,5,6,5
19998,0,4,7,2,2,7,4,1,4,8,0
19999,6,9,2,7,1,5,9,2,3,2,9
20000,7,1,0,3,4,6,1,5,7,3,4
20001,5,8,3,1,6,0,7,1,4,4,7
20002,8,2,9,5,9,1,8,4,6,9,8
20003,7,1,0,3,4,6,1,5,7,3,4
20004,8,2,5,5,9,9,8,4,6,9,2
20005,4,5,8,9,3,4,3,0,8,7,3
20006,7,1,0,3,4,6,1,5,7,3,4
20007,6,9,2,7,1,5,9,2,3,2,9
20008,5,8,3,1,6,0,7,1,4,4,7
20009,7,1,0,3,4,6,1,5,7,3,4
20010,3,6,1,8,5,3,2,6,0,1,1
20011,5,8,3,1,6,0,7,1,4,4,7
20012,3,6,1,8,5,3,2,6,0,1,1
20013,4,5,8,9,3,4,3,0,8,7,3
20014,2,3,4,6,8,2,6,8,9,5,6
20015,7,1,0,3,4,6,1,5,7,3,7
20016,9,3,9,2,7,1,5,8,9,0,5
20017,7,1,0,3,4,6,1,5,7,3,4
20018,1,7,6,2,0,8,0,9,5,6,5
20019,0,8,3,0,2,0,4,1,4,8,2
20020,7,1,0,3,4,6,1,8,9,3,4
20021,9,9,9,2,7,1,5,9,5,0,5
20022,6,5,2,7,1,5,9,2,3,2,9
20023,7,1,0,3,4,6,1,5,7,3,4
20024,7,1,0,3,4,6,1,5,7,3,4
20025,7,1,0,3,4,6,1,5,7,3,4
20026,0,4,7,0,2,7,4,9,6,8,0
20027,1,7,6,0,0,8,0,9,5,6,0
20028,6,5,2,7,1,5,9,2,3,2,9
20029,1,7,6,2,0,8,0,9,5,6,5
20030,0,4,3,0,2,0,4,1,4,8,0
20031,5,8,3,1,6,0,7,1,4,4,7
20032,8,2,7,5,9,7,8,4,6,9,8
20033,7,1,0,3,4,6,1,5,7,3,4
20034,2,3,4,6,8,2,6,8,9,5,6
20035,7,1,0,3,4,6,1,5,7,3,4
20036,1,7,6,2,0,8,0,9,5,6,5
20037,7,1,0,3,4,6,1,5,7,3,4
20038,8,2,7,2,9,7,8,3,6,9,8
20039,5,8,3,1,6,0,7,1,4,4,7
20040,5,8,3,1,6,0,7,1,4,4,7
20041,1,7,6,2,0,8,0,9,5,6,5
20042,6,5,2,7,1,5,9,2,3,2,9
20043,5,8,3,1,6,0,7,1,4,4,7
20044,0,4,7,0,2,7,4,1,4,8,0
20045,1,7,6,2,0,8,0,9,5,6,5
20046,1,7,6,2,0,8,0,9,5,6,5
20047,1,7,6,2,0,8,0,9,5,6,5
20048,9,9,9,2,7,1,5,7,2,0,5
20049,3,6,1,8,5,3,2,6,0,1,1
20050,5,5,8,1,6,4,7,0,8,4,7
20051,7,1,0,3,4,6,1,5,7,3,4
20052,9,9,9,2,7,1,5,7,2,0,5
20053,5,8,3,1,6,0,7,1,4,4,7
20054,1,7,6,0,0,8,0,9,5,6,0
20055,8,2,5,7,1,9,9,4,6,2,2
20056,5,8,3,1,6,0,7,1,4,4,7
20057,5,5,8,9,3,4,7,0,8,7,7
20058,1,7,6,2,0,8,0,9,5,6,5
20059,5,8,3,1,6,0,7,1,4,4,7
20060,3,6,1,8,5,3,2,6,0,1,1
20061,5,8,3,1,6,0,7,1,4,4,2
20062,8,4,7,0,9,7,8,4,6,9,0
20063,0,8,3,1,6,0,4,1,4,4,0
20064,1,7,6,2,0,8,0,9,5,6,5
20065,7,1,0,3,4,6,1,5,7,3,4
20066,1,7,6,2,0,8,0,9,5,6,5
20067,0,4,3,0,2,0,4,1,4,8,2
20068,2,3,4,6,8,2,6,5,9,5,6
20069,5,8,3,1,6,0,7,1,4,4,7
20070,1,7,6,2,0,8,0,9,5,6,5
20071,7,1,0,3,4,6,1,5,7,3,4
20072,5,8,3,1,6,0,7,1,4,4,7
20073,5,8,3,1,6,0,7,1,4,4,7
20074,0,4,7,0,2,7,4,1,4,8,0
20075,0,8,3,1,6,0,7,1,4,4,0
20076,4,5,8,9,3,4,3,3,8,7,3
20077,1,5,6,2,0,8,0,9,5,6,5
20078,6,9,2,7,1,5,9,2,3,2,9
20079,7,1,0,3,4,6,1,5,7,3,4
20080,7,1,0,3,4,6,1,5,7,3,4
20081,4,5,8,9,3,4,3,0,8,7,7
20082,0,4,3,0,2,0,4,1,4,8,0
20083,1,7,6,2,0,8,0,9,5,6,5
20084,0,4,3,0,2,0,4,1,4,8,0
20085,3,6,1,8,5,3,2,6,0,1,1
20086,0,4,3,0,2,0,4,1,4,8,0
20087,4,5,8,9,3,4,3,0,8,7,3
20088,2,3,4,6,8,2,6,3,9,5,6
20089,7,1,0,3,4,6,1,5,7,3,4
20090,0,8,3,0,2,0,4,1,4,8,2
20091,7,1,0,3,4,6,1,5,7,3,4
20092,7,1,0,3,4,6,1,5,7,3,4
20093,7,1,0,3,4,6,1,5,7,3,4
20094,1,7,6,2,0,8,0,9,5,6,5
20095,3,6,1,8,5,3,2,6,0,1,1
20096,7,1,0,3,4,6,1,5,7,3,4
20097,7,1,0,3,4,6,1,5,7,3,4
20098,5,8,3,1,6,0,7,1,4,4,7
20099,7,1,0,3,4,6,1,5,7,3,4
20100,8,2,5,5,9,9,8,4,6,9,2
20101,7,1,0,3,4,6,1,5,7,3,4
20102,7,1,0,3,4,6,1,5,7,3,4
20103,5,8,3,1,6,0,7,1,4,4,7
20104,4,5,8,9,3,4,3,0,8,7,3
20105,5,8,3,1,6,0,7,1,4,4,2
20106,7,1,0,3,4,6,1,5,7,3,4
20107,7,1,0,3,4,6,1,5,7,3,4
20108,1,7,6,2,0,8,0,9,5,6,5
20109,7,1,0,3,4,6,1,5,7,3,4
20110,5,8,3,1,6,0,7,1,4,4,7
20111,5,8,3,1,6,0,7,1,4,4,0
20112,8,2,7,5,9,7,8,4,6,9,8
20113,5,5,8,9,3,4,3,0,8,7,7
20114,3,6,1,8,5,3,2,6,0,1,1
20115,5,8,3,1,6,0,7,1,4,4,7
20116,7,1,0,3,4,6,1,5,7,3,4
20117,3,6,1,8,5,3,2,6,0,1,1
20118,5,8,3,1,6,0,7,1,4,4,7
20119,4,5,8,9,3,4,3,0,8,7,3
20120,7,1,0,3,4,6,1,5,7,3,4
20121,7,1,0,3,4,6,1,5,7,3,4
20122,4,5,8,9,3,4,3,0,8,7,3
20123,3,6,1,8,5,3,2,6,0,1,1
20124,5,5,8,1,6,4,7,0,8,4,7
20125,7,1,0,3,4,6,1,5,7,3,4
20126,8,2,7,5,9,7,8,4,6,9,8
20127,7,1,0,3,4,6,1,5,7,3,4
20128,3,0,1,4,5,3,2,6,1,1,1
20129,5,8,3,1,6,0,7,1,4,4,7
20130,5,8,3,1,6,0,7,1,4,4,7
20131,1,7,6,2,0,8,0,9,5,6,5
20132,1,7,6,2,0,8,0,9,5,6,5
20133,7,1,0,3,4,6,1,5,7,3,4
20134,0,4,5,0,2,9,4,4,6,8,2
20135,1,7,6,2,0,8,0,9,5,6,5
20136,4,5,8,9,3,4,3,0,8,7,3
20137,5,5,8,1,6,4,7,0,8,4,7
20138,8,2,5,5,9,9,8,4,6,9,2
20139,3,6,1,8,5,3,2,6,0,1,1
20140,7,1,0,3,4,6,1,5,7,3,4
20141,3,6,1,8,5,3,2,6,0,1,1
20142,4,5,8,9,3,4,3,0,8,7,3
20143,9,9,9,2,7,1,5,7,2,0,5
20144,0,8,3,1,6,0,4,1,4,4,0
20145,6,5,2,7,1,5,9,2,3,2,9
20146,1,7,6,2,0,8,0,9,5,6,5
20147,7,1,0,3,4,6,1,5,7,3,4
20148,5,5,8,1,6,4,7,0,8,4,7
20149,8,2,7,5,9,7,8,1,4,9,8
20150,1,7,6,0,0,8,0,9,5,6,0
20151,2,3,4,6,8,2,6,3,9,5,6
20152,4,5,8,9,3,4,3,0,8,7,3
20153,4,5,8,9,3,4,3,0,8,7,3
20154,4,5,8,9,3,4,3,0,8,7,3
20155,0,4,5,0,2,9,4,1,4,8,2
20156,4,5,8,9,3,4,3,3,8,7,3
20157,2,3,4,6,8,2,6,3,9,5,6
20158,1,7,6,2,0,8,0,9,5,6,5
20159,8,2,7,5,9,7,8,4,6,9,8
20160,6,1,2,7,1,5,9,2,3,2,9
20161,3,6,1,8,5,3,2,6,0,1,1
20162,8,2,5,5,9,9,8,4,6,9,8
20163,9,9,9,2,7,1,5,7,2,0,5
20164,0,4,7,0,2,7,4,1,4,8,0
20165,6,5,2,7,1,5,9,2,3,2,9
20166,7,1,0,3,4,6,1,5,7,3,4
20167,7,0,0,4,4,6,1,5,1,3,4
20168,4,5,8,9,3,4,3,0,8,7,3
20169,8,2,7,5,9,7,8,3,2,9,8
20170,3,6,0,8,5,6,2,6,0,1,1
20171,6,5,2,7,1,5,9,3,3,2,9
20172,0,4,7,0,2,7,4,1,4,8,0
20173,4,5,8,9,3,4,3,0,8,7,3
20174,3,6,1,8,5,3,2,6,0,1,1
20175,3,6,1,8,5,3,2,6,0,1,1
20176,0,8,3,1,6,0,4,1,4,4,0
20177,9,9,9,2,7,1,5,7,2,0,5
20178,1,7,6,2,0,8,0,9,5,6,5
20179,6,5,2,7,1,5,9,2,3,2,9
20180,5,8,3,1,6,0,7,1,4,4,7
20181,7,1,0,3,4,6,1,5,7,3,4
20182,5,8,3,1,6,0,7,1,4,4,7
20183,8,2,7,5,9,7,8,4,6,9,8
20184,0,4,6,0,2,8,4,9,5,8,0
20185,9,9,9,2,7,1,5,3,2,0,8
20186,9,9,9,2,7,1,5,7,2,0,5
20187,4,5,8,9,3,4,3,0,8,7,3
20188,0,4,7,0,2,7,4,9,5,8,0
20189,8,2,5,5,9,9,8,4,6,9,8
20190,9,9,9,2,7,1,5,3,2,0,5
20191,2,3,4,2,8,2,6,3,9,5,6
20192,7,1,0,3,4,6,1,5,7,3,4
20193,8,2,7,5,9,7,8,4,6,9,8
20194,1,7,6,2,0,8,0,9,5,6,5
20195,9,9,9,2,7,1,5,7,2,0,5
20196,8,2,5,5,9,9,8,4,6,9,8
20197,8,2,7,5,9,7,8,4,6,9,8
20198,2,3,4,6,8,2,6,8,9,5,6
20199,8,2,7,5,9,7,8,3,6,9,8
20200,7,1,0,3,4,6,1,5,7,3,4
20201,7,1,0,3,4,6,1,5,7,3,4
20202,5,8,3,1,6,0,7,1,4,4,7
20203,2,3,4,6,8,2,6,5,9,5,6
20204,4,1,8,9,3,4,3,0,8,7,3
20205,3,0,1,4,5,3,2,6,1,1,1
20206,0,4,7,0,2,7,4,9,5,8,0
20207,8,2,7,5,9,7,8,4,6,9,8
20208,5,8,3,1,6,0,7,1,4,4,7
20209,9,9,9,2,7,1,5,3,2,0,5
20210,2,3,4,6,8,2,6,8,9,5,6
20211,8,2,7,5,9,7,8,4,6,9,8
20212,1,7,6,2,0,8,0,9,5,6,5
20213,2,3,4,6,8,2,6,8,9,5,6
20214,0,4,5,0,2,9,4,1,4,8,2
20215,3,0,1,4,5,3,2,6,1,1,1
20216,0,4,3,0,2,0,4,1,4,8,0
20217,9,9,9,2,7,1,5,3,2,0,8
20218,8,2,5,5,9,9,8,4,6,9,2
20219,5,8,3,1,6,0,7,1,4,4,7
20220,4,7,8,9,3,4,3,9,8,7,3
20221,4,0,8,4,3,4,3,0,1,7,3
20222,1,7,6,0,0,8,0,9,5,6,5
20223,8,2,5,5,9,9,8,4,6,9,8
20224,6,5,2,7,1,5,9,2,3,2,9
20225,3,6,1,8,5,3,2,6,0,1,1
20226,6,5,2,7,1,5,9,2,3,2,9
20227,8,2,5,5,9,9,8,4,6,9,2
20228,0,4,3,0,2,7,4,1,4,8,0
20229,0,4,5,0,2,9,4,1,4,8,2
20230,5,8,3,1,6,0,7,1,4,4,0
20231,9,9,9,2,7,1,5,7,2,0,5
20232,1,7,6,2,0,8,0,9,5,6,5
20233,4,5,8,9,3,4,3,0,8,7,3
20234,5,8,3,1,6,0,7,1,4,4,7
20235,8,2,7,5,9,7,8,4,6,9,8
20236,8,2,7,5,9,7,8,4,6,9,8
20237,9,9,9,2,7,1,5,7,2,0,5
20238,3,6,1,8,5,3,2,6,0,1,1
20239,9,5,9,2,7,1,5,7,2,0,5
20240,6,5,2,7,1,5,9,2,3,2,9
20241,8,2,7,5,9,7,8,4,6,9,8
20242,6,5,2,7,1,5,9,2,3,2,9
20243,7,1,0,3,4,6,1,5,7,3,4
20244,3,6,1,8,5,3,2,6,0,1,1
20245,6,6,8,8,3,4,9,0,0,7,7
20246,2,0,4,6,8,2,6,3,9,5,6
20247,6,5,2,7,1,5,9,2,3,2,9
20248,5,8,3,1,6,0,7,1,4,4,7
20249,2,1,4,3,8,2,6,5,7,5,6
20250,0,4,7,0,2,7,4,9,5,8,0
20251,8,2,7,5,9,7,8,4,6,9,8
20252,1,7,6,2,0,8,0,9,5,6,5
20253,4,5,8,9,3,4,3,0,8,7,3
20254,5,8,3,1,6,0,7,1,4,4,7
20255,8,2,5,5,9,9,8,4,6,9,8
20256,3,6,1,8,5,3,2,6,0,1,1
20257,6,5,2,7,1,5,9,2,3,2,9
20258,0,4,3,0,2,0,4,1,4,8,7
20259,2,3,4,6,8,2,6,8,9,5,6
20260,0,4,3,0,2,0,4,1,4,8,2
20261,9,9,9,2,7,1,5,3,2,0,5
20262,0,4,7,0,2,7,4,4,6,8,0
20263,9,9,9,2,7,1,5,7,2,0,5
20264,8,2,7,5,9,7,8,4,6,9,8
20265,5,8,3,1,6,0,7,1,4,4,0
20266,7,1,0,3,4,6,1,5,7,3,4
20267,8,2,7,5,9,7,8,4,6,9,2
20268,4,5,8,9,3,4,3,0,8,7,3
20269,2,3,4,6,8,2,6,8,9,5,6
20270,5,8,3,1,6,0,7,1,4,4,0
20271,2,3,4,2,8,2,6,3,9,5,6
20272,4,5,8,9,3,4,3,0,8,7,3
20273,5,8,3,1,6,0,7,1,4,4,7
20274,1,7,6,2,0,8,0,9,5,6,5
20275,9,9,9,2,7,1,5,7,2,0,5
20276,5,8,3,1,6,0,7,0,8,4,7
20277,8,4,5,0,2,9,8,4,6,8,2
20278,7,1,0,3,4,6,1,5,7,3,4
20279,9,9,9,2,7,1,5,7,2,0,5
20280,8,2,5,5,9,9,8,4,6,9,2
20281,9,9,9,2,7,1,5,7,2,0,5
20282,5,8,3,1,6,0,7,1,4,4,7
20283,3,0,1,4,5,3,2,6,1,1,1
20284,1,7,6,2,0,8,0,9,5,6,5
20285,7,1,0,3,4,6,1,5,7,3,4
20286,2,3,4,6,8,2,6,3,9,5,5
20287,5,8,3,1,6,0,7,0,4,4,7
20288,1,7,6,2,0,8,0,9,5,6,5
20289,6,5,2,7,1,5,9,2,3,2,9
20290,5,8,3,1,6,0,7,1,4,4,7
20291,4,5,8,9,3,4,3,0,8,7,3
20292,2,3,4,6,8,2,6,3,9,5,6
20293,5,8,3,1,6,0,7,1,4,4,7
20294,5,8,3,1,6,0,7,1,4,4,7
20295,0,4,5,0,2,9,4,1,4,8,2
20296,0,4,5,0,2,9,4,9,5,8,2
20297,8,2,7,5,9,7,8,4,6,9,7
20298,1,7,6,2,0,8,0,9,5,6,5
20299,6,5,2,7,1,5,9,2,3,2,9
20300,2,3,7,6,9,7,8,8,9,9,8
20301,0,4,5,0,2,9,4,4,6,8,2
20302,1,7,6,2,0,8,0,9,5,6,5
20303,8,2,7,5,9,7,8,4,6,9,8
20304,1,7,6,2,0,8,0,9,5,6,5
20305,6,5,2,7,1,5,9,2,3,2,9
20306,7,1,0,3,4,6,1,5,7,3,4
20307,0,4,7,0,2,7,4,4,6,8,0
20308,8,2,7,5,9,7,8,4,6,9,8
20309,6,5,2,7,1,5,9,2,3,2,9
20310,0,4,6,0,2,8,4,1,4,8,0
20311,8,2,5,5,9,9,8,4,6,9,8
20312,5,8,3,1,6,0,7,1,4,4,2
20313,6,5,2,7,1,5,9,2,3,2,9
20314,7,1,0,3,4,6,1,5,7,3,4
20315,9,9,9,6,7,1,5,3,2,0,6
20316,0,4,3,0,2,0,4,1,4,8,0
20317,4,5,8,9,3,4,3,0,8,7,3
20318,0,4,3,0,2,0,4,1,4,8,2
20319,9,9,9,2,7,1,5,7,2,0,5
20320,4,5,8,9,3,4,3,0,8,7,3
20321,3,6,1,8,5,3,2,6,0,1,1
20322,0,7,3,0,2,0,4,1,4,8,0
20323,4,5,8,9,3,4,3,0,8,7,3
20324,4,5,8,9,3,4,3,0,8,7,3
20325,9,9,9,2,7,1,5,3,2,0,5
20326,7,1,0,3,4,6,1,5,7,3,4
20327,9,9,9,2,7,1,5,7,2,0,5
20328,5,8,3,1,6,0,7,1,4,4,7
20329,2,3,4,6,8,2,6,5,9,5,6
20330,0,4,7,0,2,7,4,4,6,8,0
20331,9,9,9,2,7,1,5,3,2,0,8
20332,1,7,6,2,0,8,0,9,5,6,5
20333,8,2,7,5,9,7,8,4,6,9,8
20334,3,6,1,8,5,3,2,6,0,1,1
20335,8,2,5,5,9,9,8,4,6,9,8
20336,7,3,0,6,4,6,1,8,9,3,5
20337,9,9,9,2,7,1,5,7,2,0,5
20338,0,4,7,0,2,7,4,1,4,8,0
20339,9,9,9,2,7,1,5,3,2,0,8
20340,1,7,6,2,0,8,0,9,5,6,5
20341,8,2,7,5,9,7,8,4,6,9,8
20342,7,1,0,3,4,6,1,5,7,3,4
20343,4,5,8,9,3,4,3,0,8,7,3
20344,7,1,0,3,4,6,1,5,7,3,4
20345,8,2,7,5,9,7,8,4,6,9,8
20346,8,2,7,5,9,7,8,4,6,9,8
20347,2,3,4,6,8,2,6,8,9,5,6
20348,9,9,9,2,7,1,5,7,2,0,5
20349,3,6,1,8,5,3,2,6,0,1,1
20350,1,7,6,2,0,8,0,9,5,6,5
20351,3,6,1,8,5,3,2,6,0,1,1
20352,1,7,3,2,0,0,0,1,4,6,0
20353,4,5,8,9,3,4,3,0,8,7,3
20354,9,9,9,2,7,1,5,7,2,0,8
20355,2,3,4,6,8,2,6,8,9,5,6
20356,7,1,0,3,4,6,1,5,7,3,4
20357,3,6,1,8,5,3,2,6,0,1,1
20358,5,8,3,1,6,0,7,1,4,4,7
20359,2,2,7,5,8,7,8,3,6,5,8
20360,5,8,3,1,6,0,7,1,4,4,7
20361,9,9,9,2,7,1,5,7,2,0,5
20362,7,1,0,3,4,6,1,5,7,3,4
20363,9,9,9,7,7,1,5,3,2,0,9
20364,2,3,4,6,8,2,6,8,9,5,6
20365,9,9,9,2,7,1,5,7,2,0,5
20366,0,4,0,0,2,6,4,8,9,8,0
20367,4,5,8,9,3,4,3,0,8,7,3
20368,8,2,7,5,9,7,8,4,6,9,8
20369,3,6,1,8,5,3,2,6,0,1,1
20370,0,4,5,0,2,9,4,4,6,8,2
20371,3,0,1,4,5,3,2,6,1,1,1
20372,7,1,0,3,4,6,1,8,7,3,4
20373,1,7,6,2,0,8,0,9,5,6,5
20374,7,1,0,3,4,6,1,5,7,3,4
20375,6,5,2,7,1,5,9,2,3,2,9
20376,0,4,3,0,2,0,4,1,4,8,0
20377,2,1,4,3,8,2,6,5,7,5,6
20378,1,7,6,3,0,8,0,3,5,6,4
20379,8,2,7,5,9,7,8,4,6,9,8
20380,8,2,5,5,9,9,8,4,6,9,2
20381,9,9,9,2,7,1,5,3,2,0,5
20382,9,9,9,2,7,1,5,7,2,0,5
20383,4,5,8,9,3,4,3,0,8,7,3
20384,1,7,6,2,0,8,0,9,5,6,5
20385,8,2,5,5,9,9,8,4,6,9,8
20386,0,4,5,0,6,9,7,1,4,4,2
20387,2,3,4,6,8,2,6,8,9,5,6
20388,5,8,3,1,6,0,7,0,4,4,7
20389,8,2,7,5,9,7,8,4,6,9,8
20390,2,1,4,3,8,2,6,5,7,3,1
20391,3,0,1,4,5,3,2,6,1,1,1
20392,2,3,4,6,8,2,6,8,9,5,6
20393,9,9,9,2,7,1,5,7,2,0,5
20394,9,9,9,2,7,1,5,7,2,0,5
20395,6,5,2,7,1,5,9,2,3,2,9
20396,8,2,7,5,9,7,8,4,6,9,8
20397,7,1,0,3,4,6,1,5,7,3,4
20398,0,4,3,0,2,0,4,1,4,8,0
20399,8,2,7,5,9,7,8,4,6,9,8
20400,7,1,0,3,4,6,1,5,7,3,4
20401,4,5,8,9,3,4,3,0,8,7,3
20402,5,8,3,1,6,0,7,1,4,4,7
20403,8,2,5,5,9,9,8,4,6,9,2
20404,0,4,5,0,2,9,4,4,6,8,2
20405,2,3,4,6,8,2,6,8,9,5,6
20406,0,4,3,0,2,0,4,1,4,8,0
20407,3,0,1,4,5,3,2,3,1,1,1
20408,7,1,0,3,4,6,1,5,7,3,4
20409,9,9,9,2,7,1,5,7,2,0,5
20410,0,4,7,0,2,7,4,1,4,8,0
20411,6,5,2,7,1,5,9,2,3,2,9
20412,7,1,0,3,4,6,1,5,7,3,4
20413,7,1,0,3,4,6,1,5,7,3,4
20414,6,5,2,7,1,5,9,2,3,2,9
20415,8,2,7,5,9,7,8,4,6,9,7
20416,4,5,8,9,3,4,3,0,8,7,3
20417,8,2,5,5,9,9,8,4,6,9,8
20418,3,6,1,8,5,3,2,6,0,1,1
20419,2,3,4,6,8,2,6,8,9,5,6
20420,3,6,1,8,5,3,2,6,0,1,1
20421,8,2,7,5,9,7,8,4,6,9,8
20422,8,4,5,0,2,9,8,4,6,8,2
20423,6,9,2,7,1,5,9,3,3,2,9
20424,6,5,2,7,1,5,9,2,3,2,9
20425,8,2,7,5,9,7,8,4,6,9,8
20426,7,1,0,3,4,6,1,8,7,3,4
20427,9,9,9,2,7,1,5,7,2,0,5
20428,2,1,4,3,8,2,6,5,9,5,6
20429,8,2,7,5,9,7,8,4,6,9,8
20430,7,1,0,3,4,6,1,5,7,3,4
20431,4,5,8,9,3,4,3,0,8,7,3
20432,6,9,2,7,1,5,9,2,3,2,9
20433,4,5,8,9,3,4,3,0,8,7,3
20434,0,4,3,0,2,0,4,1,4,8,0
20435,8,2,5,5,9,9,8,4,6,9,8
20436,6,5,2,7,1,5,9,2,3,2,9
20437,2,1,4,3,8,2,6,5,7,5,6
20438,1,7,6,2,0,8,0,9,5,6,5
20439,7,1,0,3,4,6,1,5,7,3,4
20440,6,5,2,7,1,5,9,2,3,2,9
20441,6,5,2,7,1,5,9,2,3,2,9
20442,6,5,2,7,1,5,9,2,3,2,9
20443,9,9,9,2,7,1,5,7,2,0,5
20444,1,7,6,2,0,8,0,9,5,6,5
20445,0,4,7,0,2,7,4,1,4,8,0
20446,5,8,3,1,6,0,7,1,4,4,7
20447,8,2,7,5,9,7,8,4,6,9,8
20448,7,1,0,3,4,6,1,8,7,3,4
20449,9,9,9,5,7,1,5,7,2,0,8
20450,8,2,7,5,9,7,8,4,6,9,8
20451,2,3,4,3,8,2,6,5,7,5,6
20452,8,2,5,5,9,9,8,4,6,9,8
20453,9,9,9,2,7,1,5,3,2,0,5
20454,6,5,2,7,1,5,9,2,3,2,9
20455,8,2,7,5,9,7,8,4,6,9,8
20456,1,7,6,2,0,8,0,9,5,6,5
20457,8,2,7,5,9,7,8,4,6,9,8
20458,7,1,0,3,4,6,1,5,7,3,4
20459,9,9,9,2,7,1,5,7,2,0,5
20460,8,2,7,5,9,7,8,4,6,9,8
20461,9,9,9,2,7,1,5,7,2,0,5
20462,0,4,7,0,2,7,4,9,6,8,0
20463,2,0,4,6,8,2,6,3,9,5,6
20464,5,8,3,1,6,0,7,1,4,4,0
20465,9,9,9,2,7,1,5,7,2,0,5
20466,0,4,5,0,2,9,4,1,4,8,2
20467,9,9,9,5,7,1,5,7,2,0,8
20468,8,2,7,5,9,7,8,4,6,9,8
20469,4,5,8,9,3,4,3,3,8,7,3
20470,9,9,9,2,7,1,5,3,2,0,5
20471,2,0,4,6,8,2,6,3,9,5,6
20472,2,3,4,6,8,2,6,8,9,5,6
20473,6,5,2,7,1,5,9,2,3,2,9
20474,1,7,6,2,0,8,0,7,5,6,5
20475,9,9,9,2,7,1,5,7,2,0,5
20476,7,1,0,3,4,6,1,5,7,3,4
20477,8,2,5,5,9,9,8,4,6,9,8
20478,7,1,0,3,4,6,1,5,7,3,4
20479,9,9,9,2,7,1,5,3,2,0,8
20480,4,5,8,9,3,4,3,0,8,7,3
20481,3,0,1,4,5,3,2,3,1,1,1
20482,8,0,1,4,9,3,8,3,1,9,8
20483,3,0,1,4,8,2,2,3,1,5,1
20484,5,8,3,1,6,0,7,1,4,4,7
20485,6,5,2,7,1,5,9,2,3,2,9
20486,6,5,2,7,1,5,9,2,3,2,7
20487,3,0,1,4,5,3,2,6,1,1,1
20488,7,9,0,3,4,6,1,7,7,3,4
20489,4,5,8,9,3,4,3,0,8,7,3
20490,0,4,7,0,2,7,4,4,6,8,0
20491,2,3,4,6,8,2,6,8,9,5,6
20492,7,1,0,3,4,6,1,5,7,3,4
20493,6,5,2,7,1,5,9,2,3,2,9
20494,4,5,8,9,3,4,3,3,8,7,3
20495,0,4,7,0,2,7,4,4,6,8,0
20496,0,8,3,1,2,0,4,1,4,4,0
20497,6,5,2,7,1,5,9,2,3,2,9
20498,0,8,3,0,2,0,4,1,4,8,2
20499,7,1,0,3,4,6,1,5,7,3,4
20500,6,3,2,7,1,5,9,2,3,2,9
20501,8,2,5,5,9,9,8,4,6,9,8
20502,1,5,6,2,0,8,0,9,5,6,5
20503,4,5,8,9,3,4,3,3,8,7,3
20504,5,8,3,1,6,0,7,1,4,4,2
20505,0,4,7,0,2,7,4,4,6,8,0
20506,9,9,9,2,7,1,5,7,2,0,5
20507,2,3,4,6,8,2,6,8,9,5,6
20508,1,7,7,2,0,7,0,4,6,6,5
20509,8,2,5,5,9,9,8,4,6,9,8
20510,3,0,1,4,5,3,2,6,1,1,1
20511,2,3,4,6,8,2,6,8,9,5,6
20512,4,5,8,9,3,4,3,3,8,7,3
20513,8,2,7,5,9,7,8,4,6,9,8
20514,6,5,2,7,1,5,9,2,3,2,9
20515,6,5,2,7,1,5,9,2,3,2,9
20516,2,3,4,6,8,2,6,8,9,5,6
20517,6,5,2,7,1,5,9,2,3,2,9
20518,5,8,3,1,6,0,7,1,4,4,7
20519,8,4,7,0,2,7,8,4,6,8,0
20520,6,5,2,7,1,5,9,2,3,2,9
20521,2,3,4,6,8,2,6,8,9,5,6
20522,6,5,2,7,1,5,9,2,3,2,9
20523,4,5,8,9,3,4,3,3,8,7,3
20524,7,1,0,3,4,6,1,8,7,3,4
20525,8,2,7,5,9,7,8,4,6,9,8
20526,6,5,2,7,1,5,9,2,3,2,9
20527,8,2,7,5,9,7,8,4,6,9,8
20528,7,1,0,3,4,6,1,5,7,3,4
20529,9,9,9,6,7,1,5,7,2,0,8
20530,7,1,0,3,4,6,1,5,7,3,4
20531,3,0,1,4,5,3,2,6,1,1,1
20532,9,9,9,2,7,1,5,7,2,0,5
20533,3,0,1,4,5,3,2,6,1,1,1
20534,9,9,9,2,7,1,5,7,2,0,5
20535,2,3,4,6,8,2,6,8,9,5,6
20536,1,7,6,2,0,8,0,9,5,6,5
20537,2,0,4,4,8,2,6,3,1,5,6
20538,9,9,9,2,7,1,5,7,2,0,5
20539,2,3,4,6,8,2,6,8,9,5,6
20540,7,1,0,3,4,6,1,5,7,3,4
20541,4,5,8,9,3,4,3,3,8,7,3
20542,6,5,2,7,1,5,9,2,3,2,9
20543,4,5,8,9,3,4,3,3,8,7,3
20544,2,3,4,6,8,2,6,8,9,5,6
20545,2,3,4,6,8,2,6,8,9,5,6
20546,5,8,3,1,6,0,7,1,4,4,7
20547,4,5,8,9,3,4,3,0,8,7,3
20548,7,1,0,3,4,6,1,5,7,3,4
20549,8,2,5,5,9,9,8,4,6,9,8
20550,7,7,6,2,4,8,1,9,5,3,5
20551,2,0,4,4,8,2,6,3,1,5,6
20552,0,4,3,0,2,0,4,1,4,8,0
20553,2,3,4,6,8,2,6,3,9,5,6
20554,5,8,3,1,6,0,7,1,4,4,7
20555,4,5,8,9,3,4,3,0,8,7,3
20556,1,7,6,2,0,8,0,9,5,6,5
20557,8,2,2,5,9,5,8,2,3,9,8
20558,8,4,5,0,2,9,4,4,6,8,2
20559,2,3,4,6,8,2,6,8,9,5,6
20560,7,1,0,3,4,6,1,5,7,3,4
20561,7,1,0,3,4,6,1,5,7,3,6
20562,5,8,3,1,6,0,7,1,4,4,7
20563,9,9,9,2,7,1,5,7,2,0,5
20564,8,2,7,5,9,7,8,3,6,9,8
20565,2,3,4,6,8,2,6,3,9,5,6
20566,8,2,5,5,9,9,8,4,6,9,2
20567,8,4,7,0,9,7,8,4,6,9,0
20568,6,5,2,7,1,5,9,2,3,2,9
20569,4,5,8,9,3,4,3,0,8,7,3
20570,2,3,4,6,8,2,6,8,9,5,6
20571,8,2,7,5,9,7,8,4,6,9,8
20572,5,8,3,1,6,0,7,1,4,4,7
20573,8,2,7,5,9,7,8,4,6,9,8
20574,5,8,3,1,6,0,7,1,4,4,7
20575,2,3,4,6,8,2,6,3,9,5,6
20576,0,4,5,0,2,9,4,4,6,8,2
20577,2,0,4,4,8,2,6,3,1,5,6
20578,2,3,4,6,8,2,6,8,9,5,6
20579,8,2,5,5,9,9,8,4,6,9,8
20580,7,1,0,3,4,6,1,5,7,3,4
20581,6,5,2,7,1,5,9,2,3,2,9
20582,0,4,3,0,2,0,4,1,4,8,2
20583,8,2,5,5,9,9,8,4,6,9,8
20584,3,6,1,8,5,3,2,6,0,1,1
20585,8,2,7,5,9,7,8,3,6,9,8
20586,7,1,0,3,4,6,1,5,7,3,4
20587,2,3,4,6,8,2,6,3,9,5,6
20588,0,4,5,0,2,9,4,4,6,8,2
20589,9,9,9,2,7,1,5,7,2,0,5
20590,7,1,0,3,4,6,1,5,7,3,4
20591,3,0,1,4,5,3,2,6,1,1,1
20592,2,3,4,6,8,2,6,8,9,5,6
20593,1,7,6,2,0,8,0,9,5,6,5
20594,5,8,3,1,6,0,7,1,4,4,7
20595,6,5,2,7,1,5,9,2,3,2,9
20596,4,5,8,9,3,4,3,0,8,7,3
20597,7,1,0,3,4,6,1,5,7,3,4
20598,7,1,0,3,4,6,1,5,7,3,4
20599,8,4,7,0,2,7,4,4,6,8,0
20600,8,2,5,5,9,9,8,4,6,9,2
20601,9,2,9,5,7,1,5,3,2,0,8
20602,3,6,1,8,5,3,2,6,0,1,1
20603,4,5,8,9,3,4,3,0,8,7,3
20604,9,9,9,2,7,1,5,7,2,0,5
20605,8,2,5,5,9,9,8,4,6,9,8
20606,9,9,9,2,7,1,5,7,2,0,5
20607,2,3,4,6,8,2,6,8,9,5,6
20608,3,6,1,8,5,3,2,6,0,1,1
20609,3,0,1,4,5,3,2,6,1,1,1
20610,7,1,0,3,4,6,1,5,7,3,4
20611,9,9,9,2,7,1,5,7,2,0,5
20612,6,5,2,7,1,5,9,2,3,2,9
20613,6,5,2,7,1,5,9,2,3,2,9
20614,6,3,2,7,1,5,9,2,3,2,9
20615,7,1,0,3,4,6,1,5,7,3,4
20616,7,1,0,3,4,6,1,5,7,3,4
20617,0,4,7,0,2,7,4,1,4,8,0
20618,5,8,3,1,6,0,7,1,4,4,0
20619,8,2,5,5,9,9,8,4,6,9,2
20620,5,8,3,1,6,0,7,1,4,4,7
20621,2,3,4,6,8,2,6,8,9,5,6
20622,3,6,1,8,5,3,2,6,0,1,1
20623,8,2,5,5,9,9,8,4,6,9,8
20624,6,5,2,7,1,5,9,2,3,2,9
20625,3,0,1,4,5,3,2,6,1,1,1
20626,7,1,0,3,4,6,1,5,7,3,4
20627,9,9,9,2,7,1,5,7,2,0,5
20628,2,3,4,6,8,2,6,8,9,5,6
20629,6,5,2,7,1,5,9,2,3,2,9
20630,0,4,6,0,2,8,4,9,5,8,0
20631,7,1,0,3,4,6,1,5,7,3,4
20632,3,6,1,8,5,3,2,6,0,1,1
20633,5,4,7,1,2,7,7,4,6,4,7
20634,0,4,7,0,2,7,4,4,6,8,0
20635,2,2,4,5,8,2,6,8,9,9,8
20636,5,8,3,1,6,0,7,1,4,4,7
20637,4,5,8,9,3,4,3,0,8,7,3
20638,0,4,3,0,2,0,4,1,4,8,0
20639,2,3,4,6,8,2,6,8,9,5,6
20640,7,1,0,3,4,6,1,5,7,3,4
20641,2,3,4,6,8,2,6,8,9,5,6
20642,4,6,8,9,3,4,3,0,8,7,3
20643,9,9,9,2,7,1,5,7,2,0,5
20644,0,4,7,0,2,7,4,4,6,8,0
20645,3,0,1,4,5,3,2,3,1,1,1
20646,5,8,3,1,6,0,7,1,4,4,2
20647,4,5,8,9,3,4,3,0,8,7,3
20648,7,1,0,3,4,6,1,5,7,3,4
20649,7,1,0,3,4,6,1,5,7,3,4
20650,4,5,8,9,3,4,3,0,8,7,3
20651,0,4,7,0,2,7,4,4,6,8,0
20652,0,4,7,0,2,7,4,4,6,8,0
20653,0,4,7,0,2,7,4,4,6,8,0
20654,1,7,6,2,0,8,0,9,5,6,5
20655,6,5,2,7,1,5,9,2,3,2,9
20656,4,5,8,9,3,4,3,0,8,7,3
20657,2,3,4,6,8,2,6,8,9,5,6
20658,3,6,1,8,5,3,2,6,0,1,1
20659,9,9,9,2,7,1,5,7,2,0,5
20660,8,2,7,5,9,7,8,4,6,9,8
20661,3,6,1,8,5,3,2,6,0,1,1
20662,3,6,1,8,5,3,2,6,0,1,1
20663,4,5,8,9,3,4,3,0,8,7,3
20664,7,1,0,3,4,6,1,5,7,3,4
20665,5,8,3,1,6,0,7,1,4,4,7
20666,2,3,4,6,8,2,6,8,9,5,6
20667,8,4,7,0,2,7,8,4,6,8,8
20668,2,3,4,6,8,2,6,8,9,5,6
20669,8,2,5,5,9,9,8,4,6,9,8
20670,9,9,9,2,7,1,5,3,2,0,9
20671,6,5,2,7,1,5,9,2,3,2,9
20672,6,5,2,7,1,5,9,2,3,2,9
20673,7,1,0,3,4,6,1,5,7,3,4
20674,9,9,9,2,7,1,5,7,2,0,5
20675,7,1,0,3,4,6,1,5,7,3,4
20676,0,4,3,0,2,0,4,1,4,8,0
20677,8,2,7,5,9,7,8,4,6,9,8
20678,1,7,6,2,0,8,0,9,5,6,5
20679,6,5,2,7,1,5,9,2,3,2,9
20680,0,4,7,0,2,7,4,4,6,8,0
20681,3,6,1,8,5,3,2,6,0,1,1
20682,4,5,8,9,3,4,3,3,8,7,3
20683,8,2,7,5,9,7,8,4,6,9,8
20684,8,2,7,5,9,7,8,4,6,9,8
20685,7,1,0,3,4,6,1,5,7,3,4
20686,1,7,6,2,0,8,0,9,5,6,5
20687,7,1,0,3,4,6,1,5,7,3,4
20688,2,3,4,6,8,2,6,3,9,5,6
20689,8,2,7,5,9,7,8,4,6,9,8
20690,7,1,0,3,4,6,1,5,7,3,4
20691,9,9,9,2,7,1,5,7,2,0,5
20692,5,8,3,1,6,0,7,1,4,4,7
20693,2,3,4,6,8,2,6,3,9,5,6
20694,0,4,5,0,2,9,4,4,6,8,2
20695,6,5,2,7,1,5,9,2,3,2,9
20696,0,8,3,1,6,0,7,1,4,4,0
20697,7,1,0,3,4,6,1,5,7,3,4
20698,5,8,3,1,6,0,7,1,4,4,7
20699,9,9,9,2,7,1,5,7,2,0,5
20700,5,8,3,1,6,0,7,1,4,4,7
20701,4,5,8,9,3,4,3,0,8,7,3
20702,8,2,7,5,9,7,8,4,6,9,8
20703,9,9,9,2,7,1,5,7,2,0,8
20704,1,7,6,2,0,8,0,9,5,6,5
20705,7,1,0,3,4,6,1,5,7,3,4
20706,1,7,6,2,0,8,0,9,5,6,5
20707,8,2,5,5,9,9,8,4,6,9,8
20708,1,7,6,3,0,8,0,9,5,6,5
20709,2,3,4,6,8,2,6,3,9,5,6
20710,1,7,6,2,0,8,0,9,5,6,5
20711,8,2,7,5,9,7,8,4,6,9,8
20712,7,1,0,3,4,6,1,5,7,3,0
20713,3,0,1,4,5,3,2,6,1,1,1
20714,5,8,3,1,6,0,7,1,4,4,7
20715,6,5,2,7,1,5,9,2,3,2,9
20716,2,3,4,6,8,2,6,8,9,5,6
20717,8,4,7,0,2,7,8,4,6,8,0
20718,2,3,4,6,8,2,6,3,9,5,6
20719,4,0,8,4,3,4,3,0,1,7,3
20720,9,9,9,2,7,1,5,7,2,0,5
20721,6,5,2,7,1,5,9,2,3,2,9
20722,9,9,9,2,7,1,5,7,2,0,5
20723,8,2,5,5,9,9,8,4,6,9,8
20724,3,6,1,8,5,3,2,6,0,1,1
20725,2,3,4,6,8,2,6,8,9,5,6
20726,5,8,3,1,6,0,7,1,4,4,7
20727,3,0,1,4,5,3,2,6,1,1,1
20728,1,7,6,2,0,8,0,9,5,6,5
20729,8,2,5,5,9,9,8,4,6,9,8
20730,5,8,3,1,6,0,7,1,4,4,7
20731,3,6,1,8,5,3,2,6,0,1,1
20732,2,3,4,6,8,2,6,8,9,5,6
20733,1,7,6,2,0,8,0,3,5,6,5
20734,5,8,3,1,6,0,7,1,4,4,7
20735,3,0,1,4,5,3,2,6,1,1,1
20736,4,5,8,9,3,4,3,3,8,7,3
20737,7,1,0,3,4,6,1,5,7,3,4
20738,7,1,0,3,4,6,1,5,7,3,4
20739,6,5,2,7,1,5,9,2,3,2,9
20740,0,4,3,0,2,0,4,1,4,8,0
20741,8,2,7,5,9,7,8,4,6,9,8
20742,6,9,2,7,1,5,9,2,3,2,9
20743,2,3,4,6,8,2,6,8,9,5,6
20744,4,5,8,9,3,4,3,0,8,7,3
20745,1,7,6,2,0,8,0,9,5,6,5
20746,9,9,9,2,7,1,5,7,2,0,5
20747,3,0,1,4,5,3,2,6,1,1,1
20748,6,5,2,7,1,5,9,2,3,2,9
20749,9,9,9,2,7,1,5,7,2,0,5
20750,1,7,6,0,0,8,0,9,5,6,5
20751,2,3,4,6,8,2,6,8,9,5,6
20752,7,1,0,3,4,6,1,5,7,3,4
20753,2,3,4,6,8,2,6,8,9,5,6
20754,8,2,7,5,9,7,8,4,6,9,8
20755,9,9,9,2,7,1,5,7,2,0,5
20756,5,8,3,1,6,0,7,1,4,4,0
20757,4,5,8,9,3,4,3,0,8,7,3
20758,9,2,9,5,7,1,5,3,2,0,8
20759,8,2,5,5,9,9,8,4,6,9,2
20760,1,7,6,2,0,8,0,9,5,6,5
20761,6,5,2,7,1,5,9,2,3,2,9
20762,3,6,1,8,5,3,2,6,0,1,1
20763,8,2,7,5,9,7,8,4,6,9,8
20764,4,5,8,9,3,4,3,3,8,7,3
20765,8,2,5,5,9,9,8,4,6,9,8
20766,0,4,5,0,2,9,4,4,6,8,2
20767,8,2,5,5,9,9,8,4,6,9,8
20768,0,4,3,0,2,0,4,1,4,8,0
20769,2,2,4,6,8,2,6,3,9,5,8
20770,6,5,2,7,1,5,9,2,3,2,9
20771,2,3,4,6,8,2,6,8,9,5,6
20772,1,7,6,2,0,8,0,9,5,6,5
20773,9,9,9,2,7,1,5,7,2,0,5
20774,2,3,4,6,8,2,6,8,9,5,6
20775,1,7,6,9,0,8,0,3,5,6,3
20776,5,8,3,1,6,0,7,1,4,4,7
20777,2,3,4,6,8,2,6,3,9,5,6
20778,0,4,3,0,2,0,4,1,4,8,0
20779,6,5,2,7,1,5,9,2,3,2,9
20780,7,1,0,3,4,6,1,5,7,3,4
20781,9,9,9,2,7,1,5,3,2,0,5
20782,5,5,8,9,3,4,3,0,8,7,7
20783,6,5,2,7,1,5,9,2,3,2,9
20784,3,6,1,8,5,3,2,6,0,1,1
20785,2,3,4,6,8,2,6,8,9,5,6
20786,6,5,2,7,1,5,9,2,3,2,9
20787,9,9,9,2,7,1,5,7,2,0,5
20788,0,4,7,0,2,7,4,4,6,8,0
20789,8,2,5,5,9,9,8,4,6,9,8
20790,4,1,8,3,3,4,3,5,7,7,3
20791,2,3,4,6,8,2,6,3,9,5,6
20792,3,6,1,8,5,3,2,6,0,1,1
20793,2,2,7,5,9,7,8,4,9,9,8
20794,0,4,7,0,2,7,4,4,6,8,0
20795,8,2,5,5,9,9,8,4,6,9,2
20796,4,5,8,9,3,4,3,3,8,7,3
20797,7,1,0,3,4,6,1,5,7,3,4
20798,1,7,6,7,0,8,0,9,5,6,9
20799,9,9,9,2,7,1,5,3,2,0,5
20800,7,1,0,3,4,6,1,5,7,3,4
20801,2,0,4,4,8,2,6,3,1,5,6
20802,1,7,6,2,0,8,0,9,5,6,5
20803,9,9,9,2,7,1,5,7,2,0,5
20804,2,3,4,6,8,2,6,8,9,5,6
20805,7,1,0,3,4,6,1,5,7,3,4
20806,1,7,6,2,0,8,0,9,5,6,5
20807,2,3,4,6,8,2,6,8,9,5,6
20808,4,5,8,9,3,4,3,0,8,7,3
20809,5,8,3,1,6,0,7,1,4,4,7
20810,1,7,6,2,0,8,0,9,5,6,5
20811,0,4,5,0,2,9,4,4,6,8,0
20812,2,3,4,6,8,2,6,8,9,5,6
20813,0,4,7,0,2,7,4,4,6,8,0
20814,2,0,4,4,8,2,6,3,1,5,6
20815,8,2,7,5,9,7,8,3,2,9,8
20816,3,6,1,8,5,3,2,6,0,1,1
20817,1,7,6,2,0,8,0,7,5,6,5
20818,5,8,3,1,6,0,7,1,4,4,0
20819,2,3,4,6,8,2,6,8,9,5,6
20820,3,6,1,8,5,3,2,6,0,1,1
20821,4,7,6,9,3,8,3,3,5,7,3
20822,4,5,8,9,3,4,3,0,8,7,3
20823,2,3,4,6,8,2,6,8,9,5,6
20824,1,7,6,2,0,8,0,9,5,6,5
20825,8,2,6,2,9,8,8,4,6,9,5
20826,5,8,3,1,6,0,7,1,4,4,7
20827,3,6,1,8,5,3,2,6,0,1,1
20828,1,7,6,2,0,8,0,9,5,6,5
20829,9,9,9,2,7,1,5,7,2,0,5
20830,5,8,3,1,6,0,7,1,4,4,7
20831,6,5,2,7,1,5,9,2,3,2,9
20832,5,8,3,2,6,0,7,9,5,4,5
20833,2,3,4,6,8,2,6,8,9,5,6
20834,8,2,5,5,9,9,8,4,6,9,2
20835,9,9,7,5,7,7,5,3,2,0,8
20836,5,8,3,1,6,0,7,1,4,4,7
20837,9,9,9,2,7,1,5,3,2,0,5
20838,1,7,6,2,0,8,0,9,5,6,5
20839,4,5,8,9,3,4,3,3,8,7,3
20840,3,6,1,8,5,3,2,6,0,1,1
20841,8,2,7,5,9,7,8,4,6,9,8
20842,7,1,0,3,4,6,1,5,7,3,4
20843,3,0,1,4,5,3,2,3,1,1,1
20844,7,1,0,3,4,6,1,5,7,3,4
20845,9,9,9,2,7,1,5,7,2,0,5
20846,3,6,1,8,5,3,2,6,0,1,1
20847,6,5,2,7,1,5,9,2,3,2,9
20848,9,9,9,2,7,1,5,7,2,0,5
20849,6,0,2,4,1,5,9,3,1,2,9
20850,6,5,2,7,1,5,9,2,3,2,9
20851,8,2,7,5,9,7,8,3,6,9,8
20852,1,7,6,2,0,8,0,9,5,6,5
20853,9,9,9,2,7,1,5,7,2,0,5
20854,7,1,0,3,4,6,1,5,7,3,4
20855,9,0,9,2,7,1,5,3,2,0,5
20856,8,2,5,5,9,9,8,4,6,9,8
20857,8,0,5,4,9,9,8,3,1,9,8
20858,0,4,7,0,2,7,4,8,9,8,0
20859,9,9,9,7,7,1,5,7,2,0,9
20860,7,1,0,3,4,6,1,8,9,3,4
20861,8,2,7,5,9,7,8,4,6,9,8
20862,9,9,9,2,7,1,5,7,2,0,5
20863,3,0,1,4,5,3,2,6,1,1,1
20864,8,4,7,0,2,7,4,4,6,8,0
20865,9,9,9,2,7,1,5,7,2,0,5
20866,8,2,5,5,9,9,8,4,6,9,8
20867,6,5,2,7,1,5,9,2,3,2,9
20868,7,1,0,3,4,6,1,5,7,3,4
20869,6,0,2,7,1,5,9,2,3,2,9
20870,1,7,6,2,0,8,0,9,5,6,5
20871,8,2,7,5,9,7,8,4,6,9,8
20872,7,1,0,3,4,6,1,5,7,3,4
20873,2,3,4,6,8,2,6,8,2,5,6
20874,6,5,2,7,1,5,9,2,3,2,9
20875,9,9,9,2,7,1,5,7,2,0,5
20876,7,3,4,6,4,6,6,8,9,3,6
20877,3,0,1,4,5,3,2,3,1,1,1
20878,2,3,4,6,8,2,6,8,9,5,6
20879,8,2,7,5,9,7,8,4,6,9,8
20880,2,3,4,6,8,2,6,8,9,5,6
20881,9,9,9,2,7,1,5,7,2,0,5
20882,1,7,6,2,0,8,0,9,5,6,5
20883,8,2,5,5,9,9,8,4,6,9,8
20884,9,9,9,2,7,1,5,7,2,0,5
20885,2,3,4,6,8,2,6,3,9,5,6
20886,3,6,1,8,5,3,2,6,0,1,1
20887,9,9,9,2,7,1,5,7,2,0,5
20888,1,7,6,2,0,8,0,9,5,6,5
20889,2,3,4,6,8,2,6,8,9,5,6
20890,7,1,0,3,4,6,1,5,7,3,4
20891,4,5,8,9,3,4,3,3,8,7,3
20892,2,3,4,6,8,2,6,3,9,5,6
20893,8,2,5,5,9,9,8,4,6,9,8
20894,5,8,3,1,6,0,7,0,8,4,7
20895,3,0,1,4,5,3,2,6,1,1,1
20896,4,5,8,9,3,4,3,0,8,7,7
20897,9,9,9,2,7,1,5,7,2,0,8
20898,1,7,6,2,0,8,0,9,5,6,5
20899,9,9,9,2,7,1,5,7,2,0,5
20900,0,4,3,0,2,0,4,1,4,8,0
20901,8,2,7,5,9,7,8,4,6,9,8
20902,7,1,0,3,4,6,1,5,7,3,4
20903,2,0,4,4,8,2,6,3,1,5,6
20904,2,3,4,6,8,2,6,8,9,5,6
20905,9,9,9,7,7,1,5,7,2,0,9
20906,2,3,4,6,8,2,6,8,9,5,6
20907,9,2,7,5,9,7,8,3,2,9,8
20908,5,8,3,1,6,0,7,1,4,4,7
20909,8,2,7,5,9,7,8,4,6,9,8
20910,1,7,6,2,0,8,0,9,5,6,5
20911,3,0,1,4,5,3,2,6,1,1,1
20912,9,9,9,2,7,1,5,7,2,0,5
20913,9,9,9,2,7,1,5,7,2,0,5
20914,2,3,4,6,8,2,6,3,9,5,6
20915,8,2,7,5,9,7,8,4,6,9,8
20916,2,0,4,6,8,2,6,3,9,5,6
20917,6,5,2,7,1,5,9,2,3,2,9
20918,0,4,3,0,2,0,4,1,4,8,0
20919,2,3,4,6,8,2,6,3,9,5,6
20920,5,8,3,1,6,0,7,1,4,4,0
20921,8,2,5,5,9,9,8,4,6,9,2
20922,7,1,0,3,4,6,1,5,7,3,4
20923,2,3,4,6,8,2,6,8,9,5,6
20924,5,8,3,1,6,0,7,1,4,4,7
20925,8,2,7,5,9,7,8,4,6,9,8
20926,1,7,6,3,0,8,0,9,5,6,4
20927,4,5,8,9,3,4,3,3,8,7,3
20928,3,6,1,8,5,3,2,6,0,1,1
20929,3,0,1,4,5,3,2,6,1,1,1
20930,1,7,6,2,0,8,0,9,5,6,5
20931,4,5,8,9,3,4,3,3,8,7,3
20932,5,8,3,1,6,0,7,1,4,4,7
20933,9,9,9,2,7,1,5,3,2,0,5
20934,3,0,1,4,5,3,2,6,1,1,1
20935,2,3,4,6,8,2,6,3,9,5,6
20936,3,6,1,8,5,3,2,6,0,1,1
20937,6,1,2,7,1,5,9,5,3,2,9
20938,7,1,0,3,4,6,1,5,7,3,4
20939,6,0,2,7,1,5,9,2,3,2,9
20940,4,5,8,9,3,4,3,0,8,7,3
20941,6,5,2,7,1,5,9,2,3,2,9
20942,7,1,0,3,4,6,1,5,7,3,4
20943,8,2,7,5,9,7,8,4,6,9,8
20944,7,1,0,3,4,6,1,5,7,3,4
20945,9,9,9,2,7,1,5,7,2,0,5
20946,7,1,0,3,4,6,1,5,7,3,4
20947,2,0,4,4,8,2,6,3,1,5,6
20948,4,5,8,9,3,4,3,3,8,7,3
20949,4,5,8,9,3,4,3,3,8,7,3
20950,0,4,3,0,2,0,4,1,4,8,0
20951,9,9,9,2,7,1,5,7,2,0,5
20952,7,1,0,3,4,6,1,3,7,3,4
20953,3,0,1,4,5,3,2,6,1,1,1
20954,7,1,0,3,4,6,1,5,7,3,4
20955,3,6,1,8,5,3,2,6,0,1,1
20956,5,8,3,1,6,0,7,1,4,4,7
20957,4,5,8,9,3,4,3,3,8,7,3
20958,3,0,1,4,5,3,2,6,1,1,1
20959,5,5,2,1,6,5,7,2,3,4,7
20960,6,5,2,7,1,5,9,2,3,2,9
20961,9,9,9,2,7,1,5,7,2,0,5
20962,0,4,7,0,2,7,4,4,6,8,2
20963,9,9,9,2,7,1,5,7,2,0,5
20964,0,4,3,0,2,0,4,1,4,8,0
20965,2,3,4,6,8,2,6,3,9,5,6
20966,7,1,0,3,4,6,1,5,7,3,4
20967,5,8,3,1,6,0,7,1,4,4,7
20968,7,1,0,3,4,6,1,8,7,3,4
20969,8,2,5,5,9,9,8,4,6,9,8
20970,6,5,2,7,1,5,9,2,3,2,9
20971,8,2,7,5,9,9,8,4,6,9,8
20972,0,4,3,0,2,0,4,1,4,8,0
20973,9,9,9,6,7,1,5,3,2,0,6
20974,9,9,9,2,7,1,5,7,2,0,5
20975,9,9,9,2,7,1,5,7,2,0,5
20976,0,2,7,0,2,7,4,1,4,8,8
20977,8,2,5,5,9,9,8,4,6,9,8
20978,4,1,8,9,3,4,3,5,8,7,3
20979,3,0,1,4,5,3,2,6,1,1,1
20980,0,4,5,0,2,9,4,1,4,8,2
20981,6,5,2,7,1,5,9,2,3,2,9
20982,5,8,3,1,6,0,7,1,4,4,7
20983,3,0,1,4,5,3,2,6,1,1,1
20984,4,5,8,9,3,4,3,0,8,7,3
20985,2,0,4,4,8,2,6,3,1,5,6
20986,7,1,0,3,4,6,1,5,7,3,4
20987,9,9,9,7,7,1,5,7,2,0,9
20988,1,7,6,2,0,8,0,9,5,6,5
20989,6,0,2,7,1,5,9,2,3,2,9
20990,1,7,6,2,0,8,0,9,5,6,5
20991,8,2,5,5,9,9,8,4,6,9,8
20992,1,7,5,2,0,9,0,9,5,6,5
20993,6,5,2,7,1,5,9,2,3,2,9
20994,2,3,4,6,8,2,6,8,9,5,6
20995,9,2,7,5,9,7,8,7,2,9,8
20996,0,8,3,0,2,0,4,1,4,8,0
20997,0,4,7,0,2,7,4,4,6,8,0
20998,1,7,6,2,0,8,0,3,5,6,5
20999,8,2,7,5,9,7,8,4,6,9,8
21000,0,4,5,0,2,9,4,4,6,8,0
21001,2,0,4,4,8,2,6,3,1,5,6
21002,1,7,6,2,0,8,0,9,5,6,5
21003,4,5,8,9,3,4,3,3,8,7,3
21004,4,5,8,9,3,4,3,3,8,7,3
21005,2,3,4,6,8,2,6,3,9,5,6
21006,6,5,2,7,1,5,9,2,3,2,9
21007,2,3,4,7,8,2,6,2,3,5,6
21008,4,5,8,9,3,4,3,0,8,7,3
21009,6,5,2,7,1,5,9,2,3,2,9
21010,1,7,6,2,0,8,0,9,5,6,5
21011,9,9,9,2,7,1,5,3,2,0,5
21012,7,1,0,3,4,6,1,3,7,3,4
21013,9,9,9,2,7,1,5,3,2,0,5
21014,7,1,0,3,4,6,1,5,7,3,4
21015,8,2,7,5,9,7,8,4,6,9,8
21016,7,1,0,3,4,6,1,5,7,3,4
21017,9,9,9,2,7,1,5,7,2,0,8
21018,7,1,0,3,4,6,1,5,7,3,4
21019,9,9,9,2,7,1,5,7,2,0,5
21020,0,4,3,0,2,0,4,1,4,8,0
21021,8,2,5,5,9,9,8,4,6,9,8
21022,5,8,3,1,6,0,7,1,4,4,7
21023,5,8,3,1,6,0,7,1,4,4,0
21024,2,3,4,6,8,2,6,8,9,5,6
21025,4,5,8,9,3,4,3,3,8,7,3
21026,7,1,0,3,4,6,1,5,7,3,4
21027,2,3,4,6,8,2,6,3,9,5,6
21028,3,6,1,8,5,3,2,6,0,1,1
21029,3,6,1,8,5,3,2,6,0,1,1
21030,4,5,8,9,3,4,3,0,8,7,3
21031,1,7,6,2,0,8,0,9,5,6,5
21032,0,4,3,0,2,0,4,1,4,8,0
21033,6,5,2,7,1,5,9,2,3,2,9
21034,7,1,0,3,4,6,1,5,7,3,4
21035,7,1,0,3,4,6,1,5,7,3,4
21036,4,5,8,9,3,4,3,0,8,7,7
21037,1,7,7,2,0,7,0,9,5,6,0
21038,7,1,0,3,4,6,1,5,7,3,4
21039,2,3,4,6,8,2,6,8,9,5,6
21040,3,6,1,8,5,3,2,6,0,1,1
21041,4,5,8,9,3,4,3,0,8,7,3
21042,6,2,2,5,9,5,8,3,3,9,8
21043,0,4,3,0,2,0,4,1,4,8,2
21044,9,9,9,7,7,1,5,7,2,0,9
21045,0,3,4,6,2,2,6,8,9,8,0
21046,1,7,6,2,0,8,0,9,5,6,5
21047,0,4,7,0,2,7,4,4,6,8,0
21048,1,3,6,2,0,8,6,8,9,6,5
21049,3,6,1,8,5,3,2,6,0,1,1
21050,0,4,5,0,2,9,4,4,6,8,2
21051,1,7,6,2,0,8,0,7,5,6,5
21052,1,7,6,2,0,8,0,9,5,6,5
21053,6,5,2,7,1,5,9,2,3,2,9
21054,1,7,6,2,0,8,0,9,5,6,5
21055,2,3,4,6,8,2,6,8,9,5,6
21056,7,1,0,3,4,6,1,5,7,3,4
21057,0,4,7,0,2,7,4,4,6,8,0
21058,7,1,0,3,4,6,1,5,7,3,4
21059,2,0,4,6,8,2,6,3,1,5,6
21060,1,7,6,2,0,8,0,9,5,6,5
21061,4,5,8,9,3,4,3,0,8,7,7
21062,8,2,5,5,9,9,8,4,6,9,8
21063,0,4,5,0,2,9,4,1,4,8,0
21064,5,6,0,8,4,6,7,5,0,3,7
21065,2,3,4,6,8,2,6,8,9,5,6
21066,2,4,4,0,8,2,6,8,9,5,6
21067,0,4,3,0,2,0,4,1,4,8,0
21068,1,7,6,2,0,8,0,9,5,6,5
21069,3,6,1,8,5,3,2,6,0,1,1
21070,9,9,9,2,7,1,5,7,2,0,5
21071,9,9,9,2,7,1,5,7,2,0,5
21072,5,8,3,1,6,0,7,1,4,4,0
21073,6,5,2,7,1,5,9,2,3,2,9
21074,5,5,8,1,6,4,7,0,8,4,7
21075,7,1,0,3,4,6,1,5,7,3,4
21076,5,8,3,1,6,0,7,1,4,4,7
21077,9,9,9,2,7,1,5,7,2,0,5
21078,3,6,1,8,5,3,2,6,0,1,1
21079,2,3,4,6,8,2,6,8,9,5,6
21080,1,7,6,2,0,8,0,9,5,6,5
21081,4,5,8,9,3,4,3,0,8,7,3
21082,3,0,1,4,5,3,2,6,1,1,1
21083,0,4,5,0,2,9,4,4,6,8,2
21084,5,5,8,9,3,4,7,0,8,7,7
21085,2,3,4,6,8,2,6,8,9,5,6
21086,0,4,5,0,2,0,4,1,4,8,0
21087,0,4,7,0,2,7,4,4,6,8,0
21088,9,9,9,2,7,1,5,7,2,0,5
21089,2,3,4,6,8,2,6,8,9,5,6
21090,1,7,6,2,0,8,0,9,5,6,5
21091,0,4,7,0,2,7,4,1,4,8,0
21092,7,1,0,3,4,6,1,5,7,3,4
21093,2,0,4,6,8,2,6,3,9,5,6
21094,9,9,9,2,7,1,5,7,2,0,5
21095,0,4,5,0,2,9,4,4,6,8,2
21096,5,8,3,1,6,0,7,1,4,4,7
21097,3,6,1,8,5,3,2,6,0,1,1
21098,7,1,0,3,4,6,1,5,7,3,4
21099,7,1,0,3,4,6,1,5,7,3,4
21100,2,3,4,6,8,2,6,3,9,5,6
21101,1,7,6,2,0,8,0,9,5,6,5
21102,7,1,0,3,4,6,1,5,7,3,4
21103,5,5,8,9,3,4,7,0,8,7,7
21104,0,3,4,6,2,6,4,8,9,8,0
21105,2,3,4,6,8,2,6,8,9,5,6
21106,2,3,4,6,8,2,6,8,9,5,6
21107,0,8,3,1,6,0,7,1,4,4,0
21108,0,4,3,0,2,0,4,1,4,8,0
21109,1,7,6,2,0,8,0,9,5,6,5
21110,1,7,6,2,0,8,0,9,5,6,5
21111,8,2,5,5,9,9,8,4,6,9,2
21112,0,7,6,0,0,8,0,9,5,6,0
21113,4,5,8,9,3,4,3,0,8,7,3
21114,7,1,0,3,4,6,1,5,7,3,4
21115,9,9,9,2,7,1,5,3,2,0,8
21116,2,3,4,6,8,2,6,8,9,5,6
21117,4,5,8,9,3,4,3,0,8,7,3
21118,2,3,4,6,4,2,6,8,9,5,6
21119,0,4,7,0,2,7,4,4,6,8,0
21120,7,1,0,3,4,6,1,8,7,3,4
21121,6,5,2,7,1,5,9,2,3,2,9
21122,4,5,8,9,3,4,3,0,8,7,3
21123,8,2,5,5,9,9,8,4,6,9,2
21124,0,4,7,0,2,7,4,4,6,8,0
21125,2,3,4,6,8,2,6,8,9,5,6
21126,5,5,3,1,6,0,7,1,4,4,7
21127,1,7,9,2,0,1,0,7,5,6,5
21128,1,7,6,2,0,8,0,9,5,6,5
21129,7,1,0,3,4,6,1,5,7,3,4
21130,0,8,3,0,2,0,4,1,4,8,0
21131,8,2,7,5,9,7,8,4,6,9,8
21132,3,6,1,8,5,3,2,6,0,1,1
21133,8,2,5,5,9,9,8,4,6,9,2
21134,6,5,2,7,1,5,9,2,3,2,9
21135,6,3,2,7,1,5,9,2,3,2,9
21136,9,9,9,7,7,1,5,7,2,0,9
21137,3,6,1,8,5,3,2,6,0,1,1
21138,5,8,3,1,6,0,7,1,4,4,7
21139,2,0,4,4,8,2,6,3,1,5,6
21140,5,8,3,1,6,0,7,1,4,4,7
21141,3,6,1,8,5,3,2,6,0,1,1
21142,3,6,1,8,5,3,2,6,0,1,1
21143,1,7,6,2,0,8,0,9,5,6,5
21144,7,1,0,3,4,6,1,5,7,3,4
21145,0,4,7,0,2,7,4,4,6,8,0
21146,2,3,4,6,8,2,6,8,9,5,6
21147,6,1,2,7,1,5,9,2,3,2,9
21148,8,2,5,5,9,9,8,4,6,9,2
21149,7,1,0,3,4,6,1,5,7,3,4
21150,7,5,8,9,4,4,1,0,8,3,7
21151,6,9,2,7,1,5,9,2,3,2,9
21152,5,8,3,1,6,0,7,1,4,4,7
21153,2,3,4,3,8,2,6,5,7,5,6
21154,7,1,0,3,4,6,1,5,7,3,4
21155,4,2,7,9,3,2,3,3,8,7,8
21156,7,1,0,3,4,6,1,5,7,3,4
21157,2,0,4,4,8,2,6,3,1,5,6
21158,1,7,6,2,0,8,0,9,5,6,5
21159,0,4,5,0,2,9,4,4,6,8,2
21160,0,4,5,0,2,9,4,1,4,8,2
21161,2,3,4,6,8,2,6,8,9,5,6
21162,5,8,3,1,6,0,7,1,4,4,0
21163,0,4,7,0,2,7,4,1,4,8,0
21164,2,3,4,7,8,2,6,3,3,5,6
21165,0,4,3,0,2,0,4,1,4,8,0
21166,9,9,9,2,7,1,5,7,2,0,5
21167,0,4,7,0,2,7,4,4,6,8,0
21168,9,9,9,2,7,1,5,7,2,0,5
21169,8,4,5,0,2,9,4,4,6,8,2
21170,7,1,0,3,4,6,1,5,7,3,4
21171,9,9,9,2,7,1,5,7,2,0,5
21172,0,4,7,0,2,7,4,9,5,8,0
21173,1,7,6,2,0,8,0,9,5,6,5
21174,5,8,3,1,6,0,7,1,4,4,7
21175,8,2,5,5,9,9,8,4,6,9,8
21176,2,1,4,3,8,2,6,5,7,5,6
21177,2,3,4,6,8,2,6,8,9,5,6
21178,1,7,6,2,0,8,0,9,5,6,5
21179,7,1,0,3,4,6,1,5,7,3,6
21180,4,5,8,9,3,4,3,0,8,7,3
21181,8,2,7,5,9,7,8,4,6,9,8
21182,0,4,6,0,2,8,4,9,5,8,0
21183,2,3,4,6,8,2,6,8,9,5,6
21184,2,3,4,6,8,2,6,8,9,5,6
21185,4,5,8,9,3,4,3,0,8,7,3
21186,5,8,3,1,6,0,7,1,4,4,7
21187,7,1,0,3,4,6,1,5,7,3,4
21188,2,3,4,6,8,2,6,8,9,5,6
21189,4,5,8,9,3,4,3,8,8,7,3
21190,7,1,0,3,4,6,1,5,7,3,4
21191,3,6,1,8,5,3,2,6,0,1,1
21192,5,8,3,1,6,0,7,1,4,4,7
21193,0,8,3,1,6,0,7,1,4,4,0
21194,6,5,2,7,1,5,9,2,3,2,9
21195,4,5,8,9,3,4,3,0,8,7,3
21196,1,7,6,2,0,8,0,9,5,6,5
21197,6,5,2,7,1,5,9,2,3,2,9
21198,8,2,7,5,9,7,8,4,6,9,8
21199,3,6,1,8,5,3,2,6,0,1,1
21200,1,7,6,2,0,8,0,9,5,6,5
21201,9,9,9,2,7,1,5,7,2,0,5
21202,1,7,6,2,0,8,0,9,5,6,5
21203,3,6,1,8,5,3,2,6,0,1,1
21204,2,3,4,2,8,2,6,9,9,5,6
21205,4,5,8,9,3,4,3,0,8,7,3
21206,0,4,3,0,2,0,4,1,4,8,0
21207,6,5,2,7,1,5,9,2,3,2,9
21208,7,1,0,3,4,6,1,5,7,3,4
21209,7,1,0,3,4,6,1,5,7,3,4
21210,2,3,4,6,8,2,6,8,9,5,6
21211,2,3,4,6,8,2,6,8,9,5,6
21212,2,3,4,6,8,2,6,8,9,5,6
21213,0,4,7,0,2,7,4,1,4,8,0
21214,5,5,8,9,3,4,7,0,8,7,7
21215,3,6,1,8,5,3,2,6,0,1,1
21216,3,6,1,8,5,3,2,6,0,1,1
21217,8,2,5,5,9,9,8,4,6,9,8
21218,0,4,7,0,2,7,4,4,6,8,0
21219,5,5,2,2,6,5,7,3,3,4,5
21220,1,7,6,2,0,8,0,9,5,6,5
21221,7,1,0,3,4,6,1,5,7,3,4
21222,8,2,5,5,9,9,8,4,6,9,2
21223,9,7,7,2,7,7,5,9,2,0,5
21224,5,8,3,1,6,0,7,1,4,4,7
21225,2,0,4,4,8,2,6,3,1,5,6
21226,4,5,8,9,3,4,3,3,8,7,3
21227,2,0,4,4,8,2,6,3,1,5,1
21228,7,1,0,3,4,6,1,5,7,3,4
21229,6,5,2,7,1,5,9,2,3,2,9
21230,9,9,9,2,7,1,5,7,2,0,5
21231,8,2,7,5,9,7,8,8,9,9,8
21232,0,4,7,0,2,7,4,1,4,8,0
21233,2,3,4,6,8,2,6,3,9,5,6
21234,4,5,8,9,3,4,3,3,8,7,3
21235,0,4,7,0,2,7,4,4,6,8,0
21236,8,2,5,5,9,9,8,4,6,9,8
21237,4,5,8,9,3,4,3,0,8,7,3
21238,7,1,0,3,4,6,1,5,7,3,4
21239,4,5,8,9,3,4,3,0,8,7,3
21240,8,4,7,5,9,7,8,4,6,9,8
21241,4,5,8,9,3,4,3,0,8,7,3
21242,3,6,1,8,5,3,2,6,0,1,1
21243,0,4,5,0,2,9,4,1,4,8,2
21244,2,3,4,6,8,2,6,8,9,5,6
21245,0,4,5,0,2,9,4,4,6,8,0
21246,5,8,3,1,6,0,7,1,4,4,7
21247,9,9,9,2,7,1,5,7,2,0,5
21248,1,7,6,2,0,8,0,9,5,6,5
21249,2,3,4,6,8,2,6,8,9,5,6
21250,7,1,0,3,4,6,1,5,7,3,4
21251,6,5,2,7,1,5,9,2,3,2,9
21252,2,3,4,6,8,2,6,3,9,5,6
21253,1,7,6,2,0,8,0,9,5,6,5
21254,3,0,1,4,5,3,2,6,1,1,1
21255,6,3,2,7,1,5,9,2,3,2,9
21256,4,1,8,9,3,4,3,0,8,7,3
21257,4,5,8,9,3,4,3,0,8,7,3
21258,0,4,5,0,2,9,4,4,6,8,2
21259,7,1,0,3,4,6,1,5,7,3,4
21260,3,6,1,8,5,3,2,6,0,1,1
21261,7,1,0,3,4,6,1,5,7,3,4
21262,9,2,9,5,7,1,5,3,2,0,8
21263,0,4,7,0,2,7,4,1,4,8,0
21264,7,1,0,3,4,6,1,5,7,3,4
21265,0,4,5,0,2,9,4,4,6,8,2
21266,3,6,1,8,5,3,2,6,0,1,1
21267,0,4,7,0,2,7,4,4,6,8,0
21268,4,5,8,9,3,4,3,0,8,7,3
21269,0,4,3,0,2,7,4,1,4,8,0
21270,5,8,3,1,6,0,7,1,4,4,7
21271,3,6,1,8,5,3,2,6,0,1,1
21272,1,7,6,2,0,8,0,9,5,6,5
21273,3,6,1,8,5,3,2,6,0,1,1
21274,6,5,2,7,1,5,9,2,3,2,9
21275,2,3,4,6,8,2,6,8,9,5,6
21276,0,4,7,0,2,7,4,1,4,8,0
21277,0,4,7,0,2,7,4,4,6,8,0
21278,1,7,6,2,0,8,0,9,5,6,5
21279,3,6,1,8,5,3,2,6,0,1,1
21280,2,3,4,6,8,2,6,8,9,5,6
21281,1,7,6,2,0,8,0,9,5,6,5
21282,2,3,4,6,8,2,6,8,9,5,6
21283,6,1,2,7,1,5,9,2,3,2,9
21284,7,1,0,3,4,6,1,5,7,3,4
21285,7,1,0,3,4,6,1,5,7,3,4
21286,1,7,6,0,0,8,0,9,5,6,0
21287,5,8,3,1,6,0,7,1,4,4,7
21288,1,7,6,2,0,8,0,9,5,6,5
21289,3,6,1,8,5,3,2,6,0,1,1
21290,4,5,8,9,3,4,3,0,8,7,3
21291,4,5,8,9,3,4,3,0,8,7,3
21292,1,7,6,2,0,8,0,9,5,6,5
21293,0,4,5,0,2,9,4,4,6,8,2
21294,4,5,8,9,3,4,3,0,8,7,3
21295,3,6,1,8,5,3,2,6,0,1,1
21296,5,8,3,1,6,0,7,1,4,4,7
21297,8,2,7,5,9,7,8,4,6,9,8
21298,4,5,8,9,3,4,3,0,8,7,3
21299,3,6,1,8,5,3,2,6,0,1,1
21300,0,4,3,0,2,0,4,1,4,8,0
21301,1,7,6,2,0,8,0,9,5,6,5
21302,1,7,6,2,0,8,0,9,5,6,5
21303,6,3,2,7,1,5,9,2,3,2,9
21304,5,8,3,1,6,0,7,3,1,4,7
21305,7,1,0,3,4,6,1,5,7,3,4
21306,1,7,6,2,0,8,0,9,5,6,5
21307,5,8,3,1,6,0,7,3,4,4,7
21308,2,0,4,4,8,2,6,3,1,5,6
21309,7,1,0,3,4,6,1,5,7,3,4
21310,7,3,3,6,4,0,1,8,9,3,0
21311,4,5,8,9,3,4,3,0,8,7,3
21312,2,3,4,6,8,2,6,8,9,5,6
21313,0,4,5,0,2,9,4,4,6,8,2
21314,3,0,1,4,5,3,2,6,1,1,1
21315,3,6,1,8,5,3,2,6,0,1,1
21316,4,5,8,9,3,4,3,0,8,7,3
21317,8,2,7,5,9,7,8,4,6,9,8
21318,0,4,5,0,2,9,4,1,4,8,2
21319,3,6,1,8,5,3,2,6,0,1,1
21320,7,1,0,3,4,6,1,5,7,3,4
21321,1,7,6,2,0,8,0,9,5,6,5
21322,0,4,5,0,2,9,4,1,4,8,2
21323,7,3,9,6,4,6,1,8,9,3,4
21324,6,3,2,7,1,5,9,2,3,2,9
21325,7,1,0,3,4,6,1,5,7,3,4
21326,0,4,6,0,2,8,4,9,5,8,0
21327,0,4,7,0,2,7,4,1,4,8,0
21328,7,1,0,3,4,6,1,5,7,3,4
21329,3,0,1,9,5,3,2,3,8,1,1
21330,6,1,2,7,1,5,9,2,3,2,9
21331,4,5,8,9,3,4,3,0,8,7,3
21332,4,5,8,9,3,4,3,0,8,7,3
21333,5,8,3,1,6,0,7,1,4,4,7
21334,1,7,6,2,0,8,0,9,5,6,5
21335,5,8,3,1,6,0,7,1,4,4,7
21336,0,4,7,0,2,7,4,1,4,8,0
21337,4,5,8,9,3,4,3,0,8,7,3
21338,5,8,3,1,6,0,7,1,4,4,0
21339,5,8,3,1,6,0,7,1,4,4,0
21340,0,8,3,0,2,0,4,1,4,8,0
21341,7,1,0,3,4,6,1,5,7,3,4
21342,9,9,9,2,7,1,5,7,2,0,5
21343,3,6,1,8,5,3,2,6,0,1,1
21344,8,2,7,5,9,7,8,4,6,9,8
21345,4,5,8,9,3,4,3,0,8,7,3
21346,0,4,7,0,2,7,4,1,4,8,0
21347,4,5,8,9,3,4,3,0,8,7,3
21348,1,7,6,2,0,8,0,9,5,6,5
21349,4,6,8,8,3,4,3,0,0,7,7
21350,3,6,1,8,5,3,2,6,0,1,1
21351,8,2,7,5,9,1,8,4,6,9,8
21352,8,4,5,0,9,9,8,4,6,8,2
21353,3,0,1,4,5,3,2,6,1,1,1
21354,3,6,1,8,5,3,2,6,0,1,1
21355,3,6,1,8,5,3,2,6,0,1,1
21356,8,2,5,5,9,9,8,4,6,9,8
21357,1,7,6,2,0,8,0,9,5,6,5
21358,3,6,1,8,5,3,2,6,0,1,1
21359,7,1,0,3,4,6,1,5,7,3,4
21360,7,1,0,3,4,6,1,5,7,3,4
21361,8,2,7,5,9,7,8,4,6,9,8
21362,1,7,6,2,0,8,0,9,5,6,5
21363,5,8,3,1,6,0,7,1,4,4,0
21364,1,7,6,2,0,8,0,9,5,6,5
21365,7,1,0,3,4,6,1,5,7,3,4
21366,6,5,2,7,1,5,9,2,3,2,9
21367,8,2,5,5,9,9,8,4,6,9,8
21368,4,5,8,9,3,4,3,0,8,7,3
21369,8,2,7,5,9,7,8,4,6,9,8
21370,7,1,0,3,4,6,1,5,7,3,4
21371,7,1,0,3,4,6,1,5,7,3,4
21372,3,6,1,8,5,3,2,6,0,1,1
21373,4,5,8,9,3,4,3,0,8,7,3
21374,0,4,7,0,2,7,4,4,6,8,0
21375,7,1,0,3,4,6,1,5,7,3,4
21376,1,7,6,2,0,8,0,9,5,6,5
21377,8,2,7,5,9,7,8,4,6,9,8
21378,0,8,3,1,6,0,7,1,4,4,0
21379,1,7,6,2,0,8,0,9,5,6,5
21380,3,6,1,8,5,3,2,6,0,1,1
21381,7,1,0,3,4,6,1,5,7,3,4
21382,6,0,2,4,1,5,9,3,1,2,9
21383,7,6,0,8,4,6,1,5,0,3,4
21384,7,1,0,3,4,6,1,5,7,3,4
21385,7,1,0,3,4,6,1,5,7,3,4
21386,0,4,3,0,2,0,4,1,4,8,2
21387,8,2,5,5,9,9,8,4,6,9,2
21388,5,8,3,1,6,0,7,1,4,4,7
21389,7,1,0,3,4,6,1,5,7,3,4
21390,7,1,0,3,4,6,1,5,7,3,4
21391,1,7,6,2,0,8,0,9,5,6,5
21392,4,5,8,9,3,4,3,0,8,7,3
21393,0,4,7,0,2,7,4,3,8,8,0
21394,9,9,9,2,7,1,5,7,2,0,5
21395,3,6,1,8,5,3,2,6,0,1,1
21396,0,4,5,0,2,9,4,1,4,8,2
21397,7,1,0,3,4,6,1,5,7,3,4
21398,1,7,6,2,0,8,0,9,5,6,5
21399,7,1,0,3,4,6,1,5,7,3,4
21400,0,4,5,0,2,9,4,1,4,8,2
21401,1,7,6,2,0,8,0,9,5,6,5
21402,1,7,6,0,0,8,0,9,5,6,0
21403,3,6,1,8,5,3,2,6,0,1,1
21404,4,5,4,9,8,2,3,3,8,5,3
21405,8,2,5,5,9,9,8,4,6,9,2
21406,2,3,4,6,8,2,6,8,9,5,6
21407,4,5,8,9,3,4,3,0,8,7,3
21408,1,7,6,2,0,8,0,8,5,6,5
21409,1,7,6,2,0,8,0,9,5,6,5
21410,4,5,8,9,3,4,3,0,8,7,3
21411,4,5,8,9,3,4,3,0,8,7,3
21412,8,2,9,5,9,1,8,7,2,9,8
21413,3,6,1,8,5,3,2,6,0,1,1
21414,1,7,6,2,0,8,0,9,5,6,5
21415,6,5,2,7,1,5,9,2,3,2,9
21416,7,1,0,3,4,6,1,5,7,3,4
21417,5,8,3,1,6,0,7,1,4,4,0
21418,4,5,8,9,3,4,3,0,8,7,3
21419,4,5,8,9,3,4,3,0,8,7,3
21420,4,5,8,9,3,4,3,0,8,7,3
21421,3,6,1,8,5,3,2,6,0,1,1
21422,5,8,3,1,6,0,7,1,4,4,0
21423,0,4,3,0,2,0,4,1,4,8,0
21424,9,7,9,2,7,1,5,9,2,0,5
21425,6,1,2,7,1,5,9,2,3,2,9
21426,3,6,1,8,5,3,2,6,0,1,1
21427,1,7,6,2,0,8,0,9,5,6,5
21428,7,1,3,3,4,0,1,1,4,3,4
21429,8,2,5,5,9,9,8,4,6,9,8
21430,0,4,3,0,2,0,4,1,4,8,0
21431,5,8,3,1,6,0,7,1,4,4,7
21432,0,3,7,0,2,7,4,1,4,8,0
21433,7,6,0,8,4,6,1,5,0,3,4
21434,4,5,8,9,3,4,3,0,8,7,3
21435,6,5,2,2,1,5,9,2,3,2,5
21436,4,5,8,9,3,4,3,0,8,7,3
21437,8,2,5,5,9,9,8,4,6,9,2
21438,9,9,9,2,7,1,5,7,2,0,5
21439,7,1,0,3,4,6,1,5,7,3,4
21440,7,1,0,3,4,6,1,5,7,3,4
21441,6,5,2,7,1,5,9,2,3,2,9
21442,0,8,3,1,6,0,7,1,4,4,0
21443,6,1,2,7,1,5,9,2,3,2,9
21444,9,9,9,7,7,1,5,7,2,0,5
21445,2,2,7,5,8,2,8,3,6,5,8
21446,1,7,6,2,0,8,0,9,5,6,5
21447,7,1,0,3,4,6,1,5,7,3,4
21448,9,2,7,5,7,7,5,7,2,0,8
21449,8,2,7,5,9,7,8,4,6,9,8
21450,6,5,2,7,1,5,9,2,3,2,9
21451,6,5,2,7,1,5,9,2,3,2,9
21452,5,8,3,1,6,0,7,0,4,4,7
21453,6,1,2,7,1,5,9,2,3,2,9
21454,7,6,0,8,4,6,1,5,0,3,4
21455,7,1,0,3,4,6,1,5,7,3,4
21456,8,2,5,5,9,9,8,4,6,9,8
21457,7,6,0,8,4,6,1,5,0,3,4
21458,7,1,0,3,4,6,1,5,7,3,4
21459,8,2,5,5,9,9,8,4,6,9,2
21460,1,7,6,2,0,8,0,9,5,6,5
21461,4,5,8,9,3,4,3,3,8,7,0
21462,8,2,5,5,9,9,8,4,6,9,2
21463,8,2,5,5,9,9,8,4,6,9,2
21464,8,4,5,0,2,9,4,4,6,8,2
21465,1,7,6,2,0,8,0,9,5,6,5
21466,1,7,6,2,0,8,0,9,5,6,5
21467,3,6,1,8,5,3,2,6,0,1,1
21468,1,7,6,2,0,8,0,9,5,6,5
21469,3,0,1,4,5,3,2,6,1,1,1
21470,9,9,9,2,7,1,5,7,2,0,5
21471,8,2,7,5,9,7,8,4,6,9,8
21472,5,8,3,1,6,0,7,1,4,4,7
21473,4,5,8,9,3,4,3,0,8,7,3
21474,1,7,6,2,0,8,0,9,5,6,5
21475,7,1,0,3,4,6,1,5,7,3,4
21476,1,7,6,2,0,8,0,9,5,6,5
21477,1,7,6,2,0,8,0,9,5,6,5
21478,8,2,5,5,9,9,8,4,6,9,8
21479,1,7,6,2,0,8,0,9,5,6,5
21480,5,8,3,1,6,0,7,1,4,4,7
21481,7,1,0,3,4,6,1,5,7,3,4
21482,0,4,5,0,2,9,4,4,6,8,2
21483,8,2,5,5,9,9,8,4,6,9,2
21484,0,4,7,0,2,7,4,1,4,8,0
21485,4,5,8,9,3,4,3,0,8,7,3
21486,2,3,4,6,8,2,6,8,9,5,6
21487,7,1,0,3,4,6,1,5,7,3,4
21488,4,5,8,9,3,4,3,0,8,7,7
21489,7,1,0,3,4,6,1,5,7,3,4
21490,0,4,7,0,2,7,4,4,6,8,0
21491,5,8,3,1,6,0,7,1,4,4,0
21492,1,7,6,2,0,8,0,9,5,6,5
21493,6,5,2,7,1,5,9,2,3,2,9
21494,7,3,0,6,4,6,1,8,9,3,4
21495,8,2,7,5,9,7,8,4,6,9,8
21496,7,1,0,3,4,6,1,5,7,3,4
21497,3,6,1,4,5,3,2,6,1,1,1
21498,1,7,6,2,0,8,0,9,5,6,5
21499,0,4,7,0,2,7,4,1,4,8,0
21500,0,4,7,0,2,7,4,1,4,8,0
21501,0,4,5,0,2,9,4,4,6,8,2
21502,9,9,9,2,7,1,5,7,2,0,5
21503,5,8,3,1,6,0,7,1,4,4,0
21504,6,9,2,7,1,5,9,2,3,2,9
21505,7,1,0,3,4,6,1,5,7,3,4
21506,3,6,1,8,5,3,2,6,0,1,1
21507,7,3,0,3,4,6,1,8,7,3,4
21508,3,0,1,4,5,3,2,6,1,1,1
21509,0,4,3,0,2,0,4,1,4,8,0
21510,0,4,7,0,2,7,4,4,6,8,0
21511,7,1,0,3,4,6,1,2,7,3,4
21512,2,3,4,6,8,2,6,8,9,5,6
21513,3,6,1,8,5,3,2,6,0,1,1
21514,0,4,5,0,2,9,4,1,4,8,2
21515,7,1,0,3,4,6,1,5,7,3,4
21516,0,4,7,0,2,7,4,4,6,8,0
21517,4,5,8,9,3,4,3,3,8,7,3
21518,8,2,5,5,9,9,8,4,6,9,2
21519,7,1,0,3,4,6,1,5,7,3,4
21520,2,3,4,6,8,2,6,8,9,5,6
21521,3,6,1,8,5,3,2,6,0,1,1
21522,6,5,2,7,1,5,9,2,3,2,9
21523,3,6,1,8,5,3,2,6,0,1,1
21524,7,1,0,3,4,6,1,5,7,3,4
21525,7,6,0,8,4,6,1,5,0,3,4
21526,3,6,1,8,5,3,2,6,0,1,1
21527,8,2,5,5,9,9,8,4,6,9,2
21528,2,3,4,6,8,2,6,8,9,5,6
21529,7,6,0,8,4,6,1,5,0,3,4
21530,2,3,4,6,8,2,6,8,9,5,6
21531,7,1,0,3,4,6,1,5,7,3,4
21532,7,1,0,3,4,6,1,5,7,3,4
21533,3,0,1,4,5,3,2,6,1,1,1
21534,3,6,1,8,5,3,2,6,0,1,1
21535,1,7,6,2,0,8,0,9,5,6,5
21536,6,5,2,7,1,5,9,2,3,2,9
21537,9,9,9,2,7,1,5,7,2,0,5
21538,4,5,8,9,3,4,3,0,8,7,3
21539,7,1,0,3,4,6,1,5,7,3,4
21540,5,8,3,1,6,0,7,1,4,4,7
21541,8,2,7,5,9,7,8,4,6,9,8
21542,3,6,1,8,5,3,2,6,0,1,1
21543,2,3,4,6,8,2,6,8,9,5,6
21544,7,1,0,3,4,6,1,8,7,3,4
21545,4,5,8,9,3,4,3,0,8,7,3
21546,3,6,1,8,5,3,2,6,0,1,1
21547,8,2,5,5,9,9,8,4,6,9,8
21548,7,1,0,3,4,6,1,5,7,3,4
21549,2,3,4,6,8,2,6,3,9,5,8
21550,7,1,0,3,4,6,1,5,7,3,4
21551,8,2,7,5,9,7,8,4,6,9,8
21552,1,7,6,2,0,8,0,9,5,6,5
21553,3,0,1,4,5,3,2,6,1,1,1
21554,9,9,9,2,7,1,5,7,2,0,5
21555,9,9,9,2,7,1,5,7,2,0,5
21556,2,3,4,6,8,2,6,8,9,5,6
21557,6,5,2,7,1,5,9,2,3,2,9
21558,7,1,0,3,4,6,1,5,7,3,4
21559,7,1,0,3,4,6,1,5,7,3,4
21560,3,6,1,8,5,3,2,6,0,1,1
21561,8,2,7,5,9,7,8,4,6,9,8
21562,0,4,7,0,2,7,4,4,6,8,0
21563,2,3,4,6,8,2,6,8,9,5,6
21564,4,5,8,9,3,4,3,0,8,7,3
21565,4,5,8,9,3,4,3,3,8,7,3
21566,3,1,1,3,5,3,2,6,7,1,1
21567,8,2,5,5,9,9,8,4,6,9,8
21568,1,7,6,2,0,8,0,9,5,6,5
21569,9,9,9,2,7,1,5,7,2,0,5
21570,7,1,0,3,4,6,1,5,7,3,4
21571,8,2,7,5,9,7,8,4,6,9,8
21572,9,9,9,2,7,1,5,7,2,0,5
21573,3,0,1,4,5,3,2,6,1,1,1
21574,1,7,6,2,0,8,0,9,5,6,5
21575,9,9,9,2,7,1,5,7,2,0,5
21576,2,3,4,6,8,2,6,8,9,5,6
21577,6,5,2,7,1,5,9,2,3,2,9
21578,2,3,4,6,8,2,6,8,9,5,5
21579,2,1,4,2,8,2,6,3,7,5,6
21580,7,1,0,3,4,6,1,5,7,3,4
21581,8,2,7,5,9,7,8,4,6,9,8
21582,7,1,0,3,4,6,1,5,7,3,4
21583,2,3,4,6,8,2,6,3,9,5,6
21584,7,1,0,3,4,6,1,5,7,3,4
21585,4,5,8,9,3,4,3,0,8,7,3
21586,3,6,1,8,5,3,2,6,0,1,1
21587,8,2,5,5,9,9,8,4,6,9,8
21588,0,4,7,0,2,7,4,1,4,8,0
21589,9,9,9,2,7,1,5,7,2,0,5
21590,0,4,7,0,2,7,4,4,6,8,0
21591,8,2,7,5,9,7,8,4,6,9,8
21592,0,4,7,0,2,7,4,9,5,8,0
21593,2,3,4,6,8,2,6,8,9,5,6
21594,1,7,6,2,0,8,0,9,5,6,5
21595,0,4,7,0,2,7,4,4,6,8,0
21596,7,1,0,3,4,6,1,5,7,3,4
21597,6,5,2,7,1,5,9,2,3,2,9
21598,0,7,6,2,2,8,4,9,5,8,5
21599,4,5,8,9,3,4,3,0,8,7,3
21600,3,6,1,8,5,3,2,6,0,1,1
21601,9,5,9,9,7,1,5,3,2,0,3
21602,2,0,4,4,8,2,6,3,1,5,6
21603,8,2,5,5,9,9,8,4,6,9,8
21604,7,1,0,3,4,6,1,5,7,3,4
21605,4,5,8,9,3,4,3,3,8,7,3
21606,0,4,6,0,2,8,4,9,5,8,0
21607,7,1,0,3,4,6,1,5,7,3,4
21608,3,6,1,8,5,3,2,6,0,1,1
21609,2,1,4,3,8,2,6,5,7,5,6
21610,7,1,0,3,4,6,1,5,7,3,4
21611,8,2,7,5,9,7,8,4,6,9,8
21612,3,0,1,4,5,3,2,6,1,1,1
21613,9,9,9,6,7,1,5,7,2,0,6
21614,3,6,1,8,5,3,2,6,0,1,1
21615,6,5,2,7,1,5,9,2,3,2,9
21616,5,8,3,1,6,0,7,1,4,4,7
21617,4,5,8,9,3,4,3,0,8,7,3
21618,1,7,6,2,0,8,0,9,5,6,5
21619,8,2,7,5,9,7,8,4,6,9,0
21620,3,6,1,8,5,3,2,6,0,1,1
21621,8,2,5,5,9,9,8,4,6,9,8
21622,7,1,0,3,4,6,1,5,7,3,4
21623,6,5,2,7,1,5,9,2,3,2,9
21624,8,2,5,5,9,9,8,4,6,9,2
21625,7,1,0,3,4,6,1,5,7,3,4
21626,7,1,0,3,4,6,1,5,7,3,4
21627,8,2,7,5,9,7,8,4,6,9,8
21628,3,0,1,4,5,3,2,6,1,1,1
21629,2,3,4,6,8,2,6,3,9,5,6
21630,6,1,2,7,1,5,9,2,3,2,9
21631,8,2,7,5,9,7,8,4,6,9,8
21632,2,3,4,6,8,2,6,3,9,5,6
21633,6,5,2,7,1,5,9,2,3,2,9
21634,9,9,9,2,7,1,5,7,2,0,5
21635,3,0,1,4,5,3,2,6,1,1,1
21636,4,5,8,9,3,4,3,3,8,7,3
21637,7,1,0,3,4,6,1,5,7,3,4
21638,9,9,9,2,7,1,5,7,2,0,5
21639,8,2,7,5,9,7,8,4,6,9,8
21640,4,5,8,9,3,4,3,3,8,7,3
21641,8,2,5,5,9,9,8,4,6,9,8
21642,1,7,6,2,0,8,0,9,5,6,0
21643,7,1,0,3,4,6,1,5,7,3,4
21644,5,8,3,1,6,0,7,1,4,4,7
21645,8,2,7,5,9,7,8,4,6,9,8
21646,5,8,3,1,6,0,7,1,4,4,7
21647,7,1,0,3,4,6,1,5,7,3,4
21648,5,8,3,1,6,0,7,1,4,4,7
21649,2,3,4,6,8,2,6,8,9,5,6
21650,5,8,3,1,6,0,7,1,4,4,7
21651,8,2,5,5,9,9,8,4,6,9,8
21652,1,7,6,2,0,8,0,9,5,6,5
21653,8,2,7,5,9,7,8,4,6,9,0
21654,7,1,0,3,4,6,1,5,7,3,4
21655,8,2,7,5,9,7,8,4,6,9,8
21656,7,9,0,2,4,6,1,8,7,3,5
21657,8,2,7,5,9,7,8,4,6,9,8
21658,4,0,8,4,3,4,3,3,1,7,3
21659,2,3,9,2,8,1,5,7,2,5,5
21660,1,7,6,2,0,8,0,9,5,6,5
21661,2,3,4,6,8,2,6,8,9,5,6
21662,0,8,3,0,2,0,4,1,4,8,2
21663,9,9,9,6,7,1,5,7,2,0,8
21664,5,8,3,1,6,0,7,1,4,4,0
21665,6,5,2,7,1,5,9,2,3,2,9
21666,8,2,7,5,9,7,8,4,6,9,8
21667,4,5,8,9,3,4,3,0,8,7,3
21668,7,1,0,3,4,6,1,5,7,3,4
21669,8,2,7,5,9,7,8,4,6,9,8
21670,9,9,9,2,7,1,5,7,2,0,5
21671,2,3,4,6,8,2,6,8,9,5,6
21672,8,2,5,5,9,9,8,4,6,9,2
21673,1,7,6,2,0,8,0,9,5,6,5
21674,6,5,2,7,1,5,9,2,3,2,9
21675,4,5,8,9,3,4,3,0,8,7,3
21676,1,7,6,2,0,8,0,3,5,6,5
21677,7,1,0,3,4,6,1,8,7,3,4
21678,7,1,0,3,4,6,1,5,7,3,4
21679,8,2,5,5,9,9,8,4,6,9,8
21680,1,7,6,2,0,8,0,9,5,6,5
21681,3,0,1,4,5,3,2,6,1,1,1
21682,1,7,6,2,0,8,0,9,5,6,5
21683,6,5,2,7,1,5,9,2,3,2,9
21684,1,7,6,2,0,8,0,9,5,6,5
21685,7,1,0,3,4,6,1,5,7,3,4
21686,5,8,3,1,6,0,7,0,8,4,7
21687,1,7,6,2,0,8,0,9,5,6,5
21688,2,3,4,6,8,2,6,8,9,5,6
21689,7,1,0,3,4,6,1,5,7,3,4
21690,7,1,0,8,4,6,1,5,7,3,4
21691,6,5,2,7,1,5,9,2,3,2,9
21692,7,1,0,3,4,6,1,5,7,3,4
21693,8,2,5,5,9,9,8,4,6,9,8
21694,7,3,0,6,4,6,1,8,9,3,4
21695,2,3,4,6,8,2,6,8,9,5,6
21696,4,5,8,9,3,4,3,0,8,7,3
21697,9,9,9,2,7,1,5,7,2,0,5
21698,9,9,9,2,7,1,5,7,2,0,5
21699,9,9,9,2,7,1,5,7,2,0,5
21700,5,8,3,1,6,0,7,1,4,4,7
21701,8,2,7,5,9,7,8,4,6,9,8
21702,1,7,6,2,0,8,0,9,5,6,5
21703,3,0,1,4,5,3,2,6,1,1,1
21704,5,8,3,1,6,0,7,1,4,4,2
21705,2,3,4,6,8,2,6,8,9,5,6
21706,5,8,3,1,6,0,7,1,4,4,7
21707,0,4,4,0,2,2,4,8,9,8,0
21708,7,1,0,3,4,6,1,5,7,3,4
21709,9,9,9,2,7,1,5,7,2,0,5
21710,0,4,3,0,2,0,4,1,4,8,0
21711,2,3,4,6,8,2,6,8,9,5,6
21712,4,5,8,9,3,4,3,3,8,7,3
21713,6,5,2,7,1,5,9,2,3,2,9
21714,0,4,3,0,2,0,4,1,4,8,0
21715,1,7,6,2,0,8,0,9,5,6,5
21716,1,7,6,2,0,8,0,9,5,6,5
21717,7,1,0,3,4,6,1,5,7,3,4
21718,0,8,3,0,2,0,4,1,4,8,0
21719,8,2,5,5,9,9,8,4,6,9,8
21720,7,1,0,3,4,6,1,5,7,3,4
21721,3,0,1,4,5,3,2,6,1,1,1
21722,7,1,0,3,4,6,1,5,7,3,4
21723,8,2,9,5,9,1,8,4,2,9,8
21724,0,8,3,1,6,0,7,1,4,4,0
21725,8,2,5,5,9,9,8,4,6,9,8
21726,7,1,0,3,4,6,1,5,7,3,4
21727,6,5,2,7,1,5,9,2,3,2,9
21728,3,6,1,8,5,3,2,6,0,1,1
21729,8,2,7,5,9,7,8,4,6,9,8
21730,7,1,0,3,4,6,1,5,7,3,4
21731,8,2,7,5,9,7,8,4,6,9,8
21732,0,4,5,0,2,9,4,1,4,8,2
21733,9,9,9,2,7,1,5,7,2,0,5
21734,7,1,0,3,4,6,1,5,7,3,4
21735,3,0,1,4,5,3,2,6,1,1,1
21736,3,6,1,8,5,3,2,6,0,1,1
21737,9,9,9,2,7,1,5,7,2,0,5
21738,5,8,3,1,6,0,7,1,4,4,7
21739,2,2,7,5,8,7,8,4,6,9,8
21740,1,7,6,2,0,8,0,9,5,6,5
21741,9,9,9,2,7,1,5,7,2,0,5
21742,7,9,9,2,7,1,5,7,7,0,5
21743,8,4,7,0,2,7,4,4,6,8,0
21744,1,7,6,2,0,8,0,9,5,6,5
21745,9,9,9,2,7,1,5,3,2,0,5
21746,5,8,3,1,6,0,7,1,4,4,0
21747,3,0,1,4,5,3,2,6,1,1,1
21748,0,4,7,0,2,7,4,4,6,8,0
21749,2,3,4,6,8,2,6,5,9,5,6
21750,7,1,0,3,4,6,1,5,7,3,4
21751,9,9,9,2,7,1,5,7,2,0,5
21752,4,5,8,9,3,4,3,0,8,7,3
21753,4,5,8,9,3,4,3,3,8,7,3
21754,4,5,8,9,3,4,3,0,8,7,3
21755,4,5,8,9,3,4,3,0,8,7,3
21756,8,2,7,5,9,7,8,4,6,9,0
21757,8,2,7,5,9,7,8,4,6,9,8
21758,5,8,3,1,6,0,7,1,4,4,7
21759,3,6,1,4,5,3,2,6,0,1,1
21760,6,5,2,7,1,5,9,2,3,2,9
21761,9,9,9,5,7,1,5,7,2,0,8
21762,4,5,8,9,3,4,3,0,8,7,3
21763,4,5,8,9,3,4,3,3,8,7,3
21764,4,5,8,9,3,4,3,3,8,7,3
21765,9,9,9,2,7,1,5,7,2,0,5
21766,2,0,4,4,8,2,6,3,1,5,6
21767,9,9,9,2,7,1,5,7,2,0,5
21768,3,6,1,8,5,3,2,6,0,1,1
21769,3,6,1,8,5,3,2,6,0,1,1
21770,5,8,3,1,6,0,7,1,4,4,7
21771,1,7,6,2,0,8,0,9,5,6,5
21772,5,5,8,1,6,4,7,0,8,4,7
21773,6,5,2,7,1,5,9,2,3,2,9
21774,0,4,3,0,2,0,4,1,4,8,0
21775,7,1,0,3,4,6,1,5,7,3,4
21776,5,8,3,1,6,0,7,1,4,4,7
21777,0,4,3,0,2,0,4,1,4,8,0
21778,2,3,4,6,8,2,6,8,9,5,6
21779,7,1,0,3,4,6,1,5,7,3,4
21780,3,6,1,8,5,3,2,6,0,1,1
21781,4,5,8,9,3,4,3,0,8,7,3
21782,2,3,4,6,8,2,6,8,9,5,6
21783,0,4,5,0,2,9,4,4,6,8,2
21784,6,5,2,7,1,5,9,2,3,2,9
21785,2,3,4,6,8,2,6,8,9,5,6
21786,8,2,7,5,9,7,8,4,6,9,8
21787,0,4,3,0,2,0,4,1,4,8,0
21788,6,5,2,7,1,5,9,2,3,2,9
21789,3,6,1,8,5,3,2,6,0,1,1
21790,0,4,5,0,2,9,4,4,6,8,2
21791,1,7,6,2,0,8,0,9,5,6,5
21792,5,8,3,1,6,0,7,1,4,4,7
21793,6,5,2,7,1,5,9,2,3,2,9
21794,1,7,6,2,0,8,0,9,5,6,5
21795,7,1,0,3,4,6,1,5,7,3,4
21796,6,5,2,7,1,5,9,2,3,2,9
21797,5,8,3,1,6,0,7,1,4,4,7
21798,6,5,2,7,1,5,9,2,3,2,9
21799,7,1,0,3,4,6,1,5,7,3,4
21800,3,0,1,4,5,3,2,6,1,1,1
21801,4,5,8,9,3,4,3,0,8,7,3
21802,9,9,9,2,7,1,5,7,2,0,5
21803,0,4,5,0,2,9,4,4,6,8,2
21804,7,1,0,3,4,6,1,5,7,3,4
21805,7,1,0,3,4,6,1,8,7,3,6
21806,2,3,4,6,8,2,6,8,9,5,6
21807,0,4,3,0,2,0,4,1,4,8,0
21808,4,5,8,9,3,4,3,0,8,7,3
21809,3,6,1,8,5,3,2,6,0,1,1
21810,9,9,9,2,7,1,5,3,2,0,5
21811,1,7,6,2,0,8,0,9,5,6,5
21812,7,1,0,3,4,6,1,5,7,3,4
21813,6,5,2,7,1,5,9,2,3,2,9
21814,5,8,3,1,6,0,7,1,4,4,7
21815,7,1,0,3,4,6,1,5,7,3,4
21816,8,2,5,5,9,9,8,4,6,9,8
21817,5,8,3,1,6,0,7,1,4,4,7
21818,9,9,9,2,7,1,5,7,2,0,5
21819,7,1,0,3,4,6,1,5,7,3,4
21820,2,1,4,6,8,2,6,3,9,5,6
21821,4,5,8,9,3,4,3,0,8,7,3
21822,5,8,3,1,6,0,7,1,4,4,7
21823,0,4,5,0,2,9,4,4,6,8,2
21824,0,8,3,1,6,0,4,1,4,4,2
21825,2,3,4,6,8,2,6,8,9,5,6
21826,7,1,0,3,4,6,1,5,7,3,4
21827,0,4,7,0,2,7,4,1,4,8,0
21828,8,2,7,5,9,7,8,4,6,9,8
21829,1,7,6,2,0,8,0,9,5,6,5
21830,5,8,3,1,6,0,7,1,4,4,7
21831,7,1,0,3,4,6,1,5,7,3,4
21832,4,5,8,9,3,4,3,0,8,7,3
21833,7,1,0,3,4,6,1,5,7,3,4
21834,8,2,5,5,9,9,8,4,6,9,8
21835,0,4,3,0,2,0,4,1,4,8,0
21836,7,1,0,3,4,6,1,8,9,3,4
21837,0,8,3,0,2,0,4,1,4,8,0
21838,4,5,8,9,3,4,3,0,8,7,3
21839,9,9,9,2,7,1,5,7,2,0,5
21840,5,8,3,1,6,0,7,1,4,4,0
21841,0,4,5,0,2,9,4,4,6,8,2
21842,8,2,7,5,9,7,8,4,6,9,8
21843,0,4,5,0,2,9,4,4,6,8,2
21844,2,5,4,2,8,2,6,3,9,5,6
21845,6,5,2,7,1,5,9,2,3,2,9
21846,5,8,3,1,6,0,7,1,4,4,7
21847,1,7,6,2,0,8,0,9,5,6,5
21848,5,6,0,8,4,6,7,5,0,3,7
21849,0,4,3,0,2,0,4,1,4,8,0
21850,7,1,0,3,4,6,1,5,7,3,4
21851,7,1,0,7,4,6,1,2,3,3,4
21852,7,9,0,3,7,6,5,7,7,0,4
21853,7,1,0,3,4,6,1,5,7,3,4
21854,4,5,8,9,3,4,3,0,8,7,3
21855,2,3,4,6,8,2,6,8,9,5,6
21856,4,1,8,9,3,2,3,3,7,7,3
21857,6,5,2,7,1,5,9,2,3,2,9
21858,5,8,3,1,6,0,7,1,4,4,0
21859,0,4,3,0,2,0,4,1,4,8,0
21860,4,5,8,9,3,4,3,0,8,7,3
21861,7,1,0,3,4,6,1,5,7,3,4
21862,5,5,8,1,6,4,7,0,8,4,7
21863,2,3,4,6,8,2,6,8,9,5,6
21864,7,1,0,3,4,6,1,5,7,3,4
21865,2,3,4,6,8,2,6,8,9,5,6
21866,1,7,6,2,0,8,0,9,5,6,5
21867,0,4,7,0,2,7,4,1,4,8,0
21868,1,7,6,2,0,8,0,9,5,6,5
21869,0,8,3,1,2,0,4,1,4,4,0
21870,0,4,3,0,2,0,4,1,4,8,0
21871,8,4,5,5,9,9,8,4,6,9,2
21872,5,8,3,1,6,0,7,1,4,4,7
21873,2,3,4,6,8,2,6,8,9,5,6
21874,3,6,1,8,5,3,2,6,0,1,4
21875,5,8,3,1,6,0,7,1,4,4,0
21876,0,8,3,1,6,0,4,1,4,4,0
21877,7,1,0,3,4,6,1,5,7,3,4
21878,9,9,9,2,7,1,5,7,2,0,5
21879,0,4,3,0,2,0,4,1,4,8,0
21880,5,5,5,1,6,9,7,0,7,4,2
21881,6,5,2,7,1,5,9,2,3,2,9
21882,0,8,3,1,6,0,7,1,4,4,0
21883,7,1,0,3,4,6,1,5,7,3,4
21884,1,7,6,2,0,8,0,9,5,6,5
21885,8,4,5,0,2,9,4,4,6,8,2
21886,0,8,3,1,2,0,4,1,4,4,0
21887,5,8,3,1,6,0,7,1,4,4,0
21888,5,8,3,1,6,0,7,1,4,4,7
21889,1,7,6,2,0,8,0,9,5,6,5
21890,3,6,1,8,5,3,2,6,0,1,1
21891,6,5,2,7,1,5,9,2,3,2,9
21892,5,8,3,1,6,0,7,1,4,4,7
21893,7,1,0,3,4,6,1,5,7,3,4
21894,9,9,9,2,7,1,5,7,2,0,5
21895,2,3,4,6,8,2,6,8,9,5,6
21896,7,1,0,3,4,6,1,5,7,3,4
21897,0,8,3,1,6,0,4,1,4,4,0
21898,3,6,1,8,5,3,2,6,0,1,1
21899,1,7,6,2,0,8,0,9,5,6,5
21900,4,5,8,9,3,4,3,0,8,7,7
21901,4,5,8,9,3,4,3,0,8,7,3
21902,5,8,3,1,6,0,7,1,4,4,7
21903,3,6,1,8,5,3,2,6,0,1,1
21904,8,2,5,5,9,9,8,4,6,9,2
21905,1,7,6,2,0,8,0,9,5,6,5
21906,5,8,3,1,6,0,7,1,4,4,7
21907,3,6,1,8,5,3,2,6,0,1,1
21908,1,7,6,2,0,8,0,9,5,6,5
21909,3,6,1,8,5,3,2,6,0,1,1
21910,3,6,1,8,5,3,2,6,0,1,1
21911,6,5,2,7,1,5,9,2,3,2,9
21912,4,5,8,9,3,4,3,0,8,7,3
21913,7,3,4,6,4,6,1,8,9,3,6
21914,7,1,0,3,4,6,1,5,7,3,4
21915,0,4,5,0,2,9,4,4,6,8,2
21916,5,8,3,1,6,0,7,1,4,4,0
21917,6,5,2,7,1,5,9,2,3,2,9
21918,4,5,8,9,3,4,3,0,8,7,3
21919,7,1,0,3,4,6,1,5,7,3,4
21920,4,5,7,9,3,7,3,0,8,7,0
21921,1,7,6,2,0,8,0,9,5,6,5
21922,0,4,7,0,2,7,4,1,4,8,0
21923,1,7,6,2,0,8,0,9,5,6,5
21924,8,4,7,0,2,7,4,4,6,8,0
21925,7,1,0,3,4,6,1,5,7,3,4
21926,7,3,4,6,4,6,6,8,9,3,6
21927,2,0,4,6,8,2,6,3,9,5,6
21928,1,7,6,2,0,8,0,9,5,6,5
21929,4,5,8,9,3,4,3,0,8,7,3
21930,7,1,0,3,4,6,1,5,7,3,4
21931,5,8,3,1,6,0,7,1,4,4,7
21932,4,1,0,3,4,6,3,5,7,3,3
21933,3,6,1,8,5,3,2,6,0,1,1
21934,4,5,8,9,3,4,3,0,8,7,7
21935,5,8,3,1,6,0,7,1,4,4,7
21936,0,4,7,0,2,7,4,1,4,8,0
21937,0,4,5,0,2,9,4,4,6,8,2
21938,7,1,0,3,4,6,1,5,7,3,4
21939,7,1,0,3,4,6,1,5,7,3,4
21940,0,4,7,0,2,7,4,4,6,8,0
21941,4,5,8,9,3,4,3,0,8,7,3
21942,1,7,6,2,0,8,0,9,5,6,5
21943,2,3,4,6,8,2,6,8,9,5,6
21944,1,7,6,2,0,8,0,9,5,6,5
21945,3,6,1,8,5,3,2,6,0,1,1
21946,7,1,0,3,4,6,1,5,7,3,4
21947,2,1,4,3,8,2,6,3,7,5,6
21948,7,1,0,3,4,6,1,5,7,3,4
21949,0,4,5,0,2,9,4,1,4,8,2
21950,1,7,6,3,0,8,0,9,5,6,4
21951,5,8,3,1,6,0,7,1,4,4,7
21952,7,1,0,3,4,6,1,5,7,3,4
21953,3,6,1,8,5,3,2,6,0,1,1
21954,3,6,1,8,5,3,2,6,0,1,1
21955,4,5,8,9,3,4,3,0,8,7,7
21956,3,0,1,4,5,3,2,6,1,1,1
21957,0,4,3,0,2,0,4,1,4,8,0
21958,9,9,9,2,7,1,5,7,2,0,5
21959,6,5,2,7,1,5,9,2,3,2,9
21960,3,0,1,4,5,3,2,6,1,1,1
21961,4,5,8,9,3,4,3,0,8,7,3
21962,2,3,4,6,8,2,6,8,9,5,6
21963,7,1,0,3,4,6,1,5,7,3,4
21964,1,7,6,2,0,8,0,9,5,6,5
21965,2,3,4,6,8,2,6,8,9,5,6
21966,7,1,0,3,4,6,1,5,7,3,4
21967,4,5,8,9,3,4,3,0,8,7,3
21968,4,5,3,9,3,0,3,1,4,7,0
21969,5,8,3,1,6,0,7,1,4,4,7
21970,2,3,4,6,8,2,6,3,9,5,6
21971,3,6,1,8,5,3,2,6,0,1,1
21972,1,7,6,2,0,8,0,9,5,6,5
21973,0,4,7,0,2,7,4,1,4,8,0
21974,7,1,0,3,4,6,1,5,7,3,4
21975,3,6,1,8,5,3,2,6,0,1,1
21976,2,3,4,6,8,2,6,8,9,5,6
21977,4,5,8,9,3,4,3,0,8,7,3
21978,1,7,6,2,0,8,0,9,5,6,5
21979,9,9,9,2,7,1,5,7,2,0,5
21980,7,1,0,3,4,6,1,5,7,3,4
21981,0,4,7,0,2,7,4,4,6,8,0
21982,0,4,5,0,2,9,4,4,6,8,2
21983,4,5,8,9,3,4,3,0,8,7,7
21984,1,7,6,2,0,8,0,9,5,6,5
21985,3,6,1,8,5,3,2,6,0,1,1
21986,7,1,0,3,4,6,1,5,7,3,4
21987,0,4,3,0,2,0,4,1,4,8,0
21988,8,2,7,5,9,7,8,4,6,9,8
21989,2,3,4,6,8,2,6,8,9,5,6
21990,2,5,4,2,8,2,6,3,2,5,5
21991,1,7,6,2,0,8,0,9,5,6,5
21992,5,8,3,1,6,0,7,1,4,4,7
21993,7,1,0,3,4,6,1,5,7,3,4
21994,0,4,7,0,2,7,4,4,6,8,0
21995,4,5,8,9,3,4,3,0,8,7,3
21996,2,0,4,4,8,2,6,3,1,5,6
21997,0,4,7,0,2,7,4,1,4,8,0
21998,7,1,0,3,4,6,1,5,7,3,4
21999,0,4,7,0,2,7,4,4,6,8,0
22000,1,7,6,2,0,8,0,9,5,6,5
22001,2,3,4,6,8,2,6,8,9,5,6
22002,6,3,2,7,1,5,9,2,3,2,9
22003,7,1,0,3,4,6,1,5,7,3,4
22004,1,7,6,2,0,8,0,9,5,6,5
22005,0,4,5,0,2,9,4,1,4,8,2
22006,4,5,8,9,3,4,3,3,8,7,3
22007,8,2,5,5,9,9,8,4,6,9,2
22008,3,6,1,8,5,3,2,6,0,1,1
22009,4,5,8,9,3,4,3,0,8,7,3
22010,6,5,2,7,1,5,9,2,3,2,9
22011,7,1,0,3,4,6,1,5,7,3,4
22012,0,8,3,1,6,0,4,1,4,4,0
22013,3,6,1,8,5,3,2,6,0,1,1
22014,7,1,0,3,4,6,1,5,7,3,4
22015,7,1,0,3,4,6,1,5,7,3,4
22016,0,8,3,0,2,0,4,1,4,8,2
22017,4,5,8,9,3,4,3,0,8,7,3
22018,0,4,5,0,2,9,4,4,6,8,2
22019,6,5,2,7,1,5,9,2,3,2,9
22020,7,1,0,3,4,6,1,5,7,3,4
22021,4,5,8,9,3,4,3,0,8,7,7
22022,0,4,5,0,2,9,4,4,6,8,2
22023,3,6,1,8,5,3,2,6,0,1,1
22024,7,1,0,3,4,6,1,5,7,3,4
22025,1,7,6,2,0,8,0,9,5,6,5
22026,6,5,2,7,1,5,9,2,3,2,9
22027,6,5,2,7,1,5,9,2,3,2,9
22028,0,4,3,0,2,0,4,1,4,8,0
22029,7,1,0,3,4,6,1,5,7,3,4
22030,7,1,0,3,4,6,1,5,7,3,4
22031,5,8,3,1,6,0,7,1,4,4,7
22032,7,1,0,3,4,6,1,5,7,3,4
22033,7,1,0,3,4,6,1,5,7,3,4
22034,5,8,3,1,6,0,7,1,4,4,7
22035,5,5,8,1,6,4,7,0,8,4,7
22036,6,5,2,7,1,5,9,2,3,2,9
22037,5,8,3,1,6,0,7,1,4,4,7
22038,2,3,4,6,8,2,6,8,9,5,6
22039,7,1,0,3,4,6,1,5,7,3,4
22040,3,6,1,8,5,3,2,6,0,1,1
22041,5,8,3,1,6,0,7,1,4,4,7
22042,0,4,3,0,2,0,4,1,4,8,0
22043,3,6,1,8,5,3,2,6,0,1,1
22044,6,5,2,7,1,5,9,2,3,2,9
22045,1,7,6,2,0,8,0,9,5,6,5
22046,3,6,1,8,5,3,2,6,0,1,1
22047,6,5,2,7,1,5,9,2,3,2,9
22048,3,0,1,4,5,3,2,3,1,1,1
22049,7,1,0,3,4,6,1,5,7,3,4
22050,1,7,6,2,0,8,0,9,5,6,5
22051,5,8,3,1,6,0,7,1,4,4,7
22052,9,9,9,2,7,1,5,7,2,0,5
22053,7,6,0,8,4,6,1,5,0,3,4
22054,2,3,4,6,8,2,6,8,9,5,6
22055,5,5,8,9,3,4,3,0,8,7,7
22056,6,9,2,7,1,5,9,2,3,2,9
22057,5,8,3,1,6,0,7,1,4,4,7
22058,7,1,0,3,4,6,1,5,7,3,4
22059,7,3,0,3,4,6,1,8,9,3,4
22060,2,3,4,6,8,2,6,8,9,5,6
22061,5,8,3,1,6,0,7,1,4,4,7
22062,4,5,8,9,3,4,3,0,8,7,3
22063,3,6,1,8,5,3,2,6,0,1,1
22064,5,8,3,1,6,0,7,0,8,4,7
22065,1,7,6,2,0,8,0,9,5,6,5
22066,1,7,6,2,0,8,0,9,5,6,5
22067,6,5,2,7,1,5,9,2,3,2,9
22068,4,5,8,9,3,4,3,3,8,7,3
22069,7,1,0,3,4,6,1,5,7,3,4
22070,7,1,0,3,4,6,1,5,7,3,4
22071,5,8,3,1,6,0,7,1,4,4,7
22072,0,4,7,0,2,7,4,1,4,8,0
22073,7,1,0,3,4,6,1,5,7,3,4
22074,1,7,6,2,0,8,0,9,5,6,5
22075,5,5,8,1,6,4,7,0,8,4,7
22076,6,5,2,7,1,5,9,3,3,2,9
22077,0,4,3,0,2,0,4,1,4,8,2
22078,0,4,7,0,2,7,4,1,4,8,0
22079,7,1,0,3,4,6,1,5,7,3,4
22080,0,4,3,0,2,0,4,1,4,8,0
22081,5,8,3,1,6,0,7,1,4,4,7
22082,5,8,3,1,6,0,7,1,4,4,2
22083,7,1,0,3,4,6,1,5,7,3,4
22084,4,5,8,9,3,4,3,0,8,7,3
22085,5,8,3,1,6,0,7,1,4,4,7
22086,5,8,3,1,6,0,7,1,4,4,7
22087,1,7,6,2,0,8,0,9,5,6,5
22088,0,4,7,0,2,7,4,1,4,8,0
22089,7,1,0,3,4,6,1,5,7,3,4
22090,0,4,5,0,2,9,4,9,5,8,2
22091,6,5,2,7,1,5,9,2,3,2,7
22092,7,1,0,3,4,6,1,5,7,3,4
22093,1,7,6,2,0,8,0,9,5,6,5
22094,8,4,5,0,2,9,4,4,6,8,2
22095,1,7,6,2,0,8,0,9,5,6,5
22096,0,4,7,0,2,7,4,4,6,8,0
22097,5,8,3,1,6,0,7,1,4,4,7
22098,5,8,3,1,6,0,7,1,4,4,7
22099,7,1,0,3,4,6,1,5,7,3,4
22100,6,5,2,7,1,5,9,2,3,2,9
22101,7,1,0,3,4,6,1,5,7,3,4
22102,0,4,3,0,2,0,4,1,4,8,0
22103,7,1,0,3,4,6,1,5,7,3,4
22104,0,4,5,0,2,9,4,1,4,8,2
22105,5,8,3,1,6,0,7,1,4,4,7
22106,1,7,6,2,0,8,0,9,5,6,5
22107,4,5,8,9,3,4,3,0,8,7,3
22108,0,4,3,0,2,0,4,1,4,8,0
22109,5,8,3,1,6,0,7,1,4,4,7
22110,5,8,3,1,6,0,7,1,4,4,0
22111,3,6,1,8,5,3,2,6,0,1,1
22112,6,5,2,7,1,5,9,2,3,2,9
22113,7,1,0,3,4,6,1,5,7,3,4
22114,7,1,0,3,4,6,1,5,7,3,4
22115,6,5,2,7,1,5,9,2,3,2,9
22116,0,8,3,0,2,0,4,1,4,8,0
22117,5,8,3,1,6,0,7,1,4,4,7
22118,2,3,4,6,8,2,6,8,9,5,6
22119,7,1,0,3,4,6,1,5,7,3,4
22120,1,7,6,2,0,8,0,9,5,6,5
22121,5,5,8,8,6,4,7,0,0,4,7
22122,7,1,0,3,4,6,1,5,7,3,4
22123,7,1,0,3,4,6,1,5,7,3,4
22124,8,2,5,5,9,9,8,4,6,9,2
22125,5,8,3,1,6,0,7,1,4,4,7
22126,2,3,4,6,8,2,6,8,9,5,6
22127,5,8,3,1,6,0,7,1,4,4,7
22128,4,5,8,9,3,4,3,3,8,7,3
22129,5,8,3,1,6,0,7,1,4,4,2
22130,0,4,7,0,2,7,4,4,6,8,0
22131,5,8,3,1,6,0,7,1,4,4,7
22132,6,5,2,7,1,5,9,2,3,2,9
22133,7,1,0,3,4,6,1,5,7,3,4
22134,0,4,5,0,2,9,4,4,6,8,2
22135,1,7,6,2,0,8,0,9,5,6,5
22136,4,5,8,9,3,4,3,0,8,7,3
22137,1,7,6,2,0,8,0,9,5,6,5
22138,5,8,3,1,6,0,7,1,4,4,0
22139,3,1,1,3,5,3,2,6,7,1,1
22140,0,4,5,0,2,9,4,4,6,8,2
22141,7,1,0,3,4,6,1,5,7,3,4
22142,4,6,8,8,3,4,3,0,8,7,7
22143,3,6,1,8,5,3,2,6,0,1,1
22144,3,6,1,8,5,3,2,6,0,1,1
22145,5,5,8,1,6,4,7,0,8,4,7
22146,6,5,2,7,1,5,9,2,3,2,9
22147,7,1,0,3,4,6,1,5,7,3,4
22148,5,8,3,1,6,0,7,1,4,4,7
22149,7,1,0,3,4,6,1,5,7,3,4
22150,2,3,4,6,8,2,6,8,9,5,6
22151,7,1,0,3,4,6,1,5,7,3,4
22152,3,6,1,8,5,3,2,6,0,1,1
22153,1,7,6,2,0,8,0,9,5,6,5
22154,7,1,0,3,4,6,1,5,7,3,4
22155,7,1,0,3,4,6,1,5,7,3,4
22156,2,3,4,6,8,2,6,8,9,5,0
22157,5,5,8,1,6,4,7,0,8,4,7
22158,1,7,6,2,0,8,0,9,5,6,5
22159,3,6,1,8,5,3,2,6,0,1,1
22160,5,5,8,1,6,4,7,0,8,4,7
22161,5,8,3,1,6,0,7,1,4,4,7
22162,7,1,0,3,4,6,1,5,7,3,4
22163,7,1,0,3,4,6,1,5,7,3,4
22164,9,9,9,2,7,1,5,7,5,0,5
22165,5,8,3,1,6,0,7,1,4,4,7
22166,7,1,0,3,4,6,1,5,7,3,4
22167,5,8,3,1,6,0,7,1,4,4,7
22168,1,7,6,2,0,8,0,9,5,6,5
22169,7,1,0,3,4,6,1,5,7,3,4
22170,1,7,6,2,0,8,0,9,5,6,5
22171,5,8,3,1,6,0,7,1,4,4,2
22172,1,7,6,2,0,8,0,9,5,6,5
22173,1,7,6,2,0,8,0,9,5,6,5
22174,0,4,7,0,2,7,4,4,6,8,0
22175,7,1,0,3,4,6,1,5,7,3,4
22176,0,4,7,0,2,7,4,1,4,8,0
22177,7,1,0,3,4,6,1,5,7,3,4
22178,5,5,8,1,6,4,7,0,8,4,7
22179,1,7,6,2,0,8,0,9,5,6,5
22180,5,8,3,1,6,0,7,1,4,4,0
22181,0,4,3,0,2,0,4,1,4,8,2
22182,1,7,6,2,0,8,0,9,5,6,5
22183,5,8,3,1,6,0,7,1,4,4,7
22184,6,5,2,7,1,5,9,2,3,2,9
22185,7,1,0,3,4,6,1,5,7,3,4
22186,2,3,4,6,8,2,6,8,9,5,6
22187,6,5,2,7,1,5,9,2,3,2,9
22188,6,5,2,7,1,5,9,2,3,2,9
22189,5,8,3,1,6,0,7,1,4,4,7
22190,4,5,8,9,3,4,3,3,8,7,3
22191,5,5,8,1,6,4,7,0,8,4,7
22192,1,7,6,2,0,8,0,9,5,6,5
22193,7,1,0,3,4,6,1,5,7,3,4
22194,7,1,0,3,4,6,1,5,7,3,4
22195,5,8,3,1,6,0,7,1,4,4,7
22196,3,0,1,4,5,3,2,6,1,1,1
22197,5,8,3,1,6,0,7,1,4,4,7
22198,9,9,9,2,7,1,5,5,2,0,5
22199,7,1,0,3,4,6,1,5,7,3,4
22200,5,8,3,1,6,0,7,1,4,4,7
22201,7,1,0,3,4,6,1,5,7,3,4
22202,3,6,1,8,5,3,2,6,0,1,1
22203,6,5,2,7,1,5,9,2,3,2,9
22204,7,3,0,6,4,6,1,8,9,3,6
22205,7,1,0,3,4,6,1,5,7,3,4
22206,7,1,0,3,4,6,1,5,7,3,4
22207,1,7,6,2,0,8,0,9,5,6,5
22208,3,6,1,8,5,3,2,6,0,1,1
22209,3,6,1,8,5,3,2,6,0,1,1
22210,7,1,0,3,4,6,1,3,7,3,4
22211,7,1,0,3,4,6,1,5,7,3,4
22212,9,9,9,2,7,1,5,7,2,0,5
22213,3,6,1,8,5,3,2,6,0,1,1
22214,1,7,6,2,0,8,0,9,5,6,5
22215,5,5,8,1,6,4,7,0,8,4,7
22216,5,8,3,1,6,0,7,1,4,4,7
22217,7,1,0,3,4,6,1,5,7,3,4
22218,7,1,0,3,4,6,1,5,7,3,4
22219,7,1,0,3,4,6,1,5,7,3,4
22220,0,4,5,0,2,9,4,4,6,8,2
22221,4,5,8,9,3,4,3,0,8,7,3
22222,1,7,6,2,0,8,0,9,5,6,5
22223,5,8,3,1,6,0,7,1,4,4,0
22224,3,6,1,8,5,3,2,6,0,1,1
22225,3,6,1,8,5,3,2,6,0,1,1
22226,6,5,2,7,1,5,9,2,3,2,9
22227,9,9,9,2,7,1,5,7,2,0,5
22228,0,4,5,0,2,9,4,4,6,8,2
22229,1,7,6,2,0,8,0,9,5,6,5
22230,5,8,3,1,6,0,7,1,4,4,0
22231,7,1,0,3,4,6,1,5,7,3,4
22232,7,1,0,3,4,6,1,5,7,3,4
22233,0,4,7,0,2,7,4,1,6,8,0
22234,7,1,0,2,4,6,1,5,7,3,5
22235,2,3,4,6,8,2,6,3,9,5,6
22236,6,5,2,7,1,5,9,2,3,2,9
22237,4,5,8,9,3,4,3,0,8,7,3
22238,7,1,0,3,4,6,1,5,7,3,4
22239,8,2,5,5,9,9,8,4,6,9,8
22240,2,3,4,6,8,2,6,3,9,5,6
22241,0,4,7,0,2,7,4,8,9,8,0
22242,0,4,3,0,2,0,4,1,4,8,0
22243,1,7,6,2,0,8,0,9,5,6,5
22244,1,7,6,2,0,8,0,3,5,6,5
22245,3,0,1,4,5,3,2,6,1,1,1
22246,0,8,3,0,2,0,4,1,4,8,0
22247,9,9,9,2,7,1,5,7,2,0,5
22248,9,9,9,2,7,1,5,7,2,0,5
22249,5,5,3,1,6,0,7,1,4,4,7
22250,0,4,3,0,2,0,4,1,4,8,2
22251,7,1,0,3,4,6,1,5,7,3,4
22252,6,5,2,7,1,5,9,2,3,2,9
22253,8,2,7,5,9,7,8,4,6,9,8
22254,3,6,1,8,5,3,2,6,0,1,1
22255,2,3,4,6,8,2,6,3,9,5,6
22256,0,4,3,0,2,0,4,1,4,8,0
22257,4,5,8,9,3,4,3,3,8,7,3
22258,4,5,8,8,3,4,3,0,8,7,7
22259,8,2,7,5,9,7,8,4,6,9,8
22260,4,5,8,9,3,4,3,3,8,7,3
22261,2,3,4,6,8,2,6,8,9,5,6
22262,5,8,3,1,6,0,7,1,4,4,7
22263,8,2,7,5,9,7,8,4,6,9,8
22264,7,1,0,3,4,6,1,5,7,3,4
22265,3,0,1,4,5,3,2,6,1,1,1
22266,2,3,4,6,8,2,6,8,9,5,6
22267,9,9,9,2,7,1,5,7,2,0,5
22268,2,3,4,6,8,2,6,8,9,5,6
22269,5,5,2,1,6,5,7,2,3,4,7
22270,0,4,3,0,2,0,4,1,4,8,0
22271,2,1,4,3,8,2,6,5,7,5,6
22272,5,8,3,1,6,0,7,1,4,4,0
22273,8,2,7,5,9,7,8,4,6,9,8
22274,2,3,4,6,8,2,6,8,9,5,6
22275,9,9,9,2,7,1,5,3,2,0,5
22276,5,8,3,1,6,0,7,1,4,4,7
22277,4,5,8,9,3,4,3,3,8,7,3
22278,9,9,9,2,7,1,5,7,2,0,5
22279,8,2,9,5,9,1,8,4,2,9,8
22280,7,1,0,3,4,6,1,5,7,3,4
22281,2,3,4,6,8,2,6,8,9,5,6
22282,4,5,8,9,3,4,3,0,8,7,3
22283,9,9,9,2,7,1,5,7,2,0,5
22284,1,7,6,2,0,8,0,9,5,6,5
22285,8,2,7,5,9,7,8,4,6,9,8
22286,2,3,4,6,8,2,6,8,9,5,6
22287,8,2,5,5,9,9,8,4,6,9,8
22288,3,6,1,8,5,3,2,6,0,1,1
22289,2,3,4,6,8,2,6,8,9,5,6
22290,2,3,4,6,8,2,6,8,9,5,6
22291,4,5,8,9,3,4,3,3,8,7,3
22292,7,1,0,3,4,6,1,5,7,3,4
22293,2,3,4,6,8,2,6,8,9,5,6
22294,3,6,1,8,5,3,2,6,0,1,1
22295,0,4,7,0,2,7,4,4,6,8,0
22296,0,4,3,0,2,0,4,1,4,8,0
22297,3,0,1,4,5,3,2,6,1,1,1
22298,4,5,8,9,3,4,3,0,8,7,3
22299,8,2,7,5,9,7,8,4,6,9,8
22300,8,2,5,5,9,9,8,4,6,9,8
22301,8,2,5,5,9,9,8,4,6,9,8
22302,2,7,6,6,8,8,6,9,5,5,6
22303,9,9,9,2,7,1,5,7,2,0,5
22304,7,1,0,3,4,6,1,5,7,3,4
22305,8,2,7,5,9,7,8,4,6,9,8
22306,3,6,1,8,5,3,2,6,0,1,1
22307,7,1,0,3,4,6,1,5,7,3,4
22308,7,1,0,3,4,6,1,5,7,3,4
22309,0,3,7,6,2,7,4,8,9,8,0
22310,5,8,3,1,6,0,7,1,4,4,0
22311,0,4,7,0,2,7,4,1,4,8,0
22312,0,4,3,0,2,0,4,1,4,8,0
22313,8,2,5,5,9,9,8,4,6,9,8
22314,8,2,5,5,9,9,8,4,6,9,8
22315,2,3,4,6,8,2,6,8,9,5,6
22316,9,9,9,2,7,1,5,7,2,0,8
22317,3,0,1,4,5,3,2,6,1,1,1
22318,7,1,0,3,4,6,1,5,7,3,4
22319,8,2,7,5,9,7,8,4,6,9,8
22320,9,9,9,2,7,1,5,7,2,0,5
22321,0,4,7,0,2,7,4,4,6,8,0
22322,7,1,0,3,4,6,1,5,7,3,4
22323,4,5,8,9,3,4,3,0,8,7,3
22324,2,3,4,6,8,2,6,8,9,5,6
22325,9,9,9,2,7,1,5,7,2,0,5
22326,8,2,5,5,9,9,8,4,6,9,2
22327,0,4,7,0,2,7,4,4,6,8,0
22328,1,7,6,2,0,8,0,9,5,6,5
22329,2,3,4,6,8,2,6,3,9,5,6
22330,1,7,6,2,0,8,0,9,5,6,5
22331,8,2,7,5,9,7,8,4,6,9,8
22332,0,4,7,0,2,7,4,1,4,8,0
22333,4,5,8,9,3,4,3,3,8,7,3
22334,0,4,3,0,2,0,4,1,4,8,0
22335,6,5,2,7,1,5,9,2,3,2,9
22336,5,8,3,1,6,0,7,1,4,4,7
22337,3,0,1,4,5,3,2,6,1,1,1
22338,0,4,3,0,2,0,4,1,4,8,0
22339,4,5,8,9,3,4,3,0,8,7,3
22340,5,8,3,1,6,0,7,1,4,4,7
22341,6,5,2,7,1,5,9,2,3,2,9
22342,8,2,5,5,9,9,8,4,6,9,2
22343,1,7,6,2,0,8,0,9,5,6,5
22344,3,0,1,4,5,3,2,6,1,1,1
22345,9,9,9,2,7,1,5,7,2,0,5
22346,8,2,5,5,9,9,8,4,6,9,8
22347,9,9,9,2,7,1,5,7,2,0,5
22348,0,4,5,0,2,9,4,4,6,8,2
22349,9,9,9,2,7,1,5,7,2,0,5
22350,0,4,5,0,2,9,4,4,6,8,2
22351,8,2,5,5,9,9,8,4,6,9,8
22352,3,6,1,8,5,3,2,6,0,1,1
22353,4,5,8,9,3,4,3,0,8,7,3
22354,7,1,0,3,4,6,1,5,7,3,4
22355,8,2,7,5,9,7,8,4,6,9,8
22356,6,5,2,7,1,5,9,2,3,2,9
22357,6,5,2,7,1,5,9,2,3,2,9
22358,1,5,6,2,0,8,0,9,8,6,5
22359,8,2,7,5,9,7,8,4,6,9,8
22360,4,5,8,9,3,4,3,0,8,7,3
22361,0,4,7,0,2,7,4,4,6,8,0
22362,5,6,0,8,6,6,7,6,0,4,7
22363,2,3,4,6,8,2,6,3,9,5,6
22364,3,6,1,8,5,3,2,6,0,1,1
22365,2,3,4,6,8,2,6,8,9,5,6
22366,7,1,0,3,4,6,1,5,7,3,4
22367,8,2,7,5,9,7,8,4,6,9,8
22368,6,5,2,7,1,5,9,2,3,2,9
22369,6,5,2,7,1,5,9,2,3,2,9
22370,1,7,6,2,0,8,0,9,5,6,5
22371,8,2,5,5,9,9,8,4,6,9,8
22372,0,4,7,0,2,7,4,4,6,8,0
22373,3,0,1,4,5,3,2,3,1,1,1
22374,7,1,0,3,4,6,1,5,7,3,4
22375,3,0,1,4,5,3,2,6,1,1,1
22376,1,7,6,2,0,8,0,9,5,6,5
22377,8,2,7,5,9,9,8,4,6,9,8
22378,3,6,1,8,5,3,2,6,0,1,1
22379,2,3,4,6,8,2,6,3,9,5,6
22380,2,3,4,6,8,2,6,3,9,5,6
22381,8,2,5,5,9,9,8,4,6,9,8
22382,2,1,4,3,8,2,6,5,9,5,6
22383,4,5,8,9,3,4,3,3,8,7,3
22384,4,5,8,9,3,4,3,0,8,7,3
22385,4,5,8,9,3,4,3,3,8,7,3
22386,6,5,2,7,1,5,9,2,3,2,9
22387,4,5,8,9,3,4,3,3,8,7,3
22388,5,8,3,1,6,0,7,1,4,4,7
22389,2,3,4,6,8,2,6,8,9,5,6
22390,5,8,3,1,6,0,7,1,4,4,7
22391,6,5,2,2,1,5,9,2,3,2,5
22392,8,2,5,5,9,9,8,4,6,9,2
22393,2,3,4,6,8,2,6,3,9,5,6
22394,5,8,3,1,6,0,7,1,4,4,0
22395,6,5,2,7,1,5,9,2,3,2,9
22396,7,1,0,3,4,6,1,5,7,3,4
22397,6,5,2,7,1,5,9,2,3,2,9
22398,1,7,6,2,0,8,0,9,5,6,5
22399,8,2,5,5,9,9,8,4,6,9,8
22400,8,2,7,5,9,7,8,4,6,9,8
22401,8,2,5,5,9,9,8,4,6,9,2
22402,5,8,3,1,6,0,7,1,4,4,7
22403,8,2,7,5,9,7,8,4,6,9,8
22404,0,4,5,0,2,9,4,8,9,8,0
22405,3,0,1,4,5,3,2,3,1,1,1
22406,0,4,3,0,2,0,4,1,4,8,0
22407,6,5,2,7,1,5,9,2,3,2,9
22408,7,1,0,3,4,6,1,5,7,3,4
22409,8,2,7,5,9,7,8,4,6,9,8
22410,1,7,6,2,0,8,0,9,5,6,5
22411,6,5,2,2,1,5,9,2,3,2,5
22412,1,7,6,2,0,8,0,9,5,6,5
22413,2,3,4,6,8,2,6,3,9,5,6
22414,9,9,9,2,7,1,5,7,2,0,5
22415,2,0,4,4,8,2,6,3,1,5,6
22416,0,4,5,0,2,9,4,1,4,8,2
22417,7,1,0,3,4,6,1,5,7,3,4
22418,1,7,6,2,0,8,0,9,5,6,5
22419,9,9,9,2,7,1,5,7,2,0,5
22420,8,2,5,5,9,9,8,4,6,9,8
22421,2,3,4,6,8,2,6,8,9,5,6
22422,4,5,8,9,3,4,3,0,8,7,3
22423,9,9,9,5,7,1,5,7,2,0,8
22424,4,5,8,9,3,4,3,0,8,7,3
22425,4,5,8,9,3,4,3,3,8,7,3
22426,7,1,0,3,4,6,1,5,7,3,4
22427,9,9,9,2,7,1,5,7,2,0,5
22428,2,3,4,6,8,2,6,8,9,5,6
22429,3,0,1,4,5,3,2,6,1,1,1
22430,3,6,1,8,5,3,2,6,0,1,1
22431,9,9,9,2,7,1,5,3,2,0,8
22432,4,5,8,9,3,4,3,3,8,7,7
22433,8,2,7,5,9,7,8,4,6,9,8
22434,8,2,7,5,9,7,8,4,6,9,0
22435,9,5,9,2,7,1,5,3,2,0,3
22436,3,0,1,4,5,3,2,3,1,1,1
22437,8,2,9,5,9,1,8,7,2,9,8
22438,0,4,7,0,2,7,4,4,6,8,0
22439,2,3,4,6,8,2,6,8,9,5,6
22440,3,6,1,8,5,3,2,6,0,1,1
22441,3,0,1,4,5,3,2,6,1,1,1
22442,5,8,3,1,6,0,7,1,4,4,7
22443,7,1,0,3,4,6,1,5,7,3,4
22444,3,6,1,8,5,3,2,6,0,1,1
22445,3,0,1,4,5,3,2,6,1,1,1
22446,6,5,2,7,1,5,9,2,3,2,9
22447,8,2,7,5,9,7,8,4,6,9,8
22448,4,5,8,9,3,4,3,3,8,7,3
22449,4,5,8,2,3,4,3,3,8,7,3
22450,8,2,7,5,9,7,8,4,6,9,8
22451,7,1,0,3,4,6,1,5,7,3,4
22452,1,7,6,2,0,8,0,9,5,6,5
22453,2,0,4,4,8,2,6,3,1,5,6
22454,8,2,5,5,9,9,8,4,6,9,8
22455,9,9,9,2,7,1,5,7,2,0,5
22456,5,8,3,1,6,0,7,1,4,4,7
22457,6,3,2,7,1,5,9,2,3,2,9
22458,1,7,6,2,0,8,0,9,5,6,5
22459,2,3,4,6,8,2,6,8,9,5,6
22460,7,1,0,3,4,6,1,5,7,3,4
22461,8,2,7,5,9,7,8,4,6,9,8
22462,1,7,9,2,0,1,0,7,5,6,5
22463,9,9,9,2,7,1,5,3,2,0,8
22464,9,9,9,2,7,1,5,7,2,0,5
22465,2,0,4,4,8,2,6,3,1,5,8
22466,1,7,6,2,0,8,0,9,5,6,5
22467,8,2,5,5,9,9,8,4,6,9,8
22468,7,1,0,3,4,6,1,5,7,3,0
22469,2,3,4,6,8,2,6,8,9,5,6
22470,7,1,0,3,4,6,1,5,7,3,4
22471,8,2,7,5,9,7,8,4,6,9,8
22472,0,4,3,0,2,0,4,1,4,8,0
22473,3,0,1,4,5,3,2,6,1,1,1
22474,1,7,6,2,0,8,0,9,5,6,5
22475,9,9,9,2,7,1,5,7,2,0,5
22476,9,9,9,2,7,1,5,7,2,0,5
22477,2,3,4,6,8,2,6,8,9,5,6
22478,1,7,6,2,0,8,0,9,5,6,5
22479,8,2,7,5,9,7,8,4,6,9,8
22480,5,8,3,1,6,0,7,1,4,4,7
22481,9,9,9,5,7,1,5,7,2,0,8
22482,5,8,3,1,6,0,7,1,4,4,7
22483,2,5,4,6,8,2,6,3,9,5,6
22484,7,1,0,3,4,6,1,5,7,3,4
22485,8,2,7,5,9,7,8,4,6,9,8
22486,6,5,2,7,1,5,9,2,3,2,9
22487,3,0,1,4,5,3,2,3,1,1,1
22488,1,7,6,2,0,8,0,9,5,6,5
22489,9,9,9,2,7,1,5,7,2,0,5
22490,1,7,6,2,0,8,0,9,5,6,5
22491,2,2,4,6,8,2,6,3,9,5,8
22492,1,7,6,3,0,8,0,9,5,6,4
22493,2,3,4,6,8,2,6,8,9,5,6
22494,1,7,6,2,0,8,0,9,5,6,5
22495,9,2,7,5,9,7,8,7,2,9,8
22496,7,1,0,3,4,6,1,5,7,3,4
22497,9,9,9,2,7,1,5,7,2,0,5
22498,5,8,3,1,6,0,7,1,4,4,7
22499,2,5,4,6,8,2,6,3,9,5,8
22500,6,5,2,7,1,5,9,2,3,2,9
22501,8,2,7,5,9,7,8,4,6,9,8
22502,1,7,6,2,0,8,0,9,5,6,5
22503,8,2,7,5,9,7,8,4,6,9,8
22504,0,4,7,0,2,7,4,1,4,8,0
22505,9,2,9,5,7,1,5,7,2,0,8
22506,7,1,0,3,4,6,1,5,7,3,4
22507,2,5,4,6,8,2,6,3,9,5,8
22508,7,1,0,3,4,6,1,5,7,3,4
22509,9,9,9,2,7,1,5,3,2,0,8
22510,4,5,8,9,3,4,3,0,8,7,3
22511,3,0,1,4,5,3,2,6,1,1,1
22512,1,7,6,2,0,8,0,9,5,6,5
22513,9,9,9,5,7,1,5,7,2,0,8
22514,5,8,3,1,6,0,7,1,4,4,7
22515,8,2,9,5,9,1,8,7,2,9,8
22516,1,7,6,2,0,8,0,9,5,6,5
22517,4,1,8,9,3,4,3,5,8,7,3
22518,0,4,3,0,2,0,4,1,4,8,0
22519,8,2,5,5,9,9,8,4,6,9,8
22520,4,5,8,9,3,4,3,0,8,7,3
22521,8,2,5,5,9,9,8,4,6,9,8
22522,1,7,6,2,0,8,0,9,5,6,5
22523,8,2,7,5,9,7,8,4,6,9,8
22524,6,3,2,7,1,5,9,2,3,2,9
22525,4,5,7,5,3,7,3,3,8,7,8
22526,2,3,4,6,8,2,6,8,9,5,6
22527,8,2,5,5,9,9,8,4,6,9,8
22528,0,4,5,0,2,9,4,4,6,8,0
22529,4,5,8,9,3,4,3,0,8,7,3
22530,8,2,5,5,9,9,8,4,6,9,2
22531,9,9,9,2,7,1,5,7,2,0,8
22532,7,1,0,3,4,6,1,5,7,3,4
22533,9,9,9,2,7,1,5,7,2,0,5
22534,0,4,5,0,2,9,4,4,6,8,2
22535,8,2,7,5,9,7,8,4,6,9,8
22536,2,3,4,6,8,2,6,8,9,5,6
22537,8,2,7,5,9,7,8,4,6,9,8
22538,1,7,6,2,0,8,0,9,5,6,5
22539,8,2,5,5,9,9,8,4,6,9,8
22540,5,8,3,1,6,0,7,1,4,4,7
22541,9,2,9,5,7,1,5,3,2,0,8
22542,2,3,4,6,8,2,6,3,9,5,6
22543,4,5,8,9,3,4,3,3,8,7,3
22544,5,8,3,1,6,0,7,1,4,4,0
22545,9,9,9,2,7,1,5,7,2,0,5
22546,8,2,5,5,9,9,8,4,6,9,2
22547,8,2,7,5,9,7,8,3,6,9,8
22548,9,9,9,2,7,1,5,7,2,0,5
22549,8,2,7,5,9,7,8,4,6,9,8
22550,6,5,8,9,3,4,9,0,8,7,7
22551,2,3,4,6,8,2,6,8,9,5,6
22552,5,8,3,1,6,0,7,1,4,4,7
22553,8,2,7,5,9,7,8,4,6,9,8
22554,6,5,2,7,1,5,9,2,3,2,9
22555,9,9,9,2,7,1,5,7,2,0,5
22556,2,3,4,6,8,2,6,3,9,5,6
22557,2,3,4,6,8,2,6,8,9,5,6
22558,6,5,2,7,1,5,9,2,3,2,9
22559,6,5,2,7,1,5,9,3,3,2,8
22560,1,7,6,2,0,8,0,9,5,6,5
22561,9,9,9,6,7,1,5,3,2,0,6
22562,7,1,0,3,4,6,1,5,7,3,4
22563,8,2,7,5,9,7,8,4,6,9,8
22564,5,8,3,1,6,0,7,1,4,4,7
22565,8,2,7,5,9,7,8,4,6,9,8
22566,7,1,0,3,4,6,1,5,7,3,0
22567,2,3,4,6,8,2,6,8,9,5,6
22568,5,8,3,1,6,0,7,8,4,4,7
22569,2,3,4,6,8,2,6,8,9,5,6
22570,0,4,5,0,2,9,4,4,6,8,2
22571,9,9,9,2,7,1,5,3,2,0,8
22572,8,4,7,0,2,7,8,4,6,8,0
22573,6,3,2,7,1,5,9,2,3,2,9
22574,5,8,3,1,6,0,7,1,4,4,7
22575,2,3,4,6,8,2,6,8,9,5,6
22576,8,2,6,2,9,8,8,9,5,9,5
22577,8,2,5,5,9,9,8,4,6,9,8
22578,2,3,4,6,8,2,6,3,9,5,6
22579,2,0,4,4,8,2,6,3,1,5,6
22580,0,4,3,0,2,0,4,1,4,8,0
22581,8,2,7,5,9,7,8,3,6,9,8
22582,1,7,6,2,0,8,0,9,5,6,5
22583,3,0,1,4,5,3,2,6,1,1,1
22584,1,7,6,2,0,8,0,9,5,6,5
22585,2,3,4,6,8,2,6,8,9,5,6
22586,1,7,6,2,0,8,0,9,5,6,5
22587,6,3,2,7,1,5,9,2,3,2,9
22588,5,8,3,1,6,0,7,1,4,4,2
22589,3,0,1,4,8,2,2,3,1,5,1
22590,0,4,3,0,2,0,4,1,4,8,0
22591,2,3,4,6,8,2,6,8,9,5,6
22592,4,5,8,9,3,4,3,0,8,7,3
22593,9,9,9,5,7,1,5,7,2,0,8
22594,6,5,2,7,1,5,9,2,3,2,9
22595,8,2,7,5,9,7,8,3,6,9,8
22596,3,6,1,8,5,3,2,6,0,1,1
22597,9,9,9,2,7,1,5,7,2,0,8
22598,7,1,0,3,4,6,1,8,7,3,4
22599,9,9,9,2,7,1,5,7,2,0,5
22600,4,5,8,9,3,4,3,0,8,7,3
22601,3,0,1,4,5,3,2,6,1,1,1
22602,0,4,7,0,2,7,4,1,4,8,0
22603,3,0,1,4,5,3,2,3,1,1,1
22604,2,3,4,6,8,2,6,8,9,5,6
22605,3,0,1,4,5,3,2,3,1,1,1
22606,6,3,2,7,1,5,9,2,3,2,9
22607,9,9,9,2,7,1,5,7,2,0,8
22608,8,2,5,5,9,9,8,4,6,9,2
22609,9,9,9,2,7,1,5,3,2,0,5
22610,0,4,3,0,2,0,4,1,4,8,0
22611,6,5,2,7,1,5,9,2,3,2,9
22612,9,9,9,2,7,1,5,9,2,0,5
22613,9,9,9,5,7,1,5,7,2,0,8
22614,0,8,3,1,2,0,4,1,4,8,0
22615,9,5,2,7,1,5,9,3,2,2,9
22616,5,5,8,9,6,4,7,0,8,4,7
22617,2,3,4,6,8,2,6,8,9,5,6
22618,4,5,8,9,3,4,3,0,8,7,3
22619,2,3,4,6,8,2,6,8,9,5,6
22620,6,5,2,7,1,5,9,2,3,2,9
22621,9,9,9,2,7,1,5,7,2,0,5
22622,9,7,9,2,7,1,5,7,2,0,5
22623,2,3,4,6,8,2,6,8,9,5,6
22624,9,9,9,2,7,1,5,7,2,0,5
22625,6,9,2,7,1,5,9,2,3,2,9
22626,0,4,3,0,2,0,4,1,4,8,0
22627,9,9,9,2,7,1,5,7,2,0,5
22628,9,9,9,2,7,1,5,7,2,0,5
22629,3,0,1,4,5,3,2,6,1,1,1
22630,0,4,7,0,2,7,4,4,6,8,0
22631,2,3,4,6,8,2,6,8,9,5,6
22632,1,7,6,2,0,8,0,9,5,6,5
22633,9,9,9,7,7,1,5,3,2,0,9
22634,3,6,1,8,5,3,2,6,0,1,1
22635,6,5,2,7,1,5,9,2,3,2,9
22636,3,0,1,4,5,3,2,6,1,1,1
22637,3,0,1,4,5,3,2,6,1,1,1
22638,7,1,0,3,4,6,1,5,7,3,4
22639,9,9,9,2,7,1,5,7,2,0,5
22640,3,6,1,8,5,3,2,6,0,1,1
22641,6,5,2,7,1,5,9,2,3,2,9
22642,1,7,6,2,0,8,0,9,5,6,5
22643,6,0,2,7,1,5,9,2,3,2,9
22644,9,9,9,2,7,1,5,7,2,0,5
22645,8,2,7,5,9,7,8,0,8,9,8
22646,4,3,4,9,8,2,3,3,9,5,3
22647,8,2,7,5,9,7,8,3,2,9,8
22648,7,1,0,3,4,6,1,5,7,3,6
22649,4,5,8,9,3,4,3,0,8,7,3
22650,9,2,7,2,7,1,5,3,2,0,8
22651,8,2,5,5,9,9,8,4,6,9,2
22652,5,8,3,1,6,0,7,1,4,4,0
22653,2,3,4,6,8,2,6,8,9,5,6
22654,4,5,4,9,8,2,3,3,8,5,3
22655,8,2,7,5,9,7,8,4,6,9,8
22656,9,9,9,2,7,1,5,7,2,0,5
22657,3,0,1,4,5,3,2,6,1,1,1
22658,2,0,4,4,8,2,6,3,1,5,6
22659,9,9,9,2,7,1,5,7,2,0,5
22660,5,8,3,1,6,0,7,1,4,4,7
22661,6,5,2,7,1,5,9,2,3,2,9
22662,0,4,5,0,2,9,4,1,4,8,2
22663,7,1,0,3,4,6,1,5,7,3,4
22664,7,1,0,3,4,6,1,8,7,3,4
22665,4,5,8,9,3,4,3,0,8,7,3
22666,5,8,3,1,6,0,7,1,4,4,7
22667,8,2,5,5,9,9,8,4,6,9,2
22668,7,1,6,3,4,8,1,5,7,3,4
22669,3,0,1,4,5,3,2,6,1,1,1
22670,4,5,8,9,3,4,3,0,8,7,0
22671,9,9,9,2,7,1,5,7,2,0,5
22672,0,4,7,0,2,7,4,9,5,8,0
22673,5,5,8,1,6,4,7,0,8,4,7
22674,1,7,6,2,0,8,0,9,5,6,5
22675,7,0,0,4,4,6,1,5,1,3,4
22676,5,8,3,1,6,0,7,1,4,4,7
22677,8,2,7,5,9,7,8,8,6,9,8
22678,0,4,3,0,2,0,4,1,4,8,0
22679,2,3,4,6,8,2,6,8,9,5,6
22680,0,4,7,0,2,7,4,1,6,8,0
22681,4,5,8,9,3,4,3,0,8,7,3
22682,2,3,4,6,8,2,6,8,9,5,6
22683,8,2,5,5,9,9,8,4,6,9,2
22684,5,8,3,1,6,0,7,1,4,4,7
22685,2,3,4,6,8,2,6,8,9,5,6
22686,5,8,3,1,6,0,7,1,4,4,0
22687,8,2,7,5,9,7,8,4,6,9,8
22688,6,5,2,7,1,5,9,2,3,2,9
22689,9,9,9,2,7,1,5,7,2,0,5
22690,4,5,8,9,3,4,3,0,8,7,3
22691,3,0,1,4,5,3,2,6,1,1,1
22692,0,8,3,3,4,0,1,1,4,3,0
22693,4,5,8,9,3,4,3,0,8,7,3
22694,0,4,7,0,2,7,4,4,6,8,0
22695,6,5,2,7,1,5,9,2,3,2,9
22696,6,5,2,7,1,5,9,2,3,2,9
22697,5,8,3,1,6,0,7,1,4,4,7
22698,5,5,8,9,3,4,7,0,8,7,7
22699,5,5,7,1,6,7,7,0,8,4,7
22700,1,7,6,2,0,8,0,9,5,6,5
22701,6,5,2,7,1,5,9,2,3,2,9
22702,4,5,8,9,3,4,3,0,8,7,3
22703,2,3,4,6,8,2,6,8,9,5,6
22704,5,8,3,1,6,0,7,1,4,4,0
22705,9,9,9,2,7,1,5,7,2,0,5
22706,3,6,1,8,5,3,2,6,0,1,1
22707,3,0,1,4,5,3,2,6,1,1,1
22708,7,1,0,3,4,6,1,5,7,3,4
22709,4,5,8,9,3,4,3,3,8,7,3
22710,3,6,1,8,5,3,2,6,0,1,1
22711,8,2,5,5,9,9,8,4,6,9,2
22712,9,9,9,7,7,1,5,7,2,0,9
22713,6,5,2,7,1,5,9,2,3,2,9
22714,5,8,3,1,6,0,7,1,4,4,7
22715,7,1,0,3,4,6,1,5,7,3,4
22716,1,7,6,2,0,8,0,9,5,6,5
22717,3,5,1,8,5,3,2,6,3,1,1
22718,4,5,8,9,3,4,3,3,8,7,3
22719,8,2,7,5,9,7,8,4,6,9,8
22720,7,1,0,3,4,6,1,5,7,3,4
22721,6,5,2,7,1,5,9,2,3,2,9
22722,0,4,3,0,2,0,4,1,4,8,0
22723,6,1,4,7,8,2,6,5,7,5,6
22724,7,1,0,3,4,6,1,5,7,3,4
22725,0,4,7,0,2,7,4,1,4,8,0
22726,6,5,2,7,1,5,9,2,3,2,9
22727,9,9,9,2,7,1,5,7,2,0,5
22728,1,7,6,2,0,8,0,9,5,6,5
22729,2,3,4,6,8,2,6,8,9,5,6
22730,7,1,0,3,4,6,1,5,7,3,4
22731,6,5,2,7,1,5,9,2,3,2,9
22732,7,1,0,3,4,6,1,5,7,3,4
22733,7,1,0,3,4,6,1,5,7,3,4
22734,7,1,0,3,4,6,1,5,7,3,4
22735,9,9,9,2,7,1,5,7,2,0,5
22736,7,1,0,3,4,6,1,5,7,3,4
22737,4,5,8,9,3,4,3,0,8,7,3
22738,1,7,6,2,0,8,0,9,5,6,5
22739,8,2,5,5,9,9,8,4,6,9,8
22740,0,8,3,0,2,0,4,1,4,8,2
22741,6,5,2,7,1,5,9,2,3,2,9
22742,6,5,2,7,1,5,9,2,3,2,9
22743,0,8,3,1,6,0,4,1,4,4,2
22744,3,6,1,8,5,3,2,6,0,1,1
22745,2,3,4,6,8,2,6,3,9,5,6
22746,4,0,8,9,3,4,3,0,8,7,3
22747,4,5,8,9,3,4,3,0,8,7,3
22748,1,7,6,2,0,8,0,9,5,6,5
22749,3,0,1,4,5,3,2,6,1,1,1
22750,0,4,7,0,2,7,4,1,4,8,0
22751,6,5,2,7,1,5,9,2,3,2,9
22752,3,6,1,8,5,3,2,6,0,1,1
22753,8,2,5,5,9,9,8,4,6,9,2
22754,0,4,5,0,2,9,4,4,6,8,2
22755,9,9,9,2,7,1,5,7,2,0,5
22756,2,3,4,6,8,2,6,8,9,5,0
22757,3,0,1,4,5,3,2,6,1,1,1
22758,4,5,8,9,3,4,3,0,8,7,7
22759,8,2,5,5,9,9,8,4,6,9,8
22760,2,3,4,6,8,2,6,8,9,5,6
22761,3,6,1,8,5,3,2,6,0,1,1
22762,5,8,3,1,6,0,7,1,4,4,7
22763,4,0,8,4,3,4,3,0,1,7,3
22764,3,6,1,8,5,3,2,6,0,1,1
22765,0,4,7,0,2,7,4,1,4,8,0
22766,8,2,7,5,9,7,8,4,6,9,8
22767,7,1,0,3,4,6,1,5,7,3,4
22768,0,4,3,0,2,7,4,1,4,8,0
22769,4,5,8,9,3,4,3,0,8,7,3
22770,7,1,0,3,4,6,1,5,7,3,4
22771,4,5,7,9,3,7,3,3,8,7,0
22772,5,8,3,1,6,0,7,1,4,4,7
22773,2,3,4,6,8,2,6,8,9,5,8
22774,5,8,3,1,6,0,7,1,4,4,7
22775,4,5,8,9,3,4,3,0,8,7,3
22776,1,7,6,2,0,8,0,9,5,6,5
22777,3,0,1,4,5,3,2,6,1,1,1
22778,6,3,2,7,1,5,9,2,3,2,9
22779,4,5,8,9,3,4,3,3,8,7,3
22780,0,4,7,0,2,7,4,4,6,8,0
22781,8,2,5,5,9,9,8,4,6,9,8
22782,8,2,7,5,9,7,8,4,6,9,8
22783,9,9,9,2,7,1,5,7,2,0,5
22784,2,3,7,6,8,7,6,4,9,5,8
22785,9,9,9,2,7,1,5,7,2,0,5
22786,5,8,3,1,6,0,7,1,4,4,7
22787,3,6,1,8,5,3,2,6,0,1,1
22788,1,7,6,2,0,8,0,9,5,6,5
22789,4,5,8,9,3,4,3,0,8,7,3
22790,9,9,9,2,7,1,5,7,2,0,5
22791,8,2,5,5,9,9,8,4,6,9,8
22792,1,7,6,2,0,8,0,9,5,6,5
22793,6,5,2,7,1,5,9,2,3,2,9
22794,1,7,6,2,0,8,0,9,5,6,5
22795,0,4,7,0,2,7,4,1,4,8,0
22796,0,4,7,0,2,7,4,4,6,8,0
22797,8,2,5,5,9,9,8,4,6,9,2
22798,1,7,6,2,0,8,0,9,5,6,5
22799,8,2,7,5,9,7,8,3,6,9,8
22800,7,1,0,3,4,6,1,7,7,3,4
22801,9,9,9,2,7,1,5,3,2,0,8
22802,2,2,4,5,9,2,8,3,9,9,8
22803,4,0,8,4,3,4,3,3,1,7,3
22804,8,2,5,5,9,9,8,4,6,9,8
22805,9,9,9,2,7,1,5,7,2,0,5
22806,5,5,8,9,3,4,7,0,8,7,7
22807,6,5,2,7,1,5,9,2,3,2,9
22808,2,3,7,6,9,7,6,8,9,9,8
22809,4,5,8,9,3,4,3,3,8,7,3
22810,7,3,0,6,4,6,1,8,9,3,4
22811,6,5,2,7,1,5,9,2,3,2,9
22812,1,7,6,2,0,8,0,9,5,6,5
22813,2,3,4,6,8,2,6,8,9,5,6
22814,4,5,8,9,3,4,3,0,8,7,3
22815,9,9,9,2,7,1,5,7,2,0,5
22816,5,6,3,8,6,0,7,1,0,4,7
22817,8,2,5,5,9,9,8,4,6,9,8
22818,8,2,7,5,9,7,8,4,6,9,8
22819,9,2,9,5,7,1,5,3,2,0,8
22820,4,5,8,9,3,4,3,0,8,7,3
22821,2,3,4,6,8,2,6,8,9,5,6
22822,7,1,0,3,4,6,1,8,7,3,4
22823,8,2,5,5,9,9,8,4,6,9,2
22824,3,6,1,8,5,3,2,6,0,1,1
22825,6,5,2,7,1,5,9,2,3,2,9
22826,8,2,5,5,9,9,8,4,6,9,8
22827,2,3,4,6,8,2,6,3,9,5,6
22828,1,7,6,2,0,8,0,9,5,6,5
22829,3,6,1,8,5,3,2,6,0,1,1
22830,7,5,0,3,4,6,1,5,7,3,4
22831,9,9,9,2,7,1,5,7,2,0,5
22832,4,1,8,9,3,4,3,3,8,7,3
22833,9,9,9,2,7,1,5,7,2,0,5
22834,4,5,8,9,3,4,3,0,8,7,3
22835,7,1,0,3,4,6,1,5,7,3,4
22836,1,7,6,2,0,8,0,9,5,6,5
22837,2,3,4,6,8,2,6,8,9,5,6
22838,5,8,3,1,6,0,7,1,4,4,7
22839,8,2,7,5,9,7,8,4,6,9,8
22840,4,5,8,9,3,4,3,0,8,7,3
22841,0,4,7,0,2,7,4,1,4,8,0
22842,0,4,5,0,2,9,4,1,4,8,0
22843,4,5,7,5,3,7,3,4,6,7,8
22844,9,9,9,2,7,1,5,7,2,0,5
22845,2,3,4,6,8,2,6,8,9,5,6
22846,9,9,9,2,7,1,5,3,2,0,8
22847,9,9,9,2,7,1,5,7,2,0,5
22848,1,7,6,2,0,8,0,9,5,6,5
22849,2,3,4,6,8,2,6,8,9,5,6
22850,1,7,6,2,0,8,0,9,5,6,5
22851,4,5,8,9,3,4,3,0,8,7,3
22852,1,5,6,2,0,8,0,9,5,6,5
22853,2,3,4,6,8,2,6,3,9,5,6
22854,0,4,7,0,2,7,4,1,4,8,0
22855,8,2,7,5,9,9,8,4,6,9,8
22856,6,3,2,7,1,5,9,2,3,2,9
22857,3,0,1,4,5,3,2,6,1,1,1
22858,0,4,5,0,2,9,4,4,6,8,2
22859,9,9,9,2,7,1,5,7,2,0,5
22860,3,6,1,8,5,3,2,6,0,1,1
22861,6,5,2,7,1,5,9,2,3,2,9
22862,0,4,3,0,2,0,4,1,4,8,2
22863,2,3,4,6,8,2,6,8,9,5,6
22864,6,5,2,7,1,5,9,2,3,2,9
22865,5,8,7,1,6,7,7,1,4,4,7
22866,1,7,6,2,0,8,0,3,5,6,5
22867,9,9,9,2,7,1,5,3,2,0,8
22868,1,7,6,2,0,8,0,9,5,6,5
22869,4,0,8,4,3,4,3,3,1,7,3
22870,0,4,5,0,2,9,4,1,4,8,2
22871,8,2,5,5,9,9,8,4,6,9,8
22872,4,5,8,9,3,4,3,0,8,7,3
22873,2,3,4,6,8,2,6,8,9,5,6
22874,3,0,1,4,5,3,2,6,1,1,1
22875,8,2,7,5,9,7,8,4,6,9,8
22876,0,4,5,0,2,9,4,1,4,8,2
22877,3,0,1,4,5,3,2,6,1,1,1
22878,6,5,2,7,1,5,9,2,3,2,9
22879,9,9,9,7,7,1,5,7,2,0,9
22880,8,2,5,5,9,9,8,4,6,9,2
22881,6,3,2,7,1,5,9,2,3,2,9
22882,7,5,8,9,3,4,3,0,8,7,4
22883,2,3,4,6,8,2,6,8,9,5,6
22884,2,3,4,6,8,2,6,8,9,5,6
22885,8,2,7,5,9,7,8,4,6,9,8
22886,3,6,1,8,5,3,2,6,0,1,1
22887,2,3,4,6,8,2,6,3,9,5,6
22888,1,7,6,2,0,8,0,9,5,6,5
22889,3,0,1,4,5,3,2,3,1,1,1
22890,5,8,3,1,6,0,7,1,4,4,0
22891,8,2,5,5,9,9,8,4,6,9,2
22892,1,7,6,2,0,8,0,9,5,6,5
22893,2,3,4,6,8,2,6,8,9,5,6
22894,7,1,0,3,4,6,1,5,7,3,4
22895,8,2,7,5,9,7,8,4,6,9,8
22896,1,7,6,2,0,8,0,9,5,6,5
22897,3,0,1,4,5,3,2,3,1,1,1
22898,5,8,3,1,6,0,7,1,4,4,7
22899,9,9,9,2,7,1,5,7,2,0,5
22900,6,5,2,7,1,5,9,2,3,2,9
22901,6,5,2,7,1,5,9,2,3,2,9
22902,0,4,3,0,2,0,4,1,4,8,0
22903,2,3,4,6,8,2,6,8,9,5,6
22904,1,7,6,2,0,8,0,9,5,6,5
22905,5,2,7,1,6,7,7,4,6,4,7
22906,7,1,0,3,4,6,1,5,7,3,4
22907,2,3,4,6,8,2,6,3,9,5,6
22908,1,7,6,2,0,8,0,9,5,6,5
22909,4,5,8,9,3,4,3,0,8,7,3
22910,7,1,0,3,4,6,1,5,7,3,4
22911,8,2,5,5,9,9,8,4,6,9,8
22912,3,6,1,8,5,3,2,6,0,1,1
22913,2,3,4,6,8,2,6,8,9,5,6
22914,1,7,6,2,0,8,0,9,5,6,5
22915,8,2,7,5,9,7,8,4,6,9,8
22916,1,7,6,2,0,8,0,9,5,6,5
22917,3,0,1,4,5,3,2,6,1,1,1
22918,7,1,0,3,4,6,1,5,7,3,4
22919,2,3,4,6,8,2,6,8,9,5,6
22920,7,3,4,6,4,6,6,8,9,3,0
22921,8,2,5,5,9,9,8,4,6,9,2
22922,6,5,2,7,1,5,9,2,3,2,9
22923,2,3,4,6,8,2,6,8,9,5,6
22924,2,3,4,6,8,2,6,8,9,5,6
22925,8,2,7,5,9,7,8,4,6,9,8
22926,1,7,6,2,0,8,0,9,5,6,5
22927,8,2,7,5,9,7,8,4,6,9,8
22928,9,9,9,2,7,1,5,7,2,0,5
22929,3,0,1,4,5,3,2,6,1,1,1
22930,6,5,2,7,1,5,9,2,3,2,9
22931,9,9,9,2,7,1,5,7,2,0,5
22932,7,1,0,3,4,6,1,5,7,3,4
22933,5,8,7,1,6,7,7,4,6,4,7
22934,1,7,6,2,0,8,0,9,5,6,5
22935,2,2,7,5,8,7,8,3,2,9,8
22936,5,5,8,1,6,4,7,0,8,4,7
22937,9,9,9,2,7,1,5,7,2,0,5
22938,3,6,1,8,5,3,2,6,0,1,1
22939,4,0,8,4,3,4,3,3,1,7,3
22940,5,5,8,9,3,4,7,0,8,7,7
22941,8,2,5,5,9,9,8,4,6,9,8
22942,5,8,3,1,6,0,7,1,4,4,7
22943,2,3,4,6,8,2,6,8,9,5,6
22944,4,5,8,9,3,4,3,0,8,7,3
22945,6,5,2,7,1,5,9,2,3,2,9
22946,7,1,0,3,4,6,1,5,7,3,4
22947,8,2,7,5,9,7,8,4,6,9,8
22948,5,8,3,1,6,0,7,1,4,4,0
22949,3,0,1,4,5,3,2,3,1,1,1
22950,0,4,3,0,2,0,4,1,4,8,2
22951,9,9,9,2,7,1,5,3,2,0,5
22952,1,7,6,2,0,8,0,9,5,6,5
22953,4,0,8,4,3,4,3,3,1,7,3
22954,3,6,1,8,5,3,2,6,0,1,1
22955,8,2,5,5,9,9,8,4,6,9,8
22956,1,7,6,2,0,8,0,9,5,6,5
22957,7,1,0,3,4,6,1,5,7,3,4
22958,6,3,2,7,1,5,9,2,3,2,9
22959,0,4,7,0,2,7,4,4,6,8,0
22960,5,4,7,1,6,7,7,1,4,4,7
22961,0,4,7,0,2,7,4,4,6,8,0
22962,5,8,3,1,6,0,7,1,4,4,7
22963,2,3,4,6,8,2,6,8,9,5,6
22964,7,1,0,3,4,6,1,5,7,3,4
22965,2,3,4,6,8,2,6,8,9,5,6
22966,2,3,4,6,8,2,6,8,9,5,6
22967,8,2,7,5,9,7,8,4,6,9,8
22968,5,8,3,1,6,0,7,1,4,4,7
22969,4,5,8,9,3,4,3,0,8,7,3
22970,5,8,3,1,6,0,7,1,4,4,7
22971,8,2,5,5,9,9,8,4,6,9,2
22972,1,7,6,2,0,8,0,9,5,6,5
22973,9,9,4,2,8,2,5,3,2,5,8
22974,5,8,3,1,6,0,7,1,4,4,7
22975,4,5,8,9,3,4,3,0,8,7,3
22976,8,2,7,5,9,7,8,4,6,9,8
22977,2,3,4,6,8,2,6,5,9,5,6
22978,3,1,1,3,5,3,2,5,7,1,1
22979,2,3,4,6,8,2,6,3,9,5,6
22980,5,8,3,1,6,0,7,1,4,4,7
22981,3,0,1,4,5,3,2,6,1,1,1
22982,9,9,9,2,7,1,5,3,2,0,5
22983,9,9,9,2,7,1,5,3,2,0,8
22984,0,4,5,0,2,9,4,9,5,8,2
22985,5,8,7,1,6,7,7,1,4,4,7
22986,4,5,8,9,3,4,3,0,8,7,3
22987,3,0,1,4,5,3,2,6,1,1,1
22988,5,8,3,1,6,0,7,1,4,4,7
22989,2,3,4,6,8,2,6,8,9,5,6
22990,9,9,9,2,7,1,5,7,2,0,5
22991,8,2,7,5,9,7,8,4,6,9,8
22992,5,8,3,1,6,0,7,1,4,4,7
22993,8,4,5,5,9,9,8,4,6,9,2
22994,4,5,8,9,3,4,3,3,8,7,3
22995,8,2,5,5,9,9,8,4,6,9,2
22996,7,1,0,3,4,6,1,5,7,3,4
22997,5,4,7,1,2,7,7,1,4,4,7
22998,6,5,2,7,1,5,9,2,3,2,9
22999,2,3,4,6,8,2,6,8,9,5,6
23000,5,8,3,1,6,0,7,1,4,4,2
23001,6,5,2,7,1,5,9,2,3,2,9
23002,0,4,5,0,2,9,4,1,4,8,2
23003,9,9,9,2,7,1,5,7,2,0,5
23004,7,1,0,3,4,6,1,5,7,3,4
23005,2,0,4,6,8,2,6,3,1,5,6
23006,7,1,0,3,4,6,1,5,7,3,4
23007,2,3,4,6,8,2,6,3,9,5,6
23008,2,3,4,6,8,2,6,8,9,5,6
23009,3,0,1,4,5,3,2,3,1,1,1
23010,0,8,3,0,2,0,4,1,4,8,2
23011,9,9,9,2,7,1,5,3,2,0,8
23012,1,7,6,2,0,8,0,9,5,6,5
23013,3,0,1,4,5,3,2,3,1,1,1
23014,0,4,7,0,2,7,4,4,6,8,0
23015,2,3,4,6,8,2,6,8,9,5,6
23016,0,4,7,0,2,7,4,1,4,8,0
23017,8,2,7,5,9,7,8,4,6,9,8
23018,7,1,0,3,4,6,1,7,7,3,4
23019,4,5,8,9,3,4,3,3,8,7,3
23020,4,5,8,9,3,4,3,0,8,7,3
23021,8,2,5,5,9,9,8,4,6,9,8
23022,7,1,0,3,4,6,1,5,7,3,4
23023,3,0,1,4,5,3,2,3,1,1,1
23024,7,1,0,3,4,6,1,5,7,3,4
23025,6,5,2,7,1,5,9,2,3,2,9
23026,6,5,2,7,1,5,9,2,3,2,9
23027,0,4,7,0,2,7,4,1,4,8,0
23028,2,3,4,6,8,2,6,8,9,5,6
23029,2,3,4,6,8,2,6,8,9,5,6
23030,1,7,6,2,0,8,0,9,5,6,5
23031,5,8,3,1,6,0,7,1,4,4,7
23032,3,6,1,8,5,3,2,6,0,1,1
23033,5,8,3,1,6,0,7,1,4,4,7
23034,1,7,6,2,0,8,0,9,5,6,5
23035,2,3,3,6,8,0,6,8,9,5,0
23036,1,7,6,2,0,8,0,9,5,6,5
23037,9,9,9,2,7,1,5,7,2,0,5
23038,9,9,9,2,7,1,5,7,2,0,5
23039,6,0,2,7,1,5,9,2,3,2,9
23040,6,3,2,7,1,5,9,2,3,2,9
23041,3,0,1,4,5,3,2,6,1,1,1
23042,5,8,3,1,6,0,7,1,4,4,7
23043,2,3,4,6,8,2,6,8,9,5,6
23044,2,0,4,4,8,2,6,8,1,5,6
23045,9,9,9,2,7,1,5,7,2,0,5
23046,7,1,0,3,4,6,1,5,7,3,4
23047,6,5,2,7,1,5,9,3,3,2,9
23048,2,3,4,6,8,2,6,8,9,5,6
23049,4,5,8,9,3,4,3,0,8,7,7
23050,6,6,2,8,1,5,9,0,0,2,7
23051,0,4,5,0,2,9,4,4,6,8,2
23052,9,9,9,6,7,1,5,7,2,0,8
23053,2,3,4,6,8,2,6,8,9,5,6
23054,8,2,5,5,9,9,8,4,6,9,8
23055,5,2,7,1,6,7,7,0,6,4,7
23056,1,7,6,2,0,8,0,9,5,6,5
23057,8,2,7,5,9,7,8,4,6,9,0
23058,6,9,2,2,1,5,9,2,3,2,5
23059,9,9,9,7,7,1,5,7,2,0,9
23060,2,3,4,6,8,2,6,3,9,5,6
23061,0,4,7,0,2,7,4,4,6,8,0
23062,5,8,3,1,6,0,7,1,4,4,0
23063,2,3,4,6,8,2,6,8,9,5,6
23064,7,1,0,3,4,6,1,5,7,3,4
23065,2,3,4,6,8,2,6,3,9,5,6
23066,2,3,4,6,8,2,6,8,9,5,6
23067,3,0,1,4,5,3,2,6,1,1,1
23068,0,8,3,1,6,0,7,1,4,4,2
23069,6,5,2,7,1,5,9,2,3,2,9
23070,5,8,3,1,6,0,7,1,4,4,2
23071,8,2,7,5,9,7,8,8,9,9,8
23072,4,5,8,9,3,4,3,0,8,7,3
23073,4,5,8,9,3,4,3,3,8,7,3
23074,5,8,3,1,6,0,7,1,4,4,2
23075,4,5,8,9,3,4,3,3,8,7,3
23076,7,1,6,3,4,8,1,9,5,3,4
23077,2,3,4,6,8,2,6,8,9,5,6
23078,7,1,0,3,4,6,1,5,7,3,4
23079,6,0,2,4,1,5,9,2,1,2,9
23080,6,5,2,7,1,5,9,2,3,2,9
23081,2,3,4,6,8,2,6,8,9,5,6
23082,6,1,2,7,1,5,9,2,3,2,9
23083,8,2,7,5,9,7,8,4,6,9,8
23084,0,8,3,0,2,0,4,1,4,8,0
23085,8,2,7,5,9,7,8,4,6,9,8
23086,5,8,3,1,6,0,7,0,4,4,7
23087,6,0,2,4,1,5,9,2,1,2,9
23088,7,1,0,3,4,6,1,5,7,3,4
23089,2,0,4,4,8,2,6,3,1,5,6
23090,5,8,3,1,6,0,7,1,4,4,7
23091,2,3,4,6,8,2,6,8,9,5,6
23092,2,3,4,6,8,2,6,8,9,5,6
23093,3,0,1,4,5,3,2,6,1,1,1
23094,0,4,3,0,2,0,4,1,4,8,0
23095,3,6,1,8,5,3,2,6,0,1,1
23096,5,8,3,1,6,0,7,1,4,4,7
23097,1,7,6,2,0,8,0,7,5,6,5
23098,4,5,8,9,3,4,3,0,8,7,3
23099,4,5,8,9,3,4,3,0,8,7,3
23100,7,1,0,3,4,6,1,5,7,3,4
23101,6,1,2,7,1,5,9,2,3,2,9
23102,5,8,3,1,6,0,7,1,4,4,7
23103,5,8,3,1,6,0,7,1,4,4,0
23104,5,5,8,9,3,4,3,0,8,7,7
23105,8,2,7,5,9,7,8,4,6,9,8
23106,1,7,6,2,0,8,0,9,5,6,5
23107,4,5,8,9,3,4,3,3,8,7,3
23108,3,6,1,8,5,3,2,6,0,1,1
23109,2,2,7,6,8,7,6,3,9,5,8
23110,5,5,8,1,6,4,7,0,8,4,7
23111,5,8,3,1,6,0,7,1,4,4,7
23112,7,1,0,3,4,6,1,5,7,3,4
23113,3,0,1,4,5,3,2,6,1,1,1
23114,8,2,5,5,9,9,8,4,6,9,2
23115,9,9,9,2,7,1,5,7,2,0,5
23116,7,1,0,3,4,6,1,5,7,3,4
23117,6,3,2,7,1,5,9,2,3,2,9
23118,9,9,9,2,7,1,5,7,2,0,5
23119,2,3,4,6,8,2,6,8,9,5,6
23120,3,6,1,8,5,3,2,6,0,1,1
23121,5,8,3,1,6,0,7,1,4,4,7
23122,8,2,7,5,9,7,8,4,6,9,8
23123,5,8,3,1,6,0,7,1,4,4,7
23124,7,6,0,8,4,6,1,5,0,3,4
23125,4,5,8,9,3,4,3,0,8,7,3
23126,4,5,8,9,3,4,3,0,8,7,3
23127,8,2,5,5,9,9,8,4,6,9,8
23128,8,2,7,5,9,7,8,4,6,9,8
23129,2,3,4,6,8,2,6,8,9,5,6
23130,7,1,0,3,4,6,1,5,7,3,4
23131,3,0,1,4,5,3,2,6,1,1,1
23132,1,7,6,2,0,8,0,9,5,6,5
23133,1,7,6,2,0,8,0,9,5,6,5
23134,1,7,6,2,0,8,0,9,5,6,5
23135,5,8,3,1,6,0,7,1,4,4,0
23136,3,6,1,8,5,3,2,6,0,1,1
23137,5,8,3,1,6,0,7,1,4,4,7
23138,1,1,6,3,0,8,0,9,5,6,4
23139,2,3,4,6,8,2,6,3,9,5,3
23140,5,8,3,1,6,0,7,1,4,4,7
23141,8,2,5,5,9,9,8,4,6,9,8
23142,1,7,6,2,0,8,0,9,5,6,5
23143,2,3,4,6,8,2,6,8,9,5,6
23144,7,1,0,3,4,6,1,5,7,3,4
23145,0,4,3,0,2,0,4,1,4,8,0
23146,8,2,7,5,9,7,8,4,6,9,8
23147,2,3,4,6,8,2,6,8,9,5,6
23148,5,8,3,1,6,0,7,0,4,4,7
23149,8,2,5,5,9,9,8,4,6,9,2
23150,5,8,3,1,6,0,7,1,4,4,7
23151,0,4,7,0,2,7,4,1,4,8,0
23152,0,4,7,0,2,7,4,1,4,8,0
23153,8,2,5,5,9,9,8,4,6,9,2
23154,3,0,1,4,5,3,2,3,1,1,1
23155,8,2,5,5,9,9,8,4,6,9,2
23156,7,1,0,3,4,6,1,5,7,3,4
23157,2,3,4,6,8,2,6,8,9,5,6
23158,2,3,4,6,8,2,6,8,9,5,6
23159,0,4,7,0,2,7,4,1,4,8,0
23160,9,9,9,2,7,1,5,7,2,0,5
23161,8,2,7,5,9,7,8,8,9,9,8
23162,7,1,0,3,4,6,1,2,7,3,4
23163,2,3,4,6,8,2,6,8,9,5,6
23164,9,9,9,2,7,1,5,7,2,0,5
23165,2,3,4,6,8,2,6,8,9,5,6
23166,0,4,7,0,2,7,4,4,6,8,0
23167,9,9,9,2,7,1,5,7,2,0,5
23168,5,5,8,9,3,4,7,0,8,7,7
23169,8,2,7,5,9,7,8,3,6,9,8
23170,5,8,3,1,6,0,7,1,4,4,0
23171,6,5,2,7,1,5,9,2,3,2,9
23172,3,6,1,8,5,3,2,6,0,1,1
23173,0,4,5,0,2,9,4,4,6,8,2
23174,5,8,3,1,6,0,7,1,4,4,7
23175,5,8,3,1,6,0,7,1,4,4,7
23176,9,9,9,2,7,1,5,7,2,0,5
23177,5,8,3,1,6,0,7,1,4,4,7
23178,0,4,5,0,2,9,4,1,4,8,2
23179,4,5,8,9,3,4,3,0,8,7,3
23180,2,3,4,6,8,2,6,8,9,5,6
23181,1,7,6,2,0,8,0,9,5,6,5
23182,1,7,6,2,0,8,0,9,5,6,5
23183,8,2,7,5,9,7,8,4,6,9,8
23184,1,7,6,2,0,8,0,9,5,6,5
23185,6,5,8,9,1,4,9,2,8,2,9
23186,4,5,8,9,3,4,3,0,8,7,3
23187,0,4,7,0,2,7,4,1,6,8,0
23188,4,5,8,9,3,4,3,0,8,7,3
23189,2,3,4,6,8,2,6,8,9,5,6
23190,7,1,0,3,4,6,1,5,7,3,4
23191,2,3,4,6,8,2,6,8,9,5,6
23192,0,4,5,0,2,9,4,1,4,8,2
23193,2,3,4,6,8,2,6,8,9,5,6
23194,6,5,2,7,1,5,9,2,3,2,9
23195,9,9,4,2,8,2,5,3,2,5,5
23196,5,2,7,1,6,7,7,4,6,4,7
23197,0,4,7,0,2,7,4,1,4,8,0
23198,4,5,8,9,3,4,3,3,8,7,3
23199,8,2,7,5,9,7,8,4,6,9,8
23200,0,4,4,0,2,2,4,8,9,8,0
23201,8,2,7,5,9,7,8,4,6,9,8
23202,7,1,0,3,4,6,1,5,7,3,4
23203,9,9,9,2,7,1,5,7,2,0,5
23204,1,7,6,2,0,8,0,9,5,6,5
23205,2,3,4,6,8,2,6,8,9,5,6
23206,9,9,9,2,7,1,5,7,2,0,5
23207,8,2,5,5,9,9,8,4,6,9,2
23208,5,8,3,1,6,0,7,1,4,4,0
23209,8,2,7,5,9,7,8,4,6,9,8
23210,3,6,1,8,5,3,2,6,0,1,1
23211,0,4,3,0,2,0,4,1,4,8,0
23212,5,8,3,1,6,0,7,1,4,4,7
23213,9,9,9,2,7,1,5,7,2,0,5
23214,1,7,6,2,0,8,0,9,5,6,5
23215,4,5,7,9,3,7,3,0,8,7,3
23216,6,5,2,7,1,5,9,2,3,2,9
23217,0,4,3,0,2,0,4,1,4,8,0
23218,7,1,0,3,4,6,1,5,7,3,4
23219,1,7,6,2,0,8,0,9,5,6,5
23220,0,4,5,0,2,9,4,4,6,8,2
23221,2,3,4,6,8,2,6,8,9,5,6
23222,6,5,2,7,1,5,9,2,3,2,9
23223,4,5,8,9,3,4,3,3,8,7,3
23224,0,4,3,0,2,0,4,1,4,8,0
23225,2,3,4,6,8,2,6,8,9,5,6
23226,0,4,4,0,2,2,4,8,9,8,0
23227,2,3,4,6,8,2,6,8,9,5,6
23228,4,5,8,9,3,4,3,3,8,7,3
23229,6,5,2,7,1,5,9,2,3,2,9
23230,0,4,5,0,2,9,4,1,4,8,2
23231,6,5,2,7,1,5,9,2,3,2,9
23232,2,3,4,6,8,2,6,8,9,5,6
23233,2,0,4,6,8,2,6,3,9,5,6
23234,5,8,3,1,6,0,7,1,4,4,7
23235,8,2,7,5,9,7,8,4,6,9,8
23236,4,5,8,9,3,4,3,3,8,7,3
23237,2,1,4,3,8,2,6,8,9,5,6
23238,1,7,6,2,0,8,0,9,5,6,5
23239,2,3,4,6,8,2,6,8,9,5,6
23240,1,7,6,2,0,8,0,9,5,6,5
23241,2,3,4,6,8,2,6,8,9,5,6
23242,2,3,4,6,8,2,6,3,9,5,6
23243,8,2,7,5,9,7,8,3,6,9,8
23244,4,5,8,9,3,4,3,0,8,7,3
23245,9,9,9,2,7,1,5,7,2,0,5
23246,8,2,5,5,9,9,8,4,6,9,2
23247,2,3,4,6,8,2,6,3,9,5,6
23248,0,4,5,0,2,9,4,1,4,8,2
23249,0,8,7,0,2,7,4,1,4,8,0
23250,3,6,1,8,5,3,2,6,0,1,1
23251,4,5,8,9,3,4,3,3,8,7,3
23252,0,4,4,0,2,2,4,8,9,8,0
23253,2,3,4,6,8,2,6,8,9,5,6
23254,1,7,6,2,0,8,0,9,5,6,5
23255,9,9,9,2,7,1,5,7,2,0,5
23256,4,5,8,9,3,4,3,0,8,7,3
23257,8,2,7,5,9,7,8,4,6,9,8
23258,4,5,8,9,3,4,3,0,8,7,3
23259,8,2,5,5,9,9,8,4,6,9,8
23260,0,4,3,0,2,0,4,1,4,8,2
23261,4,5,8,9,3,4,3,3,8,7,3
23262,5,8,3,1,6,0,7,1,4,4,7
23263,2,3,4,6,8,2,6,8,9,5,6
23264,7,1,0,3,4,6,1,5,7,3,4
23265,6,3,2,7,1,5,9,2,3,2,9
23266,0,4,7,0,2,7,4,1,4,8,0
23267,0,4,5,0,2,9,4,4,6,8,2
23268,6,5,2,7,1,5,9,2,3,2,9
23269,5,8,3,1,6,0,7,1,4,4,7
23270,5,8,3,1,6,0,7,1,4,4,7
23271,8,4,5,0,2,9,8,4,6,8,2
23272,0,8,3,1,6,0,7,1,4,4,0
23273,3,0,1,4,5,3,2,6,1,1,1
23274,0,4,3,0,2,0,4,1,4,8,0
23275,0,4,5,0,2,9,4,1,4,8,2
23276,5,8,3,1,6,0,7,1,4,4,0
23277,3,6,1,8,5,3,2,6,0,1,1
23278,0,4,3,0,2,0,4,1,4,8,0
23279,3,0,1,4,5,3,2,6,1,1,1
23280,9,9,9,2,7,1,5,7,2,0,5
23281,6,3,2,7,1,5,9,2,3,2,9
23282,2,3,4,6,8,2,6,8,9,5,6
23283,8,2,5,5,9,9,8,4,6,9,2
23284,4,5,8,9,3,4,3,3,8,7,3
23285,0,4,3,0,2,0,4,1,4,8,0
23286,0,4,3,0,2,0,4,1,4,8,0
23287,2,3,4,6,8,2,6,8,9,5,6
23288,2,3,4,6,8,2,6,8,9,5,0
23289,3,0,1,4,5,3,2,6,1,1,1
23290,1,7,6,2,0,8,0,9,5,6,5
23291,9,9,9,2,7,1,5,7,2,0,5
23292,5,8,3,1,6,0,7,1,4,4,7
23293,3,0,1,4,5,3,2,6,1,1,1
23294,7,1,0,3,4,6,1,3,7,3,4
23295,9,9,9,2,7,1,5,7,2,0,5
23296,2,3,4,6,8,2,6,8,9,5,6
23297,3,6,1,8,5,3,2,6,0,1,1
23298,7,1,0,3,4,6,1,5,7,3,4
23299,0,4,7,0,2,7,4,4,6,8,0
23300,2,3,4,6,8,2,6,8,9,5,6
23301,3,6,1,8,5,3,2,6,0,1,1
23302,1,7,6,2,0,8,0,9,5,6,5
23303,9,9,9,2,7,1,5,7,2,0,5
23304,7,1,0,3,4,6,1,5,7,3,4
23305,3,0,1,4,5,3,2,6,1,1,1
23306,5,8,3,1,6,0,7,1,4,4,7
23307,0,4,7,0,2,7,4,4,6,8,0
23308,1,7,6,2,0,8,0,9,5,6,5
23309,8,2,5,5,9,9,8,4,6,9,2
23310,6,5,2,7,1,5,9,2,3,2,9
23311,8,2,7,5,9,7,8,4,6,9,8
23312,7,1,0,3,4,6,1,5,7,3,4
23313,6,5,2,7,1,5,9,2,3,2,9
23314,0,4,6,0,2,8,4,9,5,8,0
23315,3,0,1,4,5,3,2,6,1,1,1
23316,7,1,0,3,4,6,1,5,7,3,4
23317,4,5,8,9,3,4,3,0,8,7,3
23318,1,7,6,2,0,8,0,9,5,6,5
23319,6,5,2,7,1,5,9,2,8,2,9
23320,7,1,0,3,4,6,1,8,7,3,4
23321,2,0,4,4,8,2,6,3,1,5,3
23322,7,1,0,3,4,6,1,5,7,3,4
23323,6,5,2,7,1,5,9,2,3,2,9
23324,2,3,4,6,8,2,6,3,9,5,6
23325,4,5,8,9,3,4,3,0,8,7,7
23326,0,4,7,0,2,7,4,1,4,8,0
23327,0,4,5,0,2,9,4,4,6,8,0
23328,7,1,0,3,4,6,1,5,7,3,4
23329,8,2,7,5,9,7,8,4,6,9,8
23330,6,5,2,7,1,5,9,2,3,2,9
23331,3,6,1,8,5,3,2,6,0,1,1
23332,7,1,0,3,4,6,1,5,7,3,4
23333,1,7,6,2,0,8,0,9,5,6,5
23334,0,4,5,0,2,9,4,1,4,8,2
23335,6,5,2,7,1,5,9,2,3,2,9
23336,9,9,9,2,7,1,5,7,2,0,5
23337,7,1,0,3,4,6,1,5,7,3,4
23338,7,1,0,3,4,6,1,5,7,3,4
23339,5,8,3,1,6,0,7,1,4,4,0
23340,1,7,6,2,0,8,0,9,5,6,5
23341,2,3,4,6,8,2,6,8,9,5,6
23342,9,9,9,2,7,1,5,7,2,0,5
23343,4,5,8,9,3,4,3,0,8,7,3
23344,7,1,0,3,4,6,1,5,7,3,4
23345,0,8,3,1,6,0,7,1,4,4,2
23346,1,7,6,2,0,8,0,3,5,6,5
23347,7,1,0,3,4,6,1,5,7,3,4
23348,1,7,6,2,0,8,0,9,5,6,5
23349,5,8,3,1,6,0,7,1,4,4,7
23350,5,8,3,1,6,0,7,1,4,4,7
23351,3,6,1,8,5,3,2,6,0,1,1
23352,8,2,5,5,9,9,8,4,6,9,2
23353,1,7,6,2,0,8,0,9,5,6,5
23354,4,5,8,9,3,4,3,0,8,7,3
23355,6,5,2,7,1,5,9,2,3,2,9
23356,4,5,8,9,3,4,3,0,8,7,3
23357,7,1,0,3,4,6,1,5,7,3,4
23358,4,1,8,9,3,4,3,5,8,7,3
23359,0,8,3,0,2,0,4,1,4,8,0
23360,8,2,5,5,9,9,8,4,6,9,8
23361,2,3,4,6,8,2,6,8,9,5,6
23362,3,6,1,8,5,3,2,6,0,1,1
23363,4,5,8,9,3,4,3,0,8,7,3
23364,7,1,0,3,4,6,1,7,7,3,4
23365,5,8,3,1,6,0,7,1,4,4,0
23366,1,7,6,2,0,8,0,9,5,6,5
23367,3,6,1,8,5,3,2,6,0,1,1
23368,2,3,4,6,8,2,6,8,9,5,6
23369,1,7,6,2,0,8,0,9,5,6,5
23370,6,5,2,7,1,5,9,2,3,2,9
23371,6,5,2,7,1,5,9,2,3,2,9
23372,3,6,1,8,5,3,2,6,0,1,1
23373,7,1,0,3,4,6,1,5,7,3,4
23374,0,4,3,0,2,0,4,1,4,8,0
23375,5,8,3,1,6,0,7,1,4,4,7
23376,7,1,0,3,4,6,1,8,7,3,4
23377,2,3,4,6,8,2,6,8,9,5,6
23378,3,6,1,8,5,3,2,6,0,1,1
23379,4,5,8,9,3,4,3,0,8,7,3
23380,3,6,1,8,5,3,2,6,0,1,1
23381,0,4,3,0,2,0,4,1,4,8,2
23382,1,7,6,2,0,8,0,9,5,6,5
23383,7,3,0,6,4,6,1,8,9,3,4
23384,2,1,4,3,8,2,6,5,7,5,6
23385,4,5,8,9,3,4,3,3,8,7,3
23386,0,4,3,0,2,0,4,1,4,8,0
23387,0,4,5,0,2,9,4,1,4,8,2
23388,0,4,5,0,2,9,4,1,4,8,2
23389,3,6,1,8,5,3,2,6,0,1,1
23390,1,7,6,2,0,8,0,9,5,6,5
23391,7,1,0,3,4,6,1,8,7,3,4
23392,2,3,4,6,8,2,6,8,9,5,6
23393,0,4,7,0,2,7,4,1,4,8,0
23394,4,5,8,9,3,4,3,0,8,7,3
23395,3,6,1,8,5,3,2,6,0,1,1
23396,1,7,6,2,0,8,0,9,5,6,5
23397,4,5,8,9,3,4,3,0,8,7,3
23398,2,3,4,6,8,2,6,8,9,5,6
23399,1,7,6,2,0,8,0,9,5,6,5
23400,2,3,4,6,8,2,6,8,9,5,6
23401,3,6,1,8,5,3,2,6,0,1,1
23402,8,2,5,5,9,9,8,4,6,9,2
23403,6,5,2,7,1,5,9,2,3,2,9
23404,1,7,6,2,0,8,0,9,5,6,5
23405,2,3,4,6,8,2,6,8,9,5,6
23406,5,8,3,1,6,0,7,1,4,4,7
23407,7,1,0,3,4,6,1,5,7,3,4
23408,2,3,4,6,8,2,6,8,9,5,6
23409,5,8,3,1,6,0,7,1,4,4,7
23410,6,9,2,7,1,5,9,2,3,2,9
23411,1,7,6,2,0,8,0,9,5,6,0
23412,9,9,9,2,7,1,5,9,2,0,5
23413,1,7,6,2,0,8,0,9,5,6,5
23414,2,3,4,6,8,2,6,8,9,5,6
23415,4,5,8,9,3,4,3,0,8,7,7
23416,4,5,8,9,3,4,3,0,8,7,3
23417,1,7,6,2,0,8,0,9,5,6,5
23418,2,3,4,6,8,2,6,3,9,5,8
23419,7,1,0,3,4,6,1,5,7,3,4
23420,0,4,3,0,2,0,4,1,4,8,0
23421,4,5,8,9,3,4,3,0,8,7,7
23422,7,1,0,3,4,6,1,5,7,3,4
23423,0,8,3,0,2,0,4,1,4,8,0
23424,2,3,4,6,8,2,6,8,9,5,6
23425,7,1,0,3,4,6,1,5,7,3,4
23426,7,1,0,3,4,6,1,5,7,3,4
23427,0,4,3,0,2,0,4,1,4,8,2
23428,5,8,3,1,6,0,7,1,4,4,7
23429,5,8,3,1,6,0,7,1,4,4,0
23430,0,4,6,0,2,8,4,9,5,8,0
23431,0,8,3,1,6,0,7,1,4,4,0
23432,8,2,7,5,9,7,8,4,6,9,0
23433,0,8,3,0,2,0,4,1,4,8,2
23434,7,1,0,3,4,6,1,5,7,3,4
23435,0,4,7,0,2,7,4,1,4,8,0
23436,8,2,9,5,9,1,8,7,2,9,8
23437,0,4,7,0,2,7,4,4,6,8,0
23438,0,4,4,0,2,2,4,1,4,8,0
23439,7,1,0,3,4,6,1,5,7,3,4
23440,5,8,3,1,6,0,7,1,4,4,7
23441,4,5,8,9,3,4,3,0,8,7,3
23442,0,4,5,0,2,9,4,1,4,8,2
23443,0,4,3,0,2,0,4,1,4,8,2
23444,9,9,9,2,7,1,5,7,2,0,5
23445,0,4,5,0,2,9,4,1,4,8,2
23446,0,4,7,0,2,7,4,1,4,8,0
23447,5,8,3,1,6,0,7,1,4,4,7
23448,7,3,0,6,4,6,1,8,9,3,4
23449,2,3,4,6,8,2,6,8,9,5,6
23450,1,7,6,2,0,8,0,9,5,6,5
23451,0,4,5,0,2,9,4,4,6,8,2
23452,5,8,3,1,6,0,7,1,4,4,7
23453,5,5,8,1,6,4,7,0,8,4,7
23454,3,6,1,8,5,3,2,6,0,1,1
23455,2,3,4,6,8,2,6,8,9,5,6
23456,2,3,4,6,8,2,6,8,9,5,6
23457,6,5,2,7,1,5,9,2,3,2,9
23458,7,1,0,3,4,6,1,5,7,3,4
23459,5,8,3,1,6,0,7,1,4,4,0
23460,6,5,2,7,1,5,9,2,3,2,9
23461,7,6,0,8,4,6,1,6,0,3,1
23462,1,7,6,0,0,8,0,9,5,6,0
23463,5,8,3,1,6,0,7,1,4,4,7
23464,4,0,8,4,3,4,3,3,1,7,3
23465,4,5,8,9,3,4,3,0,8,7,3
23466,2,3,4,6,8,2,6,8,9,5,5
23467,5,8,3,1,6,0,7,1,4,4,7
23468,4,5,8,9,3,4,3,3,8,7,3
23469,0,8,3,1,2,0,4,1,4,8,2
23470,1,7,6,2,0,8,0,9,5,6,5
23471,4,5,8,9,3,4,3,0,8,7,7
23472,5,5,2,7,6,5,7,2,3,4,7
23473,1,7,6,2,0,8,0,9,5,6,5
23474,5,8,3,1,6,0,7,1,4,4,7
23475,4,5,8,9,3,4,3,0,8,7,3
23476,4,5,8,9,3,4,3,0,8,7,3
23477,1,7,6,2,0,8,0,9,5,6,5
23478,4,5,7,9,3,7,3,3,8,7,3
23479,0,4,5,0,2,9,4,1,4,8,2
23480,0,4,3,0,2,0,4,1,4,8,0
23481,6,5,2,7,1,5,9,2,3,2,9
23482,7,1,0,3,4,6,1,5,7,3,4
23483,7,1,0,3,4,6,1,5,7,3,4
23484,0,4,7,0,2,7,4,1,4,8,0
23485,5,5,8,9,3,4,7,0,8,7,7
23486,5,8,3,1,6,0,7,1,4,4,7
23487,4,5,8,9,3,4,3,0,8,7,3
23488,7,1,0,3,4,6,1,5,7,3,4
23489,4,5,8,9,3,4,3,0,8,7,3
23490,7,1,0,3,4,6,1,5,7,3,4
23491,6,5,2,7,1,5,9,2,3,2,9
23492,1,7,6,2,0,8,0,9,5,6,5
23493,1,7,6,2,0,8,0,9,5,6,5
23494,6,9,2,7,1,5,9,2,3,2,9
23495,3,6,1,8,5,3,2,6,0,1,1
23496,7,1,0,3,4,6,1,5,7,3,4
23497,2,3,4,6,8,2,6,8,9,5,6
23498,1,7,6,2,0,8,0,9,5,6,5
23499,3,6,1,8,5,3,2,6,0,1,1
23500,4,5,8,9,3,4,3,0,8,7,3
23501,1,7,6,2,0,8,0,9,5,6,5
23502,0,4,6,0,2,8,4,9,5,8,0
23503,6,5,2,7,1,5,9,2,3,2,9
23504,4,5,8,9,3,4,3,0,8,7,3
23505,1,7,6,2,0,8,0,9,5,6,5
23506,3,6,1,8,5,3,2,6,0,1,1
23507,0,4,5,0,2,9,4,1,4,8,2
23508,2,3,4,6,8,2,6,8,9,5,6
23509,2,3,4,6,8,2,6,8,9,5,6
23510,7,1,0,3,4,6,1,5,7,3,4
23511,1,7,6,2,0,8,0,9,5,6,5
23512,5,8,3,1,6,0,7,1,4,4,7
23513,5,8,3,1,6,0,7,1,4,4,7
23514,2,1,4,6,8,2,6,5,9,5,6
23515,5,8,3,1,6,0,7,1,4,4,0
23516,7,1,0,3,4,6,1,5,7,3,4
23517,7,1,0,3,4,6,1,5,7,3,4
23518,7,1,0,3,4,6,1,5,7,3,4
23519,0,4,7,0,2,7,4,8,9,8,0
23520,6,5,2,7,1,5,9,2,3,2,9
23521,3,6,1,8,5,3,2,6,0,1,1
23522,1,7,6,2,0,8,0,9,5,6,5
23523,9,9,9,2,7,1,5,7,2,0,5
23524,2,3,4,6,8,2,6,8,9,5,6
23525,6,5,2,7,1,5,9,2,3,2,9
23526,5,8,3,1,6,0,7,1,4,4,7
23527,2,3,4,6,8,2,6,8,9,5,6
23528,5,8,3,1,6,0,7,1,4,4,7
23529,8,2,7,5,9,7,8,4,6,9,8
23530,1,7,6,2,0,8,0,9,5,6,5
23531,9,9,9,2,7,1,5,3,2,0,5
23532,1,7,6,2,0,8,0,9,5,6,5
23533,4,5,8,9,3,4,3,0,8,7,3
23534,5,8,3,1,6,0,7,1,4,4,7
23535,8,2,5,5,9,9,8,4,6,9,8
23536,3,6,1,8,5,3,2,6,0,1,1
23537,2,3,4,6,8,2,6,8,9,5,6
23538,0,4,7,0,2,7,4,4,6,8,0
23539,8,2,7,5,9,7,8,4,6,9,8
23540,8,2,5,5,9,9,8,4,6,9,2
23541,3,0,1,4,5,3,2,6,1,1,1
23542,0,8,3,0,2,0,4,1,4,8,0
23543,9,9,9,2,7,1,5,7,2,0,5
23544,7,3,0,6,4,6,1,8,9,3,4
23545,6,5,2,7,1,5,9,2,3,2,9
23546,7,1,0,3,4,6,1,5,7,3,4
23547,2,3,4,6,8,2,6,8,9,5,6
23548,0,8,3,1,6,0,4,1,4,4,0
23549,8,2,7,5,9,7,8,4,6,9,8
23550,7,1,0,3,4,6,1,5,7,3,4
23551,8,2,5,5,9,9,8,4,6,9,8
23552,0,4,3,0,2,0,4,1,4,8,0
23553,2,3,4,6,8,2,6,8,9,5,6
23554,1,7,6,2,0,8,0,9,5,6,5
23555,8,2,7,5,9,7,8,4,6,9,8
23556,7,1,0,3,4,6,1,5,7,3,4
23557,3,0,1,4,5,3,2,6,1,1,1
23558,4,5,8,9,3,4,3,0,8,7,7
23559,9,9,9,2,7,1,5,7,2,0,5
23560,7,1,0,3,4,6,1,5,7,3,4
23561,6,5,2,7,1,5,9,2,3,2,9
23562,2,3,4,6,8,2,6,8,9,5,6
23563,7,1,0,3,4,6,1,5,7,3,4
23564,6,1,2,7,1,5,9,2,3,2,9
23565,9,2,7,5,7,7,5,7,2,0,8
23566,4,5,8,9,3,4,3,0,8,7,3
23567,9,9,9,2,7,1,5,7,2,0,5
23568,7,1,0,3,4,6,1,5,7,3,4
23569,4,5,8,9,3,4,3,3,8,7,3
23570,8,2,5,5,9,9,8,4,6,9,8
23571,8,2,5,5,9,9,8,4,6,9,8
23572,7,1,0,3,4,6,1,5,7,3,4
23573,2,3,4,6,8,2,6,8,9,5,6
23574,5,8,3,1,6,0,7,1,4,4,7
23575,8,2,7,5,9,7,8,4,6,9,8
23576,1,7,6,2,0,8,0,9,5,6,5
23577,4,5,8,9,3,4,3,0,8,7,3
23578,6,5,2,7,1,5,9,2,3,2,9
23579,3,6,1,8,5,3,2,6,0,1,1
23580,0,4,3,0,2,0,4,1,4,8,0
23581,2,3,4,6,8,2,6,5,7,5,6
23582,9,9,9,6,7,1,5,3,2,0,6
23583,8,2,7,5,9,7,8,4,6,9,8
23584,4,5,8,9,3,4,3,0,8,7,3
23585,9,9,9,2,7,1,5,7,2,0,5
23586,3,6,1,8,5,3,2,6,0,1,1
23587,8,2,7,5,9,7,8,3,6,9,8
23588,1,7,6,2,0,8,0,9,5,6,5
23589,3,0,1,4,5,3,2,6,1,1,1
23590,0,4,3,0,2,0,4,1,4,8,2
23591,2,3,4,6,8,2,6,8,9,5,6
23592,0,4,7,0,2,7,4,1,4,8,0
23593,4,5,8,9,3,4,3,0,8,7,3
23594,5,7,6,2,6,8,7,9,5,4,7
23595,8,2,7,5,9,7,8,3,2,9,8
23596,0,4,3,0,2,0,4,1,4,8,0
23597,4,5,8,9,3,4,3,3,8,7,3
23598,3,6,1,8,5,3,2,6,0,1,1
23599,8,2,7,5,9,7,8,4,6,9,8
23600,4,7,8,9,3,4,3,3,8,7,3
23601,3,0,1,4,5,3,2,6,1,1,1
23602,0,3,4,6,2,2,4,8,9,8,0
23603,8,2,5,5,9,9,8,4,6,9,8
23604,1,7,6,2,0,8,0,9,5,6,5
23605,2,3,4,6,8,2,6,3,9,5,6
23606,3,6,1,8,5,3,2,6,0,1,1
23607,8,2,7,5,9,7,8,4,6,9,8
23608,8,2,7,5,9,7,8,4,6,9,8
23609,8,2,5,5,9,9,8,4,6,9,8
23610,6,5,2,7,1,5,9,2,3,2,9
23611,8,2,7,5,9,7,8,4,6,9,8
23612,1,7,6,2,0,8,0,9,5,6,5
23613,3,0,1,4,5,3,2,6,1,1,1
23614,1,7,6,2,0,8,0,9,5,6,5
23615,8,2,7,5,9,7,8,4,2,9,8
23616,3,0,1,4,5,3,2,6,1,1,1
23617,8,2,9,5,9,1,8,7,2,9,8
23618,1,7,6,2,0,8,0,9,5,6,5
23619,8,2,7,5,9,7,8,4,6,9,8
23620,2,3,7,6,8,7,6,8,9,5,6
23621,8,2,5,5,9,9,8,4,6,9,8
23622,4,5,8,9,3,4,3,0,8,7,3
23623,8,2,7,5,9,7,8,4,6,9,8
23624,5,8,3,1,6,0,7,1,4,4,7
23625,6,5,2,7,1,5,9,2,3,2,9
23626,4,5,8,9,3,4,3,3,8,7,3
23627,2,0,4,4,8,2,6,3,1,5,8
23628,5,8,3,1,6,0,7,1,4,4,7
23629,4,0,8,4,3,4,3,3,1,7,3
23630,2,3,4,6,8,2,6,8,9,5,0
23631,2,3,4,6,8,2,6,8,9,5,6
23632,2,3,4,6,8,2,6,8,9,5,6
23633,9,9,9,2,7,1,5,3,2,0,8
23634,2,1,4,3,8,2,6,5,7,5,6
23635,8,2,7,5,9,7,8,4,6,9,8
23636,5,8,3,1,6,0,7,1,4,4,7
23637,2,3,4,6,8,2,6,8,9,5,6
23638,8,4,7,5,9,7,8,4,6,9,0
23639,2,3,4,6,8,2,6,8,9,5,6
23640,0,8,3,1,6,0,4,1,4,4,0
23641,8,2,7,5,9,7,8,4,6,9,8
23642,6,5,2,2,1,5,9,2,3,2,5
23643,3,0,1,4,5,3,2,6,1,1,1
23644,5,8,3,1,6,0,7,1,4,4,7
23645,8,2,5,5,9,9,8,4,6,9,8
23646,4,5,8,9,3,4,3,0,8,7,3
23647,9,9,9,2,7,1,5,7,2,0,5
23648,5,8,3,1,6,0,7,1,4,4,7
23649,7,1,0,3,4,6,1,5,7,3,4
23650,7,1,0,3,4,6,1,5,7,3,4
23651,9,9,9,2,7,1,5,7,2,0,5
23652,9,9,9,2,7,1,5,7,2,0,5
23653,4,5,8,9,3,4,3,3,8,7,3
23654,1,7,6,2,0,8,0,9,5,6,5
23655,2,3,4,6,8,2,6,3,9,5,6
23656,1,7,6,2,0,8,0,9,5,6,5
23657,2,3,4,6,8,2,6,5,9,5,6
23658,0,4,3,0,2,0,4,1,4,8,0
23659,2,3,4,6,8,2,6,8,9,5,6
23660,1,7,6,2,0,8,0,9,5,6,5
23661,8,2,7,5,9,7,8,4,6,9,8
23662,7,1,3,3,4,0,1,1,4,3,4
23663,2,3,4,6,8,2,6,5,7,5,6
23664,8,2,9,2,9,1,8,4,2,9,8
23665,9,9,9,2,7,1,5,7,2,0,5
23666,8,2,7,5,9,7,8,4,6,9,8
23667,4,5,8,9,3,4,3,0,8,7,3
23668,2,3,4,6,8,2,6,8,9,5,6
23669,2,3,4,6,8,2,6,8,9,5,6
23670,0,4,7,0,2,7,4,1,4,8,0
23671,9,9,9,2,7,1,5,3,2,0,5
23672,7,1,0,3,4,6,1,5,7,3,4
23673,8,2,7,5,9,7,8,4,6,9,8
23674,1,7,6,2,0,8,0,9,5,6,5
23675,6,5,2,7,1,5,9,2,3,2,9
23676,7,1,0,3,4,6,1,5,7,3,4
23677,6,5,2,7,1,5,9,2,3,2,9
23678,0,8,3,1,6,0,4,1,4,4,0
23679,3,0,1,4,5,3,2,6,1,1,1
23680,1,7,6,2,0,8,0,9,5,6,5
23681,8,2,7,5,9,7,8,4,6,9,8
23682,5,8,3,1,6,0,7,1,4,4,7
23683,6,5,2,7,1,5,9,2,3,2,9
23684,5,8,3,1,6,0,7,1,4,4,7
23685,8,2,7,5,9,7,8,4,6,9,8
23686,0,4,5,0,2,9,4,1,4,8,2
23687,4,5,8,9,3,4,3,0,8,7,3
23688,5,5,8,1,6,4,7,0,8,4,7
23689,2,3,4,6,8,2,6,3,9,5,6
23690,7,1,0,3,4,6,1,5,7,3,4
23691,6,5,2,7,1,5,9,2,3,2,9
23692,5,8,3,1,6,0,7,1,4,4,7
23693,9,9,9,2,7,1,5,7,2,0,5
23694,5,5,8,1,6,4,7,0,8,4,7
23695,7,1,0,3,4,6,1,5,7,3,4
23696,5,8,3,1,6,0,7,1,4,4,7
23697,4,5,8,9,3,4,3,3,8,7,3
23698,0,4,3,0,2,0,4,1,4,8,0
23699,4,5,8,9,3,4,3,3,8,7,3
23700,7,1,0,3,4,6,1,5,7,3,4
23701,6,5,2,7,1,5,9,2,3,2,9
23702,2,3,7,6,8,7,6,8,9,5,8
23703,9,9,9,2,7,1,5,7,2,0,5
23704,0,4,5,0,2,9,4,1,4,8,2
23705,6,5,2,7,1,5,9,3,3,2,9
23706,4,5,8,9,3,4,3,0,8,7,3
23707,4,5,8,9,3,4,3,0,8,7,3
23708,0,4,5,0,2,9,4,1,4,8,2
23709,3,0,1,4,5,3,2,6,1,1,1
23710,1,7,6,2,0,8,0,9,5,6,5
23711,8,2,5,5,9,9,8,4,6,9,8
23712,7,1,0,3,4,6,1,5,7,3,4
23713,9,9,9,2,7,1,5,7,2,0,8
23714,5,8,3,1,6,0,7,1,4,4,0
23715,8,2,7,5,9,7,8,4,6,9,8
23716,1,7,6,2,0,8,0,9,5,6,5
23717,2,3,4,6,8,2,6,8,9,5,6
23718,7,1,0,3,4,6,1,5,7,3,2
23719,8,2,7,5,9,7,8,4,6,9,8
23720,4,5,8,9,3,4,3,0,8,7,3
23721,6,5,2,7,1,5,9,2,3,2,9
23722,7,1,0,3,4,6,1,5,7,3,4
23723,9,2,7,5,9,7,8,7,2,9,8
23724,2,0,4,6,8,2,6,3,9,5,6
23725,9,9,9,2,7,1,5,3,2,0,5
23726,8,2,5,5,9,9,8,4,6,9,2
23727,9,9,9,2,7,1,5,7,2,0,5
23728,2,3,4,6,8,2,6,3,9,5,6
23729,2,3,4,6,8,2,6,8,9,5,6
23730,1,7,6,2,0,8,0,9,5,6,5
23731,2,0,4,4,8,2,6,3,1,5,6
23732,0,4,6,0,2,8,4,9,5,8,0
23733,4,0,8,4,3,4,3,3,1,7,3
23734,7,1,0,3,4,6,1,5,7,3,4
23735,4,5,8,9,3,4,3,3,8,7,3
23736,2,3,4,6,8,2,6,8,9,5,6
23737,2,3,4,6,8,2,6,8,9,5,6
23738,5,8,3,1,6,0,7,1,4,4,7
23739,3,0,1,4,5,3,2,6,1,1,1
23740,9,9,9,2,7,1,5,7,2,0,5
23741,3,0,1,4,5,3,2,3,1,1,1
23742,4,5,8,9,3,4,3,0,8,7,3
23743,8,2,7,5,9,7,8,4,2,9,8
23744,0,4,3,0,2,0,4,1,4,8,0
23745,8,2,7,5,9,7,8,4,6,9,8
23746,7,0,0,3,4,6,1,5,7,3,4
23747,2,3,4,6,8,2,6,3,9,5,6
23748,0,4,7,0,2,7,4,1,6,8,0
23749,9,9,9,2,7,1,5,7,2,0,5
23750,2,3,4,6,8,2,6,8,9,5,6
23751,9,9,9,2,7,1,5,7,2,0,5
23752,0,4,5,0,2,9,4,1,4,8,2
23753,3,0,1,4,5,3,2,3,1,1,1
23754,3,6,1,8,5,3,2,6,0,1,1
23755,9,9,9,2,7,1,5,7,2,0,5
23756,1,7,6,2,0,8,0,9,5,6,5
23757,6,5,2,7,1,5,9,2,3,2,9
23758,5,8,3,1,6,0,7,1,4,4,7
23759,7,1,0,3,4,6,1,5,7,3,4
23760,0,4,5,0,2,9,4,4,6,8,2
23761,8,2,7,5,9,7,8,4,6,9,8
23762,9,9,9,2,7,1,5,7,2,0,5
23763,2,1,4,3,8,2,6,5,7,5,6
23764,6,5,2,7,1,5,9,2,3,2,9
23765,4,5,8,9,3,4,3,0,8,7,3
23766,4,5,8,9,3,4,3,0,8,7,3
23767,8,2,5,5,9,9,8,4,6,9,2
23768,7,1,0,3,4,6,1,5,7,3,4
23769,2,3,4,6,8,2,6,8,9,5,6
23770,5,5,3,1,6,0,7,1,4,4,7
23771,5,8,3,1,6,0,7,1,4,4,7
23772,5,8,3,1,6,0,7,1,4,4,7
23773,3,0,1,4,5,3,2,6,1,1,1
23774,9,7,6,2,7,8,5,3,2,0,5
23775,9,9,9,2,7,1,5,7,2,0,5
23776,6,5,8,2,1,4,9,2,8,2,5
23777,6,5,2,7,1,5,9,2,3,2,9
23778,7,1,0,3,4,6,1,5,7,3,4
23779,2,3,4,6,8,2,6,8,9,5,6
23780,4,0,8,9,3,4,3,3,1,7,3
23781,8,2,7,5,9,7,8,4,6,9,8
23782,1,7,6,2,0,8,0,9,5,6,5
23783,2,2,7,5,9,7,8,3,2,9,8
23784,0,4,5,0,2,9,4,1,4,8,2
23785,4,5,8,9,3,4,3,0,8,7,3
23786,3,6,1,8,5,3,2,6,0,1,1
23787,8,2,5,5,9,9,8,4,6,9,8
23788,1,7,6,2,0,8,0,9,5,6,5
23789,2,3,4,6,8,2,6,8,9,5,6
23790,5,5,2,1,6,5,7,2,3,4,7
23791,0,4,3,0,2,0,4,1,4,8,2
23792,7,1,0,3,4,6,1,5,7,3,4
23793,3,6,1,8,5,3,2,6,0,1,1
23794,6,5,2,7,1,5,9,2,3,2,9
23795,9,9,9,2,7,1,5,7,2,0,5
23796,7,1,0,3,4,6,1,5,7,3,4
23797,6,5,2,7,1,5,9,2,3,2,9
23798,8,2,5,5,9,9,8,4,6,9,2
23799,7,1,0,3,4,6,1,5,7,3,4
23800,6,5,2,7,1,5,9,2,3,2,9
23801,8,2,7,5,9,7,8,4,6,9,8
23802,0,4,3,0,2,0,4,1,4,8,2
23803,3,6,1,8,5,3,2,6,0,1,2
23804,0,3,4,0,2,2,4,8,9,8,0
23805,2,3,4,6,8,2,6,8,9,5,6
23806,7,1,0,3,4,6,1,5,7,3,4
23807,5,8,3,1,6,0,7,1,4,4,7
23808,2,3,4,6,8,2,6,3,2,5,6
23809,3,0,1,4,5,3,2,3,1,1,1
23810,7,1,0,3,4,6,1,5,7,3,4
23811,8,2,5,4,9,9,8,4,6,9,2
23812,3,6,1,8,5,3,2,6,0,1,1
23813,3,0,1,4,5,3,2,6,1,1,1
23814,2,3,4,6,8,2,6,8,9,5,6
23815,8,2,5,5,9,9,8,4,6,9,8
23816,5,8,3,1,6,0,7,1,4,4,7
23817,2,3,4,6,8,2,6,8,9,5,6
23818,1,7,6,2,0,8,0,9,5,6,5
23819,7,1,0,3,4,6,1,5,7,3,4
23820,7,1,0,3,4,6,1,5,7,3,4
23821,3,0,1,4,5,3,2,3,1,1,1
23822,1,7,6,2,0,8,0,9,5,6,5
23823,3,0,1,4,5,3,2,6,1,1,1
23824,8,2,4,5,9,2,8,4,6,9,8
23825,2,1,4,3,8,2,6,5,7,5,6
23826,7,1,0,3,4,6,1,5,7,3,4
23827,2,0,4,3,8,2,6,3,7,5,6
23828,3,6,1,8,5,3,2,6,0,1,1
23829,7,1,0,3,4,6,1,5,7,3,4
23830,4,3,8,9,3,4,3,3,8,7,3
23831,2,3,4,6,8,2,6,8,9,5,6
23832,7,1,0,3,4,6,1,5,7,3,4
23833,2,3,4,6,8,2,6,8,9,5,6
23834,5,8,3,1,6,0,7,1,4,4,0
23835,9,9,9,2,7,1,5,7,2,0,5
23836,0,1,3,0,2,0,4,1,4,8,0
23837,8,2,7,5,9,7,8,4,2,9,8
23838,5,8,3,1,6,0,7,1,4,4,7
23839,4,5,8,9,3,4,3,0,8,7,3
23840,8,2,5,5,9,9,8,4,6,9,2
23841,9,9,9,2,7,1,5,7,2,0,5
23842,3,6,1,8,5,3,2,6,0,1,1
23843,2,3,4,6,8,2,6,8,9,5,6
23844,9,9,9,2,7,1,5,7,2,0,5
23845,3,0,1,4,5,3,2,6,1,1,1
23846,7,1,0,3,4,6,1,5,7,3,4
23847,6,5,2,7,1,5,9,2,3,2,9
23848,2,3,4,6,8,2,6,8,9,5,6
23849,0,4,3,0,2,0,4,1,4,8,0
23850,4,5,8,9,3,4,3,0,8,7,3
23851,7,1,0,3,4,6,1,5,7,3,4
23852,9,9,9,2,7,1,5,7,2,0,5
23853,0,4,7,0,2,7,4,4,6,8,0
23854,1,7,6,2,0,8,0,9,5,6,5
23855,8,2,7,5,9,7,8,4,6,9,7
23856,3,6,1,8,5,3,2,6,0,1,1
23857,9,9,9,2,7,1,5,7,2,0,5
23858,2,3,4,6,8,2,6,8,9,5,6
23859,8,2,7,5,9,2,8,3,1,9,8
23860,7,1,0,3,4,6,1,5,7,3,4
23861,0,4,7,0,2,7,4,1,4,8,0
23862,1,7,6,2,0,8,0,9,5,6,5
23863,5,8,3,1,6,0,7,1,4,4,7
23864,8,2,7,5,9,7,8,4,6,9,8
23865,8,2,7,5,9,7,8,4,6,9,8
23866,7,1,0,3,4,6,1,5,7,3,4
23867,5,8,3,1,6,0,7,1,4,4,7
23868,0,4,0,0,2,6,4,5,7,8,0
23869,2,3,4,6,8,2,6,3,9,5,6
23870,0,1,0,0,4,6,4,8,9,3,0
23871,5,8,7,1,6,7,7,1,4,4,7
23872,1,7,6,2,0,8,0,9,5,6,5
23873,7,1,0,3,4,6,1,5,7,3,4
23874,7,1,0,3,4,6,1,5,7,3,4
23875,3,0,1,4,5,3,2,6,1,1,1
23876,0,8,3,1,6,0,4,1,4,4,0
23877,0,8,3,1,6,0,4,1,4,4,0
23878,5,8,3,1,6,0,7,1,4,4,7
23879,7,1,0,3,4,6,1,5,7,3,4
23880,5,8,3,1,6,0,7,1,4,4,7
23881,5,8,3,1,6,0,7,1,4,4,7
23882,4,0,8,9,3,4,3,0,8,7,3
23883,8,2,5,5,9,9,8,4,6,9,2
23884,3,6,1,8,5,3,2,6,0,1,1
23885,9,9,9,2,7,1,5,7,2,0,5
23886,9,9,9,2,7,1,5,7,2,0,5
23887,6,5,2,7,1,5,9,2,3,2,9
23888,2,3,6,6,8,8,6,8,9,5,5
23889,9,9,9,2,7,1,5,7,2,0,5
23890,2,3,4,6,8,2,6,8,9,5,8
23891,3,0,1,4,5,3,2,6,1,1,1
23892,1,7,6,2,0,8,0,9,5,6,5
23893,4,5,8,9,3,4,3,0,8,7,3
23894,6,5,2,7,1,5,9,2,3,2,9
23895,6,5,2,7,1,5,9,2,3,2,9
23896,5,8,3,1,6,0,7,1,4,4,7
23897,7,1,0,3,4,6,1,5,7,3,4
23898,4,5,8,9,3,4,3,0,8,7,3
23899,2,3,4,6,8,2,6,8,9,5,6
23900,5,5,8,1,6,4,7,0,8,4,7
23901,5,8,3,1,6,0,7,1,4,4,7
23902,5,8,3,1,6,0,7,1,4,4,7
23903,2,3,4,6,8,2,6,8,9,5,6
23904,0,8,3,0,2,0,4,1,4,8,0
23905,4,5,8,9,3,4,3,0,8,7,3
23906,7,1,0,3,4,6,1,5,7,3,4
23907,4,5,8,9,3,4,3,0,8,7,3
23908,1,7,6,2,0,8,0,9,5,6,5
23909,8,2,5,5,9,9,8,4,6,9,2
23910,1,7,6,2,0,8,0,9,5,6,5
23911,9,9,9,5,7,1,5,7,2,0,8
23912,7,1,0,3,4,6,1,5,7,3,4
23913,8,2,7,5,9,7,8,4,6,9,8
23914,3,6,1,8,5,3,2,6,0,1,1
23915,4,5,8,9,3,4,3,0,8,7,3
23916,6,5,2,7,1,5,9,2,3,2,9
23917,6,5,2,7,1,5,9,2,3,2,9
23918,7,1,0,3,4,6,1,5,7,3,4
23919,5,8,3,1,6,0,7,1,4,4,7
23920,8,2,7,5,9,7,8,4,6,9,8
23921,9,9,9,2,7,1,5,7,2,0,5
23922,4,5,8,9,3,4,3,0,8,7,3
23923,2,5,4,6,8,2,6,3,9,5,6
23924,4,5,8,9,3,4,3,0,8,7,3
23925,0,4,7,0,2,7,4,4,6,8,0
23926,3,0,1,4,5,3,2,6,1,1,1
23927,0,4,7,0,2,7,4,1,4,8,0
23928,7,1,0,3,4,6,1,5,7,3,4
23929,2,3,4,6,8,2,6,8,9,5,6
23930,7,7,6,3,4,8,1,9,5,3,4
23931,9,9,9,2,7,1,5,7,2,0,5
23932,1,7,6,2,0,8,0,9,5,6,5
23933,8,2,7,5,9,7,8,4,2,9,8
23934,6,5,2,7,1,5,9,2,3,2,9
23935,2,3,4,6,8,2,6,8,9,5,6
23936,5,8,3,1,6,0,7,1,4,4,7
23937,4,5,8,9,3,4,3,0,8,7,3
23938,7,1,0,3,4,6,1,5,7,3,4
23939,7,1,0,3,4,6,1,5,7,3,4
23940,3,0,1,4,5,3,2,6,1,1,1
23941,0,4,5,0,2,9,4,4,6,8,2
23942,2,3,4,6,8,2,6,8,9,5,6
23943,3,0,1,4,5,3,2,3,1,1,1
23944,0,8,3,0,2,0,4,1,4,8,0
23945,0,4,7,0,2,7,4,1,4,8,0
23946,8,2,5,5,9,9,8,4,6,9,8
23947,2,3,4,6,8,2,6,3,9,5,6
23948,9,9,9,2,7,1,5,3,2,0,5
23949,4,0,8,4,3,4,3,3,1,7,3
23950,0,4,3,0,2,0,4,1,4,8,0
23951,8,2,5,5,9,9,8,4,6,9,8
23952,9,9,9,2,7,1,5,7,2,0,5
23953,9,9,9,2,7,1,5,7,2,0,5
23954,1,7,6,2,0,8,0,9,5,6,5
23955,2,1,4,3,8,2,6,5,7,5,6
23956,6,0,2,4,1,5,9,3,1,2,9
23957,6,5,2,7,1,5,9,2,3,2,9
23958,4,5,8,9,3,4,3,0,8,7,3
23959,4,5,8,9,3,4,3,0,8,7,3
23960,9,9,9,2,7,1,5,7,2,0,5
23961,6,5,2,7,1,5,9,2,3,2,9
23962,3,0,1,4,5,3,2,3,1,1,1
23963,4,5,8,9,3,4,3,0,8,7,3
23964,7,1,0,3,4,6,1,5,7,3,4
23965,8,2,5,5,9,9,8,4,6,9,8
23966,2,3,4,6,8,2,6,8,9,5,6
23967,2,3,4,6,8,2,6,8,9,5,6
23968,9,9,9,2,7,1,5,7,2,0,5
23969,8,4,5,0,9,9,8,4,6,9,2
23970,9,9,9,2,7,1,5,7,2,0,5
23971,3,0,1,4,5,3,2,6,1,1,1
23972,2,3,4,6,8,2,6,8,9,5,6
23973,1,7,6,2,0,8,0,7,5,6,5
23974,8,2,7,5,9,7,8,4,6,9,8
23975,6,5,2,7,1,5,9,2,3,2,9
23976,0,4,3,0,2,0,4,1,4,8,0
23977,2,3,4,6,8,2,6,8,9,5,6
23978,0,4,3,0,2,0,4,1,4,8,0
23979,0,4,3,0,2,0,4,1,4,8,0
23980,4,5,8,9,3,4,3,0,8,7,3
23981,0,4,7,0,2,7,4,1,4,8,0
23982,0,4,5,0,2,9,4,1,4,8,2
23983,4,5,8,9,3,4,3,0,8,7,3
23984,1,7,6,2,0,8,0,9,5,6,5
23985,0,4,5,0,2,9,4,4,6,8,2
23986,2,3,4,6,8,2,6,8,9,5,6
23987,2,3,4,6,8,2,6,8,9,5,6
23988,7,1,0,3,4,6,1,5,7,3,4
23989,0,4,7,0,2,7,4,4,6,8,0
23990,5,8,3,1,6,0,7,1,4,4,7
23991,3,0,1,4,5,3,2,6,1,1,1
23992,5,8,3,1,6,0,7,1,4,4,7
23993,9,9,9,2,7,1,5,7,2,0,5
23994,6,5,2,7,1,5,9,2,3,2,9
23995,6,5,2,7,1,5,9,2,3,2,9
23996,7,1,0,3,4,6,1,5,7,3,4
23997,7,1,0,3,4,6,1,5,7,3,4
23998,8,2,7,5,9,7,8,4,6,9,8
23999,5,8,3,1,6,0,7,1,4,4,7
24000,2,3,4,6,8,2,6,8,9,5,6
24001,8,2,7,5,9,7,8,4,6,9,8
24002,7,1,0,3,4,6,1,5,7,3,4
24003,4,5,8,9,3,4,3,0,8,7,3
24004,9,7,6,2,7,8,5,3,2,0,5
24005,0,4,5,0,2,9,4,1,4,8,2
24006,8,2,5,5,9,9,8,4,6,9,8
24007,2,3,4,6,8,2,6,8,9,5,6
24008,8,2,5,5,9,9,8,4,6,9,2
24009,8,2,7,5,9,7,8,4,6,9,8
24010,7,1,0,3,4,6,1,5,7,3,4
24011,3,0,1,4,5,3,2,6,1,1,1
24012,6,5,2,7,1,5,9,2,3,2,9
24013,9,9,9,2,7,1,5,7,2,0,5
24014,6,5,2,7,1,5,9,2,3,2,9
24015,6,5,2,7,1,5,9,2,3,2,9
24016,4,5,8,9,3,4,3,0,8,7,3
24017,7,1,0,3,4,6,1,5,7,3,4
24018,0,4,3,0,2,0,4,1,4,8,0
24019,0,4,7,0,2,7,4,4,6,8,0
24020,9,9,9,2,7,1,5,7,2,0,5
24021,2,3,4,6,8,2,6,8,9,5,6
24022,0,4,5,0,2,9,4,1,4,8,2
24023,4,5,8,9,3,4,3,0,8,7,3
24024,3,6,1,8,5,3,2,6,0,1,1
24025,8,4,5,5,9,9,8,4,6,9,2
24026,0,4,3,0,2,6,4,8,4,8,0
24027,2,3,4,6,8,2,6,8,9,5,6
24028,7,1,0,3,4,6,1,5,7,3,4
24029,8,2,7,5,9,7,8,4,6,9,8
24030,5,5,8,9,6,4,7,0,8,4,7
24031,9,5,9,2,7,1,5,3,2,0,5
24032,0,4,7,0,2,7,4,1,4,8,0
24033,0,4,7,0,2,7,4,4,6,8,0
24034,3,6,1,8,5,3,2,6,0,1,1
24035,6,5,2,7,1,5,9,2,3,2,9
24036,6,3,2,7,1,5,9,2,3,2,9
24037,4,5,8,9,3,4,3,0,8,7,3
24038,7,3,6,3,4,8,1,9,5,3,4
24039,0,4,7,0,2,7,4,4,6,8,0
24040,0,4,3,0,2,0,4,1,4,8,2
24041,0,4,5,0,2,9,4,1,4,8,2
24042,7,1,0,3,4,6,1,5,7,3,4
24043,2,3,4,6,8,2,6,8,9,5,6
24044,5,8,3,1,6,0,7,1,4,4,2
24045,2,3,4,6,8,2,6,8,9,5,6
24046,7,1,0,3,4,6,1,5,7,3,4
24047,0,4,7,0,2,7,4,4,6,8,0
24048,2,3,4,6,8,2,6,8,9,5,6
24049,8,4,5,0,2,9,8,4,6,8,2
24050,6,5,2,7,1,5,9,2,3,2,9
24051,2,3,4,6,8,2,6,8,9,5,6
24052,8,2,7,5,9,7,8,4,6,9,8
24053,8,2,7,5,9,7,8,4,6,9,8
24054,0,4,7,0,2,7,4,4,6,8,0
24055,6,5,2,7,1,5,9,2,3,2,9
24056,2,7,4,6,8,2,6,9,5,5,6
24057,0,4,3,0,2,0,4,1,4,8,0
24058,4,5,8,9,3,4,3,3,8,7,3
24059,1,7,6,0,0,8,0,9,5,6,2
24060,6,3,2,7,1,5,9,2,3,2,9
24061,0,4,7,0,2,7,4,4,6,8,0
24062,2,3,4,6,8,2,6,8,9,5,6
24063,0,4,5,0,2,9,4,8,4,8,0
24064,0,4,5,0,2,9,4,4,6,8,2
24065,2,3,4,6,8,2,6,8,9,5,6
24066,7,1,0,3,4,6,1,5,7,3,4
24067,6,5,2,7,1,5,9,2,3,2,9
24068,0,4,4,0,2,2,4,1,9,8,2
24069,3,0,1,4,5,3,2,6,1,1,1
24070,1,7,6,2,0,8,0,9,5,6,5
24071,0,4,7,0,2,7,4,1,4,8,0
24072,3,6,1,8,5,3,2,6,0,1,1
24073,2,3,4,6,8,2,6,8,9,5,6
24074,5,8,8,1,6,4,7,0,8,4,7
24075,3,0,1,4,5,3,2,6,1,1,1
24076,5,8,3,1,6,0,7,1,4,4,7
24077,2,3,4,6,8,2,6,8,9,5,6
24078,3,6,1,8,5,3,2,6,0,1,1
24079,4,5,8,9,3,4,3,3,8,7,3
24080,1,7,6,2,0,8,0,9,5,6,5
24081,3,0,1,4,5,3,2,6,1,1,1
24082,0,4,7,0,2,7,4,4,6,8,0
24083,1,7,6,2,0,8,0,9,5,6,5
24084,4,5,8,9,3,4,3,0,8,7,3
24085,3,0,1,4,5,3,2,6,1,1,1
24086,1,7,6,2,0,8,0,9,5,6,5
24087,0,4,7,0,2,7,4,4,6,8,0
24088,0,4,5,0,2,9,4,4,6,8,2
24089,6,5,2,2,1,5,9,2,3,2,5
24090,1,7,6,2,0,8,0,9,5,6,5
24091,4,5,8,9,3,4,3,3,8,7,3
24092,0,4,5,0,2,9,4,4,6,8,2
24093,7,1,0,3,4,6,1,5,7,3,4
24094,0,4,5,0,2,9,4,1,4,8,2
24095,7,1,0,3,4,6,1,5,7,3,4
24096,6,5,2,7,1,5,9,2,3,2,9
24097,2,3,4,6,8,2,6,8,9,5,6
24098,6,5,2,7,1,5,9,2,3,2,9
24099,1,7,6,2,0,8,0,9,5,6,5
24100,2,3,4,6,8,2,6,3,9,5,6
24101,8,2,7,5,9,7,8,4,6,9,8
24102,9,9,9,2,7,1,5,7,2,0,5
24103,3,0,1,4,5,3,2,6,1,1,1
24104,7,1,0,3,4,6,1,5,7,3,4
24105,3,0,1,4,5,3,2,6,1,1,1
24106,7,1,0,3,4,6,1,5,7,3,4
24107,2,3,4,6,8,2,6,8,9,5,6
24108,0,4,7,0,2,7,4,4,6,8,0
24109,0,4,7,0,2,7,4,1,4,8,0
24110,2,3,7,6,8,7,6,8,9,5,6
24111,0,4,0,0,2,6,4,8,9,8,0
24112,2,3,4,6,8,2,6,8,9,5,8
24113,5,8,3,1,6,0,7,1,4,4,0
24114,8,4,7,0,2,7,4,4,6,8,0
24115,1,7,6,2,0,8,0,9,5,6,5
24116,9,9,9,2,7,1,5,7,2,0,5
24117,2,3,4,6,8,2,6,8,9,5,6
24118,6,5,2,7,1,5,9,2,3,2,9
24119,7,1,0,3,4,6,1,5,7,3,4
24120,5,8,3,1,6,0,7,1,4,4,7
24121,3,0,1,4,5,3,2,6,1,1,1
24122,1,7,6,2,0,8,0,9,5,6,5
24123,2,3,4,6,8,2,6,8,9,5,6
24124,1,7,6,2,0,8,0,9,5,6,5
24125,6,5,2,7,1,5,9,2,3,2,9
24126,1,7,6,2,0,8,0,9,5,6,5
24127,4,5,8,9,3,4,3,3,8,7,3
24128,7,1,0,3,4,6,1,5,7,3,4
24129,6,9,2,7,1,5,9,2,3,2,9
24130,7,1,0,3,4,6,1,5,7,3,4
24131,0,4,5,0,2,9,4,4,6,8,2
24132,7,1,0,3,4,6,1,5,7,3,4
24133,9,9,9,2,7,1,5,7,2,0,5
24134,7,1,0,3,4,6,1,5,7,3,4
24135,1,7,6,2,0,8,0,9,5,6,5
24136,1,7,6,2,0,8,0,9,5,6,5
24137,2,3,4,6,8,2,6,8,9,5,6
24138,0,4,6,0,2,8,4,9,5,8,2
24139,1,7,6,2,0,8,0,9,5,6,5
24140,0,4,5,0,2,9,4,4,6,8,2
24141,8,2,5,5,9,9,8,4,6,9,8
24142,7,1,0,3,4,6,1,5,7,3,4
24143,9,9,9,2,7,1,5,7,2,0,5
24144,1,7,6,3,0,8,0,9,5,6,4
24145,0,4,0,0,2,6,4,1,4,8,0
24146,4,5,8,9,3,4,3,0,8,7,3
24147,2,3,4,6,8,2,6,8,9,5,6
24148,3,0,1,4,5,3,2,6,1,1,1
24149,2,3,4,6,8,2,6,8,9,5,6
24150,2,3,4,2,8,2,6,8,9,5,5
24151,3,0,1,4,5,3,2,6,1,1,1
24152,6,5,2,7,1,5,9,2,3,2,9
24153,0,4,7,0,2,7,4,4,6,8,0
24154,0,5,3,9,3,0,3,1,4,7,0
24155,0,4,3,0,2,0,4,1,4,8,0
24156,5,8,3,1,6,0,7,1,4,4,7
24157,4,5,8,9,3,4,3,0,8,7,3
24158,4,5,8,9,3,4,3,0,8,7,3
24159,0,4,5,0,2,9,4,4,6,8,2
24160,4,5,8,9,3,4,3,0,8,7,3
24161,0,4,7,0,2,7,4,1,4,8,0
24162,4,5,8,9,3,4,3,0,8,7,3
24163,9,9,9,2,7,1,5,7,2,0,5
24164,9,9,9,2,7,1,5,7,2,0,5
24165,4,5,8,9,3,4,3,0,8,7,3
24166,7,1,0,3,4,6,1,5,7,3,4
24167,2,3,4,6,8,2,6,8,9,5,6
24168,9,9,9,2,7,1,5,7,2,0,5
24169,0,4,7,0,2,7,4,4,6,8,0
24170,2,3,4,6,8,2,6,8,9,5,6
24171,0,4,5,0,2,9,4,4,6,8,2
24172,0,4,5,0,2,9,4,1,4,8,2
24173,2,3,4,6,8,2,6,8,9,5,6
24174,5,8,3,1,6,0,7,1,4,4,7
24175,9,7,9,2,7,1,5,7,2,0,5
24176,7,1,0,3,4,6,1,5,7,3,6
24177,6,5,2,7,1,5,9,2,3,2,9
24178,0,4,3,0,2,0,4,1,4,8,0
24179,4,5,8,9,3,4,3,0,8,7,3
24180,7,1,0,3,4,6,1,5,7,3,4
24181,0,4,3,0,2,0,4,1,4,8,2
24182,6,9,2,7,1,5,9,2,3,2,9
24183,9,9,9,2,7,1,5,7,2,0,5
24184,4,5,8,9,3,4,3,0,8,7,3
24185,0,4,3,0,2,0,4,1,4,8,0
24186,8,2,5,5,9,9,8,4,6,9,2
24187,2,3,4,6,8,2,6,8,9,5,6
24188,3,6,1,8,5,3,2,6,0,1,1
24189,2,0,4,4,8,2,6,3,1,5,6
24190,2,3,4,6,8,2,6,8,9,5,6
24191,4,5,8,9,3,4,3,3,8,7,3
24192,0,4,3,0,2,0,4,1,4,8,0
24193,0,4,7,0,2,7,4,1,6,8,0
24194,8,2,7,5,9,7,8,7,2,9,8
24195,0,4,7,0,2,7,4,4,6,8,0
24196,7,1,0,3,4,6,1,5,7,3,4
24197,0,4,7,0,2,7,4,1,4,8,0
24198,1,5,6,2,0,8,0,9,5,6,5
24199,1,7,6,2,0,8,0,9,5,6,5
24200,0,4,5,0,2,9,4,1,4,8,2
24201,4,5,8,9,3,4,3,3,8,7,3
24202,1,7,6,0,0,8,0,9,5,6,0
24203,6,5,2,7,1,5,9,2,3,2,9
24204,7,1,0,3,4,6,1,5,7,3,4
24205,1,7,6,2,0,8,0,9,5,6,5
24206,6,5,2,7,1,5,9,2,3,2,9
24207,0,4,5,0,2,9,4,1,4,8,2
24208,1,7,6,2,0,8,0,9,5,6,5
24209,1,7,6,2,0,8,0,9,5,6,5
24210,5,8,3,1,6,0,7,1,4,4,7
24211,0,4,7,0,2,7,4,1,4,8,0
24212,7,1,0,3,4,6,1,5,7,3,4
24213,6,5,2,7,1,5,9,2,3,2,9
24214,4,5,8,9,3,4,3,0,8,7,3
24215,6,5,2,7,1,5,9,2,3,2,9
24216,1,7,6,2,0,8,0,9,5,6,5
24217,2,3,4,6,8,2,6,3,9,5,6
24218,7,1,0,3,4,6,1,5,7,3,4
24219,7,1,0,3,4,6,1,5,7,3,6
24220,4,5,8,9,3,4,3,0,8,7,3
24221,5,8,3,1,6,0,7,1,4,4,7
24222,1,7,6,9,0,8,0,9,5,6,0
24223,2,3,4,6,8,2,6,8,9,5,6
24224,4,7,4,2,3,2,3,3,8,7,3
24225,3,0,1,4,5,3,2,6,1,1,1
24226,7,1,0,3,4,6,1,5,7,3,4
24227,9,9,9,2,7,1,5,7,2,0,5
24228,8,4,5,0,2,9,4,4,6,8,2
24229,6,5,2,7,1,5,9,2,3,2,9
24230,5,8,3,1,6,0,7,1,4,4,7
24231,2,3,4,6,8,2,6,8,9,5,6
24232,2,3,4,6,8,2,6,8,9,5,6
24233,8,2,7,5,9,7,8,4,6,9,8
24234,2,3,4,6,8,2,6,8,9,5,6
24235,9,9,9,2,7,1,5,7,2,0,5
24236,0,4,5,0,2,9,4,4,6,8,2
24237,4,5,8,9,3,4,3,3,8,7,3
24238,4,5,8,9,3,4,3,0,8,7,3
24239,8,2,5,5,9,9,8,4,6,9,8
24240,0,4,7,0,2,7,4,4,6,8,0
24241,2,3,4,6,8,2,6,3,9,5,8
24242,4,5,8,9,3,4,3,0,8,7,3
24243,8,2,7,5,9,7,8,4,6,9,8
24244,5,8,3,1,6,0,7,1,4,4,7
24245,3,0,1,4,5,3,2,6,1,1,1
24246,0,8,3,0,2,0,4,1,4,8,0
24247,9,9,9,2,7,1,5,7,2,0,5
24248,7,1,0,3,4,6,1,5,7,3,4
24249,6,5,2,7,1,5,9,2,3,2,9
24250,1,7,6,2,0,8,0,9,5,6,5
24251,7,1,0,3,4,6,1,5,7,3,4
24252,7,1,0,3,4,6,1,5,7,3,4
24253,8,2,7,5,9,7,8,4,6,9,8
24254,8,2,5,5,9,9,8,4,6,9,2
24255,9,9,9,2,7,1,5,3,2,0,5
24256,1,7,6,2,0,8,0,9,5,6,5
24257,4,5,8,9,3,4,3,0,8,7,3
24258,4,5,8,9,3,4,3,0,8,7,3
24259,8,2,5,5,9,9,8,4,6,9,8
24260,8,2,5,5,9,9,8,4,6,9,8
24261,9,9,9,2,7,1,5,3,2,0,8
24262,0,4,3,0,2,0,4,1,4,8,0
24263,9,9,9,5,7,1,5,7,2,0,8
24264,7,1,0,3,4,6,1,5,7,3,4
24265,3,0,1,4,5,3,2,6,1,1,1
24266,4,5,8,9,3,4,3,0,8,7,3
24267,9,9,9,2,7,1,5,7,2,0,5
24268,4,1,8,9,3,4,3,0,8,7,3
24269,6,5,2,7,1,5,9,2,3,2,9
24270,0,4,7,0,2,7,4,4,6,8,0
24271,2,3,4,6,8,2,6,8,9,5,6
24272,5,8,3,1,6,0,7,1,4,4,7
24273,8,2,7,5,9,7,8,4,6,9,8
24274,0,8,3,1,6,0,7,1,4,4,0
24275,9,9,9,2,7,1,5,7,2,0,5
24276,4,0,4,4,8,2,3,3,1,5,3
24277,9,9,9,2,7,1,5,3,2,0,5
24278,9,9,9,2,7,1,5,7,2,0,5
24279,9,9,9,2,7,1,5,7,2,0,5
24280,5,8,3,1,6,0,7,1,4,4,7
24281,2,3,4,6,8,2,6,8,9,5,6
24282,0,4,3,0,2,0,4,1,4,8,0
24283,9,2,7,5,9,7,8,3,2,9,8
24284,5,8,3,2,6,0,7,1,4,4,5
24285,8,2,7,5,9,7,8,4,6,9,8
24286,4,5,8,9,3,4,3,3,8,7,3
24287,8,2,7,5,9,7,8,4,6,9,8
24288,1,7,6,2,0,8,0,9,5,6,5
24289,9,9,9,2,7,1,5,7,2,0,5
24290,6,5,2,7,1,5,9,2,3,2,9
24291,8,2,5,5,9,9,8,4,6,9,8
24292,9,9,9,2,7,1,5,7,2,0,5
24293,9,9,9,2,7,1,5,7,2,0,5
24294,7,1,0,3,4,6,1,5,7,3,4
24295,8,2,7,5,9,7,8,4,6,9,8
24296,5,8,3,1,6,0,7,1,4,4,7
24297,2,3,4,6,8,2,6,8,9,5,6
24298,5,8,3,1,6,0,7,1,4,4,7
24299,7,1,0,3,4,6,1,5,7,3,4
24300,5,8,3,1,6,0,7,1,4,4,7
24301,2,3,4,6,8,2,6,3,9,5,8
24302,0,4,3,0,2,7,4,1,4,8,0
24303,6,5,2,7,1,5,9,2,3,2,9
24304,4,5,8,9,3,4,3,0,8,7,3
24305,8,2,7,5,9,7,8,4,6,9,8
24306,1,7,6,2,0,8,0,9,5,6,5
24307,2,3,4,6,8,2,6,8,9,5,6
24308,7,1,0,3,4,6,1,5,7,3,4
24309,2,3,4,6,8,2,6,8,9,5,6
24310,7,1,0,3,4,6,1,5,7,3,4
24311,8,2,4,5,9,2,8,8,9,9,8
24312,7,1,0,3,4,6,1,5,7,3,4
24313,8,2,7,5,9,7,8,4,6,9,8
24314,5,8,3,1,6,0,7,1,4,4,2
24315,8,2,5,5,9,9,8,4,6,9,8
24316,0,4,7,0,2,7,4,4,6,8,0
24317,2,2,7,2,8,7,6,3,2,5,8
24318,2,3,4,6,8,2,6,8,9,5,0
24319,8,2,7,5,9,7,8,4,6,9,0
24320,3,6,1,8,5,3,2,6,0,1,1
24321,6,5,2,7,1,5,9,2,3,2,9
24322,9,9,9,2,7,1,5,7,2,0,5
24323,9,9,9,2,7,1,5,3,2,0,5
24324,2,3,4,6,8,2,6,8,9,5,6
24325,8,2,5,5,9,9,8,4,6,9,8
24326,1,7,6,2,0,8,0,9,5,6,5
24327,8,2,7,5,9,7,8,4,6,9,8
24328,1,7,6,2,0,8,0,9,5,6,5
24329,9,9,9,2,7,1,5,7,2,0,5
24330,2,3,4,6,8,2,6,8,9,5,6
24331,6,5,2,7,1,5,9,2,3,2,9
24332,7,1,0,3,4,6,1,5,7,3,4
24333,7,1,0,3,4,6,1,5,7,3,4
24334,0,4,7,0,2,7,4,1,4,8,0
24335,9,9,9,2,7,1,5,3,2,0,5
24336,7,1,0,3,4,6,1,5,7,3,4
24337,8,2,5,5,9,9,8,4,6,9,8
24338,7,1,0,3,4,6,1,5,7,3,4
24339,9,9,9,2,7,1,5,7,2,0,5
24340,5,8,3,1,6,0,7,1,4,4,7
24341,9,9,9,2,7,1,5,7,2,0,5
24342,9,9,9,2,7,1,5,3,2,0,5
24343,3,0,1,4,5,3,2,6,1,1,1
24344,2,3,4,6,8,2,6,8,9,5,6
24345,3,0,1,4,5,3,2,6,1,1,1
24346,3,6,1,8,5,3,2,6,0,1,1
24347,9,5,8,2,3,4,5,3,2,7,5
24348,3,6,1,8,5,3,2,6,0,1,1
24349,2,3,4,6,8,2,6,8,9,5,6
24350,7,1,0,3,4,6,1,5,7,3,4
24351,8,2,5,5,9,9,8,4,6,9,8
24352,1,7,6,2,0,8,0,9,5,6,5
24353,9,9,9,2,7,1,5,7,2,0,5
24354,7,1,0,3,4,6,1,5,7,3,4
24355,9,9,9,2,7,1,5,7,2,0,5
24356,1,7,3,3,0,0,0,1,4,6,4
24357,9,9,9,2,7,1,5,7,2,0,5
24358,7,1,0,3,4,6,1,5,7,3,4
24359,2,3,4,6,8,2,6,3,9,5,6
24360,5,8,3,1,6,0,7,1,4,4,7
24361,9,9,9,2,7,1,5,7,2,0,5
24362,1,7,6,2,0,8,0,9,5,6,5
24363,9,9,9,7,7,1,5,3,2,0,9
24364,0,4,5,0,2,9,4,4,6,8,2
24365,8,2,7,5,9,7,8,3,6,9,8
24366,1,7,6,2,0,8,0,9,5,6,5
24367,3,0,1,4,5,3,2,6,1,1,1
24368,1,7,6,2,0,8,0,9,5,6,5
24369,2,3,4,6,8,2,6,8,9,5,6
24370,1,7,6,2,0,8,0,9,5,6,5
24371,3,0,1,4,5,3,2,3,1,1,1
24372,0,4,5,0,2,9,4,4,6,8,2
24373,6,3,2,7,1,5,9,2,3,2,9
24374,2,1,4,3,8,2,6,5,7,5,6
24375,8,2,5,5,9,9,8,4,6,9,8
24376,1,7,6,2,0,8,0,9,5,6,5
24377,4,5,8,9,3,4,3,3,8,7,3
24378,8,2,7,5,9,7,8,4,6,9,8
24379,8,2,7,5,9,7,8,4,6,9,8
24380,4,5,8,9,3,4,3,0,8,7,3
24381,6,5,2,7,1,5,9,2,3,2,9
24382,0,4,3,0,2,0,4,1,4,8,0
24383,4,5,8,9,3,4,3,3,8,7,3
24384,8,2,5,5,9,9,8,4,6,9,8
24385,1,7,6,2,0,8,0,3,5,6,5
24386,7,1,0,3,4,6,1,5,7,3,4
24387,8,4,7,0,2,7,4,4,6,8,0
24388,3,6,1,8,5,3,2,6,0,1,1
24389,3,0,1,4,5,3,2,6,1,1,1
24390,9,9,9,2,7,1,5,7,2,0,5
24391,6,5,2,7,1,5,9,2,3,2,9
24392,4,5,8,9,3,4,3,0,8,7,3
24393,3,0,1,4,5,3,2,6,1,1,1
24394,7,1,0,3,4,6,1,5,7,3,4
24395,9,5,9,2,7,1,5,3,2,0,3
24396,7,1,0,3,4,6,1,5,7,3,4
24397,9,9,9,2,7,1,5,7,2,0,5
24398,0,4,3,0,2,0,4,1,4,8,0
24399,3,6,1,8,5,3,2,6,0,1,1
24400,7,1,0,3,4,6,1,5,7,3,4
24401,8,2,7,5,9,7,8,4,6,9,8
24402,7,1,0,3,4,6,1,5,7,3,4
24403,9,9,9,2,7,1,5,7,2,0,5
24404,7,1,0,3,4,6,1,5,7,3,4
24405,9,9,9,2,7,1,5,7,2,0,5
24406,6,9,2,7,1,5,9,2,3,2,9
24407,2,3,4,6,8,2,6,8,9,5,6
24408,7,8,0,3,4,6,1,5,7,3,4
24409,8,2,5,5,9,9,8,4,6,9,8
24410,7,1,0,3,4,6,1,8,7,3,4
24411,4,5,8,9,3,4,3,3,8,7,3
24412,0,4,3,0,2,0,4,1,4,8,0
24413,8,2,7,5,9,7,8,4,6,9,8
24414,7,1,0,3,4,6,1,5,7,3,4
24415,8,2,5,5,9,9,8,4,6,9,8
24416,7,1,0,3,4,6,1,5,7,3,4
24417,7,1,0,3,4,6,1,5,7,3,4
24418,6,5,2,7,1,5,9,2,3,2,9
24419,3,0,1,4,5,3,2,6,1,1,1
24420,5,8,3,1,6,0,7,1,4,4,7
24421,9,9,9,2,7,1,5,3,2,0,5
24422,7,1,0,3,4,6,1,5,7,3,4
24423,4,5,8,9,3,4,3,3,8,7,3
24424,8,2,4,5,9,2,8,4,6,9,8
24425,6,9,2,7,1,5,5,7,3,0,9
24426,7,1,0,3,4,6,1,5,7,3,4
24427,6,9,2,7,1,5,9,7,3,2,9
24428,4,5,8,9,3,4,3,3,8,7,3
24429,3,0,1,4,5,3,2,6,1,1,1
24430,6,5,2,7,1,5,9,2,3,2,9
24431,9,9,9,2,7,1,5,7,2,0,5
24432,0,8,3,1,6,0,4,1,4,4,0
24433,6,5,2,7,1,5,9,2,3,2,9
24434,9,9,9,2,7,1,5,7,2,0,5
24435,2,3,4,6,8,2,6,8,9,5,6
24436,1,7,6,2,0,8,0,9,5,6,5
24437,5,8,3,1,6,0,7,1,4,4,7
24438,4,5,8,9,3,4,3,0,8,7,3
24439,2,3,4,6,8,2,6,8,9,5,6
24440,4,3,8,9,3,4,3,8,8,7,3
24441,4,5,8,9,3,4,3,0,8,7,3
24442,7,1,0,3,4,6,1,5,7,3,4
24443,8,2,5,5,9,9,8,4,6,9,2
24444,7,6,0,8,4,6,1,6,0,3,4
24445,3,6,1,8,5,3,2,6,0,1,1
24446,2,3,4,6,8,2,6,8,9,5,6
24447,1,7,6,2,0,8,0,9,5,6,5
24448,7,1,0,3,4,6,1,5,7,3,4
24449,6,5,2,7,1,5,9,2,3,2,9
24450,6,5,2,7,1,5,9,2,3,2,9
24451,7,1,0,3,4,6,1,5,7,3,4
24452,7,1,0,3,4,6,1,5,7,3,4
24453,4,5,8,9,3,4,3,0,8,7,3
24454,0,4,7,0,2,7,4,4,6,8,0
24455,8,4,5,5,9,9,8,4,6,9,2
24456,0,4,7,0,2,7,4,4,6,8,0
24457,9,9,9,2,7,1,5,3,2,0,8
24458,4,5,8,9,3,4,3,0,8,7,3
24459,8,2,5,5,9,9,8,4,6,9,2
24460,2,3,4,6,8,2,6,8,9,5,6
24461,1,7,6,2,0,8,0,9,5,6,5
24462,5,4,3,0,6,0,7,1,4,4,0
24463,3,0,1,4,5,3,2,6,1,1,1
24464,8,2,5,5,9,9,8,4,6,9,8
24465,9,9,9,2,7,1,5,7,2,0,5
24466,1,7,6,2,0,8,0,9,5,6,5
24467,9,5,9,2,7,1,5,7,2,0,5
24468,5,8,3,1,6,0,7,1,4,4,7
24469,8,2,5,5,9,9,8,4,6,9,8
24470,1,7,6,2,0,8,0,9,5,6,5
24471,5,8,3,1,6,0,7,1,4,4,7
24472,5,8,3,1,6,0,7,1,0,4,7
24473,4,5,7,9,3,7,3,3,8,7,8
24474,4,5,8,9,3,4,3,3,8,7,3
24475,4,5,8,9,3,4,3,0,8,7,3
24476,3,0,1,4,5,3,2,6,1,1,1
24477,8,2,5,5,9,9,8,4,6,9,8
24478,0,4,7,0,2,7,4,4,6,8,0
24479,9,9,9,2,7,1,5,7,2,0,5
24480,3,6,1,8,5,3,2,6,0,1,1
24481,7,1,0,3,4,6,1,5,7,3,4
24482,5,8,3,1,6,0,7,1,4,4,7
24483,9,9,9,2,7,1,5,7,2,0,5
24484,6,5,2,7,1,5,9,2,3,2,9
24485,5,5,3,1,6,0,7,1,8,4,7
24486,3,6,1,8,5,3,2,0,0,1,1
24487,9,9,9,2,7,1,5,7,2,0,5
24488,4,5,8,9,3,4,3,0,8,7,7
24489,0,4,3,0,2,0,4,1,4,8,0
24490,7,1,0,3,4,6,1,5,7,3,4
24491,5,5,8,9,3,4,7,3,8,7,7
24492,0,4,7,0,2,7,4,1,6,8,0
24493,0,4,7,0,2,7,4,1,4,8,0
24494,0,4,3,0,2,0,4,1,4,8,0
24495,3,6,1,8,5,3,2,6,0,1,1
24496,0,4,3,0,2,0,4,1,4,8,0
24497,5,8,3,1,6,0,7,1,4,4,7
24498,7,1,0,3,4,6,1,8,7,3,4
24499,0,4,3,0,2,0,4,1,4,8,0
24500,0,4,5,0,2,9,4,1,4,8,2
24501,7,1,0,3,4,6,1,5,7,3,4
24502,8,2,5,5,9,9,8,4,6,9,2
24503,8,2,5,5,9,9,8,4,6,9,8
24504,1,7,6,2,0,8,0,9,5,6,5
24505,8,4,5,0,2,9,4,4,6,8,2
24506,5,8,3,1,6,0,7,1,4,4,7
24507,0,4,3,0,2,0,4,1,4,8,0
24508,5,8,3,1,6,0,7,1,4,4,7
24509,1,7,6,2,0,8,0,9,5,6,5
24510,3,6,1,8,5,3,2,6,0,1,1
24511,0,4,7,0,2,7,4,1,4,8,0
24512,0,1,3,0,2,0,4,1,4,8,0
24513,5,8,3,1,6,0,7,1,8,4,7
24514,5,8,3,1,6,0,7,1,4,4,0
24515,8,2,5,5,9,9,8,4,6,9,2
24516,7,1,0,3,4,6,1,5,7,3,4
24517,4,5,8,9,3,4,3,3,8,7,3
24518,5,8,3,1,6,0,7,1,4,4,7
24519,2,3,4,6,8,2,6,8,9,5,6
24520,6,5,2,7,1,5,9,2,3,2,9
24521,2,3,4,6,8,2,6,3,9,5,6
24522,4,5,8,9,3,4,3,0,8,7,3
24523,4,5,8,8,3,4,3,0,8,7,3
24524,7,1,0,3,4,6,1,5,7,3,4
24525,3,0,1,4,5,3,2,6,1,1,1
24526,4,5,8,9,3,4,3,0,8,7,3
24527,0,4,7,0,2,7,4,1,4,8,0
24528,5,8,3,1,6,0,7,1,4,4,7
24529,3,6,1,8,5,3,2,6,0,1,1
24530,8,2,7,5,9,7,8,4,6,9,8
24531,7,1,0,3,4,6,1,5,7,3,4
24532,2,1,4,3,8,2,6,5,7,5,6
24533,9,0,9,4,7,1,5,3,2,0,8
24534,7,1,0,3,4,6,1,5,7,3,4
24535,1,7,6,2,0,8,0,9,5,6,5
24536,1,7,6,2,0,8,0,9,5,6,5
24537,3,0,1,4,5,3,2,6,1,1,1
24538,0,4,3,0,2,0,4,1,4,8,0
24539,2,0,4,4,8,2,6,3,1,5,6
24540,0,8,3,1,6,0,4,1,4,4,2
24541,3,0,1,4,5,3,2,3,1,1,1
24542,0,4,3,0,2,0,4,1,4,8,0
24543,0,4,7,0,2,7,4,1,4,8,0
24544,0,4,5,0,2,9,4,4,6,8,2
24545,8,2,5,5,9,9,8,4,6,9,8
24546,6,5,2,7,1,5,9,2,3,2,9
24547,5,8,3,1,6,0,7,1,4,4,7
24548,0,4,5,0,2,9,4,1,4,8,2
24549,8,2,7,5,9,7,8,4,6,9,8
24550,0,4,5,0,2,9,4,1,4,8,0
24551,6,5,2,7,1,5,9,2,3,2,9
24552,6,9,2,2,1,8,9,2,3,2,5
24553,8,2,7,5,9,7,8,4,6,9,8
24554,4,5,8,9,3,4,3,0,8,7,7
24555,9,9,9,2,7,1,5,7,2,0,5
24556,0,4,7,0,2,7,4,1,4,8,0
24557,9,9,9,2,7,1,5,9,2,0,5
24558,5,8,2,1,6,5,7,2,3,4,7
24559,8,2,7,5,9,7,8,3,6,9,8
24560,7,1,0,3,4,6,1,5,7,3,4
24561,9,9,9,2,7,1,5,7,2,0,8
24562,8,2,7,5,9,7,8,4,6,9,8
24563,1,7,6,2,0,8,0,9,5,6,5
24564,9,9,9,2,7,1,5,7,2,0,5
24565,0,4,5,0,2,9,4,4,6,8,2
24566,5,8,3,1,6,0,7,1,4,4,7
24567,1,7,6,2,0,8,0,9,5,6,5
24568,0,4,3,0,2,0,4,1,4,8,2
24569,4,5,8,9,3,4,3,0,8,7,3
24570,1,7,6,3,0,8,0,9,5,6,5
24571,0,4,5,0,2,9,4,4,6,8,2
24572,8,2,5,5,9,9,8,4,6,9,2
24573,7,1,0,3,4,6,1,5,7,3,4
24574,7,1,0,3,4,6,1,5,7,3,4
24575,7,1,0,3,4,6,1,5,7,3,4
24576,5,5,8,9,3,4,3,0,8,7,7
24577,4,5,8,9,3,4,3,0,8,7,7
24578,2,3,4,6,8,2,6,8,9,5,6
24579,8,2,7,2,9,7,8,3,2,9,8
24580,1,7,6,2,0,8,0,9,5,6,5
24581,4,5,8,9,3,4,3,0,8,7,3
24582,6,5,2,7,1,5,9,2,3,2,9
24583,8,2,5,5,9,9,8,4,6,9,2
24584,7,1,0,3,4,6,1,5,7,3,4
24585,4,5,8,9,3,4,3,0,8,7,3
24586,7,3,0,6,4,6,1,8,9,3,4
24587,4,5,8,9,3,4,3,0,8,7,3
24588,0,4,7,0,2,7,4,1,4,8,0
24589,4,5,8,9,3,4,3,3,8,7,3
24590,5,8,3,1,6,0,7,1,4,4,0
24591,6,5,2,7,1,5,9,2,3,2,9
24592,4,5,8,9,3,4,3,0,8,7,3
24593,0,4,7,0,2,7,4,4,6,8,0
24594,5,8,3,1,6,0,7,1,4,4,0
24595,2,3,4,6,8,2,6,8,9,5,6
24596,5,8,3,1,6,0,7,1,4,4,7
24597,7,1,0,3,4,6,1,8,7,3,4
24598,5,6,1,8,6,3,7,6,0,4,7
24599,8,2,5,5,9,9,8,4,6,9,2
24600,2,3,4,6,8,2,6,8,9,9,8
24601,0,8,3,1,6,0,4,1,4,4,0
24602,6,5,2,7,1,5,9,2,3,2,9
24603,2,3,4,6,8,2,6,8,9,5,6
24604,5,8,3,1,6,0,7,1,4,4,7
24605,3,0,1,4,5,3,2,6,1,1,1
24606,1,7,6,2,0,8,0,9,5,6,5
24607,5,8,3,1,6,0,7,1,4,4,0
24608,0,4,3,0,2,0,4,1,4,8,0
24609,4,5,8,9,3,4,3,0,8,7,3
24610,7,1,0,3,4,6,1,5,7,3,4
24611,4,5,8,9,3,4,3,0,8,7,3
24612,6,5,2,7,1,5,9,2,3,2,9
24613,0,8,3,1,6,0,4,1,4,4,0
24614,5,8,3,1,6,0,7,1,4,4,0
24615,3,0,1,4,5,3,2,6,1,1,1
24616,5,8,3,1,6,0,7,1,4,4,7
24617,9,9,9,2,7,1,5,7,2,0,5
24618,6,5,2,7,1,5,9,2,3,2,9
24619,9,9,9,2,7,1,5,7,2,0,5
24620,6,5,2,7,1,5,9,2,3,2,9
24621,7,1,0,3,4,6,1,5,7,3,4
24622,4,5,8,9,3,4,3,3,8,7,3
24623,9,9,9,2,7,1,5,7,2,0,5
24624,1,7,6,2,0,8,0,9,5,6,5
24625,9,9,9,2,7,1,5,7,2,0,5
24626,9,9,9,2,7,1,5,7,2,0,5
24627,3,6,1,8,5,3,2,6,0,1,1
24628,1,7,6,2,0,8,0,9,5,6,5
24629,2,0,4,4,8,2,6,3,1,5,6
24630,7,1,0,3,4,6,1,5,7,3,4
24631,9,9,9,2,7,1,5,7,2,0,5
24632,4,5,8,9,3,4,3,0,8,7,3
24633,6,3,2,7,1,5,9,2,3,2,9
24634,1,7,6,2,0,8,0,9,5,6,5
24635,2,3,4,6,8,2,6,8,9,5,6
24636,4,0,8,4,3,4,3,0,1,7,3
24637,8,2,7,5,9,7,8,4,6,9,8
24638,5,5,8,1,6,4,7,0,8,4,7
24639,8,2,5,5,9,9,8,4,6,9,2
24640,3,6,1,8,5,3,2,6,0,1,1
24641,2,3,4,6,8,2,6,8,9,5,6
24642,5,8,3,1,6,0,7,1,4,4,7
24643,0,4,7,0,2,7,4,1,4,8,0
24644,0,4,5,0,2,9,4,1,4,8,2
24645,3,0,1,4,5,3,2,3,1,1,1
24646,1,7,6,2,0,8,0,9,5,6,5
24647,9,9,9,2,7,1,5,7,2,0,5
24648,0,4,7,0,2,7,4,4,6,8,0
24649,6,3,2,7,1,5,9,2,3,2,9
24650,7,1,0,3,4,6,1,5,7,3,4
24651,2,3,4,6,8,2,6,8,9,5,6
24652,0,4,5,0,2,9,4,4,6,8,2
24653,8,2,7,5,9,7,8,4,6,9,8
24654,1,7,6,2,0,8,0,9,5,6,5
24655,8,2,5,5,9,9,8,4,6,9,2
24656,4,5,8,9,3,4,3,0,8,7,3
24657,2,3,4,6,8,2,6,8,9,5,6
24658,2,3,4,6,8,2,6,8,9,5,6
24659,0,8,7,1,2,7,4,1,4,4,0
24660,5,8,3,1,6,0,7,1,4,4,7
24661,3,0,1,4,5,3,2,6,1,1,1
24662,8,2,7,5,9,7,8,4,6,9,8
24663,9,9,9,2,7,1,5,7,2,0,5
24664,7,3,0,6,4,6,1,8,9,3,0
24665,6,5,2,7,1,5,9,2,3,2,9
24666,7,1,0,3,4,6,1,5,7,3,4
24667,2,3,4,6,8,2,6,8,9,5,6
24668,1,7,6,2,0,8,0,9,5,6,5
24669,8,2,7,5,9,7,8,4,6,9,8
24670,0,8,3,0,2,0,4,1,4,8,2
24671,8,2,7,5,9,2,8,3,2,9,8
24672,1,7,6,2,0,8,0,9,5,6,5
24673,9,5,4,2,8,2,5,3,2,5,3
24674,6,5,2,7,1,5,9,2,3,2,9
24675,8,2,5,5,9,9,8,4,6,9,2
24676,3,6,1,8,5,3,2,6,0,1,1
24677,2,3,4,6,8,2,6,8,9,5,6
24678,1,7,6,2,0,8,0,9,5,6,5
24679,2,3,4,6,8,2,6,8,9,5,6
24680,7,1,0,3,4,6,1,5,7,3,4
24681,2,0,4,4,8,2,6,3,1,5,6
24682,5,8,3,1,6,0,7,1,4,4,7
24683,2,3,4,6,8,2,6,3,9,5,6
24684,1,7,6,2,0,8,0,9,5,6,5
24685,4,5,8,9,3,4,3,3,8,7,3
24686,2,3,4,6,8,2,6,8,9,5,6
24687,9,9,9,2,7,1,5,3,2,0,3
24688,1,7,6,2,0,8,0,9,5,6,5
24689,2,0,4,4,8,2,6,3,1,5,6
24690,6,5,2,7,1,5,9,2,3,2,9
24691,2,3,4,6,8,2,6,8,9,5,6
24692,5,8,3,1,6,0,7,1,4,4,7
24693,3,0,1,4,5,3,2,3,1,1,1
24694,0,4,7,0,2,7,4,1,4,8,0
24695,6,3,2,7,1,5,9,2,3,2,9
24696,3,6,1,4,5,3,2,6,1,1,1
24697,2,3,4,6,8,2,6,2,9,5,6
24698,3,6,1,8,5,3,2,6,0,1,1
24699,8,2,5,5,9,9,8,4,6,9,2
24700,8,2,5,5,9,9,8,4,6,9,2
24701,8,2,7,5,9,7,8,4,6,9,8
24702,8,2,9,5,9,1,8,7,2,9,8
24703,8,2,4,5,9,2,8,8,9,9,8
24704,5,8,3,1,6,0,7,1,4,4,7
24705,8,2,5,5,9,9,8,4,6,9,8
24706,3,6,1,8,5,3,2,6,0,1,1
24707,9,9,9,2,7,1,5,7,2,0,5
24708,2,1,4,3,8,2,6,5,7,5,6
24709,8,2,5,5,9,9,8,4,6,9,2
24710,1,7,6,2,0,8,0,9,5,6,5
24711,9,9,9,2,7,1,5,7,2,0,5
24712,5,8,3,1,6,0,7,1,4,4,0
24713,8,2,7,5,9,7,8,4,6,9,8
24714,1,7,6,2,0,8,0,9,5,6,5
24715,2,0,4,6,8,2,6,3,1,5,6
24716,7,1,0,3,4,6,1,5,7,3,4
24717,2,0,4,4,8,2,6,3,1,5,6
24718,0,4,3,0,2,0,4,1,4,8,0
24719,8,2,7,5,9,7,8,4,6,9,8
24720,1,7,6,2,0,8,0,9,5,6,5
24721,9,9,9,2,7,1,5,7,2,0,5
24722,6,3,2,7,1,5,9,8,3,2,9
24723,8,2,5,5,9,9,8,4,6,9,2
24724,6,5,2,7,1,5,9,2,3,2,9
24725,2,3,4,6,8,2,6,3,9,5,6
24726,3,6,1,8,5,3,2,6,0,1,1
24727,8,2,5,5,9,9,8,4,6,9,8
24728,6,5,2,7,1,5,9,2,3,2,9
24729,9,9,9,2,7,1,5,7,2,0,5
24730,2,2,4,5,8,2,6,4,6,5,6
24731,2,3,4,6,8,2,6,8,9,5,6
24732,6,5,2,7,1,5,9,2,3,2,9
24733,8,3,4,6,8,2,6,8,9,5,6
24734,5,8,3,1,6,0,7,1,4,4,7
24735,2,3,4,6,8,2,6,8,9,5,6
24736,0,8,3,0,2,0,4,1,4,8,0
24737,9,9,9,2,7,1,5,7,2,0,5
24738,1,7,6,2,0,8,0,9,5,6,5
24739,4,5,8,9,3,4,3,3,8,7,3
24740,5,8,3,1,6,0,7,1,4,4,7
24741,0,4,7,0,2,7,4,4,6,8,0
24742,8,2,5,5,9,9,8,4,6,9,8
24743,8,2,5,5,9,9,8,4,6,9,2
24744,0,4,7,0,2,7,4,1,4,8,0
24745,8,2,7,5,9,7,8,4,6,9,8
24746,1,7,6,2,0,8,0,9,5,6,5
24747,2,3,4,6,8,2,6,8,9,5,6
24748,7,1,0,3,4,6,1,5,7,3,4
24749,2,0,4,4,8,2,6,3,1,5,6
24750,4,5,8,9,3,4,3,0,8,7,7
24751,6,3,2,7,1,5,9,2,3,2,9
24752,4,5,8,9,3,4,3,0,8,7,3
24753,4,5,8,9,3,4,3,3,8,7,3
24754,4,5,8,9,3,4,3,0,8,7,3
24755,2,0,4,4,8,2,6,3,1,5,6
24756,0,4,7,0,2,7,4,1,4,8,0
24757,2,3,4,6,8,2,6,8,9,5,6
24758,5,8,3,1,6,0,7,1,4,4,7
24759,0,4,7,0,2,7,4,4,6,8,0
24760,7,1,0,3,4,6,1,5,7,3,4
24761,8,2,7,5,9,1,8,4,6,9,8
24762,1,7,6,2,0,8,0,9,5,6,5
24763,2,3,4,6,8,2,6,8,9,5,6
24764,4,5,8,9,3,4,3,0,8,7,3
24765,2,3,4,6,8,2,6,3,9,5,6
24766,0,4,7,0,2,7,4,1,4,8,0
24767,9,9,9,2,7,1,5,7,2,0,5
24768,7,1,0,3,4,6,1,5,7,3,4
24769,2,3,4,6,8,2,6,8,9,5,6
24770,2,9,4,2,8,2,6,9,2,5,5
24771,9,9,9,2,7,1,5,7,2,0,5
24772,0,4,3,0,2,0,4,1,4,8,0
24773,8,2,4,5,9,2,8,3,6,9,8
24774,4,5,8,9,3,4,3,0,8,7,3
24775,8,4,7,5,9,7,8,4,6,9,0
24776,4,5,8,9,3,4,3,0,8,7,3
24777,3,0,1,4,5,3,2,3,1,1,1
24778,7,1,0,3,4,6,1,5,7,3,4
24779,9,9,9,2,7,1,5,3,2,0,5
24780,7,1,0,3,4,6,1,5,7,3,4
24781,8,2,7,5,9,7,8,4,6,9,8
24782,1,7,6,2,0,8,0,9,5,6,5
24783,2,3,4,6,8,2,6,8,9,5,6
24784,2,3,4,6,8,2,6,8,9,5,6
24785,4,5,8,9,3,4,3,3,8,7,3
24786,7,1,0,3,4,6,1,5,7,3,4
24787,2,3,4,6,8,2,6,8,9,5,6
24788,0,4,3,0,2,0,4,1,4,8,2
24789,2,3,4,6,8,2,6,8,9,5,6
24790,1,7,6,2,0,8,0,9,5,6,5
24791,2,3,4,6,8,2,6,8,9,5,6
24792,2,3,4,6,8,2,6,8,9,5,6
24793,9,9,9,2,7,1,5,7,2,0,5
24794,3,0,1,4,5,3,2,3,1,1,1
24795,8,2,7,5,9,7,8,4,6,9,8
24796,6,5,2,7,1,5,9,2,3,2,9
24797,8,2,5,5,9,9,8,4,6,9,8
24798,3,6,1,8,5,3,2,6,0,1,1
24799,2,3,4,6,8,2,6,8,9,5,6
24800,1,7,6,2,0,8,0,9,5,6,5
24801,8,2,5,5,9,9,8,4,6,9,2
24802,4,5,8,9,3,4,3,0,8,7,3
24803,6,3,2,7,1,5,9,2,3,2,9
24804,4,5,8,9,3,4,3,0,8,7,3
24805,2,3,4,6,8,2,6,8,9,5,6
24806,2,3,4,6,8,2,6,8,9,5,6
24807,2,0,4,4,8,2,6,3,1,5,6
24808,1,7,6,2,0,8,0,9,5,6,5
24809,2,0,4,4,8,2,6,3,1,5,6
24810,5,8,3,1,6,0,7,1,4,4,7
24811,9,9,9,2,7,1,5,7,2,0,5
24812,2,3,4,6,8,2,6,8,9,5,0
24813,8,2,5,5,9,9,8,4,6,9,8
24814,1,7,6,2,0,8,0,9,5,6,5
24815,8,2,5,5,9,9,8,4,6,9,8
24816,8,2,5,5,9,9,8,4,6,9,2
24817,8,2,7,5,9,7,8,4,6,9,8
24818,0,4,3,0,2,8,4,1,4,8,0
24819,9,9,9,6,7,1,5,3,2,0,6
24820,7,1,0,3,4,6,1,5,7,3,4
24821,8,2,7,5,9,7,8,4,6,9,8
24822,1,7,6,2,0,8,0,9,5,6,5
24823,2,3,4,6,8,2,6,8,9,5,6
24824,1,7,6,2,0,8,0,9,5,6,5
24825,8,2,7,5,9,7,8,4,6,9,8
24826,1,7,6,2,0,8,0,9,5,6,5
24827,9,9,9,6,7,1,5,3,2,0,6
24828,2,5,4,6,8,2,6,5,9,5,6
24829,2,3,4,6,8,2,6,8,9,5,6
24830,0,4,5,0,2,9,4,1,4,8,2
24831,2,3,4,6,8,2,6,8,9,5,6
24832,4,5,8,9,3,4,3,3,8,7,3
24833,2,3,4,6,8,2,6,8,9,5,6
24834,9,9,9,2,7,1,5,7,2,0,5
24835,7,1,0,3,4,6,1,5,7,3,4
24836,6,3,2,7,1,5,9,2,3,2,9
24837,4,5,8,9,3,4,3,3,8,7,3
24838,1,7,6,2,0,8,0,9,5,6,5
24839,9,9,9,2,7,1,5,7,2,0,5
24840,3,6,1,8,5,3,2,6,0,1,1
24841,6,3,2,7,1,5,9,2,3,2,9
24842,3,6,1,8,5,3,2,6,0,1,1
24843,8,2,7,5,9,7,8,4,6,9,8
24844,6,9,2,7,1,5,9,2,3,2,9
24845,2,3,4,6,8,2,6,8,9,5,6
24846,3,6,1,8,5,3,2,6,0,1,1
24847,9,2,9,5,7,1,5,3,2,0,8
24848,1,7,6,2,0,8,0,9,5,6,5
24849,6,3,2,7,1,5,9,2,3,2,9
24850,2,3,4,2,8,2,6,3,2,5,6
24851,2,5,4,7,8,2,6,3,2,5,9
24852,2,3,4,6,8,2,6,8,9,5,6
24853,2,3,4,6,8,2,6,8,9,5,6
24854,2,3,4,6,8,2,6,8,9,5,6
24855,8,2,7,5,9,7,8,4,8,9,8
24856,7,6,0,8,4,6,1,5,0,3,4
24857,2,3,4,6,8,2,6,8,9,5,6
24858,3,0,1,4,5,3,2,6,1,1,1
24859,9,9,9,2,7,1,5,3,2,0,8
24860,5,8,3,1,6,0,7,1,4,4,7
24861,3,0,1,4,5,3,2,6,1,1,1
24862,6,5,2,7,1,5,9,2,3,2,9
24863,9,9,9,2,7,1,5,7,2,0,5
24864,4,5,8,9,3,4,3,3,8,7,3
24865,6,5,2,7,1,5,9,2,3,2,9
24866,5,8,3,1,6,0,7,1,4,4,7
24867,7,1,0,3,4,6,1,5,7,3,4
24868,7,1,0,3,4,6,1,5,7,3,4
24869,5,8,3,1,6,0,7,1,4,4,7
24870,0,4,3,0,2,0,4,1,4,8,0
24871,4,5,8,9,3,4,3,3,8,7,3
24872,3,6,1,8,5,3,2,6,0,1,1
24873,8,2,5,5,9,9,8,4,6,9,2
24874,0,4,7,0,2,7,4,4,6,8,0
24875,2,3,4,6,8,2,6,8,9,5,6
24876,7,1,0,3,4,6,1,5,7,3,4
24877,2,0,4,4,8,2,6,3,1,5,6
24878,8,4,5,0,2,9,8,4,6,8,2
24879,9,9,9,2,7,1,5,7,2,0,5
24880,5,8,3,1,6,0,7,1,4,4,7
24881,6,5,2,7,1,5,9,2,3,2,9
24882,8,2,5,5,9,9,8,4,6,9,2
24883,1,7,6,6,0,8,0,9,5,6,6
24884,1,7,6,2,0,8,0,9,5,6,5
24885,5,8,7,1,6,7,7,4,6,4,7
24886,7,1,6,3,4,8,1,9,4,3,4
24887,2,3,4,6,8,2,6,8,9,5,6
24888,1,7,6,2,0,8,0,9,5,6,5
24889,2,3,4,6,8,2,6,8,9,5,6
24890,7,1,0,3,4,6,1,5,7,3,4
24891,0,4,7,0,2,7,4,1,4,8,0
24892,7,6,0,8,4,6,1,5,0,3,4
24893,3,0,1,4,5,3,2,6,1,1,1
24894,0,8,3,1,6,0,4,1,4,4,0
24895,9,9,9,2,7,1,5,7,2,0,5
24896,3,6,1,8,5,3,2,6,0,1,1
24897,6,5,2,7,1,5,9,2,3,2,9
24898,5,8,3,1,6,0,7,1,4,4,7
24899,4,5,8,9,3,4,3,3,8,7,3
24900,1,7,6,2,0,8,0,9,5,6,5
24901,8,2,7,5,9,7,8,4,6,9,8
24902,5,8,3,1,6,0,7,1,4,4,7
24903,2,3,4,6,8,2,6,8,9,5,6
24904,1,7,6,2,0,8,0,9,5,6,5
24905,4,5,8,9,3,4,3,0,8,7,3
24906,1,7,6,2,0,8,0,9,5,6,5
24907,8,2,5,5,9,9,8,4,6,9,2
24908,7,1,0,3,4,6,1,5,7,3,4
24909,2,3,4,6,8,2,6,8,9,5,6
24910,2,3,4,6,8,2,6,8,9,5,6
24911,8,2,7,5,9,7,8,4,6,9,8
24912,0,4,7,0,2,7,4,1,4,8,0
24913,3,0,1,4,5,3,2,6,1,1,1
24914,1,7,6,2,0,8,0,9,5,6,5
24915,9,9,9,2,7,1,5,7,2,0,5
24916,0,4,3,0,2,0,4,1,4,8,0
24917,8,4,5,0,9,9,8,4,6,9,2
24918,1,7,6,2,0,8,0,9,5,6,5
24919,8,2,7,5,9,7,8,4,6,9,8
24920,0,4,7,0,2,7,4,4,6,8,0
24921,2,3,4,6,8,2,6,3,9,5,6
24922,5,8,3,1,6,0,7,1,4,4,7
24923,9,9,9,2,7,1,5,7,2,0,5
24924,1,7,6,2,0,8,0,9,5,6,5
24925,9,3,9,2,7,1,5,7,2,0,5
24926,7,1,0,3,4,6,1,5,7,3,4
24927,0,4,5,0,2,9,4,4,6,8,2
24928,5,8,3,1,6,0,7,1,4,4,2
24929,0,4,7,0,2,7,4,1,4,8,0
24930,1,7,6,2,0,8,0,9,5,6,5
24931,7,1,0,3,4,6,1,3,7,3,4
24932,1,7,6,2,0,8,0,9,5,6,5
24933,9,9,9,2,7,1,5,7,2,0,5
24934,3,0,1,4,5,3,2,3,1,1,1
24935,8,2,5,5,9,9,8,4,6,9,2
24936,5,8,3,1,6,0,7,1,4,4,7
24937,2,3,4,6,8,2,6,8,9,5,6
24938,5,8,3,1,6,0,7,1,4,4,0
24939,5,8,3,2,6,0,7,9,5,4,5
24940,5,6,8,1,6,4,7,0,0,4,7
24941,0,4,7,0,2,7,4,1,6,8,0
24942,0,4,3,0,2,0,4,1,4,8,0
24943,6,5,2,7,1,5,9,2,3,2,9
24944,5,8,3,1,6,0,7,1,4,4,7
24945,1,7,6,2,0,8,0,3,5,6,5
24946,0,4,3,0,2,0,4,1,4,8,0
24947,0,4,7,0,2,7,4,4,6,8,0
24948,4,5,8,9,3,4,3,0,8,7,3
24949,1,7,7,2,0,8,0,4,6,6,5
24950,9,9,9,2,7,1,5,7,2,0,5
24951,9,9,9,2,7,1,5,3,2,0,5
24952,3,6,1,8,5,3,2,6,0,1,1
24953,2,3,4,6,8,2,6,8,9,5,6
24954,7,1,0,2,4,6,1,5,7,3,4
24955,4,7,6,9,3,8,3,3,8,7,3
24956,0,4,7,0,2,7,4,1,4,8,0
24957,4,7,6,9,3,8,3,3,5,7,3
24958,1,7,6,2,0,8,0,9,5,6,5
24959,9,9,9,2,7,1,5,7,2,0,5
24960,7,1,0,3,4,6,1,5,7,3,4
24961,6,5,2,7,1,5,9,2,3,2,9
24962,3,0,1,4,5,3,2,6,1,1,1
24963,4,5,8,9,3,4,3,0,8,7,3
24964,1,7,6,2,0,8,0,9,5,6,5
24965,7,1,0,3,4,6,1,3,7,3,4
24966,1,7,6,2,0,8,0,9,5,6,5
24967,8,4,7,5,9,7,8,4,6,9,8
24968,6,5,2,7,1,5,9,2,3,2,9
24969,7,1,0,3,4,6,1,5,7,3,4
24970,9,9,9,2,7,1,5,7,2,0,5
24971,5,5,6,2,0,8,7,9,5,6,5
24972,6,3,2,7,1,5,9,2,3,2,9
24973,9,9,9,2,7,1,5,7,2,0,5
24974,1,7,6,2,0,8,0,9,5,6,5
24975,0,4,5,0,2,9,4,4,6,8,2
24976,5,8,3,1,6,0,7,1,4,4,7
24977,8,2,7,5,9,7,8,4,6,9,0
24978,3,6,1,8,5,3,2,6,0,1,1
24979,9,9,9,2,7,1,5,7,2,0,5
24980,0,4,3,0,2,0,4,1,4,8,0
24981,9,9,9,2,7,1,5,7,2,0,5
24982,8,3,5,6,9,9,8,8,9,9,8
24983,8,2,5,5,9,9,8,4,6,9,8
24984,1,7,6,0,0,8,0,9,5,6,5
24985,3,6,1,8,5,3,2,6,0,1,1
24986,0,4,7,0,2,7,4,1,4,8,0
24987,7,1,0,3,4,6,1,5,7,3,4
24988,3,6,1,8,5,3,2,6,0,1,1
24989,7,1,0,3,4,6,1,5,7,3,4
24990,5,8,3,1,6,0,7,1,4,4,7
24991,8,2,7,5,9,7,8,4,6,9,8
24992,5,8,3,1,6,0,7,1,4,4,7
24993,3,0,1,4,5,3,2,6,1,1,1
24994,0,4,5,0,2,9,4,1,4,8,2
24995,7,1,0,3,4,6,1,5,7,3,4
24996,1,7,6,2,0,8,0,9,5,6,5
24997,6,5,2,7,1,5,9,2,3,2,9
24998,5,8,3,1,6,0,7,1,4,4,7
24999,8,2,7,5,9,9,8,4,6,9,8
25000,0,4,5,0,2,9,4,9,6,8,5
25001,9,9,9,2,7,1,5,7,2,0,8
25002,2,3,4,6,8,2,6,8,9,5,6
25003,9,9,9,2,7,1,5,7,2,0,5
25004,6,5,2,7,1,5,9,2,3,2,9
25005,3,0,1,4,5,3,2,3,1,1,1
25006,8,2,7,5,9,7,8,4,6,9,8
25007,7,1,0,3,4,6,1,5,7,3,4
25008,2,3,4,6,8,2,6,8,9,5,6
25009,0,4,5,0,2,9,4,4,6,8,2
25010,4,5,8,9,3,4,3,0,8,7,3
25011,8,4,5,0,2,9,8,4,6,8,2
25012,0,3,7,0,2,7,4,8,9,8,0
25013,8,2,5,5,9,9,8,4,6,9,2
25014,5,8,3,1,6,0,7,1,4,4,7
25015,9,9,9,2,7,1,5,7,2,0,5
25016,7,3,0,3,4,6,1,8,9,3,4
25017,6,5,2,7,1,5,9,2,3,2,9
25018,7,1,0,3,4,6,1,5,7,3,4
25019,0,4,7,0,2,7,4,4,6,8,0
25020,6,5,2,7,1,5,9,2,3,2,9
25021,0,4,5,0,2,9,4,4,6,8,2
25022,3,6,1,8,5,3,2,6,0,1,1
25023,2,5,4,6,8,2,6,3,9,5,6
25024,3,6,1,8,5,3,2,6,0,1,1
25025,2,3,4,6,8,2,6,8,9,5,6
25026,0,8,3,0,2,0,4,1,4,8,2
25027,9,9,9,2,7,1,5,7,2,0,5
25028,7,1,0,3,4,6,1,5,7,3,4
25029,6,5,2,7,1,5,9,2,3,2,9
25030,4,5,8,9,3,4,3,0,8,7,3
25031,4,5,8,9,3,4,3,0,8,7,3
25032,7,1,0,3,4,6,1,5,7,3,4
25033,7,1,0,3,4,6,1,5,7,3,4
25034,9,9,9,2,7,1,5,7,2,0,5
25035,4,5,8,9,3,4,3,0,8,7,3
25036,1,7,6,0,0,8,0,9,5,6,0
25037,4,5,8,9,3,4,3,0,8,7,3
25038,6,5,2,7,1,5,9,2,3,2,9
25039,3,0,1,4,5,3,2,6,1,1,1
25040,7,1,0,3,4,6,1,5,7,3,4
25041,6,5,2,7,1,5,9,2,3,2,9
25042,1,7,6,2,0,8,0,9,5,6,5
25043,2,3,4,6,8,2,6,8,9,5,6
25044,1,7,7,0,0,7,0,9,5,6,0
25045,9,9,9,2,7,1,5,7,2,0,5
25046,0,4,3,0,2,0,4,1,4,8,0
25047,4,5,8,9,3,4,3,0,8,7,3
25048,0,4,7,0,2,7,4,3,4,8,0
25049,9,9,9,2,7,1,5,7,2,0,5
25050,8,2,7,5,9,7,8,4,6,9,8
25051,3,0,1,4,5,3,2,6,1,1,1
25052,1,7,6,2,0,8,0,9,5,6,5
25053,8,2,7,5,9,7,8,4,6,9,8
25054,9,9,9,2,7,1,5,7,2,0,5
25055,3,0,1,4,5,3,2,6,1,1,1
25056,5,8,3,1,6,0,7,1,4,4,0
25057,9,9,9,2,7,1,5,7,2,0,5
25058,6,2,2,7,1,5,9,2,3,2,9
25059,4,5,8,9,3,4,3,3,8,7,3
25060,0,4,5,0,2,9,4,4,6,8,2
25061,9,9,9,2,7,1,5,7,2,0,5
25062,0,4,5,0,2,9,4,4,6,8,2
25063,8,2,5,5,9,9,8,4,6,9,8
25064,1,7,6,2,0,8,0,9,5,6,5
25065,3,6,1,8,5,3,2,6,0,1,1
25066,8,2,7,5,9,7,8,3,6,9,8
25067,1,7,6,2,0,8,0,9,5,6,5
25068,1,7,6,2,0,8,0,9,5,6,5
25069,6,5,2,7,1,5,9,2,3,2,9
25070,0,4,5,0,2,9,4,4,6,8,2
25071,7,1,0,3,4,6,1,5,7,3,4
25072,7,1,0,3,4,6,1,5,7,3,0
25073,0,8,3,1,6,0,4,1,4,4,0
25074,8,2,7,5,9,7,8,4,6,9,8
25075,0,4,7,0,2,7,4,1,4,8,0
25076,4,5,8,9,3,4,3,0,8,7,3
25077,4,5,8,9,3,4,3,0,8,7,3
25078,7,1,0,3,4,6,1,5,7,3,4
25079,8,2,5,5,9,9,8,4,6,9,2
25080,7,1,0,3,4,6,1,5,7,3,4
25081,2,3,4,6,8,2,6,8,9,5,6
25082,3,6,1,8,5,3,2,6,0,1,1
25083,0,4,3,0,2,0,4,1,4,8,0
25084,1,7,6,2,0,8,0,9,5,6,5
25085,3,6,1,8,5,3,2,6,0,1,1
25086,5,8,3,1,6,0,7,1,4,4,7
25087,1,7,6,2,0,8,0,9,5,6,5
25088,6,5,2,7,1,5,9,2,3,2,9
25089,6,5,2,7,1,5,9,2,3,2,9
25090,4,5,8,9,3,4,3,3,8,7,3
25091,7,1,0,3,4,6,1,5,7,3,4
25092,9,9,9,2,7,1,5,3,2,0,5
25093,5,8,3,1,6,0,7,1,4,4,7
25094,7,1,0,3,4,6,1,5,7,3,4
25095,0,4,5,0,2,9,4,1,4,8,2
25096,7,1,0,3,4,6,1,3,7,3,4
25097,2,3,4,6,8,2,6,8,9,5,6
25098,4,5,8,9,3,4,3,3,8,7,3
25099,8,2,7,5,9,7,8,4,6,9,8
25100,5,8,3,1,6,0,7,1,4,4,7
25101,3,6,1,8,5,3,2,6,0,1,1
25102,4,5,8,9,3,4,3,0,8,7,3
25103,9,9,9,2,7,1,5,7,2,0,5
25104,4,5,8,9,3,4,3,0,8,7,3
25105,6,5,2,7,1,5,9,2,3,2,9
25106,7,1,0,3,4,6,1,5,7,3,4
25107,7,1,0,3,4,6,1,5,7,3,4
25108,4,5,8,9,3,4,3,0,8,7,3
25109,0,4,7,0,2,7,4,4,6,8,0
25110,0,4,5,0,2,9,4,4,6,8,2
25111,8,2,7,5,9,7,8,3,6,9,8
25112,9,9,9,2,7,1,5,7,2,0,5
25113,4,5,8,9,3,4,3,0,8,7,3
25114,0,4,7,0,2,7,4,4,6,8,0
25115,8,2,5,5,9,9,8,4,6,9,8
25116,2,9,4,7,8,2,6,3,3,5,9
25117,2,3,4,6,8,2,6,8,9,5,6
25118,1,7,6,2,0,8,0,9,5,6,5
25119,8,4,7,5,9,7,8,4,6,9,0
25120,2,3,4,6,8,2,6,8,9,5,6
25121,0,4,5,0,2,9,4,4,6,8,2
25122,6,5,2,7,1,5,9,2,3,2,9
25123,8,2,5,5,9,9,8,4,6,9,8
25124,1,7,6,2,0,8,0,9,5,6,5
25125,0,4,7,0,2,7,4,4,6,8,0
25126,8,2,5,2,9,9,8,4,6,9,5
25127,7,1,0,3,4,6,1,5,7,3,4
25128,0,4,3,0,2,0,4,1,4,8,2
25129,1,7,6,2,0,8,0,9,5,6,5
25130,8,2,5,5,9,9,8,4,6,9,8
25131,7,3,0,6,4,6,1,8,9,3,4
25132,7,1,0,3,4,6,1,5,7,3,4
25133,8,2,5,5,9,9,8,4,6,9,8
25134,5,8,3,1,6,0,7,1,4,4,7
25135,4,5,8,9,3,4,3,0,8,7,3
25136,6,9,2,7,1,5,9,2,3,2,9
25137,3,8,1,1,5,3,2,6,0,1,7
25138,9,9,9,6,7,1,5,7,2,0,5
25139,6,5,2,7,1,5,9,2,3,2,9
25140,8,2,5,5,9,9,8,4,6,9,8
25141,4,5,8,9,3,4,3,0,8,7,3
25142,4,5,8,9,3,4,3,0,8,7,3
25143,2,3,4,6,8,2,6,8,9,5,6
25144,4,1,8,9,3,4,3,0,8,7,3
25145,7,1,0,3,4,6,1,5,7,3,4
25146,7,1,0,3,4,6,1,5,7,3,4
25147,6,5,2,7,1,5,9,2,3,2,9
25148,9,9,9,2,7,1,5,9,2,0,5
25149,7,1,0,3,4,6,1,5,7,3,4
25150,6,5,2,7,1,5,9,2,3,2,9
25151,1,7,6,2,0,8,0,9,5,6,5
25152,7,1,0,3,4,6,1,0,7,3,4
25153,1,7,6,2,0,8,0,9,5,6,5
25154,0,4,3,0,2,0,4,1,4,8,0
25155,0,4,5,0,2,9,4,1,4,8,2
25156,1,7,6,3,0,8,0,9,5,6,4
25157,3,0,1,4,5,3,2,6,1,1,1
25158,0,4,3,0,2,0,4,8,9,8,0
25159,4,1,8,9,3,4,3,5,8,7,3
25160,8,2,5,5,9,9,8,4,6,9,8
25161,0,4,7,0,2,7,4,4,6,8,2
25162,5,8,3,1,6,0,7,1,4,4,7
25163,1,7,9,2,0,1,0,7,5,6,5
25164,7,1,0,3,4,6,1,5,7,3,4
25165,4,5,8,9,3,4,3,0,8,7,3
25166,3,6,1,8,5,3,2,6,0,1,1
25167,3,6,1,8,5,3,2,6,0,1,1
25168,0,4,3,0,2,0,4,1,4,8,0
25169,8,2,7,5,9,7,8,4,6,9,8
25170,5,8,3,1,6,0,7,1,4,4,7
25171,4,5,8,9,3,4,3,0,8,7,3
25172,7,1,0,3,4,6,1,5,7,3,4
25173,8,2,7,5,9,7,8,4,6,9,8
25174,7,1,0,3,4,6,1,5,7,3,4
25175,8,2,7,5,9,7,8,4,6,9,8
25176,4,5,8,9,3,4,3,0,8,7,3
25177,2,0,4,6,8,2,6,3,4,5,6
25178,3,0,1,4,5,3,2,6,1,1,1
25179,2,3,4,6,8,2,6,8,9,5,6
25180,5,8,3,1,6,0,7,1,4,4,7
25181,3,6,1,8,5,3,2,6,0,1,1
25182,5,8,3,1,6,0,7,1,4,4,7
25183,4,5,8,9,3,4,3,0,8,7,3
25184,0,4,7,0,2,7,4,4,6,8,0
25185,6,5,2,7,1,5,9,2,3,2,9
25186,7,1,0,3,4,6,1,5,7,3,4
25187,7,1,0,3,4,6,1,5,7,3,4
25188,0,4,7,0,2,7,4,1,4,8,0
25189,1,7,6,2,0,8,0,9,5,6,5
25190,7,1,0,3,4,6,1,5,7,3,4
25191,7,1,0,3,4,6,1,5,7,3,4
25192,3,0,1,4,5,3,2,6,1,1,1
25193,4,5,8,9,3,4,3,0,8,7,3
25194,5,8,3,1,6,0,7,1,4,4,7
25195,2,3,4,6,8,2,6,8,9,5,6
25196,9,9,9,2,7,1,5,7,2,0,5
25197,9,9,9,2,7,1,5,7,2,0,8
25198,2,0,4,4,8,2,6,3,1,5,6
25199,3,6,1,8,5,3,2,6,0,1,1
25200,1,7,6,2,0,8,0,9,5,6,5
25201,0,4,5,0,2,9,4,1,4,8,2
25202,1,7,6,2,0,8,0,9,5,6,5
25203,2,3,4,6,8,2,6,3,4,5,6
25204,4,5,8,9,3,4,3,0,8,7,3
25205,2,3,4,6,8,2,6,8,9,5,6
25206,3,6,1,8,5,3,2,6,0,1,1
25207,7,3,0,6,4,6,6,8,9,3,6
25208,7,1,6,3,4,8,1,5,7,3,4
25209,7,1,0,3,4,6,1,5,7,3,4
25210,7,1,0,3,4,6,1,5,7,3,4
25211,8,2,5,5,9,9,8,4,6,9,8
25212,0,4,4,0,2,2,6,8,9,8,6
25213,2,3,4,6,8,2,6,8,9,5,6
25214,3,6,1,8,5,3,2,6,0,1,1
25215,5,8,3,1,6,0,7,1,4,4,0
25216,0,4,7,0,2,7,4,4,6,8,0
25217,6,5,2,7,1,5,9,2,3,2,9
25218,5,8,3,1,6,0,7,1,4,4,7
25219,4,5,8,9,3,4,3,0,8,7,3
25220,9,9,9,2,7,1,5,7,2,0,5
25221,6,5,2,7,1,5,9,2,3,2,9
25222,7,1,0,3,4,6,1,5,7,3,4
25223,0,8,3,1,2,0,4,1,4,4,0
25224,0,4,3,0,2,0,4,1,4,8,0
25225,7,1,0,3,4,6,1,5,7,3,4
25226,4,5,8,9,3,4,3,0,8,7,3
25227,1,7,6,2,0,8,0,9,5,6,5
25228,2,3,4,6,8,2,6,8,9,5,6
25229,0,4,5,0,2,9,4,4,6,8,2
25230,1,7,6,2,0,8,0,9,5,6,5
25231,7,1,0,3,4,6,1,5,7,3,4
25232,9,9,9,2,7,1,5,7,2,0,5
25233,0,4,3,0,2,0,4,1,4,8,7
25234,5,8,8,1,6,4,7,0,8,4,7
25235,9,9,9,2,7,1,5,7,2,0,5
25236,2,3,4,6,8,2,6,8,9,5,6
25237,5,8,3,1,6,0,7,1,4,4,7
25238,7,9,0,3,4,6,1,5,7,3,4
25239,0,4,3,0,2,0,4,1,4,8,0
25240,7,1,0,3,4,6,1,5,7,3,4
25241,4,5,8,9,3,4,3,0,8,7,3
25242,0,4,5,0,2,9,4,1,4,8,2
25243,3,6,1,8,5,3,2,6,0,1,1
25244,1,7,6,2,0,8,0,9,5,6,5
25245,7,1,0,3,4,6,1,5,7,3,4
25246,4,1,8,2,3,4,3,3,7,7,5
25247,8,4,7,0,9,7,8,4,6,9,0
25248,0,4,7,0,2,7,4,1,4,8,0
25249,6,5,2,7,1,5,9,2,3,2,9
25250,2,3,4,6,8,2,6,8,9,5,6
25251,2,3,4,6,8,2,6,8,9,5,6
25252,3,0,1,4,5,3,2,6,1,1,1
25253,9,9,9,2,7,1,5,7,2,0,5
25254,7,1,0,3,4,6,1,5,7,3,4
25255,5,8,3,1,6,0,7,1,4,4,7
25256,7,1,0,3,4,6,1,5,7,3,4
25257,7,1,0,3,4,6,1,5,7,3,4
25258,0,8,3,1,6,0,7,1,4,4,0
25259,5,8,3,2,6,0,7,1,4,4,5
25260,5,8,3,1,6,0,7,1,4,4,7
25261,6,5,2,7,1,5,9,2,3,2,9
25262,7,1,0,3,4,6,1,5,7,3,4
25263,8,2,7,5,9,7,8,4,6,9,8
25264,9,9,9,2,7,1,5,7,2,0,5
25265,6,5,2,7,1,5,9,2,3,2,9
25266,1,7,6,2,0,8,0,9,5,6,5
25267,8,2,7,5,9,7,8,4,6,9,8
25268,1,7,6,2,0,8,0,9,5,6,5
25269,9,9,9,2,7,1,5,7,2,0,5
25270,5,5,8,1,6,4,7,0,8,4,7
25271,4,5,8,9,3,4,3,3,8,7,3
25272,6,5,2,7,1,5,9,2,3,2,9
25273,9,9,9,2,7,1,5,7,2,0,5
25274,1,7,6,2,0,8,0,9,5,6,5
25275,2,3,4,6,8,2,6,8,9,5,6
25276,2,3,4,6,8,2,6,8,9,5,6
25277,8,2,7,5,9,7,8,4,6,9,0
25278,3,6,1,8,5,3,2,6,0,1,1
25279,8,2,7,5,9,7,8,4,6,9,8
25280,5,8,3,1,6,0,7,1,4,4,7
25281,2,0,4,4,8,2,6,3,1,5,6
25282,7,1,0,3,4,6,1,5,7,3,4
25283,8,2,7,5,9,7,8,3,2,9,8
25284,1,7,6,2,0,8,0,9,5,6,5
25285,3,6,1,8,5,3,2,6,0,1,1
25286,1,7,6,0,0,8,0,9,5,6,2
25287,1,7,6,2,0,8,0,9,5,6,5
25288,5,8,3,1,6,0,7,1,4,4,0
25289,6,5,2,7,1,5,9,2,3,2,9
25290,3,6,1,8,5,3,2,6,0,1,1
25291,7,1,0,3,4,6,1,5,7,3,4
25292,5,8,3,1,6,0,7,1,4,4,7
25293,5,8,3,1,6,0,7,1,4,4,0
25294,1,7,6,3,0,8,0,9,5,6,4
25295,7,1,0,3,4,6,1,5,7,3,4
25296,7,1,0,3,4,6,1,5,7,3,4
25297,3,6,8,8,3,4,3,0,0,7,7
25298,0,4,5,0,2,9,4,9,6,8,0
25299,0,4,5,0,2,9,4,4,6,8,2
25300,5,8,3,1,6,0,7,1,4,4,7
25301,3,6,1,8,5,3,2,6,0,1,1
25302,9,9,9,2,7,1,5,7,2,0,5
25303,0,4,3,0,2,0,4,1,4,8,0
25304,3,6,1,8,5,3,2,6,0,1,1
25305,3,6,1,8,5,3,2,6,0,1,1
25306,4,5,8,9,3,4,3,0,8,7,3
25307,1,7,6,6,0,8,0,9,5,6,6
25308,1,7,6,2,0,8,0,9,5,6,5
25309,1,7,6,2,0,8,0,9,5,6,7
25310,1,7,6,2,0,8,0,9,5,6,5
25311,7,1,0,3,4,6,1,5,7,3,4
25312,3,6,1,8,5,3,2,6,0,1,1
25313,5,8,3,1,6,0,7,1,4,4,7
25314,8,2,5,5,9,9,8,4,6,9,2
25315,5,8,3,1,6,0,7,1,4,4,7
25316,4,5,8,9,3,4,3,0,8,7,3
25317,5,5,8,8,3,4,3,0,8,7,7
25318,1,7,6,2,0,8,0,9,5,6,5
25319,8,2,5,5,9,9,8,4,6,9,2
25320,7,1,0,3,4,6,1,5,7,3,4
25321,3,6,1,8,5,3,2,6,0,1,1
25322,9,9,9,2,7,1,5,7,2,0,5
25323,0,8,3,0,2,0,4,1,4,8,0
25324,1,7,6,2,0,8,0,9,5,6,5
25325,3,6,1,8,5,3,2,6,0,1,1
25326,0,4,3,0,2,0,4,1,4,8,0
25327,1,7,6,2,0,8,0,9,5,6,5
25328,1,7,6,2,0,8,0,9,5,6,5
25329,6,1,2,7,1,5,9,2,3,2,9
25330,5,8,3,1,6,0,7,1,4,4,7
25331,7,1,0,3,4,6,1,5,7,3,4
25332,4,7,8,9,3,4,3,3,8,7,3
25333,5,8,3,1,6,0,7,1,4,4,7
25334,5,8,3,1,6,0,7,1,4,4,7
25335,7,1,0,3,4,6,1,5,7,3,4
25336,1,7,6,2,0,8,0,9,5,6,5
25337,4,5,8,9,3,4,3,0,8,7,3
25338,5,5,8,1,6,4,7,0,8,4,7
25339,0,4,5,0,2,9,4,4,6,8,2
25340,4,5,8,9,3,4,3,0,8,7,3
25341,3,6,1,8,5,3,2,6,0,1,1
25342,2,0,4,4,8,2,6,3,1,5,6
25343,5,8,3,1,6,0,7,1,4,4,7
25344,4,5,4,9,8,2,6,3,8,5,3
25345,4,5,8,9,3,4,3,0,8,7,3
25346,1,7,6,2,0,8,0,9,5,6,5
25347,0,4,7,0,2,7,4,1,4,8,0
25348,8,2,5,5,9,9,8,4,6,9,2
25349,6,5,2,7,1,5,9,2,3,2,9
25350,5,8,3,1,6,0,7,1,4,4,7
25351,4,5,8,9,3,4,3,0,8,7,3
25352,1,7,6,2,0,8,0,9,5,6,5
25353,0,4,3,0,2,7,4,1,4,8,0
25354,1,7,6,2,0,8,0,9,5,6,5
25355,0,4,5,0,2,0,4,1,4,8,2
25356,7,1,0,3,4,6,1,5,7,3,4
25357,7,1,0,3,4,6,1,5,7,3,4
25358,5,5,8,1,6,4,7,0,8,4,7
25359,7,1,0,3,4,6,1,5,7,3,4
25360,2,3,4,6,8,2,6,8,9,5,6
25361,0,8,3,0,2,0,4,1,4,8,0
25362,2,3,4,6,8,2,6,8,9,5,6
25363,0,4,5,0,2,9,4,4,6,8,2
25364,1,7,6,2,0,8,0,9,5,6,5
25365,7,3,0,6,4,6,1,8,9,3,4
25366,3,6,1,8,5,3,2,6,0,1,1
25367,5,8,3,1,6,0,7,1,4,4,7
25368,4,7,8,9,3,4,3,3,8,7,3
25369,6,5,2,7,1,5,9,2,3,2,9
25370,8,2,5,5,9,9,8,4,6,9,2
25371,5,8,3,1,6,0,7,1,4,4,7
25372,0,8,3,1,6,0,7,1,4,4,0
25373,7,1,0,3,4,6,1,5,7,3,4
25374,4,5,8,9,3,4,3,0,8,7,3
25375,0,8,3,1,6,0,4,1,4,4,0
25376,5,8,3,1,6,0,7,1,4,4,0
25377,7,1,0,3,4,6,1,5,7,3,4
25378,0,4,7,0,2,7,4,1,4,8,0
25379,7,1,0,3,4,6,1,5,7,3,4
25380,0,4,3,0,2,0,4,1,4,8,0
25381,6,5,2,7,1,5,9,2,3,2,9
25382,5,8,7,1,6,7,7,1,4,4,7
25383,3,6,1,8,5,3,2,6,0,1,1
25384,5,8,3,1,6,0,7,1,4,4,7
25385,0,4,3,0,2,0,4,1,4,8,0
25386,3,6,1,8,5,3,2,6,0,1,1
25387,7,1,0,3,4,6,1,5,7,3,4
25388,2,3,4,6,8,2,6,8,9,5,6
25389,3,6,1,8,5,3,2,6,0,1,1
25390,4,0,8,4,3,4,3,3,1,7,3
25391,7,1,0,3,4,6,1,5,7,3,4
25392,0,8,3,1,6,0,4,1,4,4,2
25393,4,5,8,9,3,4,3,0,8,7,3
25394,1,7,6,2,0,8,0,9,5,6,5
25395,3,6,1,8,5,3,2,6,0,1,1
25396,0,8,3,1,6,0,4,1,4,4,0
25397,1,7,6,2,0,8,0,9,5,6,5
25398,7,1,0,3,4,6,1,5,7,3,4
25399,3,6,1,8,5,3,2,6,0,1,1
25400,7,1,0,3,4,6,1,5,7,3,4
25401,0,8,3,1,6,0,7,1,4,4,0
25402,7,1,0,3,4,6,1,5,7,3,4
25403,6,5,2,7,1,5,9,2,3,2,9
25404,0,4,7,0,2,7,4,1,4,8,0
25405,4,5,8,9,3,4,3,0,8,7,3
25406,6,5,2,7,1,5,9,2,3,2,9
25407,7,1,0,3,4,6,1,5,7,3,4
25408,3,6,1,8,5,3,2,6,0,1,1
25409,7,1,0,3,4,6,1,5,7,3,4
25410,5,8,3,1,6,0,7,1,4,4,7
25411,7,1,0,3,4,6,1,5,7,3,4
25412,1,7,6,2,0,8,0,9,5,6,5
25413,7,1,0,3,4,6,1,5,7,3,4
25414,1,9,9,2,7,1,5,7,5,0,5
25415,7,1,0,3,4,6,1,5,7,3,4
25416,1,7,6,2,0,8,0,9,5,6,5
25417,2,3,4,6,8,2,6,8,9,5,6
25418,0,4,6,0,2,8,4,8,5,8,0
25419,0,4,3,0,2,0,4,1,4,8,0
25420,3,0,1,4,5,3,2,3,1,1,1
25421,1,7,6,2,0,8,0,9,5,6,5
25422,5,5,8,1,6,4,7,0,8,4,7
25423,7,1,0,3,4,6,1,5,7,3,4
25424,4,5,8,9,3,4,3,0,8,7,3
25425,7,1,0,3,4,6,1,5,7,3,4
25426,8,2,5,5,9,9,8,4,6,9,2
25427,3,0,1,4,5,3,2,6,1,1,1
25428,1,7,6,2,0,8,0,9,5,6,5
25429,7,1,0,3,4,6,1,5,7,3,4
25430,2,3,4,6,8,2,6,3,9,5,6
25431,7,1,0,3,4,6,1,5,7,3,4
25432,5,8,3,1,6,0,7,1,4,4,7
25433,3,6,1,8,5,3,2,6,0,1,1
25434,1,7,6,2,0,8,0,9,5,6,5
25435,4,5,8,9,3,4,3,0,8,7,3
25436,1,7,6,2,0,8,0,9,5,6,5
25437,6,5,2,7,1,5,9,2,3,2,9
25438,0,4,3,0,2,0,4,1,4,8,0
25439,0,4,5,0,2,9,4,4,6,8,2
25440,2,3,4,6,8,2,6,3,9,5,6
25441,1,7,6,2,0,8,0,9,5,6,5
25442,7,1,0,3,4,6,1,5,7,3,4
25443,1,7,6,2,0,8,0,9,5,6,5
25444,8,2,5,5,9,9,8,4,6,9,8
25445,7,1,0,3,4,6,1,5,7,3,4
25446,5,8,3,1,6,0,7,1,4,4,0
25447,1,7,6,2,0,8,0,9,5,6,5
25448,1,7,6,2,0,8,0,9,5,6,5
25449,8,4,5,5,9,9,8,4,6,9,2
25450,1,7,6,2,0,8,0,9,5,6,5
25451,1,7,6,2,0,8,0,9,5,6,5
25452,0,4,6,0,2,8,4,9,5,8,0
25453,7,1,0,3,4,6,1,5,7,3,4
25454,2,3,4,6,8,2,6,8,9,5,6
25455,7,3,0,6,4,6,1,8,9,3,6
25456,5,8,3,1,6,0,7,1,4,4,7
25457,7,1,0,3,4,6,1,5,7,3,4
25458,8,2,5,5,9,9,8,4,6,9,2
25459,6,5,2,7,1,5,9,2,3,2,9
25460,3,6,1,8,5,3,2,6,0,1,1
25461,3,6,1,8,5,3,2,6,0,1,1
25462,6,5,8,7,1,4,9,0,8,2,9
25463,0,8,3,1,6,0,4,1,4,4,0
25464,0,4,6,0,2,8,4,9,5,8,5
25465,0,4,5,0,2,9,4,1,4,8,2
25466,2,3,4,6,8,2,6,8,9,5,6
25467,4,5,8,9,3,4,3,0,8,7,3
25468,7,1,0,3,4,6,1,5,7,3,4
25469,8,4,5,5,9,9,8,4,6,9,2
25470,0,5,8,9,2,4,3,3,8,8,0
25471,0,4,3,0,2,0,4,1,4,8,0
25472,5,8,3,1,6,0,7,1,4,4,7
25473,1,7,6,2,0,8,0,9,5,6,5
25474,9,9,9,2,7,1,5,7,2,0,5
25475,4,5,8,9,3,4,3,0,8,7,3
25476,6,9,2,7,1,5,9,2,3,2,9
25477,7,3,0,6,4,6,1,8,9,3,4
25478,1,7,6,2,0,8,0,9,5,6,5
25479,0,4,7,0,2,7,4,1,4,8,0
25480,7,1,0,3,4,6,1,5,7,3,4
25481,0,4,5,0,2,9,4,1,4,8,2
25482,9,9,9,2,7,1,5,7,2,0,5
25483,7,1,0,3,4,6,1,5,7,3,4
25484,8,2,7,5,9,7,8,4,6,9,8
25485,1,7,6,2,0,8,0,9,5,6,5
25486,6,3,2,7,1,5,9,2,3,2,9
25487,6,5,2,7,1,5,9,2,3,2,9
25488,5,8,3,1,6,0,7,1,4,4,7
25489,4,5,8,9,3,4,3,0,8,7,3
25490,5,8,3,1,6,0,7,1,4,4,7
25491,0,4,5,0,2,9,4,4,6,8,2
25492,6,5,2,7,1,5,9,2,3,2,9
25493,5,8,3,1,6,0,7,1,4,4,7
25494,7,1,0,3,4,6,1,5,7,3,4
25495,7,8,0,1,4,6,1,8,7,3,7
25496,1,7,6,2,0,8,0,9,5,6,5
25497,3,0,1,4,5,3,2,6,1,1,1
25498,8,2,7,5,9,7,8,4,6,9,8
25499,4,5,8,9,3,4,3,0,8,7,3
25500,0,4,5,0,2,9,4,1,4,8,2
25501,5,8,3,1,6,0,7,1,4,4,7
25502,0,8,3,1,6,0,4,1,4,4,0
25503,5,8,3,1,6,0,7,1,4,4,0
25504,1,7,6,2,0,8,0,9,5,6,5
25505,4,5,8,9,3,4,3,0,8,7,3
25506,0,4,5,0,2,9,4,1,4,8,2
25507,6,5,2,7,1,5,9,2,3,2,9
25508,1,7,6,2,0,8,0,9,5,6,5
25509,7,1,0,3,4,6,1,5,7,3,4
25510,6,1,2,7,1,5,9,2,3,2,9
25511,0,4,5,0,2,9,4,4,6,8,2
25512,3,0,1,4,5,3,2,3,1,1,1
25513,1,7,6,2,0,8,0,9,5,6,5
25514,7,3,0,6,4,6,1,8,9,3,4
25515,0,4,3,0,2,0,4,1,4,8,0
25516,9,9,9,2,7,1,5,7,2,0,5
25517,6,5,2,7,1,5,9,2,3,2,9
25518,3,6,1,8,5,3,2,6,0,1,1
25519,6,5,2,7,1,5,9,2,3,2,9
25520,4,5,8,9,3,4,3,0,8,7,3
25521,7,1,0,3,4,6,1,5,7,3,4
25522,0,4,5,0,2,9,4,4,6,8,2
25523,7,1,0,3,4,6,1,5,7,3,4
25524,9,9,9,2,7,1,5,7,2,0,5
25525,0,4,5,0,2,9,4,4,6,8,2
25526,6,9,2,7,1,5,9,2,3,2,9
25527,2,3,4,6,8,2,6,8,9,5,6
25528,7,1,0,3,4,6,1,5,7,3,4
25529,3,6,1,8,5,3,2,6,0,1,1
25530,6,5,2,7,1,5,9,2,3,2,9
25531,1,7,6,2,0,8,0,9,5,6,5
25532,0,4,7,0,2,7,4,4,6,8,0
25533,6,9,2,7,1,5,9,2,3,2,9
25534,0,4,7,0,2,7,4,4,6,8,0
25535,7,1,0,3,4,6,1,5,7,3,4
25536,7,1,0,3,4,6,1,5,7,3,4
25537,1,7,6,2,0,8,0,9,5,6,5
25538,7,1,0,3,4,6,1,5,7,3,4
25539,2,1,4,3,8,2,6,5,7,5,6
25540,1,7,6,2,0,8,0,9,5,6,5
25541,4,5,8,9,3,4,3,0,8,7,3
25542,3,6,1,8,5,3,2,6,0,1,1
25543,0,4,5,0,2,9,4,4,6,8,2
25544,1,7,6,2,0,8,0,9,5,6,5
25545,2,3,4,6,8,2,6,8,9,5,6
25546,4,5,8,9,3,4,3,0,8,7,3
25547,3,6,1,8,5,3,2,6,0,1,1
25548,6,5,2,7,1,5,9,2,3,2,9
25549,1,7,6,2,0,8,0,9,5,6,5
25550,0,4,7,0,2,7,4,1,4,8,0
25551,6,5,2,7,1,5,9,2,3,2,9
25552,9,9,9,2,7,1,5,7,2,0,5
25553,2,9,4,7,8,2,6,3,2,5,6
25554,0,4,5,0,2,9,4,4,6,8,2
25555,0,4,7,0,2,7,4,1,4,8,0
25556,7,1,0,3,4,6,1,5,7,3,4
25557,2,3,4,6,8,2,6,8,9,5,6
25558,5,8,3,1,6,0,7,1,4,4,7
25559,4,5,8,9,3,4,3,0,8,7,3
25560,7,1,0,3,4,6,1,5,7,3,4
25561,0,4,5,0,2,9,4,4,6,8,2
25562,8,2,5,5,9,9,8,4,6,9,8
25563,2,3,4,6,8,2,6,8,9,5,6
25564,9,9,9,2,7,1,5,7,2,0,5
25565,0,4,7,0,2,7,4,4,6,8,0
25566,7,1,0,3,4,6,1,5,7,3,4
25567,3,6,1,8,5,3,2,6,0,1,1
25568,1,7,6,2,0,8,0,9,5,6,5
25569,1,7,6,2,0,8,0,9,5,6,5
25570,6,5,2,7,1,5,9,2,3,2,9
25571,6,5,2,7,1,5,9,2,3,2,9
25572,5,5,8,9,3,4,7,0,8,7,7
25573,2,3,4,6,8,2,6,8,9,5,6
25574,6,5,2,7,1,5,9,2,3,2,9
25575,0,4,7,0,2,7,4,1,4,8,0
25576,2,3,4,6,8,2,6,8,9,5,6
25577,3,0,1,4,5,3,2,3,1,1,1
25578,1,7,6,2,0,8,0,9,5,6,5
25579,4,5,8,9,3,4,3,0,8,7,3
25580,7,1,0,3,4,6,1,5,7,3,4
25581,8,2,5,5,9,9,8,4,6,9,2
25582,2,3,4,6,8,2,6,8,9,5,6
25583,2,3,4,6,8,2,6,8,9,5,6
25584,3,0,1,4,5,3,2,6,1,1,1
25585,0,4,7,0,2,7,4,4,6,8,8
25586,9,5,2,7,7,5,5,3,2,0,9
25587,2,3,4,6,8,2,6,8,9,5,6
25588,2,3,4,6,8,2,6,8,9,5,6
25589,0,4,3,0,2,7,4,1,4,8,0
25590,2,3,4,6,8,2,6,8,9,5,6
25591,6,5,2,7,1,5,9,2,3,2,9
25592,9,9,9,2,7,1,5,7,2,0,5
25593,4,5,8,9,3,4,3,0,8,7,3
25594,0,4,5,0,2,9,4,4,6,8,2
25595,1,7,6,2,0,8,0,9,5,6,5
25596,1,7,6,2,0,8,0,9,5,6,5
25597,0,4,5,0,2,9,4,4,6,8,2
25598,7,7,6,3,4,8,1,9,5,3,0
25599,4,5,8,9,3,4,3,0,8,7,3
25600,1,7,6,2,0,8,0,9,5,6,5
25601,7,1,0,3,4,6,1,5,7,3,4
25602,0,4,3,0,2,0,4,1,4,8,0
25603,7,1,0,3,4,6,1,5,7,3,4
25604,0,8,3,1,6,0,7,1,4,4,0
25605,0,4,7,0,2,7,4,1,4,8,0
25606,1,7,6,2,0,8,0,9,5,6,5
25607,2,3,4,6,8,2,6,8,9,5,6
25608,4,5,8,9,3,4,3,3,8,7,3
25609,6,5,2,7,1,5,9,2,3,2,9
25610,0,4,3,0,2,0,4,1,4,8,0
25611,4,5,8,9,3,4,3,0,8,7,3
25612,5,8,3,1,6,0,7,1,4,4,7
25613,8,2,7,5,9,7,8,4,6,9,8
25614,2,3,4,6,8,2,6,3,9,5,3
25615,0,4,3,0,2,0,4,1,4,8,2
25616,5,8,3,1,6,0,7,1,4,4,7
25617,6,5,2,7,1,5,9,2,3,2,9
25618,6,9,2,7,1,5,9,2,3,2,9
25619,7,1,0,3,4,6,1,5,7,3,4
25620,2,3,4,6,8,2,6,8,9,5,6
25621,0,4,3,0,2,0,4,1,4,8,0
25622,1,7,6,2,0,8,0,9,5,6,5
25623,2,3,4,6,8,2,6,5,9,5,6
25624,2,3,4,6,8,2,6,8,9,5,6
25625,0,4,7,0,2,7,4,4,6,8,0
25626,3,6,1,8,5,3,2,6,0,1,1
25627,6,5,2,7,1,5,9,2,3,2,9
25628,1,7,6,2,0,8,0,9,5,6,5
25629,3,6,1,8,5,3,2,6,0,1,1
25630,7,1,0,3,4,6,1,5,7,3,4
25631,7,1,0,3,4,6,1,5,7,3,4
25632,6,5,2,7,1,5,9,2,3,2,9
25633,5,8,3,1,6,0,7,1,4,4,7
25634,5,8,3,1,6,0,7,1,4,4,7
25635,0,4,7,0,2,7,4,4,6,8,0
25636,5,8,3,1,6,0,7,0,4,4,7
25637,0,4,7,0,2,7,4,1,4,8,0
25638,4,5,8,9,3,4,3,0,8,7,3
25639,0,4,5,0,2,9,4,1,4,8,2
25640,5,8,3,1,6,0,7,1,4,4,7
25641,2,3,4,6,8,2,6,8,9,5,6
25642,8,2,5,5,9,9,8,4,6,9,2
25643,0,8,3,1,6,0,7,1,4,4,0
25644,5,5,8,1,6,4,7,0,8,4,7
25645,7,1,0,3,4,6,1,5,7,3,4
25646,5,8,3,1,6,0,7,0,8,4,7
25647,2,3,4,6,8,2,6,8,9,5,6
25648,0,4,7,0,2,7,4,1,4,8,0
25649,0,4,5,0,2,9,4,1,4,8,2
25650,2,0,4,4,8,2,6,3,1,5,6
25651,9,9,9,2,7,1,5,7,2,0,5
25652,5,8,3,1,6,0,7,1,4,4,7
25653,0,4,7,0,2,7,4,4,6,8,0
25654,7,1,0,3,4,6,1,5,7,3,4
25655,0,4,3,0,2,0,4,1,4,8,0
25656,0,4,3,0,2,0,4,1,4,8,0
25657,2,3,4,6,8,2,6,8,9,5,6
25658,2,3,4,6,8,2,6,8,9,5,6
25659,2,3,4,6,8,2,6,3,9,5,6
25660,5,8,3,1,6,0,7,1,4,4,0
25661,2,3,4,6,8,2,6,5,9,5,6
25662,5,8,3,1,6,0,7,1,4,4,7
25663,6,5,2,7,1,5,9,2,3,2,9
25664,5,8,3,1,6,0,7,1,4,4,7
25665,4,5,8,9,3,4,3,0,8,7,7
25666,9,9,9,2,7,1,5,7,2,0,5
25667,0,4,7,0,2,7,4,4,6,8,0
25668,5,8,3,1,6,0,7,1,4,4,7
25669,4,5,8,9,3,4,3,0,8,7,3
25670,5,8,3,1,6,0,7,1,4,4,7
25671,7,1,0,3,4,6,1,5,7,3,4
25672,6,5,2,2,1,5,9,2,3,2,5
25673,4,5,8,9,3,4,3,0,8,7,3
25674,7,3,0,6,4,6,1,8,9,3,4
25675,2,3,4,6,8,2,6,3,9,5,6
25676,3,0,1,4,5,3,2,6,1,1,1
25677,6,5,2,7,1,5,9,2,3,2,9
25678,4,5,8,9,3,4,3,0,8,7,3
25679,7,1,0,3,4,6,1,5,7,3,4
25680,4,5,8,9,3,4,3,3,8,7,3
25681,0,4,5,0,2,9,4,4,6,8,2
25682,5,8,3,1,6,0,7,1,4,4,0
25683,6,5,2,7,1,5,9,2,3,2,9
25684,4,5,8,9,3,4,3,0,8,7,3
25685,7,1,0,3,4,6,1,5,7,3,4
25686,0,3,4,6,2,2,4,8,9,8,0
25687,1,7,6,2,0,8,0,9,5,6,5
25688,7,1,0,3,4,6,1,5,7,3,4
25689,7,1,0,3,4,6,1,5,7,3,4
25690,3,0,1,4,5,3,2,6,1,1,1
25691,6,5,2,7,1,5,9,2,3,2,9
25692,7,1,0,3,4,6,1,5,7,3,4
25693,8,2,5,5,9,9,8,4,6,9,2
25694,3,6,1,8,5,3,2,6,0,1,1
25695,7,1,0,3,4,6,1,5,7,3,4
25696,1,7,6,2,0,8,0,9,5,6,5
25697,1,7,6,2,0,8,0,9,5,6,5
25698,0,4,7,0,2,7,4,9,4,8,0
25699,0,4,3,0,2,0,4,1,4,8,0
25700,7,1,0,3,4,6,1,5,7,3,4
25701,3,0,1,4,5,3,2,6,1,1,1
25702,1,7,6,2,0,8,0,9,5,6,5
25703,1,7,6,2,0,8,0,9,5,6,5
25704,1,7,6,2,0,8,0,9,5,6,5
25705,0,4,5,0,2,9,4,4,6,8,2
25706,5,8,3,1,6,0,7,1,4,4,7
25707,3,0,1,4,5,3,2,6,1,1,1
25708,7,1,0,3,4,6,1,5,7,3,4
25709,2,3,4,6,8,2,6,8,9,5,6
25710,2,3,4,6,8,2,6,8,9,5,6
25711,7,1,0,3,4,6,1,5,7,3,4
25712,0,4,7,0,2,7,4,4,6,8,0
25713,4,5,8,9,3,4,3,0,8,7,3
25714,3,6,1,8,5,3,2,6,0,1,1
25715,2,3,4,6,8,2,6,8,9,5,6
25716,8,2,5,5,9,9,8,4,6,9,2
25717,6,5,2,7,1,5,9,2,3,2,9
25718,6,3,2,7,1,5,9,2,3,2,9
25719,1,7,6,2,0,8,0,9,5,6,5
25720,2,1,4,3,8,2,6,5,7,5,6
25721,7,1,0,3,4,6,1,5,7,3,4
25722,0,4,7,0,2,7,4,4,6,8,0
25723,7,1,0,3,4,6,1,5,7,3,4
25724,1,7,6,2,0,8,0,9,5,6,5
25725,3,6,1,8,5,3,2,6,0,1,1
25726,7,3,0,6,4,6,1,8,9,3,0
25727,0,4,3,0,2,0,4,1,4,8,2
25728,7,1,0,3,4,6,1,5,7,3,4
25729,3,6,1,8,5,3,2,6,0,1,1
25730,4,5,8,9,3,4,3,0,8,7,3
25731,2,3,4,6,8,2,6,8,9,5,6
25732,1,7,6,2,0,8,0,9,5,6,5
25733,0,4,5,0,2,9,4,4,6,8,2
25734,1,7,6,2,0,8,0,9,5,6,5
25735,6,5,2,7,1,5,9,2,3,2,9
25736,7,1,0,3,4,6,1,5,7,3,4
25737,0,4,7,0,2,7,4,1,4,8,0
25738,0,4,7,0,2,7,4,1,4,8,0
25739,0,4,7,0,2,7,4,4,6,8,0
25740,2,3,4,6,8,2,6,8,9,5,6
25741,2,3,4,6,8,2,6,8,9,5,6
25742,4,5,8,9,3,4,3,0,8,7,7
25743,3,0,1,4,5,3,2,6,1,1,1
25744,9,9,9,2,7,1,5,7,2,0,5
25745,1,7,6,2,0,8,0,9,5,6,5
25746,7,1,0,3,4,6,1,5,7,3,4
25747,3,6,1,8,5,3,2,6,0,1,1
25748,1,7,6,2,0,8,0,9,5,6,5
25749,1,7,6,2,0,8,0,9,5,6,5
25750,2,0,4,6,8,2,6,3,1,5,6
25751,9,9,9,2,7,1,5,7,2,0,5
25752,6,5,2,7,1,5,9,2,3,2,9
25753,4,5,8,9,3,4,3,0,8,7,3
25754,3,6,1,8,5,3,2,6,0,1,1
25755,3,6,1,8,5,3,2,6,0,1,1
25756,8,2,5,5,9,9,8,4,6,9,8
25757,3,6,1,8,5,3,2,6,0,1,1
25758,9,9,9,2,7,1,5,7,2,0,5
25759,0,4,7,0,2,7,4,4,6,8,0
25760,5,8,3,1,6,0,7,1,4,4,7
25761,0,4,7,0,2,7,4,4,6,8,0
25762,2,7,6,2,8,8,6,3,5,5,6
25763,2,3,4,6,8,2,6,8,9,5,6
25764,9,9,9,2,7,1,5,7,2,0,5
25765,4,5,8,9,3,4,3,0,8,7,3
25766,1,7,6,2,0,8,0,9,5,6,5
25767,9,9,9,2,7,1,5,7,2,0,5
25768,1,7,6,2,0,8,0,9,5,6,5
25769,4,5,8,9,3,4,3,0,8,7,3
25770,4,5,8,9,3,4,3,0,8,7,3
25771,4,5,8,9,3,4,3,0,8,7,3
25772,0,4,7,0,2,7,4,4,6,8,0
25773,3,0,1,4,5,3,2,6,1,1,1
25774,1,7,6,2,0,8,0,9,5,6,5
25775,0,4,5,0,2,9,4,4,6,8,2
25776,7,1,0,3,4,6,1,8,7,3,4
25777,4,5,8,9,3,4,3,0,8,7,3
25778,2,3,4,6,8,2,6,8,9,5,6
25779,9,9,9,2,7,1,5,7,2,0,5
25780,5,8,3,1,6,0,7,1,4,4,7
25781,9,9,9,2,7,1,5,7,2,0,5
25782,0,8,3,1,2,0,4,1,4,8,2
25783,7,1,0,3,4,6,1,5,7,3,4
25784,5,8,3,1,6,0,7,1,4,4,7
25785,1,7,6,2,0,8,0,9,5,6,5
25786,1,7,6,2,0,8,0,9,5,6,5
25787,6,5,2,7,1,5,9,2,3,2,9
25788,8,4,5,0,2,9,4,4,6,8,2
25789,7,1,0,3,4,6,1,5,7,3,4
25790,0,4,7,0,2,7,4,4,6,8,0
25791,5,8,3,1,6,0,7,1,4,4,0
25792,5,8,3,1,6,0,7,1,4,4,2
25793,7,1,0,3,4,6,1,5,7,3,4
25794,1,7,6,2,0,8,0,9,5,6,5
25795,4,5,8,9,3,4,3,0,8,7,3
25796,2,3,4,6,8,2,6,8,9,5,6
25797,0,8,3,0,2,0,4,1,4,8,0
25798,2,3,4,6,8,2,6,3,9,5,6
25799,1,7,6,2,0,8,0,9,5,6,5
25800,6,5,2,7,1,5,9,2,3,2,9
25801,0,4,7,0,2,7,4,1,4,8,0
25802,7,7,6,3,4,8,1,9,5,3,4
25803,7,6,0,8,4,6,1,5,0,3,4
25804,6,9,2,7,1,5,9,2,3,2,9
25805,1,7,6,2,0,8,0,9,5,6,5
25806,5,8,3,1,6,0,7,1,4,4,7
25807,6,5,2,7,1,5,9,2,3,2,9
25808,0,4,5,0,2,9,4,4,6,8,0
25809,7,1,0,3,4,6,1,5,7,3,4
25810,5,8,3,1,6,0,7,1,4,4,0
25811,5,8,3,1,6,0,7,1,4,4,0
25812,1,7,6,2,0,8,0,9,5,6,5
25813,2,3,4,6,8,2,6,8,9,5,6
25814,4,1,0,3,4,6,3,5,7,3,3
25815,4,5,8,9,3,4,3,0,8,7,3
25816,5,8,3,1,6,0,7,1,4,4,7
25817,0,4,5,0,2,9,4,4,6,8,2
25818,2,0,4,9,8,2,6,3,1,5,6
25819,1,7,6,2,0,8,0,9,5,6,5
25820,7,1,0,3,4,6,1,5,7,3,4
25821,0,4,7,0,2,7,4,4,6,8,0
25822,1,7,6,2,0,8,0,9,5,6,5
25823,3,6,1,8,5,3,2,6,0,1,1
25824,1,7,6,2,0,8,0,9,5,6,5
25825,1,7,6,2,0,8,0,9,5,6,5
25826,5,8,3,1,6,0,7,1,4,4,7
25827,6,5,2,7,1,5,9,2,3,2,9
25828,0,4,7,0,2,7,4,1,4,8,0
25829,2,3,4,6,8,2,6,3,9,5,8
25830,0,4,5,0,2,9,4,4,6,8,2
25831,0,4,7,0,2,7,4,1,4,8,0
25832,5,8,3,1,6,0,7,1,4,4,0
25833,0,4,5,0,2,9,4,4,6,8,2
25834,4,5,8,9,3,4,3,0,8,7,3
25835,9,9,9,2,7,1,5,7,2,0,5
25836,7,1,0,3,4,6,1,5,7,3,4
25837,0,4,7,0,2,7,4,4,6,8,0
25838,1,7,6,2,0,8,0,9,5,6,5
25839,7,1,3,3,4,6,1,1,4,3,4
25840,7,1,0,3,4,6,1,5,7,3,4
25841,0,4,5,0,2,9,4,4,6,8,2
25842,1,7,6,2,0,8,0,9,5,6,5
25843,1,7,6,2,0,8,0,9,5,6,5
25844,5,8,3,1,6,0,7,1,4,4,7
25845,0,4,3,0,2,0,4,1,4,8,0
25846,5,8,3,1,6,0,7,1,4,4,7
25847,1,7,6,2,0,8,0,9,5,6,5
25848,5,8,3,1,6,0,7,1,4,4,0
25849,1,7,6,2,0,8,0,9,5,6,5
25850,8,2,5,5,9,9,8,4,6,9,8
25851,2,3,4,6,8,2,6,8,9,5,6
25852,5,8,3,1,6,0,7,1,4,4,7
25853,1,7,6,2,0,8,0,9,5,6,5
25854,6,5,2,7,1,5,9,2,3,2,9
25855,7,3,0,6,4,6,1,8,9,3,4
25856,5,8,3,1,6,0,7,1,4,4,7
25857,1,7,6,2,0,8,0,9,5,6,5
25858,1,7,6,2,0,8,0,9,5,6,5
25859,1,3,6,2,0,8,0,8,5,6,5
25860,9,9,9,2,7,1,5,3,2,0,5
25861,1,3,6,6,0,8,0,8,9,6,5
25862,5,8,3,1,6,0,7,1,4,4,7
25863,5,8,3,1,6,0,7,1,4,4,2
25864,1,7,6,2,0,8,0,9,5,6,5
25865,0,8,3,1,6,0,4,1,4,4,0
25866,0,4,3,0,2,0,4,1,4,8,0
25867,2,3,4,6,4,2,6,8,9,5,6
25868,0,4,5,0,2,9,4,4,6,8,2
25869,0,4,7,0,2,7,4,1,4,8,0
25870,2,3,4,6,8,2,6,8,9,5,6
25871,0,4,5,0,2,9,4,1,4,8,2
25872,0,4,7,0,2,7,4,4,6,8,0
25873,1,7,6,2,0,8,0,9,5,6,5
25874,1,7,6,2,0,8,0,9,5,6,5
25875,0,4,3,0,2,0,4,1,4,8,0
25876,9,9,9,2,7,1,5,7,2,0,5
25877,0,4,5,0,2,9,4,1,4,8,2
25878,5,8,3,1,6,0,7,1,4,4,7
25879,9,9,9,2,7,1,5,7,2,0,5
25880,7,1,0,3,4,6,1,5,7,3,4
25881,0,4,3,0,2,0,4,1,4,8,0
25882,7,1,0,3,4,6,1,5,7,3,4
25883,0,4,6,0,2,8,4,9,5,8,0
25884,5,8,3,1,6,0,7,1,4,4,7
25885,1,7,6,2,0,8,0,9,5,6,5
25886,2,3,4,6,4,2,6,8,9,3,6
25887,5,8,3,1,6,0,7,1,4,4,0
25888,0,4,3,0,2,0,4,1,4,8,0
25889,4,5,8,9,3,4,3,0,8,7,3
25890,2,3,4,6,8,2,6,8,9,5,5
25891,8,2,7,2,9,7,8,4,6,9,8
25892,4,5,8,9,3,4,3,3,8,7,3
25893,4,5,8,9,3,4,3,0,8,7,3
25894,0,4,7,0,2,7,4,1,4,8,0
25895,0,4,3,0,2,0,4,1,4,8,2
25896,7,1,0,3,4,6,1,5,7,3,4
25897,0,4,3,0,2,0,4,1,4,8,2
25898,1,7,6,2,0,8,0,9,5,6,5
25899,1,7,6,2,0,8,0,9,5,6,5
25900,0,4,7,0,2,7,4,4,6,8,0
25901,4,5,8,9,3,4,3,0,8,7,3
25902,6,5,2,7,1,5,9,2,3,2,9
25903,5,8,3,1,6,0,7,1,4,4,7
25904,0,4,5,0,2,9,4,1,4,8,2
25905,0,4,3,0,2,0,4,1,4,8,0
25906,4,3,4,9,3,2,3,3,8,7,3
25907,6,3,2,7,1,5,9,2,3,2,9
25908,5,5,8,9,3,4,7,0,8,7,7
25909,0,4,3,0,2,0,4,1,4,8,0
25910,1,7,6,2,0,8,0,9,5,6,5
25911,7,1,0,3,4,6,1,5,7,3,4
25912,6,5,2,7,1,5,9,2,3,2,9
25913,8,2,7,5,9,7,8,4,6,9,8
25914,3,6,1,8,5,3,2,6,0,1,1
25915,7,3,0,6,4,6,1,8,9,3,4
25916,6,5,2,7,1,5,9,2,3,2,9
25917,4,5,8,9,3,4,3,0,8,7,3
25918,1,7,6,2,0,8,0,9,5,6,5
25919,7,1,0,3,4,6,1,5,7,3,4
25920,7,1,0,3,4,6,1,5,7,3,4
25921,2,1,4,3,8,2,6,5,7,5,6
25922,7,1,0,3,4,6,1,5,7,3,4
25923,6,5,2,7,1,5,9,2,3,2,9
25924,7,1,0,3,4,6,1,5,7,3,4
25925,0,8,3,0,2,0,4,1,4,8,0
25926,0,4,5,0,2,9,4,4,6,8,2
25927,6,5,2,7,1,5,9,2,3,2,9
25928,3,6,1,8,5,3,2,6,0,1,1
25929,0,4,3,0,2,0,4,1,4,8,2
25930,7,1,0,3,4,6,1,5,7,3,4
25931,5,8,3,1,6,0,7,1,4,4,7
25932,3,6,1,8,5,3,2,6,0,1,1
25933,0,4,3,0,2,0,4,1,4,8,0
25934,1,7,6,2,0,8,0,9,5,6,5
25935,0,4,7,0,2,7,4,1,4,8,0
25936,7,1,0,3,4,6,1,5,7,3,4
25937,1,7,6,2,0,8,0,9,5,6,5
25938,0,4,3,0,2,0,4,1,4,8,0
25939,6,5,2,7,1,5,9,2,3,2,9
25940,1,7,6,2,0,8,0,9,5,6,5
25941,2,3,4,6,8,2,6,8,9,5,6
25942,3,6,1,8,5,3,2,6,0,1,1
25943,5,5,8,9,3,4,7,0,8,7,7
25944,4,5,8,9,3,4,3,3,8,7,3
25945,1,7,6,2,0,8,0,9,5,6,5
25946,7,1,0,3,4,6,1,5,7,3,4
25947,1,7,6,2,0,8,0,9,5,6,5
25948,1,7,6,2,0,8,0,9,5,6,5
25949,9,9,9,2,7,1,5,7,2,0,5
25950,7,1,0,3,4,6,1,5,7,3,4
25951,9,9,9,2,7,1,5,7,2,0,5
25952,3,6,1,8,5,3,2,6,0,1,1
25953,7,6,0,8,4,6,1,5,0,3,4
25954,7,6,0,8,4,6,1,5,0,3,4
25955,7,1,0,3,4,6,1,5,7,3,4
25956,0,4,7,0,2,7,4,4,6,8,0
25957,7,1,0,3,4,6,1,5,7,3,4
25958,5,8,3,1,6,0,7,1,4,4,0
25959,4,5,8,9,3,4,3,0,8,7,3
25960,3,0,1,4,5,3,2,0,1,1,7
25961,1,7,6,2,0,8,0,9,5,6,5
25962,9,9,9,2,7,1,5,3,2,0,5
25963,4,5,8,9,3,4,3,0,8,7,3
25964,8,4,5,0,2,9,4,4,6,8,2
25965,0,4,6,0,2,8,4,9,5,8,0
25966,5,8,3,1,6,0,7,1,4,4,0
25967,0,4,7,0,2,7,4,1,4,8,0
25968,7,1,0,3,4,6,1,5,7,3,4
25969,0,4,7,0,2,7,4,1,4,8,0
25970,1,7,6,2,0,8,0,9,5,6,5
25971,0,4,6,2,2,8,4,9,5,8,5
25972,0,4,5,0,2,9,4,4,6,8,2
25973,2,3,4,6,8,2,6,8,9,5,6
25974,6,5,2,7,1,5,9,2,3,2,9
25975,9,9,9,2,7,1,5,8,2,0,5
25976,7,3,4,6,4,6,1,8,9,3,6
25977,4,5,8,9,3,4,3,0,8,7,3
25978,3,6,1,8,5,3,2,6,0,1,1
25979,0,4,5,0,2,9,4,4,6,8,2
25980,3,0,1,4,5,3,2,6,1,1,1
25981,1,7,6,2,0,8,0,9,5,6,5
25982,0,4,5,0,2,9,4,1,4,8,2
25983,1,7,6,2,0,8,0,9,5,6,5
25984,7,1,0,3,4,6,1,5,7,3,4
25985,0,4,5,0,2,9,4,1,4,8,2
25986,7,1,0,3,4,6,1,5,7,3,4
25987,3,6,1,8,5,3,2,6,0,1,1
25988,7,1,0,3,4,6,1,5,7,3,4
25989,1,7,6,2,0,8,0,9,5,6,5
25990,0,4,7,0,2,7,4,4,6,8,0
25991,6,5,2,7,1,5,9,2,3,2,9
25992,5,5,8,9,3,4,3,0,8,7,7
25993,7,1,0,3,4,6,1,5,7,3,4
25994,6,1,2,7,1,5,9,2,3,2,9
25995,0,4,7,0,2,7,4,1,4,8,0
25996,7,1,0,3,4,6,1,5,7,3,4
25997,2,3,4,6,8,2,6,8,9,5,6
25998,0,4,5,0,2,9,4,1,4,8,2
25999,4,5,8,9,3,4,3,0,8,7,3
26000,0,4,7,0,2,7,4,4,6,8,0
26001,0,4,5,0,2,9,4,4,6,8,2
26002,1,7,6,2,0,8,0,9,5,6,5
26003,6,3,2,7,1,5,9,8,3,2,9
26004,0,4,5,0,2,9,4,4,6,8,2
26005,0,4,7,0,2,7,4,9,5,8,0
26006,9,9,9,2,7,1,5,7,2,0,5
26007,2,0,4,4,8,2,6,3,1,5,6
26008,7,1,0,3,4,6,1,5,7,3,4
26009,1,7,6,2,0,8,0,9,5,6,5
26010,0,4,3,0,2,0,4,1,4,8,2
26011,6,5,2,7,1,5,9,2,3,2,9
26012,6,5,2,7,1,5,9,2,3,2,9
26013,7,1,0,3,4,6,1,5,7,3,4
26014,7,1,0,3,4,6,1,5,7,3,4
26015,5,8,3,1,6,0,7,1,4,4,7
26016,4,0,8,9,3,4,3,3,8,7,3
26017,2,3,4,6,8,2,6,8,9,5,6
26018,2,3,4,6,8,2,6,8,9,5,6
26019,4,5,8,9,3,4,3,0,8,7,3
26020,7,6,0,8,4,6,1,5,0,3,4
26021,0,4,5,0,2,9,4,4,6,8,2
26022,7,1,0,3,4,6,1,5,7,3,4
26023,4,3,4,6,3,2,3,8,9,7,3
26024,7,1,0,3,4,6,1,5,7,3,4
26025,0,4,3,0,2,0,4,1,4,8,0
26026,0,4,5,0,2,9,4,4,6,8,2
26027,3,0,1,4,5,3,2,6,1,1,1
26028,2,3,4,6,8,2,6,8,9,5,6
26029,1,7,6,2,0,8,0,9,5,6,5
26030,7,1,4,3,4,6,1,5,7,3,4
26031,6,5,2,7,1,5,9,2,3,2,9
26032,9,9,4,2,7,2,5,3,2,0,5
26033,7,1,0,3,4,6,1,5,7,3,4
26034,5,8,3,1,6,0,7,5,7,4,7
26035,0,4,7,0,2,7,4,1,4,8,0
26036,2,3,4,6,8,2,6,8,9,5,6
26037,2,3,4,6,8,2,6,3,9,5,6
26038,3,6,1,8,5,3,2,6,0,1,1
26039,4,5,8,9,3,4,3,0,8,7,3
26040,3,6,1,8,5,3,2,6,0,1,1
26041,8,2,5,5,9,9,8,4,6,9,2
26042,5,8,3,1,6,0,7,1,4,4,7
26043,2,3,4,6,8,2,6,8,9,5,6
26044,3,6,1,8,5,3,2,6,0,1,1
26045,0,4,7,0,2,7,4,1,4,8,0
26046,3,0,1,4,5,3,2,6,1,1,1
26047,0,8,3,0,2,0,4,1,4,8,2
26048,7,1,0,3,4,6,1,5,7,3,4
26049,0,4,3,0,2,0,4,1,4,8,0
26050,7,1,0,3,4,6,1,5,7,3,4
26051,0,4,5,0,2,9,4,4,6,8,2
26052,4,5,8,9,3,4,3,0,8,7,7
26053,7,1,0,3,4,6,1,5,7,3,4
26054,0,4,5,0,2,9,4,4,6,8,2
26055,3,6,1,8,5,3,2,6,0,1,1
26056,0,8,3,1,6,0,7,1,4,4,2
26057,7,1,0,3,4,6,1,5,7,3,4
26058,3,6,1,8,5,3,2,6,0,1,1
26059,1,7,6,2,0,8,0,9,5,6,5
26060,0,4,7,0,2,7,4,4,6,8,0
26061,2,3,4,6,8,2,6,8,9,5,6
26062,0,3,6,6,2,8,4,8,9,8,0
26063,0,4,5,0,2,9,4,1,4,8,2
26064,0,4,3,0,2,0,4,1,4,8,0
26065,4,5,8,9,3,4,3,0,8,7,3
26066,2,3,4,6,8,2,6,8,9,5,6
26067,0,4,7,0,2,7,4,1,4,8,0
26068,5,8,3,1,6,0,7,1,4,4,7
26069,2,3,4,3,8,2,6,5,7,5,6
26070,1,7,6,2,0,8,0,9,5,6,5
26071,4,5,8,9,3,4,3,0,8,7,3
26072,1,7,3,1,0,8,0,9,4,6,0
26073,2,0,1,4,8,2,6,3,1,5,1
26074,5,8,3,1,6,0,7,1,4,4,7
26075,6,5,2,7,1,5,9,2,3,2,9
26076,0,4,3,0,2,0,4,1,4,8,2
26077,4,5,8,9,3,4,3,0,8,7,3
26078,1,7,6,2,0,8,0,9,5,6,5
26079,2,3,4,6,8,2,6,8,9,5,6
26080,0,4,5,0,2,9,4,1,4,8,2
26081,7,1,0,3,4,6,1,5,7,3,4
26082,5,8,3,1,6,0,7,1,4,4,7
26083,6,5,2,7,1,5,9,2,3,2,9
26084,2,3,4,6,8,2,6,8,9,5,6
26085,2,3,4,6,8,2,6,8,9,5,6
26086,5,8,3,1,6,0,7,1,4,4,7
26087,1,7,6,2,0,8,0,9,5,6,5
26088,1,7,6,2,0,8,0,9,5,6,5
26089,1,7,6,2,0,8,0,9,5,6,5
26090,7,1,0,3,4,6,1,5,7,3,4
26091,0,4,3,0,2,0,4,1,4,8,2
26092,4,5,8,9,3,4,3,0,8,7,3
26093,6,5,2,7,1,5,9,2,3,2,9
26094,2,3,4,6,8,2,6,3,9,5,6
26095,3,6,1,8,5,3,2,6,0,1,1
26096,1,7,6,2,0,8,0,7,5,6,5
26097,0,4,3,0,2,0,4,1,4,8,0
26098,8,2,4,5,9,2,8,4,9,9,8
26099,9,9,9,2,7,1,5,7,2,0,5
26100,7,1,0,3,4,6,1,5,7,3,4
26101,4,5,8,9,3,4,3,3,8,7,3
26102,7,1,0,3,4,6,1,5,7,3,4
26103,3,6,1,4,5,3,2,6,1,1,1
26104,1,7,6,2,0,8,0,9,5,6,5
26105,5,8,3,1,6,0,7,1,4,4,7
26106,5,8,3,1,6,0,7,1,4,4,0
26107,4,5,8,9,3,4,3,0,8,7,3
26108,8,2,7,5,9,7,8,4,6,9,8
26109,8,2,7,5,9,7,8,4,6,9,8
26110,5,8,3,1,6,0,7,1,4,4,7
26111,0,4,3,0,2,0,4,1,4,8,0
26112,2,3,4,9,8,2,6,3,9,5,3
26113,7,1,0,3,4,6,1,5,7,3,4
26114,5,8,3,1,6,0,7,1,4,4,7
26115,7,3,0,6,4,6,1,8,9,3,4
26116,0,4,3,0,2,0,4,1,4,8,0
26117,3,6,1,8,5,3,2,6,0,1,1
26118,1,7,6,2,0,8,0,9,5,6,5
26119,4,5,8,9,3,4,3,0,8,7,3
26120,6,1,2,7,1,5,9,2,3,2,9
26121,4,5,8,9,3,4,3,0,8,7,3
26122,1,1,6,3,0,8,0,9,5,6,5
26123,6,3,2,7,1,5,9,2,3,2,9
26124,5,5,8,9,3,4,7,0,8,7,7
26125,1,7,6,2,0,8,0,9,5,6,5
26126,4,5,8,9,3,4,3,3,8,7,3
26127,7,1,0,3,4,6,1,5,7,3,4
26128,0,4,7,0,2,7,4,4,6,8,0
26129,4,5,8,9,3,4,3,0,8,7,3
26130,7,1,0,3,4,6,1,5,7,3,4
26131,7,1,4,3,4,6,1,5,7,3,6
26132,0,4,3,0,2,0,4,1,4,8,0
26133,1,7,6,2,0,8,0,9,5,6,5
26134,1,7,6,5,0,8,0,9,5,6,8
26135,7,1,0,3,4,6,1,0,7,3,4
26136,2,3,4,6,8,2,6,8,9,5,6
26137,0,4,7,0,2,7,4,4,6,8,0
26138,7,1,0,3,4,6,1,5,7,3,4
26139,3,0,1,4,5,3,2,6,1,1,1
26140,1,7,6,2,0,8,0,9,5,6,5
26141,0,4,5,0,2,9,4,4,6,8,2
26142,9,9,9,2,7,1,5,7,2,0,5
26143,7,1,0,3,4,6,1,5,7,3,4
26144,9,9,9,2,7,1,5,7,2,0,5
26145,2,3,4,6,8,2,6,8,9,5,6
26146,8,2,5,5,9,9,8,4,6,9,0
26147,2,3,4,6,8,2,6,8,9,5,6
26148,7,1,0,3,4,6,1,5,7,3,4
26149,7,1,0,3,4,6,1,5,7,3,4
26150,0,8,3,1,6,0,7,1,4,4,0
26151,8,2,5,5,9,9,8,4,6,9,2
26152,1,7,6,2,0,8,0,9,5,6,5
26153,2,3,4,6,8,2,6,8,9,5,6
26154,7,1,0,3,4,6,1,5,7,3,4
26155,0,4,7,0,2,7,4,4,6,8,0
26156,7,1,0,3,4,6,1,5,7,3,4
26157,6,5,2,7,1,5,9,2,3,2,9
26158,9,9,9,2,7,1,5,7,2,0,5
26159,4,5,8,9,3,4,3,0,8,7,3
26160,4,5,8,9,3,4,3,0,8,7,3
26161,7,3,0,6,4,6,1,8,9,3,4
26162,5,8,3,1,6,0,7,1,4,4,7
26163,7,1,0,3,4,6,1,5,7,3,4
26164,6,5,2,7,1,5,9,2,3,2,9
26165,7,1,0,3,4,6,1,5,7,3,4
26166,5,8,3,1,6,0,7,1,4,4,7
26167,1,7,6,2,0,8,0,9,5,6,5
26168,4,5,8,9,3,4,3,3,8,7,3
26169,0,4,3,0,2,0,4,1,4,8,2
26170,9,9,9,2,7,1,5,7,2,0,5
26171,7,1,0,3,4,6,1,5,7,3,4
26172,8,2,7,5,9,7,8,4,6,9,8
26173,0,4,7,0,2,7,4,1,4,8,0
26174,1,7,6,2,0,8,0,9,5,6,5
26175,9,9,9,2,7,1,5,7,2,0,5
26176,3,6,1,8,5,3,2,6,0,1,1
26177,0,4,7,0,2,7,4,4,6,8,0
26178,3,6,1,8,5,3,2,6,0,1,1
26179,8,2,7,5,9,7,8,4,6,9,8
26180,4,5,8,9,3,4,3,0,8,7,3
26181,4,5,8,9,3,4,3,3,8,7,3
26182,1,7,6,2,0,8,0,9,5,6,5
26183,4,0,8,4,3,4,3,3,1,7,3
26184,3,6,1,8,5,3,2,6,0,1,1
26185,0,4,7,0,2,7,4,1,4,8,0
26186,4,7,8,9,3,4,3,9,8,7,3
26187,7,1,0,3,4,6,1,5,7,3,4
26188,1,7,6,2,0,8,0,9,5,6,5
26189,0,4,5,0,2,9,4,4,6,8,2
26190,1,7,6,2,0,8,0,9,5,6,5
26191,3,6,1,4,5,3,2,6,1,1,1
26192,5,8,3,1,6,0,7,1,4,4,7
26193,8,2,7,5,9,7,8,4,6,9,8
26194,1,7,6,2,0,8,0,9,5,6,5
26195,2,3,4,6,8,2,6,3,9,5,6
26196,7,1,0,3,4,6,1,5,7,3,4
26197,3,0,1,4,5,3,2,3,1,1,1
26198,0,4,7,0,2,7,4,8,9,8,0
26199,0,4,3,0,2,0,4,1,4,8,0
26200,2,3,4,6,8,2,6,8,9,5,6
26201,6,5,2,7,1,5,9,2,3,2,9
26202,1,7,6,2,0,8,0,9,5,6,5
26203,7,1,0,3,4,6,1,5,7,3,4
26204,7,1,0,3,4,6,1,5,7,3,4
26205,9,9,9,2,7,1,5,7,2,0,5
26206,1,7,6,2,0,8,0,9,5,6,5
26207,0,4,7,0,2,7,4,1,6,8,0
26208,0,4,3,0,2,0,4,1,4,8,0
26209,7,1,0,3,4,6,1,5,7,3,4
26210,2,3,4,9,8,2,6,3,9,5,3
26211,2,3,4,6,8,2,6,8,9,5,6
26212,5,8,3,1,6,0,7,1,4,4,7
26213,6,5,2,7,1,5,9,2,3,2,9
26214,7,1,0,3,4,6,1,5,7,3,4
26215,5,8,3,1,6,0,7,1,4,4,7
26216,0,4,5,0,2,9,4,1,4,8,2
26217,0,4,7,0,2,7,4,4,6,8,0
26218,0,4,5,0,2,9,4,4,6,8,0
26219,3,6,1,8,5,3,2,6,0,1,1
26220,0,4,7,0,2,7,4,4,6,8,0
26221,6,5,2,7,1,5,9,2,3,2,9
26222,7,1,0,3,4,6,1,5,7,3,4
26223,0,4,3,0,2,0,4,1,4,8,0
26224,6,7,2,2,1,5,9,2,3,2,5
26225,9,9,9,2,7,1,5,7,2,0,5
26226,0,4,3,0,2,0,4,1,4,8,0
26227,4,5,8,9,3,4,3,0,8,7,3
26228,7,1,0,3,4,6,1,5,7,3,4
26229,8,2,7,5,9,7,8,4,6,9,8
26230,3,6,1,8,5,3,2,6,0,1,1
26231,2,3,4,6,8,2,6,8,9,5,6
26232,8,4,5,0,2,9,4,4,6,8,2
26233,5,8,3,1,6,0,7,1,4,4,7
26234,8,2,5,5,9,9,8,4,6,9,8
26235,8,2,7,5,9,7,8,4,6,9,8
26236,2,3,4,6,8,2,6,8,9,5,6
26237,6,5,2,7,1,5,9,2,3,2,9
26238,1,7,6,2,0,8,0,9,5,6,5
26239,9,9,9,5,7,1,5,3,2,0,8
26240,9,4,7,2,7,7,5,4,2,0,8
26241,3,0,1,4,5,3,2,6,1,1,1
26242,0,4,7,0,2,7,4,1,4,8,0
26243,9,9,9,2,7,1,5,7,2,0,5
26244,7,1,0,3,4,6,1,5,7,3,4
26245,6,5,2,7,1,5,9,2,3,2,9
26246,5,8,3,1,6,0,7,1,4,4,7
26247,7,1,0,3,4,6,1,5,7,3,4
26248,2,3,4,6,8,2,6,8,9,5,6
26249,8,2,7,5,9,7,8,4,6,9,8
26250,1,7,6,2,0,8,0,9,5,6,5
26251,2,3,4,6,8,2,6,3,9,5,6
26252,2,3,4,6,8,2,6,3,9,5,6
26253,4,5,8,9,3,4,3,0,8,7,3
26254,0,4,7,0,2,7,4,1,4,8,0
26255,5,8,3,1,6,0,7,1,4,4,7
26256,3,0,1,4,5,3,2,6,1,1,1
26257,2,3,4,6,8,2,6,8,9,5,6
26258,3,6,1,8,5,3,2,6,0,1,1
26259,0,4,7,0,2,7,4,4,6,8,0
26260,4,0,8,9,3,4,3,0,8,7,3
26261,3,0,1,4,5,3,2,6,1,1,1
26262,3,0,1,4,5,3,2,6,1,1,1
26263,9,9,9,2,7,1,5,7,2,0,5
26264,5,8,3,1,6,0,7,1,4,4,7
26265,9,9,9,2,7,1,5,9,2,0,5
26266,5,8,3,1,6,0,7,1,4,4,7
26267,7,1,0,3,4,6,1,8,7,3,4
26268,1,7,6,2,0,8,0,9,5,6,5
26269,8,2,7,5,9,7,8,4,6,9,8
26270,7,1,0,3,4,6,1,5,7,3,4
26271,8,2,5,5,9,9,8,4,6,9,2
26272,8,2,5,5,9,9,8,4,6,9,8
26273,2,3,4,6,8,2,6,8,9,5,6
26274,0,4,6,0,2,8,4,4,6,8,2
26275,0,4,7,0,2,7,4,1,4,8,0
26276,0,4,7,0,2,7,4,1,4,8,0
26277,2,0,4,4,8,2,6,3,1,5,6
26278,0,8,3,1,6,0,7,1,4,4,0
26279,9,9,9,2,7,1,5,7,2,0,5
26280,6,5,2,7,1,5,9,2,3,2,9
26281,8,2,7,5,9,7,8,4,6,9,8
26282,5,8,3,1,6,0,7,1,4,4,7
26283,2,3,4,6,8,2,6,3,9,5,6
26284,7,1,0,3,4,6,1,5,7,3,4
26285,4,5,8,9,3,4,3,3,8,7,3
26286,0,4,7,0,2,7,4,1,4,8,0
26287,8,2,5,5,9,9,8,4,6,9,2
26288,0,4,7,0,2,7,4,3,5,8,0
26289,2,3,4,6,8,2,6,8,9,5,6
26290,8,2,7,5,9,7,8,3,6,9,8
26291,7,1,0,3,4,6,1,5,7,3,4
26292,3,6,1,8,5,3,2,6,0,1,1
26293,0,4,7,0,2,7,4,4,6,8,0
26294,1,7,6,2,0,8,0,9,5,6,5
26295,9,9,9,2,7,1,5,7,2,0,5
26296,0,8,3,1,6,0,7,1,4,4,0
26297,0,4,7,0,2,7,4,4,6,8,0
26298,3,6,1,8,5,3,2,6,0,1,1
26299,4,5,8,9,3,4,3,0,8,7,3
26300,7,1,0,3,4,6,1,5,7,3,4
26301,4,5,8,9,3,4,3,0,8,7,3
26302,0,4,3,0,2,0,4,1,4,8,0
26303,8,2,5,5,9,9,8,4,6,9,8
26304,0,4,5,0,2,9,4,1,4,8,2
26305,2,3,4,6,8,2,6,8,9,5,6
26306,7,1,0,3,4,6,1,5,7,3,4
26307,1,7,6,2,0,8,0,9,5,6,5
26308,3,6,1,8,5,3,2,6,0,1,1
26309,0,4,7,0,2,7,4,4,6,8,0
26310,1,7,6,2,0,8,0,9,5,6,5
26311,7,3,0,3,4,6,1,8,7,3,4
26312,9,9,9,2,7,1,5,7,2,0,5
26313,2,0,4,6,8,2,6,3,1,5,6
26314,0,4,7,0,2,7,4,4,6,8,0
26315,2,0,4,4,8,2,6,8,1,5,6
26316,0,4,7,0,2,7,4,4,6,8,0
26317,9,9,9,2,7,1,5,7,2,0,5
26318,4,5,8,9,3,4,3,0,8,7,3
26319,0,4,3,0,2,0,4,1,4,8,0
26320,7,1,0,3,4,6,1,5,7,3,4
26321,4,5,8,9,3,4,3,0,8,7,3
26322,1,7,6,2,0,8,0,9,5,6,5
26323,3,0,1,4,5,3,2,3,1,1,1
26324,7,1,4,3,4,6,1,8,9,3,4
26325,7,1,0,7,4,6,1,2,3,3,5
26326,6,3,2,7,1,5,9,2,3,2,9
26327,2,3,4,6,8,2,6,8,9,5,6
26328,2,3,4,6,8,2,6,8,9,5,6
26329,6,5,2,7,1,5,9,2,3,2,9
26330,6,1,2,7,1,5,9,2,3,2,9
26331,5,8,3,1,6,0,7,1,4,4,0
26332,5,8,3,1,6,0,7,1,4,4,7
26333,6,3,2,7,1,5,9,2,3,2,9
26334,0,4,3,0,2,0,4,1,4,8,0
26335,1,7,6,2,0,8,0,9,5,6,5
26336,5,8,3,1,6,0,7,1,4,4,7
26337,8,2,5,5,9,9,8,4,6,9,2
26338,7,1,0,3,4,6,1,5,7,3,4
26339,3,6,1,4,5,3,2,6,0,1,1
26340,6,5,2,7,1,5,9,2,3,2,9
26341,6,9,2,7,1,5,9,2,3,2,9
26342,5,5,8,1,6,4,7,0,8,4,7
26343,2,0,4,4,8,2,6,3,1,5,6
26344,3,6,1,8,5,3,2,6,0,1,1
26345,4,5,8,9,3,4,3,0,8,7,3
26346,0,4,7,0,2,7,4,4,6,8,0
26347,4,5,8,9,3,4,3,3,8,7,3
26348,7,1,0,3,4,6,1,5,7,3,4
26349,8,2,7,5,9,7,8,4,6,9,8
26350,1,7,6,2,0,8,0,9,5,6,5
26351,2,3,4,6,8,2,6,8,9,5,6
26352,5,8,3,1,6,0,7,1,4,4,0
26353,8,2,7,5,9,7,8,4,6,9,8
26354,0,4,6,0,2,8,4,9,5,8,0
26355,6,9,2,7,1,5,9,2,3,2,9
26356,0,4,5,0,2,9,4,1,4,8,2
26357,6,1,2,7,1,5,9,2,3,2,9
26358,5,8,3,1,6,0,7,1,4,4,7
26359,8,2,7,5,9,7,8,4,6,9,8
26360,7,1,0,3,4,6,1,5,7,3,4
26361,0,4,7,0,2,7,4,4,6,8,0
26362,9,7,6,2,7,8,5,9,2,0,5
26363,2,3,4,6,8,2,6,3,9,5,6
26364,7,1,0,3,4,6,1,5,7,3,4
26365,0,4,7,0,2,7,4,4,6,8,0
26366,3,6,1,8,5,3,2,6,0,1,1
26367,8,2,7,5,9,7,8,4,6,9,8
26368,7,1,0,3,4,6,1,5,7,3,4
26369,3,0,1,4,5,3,2,6,1,1,1
26370,2,3,4,6,8,2,6,8,9,5,6
26371,3,6,1,8,5,3,2,6,0,1,1
26372,5,6,2,8,6,5,7,0,0,4,7
26373,2,3,4,6,8,2,6,8,9,5,6
26374,8,2,5,5,9,9,8,4,6,9,2
26375,4,5,8,9,3,4,3,0,8,7,3
26376,4,5,8,9,3,4,3,0,8,7,3
26377,4,5,8,9,3,4,3,0,8,7,3
26378,7,1,0,3,4,6,1,5,7,3,4
26379,2,3,4,6,8,2,6,8,9,5,6
26380,3,6,1,8,5,3,2,6,0,1,1
26381,2,3,4,6,8,2,6,3,9,5,6
26382,5,5,8,1,6,4,7,0,8,4,7
26383,2,1,4,3,8,2,6,5,9,5,6
26384,4,5,8,9,3,4,3,3,8,7,3
26385,1,7,6,2,0,8,0,9,5,6,5
26386,5,5,8,9,3,4,7,0,8,7,7
26387,2,3,4,6,8,2,6,8,9,5,6
26388,1,7,6,2,0,8,0,9,5,6,5
26389,9,2,9,5,9,1,8,3,2,9,8
26390,1,7,6,2,0,8,0,9,5,6,5
26391,7,1,3,3,4,0,1,1,4,3,4
26392,4,5,8,9,3,4,3,0,8,7,3
26393,1,7,6,2,0,8,0,9,5,6,5
26394,4,1,8,9,3,4,3,3,8,7,3
26395,9,9,9,2,7,1,5,7,2,0,5
26396,4,5,8,9,3,4,3,3,8,7,3
26397,8,2,7,5,9,7,8,8,6,9,8
26398,4,5,8,9,3,4,3,0,8,7,3
26399,1,7,6,2,0,8,0,9,5,6,5
26400,5,8,3,1,6,0,7,1,4,4,7
26401,9,9,9,2,7,1,5,7,2,0,5
26402,4,5,8,9,3,4,3,0,8,7,3
26403,1,7,6,2,0,8,0,9,5,6,5
26404,2,3,4,6,8,2,6,8,9,5,6
26405,6,0,2,4,1,5,9,2,1,2,9
26406,1,7,6,2,0,8,0,9,5,6,5
26407,2,3,4,6,8,2,6,3,9,5,6
26408,3,6,1,8,5,3,2,6,0,1,1
26409,9,9,9,2,7,1,5,7,2,0,5
26410,5,5,8,8,3,4,7,0,8,7,7
26411,2,3,4,6,8,2,6,8,9,5,6
26412,7,1,0,3,4,6,1,5,7,3,4
26413,2,3,4,6,8,2,6,3,9,5,6
26414,2,3,4,6,8,2,6,8,9,5,6
26415,2,3,4,6,8,2,6,3,9,5,6
26416,5,8,3,1,6,0,7,1,4,4,7
26417,5,8,3,1,6,0,7,1,4,4,7
26418,4,5,8,9,3,4,3,0,8,7,3
26419,1,7,6,2,0,8,0,9,5,6,5
26420,1,7,6,2,0,8,0,9,5,6,5
26421,9,9,9,2,7,1,5,7,2,0,5
26422,3,6,1,8,5,3,2,6,0,1,1
26423,8,2,5,5,9,9,8,4,6,9,8
26424,0,4,3,0,2,0,4,1,4,8,0
26425,4,5,8,9,3,4,3,0,8,7,3
26426,0,4,7,0,2,7,4,4,6,8,0
26427,3,6,1,8,5,3,2,6,0,1,1
26428,0,4,3,0,2,0,4,1,4,8,0
26429,9,9,9,2,7,1,5,7,2,0,5
26430,0,4,3,0,2,0,4,1,4,8,0
26431,6,5,2,7,1,5,9,2,3,2,9
26432,7,1,0,3,4,6,1,5,7,3,4
26433,7,1,0,3,4,6,1,5,7,3,4
26434,7,1,0,3,4,6,1,5,7,3,4
26435,0,4,7,0,2,7,4,1,4,8,0
26436,2,0,4,4,8,2,6,3,1,5,6
26437,7,1,0,3,4,6,1,5,7,3,4
26438,3,6,1,8,5,3,2,6,0,1,1
26439,5,5,8,8,3,4,9,0,0,7,7
26440,5,8,3,1,6,0,7,1,4,4,7
26441,0,4,5,0,2,9,4,1,4,8,2
26442,1,7,6,2,0,8,0,9,5,6,5
26443,1,7,6,2,0,8,0,9,5,6,5
26444,4,7,8,9,3,4,3,9,8,7,3
26445,9,9,9,2,7,1,5,7,2,0,5
26446,0,4,7,0,2,7,4,1,4,8,0
26447,3,6,1,8,5,3,2,6,0,1,1
26448,7,1,0,3,4,6,1,5,7,3,4
26449,7,1,0,3,4,6,1,5,7,3,4
26450,8,2,7,5,9,7,8,4,6,9,8
26451,7,1,0,3,4,6,1,5,7,3,4
26452,4,1,8,9,3,4,3,3,8,7,3
26453,5,6,2,8,1,5,7,0,0,2,7
26454,6,5,2,7,1,5,9,2,3,2,9
26455,9,9,9,2,7,1,5,7,2,0,5
26456,5,8,3,1,6,0,7,1,4,4,7
26457,3,6,1,8,5,3,2,6,0,1,1
26458,0,4,3,0,2,0,4,1,4,8,0
26459,9,9,9,2,7,1,5,7,2,0,5
26460,2,1,4,3,8,2,6,3,7,5,6
26461,6,0,2,7,1,5,9,2,3,2,9
26462,0,4,3,0,2,0,4,1,4,8,0
26463,7,1,0,3,4,6,1,5,7,3,4
26464,7,1,0,3,4,6,1,5,7,3,4
26465,8,4,7,0,2,7,4,4,6,8,0
26466,7,1,0,3,4,6,1,5,7,3,4
26467,7,1,0,3,4,6,1,5,7,3,4
26468,6,5,2,7,1,5,9,2,3,2,9
26469,3,6,1,8,5,3,2,0,0,1,7
26470,2,3,4,6,8,2,6,3,9,5,6
26471,1,7,6,2,0,8,0,9,5,6,5
26472,4,7,6,9,3,8,3,3,5,7,3
26473,1,7,6,2,0,8,0,9,5,6,5
26474,2,3,4,6,8,2,6,8,9,5,6
26475,3,0,1,4,5,3,2,6,1,1,1
26476,9,9,9,2,7,1,5,7,2,0,5
26477,4,5,8,9,3,4,3,3,8,7,3
26478,7,1,0,3,4,6,1,5,7,3,4
26479,9,9,9,2,7,1,5,7,2,0,5
26480,0,4,7,0,2,7,4,1,4,8,0
26481,2,3,4,6,8,2,6,3,9,5,6
26482,3,0,1,4,5,3,2,6,1,1,1
26483,3,6,1,8,5,3,2,6,0,1,1
26484,2,3,4,6,8,2,6,8,9,5,6
26485,9,9,9,2,7,1,5,7,2,0,5
26486,0,4,7,0,2,7,4,1,4,8,0
26487,9,9,9,2,7,1,5,7,2,0,5
26488,1,7,6,3,0,8,0,9,5,6,4
26489,0,4,7,0,2,7,4,1,4,8,0
26490,4,5,8,9,3,4,3,0,8,7,3
26491,2,3,4,6,8,2,6,8,9,5,6
26492,1,7,6,2,0,8,0,9,5,6,5
26493,5,8,3,1,6,0,7,1,4,4,7
26494,0,4,7,0,2,7,4,1,4,8,0
26495,9,9,9,2,7,1,5,7,2,0,5
26496,8,3,7,6,9,7,6,8,9,9,8
26497,4,5,8,9,3,4,3,0,8,7,3
26498,4,1,8,9,3,4,3,0,8,7,3
26499,0,4,5,0,2,9,4,1,4,8,2
26500,0,4,3,0,2,0,4,1,4,8,0
26501,3,0,1,4,5,3,2,6,1,1,1
26502,1,7,6,2,0,8,0,9,5,6,5
26503,7,1,0,3,4,6,1,5,7,3,4
26504,8,2,5,5,9,9,8,4,6,9,8
26505,7,1,0,3,4,6,1,5,7,3,4
26506,0,4,7,0,2,7,4,4,6,8,0
26507,3,6,1,8,5,3,2,6,0,1,1
26508,3,6,1,8,5,3,2,6,0,1,1
26509,6,5,2,7,1,5,9,2,3,2,9
26510,0,4,3,0,2,0,4,1,4,8,0
26511,5,6,0,8,6,6,7,5,0,4,7
26512,5,8,3,1,6,0,7,1,4,4,7
26513,0,4,6,0,2,8,4,4,6,8,5
26514,9,9,9,2,7,1,5,7,2,0,5
26515,1,7,6,2,0,8,0,9,5,6,5
26516,4,5,8,9,3,4,3,0,8,7,3
26517,2,3,4,6,8,2,6,3,9,5,6
26518,5,8,3,1,6,0,7,1,4,4,7
26519,2,3,4,6,8,2,6,8,9,5,6
26520,9,3,9,2,7,1,5,8,9,0,5
26521,3,5,8,8,5,4,2,0,0,1,1
26522,1,7,6,2,0,8,0,9,5,6,5
26523,2,3,4,6,8,2,6,8,9,5,6
26524,4,5,8,9,3,4,3,0,8,7,3
26525,0,4,7,0,2,7,4,4,6,8,0
26526,7,1,0,3,4,6,1,5,7,3,4
26527,5,8,3,1,6,0,7,1,4,4,7
26528,5,8,3,1,6,0,7,1,4,4,7
26529,5,8,3,1,6,0,7,1,4,4,7
26530,4,5,8,9,3,4,3,0,8,7,3
26531,9,9,9,2,7,1,5,7,2,0,5
26532,2,3,4,6,8,2,6,8,9,5,6
26533,6,5,2,7,1,5,9,2,3,2,9
26534,7,1,0,3,4,6,1,5,7,3,4
26535,9,9,9,2,7,1,5,7,2,0,5
26536,0,4,3,0,2,0,4,1,4,8,0
26537,9,9,9,2,7,1,5,7,2,0,5
26538,2,1,4,3,8,2,6,5,7,5,6
26539,9,9,9,2,7,1,5,7,2,0,5
26540,6,5,2,7,1,5,9,2,3,2,9
26541,6,5,2,7,1,5,9,2,3,2,9
26542,1,7,6,2,0,8,0,9,5,6,5
26543,2,3,4,6,8,2,6,8,9,5,6
26544,2,3,4,6,8,2,6,8,9,5,0
26545,4,0,8,9,3,4,3,3,8,7,3
26546,5,8,3,1,6,0,7,1,4,4,7
26547,7,1,0,3,4,6,1,5,7,3,4
26548,7,1,0,3,4,6,1,5,7,3,4
26549,0,4,3,0,2,0,4,1,4,8,2
26550,7,1,0,3,4,6,1,5,7,3,4
26551,4,5,8,9,3,4,3,0,8,7,3
26552,2,3,4,6,8,2,6,8,9,5,6
26553,7,1,0,3,4,6,1,8,9,3,4
26554,7,1,0,3,4,6,1,5,7,3,4
26555,7,1,0,3,4,6,1,5,7,3,4
26556,1,7,6,2,0,8,0,9,5,6,5
26557,1,7,6,2,0,8,0,9,5,6,5
26558,5,8,3,1,6,0,7,1,4,4,7
26559,1,7,6,2,0,8,0,9,5,6,5
26560,1,7,6,2,0,8,0,9,5,6,5
26561,7,1,0,3,4,6,1,5,7,3,4
26562,7,1,0,3,4,6,1,2,7,3,4
26563,6,6,2,8,1,5,9,0,0,2,9
26564,5,8,3,1,6,0,7,1,4,4,7
26565,3,0,1,4,5,3,2,6,1,1,1
26566,5,8,3,1,6,0,7,1,4,4,7
26567,5,8,3,1,6,0,7,1,4,4,7
26568,8,2,5,5,9,9,8,4,6,9,8
26569,2,3,4,6,8,2,6,8,9,5,6
26570,0,4,7,0,2,7,4,3,4,8,0
26571,0,4,7,0,2,7,4,4,6,8,0
26572,7,1,0,3,4,6,1,5,7,3,4
26573,5,8,3,1,6,0,7,1,4,4,7
26574,7,1,0,3,4,6,1,5,7,3,4
26575,0,4,3,0,2,0,4,1,4,8,0
26576,4,5,8,9,3,4,3,0,8,7,3
26577,6,5,2,7,1,5,9,3,3,2,9
26578,1,7,6,2,0,8,0,9,5,6,5
26579,0,4,3,0,2,0,4,1,4,8,2
26580,2,3,4,6,8,2,6,8,9,5,6
26581,9,9,9,2,7,1,5,7,2,0,5
26582,8,2,7,2,9,7,8,4,6,9,8
26583,2,3,4,6,8,2,6,8,9,5,6
26584,1,7,6,2,0,8,0,9,5,6,5
26585,6,5,2,7,1,5,9,2,3,2,9
26586,0,4,3,0,2,0,4,1,4,8,0
26587,9,9,9,2,7,1,5,7,2,0,5
26588,1,7,6,2,0,8,0,9,5,6,0
26589,0,4,3,0,2,0,4,1,4,8,2
26590,7,1,0,3,4,6,1,5,7,3,4
26591,5,8,3,1,6,0,7,1,4,4,7
26592,2,3,4,6,8,2,6,9,9,5,6
26593,7,1,0,3,4,6,1,5,7,3,4
26594,0,4,7,0,2,7,4,4,6,8,0
26595,6,5,2,7,1,5,9,2,3,2,9
26596,7,1,0,3,4,6,1,5,7,3,4
26597,3,6,1,8,5,3,2,6,0,1,1
26598,1,7,6,2,0,8,0,9,5,6,5
26599,0,4,7,0,2,7,4,1,4,8,0
26600,5,8,3,1,6,0,7,1,4,4,7
26601,4,5,8,9,3,4,3,0,8,7,3
26602,0,4,7,0,2,7,4,1,4,8,0
26603,4,5,8,9,3,4,3,0,8,7,3
26604,1,7,6,2,0,8,0,9,5,6,5
26605,9,9,9,2,7,1,5,8,2,0,5
26606,4,5,8,9,3,4,3,0,8,7,3
26607,7,1,0,3,4,6,1,5,7,3,4
26608,3,6,1,8,5,3,2,6,0,1,1
26609,0,4,3,0,2,0,4,1,4,8,7
26610,9,9,9,2,7,1,5,7,2,0,5
26611,2,3,4,6,8,2,6,8,9,5,6
26612,8,2,7,5,9,7,8,4,6,9,8
26613,6,5,2,7,1,5,9,3,8,2,9
26614,5,5,8,1,6,4,7,0,8,4,7
26615,2,3,4,2,8,2,6,3,9,5,6
26616,1,7,6,2,0,8,0,9,5,6,5
26617,9,9,9,2,7,1,5,7,2,0,5
26618,4,5,8,9,3,4,3,1,8,7,3
26619,3,0,1,4,5,3,2,6,1,1,1
26620,3,6,1,8,5,3,2,6,0,1,1
26621,7,1,0,3,4,6,1,5,7,3,4
26622,5,5,8,1,6,4,7,0,8,4,7
26623,3,6,1,8,5,3,2,6,0,1,1
26624,6,5,2,7,1,5,9,2,3,2,9
26625,7,1,0,3,4,6,1,5,7,3,4
26626,0,4,3,0,2,0,4,1,4,8,0
26627,5,8,3,1,6,0,7,1,4,4,7
26628,2,3,4,6,8,2,6,3,9,5,6
26629,5,8,3,1,6,0,7,1,4,4,7
26630,6,9,2,7,1,5,9,2,3,2,9
26631,0,4,3,0,2,0,4,1,4,8,0
26632,7,3,0,6,4,6,1,8,9,3,4
26633,4,5,8,9,3,4,3,0,8,7,7
26634,5,8,3,1,6,0,7,1,4,4,7
26635,4,5,8,9,3,4,3,3,8,7,3
26636,4,5,8,9,3,4,3,0,8,7,3
26637,7,1,0,3,4,6,1,5,7,3,4
26638,7,1,0,2,4,6,1,5,7,3,5
26639,3,0,1,4,5,3,2,6,1,1,1
26640,2,1,4,3,8,2,6,5,7,5,6
26641,4,5,8,9,3,4,3,0,8,7,3
26642,0,4,3,0,2,0,4,1,4,8,0
26643,0,4,7,0,2,7,4,4,6,8,0
26644,7,1,0,3,4,6,1,5,7,3,4
26645,3,6,1,8,5,3,2,6,0,1,1
26646,6,1,0,7,4,6,9,2,3,2,9
26647,1,7,6,2,0,8,0,9,5,6,5
26648,8,4,7,0,9,7,8,4,6,9,8
26649,6,5,2,7,1,5,9,2,3,2,9
26650,4,5,8,9,3,4,3,0,8,7,3
26651,7,1,0,3,4,6,1,5,7,3,4
26652,5,8,3,1,6,0,7,1,4,4,7
26653,0,4,3,0,2,0,4,1,4,8,0
26654,4,5,8,9,3,4,3,0,8,7,3
26655,7,3,4,6,4,6,6,8,9,3,6
26656,3,0,1,4,5,3,2,6,1,1,1
26657,4,5,8,9,3,4,3,0,8,7,3
26658,6,5,2,7,1,5,9,3,3,2,9
26659,0,4,5,0,2,9,4,1,4,8,2
26660,2,3,4,6,8,2,6,8,9,5,6
26661,7,1,0,3,4,6,1,5,7,3,4
26662,7,1,0,3,4,6,1,5,7,3,4
26663,1,7,6,0,0,8,0,9,5,6,0
26664,7,1,0,3,4,6,1,5,7,3,4
26665,3,6,1,8,5,3,2,6,0,1,1
26666,5,8,3,1,6,0,7,1,4,4,7
26667,1,7,6,2,0,8,0,9,5,6,5
26668,0,4,5,0,2,9,4,4,6,8,2
26669,1,7,6,2,0,8,0,9,5,6,5
26670,4,5,8,9,3,4,3,0,8,7,3
26671,7,1,0,3,4,6,1,5,7,3,4
26672,0,4,6,2,2,8,4,8,5,8,5
26673,0,4,3,0,2,0,4,1,4,8,0
26674,7,1,0,3,4,6,1,5,7,3,4
26675,2,3,4,6,8,2,6,8,9,5,6
26676,2,3,7,6,8,7,6,8,9,5,8
26677,4,5,8,9,3,4,3,0,8,7,3
26678,7,1,0,3,4,6,1,5,7,3,4
26679,0,4,5,0,2,9,4,1,4,8,2
26680,2,3,4,6,8,2,6,3,9,5,6
26681,0,8,3,1,6,0,4,1,4,4,0
26682,0,8,3,1,6,0,4,1,4,4,0
26683,0,4,7,0,2,7,4,1,4,8,0
26684,8,2,5,5,9,9,8,4,6,9,2
26685,3,6,1,8,5,3,2,6,0,1,1
26686,8,2,4,5,9,2,8,3,1,9,8
26687,1,7,6,2,0,8,0,9,5,6,5
26688,6,5,2,7,1,5,9,2,3,2,9
26689,1,7,6,2,0,8,0,9,5,6,5
26690,6,5,2,7,1,5,9,2,3,2,9
26691,7,1,0,3,4,6,1,5,7,3,4
26692,7,1,0,3,4,6,1,5,7,3,4
26693,0,4,7,0,2,7,4,4,6,8,0
26694,2,3,4,2,8,2,6,8,9,5,6
26695,2,3,4,6,8,2,6,8,9,5,6
26696,1,7,6,2,0,8,0,9,5,6,5
26697,4,5,8,9,3,4,3,0,8,7,3
26698,9,9,9,2,7,1,5,7,2,0,5
26699,0,4,5,0,2,9,4,4,6,8,2
26700,7,1,0,3,4,6,1,5,7,3,4
26701,7,1,0,3,4,6,1,5,7,3,4
26702,7,1,0,3,4,6,1,5,7,3,4
26703,0,4,3,0,2,0,4,1,4,8,0
26704,0,4,3,0,2,0,4,1,4,8,0
26705,0,8,3,1,6,0,4,1,4,4,0
26706,7,1,0,3,4,6,1,5,7,3,4
26707,0,4,7,0,2,7,4,4,6,8,0
26708,8,2,7,5,9,7,8,4,6,9,8
26709,0,4,7,0,2,7,4,4,6,8,0
26710,7,1,0,3,4,6,1,5,7,3,4
26711,7,1,0,3,4,6,1,5,7,3,4
26712,3,6,1,8,5,3,2,6,0,1,1
26713,3,6,1,8,5,3,2,6,0,1,1
26714,0,4,5,0,2,9,4,4,6,8,2
26715,7,1,0,3,4,6,1,5,7,3,4
26716,4,5,8,9,3,4,3,3,8,7,3
26717,1,7,6,2,0,8,0,9,5,6,5
26718,9,9,9,2,7,1,5,7,2,0,5
26719,7,1,0,3,4,6,1,5,7,3,4
26720,2,3,4,6,8,2,6,8,9,5,6
26721,8,2,5,5,9,9,8,4,6,9,8
26722,4,6,8,9,3,4,3,0,8,7,3
26723,4,5,8,9,3,4,3,0,8,7,3
26724,7,1,0,3,4,6,1,5,7,3,4
26725,0,4,7,0,2,7,4,1,4,8,0
26726,1,7,9,2,0,1,0,7,5,6,5
26727,0,3,4,6,8,2,6,8,9,5,0
26728,3,6,1,8,5,3,2,6,0,1,1
26729,4,5,8,9,3,4,3,0,8,7,3
26730,5,8,3,1,6,0,7,1,4,4,7
26731,3,6,1,8,5,3,2,6,0,1,1
26732,7,1,0,3,4,6,1,5,7,3,4
26733,7,1,0,3,4,6,1,5,7,3,2
26734,9,9,9,2,7,1,5,7,2,0,5
26735,4,5,8,9,3,4,3,0,8,7,3
26736,5,8,7,1,6,7,7,3,4,4,7
26737,5,8,3,1,6,0,7,1,4,4,7
26738,4,5,8,9,3,4,3,0,8,7,3
26739,7,1,0,3,4,6,1,5,7,3,4
26740,6,5,2,7,1,5,9,2,3,2,9
26741,6,5,2,7,1,5,9,2,3,2,9
26742,0,4,6,0,2,8,4,1,4,8,0
26743,7,1,0,3,4,6,1,5,7,3,4
26744,7,1,4,3,8,2,1,5,7,5,6
26745,1,7,6,2,0,8,0,9,5,6,5
26746,1,7,6,2,0,8,0,9,5,6,5
26747,1,7,6,2,0,8,0,9,5,6,5
26748,4,5,8,9,3,4,3,0,8,7,3
26749,0,4,3,0,2,0,4,1,4,8,0
26750,8,2,5,5,9,9,8,4,6,9,8
26751,6,5,2,7,1,5,9,2,3,2,9
26752,0,4,7,0,2,7,4,4,6,8,0
26753,4,5,8,9,3,4,3,0,8,7,3
26754,4,5,8,9,3,4,3,0,8,7,3
26755,0,4,5,0,2,9,4,1,4,8,0
26756,4,5,8,9,3,4,3,0,8,7,3
26757,1,7,6,2,0,8,0,9,5,6,5
26758,5,8,3,1,6,0,7,1,4,4,7
26759,4,5,8,9,3,4,3,0,8,7,3
26760,7,1,0,3,4,6,1,5,7,3,4
26761,3,6,1,8,5,3,2,6,0,1,1
26762,7,1,0,3,4,6,1,5,7,3,4
26763,0,4,7,0,2,7,4,1,4,8,0
26764,0,4,7,0,2,7,4,1,4,8,0
26765,4,5,8,9,3,4,3,0,8,7,3
26766,4,5,8,9,3,4,3,3,8,7,3
26767,0,4,7,0,2,7,4,4,6,8,0
26768,4,5,8,9,3,4,3,0,8,7,3
26769,4,5,8,9,3,4,3,0,8,7,7
26770,6,1,2,7,1,5,9,2,3,2,9
26771,2,3,4,6,8,2,6,8,9,5,6
26772,1,7,6,2,0,8,0,9,5,6,5
26773,7,1,0,3,4,6,1,5,7,3,4
26774,1,7,6,2,0,8,0,9,5,6,5
26775,3,6,1,8,5,3,2,6,0,1,1
26776,7,3,0,6,4,6,1,8,9,3,4
26777,4,5,8,9,3,4,3,0,8,7,3
26778,8,2,7,5,9,9,8,4,6,9,8
26779,6,5,2,7,1,5,9,2,3,2,9
26780,1,7,6,2,0,8,0,9,5,6,5
26781,7,1,0,3,4,6,1,5,7,3,4
26782,6,5,2,7,1,5,9,2,3,2,9
26783,7,1,0,3,4,6,1,5,7,3,4
26784,3,6,1,8,5,3,2,6,0,1,1
26785,4,5,8,9,3,4,3,0,8,7,3
26786,2,3,4,6,4,2,6,8,9,5,0
26787,2,3,4,6,8,2,6,8,9,5,6
26788,6,5,2,7,1,5,9,2,3,2,9
26789,1,7,6,2,0,8,0,9,5,6,5
26790,0,4,7,0,2,7,4,1,4,8,0
26791,7,1,0,3,4,6,1,5,7,3,4
26792,4,5,8,9,3,4,3,0,8,7,3
26793,7,3,0,6,4,6,1,8,9,3,4
26794,6,5,2,7,1,5,9,2,3,2,9
26795,0,4,7,0,2,7,4,1,4,8,0
26796,4,5,8,9,3,4,3,3,8,7,3
26797,8,2,7,5,9,7,8,4,6,9,8
26798,0,4,3,0,2,0,4,1,4,8,0
26799,3,6,1,8,5,3,2,6,0,1,1
26800,6,5,2,7,1,5,9,2,3,2,9
26801,0,4,3,0,2,0,4,1,4,8,2
26802,1,7,6,2,0,8,0,9,5,6,5
26803,2,3,4,6,8,2,6,8,9,5,6
26804,2,3,4,6,8,2,6,8,9,5,6
26805,0,4,3,0,2,0,4,1,4,8,0
26806,0,4,7,0,2,7,4,4,6,8,0
26807,0,4,3,0,2,0,4,1,4,8,0
26808,5,8,3,1,6,0,7,1,4,4,7
26809,7,1,0,3,4,6,1,5,7,3,4
26810,4,5,8,9,3,4,3,0,8,7,3
26811,8,4,5,0,2,9,4,4,6,8,2
26812,1,7,6,2,0,8,0,9,5,6,5
26813,0,4,7,0,2,7,4,8,4,8,0
26814,7,1,0,3,4,6,1,5,7,3,4
26815,0,4,7,0,2,7,4,1,4,8,0
26816,0,4,7,0,2,7,4,1,4,8,0
26817,7,1,5,3,4,9,1,5,7,3,4
26818,3,6,1,8,5,3,2,6,0,1,1
26819,4,5,8,9,3,4,3,0,8,7,3
26820,3,6,1,8,5,3,2,6,0,1,1
26821,6,5,2,7,1,5,9,2,3,2,9
26822,0,4,3,0,2,0,4,1,4,8,0
26823,2,3,4,6,8,2,6,8,9,5,6
26824,7,1,6,3,4,8,1,5,7,3,4
26825,7,1,0,3,4,6,1,5,7,3,4
26826,0,4,5,0,2,9,4,4,6,8,2
26827,1,7,6,2,0,8,0,9,5,6,5
26828,0,4,7,0,2,7,4,4,6,8,0
26829,0,4,5,0,2,9,4,1,4,8,2
26830,7,1,0,3,4,6,1,5,7,3,4
26831,7,1,0,3,4,6,1,5,7,3,4
26832,3,0,1,4,5,3,2,6,1,1,1
26833,5,8,3,1,6,0,7,1,4,4,7
26834,5,8,3,1,6,0,7,1,4,4,7
26835,1,7,6,2,0,8,0,9,5,6,5
26836,3,6,1,8,5,3,2,6,0,1,1
26837,0,8,3,1,6,0,4,1,4,4,0
26838,5,8,3,1,6,0,7,1,4,4,2
26839,0,4,3,0,2,0,4,1,4,8,0
26840,3,6,1,8,5,3,2,6,0,1,1
26841,4,5,8,9,3,4,3,0,8,7,3
26842,7,1,0,3,4,6,1,5,7,3,4
26843,3,6,1,8,5,3,2,6,0,1,1
26844,8,2,7,5,9,7,8,4,6,9,8
26845,0,4,7,0,2,7,4,1,4,8,0
26846,0,4,7,0,2,7,4,4,6,8,0
26847,0,4,7,0,2,7,4,4,6,8,0
26848,4,5,8,9,3,4,3,3,8,7,3
26849,1,7,6,2,0,8,0,9,5,6,5
26850,7,1,0,3,4,6,1,5,7,3,4
26851,0,4,5,0,2,9,4,4,6,8,2
26852,2,3,4,6,8,2,6,8,9,5,6
26853,3,6,1,8,5,3,2,6,0,1,1
26854,8,2,5,2,9,9,8,4,6,9,5
26855,8,2,7,5,9,7,8,4,6,9,8
26856,7,1,0,3,4,6,1,5,7,3,4
26857,2,3,4,6,8,2,6,8,9,5,6
26858,0,4,3,0,2,0,4,1,4,8,0
26859,3,6,1,4,5,3,2,6,1,1,1
26860,0,4,0,0,2,6,4,1,7,8,0
26861,8,2,7,5,9,7,8,4,6,9,8
26862,8,2,7,5,9,7,8,3,6,9,8
26863,0,4,5,0,2,9,4,4,6,8,2
26864,0,4,3,0,2,0,4,1,4,8,0
26865,0,1,3,0,4,0,4,1,4,3,0
26866,7,1,0,3,4,6,1,5,7,3,4
26867,1,7,6,2,0,8,0,9,5,6,5
26868,2,3,4,6,8,2,6,8,9,5,6
26869,5,8,3,1,6,0,7,1,4,4,7
26870,0,4,3,0,2,0,4,1,4,8,0
26871,7,1,0,3,4,6,1,5,7,3,4
26872,1,7,6,2,0,8,0,9,5,6,5
26873,8,2,7,5,9,7,8,3,6,9,8
26874,4,5,8,9,3,4,3,3,8,7,3
26875,6,5,2,7,1,5,9,2,3,2,9
26876,2,1,4,3,8,2,6,5,9,5,6
26877,8,2,7,5,9,7,8,4,6,9,8
26878,1,7,6,2,0,8,0,9,5,6,5
26879,8,2,7,5,9,7,8,4,6,9,8
26880,7,1,0,3,4,6,1,5,7,3,4
26881,3,0,1,4,5,3,2,6,1,1,1
26882,3,6,1,8,5,3,2,6,0,1,1
26883,6,5,2,7,1,5,9,2,3,2,9
26884,4,5,8,9,3,4,3,0,8,7,3
26885,0,4,7,0,2,7,4,4,6,8,0
26886,0,4,5,0,2,9,4,4,6,8,2
26887,9,9,9,2,7,1,5,7,2,0,5
26888,6,9,2,7,1,5,9,2,3,2,9
26889,4,5,8,9,3,4,3,3,8,7,3
26890,5,8,3,1,6,0,7,1,4,4,0
26891,9,9,9,6,7,1,5,3,2,0,8
26892,1,7,6,2,0,8,0,9,5,6,5
26893,2,3,4,6,8,2,6,8,9,5,6
26894,8,4,5,0,2,9,4,4,6,8,2
26895,0,4,7,0,2,7,4,4,6,8,0
26896,7,1,0,3,4,6,1,5,7,3,4
26897,8,2,7,5,9,7,8,4,6,9,8
26898,9,9,9,2,7,1,5,7,2,0,5
26899,6,5,2,7,1,5,9,2,3,2,9
26900,9,9,9,2,7,1,5,7,2,0,5
26901,2,3,4,6,8,2,6,8,9,5,6
26902,0,4,3,0,2,0,4,1,4,8,0
26903,3,0,1,4,5,3,2,6,1,1,1
26904,5,8,3,1,6,0,7,1,4,4,7
26905,1,7,6,2,0,8,0,9,5,6,5
26906,0,4,7,0,2,7,4,4,6,8,0
26907,6,5,2,7,1,5,9,2,3,2,9
26908,0,3,3,0,2,0,4,8,4,8,0
26909,2,3,4,6,4,2,6,8,9,3,6
26910,1,7,6,2,0,8,0,9,5,6,5
26911,0,4,7,0,2,7,4,4,6,8,0
26912,4,5,8,9,3,4,3,0,8,7,3
26913,7,1,0,3,4,6,1,5,7,3,4
26914,1,7,6,2,0,8,0,9,5,6,5
26915,4,5,8,9,3,4,3,0,8,7,3
26916,0,4,3,0,2,0,4,1,4,8,2
26917,0,4,5,0,2,9,4,4,6,8,2
26918,7,1,0,3,4,6,1,5,7,3,4
26919,7,1,0,3,4,6,1,5,7,3,4
26920,4,5,8,9,3,4,3,0,8,7,3
26921,0,4,7,0,2,7,4,4,6,8,0
26922,9,9,9,2,7,1,5,7,2,0,5
26923,3,6,1,8,5,3,2,6,0,1,1
26924,1,7,6,2,0,8,0,9,5,6,5
26925,1,7,6,2,0,8,0,9,5,6,5
26926,7,1,0,3,4,6,1,5,7,3,4
26927,6,5,2,7,1,5,9,2,3,2,9
26928,7,1,0,3,4,6,1,5,7,3,4
26929,2,3,4,6,8,2,6,8,9,5,6
26930,3,6,1,8,5,3,2,6,0,1,1
26931,4,5,8,9,3,4,3,0,8,7,3
26932,9,9,9,2,7,1,5,7,2,0,5
26933,8,2,5,5,9,9,8,4,6,9,8
26934,9,7,6,2,7,8,5,3,2,0,5
26935,2,3,4,6,8,2,6,8,9,5,6
26936,7,1,0,3,4,6,1,5,7,3,4
26937,3,6,1,8,5,3,2,6,0,1,1
26938,5,5,8,9,3,4,7,0,8,7,7
26939,1,7,6,2,0,8,0,9,5,6,5
26940,2,3,4,6,8,2,6,3,2,5,6
26941,6,5,2,7,1,5,9,2,3,2,9
26942,0,4,0,0,2,6,4,1,4,8,4
26943,7,3,0,6,4,6,1,8,9,3,6
26944,1,7,6,2,0,8,0,9,5,6,5
26945,8,2,5,5,9,9,8,4,6,9,2
26946,4,5,8,9,3,4,3,0,8,7,3
26947,2,3,4,6,8,2,6,8,9,5,6
26948,2,3,4,6,8,2,6,8,9,5,6
26949,0,4,3,0,2,0,4,1,4,8,0
26950,5,8,3,1,6,0,7,1,4,4,7
26951,9,9,9,2,7,1,5,7,2,0,5
26952,2,3,4,6,8,2,6,8,9,5,6
26953,2,3,4,6,8,2,6,8,9,5,6
26954,5,8,3,1,6,0,7,1,4,4,0
26955,4,5,8,9,3,4,3,0,8,7,3
26956,6,3,2,6,1,5,9,8,9,2,6
26957,8,2,5,5,9,9,8,4,6,9,2
26958,4,5,8,9,3,4,3,0,8,7,3
26959,9,9,9,2,7,1,5,7,2,0,5
26960,1,7,6,2,0,8,0,9,5,6,5
26961,1,7,6,2,0,8,0,9,5,6,5
26962,4,7,8,9,3,4,3,3,8,7,3
26963,8,2,7,5,9,7,8,4,6,9,8
26964,8,2,5,5,9,9,8,4,6,9,2
26965,7,1,0,3,4,6,1,5,7,3,4
26966,0,4,5,0,2,9,4,4,6,8,2
26967,8,4,5,0,2,9,8,4,6,8,2
26968,1,7,6,2,0,8,0,9,5,6,5
26969,8,2,5,5,9,9,8,4,6,9,8
26970,8,2,7,5,9,7,8,4,6,9,8
26971,2,3,4,6,8,2,6,8,9,5,6
26972,2,1,4,3,8,2,6,3,7,5,6
26973,0,4,7,0,2,7,4,4,6,8,0
26974,6,5,2,7,1,5,9,2,3,2,9
26975,7,3,4,3,4,6,6,8,9,3,6
26976,8,2,7,5,9,7,8,4,6,9,8
26977,4,5,8,9,3,4,3,0,8,7,3
26978,2,3,4,6,8,2,6,8,9,5,6
26979,3,0,1,4,5,3,2,6,1,1,1
26980,3,6,1,8,5,3,2,6,0,1,1
26981,2,3,4,6,8,2,6,3,9,5,6
26982,8,2,5,5,9,9,8,4,6,9,2
26983,4,5,8,9,3,4,3,3,8,7,3
26984,1,7,6,2,0,8,0,9,5,6,5
26985,8,2,7,5,9,7,8,4,6,9,8
26986,9,9,9,2,7,1,5,7,2,0,5
26987,2,3,4,6,8,2,6,8,9,5,6
26988,4,5,8,9,3,4,3,0,8,7,3
26989,2,3,4,6,8,2,6,5,9,5,6
26990,3,6,1,8,5,3,2,6,0,1,1
26991,9,9,9,2,7,1,5,7,2,0,5
26992,5,8,3,1,6,0,7,1,4,4,0
26993,9,9,9,2,7,1,5,7,2,0,5
26994,1,7,6,2,0,8,0,9,5,6,5
26995,2,0,4,4,8,2,6,3,1,5,6
26996,7,1,0,3,4,6,1,5,7,3,4
26997,8,2,7,5,9,7,8,4,6,9,8
26998,1,7,6,2,0,8,0,9,5,6,5
26999,3,0,1,4,5,3,2,6,1,1,1
27000,7,1,0,3,4,6,1,5,7,3,4
27001,8,2,7,5,9,7,8,4,6,9,8
27002,7,1,0,3,4,6,1,8,7,3,4
27003,9,9,9,2,7,1,5,7,2,0,5
27004,5,8,3,1,6,0,7,1,4,4,7
27005,8,2,5,5,9,9,8,4,6,9,2
27006,4,5,8,9,3,4,3,3,8,7,3
27007,0,4,7,0,2,7,4,1,4,8,0
27008,2,3,4,6,8,2,6,8,9,5,6
27009,3,0,1,4,5,3,2,6,1,1,1
27010,6,5,2,7,1,5,9,2,3,2,9
27011,1,7,6,2,0,8,0,9,5,6,5
27012,1,7,6,2,0,8,0,9,5,6,5
27013,1,7,6,2,0,8,0,9,5,6,5
27014,5,8,3,1,6,0,7,1,4,4,7
27015,0,4,3,0,2,0,4,1,4,8,0
27016,0,4,3,0,2,0,4,1,4,8,0
27017,2,3,4,6,8,2,6,8,9,5,6
27018,1,7,6,2,0,8,0,9,5,6,5
27019,4,5,8,9,3,4,3,3,8,7,3
27020,9,9,9,2,7,1,5,7,2,0,5
27021,4,5,8,9,3,4,3,3,8,7,3
27022,7,1,0,3,4,6,1,5,7,3,4
27023,3,0,1,4,5,3,2,6,1,1,1
27024,7,1,0,3,4,6,1,8,7,3,4
27025,1,7,6,2,0,8,0,9,5,6,5
27026,5,5,0,1,6,6,7,5,7,4,7
27027,2,3,4,6,8,2,6,8,9,5,6
27028,1,7,6,2,0,8,0,9,5,6,5
27029,7,1,0,3,4,6,1,5,7,3,4
27030,2,3,4,2,8,2,6,8,9,5,5
27031,2,3,4,6,8,2,6,8,9,5,6
27032,7,1,0,3,4,6,1,5,7,3,4
27033,9,9,9,2,7,1,5,9,2,0,5
27034,9,9,9,2,7,1,5,7,2,0,5
27035,3,0,1,4,5,3,2,3,1,1,1
27036,0,4,7,0,2,7,4,1,4,8,0
27037,0,4,3,0,2,0,4,1,4,8,0
27038,2,3,4,6,8,2,6,8,9,5,6
27039,8,2,5,5,9,9,8,4,6,9,8
27040,0,4,7,0,2,7,4,1,4,8,0
27041,8,2,7,5,9,7,8,4,6,9,8
27042,2,3,4,6,8,2,6,8,9,5,6
27043,7,1,0,3,4,6,1,5,7,3,4
27044,5,8,3,1,6,0,7,1,4,4,7
27045,2,3,4,6,8,2,6,8,9,5,6
27046,4,5,8,9,3,4,3,0,8,7,3
27047,7,1,0,3,4,6,1,5,7,3,4
27048,7,1,0,3,4,6,1,5,7,3,4
27049,2,0,4,4,8,2,6,3,1,5,6
27050,3,0,1,4,5,3,2,6,1,1,1
27051,7,1,0,3,4,6,1,5,7,3,4
27052,9,9,9,2,7,1,5,7,2,0,5
27053,7,1,0,3,4,6,1,5,7,3,4
27054,0,8,3,1,6,0,7,1,4,4,2
27055,0,4,7,0,2,7,4,4,6,8,0
27056,0,8,3,0,2,0,4,1,4,8,0
27057,8,2,5,5,9,9,8,4,6,9,8
27058,8,2,5,5,9,9,8,4,6,9,2
27059,8,2,5,5,9,9,8,4,6,9,2
27060,7,1,0,3,4,6,1,5,7,3,4
27061,9,9,9,2,7,1,5,7,2,0,5
27062,5,8,3,1,6,0,7,1,4,4,7
27063,9,9,9,2,7,1,5,7,2,0,5
27064,1,7,6,2,0,8,0,9,5,6,5
27065,2,0,4,4,8,2,6,5,1,5,6
27066,8,2,7,5,9,7,8,4,6,9,8
27067,7,1,0,3,4,6,1,5,7,3,4
27068,1,7,6,2,0,8,0,9,5,6,5
27069,3,0,1,4,5,3,2,6,1,1,1
27070,2,0,4,4,8,2,6,3,1,5,6
27071,1,7,6,2,0,8,0,9,5,6,5
27072,2,3,4,6,8,2,6,8,9,5,5
27073,4,5,8,9,3,4,3,0,8,7,3
27074,0,4,7,0,2,7,4,4,6,8,0
27075,7,1,0,3,4,6,1,5,7,3,4
27076,2,3,4,6,8,2,6,8,9,5,6
27077,5,8,3,1,6,0,7,1,4,4,7
27078,7,1,0,3,4,6,1,5,7,3,4
27079,7,1,0,3,4,6,1,5,7,3,4
27080,5,8,3,1,6,0,7,1,4,4,7
27081,4,5,8,9,3,4,3,0,8,7,3
27082,3,6,1,8,5,3,2,6,0,1,1
27083,0,4,3,0,2,0,4,1,4,8,0
27084,7,1,0,3,4,6,1,5,7,3,4
27085,7,1,0,3,4,6,1,5,7,3,4
27086,9,9,9,2,7,1,5,3,2,0,5
27087,0,4,3,0,2,0,4,1,4,8,0
27088,0,8,3,0,2,0,4,1,4,8,0
27089,3,6,1,8,5,3,2,6,0,1,1
27090,4,5,8,9,3,4,3,0,8,7,7
27091,1,7,6,2,0,8,0,9,5,6,5
27092,3,6,1,8,5,3,2,6,0,1,1
27093,6,5,2,7,1,5,9,2,3,2,9
27094,3,0,1,4,5,3,2,6,1,1,1
27095,7,1,0,3,4,6,1,5,7,3,4
27096,7,1,0,3,4,6,1,5,7,3,4
27097,5,8,3,1,6,0,7,1,4,4,7
27098,8,2,5,5,9,9,8,4,6,9,2
27099,7,1,0,3,4,6,1,5,7,3,4
27100,2,1,4,3,8,2,6,5,7,5,6
27101,4,5,8,9,3,4,3,0,8,7,3
27102,0,4,7,0,2,7,4,4,6,8,0
27103,8,2,5,5,9,9,8,4,6,9,2
27104,1,7,6,2,0,8,0,9,5,6,5
27105,7,1,0,3,4,6,1,5,7,3,4
27106,2,3,4,6,8,2,6,8,9,5,5
27107,0,4,3,0,2,0,4,1,4,8,0
27108,6,5,2,7,1,5,9,2,3,2,9
27109,3,6,1,8,5,3,2,6,0,1,1
27110,5,8,3,1,6,0,7,1,4,4,0
27111,1,7,6,2,0,8,0,9,5,6,5
27112,5,8,3,1,6,0,7,1,4,4,7
27113,7,1,0,3,4,6,1,5,7,3,4
27114,3,6,1,8,5,3,2,6,0,1,1
27115,7,1,0,3,4,6,1,5,7,3,4
27116,0,4,3,0,2,0,4,1,4,8,0
27117,7,1,0,3,4,6,1,5,7,3,4
27118,2,3,4,6,8,2,6,8,9,5,6
27119,4,5,8,9,3,4,3,0,8,7,3
27120,7,1,0,3,4,6,1,5,7,3,4
27121,7,1,0,3,4,6,1,5,7,3,4
27122,7,1,0,3,4,6,1,5,7,3,4
27123,1,7,6,2,0,8,0,9,5,6,5
27124,1,7,6,2,0,8,0,9,5,6,5
27125,5,8,3,1,6,0,7,1,4,4,7
27126,0,4,6,2,2,8,4,8,5,8,0
27127,7,1,0,3,4,6,1,5,7,3,4
27128,0,4,3,0,2,0,4,1,4,8,0
27129,0,4,3,0,2,0,4,1,4,8,0
27130,5,8,3,1,6,0,7,1,4,4,7
27131,6,1,2,7,1,5,9,2,3,2,9
27132,7,1,0,3,4,6,1,5,7,3,4
27133,7,1,0,3,4,6,1,5,7,3,4
27134,4,5,8,9,3,4,3,0,8,7,3
27135,7,1,0,3,4,6,1,5,7,3,4
27136,1,7,6,2,0,8,0,9,5,6,5
27137,3,6,1,8,5,3,2,6,0,1,1
27138,1,7,6,2,0,8,0,9,5,6,5
27139,4,5,8,9,3,4,3,0,8,7,3
27140,7,1,0,3,4,6,1,5,7,3,4
27141,5,8,3,1,6,0,7,1,4,4,7
27142,9,9,9,2,7,1,5,7,2,0,5
27143,7,1,0,3,4,6,1,5,7,3,4
27144,0,4,5,0,2,9,4,4,6,8,2
27145,3,6,1,8,5,3,2,6,0,1,1
27146,7,1,0,3,4,6,1,5,7,3,4
27147,7,1,0,3,4,6,1,5,7,3,4
27148,3,0,1,4,5,3,2,6,1,1,1
27149,4,5,8,9,3,4,3,0,8,7,3
27150,6,5,2,7,1,5,9,2,3,2,9
27151,0,4,5,0,2,9,4,4,6,8,2
27152,7,1,0,3,4,6,1,5,7,3,4
27153,3,6,1,8,5,3,2,6,0,1,1
27154,7,1,0,3,4,6,1,5,7,3,4
27155,6,5,2,7,1,5,9,2,3,2,9
27156,7,1,0,3,4,6,1,5,7,3,4
27157,5,8,3,2,6,0,7,1,4,4,7
27158,1,4,5,0,2,9,0,9,5,8,2
27159,1,7,6,2,0,8,0,9,5,6,5
27160,7,1,0,3,4,6,1,5,7,3,4
27161,4,5,8,9,3,4,3,0,8,7,3
27162,6,5,2,7,1,5,9,2,3,2,9
27163,0,8,3,0,2,0,4,1,4,8,0
27164,5,8,3,1,6,0,7,1,4,4,7
27165,7,1,0,3,4,6,1,5,7,3,4
27166,8,2,5,5,9,9,8,4,6,9,2
27167,7,1,0,3,4,6,1,5,7,3,4
27168,1,7,6,2,0,8,0,9,5,6,5
27169,4,5,8,9,3,4,3,0,8,7,3
27170,3,6,1,8,5,3,2,6,0,1,1
27171,6,1,0,7,1,6,9,2,3,2,9
27172,1,7,6,2,0,8,0,9,5,6,5
27173,7,1,0,3,4,6,1,5,7,3,4
27174,5,8,3,1,6,0,7,1,4,4,7
27175,4,5,8,9,3,4,3,0,8,7,3
27176,5,8,3,1,6,0,7,1,4,4,7
27177,7,3,0,6,4,6,1,8,9,3,4
27178,6,5,2,7,1,5,9,2,3,2,9
27179,2,3,4,6,8,2,6,5,9,5,6
27180,5,8,3,1,6,0,7,1,4,4,7
27181,7,3,0,6,4,6,6,8,9,3,6
27182,1,7,6,2,0,8,0,9,5,6,5
27183,7,1,0,3,4,6,1,5,7,3,4
27184,0,4,3,0,2,0,4,1,4,8,0
27185,7,1,0,3,4,6,1,5,7,3,4
27186,6,5,2,7,1,5,9,2,3,2,9
27187,1,7,6,2,0,8,0,9,5,6,5
27188,6,5,2,7,1,5,9,2,3,2,9
27189,5,8,3,1,6,0,7,1,8,4,7
27190,5,5,8,1,6,4,7,0,8,4,7
27191,0,4,7,0,2,7,4,1,4,8,0
27192,6,5,2,7,1,5,9,2,3,2,9
27193,4,5,8,9,3,4,3,0,8,7,3
27194,1,7,6,0,0,8,0,9,5,6,0
27195,7,1,0,3,4,6,1,5,7,3,4
27196,5,8,3,1,6,0,7,1,4,4,7
27197,7,1,0,3,4,6,1,5,7,3,4
27198,4,5,8,9,3,4,3,3,8,7,3
27199,0,4,5,0,2,9,4,1,4,8,2
27200,3,0,1,4,5,3,2,6,1,1,1
27201,1,7,6,2,0,8,0,9,5,6,5
27202,9,9,9,2,7,1,5,7,2,0,5
27203,0,4,5,0,2,9,4,1,4,8,2
27204,2,5,4,6,8,2,6,3,9,5,3
27205,1,7,6,2,0,8,0,9,5,6,5
27206,3,0,1,4,5,3,2,6,1,1,1
27207,1,7,6,2,0,8,0,9,5,6,5
27208,4,5,8,9,3,4,3,3,8,7,3
27209,3,6,1,8,5,3,2,6,0,1,1
27210,1,7,6,2,0,8,0,9,5,6,5
27211,7,1,0,3,4,6,1,5,7,3,4
27212,7,1,0,3,4,6,1,5,7,3,4
27213,5,8,3,1,6,0,7,1,4,4,7
27214,7,1,0,3,4,6,1,5,7,3,4
27215,6,1,0,7,1,6,9,2,3,2,9
27216,0,4,3,0,2,0,4,1,4,8,0
27217,4,5,8,9,3,4,3,0,8,7,3
27218,0,4,7,0,2,7,4,1,4,8,0
27219,0,5,8,0,3,4,4,0,8,7,7
27220,8,2,5,5,9,9,8,4,6,9,2
27221,5,8,3,1,6,0,7,1,4,4,7
27222,0,4,7,0,2,7,4,4,6,8,0
27223,6,5,2,7,1,5,9,2,3,2,9
27224,2,3,4,6,8,2,6,8,9,5,6
27225,4,5,8,9,3,4,3,0,8,7,3
27226,5,8,3,1,6,0,7,1,4,4,7
27227,5,8,3,1,6,0,7,1,4,4,7
27228,7,1,0,3,4,6,1,5,7,3,4
27229,6,5,2,7,1,5,9,2,3,2,9
27230,5,8,3,1,6,0,7,1,4,4,7
27231,0,4,3,0,2,0,4,1,4,8,0
27232,7,1,0,3,4,6,1,5,7,3,4
27233,7,1,0,3,4,6,1,5,7,3,4
27234,5,8,3,1,6,0,7,1,4,4,0
27235,0,4,3,0,2,0,4,1,4,8,0
27236,2,3,4,6,8,2,6,8,9,5,6
27237,0,4,3,0,2,0,4,1,4,8,0
27238,7,1,0,3,4,6,1,5,7,3,4
27239,6,3,2,7,1,5,9,2,3,2,9
27240,5,5,8,9,3,4,7,0,8,7,7
27241,7,1,0,3,4,6,1,5,7,3,4
27242,1,7,6,2,0,8,0,9,5,6,5
27243,4,5,8,9,3,4,3,0,8,7,3
27244,4,5,8,9,3,4,3,0,8,7,3
27245,1,7,6,2,0,8,0,9,5,6,5
27246,3,6,1,8,5,3,2,6,0,1,1
27247,3,6,1,8,5,3,2,6,0,1,1
27248,7,1,0,3,4,6,1,5,7,3,4
27249,4,5,8,9,3,4,3,0,8,7,3
27250,1,7,6,2,0,8,0,9,5,6,5
27251,2,3,4,6,8,2,6,8,9,5,6
27252,9,9,9,2,7,1,5,7,2,0,5
27253,2,3,4,6,8,2,6,8,9,5,6
27254,9,9,9,2,7,1,5,7,2,0,8
27255,2,3,4,6,8,2,6,8,9,5,6
27256,1,7,6,2,0,8,0,9,5,6,5
27257,3,6,1,8,5,3,2,6,0,1,1
27258,6,5,2,0,1,5,9,1,4,2,0
27259,7,1,0,3,4,6,1,5,7,3,4
27260,0,4,3,0,2,0,4,1,4,8,0
27261,7,1,0,3,4,6,1,5,7,3,4
27262,1,7,6,2,0,8,0,9,5,6,5
27263,7,1,0,3,4,6,1,5,7,3,4
27264,9,5,9,2,7,1,5,2,2,0,5
27265,0,4,5,2,2,9,4,9,5,8,5
27266,1,7,6,9,0,8,0,9,5,6,3
27267,5,8,3,1,6,0,7,1,4,4,7
27268,5,5,8,9,3,4,7,0,8,7,7
27269,7,1,0,3,4,6,1,5,7,3,4
27270,1,7,6,2,0,8,0,9,5,6,5
27271,3,1,1,8,5,3,2,6,0,1,1
27272,5,8,3,1,6,0,7,1,4,4,7
27273,5,8,3,1,6,0,7,1,4,4,7
27274,7,1,0,3,4,6,1,5,7,3,4
27275,4,5,8,9,3,4,3,0,8,7,3
27276,1,7,6,2,0,8,0,9,5,6,5
27277,5,8,3,1,6,0,7,1,4,4,7
27278,7,1,0,3,4,6,1,8,7,3,4
27279,7,1,0,3,4,6,1,5,7,3,4
27280,3,6,1,8,5,3,2,6,0,1,1
27281,3,6,1,8,5,3,2,6,0,1,1
27282,7,1,0,3,4,6,1,5,7,3,4
27283,3,6,1,8,5,3,2,6,0,1,1
27284,1,7,6,2,0,8,0,9,5,6,5
27285,4,5,8,9,3,4,3,0,8,7,3
27286,2,3,4,2,8,2,6,3,2,5,8
27287,7,1,0,3,4,6,1,9,7,3,4
27288,9,2,9,5,7,1,5,3,2,0,8
27289,3,6,1,8,5,3,2,6,0,1,1
27290,3,6,1,8,5,3,2,6,0,1,1
27291,7,1,0,3,4,6,1,5,7,3,4
27292,8,2,7,5,9,7,8,4,6,9,8
27293,2,3,7,6,8,7,6,8,9,5,6
27294,7,1,0,3,4,6,1,5,7,3,4
27295,0,8,3,0,2,0,4,1,4,8,0
27296,0,4,6,0,2,8,4,9,5,8,0
27297,1,7,6,2,0,8,0,9,5,6,5
27298,4,5,8,9,3,4,3,0,8,7,3
27299,7,1,4,3,4,6,6,8,7,3,6
27300,1,7,6,2,0,8,0,9,5,6,5
27301,1,7,6,2,0,8,0,9,5,6,5
27302,5,8,3,1,6,0,7,1,4,4,7
27303,4,5,8,9,3,4,3,0,8,7,3
27304,8,2,7,5,9,7,8,4,6,9,8
27305,3,6,1,8,5,3,2,6,0,1,1
27306,4,5,8,9,3,4,3,0,8,7,3
27307,4,1,8,9,3,4,3,5,7,7,3
27308,0,4,3,0,2,0,4,1,4,8,0
27309,1,7,6,2,0,8,0,9,5,6,5
27310,7,1,0,3,4,6,1,5,7,3,4
27311,6,1,2,7,1,5,9,2,3,2,9
27312,7,1,0,3,4,6,1,5,7,3,4
27313,7,1,0,3,4,6,1,5,7,3,4
27314,2,3,4,6,8,2,6,8,9,5,6
27315,5,8,3,1,6,0,7,1,4,4,7
27316,7,1,0,3,4,6,1,5,7,3,4
27317,7,1,0,3,4,6,1,5,7,3,4
27318,3,6,1,8,5,3,2,6,0,1,1
27319,4,5,8,9,3,4,3,0,8,7,3
27320,2,3,4,6,8,2,6,3,9,5,6
27321,0,4,3,0,2,0,4,1,4,8,2
27322,3,0,1,4,5,3,2,6,1,1,1
27323,0,4,7,0,2,7,4,1,4,8,0
27324,2,2,4,6,8,2,6,3,9,5,8
27325,5,8,3,1,6,0,7,1,4,4,7
27326,3,0,1,4,5,3,2,6,1,1,1
27327,3,6,1,8,5,3,2,6,0,1,1
27328,3,6,1,8,5,3,2,6,0,1,1
27329,1,7,6,2,0,8,0,9,5,6,5
27330,1,7,6,2,0,8,0,9,5,6,5
27331,7,1,0,3,4,6,1,5,7,3,4
27332,3,0,1,4,5,3,2,6,1,1,1
27333,7,1,0,3,4,6,1,5,7,3,4
27334,5,8,3,1,6,0,7,1,4,4,0
27335,5,8,3,1,6,0,7,1,4,4,7
27336,1,7,6,2,0,8,0,9,5,6,5
27337,7,6,0,8,4,6,1,5,0,3,4
27338,4,5,8,9,3,4,3,0,8,7,3
27339,5,5,8,1,6,4,7,0,8,4,7
27340,0,4,3,0,2,0,4,1,4,8,0
27341,5,8,3,1,6,0,7,1,4,4,2
27342,0,8,3,1,2,0,4,1,4,4,0
27343,4,1,8,9,3,4,3,5,8,7,3
27344,5,8,3,1,6,0,7,1,4,4,7
27345,1,7,6,2,0,8,0,9,5,6,5
27346,5,8,3,1,6,0,7,1,4,4,7
27347,6,1,2,7,1,5,9,2,3,2,9
27348,9,9,9,2,7,1,5,7,2,0,5
27349,7,1,0,3,4,6,1,5,7,3,4
27350,2,3,4,6,8,2,6,3,9,5,6
27351,5,8,3,1,6,0,7,1,4,4,7
27352,0,4,7,0,2,7,4,1,4,8,0
27353,3,6,1,8,5,3,2,6,0,1,1
27354,1,7,6,2,0,8,0,9,5,6,5
27355,4,5,8,9,3,4,3,0,8,7,3
27356,6,1,2,7,1,5,9,2,3,2,9
27357,5,8,3,1,6,0,7,1,4,4,2
27358,1,7,6,2,0,8,0,9,5,6,5
27359,7,1,0,3,4,6,1,5,7,3,4
27360,0,4,3,0,2,0,4,1,4,8,2
27361,0,4,3,0,2,0,4,1,4,8,0
27362,7,1,0,3,4,6,1,5,7,3,4
27363,4,5,8,9,3,4,3,0,8,7,3
27364,0,4,7,0,2,7,4,4,6,8,0
27365,5,8,3,1,6,0,7,1,4,4,7
27366,7,1,0,3,4,6,1,5,7,3,4
27367,7,1,0,3,4,6,1,5,7,3,4
27368,0,4,7,0,2,7,4,4,6,8,0
27369,4,5,8,9,3,4,3,0,8,7,7
27370,5,8,3,1,6,0,7,1,4,4,7
27371,0,4,6,0,2,8,4,9,5,8,0
27372,2,3,4,6,8,2,6,8,9,5,6
27373,0,4,5,0,2,9,4,1,4,8,2
27374,6,5,2,7,1,5,9,2,2,2,9
27375,7,8,7,3,4,7,1,1,4,3,0
27376,6,5,2,7,1,5,9,2,3,2,9
27377,7,1,0,3,4,6,1,5,7,3,4
27378,2,3,4,6,8,2,6,8,9,5,6
27379,5,8,3,1,6,0,7,1,4,4,7
27380,3,6,1,8,5,3,2,6,0,1,7
27381,0,3,0,0,2,6,4,8,9,8,0
27382,4,5,8,9,3,4,3,0,8,7,3
27383,0,8,3,1,6,0,4,1,4,4,0
27384,1,7,6,2,0,8,0,9,5,6,5
27385,6,1,2,7,1,5,9,2,3,2,9
27386,7,1,0,3,4,6,1,5,7,3,4
27387,5,8,3,1,6,0,7,1,4,4,7
27388,1,7,6,2,0,8,0,9,5,6,5
27389,7,1,0,3,4,6,1,5,7,3,4
27390,5,5,8,1,6,4,7,0,8,4,7
27391,5,8,3,1,6,0,7,1,4,4,7
27392,9,9,9,2,7,1,5,9,2,0,5
27393,7,1,0,3,4,6,1,5,7,3,4
27394,3,6,1,8,5,3,2,6,0,1,1
27395,3,6,1,8,5,3,2,6,0,1,1
27396,1,7,6,2,0,8,0,9,5,6,5
27397,5,8,3,1,6,0,7,1,4,4,0
27398,5,8,3,1,6,0,7,1,4,4,7
27399,2,3,4,6,8,2,6,8,9,5,6
27400,0,4,7,0,2,7,4,1,9,8,0
27401,3,6,1,8,5,3,2,6,0,1,1
27402,4,5,8,9,3,4,3,9,8,7,3
27403,7,1,0,3,4,6,1,5,7,3,4
27404,4,5,8,9,3,4,3,0,8,7,3
27405,4,5,8,9,3,4,3,0,8,7,3
27406,0,4,7,0,2,7,4,1,4,8,0
27407,3,6,1,8,5,3,2,6,0,1,1
27408,7,1,0,3,4,6,1,5,7,3,4
27409,1,7,6,2,0,8,0,9,5,6,5
27410,1,7,6,2,0,8,0,9,5,6,5
27411,4,5,8,9,3,4,3,0,8,7,3
27412,9,9,9,2,7,1,5,3,2,0,8
27413,7,1,0,3,4,6,1,5,7,3,4
27414,4,5,8,9,3,4,3,0,8,7,3
27415,5,5,8,9,3,4,7,0,8,7,7
27416,7,1,0,3,4,6,1,5,7,3,4
27417,7,6,0,8,4,6,1,5,0,3,4
27418,0,4,7,0,2,7,4,8,9,8,0
27419,7,1,0,3,4,6,1,5,7,3,4
27420,7,6,0,8,4,6,1,5,0,3,4
27421,7,1,0,3,4,6,1,5,7,3,4
27422,2,3,4,6,8,2,6,8,9,5,6
27423,7,1,0,3,4,6,1,5,7,3,4
27424,5,8,3,1,6,0,7,1,4,4,7
27425,2,3,4,6,8,2,6,8,9,5,6
27426,6,5,2,7,1,5,9,2,3,2,9
27427,3,6,1,8,5,3,2,6,0,1,1
27428,7,1,0,3,4,6,1,5,7,3,4
27429,6,6,2,8,1,5,9,2,0,2,9
27430,5,8,3,1,6,0,7,1,4,4,7
27431,7,1,0,3,4,6,1,5,7,3,4
27432,6,5,2,7,1,5,9,2,3,2,9
27433,0,4,3,0,2,0,4,1,4,8,0
27434,6,5,2,7,1,5,9,2,3,2,9
27435,7,1,0,3,4,6,1,5,7,3,4
27436,3,0,1,4,5,3,2,3,1,1,1
27437,5,8,3,1,6,0,7,1,4,4,7
27438,4,5,8,9,3,4,3,0,8,7,3
27439,1,7,6,2,0,8,0,9,5,6,5
27440,8,2,7,5,9,7,8,4,6,9,8
27441,7,1,0,3,4,6,1,5,7,3,4
27442,4,5,8,9,3,4,3,0,8,7,3
27443,7,1,0,3,4,6,1,5,7,3,4
27444,6,5,2,7,1,5,9,2,3,2,9
27445,3,6,1,8,5,3,2,6,0,1,1
27446,3,0,1,4,5,3,2,6,1,1,1
27447,7,1,0,3,4,6,1,5,7,3,4
27448,8,2,7,2,9,7,8,4,6,9,8
27449,4,5,8,9,3,4,3,0,8,7,3
27450,0,8,3,0,2,0,4,1,4,8,0
27451,6,1,2,7,1,5,9,2,3,2,9
27452,2,3,4,6,8,2,6,8,9,5,6
27453,5,8,3,1,6,0,7,1,4,4,7
27454,9,9,9,2,7,1,5,7,2,0,5
27455,1,7,6,2,0,8,0,9,5,6,5
27456,8,2,5,5,9,9,8,4,6,9,8
27457,1,7,6,2,0,8,0,9,5,6,5
27458,7,1,0,3,4,6,1,5,7,3,4
27459,7,1,0,3,4,6,1,5,7,3,4
27460,0,4,7,0,2,7,4,4,6,8,0
27461,1,7,6,2,0,8,0,9,5,6,5
27462,3,0,1,4,5,3,2,6,1,1,1
27463,0,4,3,0,2,0,4,1,4,8,2
27464,1,7,6,2,0,8,0,9,5,6,5
27465,1,7,6,2,0,8,0,9,5,6,5
27466,3,6,1,8,5,3,2,6,0,1,1
27467,7,1,0,3,4,6,1,5,7,3,4
27468,0,4,7,0,2,7,4,9,4,8,0
27469,7,1,0,3,4,6,1,5,7,3,4
27470,6,5,2,7,1,5,9,2,3,2,9
27471,7,1,0,3,4,6,1,5,7,3,4
27472,6,5,2,7,1,5,9,2,3,2,9
27473,5,8,3,1,6,0,7,2,3,4,7
27474,1,7,6,2,0,8,0,9,5,6,5
27475,6,1,2,7,1,5,9,2,3,2,9
27476,0,4,7,0,2,7,4,4,6,8,0
27477,3,6,1,8,5,3,2,6,0,1,1
27478,7,1,0,3,4,6,1,5,7,3,4
27479,5,8,3,1,6,0,7,1,4,4,0
27480,7,1,0,3,4,6,1,5,7,3,4
27481,5,8,3,1,6,0,7,1,4,4,7
27482,2,3,4,6,8,2,6,3,9,5,6
27483,4,5,8,9,3,4,3,0,8,7,7
27484,4,5,8,9,3,4,3,0,8,7,3
27485,0,4,3,0,2,0,4,1,4,8,2
27486,1,7,6,3,0,8,0,9,5,6,5
27487,5,8,3,1,6,0,7,1,4,4,7
27488,7,1,0,3,4,6,1,5,7,3,4
27489,1,7,6,2,0,8,0,9,5,6,5
27490,0,4,0,0,2,6,4,5,7,8,4
27491,4,5,8,9,3,4,3,0,8,7,3
27492,3,6,1,8,5,3,2,6,0,1,1
27493,7,1,0,3,4,6,1,5,7,3,4
27494,5,8,3,1,6,0,7,1,4,4,7
27495,0,8,3,0,2,0,4,1,4,8,0
27496,5,5,8,1,6,4,7,0,8,4,7
27497,0,4,5,0,2,9,4,1,4,8,2
27498,0,4,5,0,2,9,4,1,4,8,2
27499,7,1,0,3,4,6,1,5,7,3,4
27500,7,1,0,3,4,6,1,5,7,3,4
27501,1,7,6,2,0,8,0,9,5,6,5
27502,1,7,6,2,0,8,0,9,5,6,5
27503,2,3,5,6,8,9,6,8,9,4,2
27504,4,5,8,9,3,4,3,0,8,7,3
27505,4,5,8,9,3,4,3,0,8,7,3
27506,1,7,6,2,0,8,0,9,5,6,5
27507,0,8,3,1,6,0,7,1,4,4,2
27508,2,3,4,6,8,2,6,8,9,5,6
27509,1,7,6,2,0,8,0,9,5,6,5
27510,7,1,0,3,4,6,1,5,7,3,4
27511,5,8,3,1,6,0,7,1,4,4,7
27512,3,6,1,8,5,3,2,6,0,1,1
27513,0,4,7,0,2,7,4,8,4,8,0
27514,5,8,3,1,6,0,7,1,4,4,7
27515,5,8,3,1,6,0,7,1,4,4,0
27516,8,2,5,5,9,9,8,4,6,9,8
27517,0,4,3,0,2,0,4,1,4,8,0
27518,7,1,0,3,4,6,1,5,7,3,4
27519,5,8,3,1,6,0,7,1,4,4,0
27520,6,5,2,7,1,5,9,2,3,2,9
27521,0,4,3,0,2,0,4,1,4,8,0
27522,6,5,2,7,1,5,9,2,3,2,9
27523,4,5,8,9,3,4,3,0,8,7,3
27524,7,3,0,6,4,6,1,8,9,3,4
27525,6,1,2,7,1,5,9,2,3,2,9
27526,7,1,0,3,4,6,1,5,7,3,4
27527,6,5,2,7,1,5,9,3,3,2,9
27528,1,7,6,2,0,8,0,9,5,6,5
27529,5,8,3,1,6,0,7,1,4,4,7
27530,4,5,8,9,3,4,3,0,8,7,3
27531,1,7,6,2,0,8,0,9,5,6,5
27532,1,7,6,2,0,8,0,9,5,6,5
27533,5,8,3,1,6,0,7,1,4,4,0
27534,7,1,0,3,4,6,1,5,7,3,4
27535,7,1,0,3,4,6,1,5,7,3,4
27536,4,5,8,9,3,4,3,0,8,7,3
27537,7,1,0,3,4,6,1,5,7,3,4
27538,0,4,7,0,2,7,4,1,4,8,0
27539,7,1,0,3,4,6,1,5,7,3,4
27540,7,1,0,3,4,6,1,5,7,3,4
27541,7,1,0,3,4,6,1,5,7,3,4
27542,8,2,5,5,9,9,8,4,6,9,8
27543,0,4,3,0,2,0,4,1,4,8,2
27544,2,0,4,4,8,2,6,3,1,5,6
27545,7,1,0,3,4,6,1,8,7,3,4
27546,0,4,3,0,2,0,4,1,4,8,2
27547,3,0,1,4,5,3,2,6,1,1,1
27548,6,5,2,7,1,5,9,2,3,2,9
27549,9,9,9,2,7,1,5,7,2,0,5
27550,3,6,1,8,5,3,2,6,0,1,1
27551,6,5,2,7,1,5,9,2,3,2,9
27552,5,8,3,1,6,0,7,1,4,4,7
27553,7,1,0,3,4,6,1,5,7,3,4
27554,0,4,5,0,2,9,4,1,4,8,2
27555,8,2,7,5,9,7,8,4,6,9,7
27556,7,1,8,9,3,4,3,0,8,7,7
27557,2,3,4,6,8,2,6,5,9,5,6
27558,9,7,9,2,7,1,5,7,2,0,5
27559,4,5,8,9,3,4,3,0,8,7,3
27560,7,1,0,3,4,6,1,5,7,3,4
27561,8,2,5,5,9,9,8,4,6,9,8
27562,1,7,6,2,0,8,0,9,5,6,5
27563,2,3,4,6,8,2,6,8,9,5,6
27564,1,7,6,2,0,8,0,9,5,6,5
27565,8,2,7,5,9,7,8,4,6,9,8
27566,5,8,3,1,6,0,7,1,4,4,7
27567,3,0,1,4,5,3,2,3,1,1,1
27568,7,3,0,6,4,6,1,8,9,3,4
27569,9,9,9,2,7,1,5,7,2,0,5
27570,2,3,4,6,8,2,6,8,9,5,6
27571,6,5,2,7,1,5,9,2,3,2,9
27572,1,7,6,2,0,8,0,9,5,6,5
27573,7,1,0,3,4,6,1,5,7,3,4
27574,8,2,5,2,9,9,8,4,6,9,2
27575,5,8,3,1,6,0,7,1,6,4,7
27576,7,1,0,3,4,6,1,5,7,3,4
27577,0,4,5,0,2,9,4,1,4,8,2
27578,1,7,6,2,0,8,0,9,5,6,5
27579,2,3,4,6,8,2,6,8,9,5,6
27580,3,6,1,8,5,3,2,6,0,1,1
27581,8,2,7,5,9,7,8,4,6,9,8
27582,1,7,6,2,0,8,0,9,5,6,5
27583,3,0,1,4,5,3,2,6,1,1,1
27584,5,8,3,1,6,0,7,1,4,4,7
27585,9,9,9,2,7,1,5,7,2,0,5
27586,5,8,3,1,6,0,7,1,4,4,7
27587,6,5,2,7,1,5,9,2,3,2,9
27588,0,4,7,0,2,7,4,4,6,8,0
27589,7,1,0,3,4,6,1,5,7,3,4
27590,1,7,6,2,0,8,0,9,5,6,5
27591,8,2,7,5,9,7,8,4,6,9,8
27592,8,2,5,5,9,9,8,4,6,9,8
27593,2,3,4,6,8,2,6,3,9,5,6
27594,7,1,0,3,4,6,1,5,7,3,4
27595,4,5,8,9,3,4,3,3,8,7,3
27596,0,4,3,0,2,0,4,1,4,8,0
27597,8,2,5,5,9,9,8,4,6,9,2
27598,1,7,6,2,0,8,0,9,5,6,5
27599,2,3,4,6,8,2,6,8,9,5,6
27600,6,5,2,7,1,5,9,2,3,2,9
27601,8,2,5,5,9,9,8,4,6,9,8
27602,7,1,0,3,4,6,1,5,7,3,4
27603,3,6,1,4,5,3,2,6,1,1,1
27604,1,7,6,2,0,8,0,9,5,6,5
27605,0,4,7,0,2,7,4,4,6,8,0
27606,2,3,4,6,8,2,6,8,9,5,6
27607,7,1,0,3,4,6,1,5,7,3,4
27608,2,3,4,6,8,2,6,8,9,5,6
27609,3,0,1,4,5,3,2,3,1,1,1
27610,0,4,0,0,2,6,4,8,9,8,4
27611,8,2,7,5,9,7,8,4,6,9,8
27612,5,8,3,1,6,0,7,1,4,4,7
27613,2,3,4,6,8,2,6,8,9,5,6
27614,8,2,5,5,9,9,8,4,6,9,8
27615,8,2,7,5,9,7,8,4,6,9,8
27616,2,3,4,6,8,2,6,8,9,5,6
27617,0,4,7,0,2,7,4,1,4,8,7
27618,7,1,0,3,4,6,1,5,7,3,4
27619,9,9,9,2,7,1,5,7,2,0,5
27620,3,6,1,8,5,3,2,6,0,1,1
27621,0,4,5,0,2,9,4,1,4,8,2
27622,4,5,8,9,3,4,3,0,8,7,3
27623,8,2,5,5,9,9,8,4,6,9,2
27624,4,5,8,9,3,4,3,0,8,7,3
27625,0,3,4,0,2,2,4,8,9,8,0
27626,0,4,7,0,2,7,4,4,6,8,0
27627,7,1,0,3,4,6,1,5,7,3,4
27628,3,0,1,4,5,3,2,6,1,1,1
27629,9,9,9,2,7,1,5,7,2,0,5
27630,1,7,6,2,0,8,0,9,5,6,5
27631,3,0,1,4,5,3,2,6,1,1,1
27632,9,9,9,2,7,1,5,7,2,0,5
27633,3,0,1,4,5,3,2,6,1,1,1
27634,9,9,9,2,7,1,5,7,2,0,5
27635,8,4,5,0,2,9,4,4,6,8,2
27636,9,9,9,2,7,1,5,7,2,0,5
27637,2,0,4,4,8,2,6,3,1,5,6
27638,3,6,1,8,5,3,2,6,0,1,1
27639,9,9,9,2,7,1,5,7,2,0,5
27640,7,1,0,3,4,6,1,8,7,3,4
27641,6,3,2,7,1,5,9,2,3,2,9
27642,4,5,8,9,3,4,3,0,8,7,3
27643,6,5,2,7,1,5,9,2,3,2,9
27644,7,1,0,3,4,6,1,5,7,3,4
27645,6,8,2,7,1,5,9,2,3,2,9
27646,7,1,0,3,4,6,1,5,7,3,4
27647,8,2,5,5,9,9,8,4,6,9,2
27648,7,1,0,3,4,6,1,5,7,3,4
27649,7,1,4,3,4,2,1,5,7,3,6
27650,0,4,7,0,2,7,4,4,6,8,0
27651,7,1,0,3,4,6,1,5,7,3,4
27652,6,1,2,7,1,5,9,2,3,2,9
27653,4,5,8,9,3,4,3,3,8,7,3
27654,0,4,7,0,2,7,4,1,4,8,0
27655,4,5,8,9,3,4,3,0,8,7,3
27656,7,1,0,3,4,6,1,5,7,3,4
27657,9,9,9,2,7,1,5,7,2,0,5
27658,7,1,0,3,4,6,1,5,7,3,4
27659,3,6,1,8,5,3,2,6,0,1,1
27660,7,1,0,3,4,6,1,5,7,3,4
27661,0,4,7,0,2,7,4,4,6,8,0
27662,9,9,9,2,7,1,5,7,2,0,5
27663,2,0,4,4,8,2,6,3,1,5,6
27664,6,5,2,7,1,5,9,2,3,2,9
27665,9,9,9,2,7,1,5,7,2,0,5
27666,7,1,0,3,4,6,1,5,7,3,4
27667,8,2,5,5,9,9,8,4,6,9,8
27668,7,1,0,3,4,6,1,5,7,3,4
27669,4,5,8,9,3,4,3,0,8,7,3
27670,7,1,0,3,4,6,1,5,7,3,4
27671,7,1,0,3,4,6,1,5,7,3,4
27672,6,5,2,7,1,5,9,2,3,2,9
27673,5,8,3,1,6,0,7,1,4,4,7
27674,2,3,4,6,8,2,6,3,9,5,6
27675,7,1,0,3,4,6,1,5,7,3,4
27676,5,8,3,1,6,0,7,1,4,4,7
27677,9,9,9,2,7,1,5,7,2,0,5
27678,7,1,0,3,4,6,1,5,7,3,4
27679,8,4,7,0,2,7,8,4,6,8,0
27680,6,5,2,7,1,5,9,3,3,2,9
27681,9,9,9,2,7,1,5,7,2,0,5
27682,4,5,8,9,3,4,3,3,8,7,3
27683,0,4,5,0,2,9,4,1,4,8,2
27684,9,9,9,2,7,1,5,7,2,0,5
27685,4,5,8,9,3,4,3,0,8,7,3
27686,5,8,3,1,6,0,7,1,4,4,0
27687,2,3,4,6,8,2,6,8,9,5,6
27688,5,8,3,1,6,0,7,1,4,4,7
27689,5,8,3,1,6,0,7,1,4,4,7
27690,7,1,0,3,4,6,1,5,7,3,4
27691,7,1,0,3,4,6,1,5,7,3,4
27692,0,4,3,0,2,0,4,1,4,8,0
27693,9,9,9,2,7,1,5,7,2,0,5
27694,5,8,3,1,6,0,7,1,4,4,7
27695,8,2,7,5,9,7,8,4,6,9,8
27696,9,9,9,2,7,1,5,7,2,0,5
27697,2,3,4,6,8,2,6,3,9,5,6
27698,0,8,3,0,2,0,4,1,4,8,0
27699,7,1,0,3,4,6,1,5,7,3,4
27700,0,4,6,2,2,8,4,9,5,8,5
27701,7,1,0,3,4,6,1,5,7,3,4
27702,4,5,8,9,3,4,3,0,8,7,3
27703,6,5,2,7,1,5,9,2,3,2,9
27704,4,5,8,9,3,4,3,0,8,7,3
27705,8,2,7,5,9,7,8,4,6,9,8
27706,1,7,6,0,0,8,0,9,5,6,5
27707,9,9,9,2,7,1,5,7,2,0,5
27708,4,5,8,9,3,4,3,0,8,7,3
27709,0,4,5,0,2,9,4,4,6,8,2
27710,0,4,7,0,2,7,4,4,6,8,0
27711,2,3,4,6,8,2,6,8,9,5,6
27712,3,6,1,8,5,3,2,6,0,1,1
27713,5,8,3,1,6,0,7,1,4,4,7
27714,0,4,5,0,2,9,4,1,4,8,2
27715,5,8,3,1,6,0,7,1,4,4,7
27716,0,4,5,0,2,9,4,1,4,8,2
27717,8,2,5,5,9,9,8,4,6,9,2
27718,7,1,0,3,4,6,1,5,7,3,4
27719,7,1,0,3,4,6,1,5,7,3,4
27720,3,6,1,8,5,3,2,6,0,1,1
27721,6,5,2,7,1,5,9,2,3,2,9
27722,0,4,5,0,2,9,4,1,4,8,2
27723,8,2,5,5,9,9,8,4,6,9,2
27724,4,5,8,9,3,4,3,3,8,7,3
27725,8,2,7,5,9,7,8,4,6,9,8
27726,7,1,0,3,4,6,1,5,7,3,4
27727,7,1,0,3,4,6,1,5,7,3,4
27728,0,4,5,0,2,9,4,4,6,8,2
27729,9,9,9,2,7,1,5,7,2,0,5
27730,0,4,3,0,2,0,4,1,4,8,0
27731,8,2,7,5,9,7,8,4,6,9,8
27732,5,8,3,1,6,0,7,1,4,4,7
27733,2,3,4,6,8,2,6,3,9,5,6
27734,0,4,3,0,2,0,4,1,4,8,0
27735,5,6,1,8,6,3,7,6,0,4,7
27736,6,5,2,7,1,5,9,2,3,2,9
27737,1,7,6,2,0,8,0,9,5,6,5
27738,5,8,3,1,6,0,7,1,4,4,7
27739,8,2,5,5,9,9,8,4,6,9,2
27740,2,3,4,6,8,2,6,3,9,5,6
27741,7,1,0,3,4,6,1,5,7,3,4
27742,8,2,7,5,9,7,8,4,6,9,8
27743,5,8,3,1,6,0,7,1,4,4,7
27744,1,7,6,2,0,8,0,9,5,6,5
27745,7,1,0,3,4,6,1,5,7,3,4
27746,1,7,6,2,0,8,0,9,5,6,5
27747,8,2,5,5,9,9,8,4,6,9,8
27748,0,4,3,0,2,0,4,1,4,8,0
27749,3,6,1,8,5,3,2,6,0,1,1
27750,4,5,8,9,3,4,3,0,8,7,3
27751,9,9,9,2,7,1,5,7,2,0,5
27752,6,5,2,7,1,5,9,2,3,2,9
27753,6,5,2,7,1,5,9,2,3,2,9
27754,1,7,6,7,0,8,0,9,5,6,9
27755,3,0,1,4,5,3,2,5,1,1,1
27756,0,8,3,1,6,0,7,1,4,4,2
27757,4,5,8,9,3,4,3,0,8,7,3
27758,5,8,3,1,6,0,7,1,4,4,7
27759,9,9,9,2,7,1,5,7,2,0,5
27760,2,3,4,6,8,2,6,8,9,5,6
27761,6,9,2,7,1,5,9,2,3,2,9
27762,2,3,4,6,8,2,6,8,9,5,0
27763,7,1,0,3,4,6,1,5,7,3,4
27764,7,1,0,3,4,6,1,8,9,3,4
27765,0,4,7,0,2,7,4,3,6,8,0
27766,8,2,7,5,9,7,8,4,6,9,8
27767,4,5,8,9,3,4,3,0,8,7,3
27768,6,5,2,7,1,5,9,2,3,2,9
27769,4,5,8,9,3,4,3,0,8,7,3
27770,7,1,0,3,4,6,1,5,7,3,4
27771,0,4,7,0,2,7,4,4,6,8,0
27772,1,7,6,2,0,8,0,9,5,6,5
27773,5,8,3,1,6,0,7,1,4,4,0
27774,0,4,3,0,2,0,4,1,4,8,0
27775,4,5,8,9,3,4,3,0,8,7,3
27776,5,8,3,1,6,0,7,1,4,4,7
27777,7,1,0,8,4,6,1,5,7,3,4
27778,7,1,0,3,4,6,1,5,7,3,4
27779,0,8,3,1,6,0,7,1,4,4,0
27780,2,3,4,6,8,2,6,8,9,5,6
27781,6,5,2,7,1,5,9,2,3,2,9
27782,5,8,3,1,6,0,7,1,4,4,7
27783,5,8,3,1,6,0,7,1,4,4,7
27784,7,1,0,3,4,6,1,5,7,3,4
27785,9,9,9,2,7,1,5,7,2,0,5
27786,7,1,0,3,4,6,1,5,7,3,4
27787,2,3,4,6,8,2,6,3,9,5,6
27788,3,0,1,4,5,3,2,6,1,1,1
27789,9,9,9,2,7,1,5,7,2,0,5
27790,9,9,9,2,7,1,5,7,2,0,5
27791,1,7,6,2,0,8,0,9,5,6,5
27792,1,7,6,2,0,8,0,9,5,6,5
27793,9,9,9,2,7,1,5,7,2,0,5
27794,4,5,8,9,3,4,3,0,8,7,3
27795,1,7,6,0,0,8,0,9,5,6,0
27796,4,5,8,9,3,4,3,0,8,7,3
27797,6,5,2,7,1,5,9,2,3,2,9
27798,7,1,0,3,4,6,1,5,7,3,4
27799,5,6,2,8,6,5,7,0,0,4,7
27800,5,8,3,1,6,0,7,1,4,4,7
27801,7,1,0,3,4,6,1,5,7,3,4
27802,2,3,4,6,8,2,6,8,9,5,0
27803,7,1,0,3,4,6,1,5,7,3,4
27804,7,1,0,3,4,6,1,5,7,3,4
27805,3,6,1,8,5,3,2,6,0,1,1
27806,2,3,4,6,8,2,6,3,9,5,6
27807,4,5,8,9,3,4,3,0,8,7,3
27808,8,2,5,5,9,9,8,4,6,9,8
27809,9,9,9,2,7,1,5,7,2,0,8
27810,6,5,2,7,1,5,9,2,3,2,9
27811,2,0,4,4,8,2,6,3,1,5,6
27812,9,9,9,2,7,1,5,9,2,0,5
27813,7,1,0,3,4,6,1,5,7,3,4
27814,2,3,4,6,8,2,6,4,9,5,6
27815,8,2,7,5,9,7,8,4,6,9,0
27816,1,7,6,2,0,8,0,9,5,6,5
27817,8,2,7,5,9,7,8,4,6,9,8
27818,2,3,4,6,8,2,6,8,9,5,6
27819,2,3,4,6,8,2,6,3,9,5,6
27820,3,0,1,4,5,3,2,6,1,1,1
27821,9,9,9,2,7,1,5,7,2,0,5
27822,9,9,9,2,7,1,5,3,2,0,5
27823,8,2,5,5,9,9,8,4,6,9,2
27824,5,8,3,1,6,0,7,1,4,4,7
27825,9,9,7,2,7,7,5,7,2,0,5
27826,5,8,3,1,6,0,7,1,4,4,7
27827,8,2,5,5,9,9,8,4,6,9,2
27828,7,1,0,3,4,6,1,5,7,3,4
27829,7,0,0,4,4,6,1,3,1,3,4
27830,0,4,5,0,2,9,4,4,6,8,2
27831,9,9,9,2,7,1,5,7,2,0,5
27832,5,8,3,1,6,0,7,1,4,4,7
27833,4,5,8,9,3,4,3,0,8,7,3
27834,6,5,2,7,1,5,9,2,3,2,9
27835,7,1,0,3,4,6,1,5,7,3,4
27836,1,7,6,2,0,8,0,9,5,6,5
27837,9,9,9,2,7,1,5,7,2,0,8
27838,1,7,6,2,0,8,0,9,5,6,5
27839,0,4,3,0,2,0,4,1,4,8,0
27840,0,4,3,0,2,0,4,1,4,8,0
27841,3,0,1,4,5,3,2,6,1,1,1
27842,4,5,8,9,3,4,3,0,8,7,3
27843,8,4,7,0,2,7,4,4,6,8,0
27844,6,5,2,7,1,5,9,2,3,2,9
27845,4,0,8,4,3,4,3,3,1,7,3
27846,5,8,3,1,6,0,7,1,4,4,7
27847,7,1,0,3,4,6,1,5,7,3,4
27848,5,8,3,1,6,0,7,1,4,4,7
27849,2,3,4,6,8,2,6,8,9,5,6
27850,4,5,8,9,3,4,3,0,8,7,3
27851,2,3,4,6,8,2,6,3,9,5,6
27852,7,1,0,3,4,6,1,5,7,3,4
27853,8,2,5,5,9,9,8,4,6,9,8
27854,3,0,1,4,5,3,2,6,1,1,1
27855,9,9,9,2,7,1,5,7,2,0,5
27856,7,1,0,3,4,6,1,5,7,3,4
27857,8,2,7,5,9,7,8,4,6,9,8
27858,4,5,8,9,3,4,3,0,8,7,3
27859,3,6,1,8,5,3,2,6,0,1,1
27860,7,1,0,3,4,6,1,5,7,3,4
27861,7,1,0,3,4,6,1,5,7,3,4
27862,1,7,6,2,0,8,0,9,5,6,5
27863,0,4,7,0,2,7,4,1,4,8,0
27864,6,5,2,7,1,5,9,2,3,2,9
27865,3,6,1,8,5,3,2,6,0,1,1
27866,7,1,0,3,4,6,1,5,7,3,4
27867,8,2,5,5,9,9,8,4,6,9,2
27868,0,4,5,0,2,9,4,4,6,8,2
27869,6,5,2,7,1,5,9,2,3,2,9
27870,7,1,0,3,4,6,1,5,7,3,4
27871,1,7,6,2,0,8,0,9,5,6,5
27872,8,2,5,5,9,9,8,4,6,9,8
27873,8,2,7,5,9,7,8,4,6,9,7
27874,6,5,2,7,1,5,9,2,3,2,9
27875,9,9,9,2,7,1,5,7,2,0,5
27876,0,4,7,0,2,7,4,1,4,8,0
27877,3,0,1,4,5,3,2,6,1,1,1
27878,6,1,2,7,1,5,9,2,3,2,9
27879,9,9,9,2,7,1,5,7,2,0,5
27880,4,5,8,9,3,4,3,3,8,7,3
27881,8,2,5,5,9,9,8,4,6,9,8
27882,5,8,3,1,6,0,7,1,4,4,7
27883,6,5,2,7,1,5,9,3,3,2,9
27884,5,8,3,1,6,0,7,1,4,4,7
27885,9,9,9,2,7,1,5,7,2,0,5
27886,1,7,6,2,0,8,0,7,5,6,5
27887,4,5,8,9,3,4,3,0,8,7,3
27888,7,1,0,3,4,6,1,5,7,3,4
27889,2,3,4,6,8,2,6,8,9,5,6
27890,4,5,8,9,3,4,3,0,8,7,3
27891,2,3,4,6,8,2,6,8,9,5,6
27892,2,3,4,6,8,2,6,8,9,5,8
27893,3,0,1,4,5,3,2,6,1,1,1
27894,3,6,1,8,5,3,2,6,0,1,1
27895,1,7,6,2,0,8,0,9,5,6,5
27896,9,9,9,2,7,1,5,7,2,0,5
27897,6,5,2,7,1,5,9,2,3,2,9
27898,8,2,5,5,9,9,8,8,6,9,8
27899,3,0,1,4,5,3,2,6,1,1,1
27900,2,0,4,4,8,2,6,3,1,5,1
27901,4,5,7,9,3,7,3,4,6,7,3
27902,0,4,3,0,2,0,4,1,4,8,0
27903,2,3,4,6,8,2,6,8,9,5,6
27904,0,4,3,0,2,0,4,1,4,8,0
27905,4,5,8,9,3,4,3,0,8,7,3
27906,8,2,5,5,9,9,8,4,6,9,2
27907,2,3,4,6,8,2,6,8,9,5,6
27908,1,7,6,0,0,8,0,9,5,6,0
27909,8,2,7,5,9,7,8,4,6,9,8
27910,2,3,4,6,8,2,6,8,9,5,6
27911,3,0,1,4,5,3,2,6,1,1,1
27912,5,8,3,1,6,0,7,1,4,4,7
27913,1,7,6,2,0,8,0,9,5,6,5
27914,0,4,7,0,2,7,4,1,4,8,0
27915,1,7,6,2,0,8,0,9,5,6,5
27916,8,2,5,5,9,9,8,8,6,9,8
27917,7,1,0,3,4,6,1,5,7,3,4
27918,7,1,0,3,4,6,1,8,7,3,4
27919,0,4,7,0,2,7,4,1,4,8,0
27920,1,7,6,2,0,8,0,9,5,6,5
27921,2,0,4,6,8,2,6,3,1,5,6
27922,5,8,3,1,6,0,7,1,4,4,7
27923,4,5,8,9,3,4,3,0,8,7,3
27924,9,9,9,2,7,1,5,7,2,0,5
27925,0,4,5,0,2,9,4,4,6,8,2
27926,5,8,3,1,6,0,7,1,4,4,7
27927,2,3,4,6,8,2,6,8,9,5,6
27928,3,0,1,4,5,3,2,3,1,1,1
27929,0,4,7,0,2,7,4,4,6,8,0
27930,2,3,4,6,8,2,6,8,9,5,6
27931,3,6,1,8,5,3,2,6,0,1,1
27932,0,4,7,0,2,7,4,1,4,8,0
27933,1,7,6,2,0,8,0,9,5,6,5
27934,4,5,8,9,3,4,3,0,8,7,3
27935,6,3,2,7,1,5,9,2,3,2,9
27936,3,6,1,8,5,3,2,6,0,1,1
27937,7,1,0,3,4,6,1,5,7,3,4
27938,0,4,7,0,2,7,4,1,4,8,0
27939,2,5,4,6,8,2,6,3,9,5,6
27940,4,5,8,9,3,4,3,0,8,7,3
27941,2,3,4,6,8,2,6,3,9,5,6
27942,2,4,7,6,2,7,6,8,9,8,0
27943,4,5,8,9,3,4,3,0,8,7,3
27944,0,4,5,0,2,9,4,1,4,8,2
27945,0,4,5,0,2,9,4,4,6,8,2
27946,7,1,0,3,4,6,1,5,7,3,4
27947,2,3,4,6,8,2,6,8,9,5,6
27948,5,8,3,1,6,0,7,1,4,4,7
27949,0,4,7,0,2,7,4,4,6,8,0
27950,8,2,5,5,9,9,8,4,6,9,2
27951,3,0,1,4,5,3,2,6,1,1,1
27952,2,3,4,6,8,2,6,8,9,5,6
27953,0,4,3,0,2,0,4,1,4,8,0
27954,0,8,7,0,2,7,4,3,4,8,0
27955,0,4,7,0,2,7,4,1,4,8,0
27956,8,2,5,5,9,9,8,4,6,9,2
27957,6,5,2,7,1,5,9,2,3,2,9
27958,2,3,4,6,8,2,6,8,9,5,6
27959,5,8,3,1,6,0,7,1,4,4,0
27960,7,1,4,3,4,6,1,5,9,3,4
27961,1,7,6,2,0,8,0,9,5,6,5
27962,5,5,8,2,6,4,7,0,8,4,7
27963,2,3,4,6,8,2,6,3,9,5,6
27964,7,1,0,3,4,6,1,5,7,3,4
27965,4,5,8,9,3,4,3,0,8,7,3
27966,2,3,4,6,8,2,6,8,9,5,6
27967,1,7,6,2,0,8,0,9,5,6,5
27968,1,7,6,2,0,8,0,9,5,6,5
27969,1,7,6,2,0,8,0,9,5,6,5
27970,0,4,3,0,2,0,4,1,4,8,0
27971,0,4,5,0,2,9,4,4,6,8,2
27972,7,1,0,3,4,6,1,5,7,3,4
27973,2,3,4,6,8,2,6,8,9,5,6
27974,2,3,4,6,8,2,6,8,9,5,6
27975,2,3,4,6,8,2,6,8,9,5,6
27976,8,2,5,5,9,9,8,4,6,9,8
27977,2,3,4,7,8,2,6,2,3,5,6
27978,1,7,6,2,0,8,0,9,5,6,5
27979,5,8,3,1,6,0,7,1,4,4,7
27980,0,8,3,0,2,0,4,1,4,8,0
27981,4,5,8,9,3,4,3,0,8,7,3
27982,3,0,1,4,5,3,2,6,1,1,1
27983,0,4,5,0,2,9,4,4,6,8,2
27984,1,7,6,2,0,8,0,9,5,6,5
27985,3,6,1,8,5,3,2,6,0,1,1
27986,0,4,3,0,2,0,4,1,4,8,0
27987,7,1,0,3,4,6,1,5,7,3,4
27988,7,1,0,3,4,6,1,5,7,3,4
27989,6,5,2,7,1,5,9,2,3,2,9
27990,3,6,1,8,5,3,2,6,0,1,1
27991,4,5,8,9,3,4,3,0,8,7,3
27992,4,5,8,9,3,4,3,0,8,7,3
27993,0,4,3,0,2,0,4,1,4,8,0
27994,8,2,4,5,9,2,8,8,9,9,8
27995,2,3,4,6,8,2,6,8,9,5,6
27996,2,3,4,6,8,2,6,8,9,5,6
27997,2,0,4,6,8,2,6,3,9,5,6
27998,7,1,0,3,4,6,1,5,7,3,4
27999,2,3,4,6,8,2,6,8,9,5,6
28000,1,7,6,2,0,8,0,9,5,6,5
28001,4,5,8,9,3,4,3,0,8,7,3
28002,3,0,1,4,5,3,2,3,1,1,1
28003,2,3,4,6,8,2,6,8,9,5,6
28004,5,8,3,1,6,0,7,1,4,4,7
28005,0,4,7,0,2,7,4,4,6,8,0
28006,1,7,6,2,0,8,0,9,5,6,5
28007,5,8,3,1,6,0,7,1,4,4,0
28008,0,4,7,0,2,7,4,4,6,8,0
28009,8,2,5,5,9,9,8,4,6,9,2
28010,2,3,4,6,8,2,6,8,9,5,6
28011,8,4,5,5,9,9,8,4,6,9,2
28012,0,4,5,0,2,9,4,4,6,8,2
28013,6,3,2,7,1,5,9,2,3,2,9
28014,6,5,2,7,1,5,9,2,3,2,9
28015,1,7,6,2,0,8,0,9,5,6,5
28016,3,6,1,8,5,3,2,6,0,1,1
28017,1,7,6,2,0,8,0,9,5,6,5
28018,1,7,6,2,0,8,0,9,5,6,5
28019,1,7,6,2,0,8,0,9,5,6,5
28020,0,4,3,0,2,0,4,1,4,8,0
28021,6,1,2,7,1,5,9,2,3,2,9
28022,0,4,7,0,2,7,4,1,4,8,0
28023,2,3,4,6,8,2,6,8,9,5,6
28024,3,6,1,8,5,3,2,6,0,1,1
28025,0,4,5,0,2,9,4,4,6,8,2
28026,1,7,6,2,0,8,0,9,5,6,5
28027,4,5,8,9,3,4,3,0,8,7,3
28028,5,8,3,1,6,0,7,1,4,4,7
28029,2,3,4,6,8,2,6,8,9,5,6
28030,3,6,1,8,5,3,2,6,0,1,1
28031,7,1,0,3,4,6,1,5,7,3,4
28032,1,7,6,2,0,8,0,9,5,6,5
28033,2,3,4,6,8,2,6,8,9,5,6
28034,5,8,3,1,6,0,7,1,4,4,7
28035,1,7,6,2,0,8,0,9,5,6,5
28036,8,2,7,5,9,7,8,4,6,9,8
28037,7,1,0,3,4,6,1,5,7,3,4
28038,1,7,6,2,0,8,0,9,5,6,5
28039,4,5,8,9,3,4,3,0,8,7,3
28040,8,2,7,5,9,7,8,3,6,9,8
28041,3,6,1,8,5,3,2,6,0,1,1
28042,9,9,9,2,7,1,5,7,2,0,5
28043,0,4,7,0,2,7,4,1,4,8,0
28044,3,6,1,8,5,3,2,6,0,1,1
28045,2,3,4,6,8,2,6,8,9,5,6
28046,2,3,4,6,8,2,6,8,9,5,6
28047,0,4,7,0,2,7,4,4,6,8,0
28048,8,2,7,5,9,7,8,3,6,9,8
28049,0,4,7,0,2,7,4,9,5,8,0
28050,6,5,2,7,1,5,9,2,3,2,9
28051,8,2,7,5,9,7,8,4,6,9,8
28052,6,5,2,2,1,5,9,2,3,2,5
28053,8,2,5,5,9,9,8,4,6,9,2
28054,2,3,4,6,8,2,6,8,9,5,6
28055,0,4,3,0,2,0,4,1,4,8,0
28056,1,7,6,2,0,8,0,9,5,6,5
28057,2,3,4,6,8,2,6,3,9,5,6
28058,8,2,7,5,9,7,8,4,6,9,8
28059,6,5,2,7,1,5,9,2,3,2,9
28060,8,2,4,5,9,2,8,3,6,9,8
28061,0,4,5,0,2,9,4,1,4,8,2
28062,0,4,3,0,2,0,4,1,4,8,0
28063,1,7,6,2,0,8,0,9,5,6,5
28064,8,2,5,5,9,9,8,4,6,9,2
28065,2,3,4,6,8,2,6,8,9,5,6
28066,9,9,9,2,7,1,5,9,2,0,5
28067,6,5,2,7,1,5,9,2,3,2,9
28068,6,5,2,7,1,5,9,2,3,2,9
28069,1,7,6,2,0,8,0,9,5,6,5
28070,4,5,8,9,3,4,3,0,8,7,3
28071,0,4,3,0,2,0,4,1,4,8,2
28072,3,0,1,4,3,4,2,0,1,7,1
28073,0,4,5,0,2,9,4,4,6,8,2
28074,6,5,2,7,1,5,9,2,3,2,9
28075,7,1,0,3,4,6,1,5,7,3,4
28076,7,1,0,3,4,6,1,5,7,3,4
28077,6,5,2,7,1,5,9,2,3,2,9
28078,6,5,2,7,1,5,9,2,3,2,9
28079,3,6,1,8,5,3,2,6,0,1,1
28080,5,8,3,1,6,0,7,1,4,4,7
28081,0,4,7,0,2,7,4,1,4,8,0
28082,0,4,5,0,2,9,4,4,6,8,2
28083,4,5,8,9,3,4,3,3,8,7,3
28084,4,5,8,9,3,4,3,0,8,7,3
28085,4,5,8,9,3,4,3,0,8,7,3
28086,1,7,6,2,0,8,0,9,5,6,5
28087,0,4,3,0,2,0,4,1,4,8,0
28088,0,4,7,0,2,7,4,9,6,8,0
28089,0,4,7,0,2,7,4,1,4,8,0
28090,9,9,9,2,7,1,5,7,2,0,5
28091,6,3,2,7,1,5,9,2,3,2,9
28092,8,2,7,5,9,7,8,4,6,9,8
28093,2,3,4,6,8,2,6,8,9,5,6
28094,1,7,6,2,0,8,0,9,5,6,5
28095,6,5,2,7,1,5,9,2,3,2,9
28096,5,8,3,1,6,0,7,1,4,4,7
28097,2,3,4,6,8,2,6,8,9,5,6
28098,1,7,6,2,0,8,0,9,5,6,5
28099,1,7,6,2,0,8,0,9,5,6,5
28100,1,7,6,2,0,8,0,9,5,6,5
28101,3,6,1,8,5,3,2,6,0,1,1
28102,5,5,8,1,6,4,7,0,8,4,7
28103,2,3,4,6,8,2,6,3,9,5,8
28104,4,5,8,9,3,4,3,0,8,7,3
28105,3,6,1,8,5,3,2,6,0,1,1
28106,8,2,9,5,9,1,8,7,2,9,8
28107,2,3,4,6,8,2,6,8,9,5,6
28108,3,6,1,8,5,3,2,6,0,1,1
28109,5,8,3,1,6,0,7,1,4,4,7
28110,1,7,6,2,0,8,0,9,5,6,5
28111,7,1,0,3,4,6,1,5,7,3,4
28112,6,1,2,7,1,5,9,2,3,2,9
28113,0,4,7,0,2,7,4,4,6,8,0
28114,5,8,3,1,6,0,7,1,4,4,7
28115,4,5,8,9,3,4,3,0,8,7,3
28116,2,3,4,6,8,2,6,8,9,5,6
28117,0,4,5,0,2,9,4,4,6,8,2
28118,8,2,5,5,9,9,8,4,6,9,8
28119,7,1,0,3,4,6,1,5,7,3,4
28120,1,7,5,2,0,9,0,9,6,6,5
28121,5,8,3,1,6,0,7,1,4,4,7
28122,7,1,0,3,4,6,1,5,7,3,4
28123,2,3,4,6,8,2,6,8,9,5,6
28124,0,4,7,0,2,7,4,1,4,8,0
28125,3,6,1,8,5,3,2,6,0,1,1
28126,6,5,2,7,1,5,9,2,3,2,9
28127,4,5,8,9,3,4,3,0,8,7,3
28128,5,8,3,1,6,0,7,1,4,4,7
28129,0,4,7,0,2,7,4,4,6,8,0
28130,1,7,6,2,0,8,0,9,5,6,5
28131,3,6,1,8,5,3,2,6,0,1,1
28132,5,8,3,1,6,0,7,1,4,4,0
28133,1,7,6,2,0,8,0,9,5,6,5
28134,1,7,6,2,0,8,0,9,5,6,5
28135,8,5,5,0,9,9,8,4,6,9,2
28136,5,8,3,1,6,0,7,5,7,4,7
28137,7,1,0,3,4,6,1,8,9,3,4
28138,0,4,5,0,2,9,4,1,4,8,2
28139,0,4,7,0,2,7,4,1,4,8,0
28140,6,5,2,7,1,5,9,2,3,2,9
28141,7,1,0,3,4,6,1,5,7,3,4
28142,4,7,6,9,3,8,3,3,8,7,3
28143,4,5,8,9,3,4,3,0,8,7,3
28144,7,1,0,3,4,6,1,5,7,3,4
28145,0,4,5,0,2,9,4,4,6,8,2
28146,0,4,7,0,2,7,4,4,6,8,0
28147,2,3,4,6,8,2,6,8,9,5,6
28148,2,0,4,3,8,2,6,3,1,5,6
28149,0,4,7,0,2,7,4,4,6,8,0
28150,1,7,6,2,0,8,0,3,5,6,5
28151,3,0,1,4,5,3,2,6,1,1,1
28152,7,1,0,3,4,6,1,5,7,3,4
28153,9,9,9,2,7,1,5,7,2,0,5
28154,9,9,9,2,7,1,5,7,2,0,5
28155,6,0,2,7,1,5,9,2,3,2,9
28156,9,9,9,2,7,1,5,7,2,0,5
28157,7,1,0,3,4,6,1,5,7,3,4
28158,0,4,5,0,2,9,4,4,6,8,2
28159,5,8,3,1,6,0,7,1,4,4,7
28160,3,6,1,4,5,3,2,6,0,1,1
28161,2,3,4,6,8,2,6,8,9,5,6
28162,7,1,0,3,4,6,1,5,7,3,4
28163,4,5,8,9,3,4,3,0,8,7,3
28164,0,4,7,0,2,7,4,1,4,8,0
28165,3,6,1,8,5,3,2,6,0,1,1
28166,1,7,6,2,0,8,0,9,5,6,5
28167,9,9,9,2,7,1,5,7,2,0,5
28168,0,4,7,0,2,7,4,4,6,8,0
28169,6,5,2,7,1,5,9,2,3,2,9
28170,4,5,8,8,3,4,3,0,0,7,3
28171,7,1,0,3,4,6,1,5,7,3,4
28172,5,8,3,1,6,0,7,1,4,4,7
28173,5,8,3,1,6,0,7,1,4,4,7
28174,7,1,0,3,4,6,1,5,7,3,4
28175,2,3,4,6,8,2,6,8,9,5,6
28176,8,4,7,5,9,7,8,4,6,9,8
28177,4,5,8,9,3,4,3,0,8,7,3
28178,1,7,6,0,0,8,0,9,5,6,0
28179,8,2,9,5,9,1,8,8,2,9,8
28180,8,2,5,5,9,9,8,4,6,9,2
28181,2,5,8,6,3,4,6,8,9,7,6
28182,7,1,0,3,4,6,1,5,7,3,4
28183,8,2,7,5,9,7,8,4,6,9,8
28184,1,7,6,2,0,8,0,9,5,6,5
28185,6,5,2,7,1,5,9,2,3,2,9
28186,3,6,1,8,5,3,2,6,0,1,1
28187,1,7,6,2,0,8,0,9,5,6,5
28188,7,1,0,3,4,6,1,5,7,3,4
28189,6,5,2,7,1,5,9,2,3,2,9
28190,9,9,9,2,7,1,5,7,2,0,5
28191,9,9,9,2,7,1,5,7,2,0,5
28192,7,1,0,3,4,6,1,5,7,3,4
28193,2,1,4,3,8,2,6,5,7,5,6
28194,8,2,9,5,9,1,8,4,2,9,8
28195,5,8,3,1,6,0,7,1,4,4,7
28196,1,7,6,2,0,8,0,9,5,6,5
28197,5,8,3,1,6,0,7,1,4,4,7
28198,7,1,0,3,4,6,1,5,7,3,4
28199,0,4,3,0,2,0,4,8,9,8,0
28200,7,1,0,3,4,6,1,5,7,3,4
28201,8,2,5,5,9,9,8,4,6,9,2
28202,3,6,1,8,5,3,2,6,0,1,1
28203,3,0,1,4,5,3,2,6,1,1,1
28204,7,1,0,3,4,6,1,5,7,3,4
28205,8,2,5,5,9,9,8,4,6,9,8
28206,2,3,4,6,8,2,6,8,9,5,6
28207,8,2,5,5,9,9,8,4,6,9,8
28208,1,7,6,2,0,8,0,9,5,6,5
28209,7,1,0,3,4,6,1,5,7,3,4
28210,1,7,6,2,0,8,0,9,5,6,5
28211,0,4,5,0,2,9,4,1,4,8,2
28212,7,1,0,3,4,6,1,5,7,3,4
28213,0,4,3,0,2,0,4,1,4,8,2
28214,1,7,6,2,0,8,0,9,5,6,5
28215,0,4,3,0,2,0,4,1,4,8,2
28216,4,5,8,9,3,4,3,0,8,7,3
28217,0,4,7,0,2,7,4,4,6,8,0
28218,6,5,2,7,1,5,9,2,3,2,9
28219,0,4,5,0,2,9,4,1,4,8,2
28220,0,4,5,0,2,9,4,1,4,8,2
28221,3,6,1,8,5,3,2,6,0,1,1
28222,5,5,8,1,6,4,7,0,8,4,7
28223,1,7,6,2,0,8,0,9,5,6,5
28224,7,1,0,3,4,6,1,5,7,3,4
28225,5,8,3,1,6,0,7,1,4,4,0
28226,3,0,1,4,5,3,2,6,1,1,1
28227,5,8,3,1,6,0,7,1,4,4,7
28228,6,5,2,7,1,5,9,2,3,2,9
28229,8,2,5,5,9,9,8,4,6,9,2
28230,3,6,1,8,5,3,2,6,0,1,1
28231,7,1,0,3,4,6,1,0,7,3,4
28232,1,7,6,2,0,8,0,9,5,6,5
28233,2,3,4,6,8,2,6,8,9,5,6
28234,5,5,3,1,6,0,7,1,4,4,7
28235,1,7,6,2,0,8,0,9,5,6,5
28236,1,4,5,0,2,9,0,4,6,8,2
28237,0,4,7,0,2,7,4,1,4,8,0
28238,1,7,6,2,0,8,0,9,5,6,5
28239,0,4,7,0,2,7,4,1,4,8,0
28240,0,4,7,0,2,7,4,4,6,8,0
28241,2,3,4,6,8,2,6,8,9,5,6
28242,3,6,1,8,5,3,2,6,0,1,1
28243,0,4,7,0,2,7,4,1,4,8,0
28244,1,7,6,2,0,8,0,9,5,6,5
28245,9,9,9,2,7,1,5,7,2,0,5
28246,1,7,6,2,0,8,0,9,5,6,5
28247,2,3,4,6,8,2,6,8,9,5,6
28248,8,2,7,5,9,7,8,4,6,9,8
28249,4,5,8,9,3,4,3,0,8,7,3
28250,9,9,9,2,7,1,5,7,2,0,5
28251,4,5,8,9,3,4,3,0,8,7,3
28252,7,1,0,3,4,6,1,5,7,3,4
28253,5,8,1,1,6,3,7,0,8,4,7
28254,0,4,3,0,2,0,4,1,4,8,0
28255,4,5,8,9,3,4,3,0,8,7,3
28256,7,1,0,3,4,6,1,5,7,3,4
28257,3,6,1,8,5,3,2,6,0,1,1
28258,2,3,4,6,8,2,6,3,9,5,6
28259,7,3,0,6,4,6,1,8,9,3,0
28260,1,7,6,2,0,8,0,9,5,6,5
28261,7,1,0,3,4,6,1,5,7,3,4
28262,0,4,3,0,2,0,4,1,4,8,0
28263,7,1,0,3,4,6,1,5,7,3,4
28264,1,7,6,3,0,8,0,9,5,6,4
28265,7,1,0,3,4,6,1,5,7,3,4
28266,6,5,2,7,1,5,9,2,3,2,9
28267,7,1,0,3,4,6,1,0,7,3,4
28268,6,5,2,7,1,5,9,2,3,2,9
28269,6,5,2,7,1,5,9,2,3,2,9
28270,0,4,5,0,2,9,4,1,4,8,2
28271,7,1,0,3,4,6,1,5,7,3,4
28272,5,8,3,1,6,0,7,1,0,4,7
28273,8,2,5,5,9,9,8,4,6,9,2
28274,3,6,1,8,5,3,2,6,0,1,1
28275,6,5,2,7,1,5,9,2,3,2,9
28276,7,1,0,3,4,6,1,5,7,3,4
28277,7,1,0,3,4,6,1,5,7,3,4
28278,6,5,2,7,1,5,9,2,3,2,9
28279,0,4,4,0,2,2,4,8,9,8,0
28280,9,9,9,2,7,1,5,9,2,0,5
28281,4,5,8,9,3,4,3,0,8,7,3
28282,7,9,0,2,4,6,1,7,7,3,4
28283,8,4,7,5,9,7,8,4,6,9,0
28284,6,5,2,7,1,5,9,2,3,2,9
28285,6,5,2,7,1,5,9,2,3,2,9
28286,3,6,1,8,5,3,2,6,0,1,1
28287,4,5,8,9,3,4,3,3,8,7,3
28288,8,2,7,5,9,7,8,4,6,9,8
28289,6,5,2,7,1,5,9,2,3,2,9
28290,5,8,3,1,6,0,7,1,4,4,7
28291,9,9,9,2,7,1,5,7,2,0,5
28292,9,9,9,2,7,1,5,7,2,0,5
28293,6,0,2,4,1,5,9,3,1,2,9
28294,6,5,2,7,1,5,9,2,3,2,9
28295,3,0,1,4,5,3,2,6,1,1,1
28296,3,6,1,8,5,3,2,6,0,1,1
28297,2,3,4,6,8,2,6,8,9,5,6
28298,0,4,5,0,2,9,4,1,4,8,2
28299,2,3,4,6,8,2,6,8,9,5,6
28300,1,7,6,2,0,8,0,9,5,6,5
28301,2,3,4,6,8,2,6,3,9,5,6
28302,4,5,8,9,3,4,3,0,8,7,3
28303,7,1,0,3,4,6,1,5,7,3,4
28304,0,8,3,1,6,0,7,1,4,4,0
28305,2,3,4,6,8,2,6,3,9,5,8
28306,9,9,9,2,7,1,5,9,2,0,5
28307,2,3,4,6,8,2,6,8,9,5,6
28308,0,4,3,0,2,0,4,1,4,8,0
28309,0,4,3,0,2,0,4,1,4,8,2
28310,5,8,3,1,6,0,7,1,4,4,7
28311,0,4,7,0,2,7,4,1,4,8,0
28312,5,8,3,1,6,0,7,1,4,4,7
28313,5,8,3,1,6,0,7,1,4,4,7
28314,8,4,5,0,2,9,8,4,6,8,2
28315,2,3,4,6,8,2,6,5,9,5,6
28316,1,7,6,2,0,8,0,9,5,6,5
28317,3,0,1,4,5,3,2,6,1,1,1
28318,1,7,6,2,0,8,0,9,5,6,5
28319,0,4,3,0,2,0,4,1,4,8,0
28320,4,5,8,9,3,4,3,3,8,7,3
28321,1,7,6,2,0,8,0,9,5,6,5
28322,1,7,6,2,0,8,0,9,5,6,5
28323,3,0,1,4,5,3,2,6,1,1,1
28324,6,5,2,7,1,5,9,2,3,2,9
28325,3,0,1,4,5,3,2,3,1,1,1
28326,4,5,8,9,3,4,3,3,8,7,3
28327,8,2,7,5,9,7,8,4,6,9,8
28328,3,0,1,4,5,3,2,3,1,1,1
28329,0,4,7,0,2,7,4,4,6,8,0
28330,0,4,3,0,2,0,4,1,4,8,0
28331,9,9,9,2,7,1,5,7,2,0,5
28332,7,1,0,3,4,6,1,5,7,3,4
28333,4,5,8,9,3,4,3,0,8,7,3
28334,1,7,6,2,0,8,0,9,5,6,5
28335,6,5,2,7,1,5,9,2,3,2,9
28336,7,1,0,3,4,6,1,5,7,3,4
28337,0,4,5,0,2,9,4,1,4,8,2
28338,2,3,4,6,8,2,6,8,9,5,6
28339,4,5,8,9,3,4,3,0,8,7,3
28340,2,3,4,6,8,2,6,8,9,5,6
28341,2,3,4,6,8,2,6,8,9,5,6
28342,7,1,0,3,4,6,1,5,7,3,4
28343,7,1,0,3,4,6,1,5,7,3,4
28344,1,7,6,2,0,8,0,9,5,6,5
28345,2,3,4,6,8,2,6,8,9,5,6
28346,8,2,7,5,9,7,8,4,6,9,8
28347,6,5,2,7,1,5,9,2,3,2,9
28348,2,3,4,6,8,2,6,8,9,5,5
28349,9,9,9,2,7,1,5,7,2,0,5
28350,9,9,9,2,7,1,5,7,2,0,5
28351,4,5,8,9,3,4,3,0,8,7,3
28352,7,1,0,3,4,6,1,5,7,3,4
28353,4,5,8,9,3,4,3,3,8,7,3
28354,5,8,3,1,6,0,7,1,4,4,7
28355,9,9,9,2,7,1,5,7,2,0,5
28356,2,3,4,6,8,2,6,3,9,5,8
28357,9,9,9,7,7,1,5,7,2,0,9
28358,2,0,4,4,8,2,6,3,1,5,6
28359,0,3,5,6,2,9,6,8,9,8,2
28360,2,3,4,6,8,2,6,8,9,5,6
28361,9,9,9,2,7,1,5,7,2,0,5
28362,9,9,9,2,7,1,5,7,2,0,5
28363,9,2,7,5,9,7,8,7,2,9,8
28364,1,7,6,2,0,8,0,9,5,6,5
28365,3,0,1,4,5,3,2,6,1,1,1
28366,6,5,2,7,1,5,9,2,3,2,9
28367,1,7,6,2,0,8,0,9,5,6,5
28368,7,1,0,3,4,6,1,5,7,3,4
28369,7,1,0,3,4,6,1,2,7,3,4
28370,6,5,2,7,1,5,9,2,3,2,9
28371,7,1,0,3,4,6,1,5,7,3,4
28372,7,6,0,8,4,6,1,5,0,3,4
28373,5,8,3,1,6,0,7,1,4,4,7
28374,0,4,7,0,2,7,4,1,4,8,0
28375,0,4,3,0,2,0,4,1,4,8,0
28376,9,2,9,2,7,1,5,3,2,0,8
28377,4,5,8,9,3,4,3,0,8,7,3
28378,1,7,6,2,0,8,0,9,5,6,5
28379,0,4,5,0,2,9,4,4,6,8,2
28380,7,1,0,3,4,6,1,5,7,3,4
28381,2,3,4,6,8,2,6,8,9,5,6
28382,1,7,6,2,0,8,0,9,5,6,5
28383,0,4,7,0,2,7,4,1,4,8,0
28384,2,3,4,6,8,2,6,3,9,5,6
28385,3,0,1,4,5,3,2,6,1,1,1
28386,4,5,8,9,3,4,3,0,8,7,3
28387,1,7,6,2,0,8,0,9,5,6,5
28388,1,7,6,2,0,8,0,9,5,6,5
28389,7,1,0,3,4,6,1,2,7,3,4
28390,7,1,0,3,4,6,1,5,7,3,4
28391,7,1,0,3,4,6,1,5,7,3,4
28392,1,7,6,2,0,8,0,9,5,6,5
28393,0,8,3,0,2,0,4,1,4,8,0
28394,1,7,6,2,0,8,0,9,5,6,5
28395,3,0,1,4,5,3,2,6,1,1,1
28396,5,8,3,1,6,0,7,1,4,4,7
28397,4,5,8,9,3,4,3,0,8,7,3
28398,5,8,3,1,6,0,7,0,4,4,7
28399,0,4,5,0,2,0,4,1,4,8,2
28400,4,5,8,9,3,4,3,0,8,7,3
28401,2,3,4,6,8,2,6,8,9,5,6
28402,3,6,1,8,5,3,2,6,0,1,1
28403,3,0,1,4,5,3,2,6,1,1,1
28404,9,9,9,2,7,1,5,7,2,0,5
28405,1,7,6,2,0,8,0,9,5,6,5
28406,7,1,0,3,4,6,1,5,7,3,4
28407,7,1,0,7,4,6,1,2,3,3,4
28408,3,6,1,8,5,3,2,6,0,1,1
28409,7,1,0,3,4,6,1,5,7,3,4
28410,2,3,4,6,8,2,6,3,9,5,6
28411,1,7,6,2,0,8,0,9,5,6,5
28412,5,5,1,1,6,3,7,6,0,4,7
28413,2,3,4,6,8,2,6,8,9,5,6
28414,7,6,0,8,4,6,1,5,0,3,4
28415,4,5,8,9,3,4,3,0,8,7,3
28416,5,8,3,1,6,0,7,1,4,4,7
28417,8,2,5,5,9,9,8,4,6,9,2
28418,4,7,8,9,3,4,3,3,8,7,3
28419,2,3,4,6,8,2,6,8,9,5,6
28420,1,7,6,1,0,8,0,9,5,6,0
28421,0,4,5,0,2,9,4,4,6,8,2
28422,5,8,3,1,6,0,7,1,4,4,7
28423,4,0,8,4,3,4,3,3,1,7,3
28424,5,8,3,1,6,0,7,1,4,4,7
28425,4,5,8,9,3,4,3,3,8,7,3
28426,5,8,3,1,6,0,7,1,4,4,0
28427,3,0,1,4,5,3,2,6,1,1,1
28428,3,6,1,8,5,3,2,6,0,1,1
28429,0,4,5,0,2,9,4,1,4,8,2
28430,7,1,0,3,4,6,1,5,7,3,4
28431,7,1,0,3,4,6,1,5,7,3,4
28432,2,3,4,6,8,2,6,8,9,5,6
28433,7,1,0,3,4,6,1,8,7,3,4
28434,2,3,4,6,8,2,6,8,9,5,6
28435,4,5,8,9,3,4,3,0,8,7,3
28436,6,9,2,7,1,5,9,2,3,2,9
28437,8,2,5,5,9,9,8,4,6,9,2
28438,4,7,8,9,3,4,3,9,8,7,3
28439,1,7,6,2,0,8,0,9,5,6,5
28440,4,5,8,9,3,4,3,0,8,7,3
28441,7,1,0,3,4,6,1,8,7,3,4
28442,0,4,7,0,2,7,4,4,6,8,0
28443,0,4,5,0,2,9,4,4,6,8,2
28444,7,1,0,3,4,6,1,5,7,3,4
28445,0,4,7,0,2,7,4,1,4,8,0
28446,5,8,3,1,6,0,7,1,4,4,7
28447,0,4,5,0,2,9,4,1,4,8,2
28448,0,8,3,0,2,0,4,1,4,8,0
28449,5,8,3,1,6,0,7,1,4,4,7
28450,8,2,5,5,9,9,8,4,6,9,8
28451,3,6,1,8,5,3,2,6,0,1,1
28452,3,6,1,8,5,3,2,6,0,1,1
28453,7,5,0,3,4,6,1,2,7,3,4
28454,5,8,3,1,6,0,7,1,4,4,7
28455,2,0,4,4,8,2,6,5,1,5,6
28456,3,6,1,8,5,3,2,6,0,1,1
28457,3,0,1,4,5,3,2,6,1,1,1
28458,7,1,0,3,4,6,1,5,7,3,4
28459,4,5,8,9,3,4,3,0,8,7,3
28460,0,8,3,1,6,0,7,1,4,4,0
28461,5,8,3,1,6,0,7,1,4,4,0
28462,5,8,3,1,6,0,7,1,4,4,7
28463,0,4,3,0,2,0,4,1,4,8,0
28464,5,8,3,1,6,0,7,1,4,4,7
28465,2,3,7,6,8,2,6,8,9,5,6
28466,3,6,1,8,5,3,2,6,0,1,1
28467,4,5,8,9,3,4,3,0,8,7,3
28468,5,8,3,1,6,0,7,1,4,4,7
28469,2,2,4,6,8,2,6,4,9,5,6
28470,2,3,4,6,8,2,6,8,9,5,6
28471,4,5,8,9,3,4,3,0,8,7,3
28472,7,1,0,3,4,6,1,1,4,3,4
28473,0,4,7,0,2,7,4,4,6,8,0
28474,7,1,0,2,4,6,1,9,5,3,5
28475,8,3,7,6,9,7,8,8,9,9,8
28476,7,1,0,3,4,6,1,5,7,3,4
28477,2,3,4,6,8,2,6,8,9,5,6
28478,7,1,0,3,4,6,1,5,7,3,4
28479,9,9,9,2,7,1,5,7,2,0,5
28480,7,1,0,3,4,6,1,5,7,3,4
28481,0,4,7,0,2,7,4,4,6,8,0
28482,9,9,9,2,7,1,5,7,2,0,5
28483,0,3,4,6,8,2,6,8,9,5,0
28484,9,9,9,2,7,1,5,7,2,0,5
28485,7,1,0,3,4,6,1,5,7,3,4
28486,3,6,1,8,5,3,2,6,0,1,1
28487,0,4,3,0,2,0,4,1,4,8,0
28488,9,9,9,2,7,1,5,7,2,0,5
28489,3,6,1,8,5,3,2,6,0,1,1
28490,2,3,4,6,8,2,6,8,9,5,6
28491,8,2,7,5,9,7,8,4,6,9,8
28492,0,4,7,0,2,7,4,4,6,8,0
28493,5,8,3,1,6,0,7,1,4,4,7
28494,6,5,2,7,1,5,9,2,3,2,9
28495,2,3,4,6,8,2,6,8,9,5,6
28496,4,5,8,9,3,4,3,0,8,7,3
28497,4,5,8,9,3,4,3,0,8,7,3
28498,7,1,0,3,4,6,1,5,7,3,4
28499,7,1,0,3,4,6,1,5,7,3,4
28500,5,8,3,1,6,0,7,1,4,4,7
28501,5,8,3,1,6,0,7,1,4,4,7
28502,1,7,6,2,0,8,0,9,5,6,5
28503,0,3,3,6,2,0,4,8,9,8,0
28504,2,3,4,6,8,2,6,8,9,5,6
28505,4,0,8,9,3,4,3,0,8,7,3
28506,7,1,0,3,4,6,1,5,7,3,4
28507,4,5,8,9,3,4,3,0,8,7,3
28508,1,7,6,9,0,8,0,9,5,6,3
28509,5,8,3,1,6,0,7,1,4,4,0
28510,3,0,1,4,5,3,2,6,1,1,1
28511,2,3,4,6,8,2,6,8,9,5,6
28512,5,8,3,1,6,0,7,1,0,4,7
28513,1,7,6,2,0,8,0,9,5,6,5
28514,0,4,5,0,2,9,4,8,5,8,0
28515,7,1,0,3,4,6,1,5,7,3,4
28516,1,7,6,2,0,8,0,9,5,6,5
28517,5,8,3,1,6,0,7,1,4,4,7
28518,0,4,3,0,2,0,4,1,4,8,0
28519,3,0,1,4,5,3,2,6,1,1,1
28520,0,4,3,0,2,0,4,1,4,8,0
28521,1,7,6,2,0,8,0,9,5,6,5
28522,1,7,6,2,0,8,0,9,5,6,5
28523,0,4,3,0,2,0,4,1,4,8,0
28524,1,7,6,2,0,8,0,9,5,6,5
28525,4,5,8,9,3,4,3,0,8,7,3
28526,2,3,4,6,8,2,6,8,9,5,6
28527,7,1,0,3,4,6,1,5,7,3,4
28528,7,1,0,3,4,6,1,5,7,3,4
28529,0,4,5,0,2,9,4,4,6,8,2
28530,0,4,6,0,2,8,4,9,5,8,0
28531,9,9,9,2,7,1,5,7,2,0,5
28532,0,4,5,0,2,9,4,4,6,8,2
28533,7,1,0,3,4,6,1,5,7,3,4
28534,7,1,0,3,4,6,1,5,7,3,4
28535,0,4,5,0,2,9,4,4,6,8,2
28536,2,3,4,6,8,2,6,3,9,5,6
28537,6,5,2,7,1,5,9,2,3,2,9
28538,8,2,7,5,9,7,8,4,6,9,8
28539,0,4,3,0,2,0,4,1,4,8,7
28540,3,0,1,4,5,3,2,3,1,1,1
28541,0,4,5,0,2,9,4,1,4,8,2
28542,0,4,5,0,2,9,4,4,6,8,2
28543,3,0,1,4,5,3,2,6,1,1,1
28544,6,5,2,7,1,5,9,2,3,2,9
28545,1,7,6,2,0,8,0,9,5,6,5
28546,3,6,1,8,5,3,2,6,0,1,1
28547,0,4,3,0,2,0,4,1,4,8,0
28548,4,5,8,9,3,4,3,0,8,7,3
28549,4,5,8,9,3,4,3,0,8,7,3
28550,5,8,3,1,6,0,7,1,4,4,2
28551,0,4,7,0,2,7,4,4,6,8,0
28552,4,5,8,9,3,4,3,0,8,7,3
28553,0,4,7,0,2,7,4,4,6,8,0
28554,1,7,6,2,0,8,0,9,5,6,5
28555,6,5,2,7,1,5,9,2,3,2,9
28556,6,5,2,7,1,5,9,3,3,2,9
28557,1,7,6,2,0,8,0,9,5,6,5
28558,0,4,3,0,2,0,4,1,4,8,2
28559,7,1,0,3,4,6,1,5,7,3,4
28560,6,5,2,7,1,5,9,2,3,2,9
28561,7,1,0,3,4,6,1,5,7,3,4
28562,5,8,3,1,6,0,7,1,4,4,7
28563,8,2,5,5,9,9,8,4,6,9,2
28564,9,7,6,2,7,8,0,9,5,6,5
28565,3,0,1,4,5,3,2,6,1,1,1
28566,6,5,2,7,1,5,9,2,3,2,9
28567,7,1,0,3,4,6,1,5,7,3,4
28568,1,7,6,2,0,8,0,9,5,6,5
28569,1,7,6,2,0,8,0,9,5,6,5
28570,2,3,4,6,8,2,6,8,9,5,6
28571,7,1,0,3,4,6,1,5,7,3,4
28572,4,5,8,9,3,4,3,0,8,7,3
28573,5,8,3,1,6,0,7,1,4,4,7
28574,5,8,3,1,6,0,7,1,4,4,0
28575,0,4,5,0,2,9,4,4,6,8,2
28576,4,5,8,9,3,4,3,0,8,7,3
28577,1,7,6,2,0,8,0,9,5,6,5
28578,0,5,3,0,2,0,4,1,4,8,0
28579,2,3,4,6,8,2,6,8,9,5,6
28580,2,3,4,6,8,2,6,8,9,5,6
28581,8,2,7,5,9,7,8,8,9,9,8
28582,0,4,3,0,2,0,4,1,4,8,0
28583,9,9,9,2,7,1,5,7,2,0,5
28584,0,4,7,0,2,7,4,4,6,8,0
28585,4,5,8,9,3,4,3,0,8,7,3
28586,1,7,6,2,0,8,0,9,5,6,5
28587,8,2,7,5,9,7,8,4,6,9,8
28588,5,8,3,1,6,0,7,1,4,4,7
28589,2,3,4,6,8,2,6,8,9,5,6
28590,4,5,8,9,3,4,3,3,8,7,3
28591,4,5,8,9,3,4,3,0,8,7,3
28592,7,1,0,3,4,6,1,5,7,3,4
28593,3,0,1,4,5,3,2,6,1,1,1
28594,5,8,8,1,6,4,7,0,8,4,7
28595,2,3,4,6,8,2,6,8,9,5,6
28596,7,1,0,3,4,6,1,5,7,3,4
28597,8,2,7,5,9,7,8,4,6,9,2
28598,0,8,3,0,2,0,4,1,4,8,0
28599,0,4,7,0,2,7,4,4,6,8,0
28600,8,4,7,0,2,7,4,4,6,8,0
28601,0,4,7,0,2,7,4,4,6,8,0
28602,4,5,8,9,3,4,3,0,8,7,3
28603,7,1,0,3,4,6,1,5,7,3,4
28604,0,4,7,0,2,7,4,1,4,8,0
28605,4,5,8,9,3,4,3,0,8,7,3
28606,7,1,0,3,4,6,1,5,7,3,4
28607,3,0,1,4,5,3,2,6,1,1,1
28608,0,4,6,0,2,8,4,9,5,8,0
28609,9,9,9,2,7,1,5,7,2,0,5
28610,5,8,3,1,6,0,7,1,4,4,7
28611,6,8,2,7,1,5,9,2,3,2,9
28612,2,0,4,4,8,2,6,3,1,5,6
28613,2,0,4,4,8,2,6,3,1,5,6
28614,5,8,3,1,6,0,7,1,4,4,7
28615,8,2,7,5,9,7,8,4,6,9,8
28616,4,5,8,9,3,4,3,0,8,7,3
28617,9,9,9,2,7,1,5,7,2,0,5
28618,0,4,6,0,2,8,4,9,5,8,0
28619,4,5,8,9,3,4,3,3,8,7,3
28620,0,8,3,1,6,0,7,1,4,4,0
28621,8,2,5,5,9,9,8,4,6,9,2
28622,1,7,6,2,0,8,0,9,5,6,5
28623,2,3,4,6,8,2,6,8,9,5,6
28624,0,4,5,0,2,9,4,9,5,8,0
28625,0,4,7,0,2,7,4,1,4,8,0
28626,7,1,0,3,4,6,1,5,7,3,4
28627,3,6,1,8,5,3,2,6,0,1,1
28628,3,6,1,8,5,3,2,6,0,1,1
28629,9,9,9,2,7,1,5,7,2,0,5
28630,7,1,0,3,4,6,1,5,7,3,4
28631,6,5,2,7,1,5,9,2,3,2,9
28632,5,8,3,1,6,0,7,1,4,4,7
28633,3,0,1,4,5,3,2,3,1,1,1
28634,8,2,5,5,9,9,8,4,6,9,2
28635,8,2,7,5,9,7,8,4,6,9,0
28636,8,2,5,5,9,9,8,4,6,9,2
28637,9,9,9,2,7,1,5,3,2,0,5
28638,5,8,3,1,6,0,7,1,4,4,7
28639,4,5,8,9,3,4,3,0,8,7,3
28640,6,5,2,7,1,5,9,2,3,2,9
28641,8,2,5,5,9,9,8,4,6,9,8
28642,6,5,2,7,1,5,9,2,3,2,9
28643,2,3,4,6,8,2,6,8,9,5,6
28644,5,5,3,1,6,0,7,0,8,4,7
28645,8,4,7,5,9,7,8,4,6,9,0
28646,1,7,6,2,0,8,0,9,5,6,5
28647,3,6,1,8,5,3,2,6,0,1,1
28648,1,7,6,2,0,8,0,9,5,6,5
28649,9,9,9,2,7,1,5,7,2,0,5
28650,1,7,6,2,0,8,0,9,5,6,5
28651,6,5,2,7,1,5,9,2,3,2,9
28652,5,8,3,1,6,0,7,1,4,4,7
28653,6,5,2,7,1,5,9,2,3,2,9
28654,1,7,6,2,0,8,0,3,5,6,5
28655,8,2,7,5,9,7,8,4,6,9,8
28656,1,7,6,2,0,8,0,9,5,6,5
28657,9,9,9,2,7,1,5,7,2,0,5
28658,7,1,0,3,4,6,1,5,7,3,4
28659,4,5,8,9,3,4,3,0,8,7,3
28660,1,7,6,2,0,8,0,9,5,6,5
28661,8,2,7,5,9,7,8,4,6,9,8
28662,7,1,0,3,4,6,1,5,7,3,4
28663,2,3,4,6,8,2,6,8,9,5,6
28664,1,7,6,2,0,8,0,9,5,6,5
28665,8,4,7,5,9,7,8,4,6,9,0
28666,8,2,5,5,9,9,8,4,6,9,8
28667,3,6,1,8,5,3,2,6,0,1,1
28668,7,1,0,3,4,6,1,5,7,3,4
28669,8,2,7,5,9,7,8,4,6,9,8
28670,5,8,3,1,6,0,7,1,4,4,7
28671,3,0,1,4,5,3,2,6,1,1,1
28672,6,5,2,7,1,5,9,2,3,2,9
28673,9,9,9,2,7,1,5,7,2,0,5
28674,0,4,3,0,2,0,4,1,4,8,0
28675,0,4,5,0,2,9,4,1,4,8,2
28676,5,8,3,1,6,0,7,1,4,4,7
28677,8,4,7,5,9,7,8,4,6,9,0
28678,4,5,8,9,3,4,3,3,8,7,3
28679,9,9,9,2,7,1,5,9,2,0,5
28680,4,5,8,9,3,4,3,0,8,7,3
28681,9,9,9,2,7,1,5,7,2,0,5
28682,7,1,0,3,4,6,1,5,7,3,4
28683,8,2,7,5,9,7,8,4,6,9,8
28684,6,5,2,7,1,5,9,2,3,2,9
28685,6,5,2,7,1,5,9,2,3,2,9
28686,9,9,9,7,7,1,5,7,2,0,9
28687,2,3,4,6,8,2,6,3,2,5,6
28688,9,9,9,5,7,1,5,7,2,0,8
28689,8,2,7,5,9,7,8,4,6,9,8
28690,3,6,1,8,5,3,2,6,0,1,1
28691,8,2,7,5,9,7,8,4,6,9,8
28692,3,0,1,4,5,3,2,6,1,1,1
28693,2,0,4,6,8,2,6,3,2,5,8
28694,7,3,0,6,4,6,1,8,9,3,4
28695,9,9,9,2,7,1,5,7,2,0,5
28696,8,2,5,5,9,9,8,4,6,9,2
28697,8,2,5,5,9,9,8,4,6,9,8
28698,4,5,8,9,3,4,3,0,8,7,3
28699,2,3,4,6,8,2,6,8,9,5,6
28700,0,4,7,0,2,7,4,1,4,8,0
28701,6,5,2,7,1,5,9,2,3,2,9
28702,4,5,8,9,3,4,3,0,8,7,3
28703,8,2,7,5,9,7,8,4,6,9,8
28704,4,5,8,9,3,4,3,3,8,7,3
28705,8,2,7,5,9,7,8,4,6,9,8
28706,0,4,3,0,2,0,4,1,4,8,0
28707,2,3,4,6,8,2,6,8,9,5,6
28708,9,9,9,2,7,1,5,3,2,0,5
28709,2,3,4,6,8,2,6,8,9,5,6
28710,2,3,4,6,8,2,6,3,9,5,6
28711,4,5,8,9,3,4,3,0,8,7,3
28712,5,8,3,1,6,0,7,1,4,4,7
28713,0,4,3,0,2,0,4,1,4,8,7
28714,3,0,1,4,5,3,2,6,1,1,1
28715,0,4,7,0,2,7,4,4,6,8,0
28716,7,1,0,3,4,6,1,5,7,3,4
28717,9,9,9,2,7,1,5,7,2,0,5
28718,1,7,6,2,0,8,0,9,5,6,5
28719,2,3,4,6,8,2,6,3,2,5,6
28720,5,8,3,1,6,0,7,1,4,4,7
28721,4,5,8,9,3,4,3,0,8,7,3
28722,5,8,3,1,6,0,7,1,4,4,7
28723,8,2,7,5,9,7,8,4,6,9,8
28724,1,7,6,2,0,8,0,9,5,6,5
28725,3,0,1,4,5,3,2,6,1,1,1
28726,2,3,4,6,8,2,6,8,9,5,6
28727,4,5,8,9,3,4,3,0,8,7,3
28728,5,5,8,1,6,4,7,0,8,4,7
28729,2,3,4,6,8,2,6,8,9,5,6
28730,8,2,5,5,9,9,8,4,6,9,8
28731,6,5,2,7,1,5,9,2,3,2,9
28732,7,1,0,3,4,6,1,5,7,3,4
28733,4,5,8,9,3,4,3,0,8,7,3
28734,7,1,0,3,4,6,1,5,7,3,4
28735,2,3,4,6,8,2,6,8,9,5,6
28736,1,7,6,2,0,8,0,9,5,6,5
28737,8,2,7,5,9,7,8,4,6,9,8
28738,1,7,6,2,0,8,0,9,5,6,5
28739,2,3,4,6,8,2,6,7,2,5,6
28740,3,6,1,8,5,3,2,6,0,1,1
28741,4,5,8,9,3,4,3,0,8,7,3
28742,7,1,0,3,4,6,1,5,7,3,4
28743,9,9,9,2,7,1,5,7,2,0,5
28744,9,9,9,2,7,1,5,7,2,0,5
28745,8,2,7,5,9,7,8,4,6,9,8
28746,3,6,1,8,5,3,2,6,0,1,1
28747,8,2,7,5,9,7,8,4,6,9,8
28748,7,1,0,3,4,6,1,5,7,3,4
28749,2,9,9,6,8,1,5,7,2,5,6
28750,5,8,3,1,6,0,7,1,4,4,7
28751,2,3,4,6,8,2,6,8,9,5,6
28752,7,1,0,3,4,6,1,5,7,3,4
28753,8,2,7,5,9,7,8,4,6,9,8
28754,5,8,3,1,6,0,7,1,4,4,0
28755,3,0,1,4,5,3,2,6,1,1,1
28756,4,5,8,9,3,4,3,3,8,7,3
28757,6,0,2,7,1,5,9,3,3,2,9
28758,4,5,8,9,3,4,3,0,8,7,3
28759,2,3,4,6,8,2,6,8,9,5,6
28760,7,1,0,3,4,6,1,5,7,3,4
28761,0,4,7,0,2,7,4,4,6,8,2
28762,2,3,4,6,8,2,6,8,9,5,6
28763,3,0,1,4,5,3,2,6,1,1,1
28764,8,2,5,5,9,9,8,4,6,9,8
28765,8,2,7,5,9,7,8,4,6,9,8
28766,2,3,4,6,8,2,6,8,9,5,6
28767,0,4,7,0,2,7,4,4,6,8,0
28768,2,3,4,6,8,2,6,3,9,5,3
28769,9,9,9,2,7,1,5,7,2,0,5
28770,4,5,8,9,3,4,3,3,8,7,3
28771,2,0,4,4,8,2,6,3,1,5,6
28772,3,6,1,8,5,3,2,6,0,1,1
28773,2,3,4,3,8,2,6,5,7,5,6
28774,0,4,7,0,2,7,4,4,6,8,0
28775,8,2,7,5,9,7,8,4,6,9,8
28776,4,5,8,9,3,4,3,0,8,7,3
28777,9,9,9,2,7,1,5,7,2,0,5
28778,7,1,0,3,4,6,1,5,7,3,4
28779,2,3,4,6,8,2,6,8,9,5,6
28780,6,3,2,6,1,5,9,8,9,2,9
28781,8,2,5,5,9,9,8,4,6,9,8
28782,2,3,4,6,8,2,6,8,9,5,6
28783,8,2,7,5,9,7,8,4,6,9,2
28784,3,6,1,8,5,3,2,6,8,1,1
28785,9,9,9,6,7,1,5,7,2,0,6
28786,6,5,2,7,1,5,9,2,3,2,9
28787,6,5,2,7,1,5,9,2,3,2,9
28788,2,3,4,6,8,2,6,3,9,5,6
28789,8,2,7,5,9,7,8,4,6,9,8
28790,8,2,5,5,9,9,8,4,6,9,8
28791,8,2,7,5,9,7,8,4,6,9,8
28792,9,9,9,2,7,1,5,7,2,0,5
28793,9,9,9,2,7,1,5,7,2,0,5
28794,1,7,6,2,0,8,0,9,5,6,5
28795,6,5,2,7,1,5,9,2,3,2,9
28796,7,1,0,3,4,6,1,5,7,3,4
28797,4,5,8,9,3,4,3,0,8,7,3
28798,4,5,8,9,3,4,3,0,8,7,3
28799,8,2,7,5,9,7,8,4,6,9,8
28800,5,8,3,1,6,0,7,1,4,4,0
28801,6,8,2,7,1,5,9,2,3,2,9
28802,2,3,4,6,8,2,6,8,9,5,6
28803,9,9,9,7,7,1,5,3,2,0,8
28804,1,7,6,2,0,8,0,9,5,6,5
28805,4,5,8,9,3,4,3,3,8,7,3
28806,0,8,3,0,2,0,4,1,4,8,0
28807,4,5,8,9,3,4,3,0,8,7,3
28808,0,4,7,0,2,7,4,4,6,8,0
28809,3,6,1,8,5,3,2,6,0,1,1
28810,4,5,8,9,3,4,3,0,8,7,7
28811,6,5,2,7,1,5,9,2,3,2,9
28812,0,4,5,0,2,9,4,4,6,8,2
28813,2,3,4,6,8,2,6,8,9,5,6
28814,3,6,1,8,5,3,2,6,0,1,1
28815,9,9,9,2,7,1,5,7,2,0,5
28816,3,6,1,8,5,3,2,6,0,1,1
28817,4,5,8,9,3,4,3,0,8,7,3
28818,3,6,1,8,5,3,2,6,0,1,1
28819,9,9,9,2,7,1,5,7,2,0,5
28820,7,1,0,3,4,6,1,5,7,3,4
28821,3,0,1,4,5,3,2,6,1,1,1
28822,1,7,6,2,0,8,0,9,5,6,5
28823,9,9,9,1,7,1,5,7,2,0,8
28824,3,0,1,4,5,3,2,6,1,1,1
28825,2,3,4,6,8,2,6,8,9,5,6
28826,7,1,0,3,4,6,1,5,7,3,4
28827,9,9,9,2,7,1,5,7,2,0,5
28828,1,7,6,2,0,8,0,9,5,6,5
28829,4,5,8,9,3,4,3,0,8,7,3
28830,4,5,8,9,3,4,3,0,8,7,3
28831,9,9,9,2,7,1,5,7,2,0,5
28832,7,1,0,2,4,6,1,9,5,3,5
28833,8,2,7,5,9,7,8,4,6,9,8
28834,1,7,6,2,0,8,0,9,5,6,5
28835,3,6,1,8,5,3,2,6,0,1,1
28836,1,7,6,2,0,8,0,9,5,6,5
28837,9,9,9,2,7,1,5,7,2,0,5
28838,5,8,3,1,6,0,7,1,0,4,7
28839,6,3,2,7,1,5,9,2,3,2,9
28840,2,0,4,4,8,2,6,3,1,5,6
28841,2,3,4,6,8,2,6,8,9,5,6
28842,6,9,2,7,1,5,9,2,3,2,9
28843,8,2,7,5,9,7,8,4,6,9,8
28844,5,5,1,1,6,3,7,3,4,4,7
28845,8,2,7,5,9,2,8,3,6,9,8
28846,5,8,3,1,6,0,7,1,4,4,7
28847,4,5,8,9,3,4,3,0,8,7,3
28848,0,8,3,1,6,0,7,1,4,4,2
28849,8,2,5,5,9,9,8,4,6,9,8
28850,1,7,6,2,0,8,0,3,5,6,5
28851,2,3,4,6,8,2,6,8,9,5,6
28852,0,4,5,0,2,9,4,1,4,8,2
28853,8,2,7,5,9,7,8,4,6,9,8
28854,0,4,7,0,2,7,4,8,9,8,0
28855,3,0,1,4,5,3,2,6,1,1,1
28856,7,1,0,3,4,6,1,5,7,3,4
28857,9,9,9,2,7,1,5,7,2,0,5
28858,7,1,0,3,4,6,1,5,7,3,4
28859,6,5,2,7,1,5,9,2,3,2,9
28860,5,8,3,1,6,0,7,1,4,4,7
28861,2,3,4,3,8,2,6,5,7,5,6
28862,9,9,9,2,7,1,5,7,2,0,5
28863,8,2,7,5,9,7,8,0,6,9,8
28864,0,8,3,0,2,0,4,1,4,8,2
28865,2,0,4,4,8,2,6,3,1,5,6
28866,5,8,3,1,6,0,7,1,4,4,7
28867,4,5,8,9,3,4,3,0,8,7,3
28868,7,1,0,3,4,6,1,5,7,3,4
28869,8,2,5,5,9,9,8,4,6,9,8
28870,4,5,8,9,3,4,3,3,8,7,3
28871,2,3,4,6,8,2,6,8,9,5,6
28872,6,1,2,7,1,5,9,2,3,2,9
28873,8,2,7,5,9,7,8,4,6,9,8
28874,2,3,4,6,8,2,6,8,9,5,6
28875,3,0,1,4,5,3,2,6,1,1,1
28876,4,5,8,9,3,4,3,3,8,7,3
28877,9,9,9,2,7,1,5,7,2,0,5
28878,1,7,6,2,0,8,0,9,5,6,5
28879,6,5,2,7,1,5,9,2,3,2,9
28880,0,4,5,0,2,9,4,4,6,8,0
28881,2,2,4,5,8,2,6,3,6,5,8
28882,7,1,0,3,4,6,1,5,7,3,4
28883,4,5,8,9,3,4,3,0,8,7,3
28884,2,3,4,6,8,2,6,8,9,5,6
28885,8,2,5,5,9,9,8,4,6,9,8
28886,2,3,4,6,8,2,6,3,9,5,6
28887,2,3,4,6,8,2,6,8,9,5,6
28888,3,1,1,9,5,3,2,5,7,1,3
28889,0,4,7,0,2,7,4,4,6,8,0
28890,4,5,8,9,3,4,3,0,8,7,3
28891,2,3,4,6,8,2,6,8,9,5,6
28892,1,7,6,2,0,8,0,9,5,6,5
28893,9,9,9,2,7,1,5,7,2,0,5
28894,1,7,6,2,0,8,0,9,5,6,5
28895,3,0,1,4,5,3,2,6,1,1,1
28896,3,0,1,4,5,3,2,6,1,1,1
28897,8,2,5,5,9,9,8,4,6,9,2
28898,5,5,8,9,3,4,3,0,8,7,7
28899,2,0,4,4,8,2,6,3,1,5,6
28900,2,3,4,6,8,2,6,8,9,5,6
28901,9,9,9,2,7,1,5,7,2,0,5
28902,0,4,3,0,2,0,4,1,4,8,0
28903,2,3,4,6,8,2,6,8,9,5,6
28904,3,6,1,8,5,3,2,6,0,1,1
28905,4,5,8,9,3,4,3,0,8,7,3
28906,1,7,6,2,0,8,0,9,5,6,5
28907,8,2,7,5,9,7,8,3,2,9,8
28908,5,8,3,1,6,0,7,1,4,4,7
28909,9,9,9,2,7,1,5,7,2,0,5
28910,3,6,1,8,5,3,2,6,0,1,1
28911,8,2,7,5,9,7,8,4,6,9,8
28912,4,5,8,9,3,4,3,0,8,7,3
28913,2,3,4,6,8,2,6,8,9,5,6
28914,0,4,3,9,2,0,4,1,4,8,0
28915,2,3,4,7,8,2,6,8,3,5,6
28916,7,7,6,2,4,8,0,9,5,6,5
28917,8,2,7,5,9,7,8,4,6,9,8
28918,7,1,0,3,4,6,1,5,7,3,4
28919,8,2,7,5,9,7,8,4,6,9,8
28920,3,0,1,4,5,3,2,6,1,1,1
28921,8,2,5,5,9,9,8,4,6,9,8
28922,1,7,6,2,0,8,0,9,5,6,5
28923,3,0,1,4,5,3,2,6,1,1,1
28924,7,1,0,3,4,6,1,5,7,3,4
28925,9,9,9,2,7,1,5,7,2,0,5
28926,0,8,3,1,6,0,4,1,4,4,2
28927,8,2,7,5,9,7,8,4,6,9,8
28928,5,4,3,1,6,0,7,1,4,4,2
28929,6,5,2,7,1,5,9,2,3,2,9
28930,5,8,3,1,6,0,7,1,4,4,7
28931,2,3,4,6,8,2,6,8,9,5,6
28932,6,0,2,4,1,5,9,3,1,2,9
28933,8,2,5,5,9,9,8,4,6,9,8
28934,4,5,8,9,3,4,3,0,8,7,3
28935,2,3,4,6,8,2,6,8,9,5,6
28936,7,1,0,3,4,6,1,5,7,3,4
28937,6,5,2,7,1,5,9,2,3,2,9
28938,0,4,3,0,2,0,4,1,4,8,0
28939,2,0,4,4,8,2,6,8,1,5,6
28940,2,3,4,6,8,2,6,8,9,5,6
28941,8,2,7,5,9,7,8,4,6,9,8
28942,8,2,7,5,9,7,8,4,6,9,8
28943,4,5,8,9,3,4,3,3,8,7,3
28944,9,9,6,2,7,8,5,9,5,0,5
28945,3,0,1,4,5,3,2,3,1,1,1
28946,5,8,3,1,6,0,7,1,4,4,7
28947,4,5,8,9,3,4,3,0,8,7,3
28948,5,8,3,1,6,0,7,1,4,4,7
28949,2,3,4,6,8,2,6,8,9,5,6
28950,7,9,0,3,4,6,1,7,7,3,4
28951,3,1,1,3,5,3,2,6,7,1,1
28952,7,1,0,3,4,6,1,5,7,3,4
28953,2,3,4,6,8,2,6,5,9,5,6
28954,1,7,6,2,0,8,0,9,5,6,5
28955,7,1,0,3,4,6,1,5,7,3,4
28956,8,7,5,2,0,9,0,4,6,6,5
28957,7,1,0,3,4,6,1,5,7,3,4
28958,5,8,3,1,6,0,7,1,4,4,7
28959,2,3,4,6,8,2,6,8,9,5,6
28960,0,4,7,0,2,7,4,4,6,8,0
28961,9,9,9,2,7,1,5,7,2,0,5
28962,1,7,6,2,0,8,0,9,5,6,5
28963,8,2,7,5,9,7,8,3,2,9,8
28964,1,7,6,2,0,8,0,9,5,6,5
28965,3,0,1,4,5,3,2,6,1,1,1
28966,4,5,8,9,3,4,3,3,8,7,3
28967,4,5,8,9,3,4,3,0,8,7,3
28968,3,5,8,4,5,4,2,0,8,1,1
28969,9,9,9,2,7,1,5,7,2,0,5
28970,1,7,6,2,0,8,0,9,5,6,5
28971,3,0,1,4,5,3,2,6,1,1,1
28972,0,4,3,0,2,0,4,1,4,8,2
28973,3,6,1,8,5,3,2,6,0,1,1
28974,7,1,0,3,4,6,1,5,7,3,4
28975,4,5,8,9,3,4,3,0,8,7,3
28976,0,4,3,0,2,0,4,1,4,8,0
28977,6,5,2,7,1,5,9,2,3,2,9
28978,1,7,6,2,0,8,0,9,5,6,5
28979,9,9,9,2,7,1,5,7,2,0,5
28980,8,2,7,5,9,7,8,4,6,9,8
28981,9,9,9,2,7,1,5,7,2,0,5
28982,0,4,5,0,2,9,4,1,4,8,2
28983,2,3,4,6,8,2,6,8,9,5,6
28984,5,8,3,1,6,0,7,1,4,4,7
28985,6,5,2,7,1,5,9,2,3,2,9
28986,0,4,3,0,2,0,4,1,4,8,0
28987,7,1,0,3,4,6,1,8,7,3,4
28988,5,8,3,1,6,0,7,1,4,4,7
28989,2,3,4,6,8,2,6,8,9,5,6
28990,5,8,3,1,6,0,7,1,4,4,7
28991,8,2,5,5,9,9,8,4,6,9,8
28992,3,6,1,8,5,3,2,6,0,1,1
28993,3,6,1,8,5,3,2,6,0,1,1
28994,2,3,4,6,8,2,6,8,9,5,6
28995,2,3,4,6,8,2,6,8,9,5,6
28996,5,8,3,1,6,0,7,1,4,4,7
28997,4,5,8,9,3,4,3,0,8,7,3
28998,6,5,2,7,1,5,9,2,3,2,9
28999,2,3,4,6,8,2,6,8,9,5,6
29000,6,9,2,7,1,5,9,2,3,2,9
29001,8,2,7,5,9,7,8,4,6,9,8
29002,8,2,7,5,9,7,8,4,6,9,8
29003,8,2,5,5,9,9,8,4,6,9,8
29004,6,3,2,7,1,5,9,2,3,2,9
29005,2,3,4,6,8,2,6,8,9,5,6
29006,4,5,8,9,3,4,3,3,8,7,3
29007,8,2,7,5,9,7,8,4,6,9,8
29008,2,3,4,6,8,2,6,8,9,5,6
29009,8,2,7,5,9,7,8,4,6,9,0
29010,0,4,7,0,2,7,4,1,4,8,0
29011,8,2,7,5,9,7,8,4,6,9,8
29012,0,4,3,0,2,0,4,1,4,8,0
29013,2,3,4,6,8,2,6,3,9,5,6
29014,7,1,0,3,4,6,1,5,7,3,4
29015,4,5,8,9,3,4,3,0,8,7,3
29016,2,3,4,6,8,2,6,3,2,5,6
29017,6,3,2,7,1,5,9,2,3,2,9
29018,0,4,3,0,2,0,4,1,4,8,0
29019,6,5,2,7,1,5,9,2,3,2,9
29020,4,5,8,9,3,4,3,0,8,7,3
29021,2,3,4,6,8,2,6,8,9,5,6
29022,5,3,3,6,6,0,7,8,9,4,7
29023,2,3,4,6,8,2,6,8,9,5,6
29024,5,8,3,1,6,0,7,1,4,4,0
29025,6,5,2,7,1,5,9,2,3,2,9
29026,0,3,4,0,2,2,4,8,9,8,0
29027,2,0,4,3,8,2,6,3,7,5,6
29028,4,5,8,9,3,4,3,0,8,7,3
29029,3,0,1,4,5,3,2,3,1,1,1
29030,1,7,6,2,0,8,0,9,5,6,5
29031,8,2,7,5,9,7,8,4,6,9,8
29032,0,4,5,0,2,9,4,4,6,8,2
29033,9,9,9,2,7,1,5,7,2,0,5
29034,2,3,4,6,8,2,6,8,9,5,6
29035,4,5,8,9,3,4,3,0,8,7,3
29036,5,8,3,1,6,0,7,1,4,4,0
29037,7,1,0,3,4,6,1,5,7,3,4
29038,9,2,7,2,9,7,8,3,2,9,8
29039,2,0,7,4,8,2,8,3,1,9,8
29040,1,7,6,2,0,8,0,9,5,6,5
29041,9,9,9,2,7,1,5,7,2,0,5
29042,7,1,0,3,4,6,1,5,7,3,4
29043,6,5,2,7,1,5,9,2,3,2,9
29044,3,0,1,4,5,3,2,6,1,1,1
29045,7,1,0,3,4,6,1,5,7,3,4
29046,5,8,3,1,6,0,7,1,4,4,7
29047,8,2,7,5,9,7,8,4,6,9,8
29048,4,5,8,9,3,4,3,0,8,7,3
29049,7,1,0,3,4,6,1,5,7,3,4
29050,6,3,2,7,1,5,9,2,3,2,9
29051,0,4,5,0,2,9,4,4,6,8,2
29052,3,6,1,8,5,3,2,6,0,1,1
29053,2,3,4,6,8,2,6,8,9,5,6
29054,5,8,3,1,6,0,7,1,4,4,7
29055,9,0,9,4,7,1,5,3,1,0,5
29056,5,6,3,8,6,0,7,6,0,4,7
29057,9,9,9,2,7,1,5,7,2,0,5
29058,7,1,0,3,4,6,1,5,7,3,4
29059,6,5,2,7,1,5,9,2,3,2,9
29060,6,5,2,7,1,5,9,2,3,2,9
29061,0,4,3,0,2,0,4,8,4,8,0
29062,1,5,6,2,0,8,0,9,5,6,5
29063,8,2,7,5,9,7,8,4,6,9,8
29064,6,5,2,7,1,5,9,2,3,2,9
29065,7,1,0,3,4,6,1,5,7,3,4
29066,7,1,0,3,4,6,1,5,7,3,4
29067,2,0,4,4,8,2,6,3,1,5,6
29068,1,7,6,2,0,8,0,9,5,6,5
29069,9,9,9,2,7,1,5,7,2,0,5
29070,2,3,4,6,8,2,6,8,9,5,6
29071,6,5,2,7,1,5,9,2,3,2,9
29072,0,4,3,0,2,0,4,1,4,8,0
29073,2,3,4,6,8,2,6,8,9,5,6
29074,3,6,1,4,5,3,2,6,1,1,1
29075,8,2,7,5,9,7,8,4,6,9,8
29076,2,3,4,6,8,2,6,8,9,5,6
29077,0,4,7,2,2,7,4,1,6,8,0
29078,0,4,7,0,2,7,4,4,6,8,0
29079,4,5,8,9,3,4,3,0,8,7,3
29080,1,7,6,2,0,8,0,9,5,6,5
29081,6,5,2,7,1,5,9,2,3,2,9
29082,7,1,0,3,4,6,1,5,7,3,4
29083,9,9,9,2,7,1,5,7,2,0,5
29084,0,4,3,0,2,0,4,1,4,8,0
29085,6,5,2,7,1,5,9,2,3,2,9
29086,1,7,6,2,0,8,0,9,5,6,5
29087,9,9,9,2,7,1,5,7,2,0,5
29088,1,7,6,2,0,8,0,9,5,6,5
29089,7,1,0,3,4,6,1,5,7,3,4
29090,2,3,4,6,8,2,6,8,9,5,6
29091,8,2,7,5,9,7,8,4,6,9,8
29092,7,1,0,3,4,6,1,5,7,3,4
29093,8,2,7,5,9,7,8,4,6,9,8
29094,5,8,3,1,6,0,7,1,4,4,7
29095,2,3,4,6,8,2,6,8,9,5,6
29096,4,5,8,9,3,4,3,0,8,7,3
29097,7,1,0,3,4,6,1,5,7,3,4
29098,1,7,6,2,0,8,0,9,5,6,5
29099,8,2,5,5,9,9,8,4,6,9,8
29100,0,4,6,0,2,8,4,8,9,8,0
29101,3,0,1,4,5,3,2,6,1,1,1
29102,3,6,1,8,5,3,2,6,0,1,1
29103,8,4,5,0,2,9,4,4,6,8,2
29104,2,3,4,6,8,2,6,8,9,5,6
29105,9,9,9,2,7,1,5,7,2,0,5
29106,6,5,2,7,1,5,9,2,3,2,9
29107,9,9,9,2,7,1,5,9,2,0,5
29108,5,8,3,1,6,0,7,1,4,4,7
29109,9,9,9,2,7,1,5,7,2,0,5
29110,0,8,3,0,2,0,4,1,4,8,0
29111,8,2,7,5,9,7,8,4,6,9,8
29112,2,3,4,6,8,2,6,8,9,5,6
29113,8,2,7,5,9,7,8,4,6,9,8
29114,1,7,6,2,0,8,0,9,5,6,5
29115,8,2,7,5,9,7,8,4,6,9,8
29116,2,3,4,6,8,2,6,8,9,5,6
29117,8,2,7,5,9,7,8,4,6,9,8
29118,2,3,4,6,8,2,6,8,9,5,6
29119,2,0,4,4,8,2,6,3,1,5,6
29120,5,8,3,1,6,0,7,1,4,4,7
29121,6,5,2,7,1,5,9,2,3,2,9
29122,8,2,7,5,9,7,8,4,6,9,8
29123,8,2,7,5,9,7,8,4,6,9,8
29124,0,8,3,1,6,0,4,1,4,4,7
29125,9,9,9,2,7,1,5,7,2,0,5
29126,7,1,0,3,4,6,1,5,7,3,4
29127,8,2,5,5,9,9,8,4,6,9,8
29128,3,6,1,8,5,3,2,6,0,1,1
29129,2,3,4,6,8,2,6,3,9,5,6
29130,4,5,8,9,3,4,3,0,8,7,3
29131,8,2,7,5,9,7,8,4,6,9,8
29132,4,5,8,9,3,4,3,0,8,7,4
29133,9,9,9,2,7,1,5,7,2,0,5
29134,0,4,3,0,2,0,4,1,4,8,0
29135,8,2,7,5,9,7,8,4,6,9,0
29136,4,5,8,9,3,4,3,3,8,7,3
29137,8,2,7,5,9,7,8,4,6,9,8
29138,4,5,8,9,3,4,3,0,8,7,3
29139,2,3,7,6,8,7,6,3,9,5,8
29140,4,5,8,9,3,4,3,0,8,7,3
29141,8,2,7,5,9,7,8,4,6,9,8
29142,0,4,7,0,2,7,4,4,6,8,0
29143,9,9,9,2,7,1,5,7,2,0,5
29144,8,2,5,5,9,9,8,4,6,9,8
29145,4,5,8,9,3,4,3,0,8,7,8
29146,7,1,0,3,4,6,1,5,7,3,4
29147,4,5,8,9,3,4,3,0,8,7,3
29148,3,6,1,8,5,3,2,6,0,1,1
29149,4,5,8,9,3,4,3,3,8,7,3
29150,0,4,7,0,2,7,4,1,4,8,0
29151,2,0,4,4,8,2,6,3,1,5,6
29152,6,5,2,7,1,5,9,2,3,2,9
29153,0,4,3,0,2,0,4,1,4,8,0
29154,0,4,3,0,2,0,4,1,4,8,0
29155,2,3,4,6,8,2,6,8,9,5,6
29156,0,8,3,1,6,0,4,1,4,4,0
29157,8,2,7,5,9,7,8,3,6,9,8
29158,7,1,0,3,4,6,1,5,7,3,4
29159,8,2,7,5,9,7,8,4,6,9,8
29160,5,5,8,2,6,4,7,0,8,4,7
29161,5,8,3,1,6,0,7,1,4,4,7
29162,2,3,4,6,8,2,6,8,9,5,6
29163,4,5,8,9,3,4,3,3,8,7,3
29164,2,3,4,6,8,2,6,8,9,5,6
29165,8,2,7,5,9,7,8,4,6,9,8
29166,5,8,3,1,6,0,7,1,4,4,7
29167,9,9,3,2,7,1,5,1,2,0,0
29168,5,8,3,1,6,0,7,1,4,4,7
29169,4,7,6,2,0,8,3,3,5,6,5
29170,0,4,7,0,2,7,4,4,6,8,0
29171,6,9,2,7,1,5,9,2,3,2,9
29172,7,8,0,1,4,6,1,5,7,3,7
29173,9,9,9,2,7,1,5,7,2,0,5
29174,7,1,0,3,4,6,1,5,7,3,4
29175,6,5,2,7,1,5,9,2,3,2,9
29176,9,9,9,2,7,1,5,7,2,0,5
29177,3,0,1,4,5,3,2,3,1,1,1
29178,9,9,9,2,7,1,5,7,2,0,5
29179,9,9,9,7,7,1,5,7,2,0,8
29180,9,2,9,5,7,1,5,7,2,0,8
29181,2,3,4,6,8,2,6,3,9,5,6
29182,7,1,0,3,4,6,1,5,7,3,4
29183,2,3,7,6,8,7,6,8,9,5,0
29184,0,4,5,0,2,9,4,4,6,8,2
29185,7,1,0,3,4,6,1,5,7,3,4
29186,0,4,5,0,2,9,4,9,5,8,2
29187,3,6,1,8,5,3,2,6,0,1,1
29188,6,5,2,7,1,5,9,2,3,2,9
29189,6,3,2,7,1,5,9,3,3,2,9
29190,3,6,1,8,5,3,2,6,0,1,1
29191,8,2,7,5,9,7,8,4,6,9,8
29192,2,3,4,6,8,2,6,8,9,5,6
29193,8,2,7,5,9,7,8,4,6,9,8
29194,7,1,0,3,4,6,1,5,7,3,4
29195,8,2,7,5,9,7,8,4,6,9,8
29196,5,8,3,1,6,0,7,1,4,4,0
29197,4,2,7,9,3,7,3,3,8,7,8
29198,2,3,4,6,8,2,6,8,9,5,6
29199,3,6,1,8,5,3,2,6,0,1,1
29200,6,9,2,7,1,5,9,2,3,2,9
29201,9,9,9,2,7,1,5,7,2,0,5
29202,0,4,5,0,2,9,4,1,4,8,0
29203,3,0,1,4,5,3,2,3,1,1,1
29204,2,3,4,6,8,2,6,3,9,5,6
29205,3,6,1,8,5,3,2,6,0,1,1
29206,1,7,6,2,0,8,0,9,5,6,5
29207,8,2,7,5,9,7,8,4,6,9,8
29208,2,3,4,6,8,2,6,8,9,5,6
29209,4,5,8,9,3,4,3,3,8,7,3
29210,8,2,5,5,9,9,8,4,6,9,8
29211,3,6,1,8,5,3,2,6,0,1,1
29212,5,8,3,1,6,0,7,1,4,4,7
29213,0,4,5,0,2,9,4,4,6,8,2
29214,1,7,6,2,0,8,0,9,5,6,5
29215,9,9,9,2,7,1,5,7,2,0,5
29216,4,5,8,9,3,4,3,0,8,7,3
29217,4,5,8,9,3,4,3,0,8,7,3
29218,5,8,3,1,6,0,7,1,4,4,7
29219,6,5,2,7,1,5,9,2,3,2,9
29220,6,1,2,7,1,5,9,2,3,2,9
29221,4,5,8,9,3,4,3,3,8,7,3
29222,9,9,9,2,7,1,5,7,2,0,5
29223,9,9,9,2,7,1,5,7,2,0,5
29224,7,1,0,3,4,6,1,5,7,3,4
29225,2,3,4,6,8,2,6,8,9,5,6
29226,2,9,4,2,8,2,6,3,2,5,5
29227,9,9,9,2,7,1,5,7,2,0,5
29228,5,8,3,1,6,0,7,1,4,4,7
29229,8,2,7,5,9,7,8,4,6,9,8
29230,3,6,1,8,5,3,2,6,0,1,1
29231,2,3,4,6,8,2,6,3,9,5,6
29232,7,1,0,3,4,6,1,5,7,3,4
29233,9,9,9,2,7,1,5,7,2,0,5
29234,0,4,7,0,2,7,4,4,6,8,0
29235,3,0,1,4,5,3,2,6,1,1,1
29236,1,7,6,2,0,8,0,9,5,6,5
29237,9,9,2,7,1,5,9,3,2,2,9
29238,8,2,7,5,9,7,8,4,6,9,2
29239,9,9,9,2,7,1,5,7,2,0,5
29240,9,9,9,2,7,1,5,9,2,0,5
29241,8,2,7,5,9,7,8,4,6,9,8
29242,9,9,9,2,7,1,5,7,2,0,5
29243,3,6,1,8,5,3,2,6,0,1,1
29244,6,5,2,7,1,5,9,2,3,2,9
29245,1,7,6,2,0,8,0,9,5,6,5
29246,7,1,0,3,4,6,1,5,7,3,4
29247,6,5,2,7,1,5,9,2,3,2,9
29248,0,4,7,0,2,7,4,3,6,8,0
29249,7,1,0,3,4,6,1,5,7,3,4
29250,3,0,1,4,5,3,2,6,1,1,1
29251,5,8,3,1,6,0,7,1,4,4,7
29252,8,2,7,5,9,7,8,4,6,9,8
29253,2,0,4,4,8,2,6,3,1,5,6
29254,7,5,8,9,4,4,1,0,8,3,4
29255,4,5,8,9,3,4,3,0,8,7,3
29256,5,8,3,1,6,0,7,1,4,4,0
29257,0,4,3,0,2,0,4,1,4,8,2
29258,4,5,8,9,3,4,3,0,8,7,3
29259,2,3,4,6,8,2,6,8,9,5,6
29260,1,7,6,2,0,8,0,9,5,6,5
29261,0,4,3,0,2,0,4,1,4,8,0
29262,3,6,1,8,5,3,2,6,0,1,1
29263,3,6,1,8,5,3,2,6,0,1,1
29264,1,7,6,3,0,8,0,9,5,6,4
29265,9,9,9,2,7,1,5,7,2,0,5
29266,7,1,0,3,4,6,1,5,7,3,4
29267,6,5,2,7,1,5,9,2,3,2,9
29268,7,1,0,3,4,6,1,5,7,3,4
29269,7,1,0,3,4,6,1,5,7,3,4
29270,7,1,0,3,4,6,1,5,7,3,4
29271,5,8,3,1,6,0,7,1,4,4,0
29272,4,5,8,9,3,4,3,0,8,7,3
29273,2,3,4,6,8,2,6,3,9,5,6
29274,9,9,9,2,7,1,5,7,2,0,5
29275,4,5,8,9,3,4,3,0,8,7,3
29276,2,3,4,6,8,2,6,8,9,5,6
29277,8,2,5,5,9,9,8,4,6,9,2
29278,1,7,6,2,0,8,0,9,5,6,5
29279,2,3,4,6,8,2,6,8,9,5,6
29280,2,3,4,6,8,2,6,8,9,5,6
29281,0,4,7,0,2,7,4,4,6,8,0
29282,8,2,5,5,9,9,8,4,6,9,8
29283,3,0,1,4,5,3,2,6,1,1,1
29284,1,7,6,2,0,8,0,9,5,6,5
29285,9,9,9,2,7,1,5,7,2,0,5
29286,1,7,6,2,0,8,0,9,5,6,5
29287,6,5,2,7,1,5,9,2,3,2,9
29288,1,7,6,2,0,8,0,9,5,6,5
29289,7,1,0,3,4,6,1,5,7,3,4
29290,2,3,4,6,8,2,6,8,9,5,6
29291,8,4,7,5,9,7,8,4,6,9,0
29292,5,8,3,1,6,0,7,1,4,4,7
29293,2,3,4,6,8,2,6,3,9,5,6
29294,7,1,0,3,4,6,1,5,7,3,4
29295,4,5,8,9,3,4,3,0,8,7,3
29296,8,2,5,5,9,9,8,4,6,9,8
29297,0,4,5,0,2,9,4,4,6,8,2
29298,8,2,5,5,9,9,8,4,6,9,2
29299,2,3,4,6,8,2,6,8,9,5,6
29300,7,1,0,3,4,6,1,5,7,3,4
29301,5,8,3,1,6,0,7,1,4,4,7
29302,0,4,3,0,2,0,4,1,4,8,0
29303,0,4,5,6,2,9,4,8,9,8,6
29304,2,7,6,2,8,8,6,9,5,5,5
29305,0,4,3,0,2,0,4,1,4,8,0
29306,2,3,4,6,8,2,6,8,9,5,6
29307,2,0,4,4,8,2,6,3,1,5,6
29308,2,7,4,2,8,2,6,3,5,5,6
29309,0,4,5,0,2,9,4,1,4,8,2
29310,2,3,4,6,8,2,6,8,9,5,6
29311,4,5,8,9,3,4,3,0,8,7,3
29312,6,1,2,7,1,5,9,2,3,2,9
29313,7,1,0,3,4,6,1,5,7,3,4
29314,6,5,2,7,1,5,9,2,3,2,9
29315,9,9,9,2,7,1,5,7,2,0,5
29316,2,3,4,6,8,2,6,8,9,5,6
29317,4,5,8,9,3,4,3,0,8,7,3
29318,0,4,7,0,2,7,4,1,4,8,0
29319,2,3,4,6,8,2,6,8,9,5,6
29320,2,3,4,6,8,2,6,8,9,5,6
29321,5,8,3,1,6,0,7,1,4,4,7
29322,0,4,6,0,2,8,4,9,5,8,0
29323,9,9,9,2,7,1,5,7,2,0,5
29324,0,4,3,0,2,0,4,1,4,8,2
29325,8,2,5,5,9,9,8,4,6,9,2
29326,5,8,3,1,6,0,7,1,4,4,7
29327,4,5,8,9,3,4,3,0,8,7,3
29328,5,8,3,1,6,0,7,1,4,4,7
29329,2,3,4,6,8,2,6,3,9,5,6
29330,1,7,6,2,0,8,0,3,5,6,5
29331,4,5,8,9,3,4,3,0,8,7,3
29332,0,4,7,0,2,7,4,4,6,8,0
29333,8,4,5,5,9,9,8,4,6,9,2
29334,6,3,2,7,1,5,9,2,3,2,9
29335,2,3,4,6,8,2,6,8,9,5,6
29336,3,6,1,8,5,3,2,6,0,1,1
29337,9,9,9,2,7,1,5,7,2,0,5
29338,0,4,6,0,2,8,4,1,4,8,0
29339,5,8,7,1,6,7,7,4,6,4,7
29340,0,8,3,0,2,0,4,1,4,8,0
29341,3,0,1,4,5,3,2,6,1,1,1
29342,2,3,4,6,8,2,6,8,9,5,6
29343,2,0,4,4,8,2,6,3,1,5,6
29344,0,4,7,0,2,7,4,4,6,8,0
29345,3,0,1,4,5,3,2,6,1,1,1
29346,8,4,7,0,9,7,8,4,6,8,0
29347,1,7,6,2,0,8,0,7,5,6,5
29348,7,1,0,3,4,6,1,5,7,3,4
29349,0,4,7,0,2,7,4,4,6,8,0
29350,4,5,8,9,3,4,3,0,8,7,3
29351,6,5,2,7,1,5,9,2,3,2,9
29352,7,1,0,3,4,6,1,5,7,3,4
29353,7,1,0,3,4,6,1,5,7,3,4
29354,9,7,6,2,7,8,5,3,2,0,5
29355,6,5,2,7,1,5,9,2,3,2,9
29356,7,1,0,3,4,6,1,5,7,3,4
29357,7,1,0,3,4,6,1,5,7,3,4
29358,0,4,7,0,2,7,4,9,5,8,0
29359,2,2,7,5,8,7,8,3,6,5,8
29360,8,2,7,5,9,7,8,4,6,9,8
29361,2,0,4,4,8,2,6,3,1,5,6
29362,5,5,8,9,3,4,7,0,8,7,7
29363,0,4,5,0,2,9,4,4,6,8,2
29364,3,0,1,4,5,3,2,6,1,1,1
29365,2,3,4,6,8,2,6,8,9,5,6
29366,7,1,0,3,4,6,1,5,7,3,4
29367,8,2,7,5,9,7,8,4,6,9,8
29368,3,0,1,4,5,3,2,6,1,1,1
29369,5,8,3,1,6,0,7,1,4,4,7
29370,4,5,8,9,3,4,3,0,8,7,3
29371,0,4,7,0,2,7,4,4,6,8,0
29372,0,4,3,0,2,0,4,1,4,8,0
29373,0,4,5,0,2,9,4,4,6,8,2
29374,7,1,0,3,4,6,1,5,7,3,4
29375,1,7,6,2,0,8,0,9,5,6,5
29376,1,7,6,2,0,8,0,9,5,6,5
29377,9,9,9,2,7,1,5,7,2,0,5
29378,3,0,1,4,5,3,2,6,1,1,1
29379,0,4,7,0,2,7,4,4,6,8,0
29380,5,8,3,1,6,0,7,0,4,4,7
29381,2,3,4,6,8,2,6,8,9,5,6
29382,1,7,6,2,0,8,0,9,5,6,5
29383,7,1,0,3,4,6,1,5,7,3,4
29384,2,3,4,6,8,2,6,8,9,5,6
29385,0,4,7,0,2,7,4,4,6,8,0
29386,3,6,1,8,5,3,2,6,0,1,1
29387,2,3,4,6,8,2,6,8,9,5,6
29388,7,1,0,3,4,6,1,5,7,3,4
29389,4,5,8,9,3,4,3,0,8,7,3
29390,5,6,1,8,5,3,7,6,0,1,7
29391,6,5,2,7,1,5,9,2,3,2,9
29392,5,7,6,2,0,8,7,9,5,6,5
29393,2,3,4,6,8,2,6,8,9,5,6
29394,7,1,0,3,4,6,1,5,7,3,4
29395,3,6,1,8,5,3,2,6,0,1,1
29396,1,7,6,2,0,8,0,9,5,6,5
29397,0,4,3,0,2,0,4,1,4,8,0
29398,7,1,0,3,4,6,1,5,7,3,4
29399,4,5,8,9,3,4,3,0,8,7,3
29400,5,8,3,1,6,0,7,1,4,4,7
29401,6,5,2,7,1,5,9,2,3,2,9
29402,2,3,4,6,8,2,6,8,9,5,6
29403,9,9,9,2,7,1,5,7,2,0,5
29404,2,3,4,6,8,2,6,1,9,5,0
29405,3,0,1,4,5,3,2,6,1,1,1
29406,8,4,7,0,2,7,4,4,6,8,0
29407,1,7,6,2,0,8,0,9,5,6,5
29408,7,1,0,3,4,6,1,8,7,3,4
29409,3,6,1,8,5,3,2,6,0,1,1
29410,2,3,4,6,8,2,6,8,9,5,6
29411,4,5,8,9,3,4,3,0,8,7,3
29412,0,4,5,0,2,9,4,4,6,8,2
29413,6,5,2,7,1,5,9,2,3,2,9
29414,3,6,1,8,5,3,2,6,0,1,1
29415,7,1,0,3,4,6,1,5,7,3,4
29416,1,7,6,2,0,8,0,9,5,6,5
29417,2,3,4,6,8,2,6,8,9,5,6
29418,4,5,8,9,3,4,3,0,8,7,3
29419,0,4,7,0,2,7,4,1,4,8,0
29420,3,6,1,8,5,3,2,6,0,1,1
29421,3,0,1,4,5,3,2,6,1,1,1
29422,6,3,2,6,1,5,9,8,9,2,9
29423,0,4,5,0,2,9,4,4,6,8,2
29424,4,5,8,9,3,4,3,0,8,7,3
29425,6,5,2,7,1,5,9,2,3,2,9
29426,0,8,3,1,6,0,7,1,4,4,0
29427,7,1,0,3,4,6,1,5,7,3,4
29428,9,9,9,2,7,1,5,7,2,0,5
29429,8,2,7,5,9,7,8,4,6,9,0
29430,9,9,9,2,7,1,5,7,2,0,5
29431,2,3,4,6,8,2,6,8,9,5,6
29432,8,2,5,5,9,9,8,4,6,9,8
29433,2,2,4,6,8,2,6,3,9,5,8
29434,6,1,2,7,1,5,9,2,3,2,9
29435,8,2,7,5,9,7,8,4,6,9,8
29436,0,4,5,0,2,9,4,1,4,8,2
29437,4,5,8,9,3,4,3,0,8,7,3
29438,3,0,1,4,5,3,2,3,1,1,1
29439,4,5,8,9,3,4,3,0,8,7,3
29440,8,2,7,5,9,7,8,4,6,9,8
29441,4,5,8,9,3,4,3,0,8,7,3
29442,5,8,3,1,6,0,7,1,4,4,7
29443,0,4,5,0,2,9,4,4,6,8,2
29444,0,4,3,0,2,0,4,1,4,8,0
29445,0,4,3,0,2,0,4,1,4,8,0
29446,3,6,1,8,5,3,2,6,0,1,1
29447,1,7,6,2,0,8,0,9,5,6,5
29448,1,7,6,2,0,8,0,9,5,6,5
29449,6,5,2,7,1,5,9,2,3,2,9
29450,0,4,5,0,2,9,4,4,6,8,2
29451,9,9,9,2,7,1,5,7,2,0,5
29452,8,4,5,0,9,9,8,4,6,9,2
29453,6,3,4,7,8,2,9,2,3,5,9
29454,4,5,8,9,3,4,3,3,8,7,3
29455,4,5,8,9,3,4,3,0,8,7,3
29456,3,6,1,8,5,3,2,6,0,1,1
29457,2,3,4,6,8,2,6,3,9,5,6
29458,7,1,0,3,4,6,1,5,7,3,4
29459,7,1,0,3,4,6,1,5,7,3,4
29460,4,5,8,9,3,4,3,0,8,7,3
29461,0,4,7,0,2,7,4,4,6,8,0
29462,7,1,0,3,4,6,1,5,7,3,4
29463,0,4,5,0,2,9,4,1,4,8,2
29464,6,2,2,7,1,5,9,3,3,2,8
29465,0,4,7,0,2,7,4,4,6,8,0
29466,9,9,9,2,7,1,5,7,2,0,5
29467,0,4,7,0,2,7,4,4,6,8,0
29468,3,6,1,8,5,3,2,6,0,1,1
29469,3,0,1,4,5,3,2,6,1,1,1
29470,0,4,3,0,2,8,4,1,4,8,0
29471,3,6,1,8,5,3,2,6,0,1,1
29472,5,8,3,1,6,0,7,1,4,4,7
29473,2,3,4,6,8,2,6,3,9,5,6
29474,3,0,1,4,5,3,2,3,1,1,1
29475,0,4,3,0,2,0,4,1,4,8,0
29476,9,9,9,2,7,1,5,7,2,0,5
29477,3,6,1,8,5,3,2,6,0,1,1
29478,7,6,0,8,4,6,1,5,0,3,4
29479,1,7,6,2,0,8,0,9,5,6,5
29480,1,7,6,2,0,8,0,9,5,6,5
29481,7,3,0,6,4,6,1,8,9,3,4
29482,8,4,5,0,2,9,4,4,6,8,2
29483,7,3,3,3,4,0,1,8,4,3,4
29484,4,5,8,9,3,4,3,0,8,7,3
29485,5,8,3,1,6,0,7,1,4,4,0
29486,0,4,3,0,2,0,4,1,4,8,0
29487,2,1,4,3,8,2,6,5,9,5,6
29488,3,6,1,8,5,3,2,6,0,1,1
29489,3,6,1,8,5,3,2,6,0,1,1
29490,3,6,1,8,5,3,2,6,0,1,1
29491,0,4,5,0,2,9,4,1,4,8,0
29492,5,8,3,1,6,0,7,1,4,4,7
29493,2,3,4,6,8,2,6,8,9,5,6
29494,2,3,4,6,8,2,6,8,9,5,6
29495,0,4,7,0,2,7,4,1,4,8,0
29496,6,5,2,7,1,5,9,2,3,2,9
29497,3,6,1,8,5,3,2,6,0,1,1
29498,3,0,1,4,5,3,2,6,1,1,1
29499,1,7,6,2,0,8,0,9,5,6,5
29500,9,9,9,2,7,1,5,7,2,0,5
29501,7,3,9,6,4,1,5,8,9,0,4
29502,5,8,3,1,6,0,7,1,4,4,0
29503,5,8,3,1,6,0,7,1,4,4,7
29504,7,1,0,3,4,6,1,5,7,3,4
29505,7,1,0,3,4,6,1,5,7,3,4
29506,7,1,0,3,4,6,1,5,7,3,4
29507,4,5,8,9,3,4,3,0,8,7,3
29508,1,7,6,2,0,8,0,9,5,6,5
29509,0,4,5,0,2,9,4,4,6,8,2
29510,1,7,5,2,0,9,0,9,5,6,2
29511,7,1,0,3,4,6,1,5,7,3,4
29512,0,4,5,0,2,9,4,1,4,8,2
29513,0,8,3,1,2,0,4,1,4,8,0
29514,1,7,6,2,0,8,0,9,5,6,5
29515,3,6,1,8,5,3,2,6,0,1,1
29516,0,4,5,0,2,9,4,1,4,8,2
29517,1,7,6,2,0,8,0,9,5,6,5
29518,1,7,6,2,0,8,0,9,5,6,5
29519,2,3,4,6,8,2,6,8,9,5,6
29520,3,0,1,4,5,3,2,6,1,1,1
29521,2,1,4,3,8,2,6,5,7,5,6
29522,1,7,6,2,0,8,0,9,5,6,5
29523,0,4,7,0,2,7,4,4,6,8,0
29524,2,3,4,6,8,2,6,8,9,5,6
29525,2,3,4,6,8,2,6,5,9,5,6
29526,4,5,8,9,3,4,3,0,8,7,3
29527,4,5,8,9,3,4,3,0,8,7,3
29528,7,1,0,3,4,6,1,5,7,3,4
29529,0,4,5,0,2,9,4,1,4,8,2
29530,5,5,2,7,6,5,7,2,8,4,7
29531,2,3,4,6,8,2,6,8,9,5,6
29532,1,7,6,2,0,8,0,9,5,6,5
29533,0,4,3,0,2,0,4,1,4,8,0
29534,7,1,0,3,4,6,1,5,7,3,4
29535,7,1,0,3,4,6,1,5,7,3,4
29536,5,8,3,1,6,0,7,1,4,4,0
29537,4,5,8,9,3,4,3,0,8,7,3
29538,0,4,7,0,2,7,4,1,4,8,0
29539,7,1,0,3,4,6,1,5,7,3,4
29540,3,6,1,8,5,3,2,6,0,1,1
29541,3,6,1,8,5,3,2,6,0,1,1
29542,5,8,3,1,6,0,7,1,4,4,7
29543,4,5,8,9,3,4,3,0,8,7,3
29544,1,7,6,2,0,8,0,9,5,6,5
29545,7,1,0,3,4,6,1,8,7,3,4
29546,6,3,2,6,1,5,9,8,9,2,9
29547,0,4,3,0,2,0,4,1,4,8,0
29548,4,0,8,4,3,4,3,0,1,7,3
29549,0,4,7,0,2,7,4,4,6,8,0
29550,1,7,6,2,0,8,0,9,5,6,5
29551,1,7,6,2,0,8,0,9,5,6,5
29552,0,4,7,0,2,7,4,4,6,8,0
29553,0,4,7,0,2,7,4,1,4,8,0
29554,4,7,8,9,3,4,3,3,8,7,3
29555,2,3,4,6,8,2,6,8,9,5,6
29556,1,7,6,2,0,8,0,9,5,6,5
29557,6,5,2,7,1,5,9,3,2,2,9
29558,5,8,3,1,6,0,7,1,4,4,0
29559,3,0,1,4,5,3,2,6,1,1,1
29560,3,6,1,8,5,3,2,6,0,1,1
29561,0,4,7,0,2,7,4,4,6,8,0
29562,4,0,8,9,3,4,3,3,8,7,3
29563,2,3,4,6,8,2,6,8,9,5,6
29564,3,6,1,8,5,3,2,6,0,1,1
29565,0,4,3,0,2,0,4,1,4,8,0
29566,5,8,3,1,6,0,7,1,4,4,7
29567,1,7,6,2,0,8,0,9,5,6,5
29568,4,5,8,9,3,4,3,0,8,7,3
29569,2,3,4,6,8,2,6,8,9,5,6
29570,4,5,8,9,3,4,3,0,8,7,3
29571,2,3,4,6,8,2,6,5,9,5,6
29572,2,3,4,6,8,2,6,8,9,5,6
29573,2,3,4,6,8,2,6,8,9,5,6
29574,0,4,7,0,2,7,4,1,4,8,0
29575,9,7,9,2,7,1,5,7,2,0,5
29576,2,3,4,6,8,2,6,8,9,5,6
29577,0,4,7,0,2,7,4,1,4,8,0
29578,3,6,1,8,5,3,2,6,0,1,1
29579,4,5,8,9,3,4,3,3,8,7,3
29580,0,4,3,0,2,0,4,1,4,8,0
29581,0,4,5,0,2,9,4,4,6,8,2
29582,9,9,9,2,7,1,5,4,6,0,5
29583,4,5,8,9,3,4,3,0,8,7,3
29584,8,2,7,5,9,7,8,4,6,9,8
29585,3,0,1,4,5,3,2,6,1,1,1
29586,1,7,6,2,0,8,0,9,5,6,5
29587,1,7,6,2,0,8,0,9,5,6,5
29588,4,5,8,9,3,4,3,0,8,7,3
29589,2,3,4,6,8,2,6,8,9,5,6
29590,0,4,7,0,2,7,4,9,5,8,0
29591,5,8,3,1,6,0,7,1,4,4,7
29592,0,4,6,0,2,8,4,9,5,8,0
29593,5,8,3,1,6,0,7,1,4,4,7
29594,1,7,6,2,0,8,0,9,5,6,5
29595,5,8,3,1,6,0,7,1,4,4,2
29596,7,3,0,6,4,6,1,8,9,3,4
29597,4,5,8,9,3,4,3,0,8,7,3
29598,1,7,6,2,0,8,0,9,5,6,5
29599,3,6,1,8,5,3,2,6,0,1,1
29600,5,8,3,1,6,0,7,1,4,4,7
29601,2,3,4,6,8,2,6,8,9,5,6
29602,9,9,9,2,7,1,5,3,2,0,5
29603,1,7,6,2,0,8,0,9,5,6,5
29604,7,1,0,3,4,6,1,5,7,3,4
29605,0,4,5,0,2,9,4,4,6,8,2
29606,0,4,3,0,2,0,4,1,4,8,0
29607,0,4,5,0,2,9,4,4,6,8,2
29608,2,3,4,6,8,2,6,8,9,5,6
29609,1,7,6,2,0,8,0,9,5,6,5
29610,9,9,9,2,7,1,5,7,2,0,5
29611,6,1,2,7,1,5,9,2,3,2,9
29612,6,5,2,7,1,5,9,2,3,2,9
29613,7,1,0,3,4,6,1,5,7,3,4
29614,3,6,1,8,5,3,2,6,0,1,1
29615,9,9,9,2,7,1,5,7,2,0,5
29616,9,9,9,2,7,1,5,7,2,0,8
29617,8,2,7,5,9,7,8,4,6,9,8
29618,7,3,0,6,4,6,1,8,9,3,4
29619,6,5,2,7,1,5,9,2,3,2,9
29620,4,5,8,9,3,4,3,0,8,7,3
29621,3,0,1,4,5,3,2,6,1,1,1
29622,4,5,8,9,3,4,3,0,8,7,3
29623,3,0,1,4,5,3,2,3,1,1,1
29624,6,0,2,7,1,5,9,2,3,2,9
29625,0,4,5,0,2,9,4,4,6,8,2
29626,6,5,2,7,1,5,9,2,3,2,9
29627,2,3,4,6,8,2,6,8,9,5,6
29628,1,7,6,2,0,8,0,9,5,6,5
29629,2,3,4,6,8,2,6,8,9,5,6
29630,5,8,8,1,6,4,7,0,8,4,7
29631,8,2,7,5,9,7,8,4,6,9,8
29632,1,7,6,2,0,8,0,9,5,6,5
29633,3,0,1,4,5,3,2,6,1,1,1
29634,7,1,0,3,4,6,1,5,7,3,4
29635,6,5,2,7,1,5,9,2,3,2,9
29636,7,1,0,3,4,6,1,5,7,3,4
29637,2,3,4,6,8,2,6,3,9,5,6
29638,8,2,7,5,9,7,8,7,2,9,8
29639,4,5,8,9,3,4,3,3,8,7,3
29640,6,5,2,7,1,5,9,2,3,2,9
29641,6,0,2,7,1,5,9,2,3,2,9
29642,7,1,0,3,4,6,1,5,7,3,4
29643,4,5,8,9,3,4,3,0,8,7,3
29644,4,5,8,9,3,4,3,0,8,7,3
29645,8,2,7,5,9,7,8,4,2,9,8
29646,9,9,9,2,7,1,5,7,2,0,5
29647,4,0,8,9,3,4,3,3,1,7,3
29648,7,1,0,3,4,6,1,5,7,3,4
29649,2,3,4,6,8,2,6,8,9,5,6
29650,7,1,0,3,4,6,1,5,7,3,4
29651,9,9,9,2,7,1,5,7,2,0,5
29652,8,2,5,5,9,9,8,4,6,9,8
29653,7,1,0,3,4,6,1,5,7,3,4
29654,6,5,2,7,1,5,9,3,3,2,9
29655,0,4,7,0,2,7,4,4,6,8,0
29656,7,1,0,3,4,6,1,5,7,3,4
29657,6,5,2,7,1,5,9,2,3,2,9
29658,1,7,6,2,0,8,0,9,5,6,5
29659,2,0,4,4,8,2,6,3,1,5,6
29660,0,4,3,0,2,0,4,1,4,8,0
29661,0,4,5,0,2,9,4,4,6,8,2
29662,2,3,4,6,8,2,6,8,9,5,6
29663,8,2,7,5,9,7,8,4,6,9,8
29664,7,6,0,8,4,6,1,6,0,3,4
29665,2,3,4,6,8,2,6,8,9,5,6
29666,1,7,6,2,0,8,0,9,5,6,5
29667,6,0,2,4,1,5,9,3,1,2,9
29668,1,7,6,2,0,8,0,9,5,6,5
29669,9,9,9,2,7,1,5,7,2,0,5
29670,1,7,6,3,0,8,0,9,5,6,4
29671,2,3,4,3,8,2,6,5,7,5,6
29672,9,9,9,6,7,1,5,7,2,0,6
29673,9,9,9,2,7,1,5,7,2,0,5
29674,6,1,2,7,1,5,9,2,3,2,9
29675,7,1,0,3,4,6,1,5,7,3,4
29676,7,1,0,3,4,6,1,5,7,3,4
29677,3,6,1,8,5,3,2,6,0,1,1
29678,2,3,4,6,8,2,6,8,9,5,6
29679,9,9,9,2,7,1,5,7,2,0,5
29680,2,3,4,6,8,2,6,8,9,5,6
29681,2,3,4,6,8,2,6,8,9,5,6
29682,4,5,8,9,3,4,3,0,8,7,3
29683,5,8,3,1,6,0,7,1,4,4,0
29684,3,6,1,8,5,3,2,6,0,1,1
29685,2,3,4,6,8,2,6,8,9,5,6
29686,4,5,8,9,3,4,3,0,8,7,3
29687,4,5,8,9,3,4,3,3,8,7,3
29688,0,4,6,0,2,8,4,9,5,8,0
29689,0,4,5,0,2,9,4,4,6,8,2
29690,5,8,3,1,6,0,7,1,4,4,7
29691,2,3,4,6,8,2,6,8,9,5,6
29692,0,4,7,0,2,7,4,4,6,8,0
29693,0,4,7,0,2,7,4,4,6,8,0
29694,1,7,6,2,0,8,0,9,5,6,5
29695,3,6,1,8,5,3,2,6,0,1,1
29696,2,3,4,6,8,2,6,8,9,5,6
29697,9,9,9,2,7,1,5,7,2,0,5
29698,6,5,2,2,1,5,9,2,3,2,5
29699,6,5,2,7,1,5,9,2,3,2,9
29700,2,3,4,6,8,2,6,9,9,5,6
29701,9,9,9,2,7,1,5,7,2,0,5
29702,2,3,4,6,8,2,6,8,9,5,6
29703,8,2,7,5,9,7,8,4,6,9,8
29704,4,5,8,9,3,4,3,3,8,7,3
29705,9,9,9,2,7,1,5,9,2,0,5
29706,3,0,1,4,5,3,2,6,1,1,1
29707,1,7,6,2,0,8,0,3,5,6,5
29708,7,1,4,3,4,2,6,5,7,3,6
29709,0,4,5,0,2,9,4,4,6,8,2
29710,0,4,7,0,2,7,4,1,4,8,0
29711,9,9,9,2,7,1,5,7,2,0,5
29712,8,2,5,5,9,9,8,4,6,9,8
29713,3,6,1,4,5,3,2,6,1,1,1
29714,1,4,6,0,0,8,0,9,5,6,2
29715,9,9,9,2,7,1,5,7,2,0,5
29716,9,9,9,2,7,1,5,2,2,0,5
29717,6,5,2,7,1,5,9,2,3,2,9
29718,3,6,1,8,5,3,2,6,0,1,1
29719,1,7,6,2,0,8,0,9,5,6,6
29720,6,5,2,7,1,5,9,2,3,2,9
29721,8,2,7,5,9,7,8,4,6,9,8
29722,8,2,7,5,9,7,8,4,6,9,8
29723,9,9,9,2,7,1,5,7,2,0,5
29724,5,8,3,1,6,0,7,1,4,4,0
29725,9,9,9,2,7,1,5,3,2,0,5
29726,6,5,2,7,1,5,9,2,3,2,9
29727,8,2,5,5,9,9,8,4,6,9,8
29728,1,7,6,2,0,8,0,3,5,6,5
29729,2,3,4,6,8,2,6,3,9,5,6
29730,1,7,6,2,0,8,0,9,5,6,5
29731,1,7,6,2,0,8,0,9,5,6,5
29732,3,6,1,8,5,3,2,6,0,1,1
29733,8,2,5,5,9,9,8,4,6,9,8
29734,6,2,2,7,1,5,9,2,3,2,9
29735,6,3,2,7,1,5,9,2,3,2,9
29736,2,3,4,6,8,2,6,8,9,5,6
29737,0,4,5,0,2,9,4,4,6,8,0
29738,0,4,6,0,2,8,4,9,5,8,0
29739,0,4,7,0,2,7,4,4,6,8,0
29740,1,7,6,2,0,8,0,9,5,6,5
29741,6,5,2,7,1,5,9,2,3,2,9
29742,5,8,3,1,6,0,7,1,4,4,7
29743,8,2,7,5,9,7,8,4,6,9,8
29744,5,8,3,1,6,0,7,1,4,4,0
29745,2,3,4,6,8,2,6,8,9,5,8
29746,1,7,6,2,0,8,0,9,5,6,5
29747,9,2,7,5,9,7,8,7,2,9,8
29748,7,1,0,3,4,6,1,5,7,3,4
29749,9,9,9,2,7,1,5,3,2,0,5
29750,4,5,8,2,3,4,3,3,8,7,3
29751,2,2,4,6,8,2,6,3,9,5,8
29752,0,4,7,0,2,7,4,1,4,8,0
29753,2,3,4,6,8,2,6,3,9,5,6
29754,5,8,3,1,6,0,7,1,4,4,7
29755,4,5,8,9,3,4,3,3,8,7,3
29756,0,4,5,0,2,9,4,4,6,8,2
29757,0,4,5,0,2,9,4,8,9,8,0
29758,4,5,8,9,3,4,3,0,8,7,3
29759,9,9,9,2,7,1,5,7,2,0,5
29760,9,9,9,2,7,1,5,3,2,0,5
29761,8,2,7,5,9,7,8,4,6,9,8
29762,8,4,5,0,2,9,4,4,6,8,2
29763,2,3,4,6,8,2,6,8,9,5,6
29764,5,8,3,1,6,0,7,1,4,4,7
29765,9,9,9,2,7,1,5,7,2,0,5
29766,4,5,8,9,3,4,3,0,8,7,3
29767,5,2,7,5,9,7,8,4,6,9,8
29768,4,5,8,9,3,4,3,3,8,7,3
29769,4,5,8,9,3,4,3,0,8,7,3
29770,6,5,2,7,1,5,9,2,3,2,9
29771,2,3,4,6,8,2,6,3,9,5,6
29772,3,0,1,4,5,3,2,6,1,1,1
29773,9,9,9,2,7,1,5,7,2,0,5
29774,4,5,8,9,3,4,3,0,8,7,3
29775,8,4,5,0,2,9,4,4,6,8,2
29776,3,6,1,8,5,3,2,0,0,1,7
29777,2,3,4,6,8,2,6,8,9,5,6
29778,5,8,3,1,6,0,7,1,4,4,0
29779,8,2,7,5,9,7,8,4,6,9,7
29780,2,0,4,4,8,2,6,3,1,5,6
29781,9,9,9,2,7,1,5,3,2,0,8
29782,2,3,4,6,8,2,6,8,9,5,6
29783,8,2,5,5,9,9,8,4,6,9,8
29784,6,5,2,7,1,5,9,2,3,2,9
29785,9,9,9,2,7,1,5,7,2,0,5
29786,1,7,6,2,0,8,0,9,5,6,5
29787,9,9,9,2,7,1,5,7,2,0,5
29788,9,9,9,2,7,1,5,7,2,0,5
29789,6,5,2,7,1,5,9,2,3,2,9
29790,7,1,0,3,4,6,1,5,7,3,4
29791,1,7,6,2,0,8,0,9,5,6,5
29792,0,4,7,0,2,7,4,4,6,8,0
29793,4,5,8,9,3,4,3,3,8,7,3
29794,5,8,3,1,6,0,7,1,4,4,7
29795,4,5,8,9,3,4,3,3,8,7,3
29796,0,4,5,0,2,9,4,1,4,8,2
29797,8,2,5,5,9,9,8,4,6,9,8
29798,2,3,4,6,8,2,6,8,9,5,6
29799,8,2,5,5,9,9,8,4,6,9,8
29800,1,7,6,2,0,8,0,9,5,6,5
29801,8,2,5,5,9,9,8,4,6,9,2
29802,1,7,6,2,0,8,0,9,5,6,5
29803,4,7,6,2,3,8,3,3,5,7,3
29804,7,1,0,3,4,6,1,5,7,3,4
29805,3,6,1,8,5,3,2,6,0,1,1
29806,8,2,5,5,9,9,8,4,6,9,8
29807,9,9,9,2,7,1,5,7,2,0,5
29808,0,4,3,0,2,0,4,1,4,8,0
29809,3,6,1,8,5,3,2,6,0,1,1
29810,1,7,6,2,0,8,0,9,5,6,5
29811,9,9,9,2,7,1,5,7,2,0,5
29812,1,7,6,2,0,8,0,9,5,6,5
29813,4,5,8,2,3,4,3,3,8,7,3
29814,0,4,3,0,2,0,4,1,4,8,0
29815,2,7,4,2,8,2,6,3,5,5,5
29816,9,1,4,2,7,2,5,3,2,0,5
29817,2,3,4,6,8,2,6,8,9,5,6
29818,0,4,7,0,2,7,4,4,6,8,0
29819,6,5,2,7,1,5,9,2,3,2,9
29820,0,4,3,0,2,0,4,1,4,8,0
29821,0,4,6,0,2,8,4,9,5,8,0
29822,0,4,7,0,2,7,4,4,6,8,0
29823,2,9,9,2,8,1,6,7,2,5,6
29824,0,4,3,0,2,0,4,1,4,8,0
29825,9,9,9,2,7,1,5,7,2,0,5
29826,0,4,3,0,2,0,4,1,4,8,2
29827,9,9,9,2,7,1,5,7,2,0,8
29828,1,7,6,2,0,8,0,9,5,6,5
29829,2,3,4,6,8,2,6,3,9,5,6
29830,4,5,8,9,3,4,3,0,8,7,3
29831,9,9,9,2,7,1,5,7,2,0,5
29832,5,5,3,1,6,0,7,1,4,4,7
29833,8,2,5,5,9,9,8,4,6,9,8
29834,7,1,0,3,4,6,1,5,7,3,4
29835,4,5,8,9,3,4,3,3,8,7,3
29836,4,5,8,9,3,4,3,0,8,7,3
29837,6,5,2,7,1,5,9,2,3,2,9
29838,4,5,8,9,3,4,3,0,8,7,3
29839,4,5,8,9,3,4,3,0,8,7,3
29840,9,9,9,2,7,1,5,7,2,0,5
29841,0,4,5,0,2,9,4,4,6,8,2
29842,2,3,4,6,8,2,6,8,9,5,6
29843,1,7,6,2,0,8,0,3,5,6,5
29844,7,1,0,3,4,6,1,5,7,3,4
29845,9,9,9,2,7,1,5,7,2,0,5
29846,0,4,7,0,2,7,4,1,4,8,0
29847,0,4,7,0,2,7,4,1,4,8,0
29848,3,6,1,8,5,3,2,6,0,1,1
29849,9,9,9,2,7,1,5,7,2,0,5
29850,0,4,5,0,2,9,4,4,6,8,2
29851,9,9,9,7,7,1,5,7,2,0,9
29852,2,3,4,6,8,2,6,8,9,5,6
29853,4,5,8,9,3,4,3,2,8,7,3
29854,5,8,3,1,6,0,7,1,4,4,7
29855,8,2,5,5,9,9,8,4,6,9,8
29856,0,4,3,0,2,0,4,1,4,8,2
29857,8,2,7,5,9,7,8,4,6,9,0
29858,7,1,0,3,4,6,1,5,7,3,4
29859,8,2,5,5,9,9,8,4,6,9,8
29860,3,6,1,8,5,3,2,6,0,1,1
29861,8,2,7,5,9,7,8,4,6,9,8
29862,3,6,1,8,5,3,2,6,0,1,1
29863,2,3,4,6,8,2,6,8,9,5,6
29864,0,4,7,0,2,7,4,1,4,8,0
29865,8,2,7,5,9,7,8,4,6,9,8
29866,0,4,7,0,2,7,4,1,4,8,0
29867,8,2,5,5,9,9,8,4,6,9,8
29868,9,9,9,2,7,1,5,7,2,0,5
29869,3,6,1,8,5,3,2,6,0,1,1
29870,1,7,6,2,0,8,0,9,5,6,6
29871,2,9,4,2,8,2,6,3,2,5,5
29872,6,5,2,7,1,5,9,2,3,2,7
29873,3,6,1,8,5,3,2,6,0,1,1
29874,0,4,7,0,2,7,4,4,6,8,0
29875,9,9,9,2,7,1,5,7,2,0,5
29876,7,1,0,3,4,6,1,5,7,3,4
29877,2,3,4,6,8,2,6,3,9,5,6
29878,0,8,3,1,6,0,7,1,4,4,0
29879,9,9,9,5,7,1,5,7,2,0,8
29880,2,7,4,2,8,2,6,3,9,5,6
29881,9,9,9,2,7,1,5,9,2,0,5
29882,2,1,4,3,8,2,6,5,7,5,6
29883,9,9,9,2,7,1,5,7,2,0,5
29884,5,8,3,1,6,0,7,1,4,4,7
29885,8,2,7,5,9,7,8,4,6,9,8
29886,7,8,3,3,4,0,1,1,4,3,0
29887,3,6,1,8,5,3,2,6,0,1,1
29888,5,8,3,1,6,0,7,1,4,4,7
29889,1,9,9,2,0,1,0,9,5,6,5
29890,1,7,6,2,0,8,0,3,5,6,5
29891,4,5,8,9,3,4,3,0,8,7,3
29892,7,1,0,3,4,6,1,5,7,3,4
29893,6,5,2,7,1,5,9,2,3,2,9
29894,7,1,0,3,4,6,1,5,7,3,4
29895,3,0,1,4,5,3,2,6,1,1,1
29896,1,7,6,2,0,8,0,9,5,6,5
29897,9,9,9,2,7,1,5,7,2,0,5
29898,5,8,3,1,6,0,7,1,4,4,0
29899,2,9,4,6,8,2,6,3,2,5,6
29900,8,2,5,5,9,9,8,4,6,9,8
29901,9,9,9,2,7,1,5,7,2,0,5
29902,1,7,6,2,0,8,0,9,5,6,5
29903,2,3,4,6,8,2,6,3,9,5,6
29904,6,0,2,7,1,5,9,2,3,2,9
29905,8,2,7,5,9,7,8,4,6,9,8
29906,1,7,6,2,0,8,0,9,5,6,5
29907,2,0,4,4,8,2,6,3,1,5,6
29908,5,8,3,1,6,0,7,1,4,4,7
29909,9,9,9,2,7,1,5,7,2,0,5
29910,0,8,3,1,6,0,4,1,4,4,0
29911,6,5,2,7,1,5,9,3,3,2,8
29912,7,1,0,3,4,6,1,5,7,3,4
29913,7,1,0,3,4,6,1,5,7,3,4
29914,5,8,8,1,6,4,7,0,8,4,7
29915,8,2,7,5,9,7,8,3,6,9,8
29916,2,3,4,6,8,2,6,8,9,5,6
29917,4,5,8,9,3,4,3,0,8,7,3
29918,3,6,1,8,5,3,2,6,0,1,1
29919,0,4,5,0,2,9,4,4,6,8,2
29920,6,2,2,7,1,5,9,2,3,2,9
29921,2,3,4,6,8,2,6,8,9,5,6
29922,8,2,7,5,9,7,8,4,6,9,8
29923,8,2,7,5,9,7,8,4,6,9,8
29924,7,1,0,3,4,6,1,5,7,3,4
29925,3,0,1,4,5,3,2,3,1,1,1
29926,7,1,0,3,4,6,1,5,7,3,4
29927,9,9,9,2,7,1,5,7,2,0,5
29928,5,5,8,1,6,4,7,0,8,4,7
29929,8,2,7,5,9,7,8,4,6,9,8
29930,6,5,2,7,1,5,9,2,3,2,9
29931,8,2,9,5,9,9,8,4,6,9,8
29932,6,9,2,7,1,5,9,2,3,2,9
29933,9,9,9,2,7,1,5,3,2,0,5
29934,3,6,1,8,5,3,2,6,0,1,1
29935,8,2,7,5,9,7,8,4,6,9,8
29936,1,7,6,3,0,8,0,9,5,6,4
29937,2,0,4,4,8,2,6,3,1,5,6
29938,2,3,4,6,8,2,6,8,9,5,6
29939,9,9,9,2,7,1,5,7,2,0,5
29940,1,7,6,2,0,8,0,9,5,6,5
29941,9,9,9,2,7,1,5,7,2,0,5
29942,5,8,3,1,6,0,7,1,4,4,0
29943,8,2,5,5,9,9,8,4,6,9,8
29944,4,1,8,9,3,4,3,0,8,7,3
29945,9,9,9,5,7,1,5,3,2,0,8
29946,0,4,7,0,2,7,4,1,4,8,0
29947,8,2,7,5,9,7,8,4,6,9,8
29948,8,2,5,5,9,9,8,4,6,9,8
29949,9,9,9,2,7,1,5,7,2,0,5
29950,5,5,8,1,6,4,7,0,8,4,7
29951,9,9,9,2,7,1,5,7,2,0,8
29952,9,9,9,2,7,1,5,7,2,0,5
29953,8,4,7,0,2,7,4,4,6,8,0
29954,5,8,3,1,6,0,7,1,4,4,7
29955,9,9,9,2,7,1,5,7,2,0,5
29956,5,8,3,1,6,0,7,1,4,4,0
29957,9,9,9,2,7,1,5,7,2,0,5
29958,1,7,6,2,0,8,0,9,5,6,5
29959,8,2,5,5,9,9,8,4,6,9,2
29960,4,5,8,9,3,4,3,3,8,7,3
29961,9,9,9,2,7,1,5,7,2,0,5
29962,7,1,0,3,4,6,1,5,7,3,4
29963,8,2,5,5,9,9,8,4,6,9,2
29964,0,4,5,0,2,9,4,4,6,8,2
29965,2,3,4,2,8,2,6,3,2,5,8
29966,5,9,2,2,1,5,9,2,3,2,7
29967,5,8,3,1,6,0,7,1,4,4,5
29968,1,7,6,2,0,8,0,9,5,6,5
29969,7,1,0,3,4,6,1,5,7,3,4
29970,1,7,6,2,0,8,0,3,5,6,5
29971,4,5,8,9,3,4,3,3,8,7,3
29972,9,9,9,2,7,1,5,3,2,0,9
29973,8,2,7,5,9,7,8,4,6,9,8
29974,1,7,6,2,0,8,0,9,5,6,5
29975,0,4,7,0,2,7,4,4,6,8,0
29976,1,7,6,2,0,8,0,9,5,6,5
29977,9,2,7,2,7,7,5,3,2,0,8
29978,0,4,3,0,2,0,4,1,4,8,0
29979,2,3,4,6,8,2,6,8,9,5,6
29980,8,2,7,5,9,7,8,4,6,9,8
29981,4,5,8,9,3,4,3,0,8,7,3
29982,0,4,5,0,2,9,4,1,4,8,2
29983,8,4,5,0,2,9,4,4,6,8,2
29984,8,2,5,5,9,9,8,4,6,9,8
29985,3,0,1,4,5,3,2,6,1,1,1
29986,1,7,6,2,0,8,0,9,5,6,5
29987,9,9,9,2,7,1,5,3,2,0,5
29988,2,3,4,6,8,8,6,8,9,5,0
29989,2,3,4,6,8,2,6,8,9,5,6
29990,9,9,9,2,7,1,5,7,2,0,5
29991,6,5,2,7,1,5,9,2,3,2,9
29992,5,8,3,1,6,0,7,1,4,4,7
29993,5,8,3,1,6,0,7,1,4,4,7
29994,5,6,3,8,6,0,7,0,0,4,7
29995,9,9,9,6,7,1,5,3,2,0,8
29996,0,4,7,0,2,7,4,4,6,8,0
29997,4,5,8,9,3,4,3,0,8,7,3
29998,0,4,5,0,2,9,4,1,4,8,2
29999,9,9,9,2,7,1,5,7,2,0,5
30000,7,1,0,3,4,6,1,5,7,3,4
30001,8,2,5,5,9,9,8,4,6,9,8
30002,7,1,0,3,4,6,1,5,7,3,4
30003,5,8,3,1,6,0,7,1,4,4,7
30004,4,5,8,9,3,4,3,0,8,7,3
30005,8,2,7,5,9,7,8,4,6,9,8
30006,0,4,3,0,2,0,4,1,4,8,0
30007,9,9,9,2,7,1,5,7,2,0,5
30008,8,2,5,5,9,9,8,4,6,9,2
30009,3,0,1,4,5,3,2,3,1,1,1
30010,0,4,7,0,2,7,4,9,6,8,0
30011,6,5,2,7,1,5,9,3,3,2,9
30012,2,3,4,6,8,2,6,8,9,5,6
30013,2,3,4,6,8,2,6,8,9,5,6
30014,6,5,2,7,1,5,9,3,3,2,9
30015,0,4,5,0,2,9,4,4,6,8,2
30016,5,8,3,1,6,0,7,1,4,4,7
30017,0,4,5,0,2,9,4,4,6,8,2
30018,5,8,3,1,6,0,7,1,4,4,7
30019,2,3,4,6,8,2,6,8,9,5,6
30020,7,1,0,3,4,6,1,5,7,3,4
30021,8,2,5,5,9,9,8,4,6,9,2
30022,8,2,5,5,9,9,8,4,6,9,8
30023,4,5,8,9,3,4,3,0,8,7,3
30024,4,5,8,9,3,4,3,0,8,7,3
30025,4,5,8,9,3,4,3,3,8,7,3
30026,7,1,0,3,4,6,1,5,7,3,4
30027,6,5,2,7,1,5,9,2,3,2,9
30028,7,1,0,3,4,6,1,5,7,3,4
30029,2,3,4,6,8,2,6,8,9,5,6
30030,2,3,4,6,8,2,6,8,9,5,6
30031,9,9,9,2,7,1,5,7,2,0,5
30032,6,5,2,7,1,5,9,2,3,2,9
30033,4,5,8,9,3,4,3,3,8,7,3
30034,3,6,1,8,5,3,2,6,0,1,1
30035,9,9,9,2,7,1,5,7,2,0,5
30036,4,5,8,9,3,4,3,0,8,7,3
30037,2,3,4,6,8,2,6,8,9,5,6
30038,2,3,4,6,8,2,6,8,9,5,6
30039,8,2,7,5,9,7,8,4,6,9,8
30040,7,3,0,3,4,6,1,8,7,3,6
30041,9,9,9,2,7,1,5,3,2,0,5
30042,7,1,0,3,4,6,1,5,7,3,4
30043,9,9,9,2,7,1,5,7,2,0,5
30044,3,6,1,8,5,3,2,6,0,1,1
30045,4,5,8,9,3,4,3,0,8,7,3
30046,0,4,7,0,2,7,4,4,9,8,0
30047,9,9,9,2,7,1,5,7,2,0,5
30048,0,4,3,0,2,0,4,1,4,8,0
30049,5,8,3,1,6,0,7,1,4,4,7
30050,2,3,4,6,8,2,6,8,9,5,6
30051,3,0,1,4,5,3,2,6,1,1,1
30052,5,8,3,1,6,0,7,1,4,4,7
30053,9,9,9,2,7,1,5,7,2,0,5
30054,6,0,2,7,1,5,9,2,3,2,9
30055,6,5,2,7,1,5,9,2,3,2,9
30056,6,5,2,7,1,5,9,2,3,2,9
30057,2,1,4,3,8,2,6,5,7,5,6
30058,3,0,1,4,5,3,2,6,1,1,1
30059,8,2,7,5,9,7,8,4,6,9,8
30060,8,2,5,5,9,9,8,4,6,9,8
30061,9,9,9,2,7,1,5,3,2,0,8
30062,7,1,5,3,4,9,1,5,7,3,2
30063,2,5,4,6,8,2,6,3,2,5,6
30064,6,5,2,7,1,5,9,2,3,2,7
30065,8,2,5,5,9,9,8,4,6,9,8
30066,5,8,3,1,6,0,7,1,4,4,0
30067,2,3,4,6,8,2,6,8,9,5,6
30068,1,7,6,2,0,8,0,9,5,6,5
30069,8,2,9,5,9,1,8,8,2,9,8
30070,7,1,0,3,4,6,1,5,7,3,4
30071,3,0,1,4,5,3,2,3,1,1,8
30072,1,7,6,2,0,8,0,9,5,6,5
30073,9,9,9,2,7,1,5,7,2,0,5
30074,4,5,8,9,3,4,3,3,8,7,3
30075,6,5,2,7,1,5,9,2,3,2,9
30076,5,5,3,1,6,0,7,1,4,4,7
30077,6,3,2,7,1,5,9,2,3,2,9
30078,6,5,2,7,1,5,9,2,3,2,9
30079,8,2,7,5,9,7,8,4,6,9,8
30080,3,6,1,8,5,3,2,6,0,1,1
30081,9,9,9,2,7,1,5,3,2,0,8
30082,0,3,4,0,8,2,6,8,9,5,0
30083,9,9,9,2,7,1,5,3,2,0,9
30084,9,9,6,2,7,8,0,9,5,6,5
30085,9,9,9,2,7,1,5,7,2,0,8
30086,2,2,4,6,8,2,6,3,9,5,8
30087,3,0,1,4,5,3,2,3,1,1,1
30088,3,6,1,8,5,3,2,6,0,1,1
30089,9,9,9,2,7,1,5,7,2,0,5
30090,7,1,0,3,4,6,1,5,7,3,4
30091,6,5,2,7,1,5,9,2,3,2,9
30092,7,1,0,3,4,6,1,5,7,3,4
30093,2,3,4,6,8,2,6,3,9,5,8
30094,6,5,2,7,1,5,9,2,3,2,9
30095,9,9,9,2,7,1,5,7,2,0,5
30096,5,8,3,1,6,0,7,1,4,4,0
30097,2,0,4,4,8,2,6,3,1,5,8
30098,2,3,4,6,8,2,6,8,9,5,6
30099,8,2,7,5,9,7,8,4,6,9,8
30100,1,7,6,2,0,8,0,9,5,6,5
30101,2,0,4,4,8,2,6,3,1,5,6
30102,6,0,2,4,1,5,9,2,1,2,9
30103,8,2,7,5,9,7,8,4,6,9,8
30104,1,7,6,2,0,8,0,9,5,6,5
30105,2,3,4,6,8,2,6,3,9,5,6
30106,5,5,8,9,3,4,3,0,8,7,7
30107,6,3,2,7,1,5,9,2,3,2,9
30108,0,4,7,0,2,7,4,4,6,8,0
30109,8,2,7,5,9,7,8,4,6,9,8
30110,0,4,7,0,2,7,4,4,6,8,0
30111,9,9,9,2,7,1,5,7,2,0,5
30112,9,7,9,2,7,1,5,3,2,0,8
30113,8,2,7,5,9,7,8,4,6,9,8
30114,4,5,8,9,3,4,3,0,8,7,3
30115,4,5,2,9,3,5,3,3,2,7,3
30116,2,3,4,6,8,2,6,8,9,5,6
30117,9,9,9,2,7,1,5,7,2,0,5
30118,0,4,6,0,2,8,4,9,5,8,5
30119,2,0,4,4,8,2,6,3,1,5,6
30120,6,5,2,7,1,5,9,2,3,2,9
30121,9,9,9,5,7,1,5,7,2,0,8
30122,9,9,9,2,7,1,5,7,2,0,5
30123,9,9,9,7,7,1,5,3,2,0,8
30124,7,1,0,3,4,6,1,5,7,3,4
30125,9,9,9,2,7,1,5,7,2,0,5
30126,1,7,6,2,0,8,0,9,5,6,5
30127,3,0,1,4,5,3,2,3,1,1,8
30128,4,5,8,9,3,4,3,0,8,7,3
30129,9,9,9,2,7,1,5,7,2,0,5
30130,0,4,3,0,2,0,4,1,4,8,2
30131,2,3,4,6,8,2,6,3,2,5,6
30132,2,3,4,6,8,2,6,8,9,5,6
30133,6,5,2,7,1,5,9,2,3,2,9
30134,5,8,3,1,6,0,7,1,4,4,7
30135,8,2,7,5,9,7,8,4,6,9,8
30136,0,8,3,1,6,0,4,1,4,4,0
30137,9,9,9,2,7,1,5,7,2,0,5
30138,0,4,7,0,2,7,4,4,6,8,0
30139,9,9,9,2,7,1,5,7,2,0,5
30140,1,7,6,2,0,8,0,9,5,6,5
30141,8,0,2,4,9,5,8,3,1,9,8
30142,5,5,8,9,6,4,7,0,8,4,7
30143,9,9,9,2,7,1,5,7,2,0,5
30144,3,6,1,8,5,3,2,6,0,1,1
30145,9,9,9,2,7,1,5,7,2,0,5
30146,9,9,9,2,7,1,5,7,2,0,5
30147,9,9,9,2,7,1,5,7,2,0,5
30148,1,7,6,2,0,8,0,9,5,6,5
30149,6,0,2,4,1,5,9,3,1,2,9
30150,5,5,8,1,6,4,7,0,8,4,7
30151,9,2,7,5,9,7,8,3,2,9,8
30152,4,5,8,9,3,4,3,0,8,7,3
30153,8,2,5,5,9,9,8,4,6,9,8
30154,8,2,5,5,9,9,8,4,6,9,8
30155,8,2,9,5,9,1,8,7,2,9,8
30156,2,3,4,6,8,2,6,3,9,5,6
30157,9,9,9,2,7,1,5,3,2,0,5
30158,1,7,6,2,0,8,0,9,5,6,5
30159,8,2,9,5,9,1,8,4,2,9,8
30160,3,0,1,4,5,3,2,3,1,1,1
30161,4,5,8,9,3,4,3,3,8,7,3
30162,8,4,7,0,9,7,4,4,6,9,0
30163,2,0,4,4,8,2,6,3,1,5,1
30164,5,8,3,1,6,0,7,2,3,4,7
30165,9,2,9,5,9,1,8,7,2,9,8
30166,8,2,5,5,9,9,8,4,6,9,8
30167,8,2,7,5,9,7,8,4,2,9,8
30168,4,5,8,9,3,4,3,0,8,7,3
30169,9,9,9,2,7,1,5,7,2,0,8
30170,3,0,1,4,5,3,2,6,1,1,1
30171,9,9,9,2,7,1,5,7,2,0,5
30172,2,3,4,6,8,2,6,8,9,5,6
30173,9,3,9,6,7,1,5,7,2,0,6
30174,5,8,3,1,6,0,7,1,4,4,7
30175,2,1,4,3,8,2,6,5,7,5,6
30176,1,7,6,2,0,8,0,9,5,6,5
30177,9,9,9,2,7,1,5,7,2,0,8
30178,4,5,8,9,3,4,3,0,8,7,3
30179,9,9,9,2,7,1,5,7,2,0,5
30180,5,8,3,1,6,0,7,1,4,4,7
30181,9,9,9,2,7,1,5,7,2,0,8
30182,4,5,8,9,3,4,3,0,8,7,3
30183,2,3,4,6,8,2,6,8,9,5,6
30184,5,8,3,1,6,0,7,1,4,4,7
30185,9,9,9,2,7,1,5,7,2,0,5
30186,8,2,7,5,9,7,8,4,6,9,8
30187,3,6,1,8,5,3,2,6,0,1,1
30188,3,6,5,8,5,9,2,6,0,1,2
30189,1,7,6,2,0,8,0,9,5,6,5
30190,8,2,5,5,9,9,8,4,6,9,8
30191,6,5,2,7,1,5,9,2,3,2,9
30192,7,5,8,9,4,4,1,0,8,3,4
30193,7,1,0,3,4,6,1,5,7,3,4
30194,1,7,6,2,0,8,0,9,5,6,5
30195,5,8,3,1,6,0,7,1,4,4,7
30196,3,6,1,8,5,3,2,6,0,1,1
30197,7,1,0,3,4,6,1,5,7,3,4
30198,0,4,7,0,2,7,4,1,4,8,0
30199,5,5,8,1,6,4,7,0,8,4,7
30200,1,7,6,2,0,8,0,9,5,6,5
30201,0,4,3,0,2,0,4,1,4,8,2
30202,0,4,5,0,2,9,4,1,4,8,2
30203,7,1,0,3,4,6,1,5,7,3,4
30204,5,8,3,1,6,0,7,1,4,4,7
30205,5,8,3,1,6,0,7,1,4,4,7
30206,1,7,6,2,0,8,0,9,5,6,5
30207,3,6,1,8,5,3,2,6,0,1,1
30208,0,4,7,0,2,7,4,4,6,8,0
30209,1,7,6,2,0,8,0,9,5,6,5
30210,9,9,9,2,7,1,5,7,2,0,5
30211,6,5,2,7,1,5,9,2,3,2,9
30212,3,6,1,8,5,3,2,6,0,1,1
30213,7,1,0,3,4,6,1,5,7,3,4
30214,7,1,0,3,4,6,1,5,7,3,4
30215,5,8,3,1,6,0,7,1,4,4,0
30216,2,3,4,6,8,2,6,8,9,5,6
30217,7,1,0,3,4,6,1,5,7,3,4
30218,1,7,6,2,0,8,0,9,5,6,5
30219,0,4,3,0,2,0,4,1,4,8,0
30220,4,1,8,9,3,4,3,0,8,7,3
30221,5,8,3,1,6,0,7,1,4,4,0
30222,3,6,1,8,5,3,2,6,0,1,1
30223,3,6,1,8,5,3,2,6,0,1,1
30224,0,4,5,0,2,9,4,1,4,8,2
30225,1,7,6,2,0,8,0,9,5,6,5
30226,7,1,0,3,4,6,1,5,7,3,4
30227,6,5,2,7,1,5,9,2,3,2,9
30228,0,4,3,0,2,0,4,1,4,8,0
30229,7,1,0,3,4,6,1,5,7,3,4
30230,1,7,6,2,0,8,0,9,5,6,5
30231,5,8,3,1,6,0,7,1,4,4,0
30232,6,5,2,7,1,5,9,0,3,2,7
30233,7,1,0,3,4,6,1,5,7,3,4
30234,8,2,7,5,9,7,8,4,6,9,8
30235,7,1,0,3,4,6,1,5,7,3,4
30236,7,3,0,6,4,6,1,8,9,3,4
30237,5,8,3,1,6,0,7,1,4,4,7
30238,1,7,6,2,0,8,0,9,5,6,5
30239,7,1,0,3,4,6,1,5,7,3,4
30240,4,0,8,9,3,4,3,0,8,7,3
30241,7,1,0,3,4,6,1,5,7,3,4
30242,2,3,4,2,8,2,6,9,9,5,5
30243,5,8,3,1,6,0,7,1,4,4,0
30244,1,7,6,2,0,8,0,9,5,6,5
30245,0,4,5,0,2,9,4,1,4,8,0
30246,3,0,1,4,5,3,2,6,1,1,1
30247,7,1,0,3,4,6,1,5,7,3,4
30248,2,3,4,6,8,2,6,8,9,5,6
30249,4,5,8,9,3,4,3,0,8,7,7
30250,8,2,5,5,9,9,8,4,6,9,8
30251,7,1,0,3,4,6,1,5,7,3,4
30252,1,7,6,2,0,8,0,3,5,6,5
30253,5,8,3,1,6,0,7,1,4,4,7
30254,7,1,0,3,4,6,1,5,7,3,4
30255,3,6,1,8,5,3,2,6,0,1,1
30256,7,1,0,3,4,6,1,5,7,3,4
30257,5,8,3,1,6,0,7,1,4,4,7
30258,7,1,0,3,4,6,1,5,7,3,4
30259,0,4,5,0,2,9,4,1,4,8,2
30260,8,2,5,5,9,9,8,4,6,9,2
30261,1,7,6,2,0,8,0,9,5,6,5
30262,5,8,3,1,6,0,7,1,4,4,0
30263,0,8,3,1,6,0,7,1,4,4,0
30264,8,2,5,5,9,9,8,4,6,9,8
30265,7,1,0,3,4,6,1,5,7,3,4
30266,5,8,3,1,6,0,7,1,4,4,7
30267,7,8,3,1,4,0,1,1,4,3,4
30268,7,3,0,3,4,6,1,8,9,3,4
30269,5,8,3,1,6,0,7,1,4,4,7
30270,1,7,6,2,0,8,0,9,5,6,5
30271,0,4,5,0,2,9,4,1,4,8,2
30272,0,4,3,0,2,0,4,1,4,8,0
30273,7,1,0,3,4,6,1,5,7,3,4
30274,1,7,6,2,0,8,0,9,5,6,5
30275,3,6,1,8,5,3,2,6,0,1,1
30276,5,8,3,1,6,0,7,1,4,4,7
30277,0,4,3,0,2,0,4,1,4,8,0
30278,2,3,4,6,8,2,6,8,9,5,6
30279,5,5,8,1,6,4,7,0,8,4,7
30280,2,3,4,6,8,2,6,8,9,5,6
30281,1,7,6,2,0,8,0,9,5,6,5
30282,7,1,0,3,4,6,1,5,7,3,4
30283,5,8,3,1,6,0,7,1,4,4,7
30284,7,1,0,3,4,6,1,5,7,3,4
30285,7,1,0,3,4,6,1,5,7,3,4
30286,0,4,5,0,2,9,4,4,6,8,2
30287,5,8,3,1,6,0,7,1,4,4,7
30288,7,1,0,3,4,6,1,5,7,3,4
30289,4,5,8,9,3,4,3,0,8,7,3
30290,0,4,5,0,2,9,4,1,4,8,2
30291,6,5,2,7,1,5,9,2,3,2,9
30292,1,7,6,2,0,8,0,9,5,6,5
30293,3,6,1,8,5,3,2,6,0,1,1
30294,8,2,5,5,9,9,8,4,6,9,8
30295,5,5,8,9,3,4,7,0,8,7,7
30296,0,4,3,0,2,0,4,1,4,8,0
30297,6,5,2,7,1,5,9,2,3,2,9
30298,5,8,3,1,6,0,7,1,4,4,7
30299,1,7,6,2,0,8,0,9,5,6,5
30300,3,6,1,8,5,3,2,6,0,1,1
30301,1,7,6,2,0,8,0,9,5,6,5
30302,0,4,5,0,2,9,4,4,6,8,2
30303,1,7,6,2,0,8,0,9,5,6,5
30304,7,1,0,3,4,6,1,5,7,3,4
30305,1,7,6,2,0,8,0,9,5,6,5
30306,1,7,6,2,0,8,0,9,5,6,5
30307,0,4,5,0,2,9,4,4,6,8,2
30308,2,3,4,6,8,2,6,8,9,5,6
30309,6,5,2,7,1,5,9,2,3,2,9
30310,0,4,5,0,2,9,4,1,4,8,2
30311,5,8,3,1,6,0,7,1,4,4,7
30312,4,5,8,9,3,4,3,0,8,7,3
30313,0,4,5,0,2,9,4,4,6,8,2
30314,4,5,8,9,3,4,3,0,8,7,3
30315,7,1,0,3,4,6,1,5,7,3,4
30316,0,4,3,0,2,0,4,1,4,8,0
30317,6,5,2,7,1,5,9,2,3,2,9
30318,8,2,7,5,9,7,8,8,9,9,8
30319,0,8,3,0,2,0,4,1,4,8,0
30320,3,6,1,8,5,3,2,6,0,1,1
30321,5,8,3,1,6,0,7,1,4,4,7
30322,7,1,0,3,4,6,1,5,7,3,4
30323,7,1,0,3,4,6,1,5,7,3,4
30324,1,7,6,2,0,8,0,9,5,6,5
30325,0,4,3,0,2,0,4,1,4,8,0
30326,5,8,3,1,6,0,7,1,4,4,0
30327,5,8,3,1,6,0,7,1,4,4,7
30328,5,8,3,1,6,0,7,1,4,4,7
30329,6,5,2,7,1,5,9,2,3,2,9
30330,7,1,0,3,4,6,1,5,7,3,4
30331,3,6,1,8,5,3,2,6,0,1,1
30332,5,5,8,1,6,4,7,0,8,4,7
30333,7,1,0,3,4,6,1,5,7,3,4
30334,0,4,7,0,2,7,4,4,6,8,8
30335,1,7,6,2,0,8,0,9,5,6,5
30336,6,5,2,7,1,5,9,2,3,2,9
30337,1,7,6,2,0,8,0,9,5,6,5
30338,1,7,6,2,0,8,0,9,5,6,5
30339,0,4,3,0,2,0,4,1,4,8,0
30340,2,0,4,4,8,2,6,6,1,5,6
30341,5,5,8,1,6,4,7,0,8,4,7
30342,5,8,3,1,6,0,7,1,4,4,7
30343,4,5,8,9,3,4,3,0,8,7,3
30344,9,9,9,2,7,1,5,7,2,0,5
30345,4,5,8,9,3,4,3,0,8,7,3
30346,6,9,2,7,1,5,9,2,3,2,9
30347,7,1,0,3,4,6,1,5,7,3,4
30348,8,2,5,5,9,9,8,4,6,9,8
30349,6,5,2,7,1,5,9,2,3,2,9
30350,4,5,8,9,3,4,3,0,8,7,3
30351,7,1,0,3,4,6,1,5,7,3,4
30352,3,6,1,8,5,3,2,6,0,1,1
30353,6,5,2,7,1,5,9,2,3,2,9
30354,7,7,6,3,4,8,1,9,5,3,4
30355,6,5,2,7,1,5,9,2,3,2,9
30356,2,3,4,6,8,2,6,8,9,5,6
30357,0,8,3,1,6,0,7,1,4,4,0
30358,0,4,3,0,2,0,4,1,4,8,7
30359,5,8,3,1,6,0,7,1,4,4,7
30360,0,4,7,0,2,7,4,1,4,8,0
30361,0,8,3,1,6,0,4,1,4,4,0
30362,7,1,0,3,4,6,1,5,7,3,4
30363,3,6,1,9,5,3,2,6,8,1,1
30364,9,9,9,2,7,1,5,7,2,0,5
30365,6,5,2,7,1,5,9,2,3,2,9
30366,1,7,6,2,0,8,0,9,5,6,5
30367,5,8,3,1,6,0,7,1,4,4,0
30368,1,7,6,2,0,8,0,9,5,6,5
30369,6,9,2,7,1,5,9,2,3,2,9
30370,3,6,1,8,5,3,2,6,0,1,1
30371,7,1,0,3,4,6,1,5,7,3,4
30372,9,9,9,2,7,1,5,7,2,0,5
30373,3,6,1,8,5,3,2,6,0,1,1
30374,1,7,6,2,0,8,0,9,5,6,5
30375,7,1,0,3,4,6,1,5,7,3,4
30376,6,5,2,7,1,5,9,2,3,2,9
30377,7,1,0,3,4,6,1,5,7,3,4
30378,5,8,3,1,6,0,7,1,4,4,7
30379,7,1,0,3,4,6,1,5,7,3,4
30380,0,4,3,0,2,0,4,1,4,8,0
30381,1,7,6,2,0,8,0,9,5,6,5
30382,3,6,1,8,5,3,2,6,0,1,1
30383,7,1,0,3,4,6,1,5,7,3,4
30384,3,6,1,8,5,3,2,6,0,1,1
30385,5,8,3,1,6,0,7,1,4,4,0
30386,0,3,3,6,2,0,4,1,4,8,0
30387,4,5,8,9,3,4,3,0,8,7,7
30388,3,6,1,8,5,3,2,6,0,1,1
30389,1,7,6,2,0,8,0,9,5,6,5
30390,7,1,0,3,4,6,1,5,7,3,4
30391,3,6,1,8,5,3,2,6,0,1,1
30392,4,5,8,9,3,4,3,3,8,7,3
30393,7,1,0,3,4,6,1,5,7,3,4
30394,0,4,3,0,2,0,4,1,4,8,0
30395,5,8,3,1,6,0,7,1,4,4,7
30396,7,1,0,3,4,6,1,5,7,3,4
30397,7,1,0,3,4,6,1,5,7,3,4
30398,7,1,0,3,4,6,1,5,7,3,4
30399,7,1,0,3,4,6,1,5,7,3,4
30400,7,1,0,3,4,6,1,5,7,3,4
30401,7,1,0,3,4,6,1,8,7,3,4
30402,7,1,0,3,4,6,1,5,7,3,4
30403,7,1,0,3,4,6,1,5,7,3,4
30404,1,7,6,2,0,8,0,9,5,6,5
30405,7,1,0,3,4,6,1,5,7,3,4
30406,5,8,3,1,6,0,7,1,4,4,0
30407,7,1,0,3,4,6,1,5,7,3,4
30408,1,7,6,2,0,8,0,9,5,6,5
30409,7,6,0,8,4,6,1,6,0,3,1
30410,7,1,0,3,4,6,1,5,7,3,4
30411,7,1,0,3,4,6,1,5,7,3,4
30412,0,4,7,0,2,7,4,4,6,8,0
30413,3,6,1,8,5,3,2,6,0,1,1
30414,5,8,3,1,6,0,7,1,4,4,7
30415,7,1,0,3,4,6,1,5,7,3,4
30416,7,1,0,3,4,6,1,8,7,3,4
30417,7,1,0,3,4,6,1,5,7,3,4
30418,2,3,4,6,8,2,6,8,9,5,6
30419,5,8,3,1,6,0,7,1,4,4,7
30420,9,9,9,2,7,1,5,7,2,0,5
30421,5,5,8,9,3,4,7,0,8,7,7
30422,0,4,3,0,2,0,4,1,4,8,0
30423,7,1,0,3,4,6,1,5,7,3,4
30424,7,1,0,3,4,6,1,5,7,3,4
30425,3,0,1,4,5,3,2,6,1,1,1
30426,4,5,8,9,3,4,3,0,8,7,3
30427,1,7,6,2,0,8,0,7,5,6,5
30428,0,8,3,1,6,0,4,1,4,4,2
30429,4,5,8,9,3,4,3,3,8,7,3
30430,1,7,6,2,0,8,0,9,5,6,5
30431,2,3,4,6,8,2,6,8,9,5,6
30432,8,2,5,5,9,9,8,4,6,9,2
30433,8,2,5,5,9,9,8,4,6,9,8
30434,2,0,4,4,8,2,6,3,1,5,6
30435,2,3,4,6,8,2,6,8,9,5,6
30436,9,9,9,2,7,1,5,7,2,0,5
30437,8,2,7,5,9,7,8,4,6,9,0
30438,0,4,3,0,2,0,4,1,4,8,0
30439,3,0,1,4,5,3,2,3,1,1,1
30440,4,1,8,9,3,4,3,0,8,7,3
30441,9,9,9,2,7,1,5,7,2,0,5
30442,0,4,3,0,2,0,4,1,4,8,2
30443,2,3,4,6,1,2,6,8,9,2,6
30444,4,5,8,9,3,4,3,0,8,7,3
30445,2,1,4,3,8,2,6,3,7,5,6
30446,8,2,7,5,9,7,8,4,6,9,8
30447,8,2,7,5,9,7,8,4,6,9,8
30448,7,1,0,3,4,6,1,5,7,3,4
30449,8,2,5,5,9,9,8,4,6,9,8
30450,6,5,7,7,1,7,9,3,3,2,8
30451,8,2,7,5,9,7,8,4,6,9,8
30452,5,8,3,1,6,0,7,1,4,4,7
30453,8,2,5,5,9,9,8,4,6,9,8
30454,6,5,2,7,1,5,9,0,3,2,7
30455,3,0,1,4,5,3,2,6,1,1,1
30456,0,8,3,0,2,0,4,1,4,8,0
30457,9,9,9,2,7,1,5,7,2,0,5
30458,8,2,7,5,9,7,8,4,6,9,8
30459,6,5,2,7,1,5,9,2,3,2,9
30460,2,3,4,6,8,2,6,8,9,5,6
30461,2,3,4,6,8,2,6,3,9,5,6
30462,5,8,3,1,6,0,7,1,4,4,7
30463,5,8,7,1,6,7,7,1,4,4,7
30464,1,7,6,2,0,8,0,9,5,6,5
30465,8,2,5,5,9,9,8,7,2,9,8
30466,3,0,1,4,5,3,2,3,1,1,1
30467,2,3,4,6,8,2,6,8,9,5,6
30468,7,1,0,3,4,6,1,3,7,3,4
30469,0,4,3,0,2,0,4,1,4,8,2
30470,5,8,3,1,6,0,7,1,4,4,7
30471,1,7,6,2,0,8,0,9,5,6,5
30472,0,4,7,0,2,7,4,4,6,8,0
30473,3,0,1,4,5,3,2,6,1,1,1
30474,4,5,8,9,3,4,3,0,8,7,3
30475,9,9,9,2,7,1,5,7,2,0,5
30476,2,1,4,3,8,2,6,5,9,5,6
30477,2,3,4,6,8,2,6,8,9,5,6
30478,2,7,4,2,8,2,6,3,5,5,5
30479,8,2,5,5,9,9,8,4,6,9,8
30480,3,6,1,8,5,3,2,6,0,1,1
30481,8,2,5,5,9,9,8,4,6,9,8
30482,7,1,0,3,4,6,1,8,7,3,4
30483,2,3,4,6,8,2,6,8,9,5,6
30484,3,0,1,4,5,3,2,6,1,1,1
30485,9,5,9,2,7,1,5,2,2,0,5
30486,1,7,6,2,0,8,0,9,5,6,5
30487,9,3,9,6,7,1,5,8,9,0,6
30488,7,1,0,3,4,6,1,5,7,3,4
30489,2,1,4,3,8,2,6,5,7,5,6
30490,5,5,2,7,1,5,7,0,8,2,7
30491,0,4,7,0,2,7,4,1,4,8,0
30492,6,5,2,7,1,5,9,2,3,2,9
30493,9,9,9,2,7,1,5,7,2,0,5
30494,1,7,6,2,0,8,0,9,5,6,5
30495,8,2,9,5,9,1,8,7,2,9,8
30496,3,5,1,9,5,3,2,0,8,1,1
30497,0,4,7,0,2,7,4,4,6,8,0
30498,5,8,3,1,6,0,7,1,4,4,7
30499,8,2,7,5,9,7,8,3,6,9,8
30500,5,8,3,1,6,0,7,1,4,4,7
30501,9,9,9,5,7,1,5,7,2,0,8
30502,8,2,5,5,9,9,8,4,6,9,2
30503,9,9,9,2,7,1,5,1,2,0,5
30504,8,2,5,5,9,9,8,4,6,9,2
30505,0,4,7,0,2,7,4,4,6,8,0
30506,0,4,3,0,2,0,4,1,4,8,0
30507,4,5,8,9,3,4,3,0,8,7,3
30508,9,9,9,6,7,1,5,7,2,0,5
30509,9,9,9,2,7,1,5,7,2,0,5
30510,7,1,0,3,4,6,1,8,7,3,4
30511,2,1,4,3,8,2,6,5,7,5,6
30512,9,9,9,2,7,1,5,7,2,0,5
30513,8,2,5,5,9,9,8,4,6,9,8
30514,2,3,4,6,8,2,6,8,9,5,6
30515,2,3,4,6,8,2,6,3,9,5,6
30516,1,7,6,2,0,8,0,9,5,6,5
30517,8,2,7,5,9,7,8,4,6,9,8
30518,2,3,4,6,8,2,6,3,9,5,6
30519,2,3,4,6,8,2,6,8,9,5,6
30520,0,4,3,0,2,0,4,1,4,8,0
30521,9,9,9,2,7,1,5,3,2,0,8
30522,1,7,6,2,0,8,0,9,5,6,5
30523,2,3,4,6,8,2,6,8,9,5,6
30524,1,7,6,2,0,8,0,9,5,6,5
30525,2,3,4,6,8,2,6,3,9,5,6
30526,4,5,8,9,3,4,3,0,8,7,3
30527,2,3,4,6,8,2,6,8,9,5,6
30528,7,1,0,3,4,6,1,5,7,3,4
30529,5,8,3,1,6,0,7,1,4,4,7
30530,7,1,0,3,4,6,1,5,7,3,4
30531,9,9,9,2,7,1,5,7,2,0,5
30532,9,9,9,2,7,1,5,7,2,0,5
30533,9,5,9,2,7,1,5,3,2,0,5
30534,6,9,2,7,1,5,9,2,3,2,9
30535,9,9,9,2,7,1,5,7,2,0,5
30536,0,4,3,0,2,0,4,1,4,8,0
30537,0,4,3,0,2,0,4,1,4,8,0
30538,8,2,5,5,9,9,8,4,6,9,8
30539,2,3,7,6,8,7,6,8,9,5,6
30540,7,1,0,3,4,6,1,5,7,3,4
30541,9,9,9,2,7,1,5,7,2,0,8
30542,5,8,3,1,6,0,7,1,4,4,7
30543,2,3,4,6,8,2,6,8,9,5,6
30544,9,9,9,2,7,1,5,3,2,0,8
30545,8,2,7,5,9,7,8,4,6,9,8
30546,8,2,7,5,9,7,8,4,9,9,8
30547,3,0,1,4,5,3,2,6,1,1,1
30548,3,0,1,4,5,3,2,6,1,1,1
30549,8,2,5,5,9,9,8,4,6,9,8
30550,1,7,6,2,0,8,0,9,5,6,5
30551,0,4,7,0,2,7,4,4,6,8,0
30552,5,8,3,1,6,0,7,1,4,4,7
30553,9,9,9,2,7,1,5,7,2,0,5
30554,0,4,7,0,2,7,4,1,4,8,0
30555,3,0,1,4,5,3,2,6,1,1,1
30556,1,7,6,2,0,8,0,9,5,6,5
30557,4,0,8,9,3,4,3,0,8,7,3
30558,1,7,6,2,0,8,0,9,5,6,5
30559,8,2,4,5,9,2,8,8,9,9,8
30560,0,4,5,0,2,9,4,1,4,8,2
30561,2,3,4,6,8,2,6,8,9,5,6
30562,0,4,7,0,2,7,4,4,6,8,0
30563,4,5,8,9,3,4,3,3,8,7,3
30564,1,7,6,2,0,8,0,9,5,6,5
30565,2,3,4,6,8,2,6,3,9,5,6
30566,2,3,4,6,8,2,6,8,9,5,6
30567,1,7,6,2,0,8,0,9,5,6,5
30568,7,1,0,3,4,6,1,5,7,3,4
30569,6,5,2,7,1,5,9,2,3,2,9
30570,6,5,2,7,1,5,9,2,3,2,9
30571,7,1,0,3,4,6,1,5,7,3,4
30572,2,3,4,6,8,2,6,8,9,5,6
30573,8,2,7,5,9,7,8,4,6,9,8
30574,7,1,0,3,4,6,1,5,7,3,4
30575,2,3,4,6,8,2,6,8,9,5,6
30576,1,7,6,2,0,8,0,9,5,6,5
30577,4,5,8,9,3,4,3,3,8,7,3
30578,3,6,1,8,5,3,2,6,0,1,1
30579,8,2,5,5,9,9,8,4,6,9,2
30580,6,5,2,7,1,5,9,2,3,2,9
30581,9,3,9,2,7,1,5,8,9,0,5
30582,4,5,8,9,3,4,3,0,8,7,3
30583,0,4,7,0,2,7,4,4,6,8,0
30584,1,7,6,2,0,8,0,9,5,6,5
30585,3,0,1,4,5,3,2,3,1,1,1
30586,3,6,1,8,5,3,2,6,0,1,1
30587,9,9,9,2,7,1,5,7,2,0,5
30588,4,5,3,9,3,0,3,3,8,7,3
30589,6,5,2,7,1,5,9,2,3,2,9
30590,0,4,3,0,2,0,4,1,4,8,0
30591,7,1,0,3,4,6,1,5,7,3,4
30592,1,7,6,2,0,8,0,9,5,6,5
30593,8,2,7,5,9,7,8,4,6,9,8
30594,6,5,2,7,1,5,9,2,3,2,9
30595,2,3,4,6,8,2,6,3,9,5,6
30596,1,7,6,2,0,8,0,9,5,6,5
30597,4,5,8,9,3,4,3,3,8,7,3
30598,1,7,6,2,0,8,0,9,5,6,5
30599,8,2,7,5,9,7,8,4,6,9,8
30600,9,9,9,2,7,1,5,7,5,0,5
30601,9,9,9,2,7,1,5,7,2,0,5
30602,4,5,8,9,3,4,3,0,8,7,3
30603,8,2,7,5,9,7,8,4,6,9,8
30604,5,8,3,1,6,0,7,1,4,4,7
30605,2,0,4,4,8,2,6,3,1,5,6
30606,1,7,6,2,0,8,0,9,5,6,5
30607,9,9,9,2,7,1,5,7,2,0,5
30608,5,5,8,9,3,4,7,0,8,7,7
30609,5,5,3,1,6,0,7,1,4,4,7
30610,0,4,3,0,2,0,4,1,4,8,2
30611,2,3,4,6,8,2,6,8,9,5,6
30612,1,7,6,2,0,8,0,9,5,6,5
30613,8,2,7,5,9,7,8,4,2,9,8
30614,1,7,6,2,0,8,0,9,5,6,5
30615,2,3,4,6,8,2,6,3,9,5,6
30616,1,7,6,2,0,8,0,9,5,6,5
30617,4,5,8,9,3,4,3,3,8,7,3
30618,3,6,1,8,5,3,2,6,0,1,1
30619,8,2,7,5,9,7,8,4,6,9,8
30620,0,4,7,0,2,7,4,1,4,8,0
30621,9,9,9,2,7,1,5,7,2,0,5
30622,5,8,3,1,6,0,7,1,4,4,0
30623,8,2,7,5,9,7,8,4,6,9,8
30624,3,6,1,8,5,3,2,6,0,1,1
30625,3,0,1,4,5,3,2,3,1,1,1
30626,2,3,4,6,8,2,6,8,9,5,6
30627,8,2,7,5,9,7,8,4,6,9,8
30628,1,7,6,2,0,8,0,9,5,6,5
30629,8,2,7,5,9,7,8,4,6,9,8
30630,2,3,4,6,8,2,6,3,9,5,6
30631,9,9,9,2,7,1,5,7,2,0,5
30632,4,5,8,9,3,4,3,0,8,7,3
30633,8,2,7,5,9,7,8,4,6,9,8
30634,6,5,2,7,1,5,9,2,3,2,9
30635,9,9,9,2,7,1,5,7,2,0,5
30636,0,8,3,1,6,0,7,1,4,4,0
30637,8,2,7,5,9,7,8,4,6,9,8
30638,1,7,6,2,0,8,0,9,5,6,5
30639,9,9,9,2,7,1,5,7,2,0,5
30640,9,9,9,7,7,1,5,2,2,0,9
30641,8,2,5,5,9,9,8,4,6,9,8
30642,1,7,6,3,0,8,0,9,5,6,4
30643,8,2,7,5,9,9,8,4,6,9,8
30644,7,1,0,3,4,6,1,5,7,3,4
30645,2,1,4,3,8,2,6,5,7,5,6
30646,5,6,1,8,6,3,7,6,0,4,7
30647,9,9,9,2,7,1,5,3,2,0,5
30648,5,5,8,9,3,4,3,0,8,7,7
30649,9,9,9,2,7,1,5,7,2,0,5
30650,7,1,0,3,4,6,1,5,7,3,4
30651,3,0,1,4,5,3,2,3,1,1,1
30652,8,2,5,5,9,9,8,4,6,9,8
30653,3,0,1,4,5,3,2,3,1,1,1
30654,7,1,0,3,4,6,1,5,7,3,4
30655,6,3,2,7,1,5,9,2,3,2,9
30656,2,3,4,6,8,2,6,8,9,5,6
30657,8,2,5,5,9,9,8,4,6,9,2
30658,0,4,7,0,2,7,4,9,5,8,0
30659,8,2,5,5,9,9,8,4,6,9,8
30660,7,1,0,3,4,6,1,5,7,3,4
30661,9,9,9,2,7,1,5,7,2,0,5
30662,2,3,4,6,8,2,6,8,9,5,6
30663,6,9,2,2,1,5,9,2,2,2,9
30664,8,2,5,5,9,9,8,4,6,9,2
30665,2,0,4,4,8,2,6,3,1,5,6
30666,5,8,3,1,6,0,7,1,4,4,0
30667,9,9,9,2,7,1,5,7,2,0,5
30668,3,6,1,4,5,3,2,6,0,1,1
30669,6,5,2,7,1,5,9,2,3,2,9
30670,0,4,5,0,2,9,4,1,4,8,2
30671,4,5,8,9,3,4,3,3,8,7,3
30672,8,4,5,5,9,9,8,4,6,9,2
30673,7,1,0,3,4,6,1,5,7,3,4
30674,9,7,6,2,7,8,0,9,5,6,5
30675,7,1,0,3,4,6,1,5,7,3,4
30676,2,2,4,6,8,2,6,4,9,5,8
30677,8,2,5,5,9,9,8,4,6,9,8
30678,3,6,1,8,5,3,2,6,0,1,1
30679,7,1,0,3,4,6,1,5,7,3,4
30680,4,5,8,9,3,4,3,3,8,7,3
30681,7,1,0,3,4,6,1,5,7,3,4
30682,8,4,7,5,2,7,8,4,6,8,0
30683,8,2,7,5,9,7,8,4,6,9,8
30684,1,7,6,2,0,8,0,9,5,6,5
30685,4,5,8,9,3,4,3,3,8,7,3
30686,8,2,7,5,9,7,8,4,6,9,8
30687,4,5,8,9,3,4,3,3,8,7,3
30688,7,1,3,3,4,0,1,1,4,3,4
30689,4,5,8,9,3,4,3,3,8,7,3
30690,0,4,5,0,2,9,4,4,6,8,2
30691,8,2,7,5,9,7,8,4,6,9,8
30692,5,8,3,1,6,0,7,1,4,4,7
30693,8,2,7,5,9,7,8,4,6,9,8
30694,5,8,3,1,6,0,7,1,4,4,7
30695,9,9,9,2,7,1,5,7,2,0,5
30696,5,8,3,1,6,0,7,1,4,4,7
30697,2,2,4,2,8,2,6,3,6,5,8
30698,2,3,4,6,8,2,6,8,9,5,6
30699,2,0,4,4,8,2,6,3,1,5,6
30700,3,6,1,8,5,3,2,6,0,1,1
30701,8,2,7,5,9,7,8,4,6,9,8
30702,0,4,7,0,2,7,4,1,4,8,0
30703,2,3,4,6,8,2,6,8,9,5,6
30704,5,8,3,1,6,0,7,1,4,4,7
30705,6,5,2,7,1,5,9,2,3,2,9
30706,7,1,0,3,4,6,1,5,7,3,4
30707,2,0,4,4,8,2,6,3,1,5,6
30708,0,4,7,0,2,7,4,4,6,8,0
30709,2,0,4,4,8,2,6,3,1,5,6
30710,4,5,8,9,3,4,3,3,8,7,3
30711,9,9,9,2,7,1,5,7,2,0,5
30712,0,4,6,0,2,8,4,9,5,8,0
30713,0,4,5,0,2,9,4,4,6,8,2
30714,7,1,0,3,4,6,1,5,7,3,4
30715,4,5,8,9,3,4,3,3,8,7,3
30716,4,7,6,9,3,8,3,3,8,7,3
30717,7,1,0,3,4,6,1,5,7,3,4
30718,5,8,3,1,6,0,7,1,4,4,7
30719,9,9,9,2,7,1,5,1,2,0,5
30720,6,9,2,7,1,5,9,2,3,2,9
30721,9,9,9,2,7,1,5,7,2,0,5
30722,8,2,5,5,9,9,8,4,6,9,2
30723,8,2,5,5,9,9,8,4,6,9,2
30724,7,1,0,3,4,6,1,5,7,3,4
30725,8,2,7,5,9,7,8,4,6,9,8
30726,6,5,2,7,1,5,9,2,3,2,9
30727,9,5,9,2,7,1,5,3,2,0,5
30728,0,4,5,0,2,9,4,4,6,8,2
30729,2,3,4,6,8,2,6,3,9,5,0
30730,5,8,3,1,6,0,7,1,4,4,7
30731,9,9,9,2,7,1,5,7,2,0,5
30732,2,3,4,6,8,2,6,8,9,5,6
30733,7,1,0,3,4,6,1,5,7,3,4
30734,3,0,1,4,5,3,2,6,1,1,1
30735,8,2,7,5,9,7,8,4,6,9,8
30736,1,7,6,2,0,8,0,9,5,6,5
30737,9,9,9,2,7,1,5,7,2,0,5
30738,7,1,0,3,4,6,1,5,7,3,4
30739,8,2,5,5,9,9,8,4,6,9,2
30740,2,3,4,6,8,2,6,8,9,5,6
30741,4,5,8,9,3,4,3,3,8,7,3
30742,1,7,6,0,0,8,0,9,5,6,0
30743,2,3,4,6,8,2,6,8,9,5,6
30744,4,5,8,9,3,4,3,0,8,7,3
30745,8,2,7,5,9,7,8,4,6,9,8
30746,6,5,2,7,1,5,9,2,3,2,9
30747,7,1,0,3,4,6,1,5,7,3,4
30748,3,6,1,8,5,3,2,6,0,1,1
30749,9,9,9,2,7,1,5,7,2,0,5
30750,0,4,3,0,2,0,4,1,4,8,0
30751,6,0,2,4,1,5,9,3,1,2,3
30752,6,5,2,7,1,5,9,2,3,2,9
30753,8,2,7,5,9,7,8,4,6,9,8
30754,7,1,0,3,4,6,1,5,7,3,4
30755,4,5,8,9,3,4,3,3,8,7,3
30756,8,2,7,5,9,7,8,4,6,9,8
30757,9,9,9,2,7,1,5,7,2,0,5
30758,5,8,3,1,6,0,7,1,4,4,0
30759,8,2,7,5,9,7,8,4,6,9,8
30760,7,1,0,3,4,6,1,5,7,3,4
30761,9,9,9,2,7,1,5,3,2,0,5
30762,6,5,2,7,1,5,9,2,3,2,9
30763,8,2,7,5,9,7,8,4,6,9,8
30764,5,8,3,1,6,0,7,1,4,4,7
30765,8,2,7,5,9,7,8,4,6,9,8
30766,7,1,0,3,4,6,1,5,7,3,4
30767,8,2,5,5,9,9,8,4,6,9,2
30768,8,2,5,5,9,9,8,4,6,9,8
30769,6,5,2,7,1,5,9,3,3,2,9
30770,1,7,6,9,0,8,0,9,5,6,3
30771,9,3,6,2,7,8,0,9,2,6,5
30772,9,9,9,2,7,1,5,7,2,0,5
30773,9,9,9,2,7,1,5,7,2,0,8
30774,2,3,4,6,8,2,6,3,9,5,6
30775,9,9,9,2,7,1,5,7,2,0,5
30776,5,8,3,1,6,0,7,1,4,4,7
30777,9,9,9,2,7,1,5,7,2,0,5
30778,8,4,7,0,2,7,4,4,6,8,0
30779,9,9,9,2,7,1,5,7,2,0,5
30780,7,1,0,3,4,6,1,5,7,3,4
30781,9,9,9,2,7,1,5,7,2,0,5
30782,5,8,3,1,6,0,7,1,4,4,7
30783,8,2,7,5,9,7,8,4,6,9,8
30784,4,5,8,9,3,4,3,0,8,7,3
30785,9,9,9,2,7,1,5,7,2,0,5
30786,0,4,5,0,2,9,4,1,4,8,0
30787,3,6,1,8,5,3,2,6,0,1,1
30788,1,7,6,2,0,8,0,3,5,6,5
30789,1,7,6,2,0,8,0,9,5,6,5
30790,4,0,8,9,3,4,3,0,8,7,3
30791,7,1,0,3,4,6,1,5,7,3,4
30792,0,4,3,0,2,0,4,1,4,8,0
30793,7,1,0,3,4,6,1,5,7,3,4
30794,6,5,2,7,1,5,9,2,3,2,9
30795,0,4,3,0,2,0,4,1,4,8,0
30796,4,5,8,9,3,4,3,0,8,7,3
30797,7,1,0,3,4,6,1,5,7,3,4
30798,8,2,5,5,9,9,8,4,6,9,8
30799,4,5,8,9,3,4,3,0,8,7,3
30800,2,0,4,4,8,2,6,3,1,5,6
30801,0,4,7,0,2,7,4,4,6,8,0
30802,6,5,2,7,1,5,9,2,3,2,9
30803,2,3,4,6,8,2,6,8,9,5,6
30804,0,4,7,0,2,7,4,4,6,8,0
30805,0,4,7,0,2,7,4,4,6,8,0
30806,0,4,3,0,2,0,4,1,4,8,0
30807,3,0,1,4,5,3,2,6,1,1,1
30808,0,4,3,0,2,0,4,1,4,8,0
30809,9,9,9,2,7,1,5,7,2,0,5
30810,8,4,5,0,9,9,8,4,6,9,2
30811,6,5,2,7,1,5,9,2,3,2,9
30812,4,5,8,9,3,4,3,0,8,7,3
30813,7,1,0,3,4,6,1,5,7,3,4
30814,0,4,3,0,2,0,4,1,4,8,0
30815,0,4,7,0,2,7,4,1,4,8,0
30816,6,5,2,7,1,5,9,2,3,2,9
30817,2,0,4,4,8,2,6,3,1,5,6
30818,9,9,9,2,7,1,5,7,2,0,5
30819,4,5,8,9,3,4,3,0,8,7,3
30820,4,5,8,9,3,4,3,0,8,7,3
30821,0,4,7,0,2,7,4,4,6,8,0
30822,4,5,8,9,3,4,3,0,8,7,3
30823,2,3,4,6,8,2,6,8,9,5,6
30824,7,1,0,3,4,6,1,5,7,3,4
30825,0,4,7,0,2,7,4,4,6,8,0
30826,6,5,2,7,1,5,9,2,3,2,9
30827,3,6,1,8,5,3,2,6,0,1,1
30828,3,6,1,8,5,3,2,6,0,1,1
30829,1,7,6,2,0,8,0,9,5,6,5
30830,0,4,7,0,2,7,4,1,4,8,0
30831,6,5,2,7,1,5,9,2,3,2,9
30832,9,9,9,7,7,1,5,7,2,0,9
30833,7,1,0,3,4,6,1,5,7,3,4
30834,0,4,7,0,2,7,4,1,4,8,0
30835,0,4,7,0,2,7,4,1,4,8,0
30836,0,4,7,0,2,7,4,1,4,8,0
30837,7,1,0,3,4,6,1,5,7,3,4
30838,7,1,0,3,4,6,1,5,7,3,4
30839,4,5,8,9,3,4,3,0,8,7,3
30840,6,3,2,7,1,5,9,2,3,2,9
30841,0,4,7,0,2,7,4,4,6,8,0
30842,7,1,0,3,4,6,1,5,7,3,4
30843,2,3,4,6,8,2,6,8,9,5,6
30844,7,1,0,3,4,6,1,5,7,3,4
30845,8,4,7,0,2,7,8,4,6,8,8
30846,5,8,3,1,6,0,7,1,4,4,7
30847,1,7,6,2,0,8,0,9,5,6,5
30848,1,7,6,2,0,8,0,9,5,6,5
30849,3,6,1,8,5,3,2,6,0,1,1
30850,0,4,3,0,2,0,4,1,4,8,0
30851,0,4,7,0,2,7,4,3,4,8,0
30852,1,7,6,2,0,8,0,9,5,6,5
30853,4,1,8,9,3,4,3,0,8,7,3
30854,1,7,6,2,0,8,0,9,5,6,5
30855,4,5,8,9,3,4,3,0,8,7,3
30856,5,8,3,1,6,0,7,1,4,4,7
30857,4,5,8,9,3,4,3,0,8,7,3
30858,2,3,4,6,8,2,6,8,9,5,6
30859,7,1,0,3,4,6,1,5,7,3,4
30860,9,9,9,2,7,1,5,7,2,0,5
30861,1,7,6,2,0,8,0,9,5,6,5
30862,7,7,6,2,4,8,1,9,5,3,5
30863,0,4,7,0,2,7,4,1,4,8,0
30864,8,2,7,5,9,7,8,4,6,9,8
30865,7,1,0,3,4,6,1,5,7,3,4
30866,1,7,6,2,0,8,0,9,5,6,5
30867,2,3,4,6,8,2,6,8,9,5,6
30868,5,8,3,1,6,0,7,1,4,4,7
30869,1,7,6,2,0,8,0,9,5,6,5
30870,6,3,2,6,8,5,9,8,9,2,9
30871,3,6,1,8,5,3,2,6,0,1,1
30872,0,4,5,0,2,9,4,1,4,8,2
30873,4,5,8,9,3,4,3,0,8,7,3
30874,2,3,4,6,8,2,6,8,9,5,6
30875,0,4,7,0,2,7,4,1,4,8,0
30876,9,9,9,2,7,1,5,7,2,0,5
30877,0,4,3,0,2,0,4,1,4,8,0
30878,5,5,8,9,3,4,3,0,8,7,7
30879,8,4,5,0,2,9,4,4,6,8,2
30880,6,9,2,7,1,5,9,2,3,2,9
30881,6,5,2,7,1,5,9,2,3,2,9
30882,2,3,4,6,8,2,6,3,2,5,6
30883,7,1,0,3,4,6,1,5,7,3,4
30884,3,0,1,4,5,3,2,6,1,1,1
30885,7,1,0,3,4,6,1,5,7,3,4
30886,5,8,3,1,6,0,7,1,4,4,7
30887,0,4,7,0,2,7,4,1,4,8,0
30888,0,4,6,0,2,8,4,1,4,8,0
30889,7,1,0,3,4,6,1,5,7,3,4
30890,0,4,7,0,2,7,4,1,4,8,0
30891,3,0,1,4,5,3,2,6,1,1,1
30892,1,7,6,2,0,8,0,9,5,6,5
30893,0,4,7,0,2,7,4,1,4,8,0
30894,1,7,6,2,0,8,0,9,5,6,5
30895,7,1,0,3,4,6,1,5,7,3,4
30896,7,6,0,8,4,6,1,5,0,3,4
30897,7,1,0,3,4,6,1,5,7,3,4
30898,1,7,6,2,0,8,0,9,5,6,5
30899,0,4,7,0,2,7,4,4,6,8,0
30900,8,2,5,5,9,9,8,4,6,9,8
30901,9,9,9,2,7,1,5,7,2,0,5
30902,0,4,5,0,2,9,4,4,6,8,2
30903,2,1,4,3,8,2,6,5,7,5,6
30904,4,5,8,9,3,4,3,0,8,7,3
30905,6,5,2,7,1,5,9,2,3,2,9
30906,1,7,6,2,0,8,0,9,5,6,5
30907,2,3,4,6,8,2,6,8,9,5,6
30908,0,4,3,0,2,0,4,1,4,8,0
30909,1,7,6,2,0,8,0,9,5,6,5
30910,5,8,3,1,6,0,7,1,4,4,7
30911,4,5,8,9,3,4,3,0,8,7,3
30912,8,2,5,5,9,9,8,4,6,9,2
30913,0,4,7,0,2,7,4,4,6,8,0
30914,7,3,0,3,4,6,1,8,9,3,4
30915,7,1,0,3,4,6,1,5,7,3,4
30916,4,5,8,9,3,4,3,3,8,7,3
30917,0,4,5,0,2,9,4,4,6,8,2
30918,0,8,3,0,8,0,6,1,4,5,0
30919,2,3,4,6,8,2,6,8,9,5,6
30920,1,7,6,2,0,8,0,9,5,6,5
30921,8,2,7,5,9,7,8,4,6,9,8
30922,0,4,7,0,2,7,4,4,6,8,0
30923,3,0,1,4,5,3,2,3,1,1,1
30924,8,2,5,5,9,9,8,4,6,9,2
30925,6,5,2,7,1,5,9,2,3,2,9
30926,2,3,4,6,8,2,6,3,9,5,6
30927,9,7,6,2,0,8,0,9,5,6,5
30928,2,3,4,6,8,2,6,3,9,5,6
30929,2,0,4,4,8,2,6,3,1,5,6
30930,4,5,8,9,3,4,3,0,8,7,3
30931,6,5,2,7,1,5,9,2,3,2,9
30932,4,5,4,9,3,2,3,3,8,7,3
30933,8,2,7,5,9,7,8,4,6,9,0
30934,7,1,0,3,4,6,1,5,7,3,4
30935,0,4,7,0,2,7,4,4,6,8,0
30936,0,4,5,0,2,9,4,1,4,8,2
30937,2,3,4,6,8,2,6,8,9,5,6
30938,1,7,6,2,0,8,0,9,5,6,5
30939,2,0,4,4,8,2,6,3,1,5,6
30940,1,7,6,2,0,8,0,9,5,6,5
30941,0,4,7,0,2,7,4,4,6,8,0
30942,0,4,3,0,2,0,4,1,4,8,0
30943,3,0,1,4,5,3,2,6,1,1,1
30944,8,4,7,0,2,7,8,4,6,8,0
30945,4,5,8,9,3,4,3,0,8,7,3
30946,0,4,7,0,2,7,4,4,6,8,2
30947,0,4,7,0,2,7,4,4,6,8,0
30948,3,6,1,8,5,3,2,6,0,1,1
30949,7,1,0,3,4,6,1,5,7,3,4
30950,5,5,8,1,6,4,7,0,8,4,7
30951,6,5,2,7,1,5,9,2,3,2,9
30952,0,4,6,0,2,8,4,9,5,8,0
30953,0,4,3,0,2,0,4,1,4,8,0
30954,5,8,3,1,6,0,7,1,4,4,7
30955,7,0,0,4,4,6,1,5,1,3,4
30956,4,5,8,9,3,4,3,0,8,7,3
30957,7,1,0,3,4,6,1,5,7,3,4
30958,1,7,6,2,0,8,0,9,5,6,5
30959,0,4,5,0,2,9,4,4,6,8,0
30960,1,7,6,2,0,8,0,9,5,6,5
30961,7,1,0,3,4,6,1,5,7,3,4
30962,7,1,0,3,4,6,1,5,7,3,4
30963,1,7,6,2,0,8,0,9,5,6,5
30964,7,1,0,3,4,6,1,5,7,3,4
30965,3,0,1,4,5,3,2,6,1,1,1
30966,1,7,6,2,0,8,0,9,5,6,5
30967,2,3,4,6,8,2,6,8,9,5,6
30968,7,1,0,3,4,6,1,5,7,3,4
30969,1,7,6,2,0,8,0,9,5,6,5
30970,6,5,2,7,1,5,9,2,3,2,9
30971,4,5,8,9,3,4,3,0,8,7,3
30972,1,7,6,2,0,8,0,9,5,6,5
30973,0,4,3,0,2,0,4,1,4,8,2
30974,7,1,0,3,4,6,1,5,7,3,4
30975,6,5,2,7,1,5,9,2,3,2,9
30976,6,5,2,7,1,5,9,2,3,2,9
30977,0,4,7,0,2,7,4,9,5,8,0
30978,1,7,6,2,0,8,0,9,5,6,5
30979,0,4,7,0,2,7,4,4,6,8,0
30980,1,7,6,6,0,8,0,9,5,6,5
30981,0,4,7,0,2,7,4,9,6,8,0
30982,8,4,5,0,9,9,8,4,6,9,2
30983,7,1,0,3,4,6,1,5,7,3,4
30984,7,1,0,3,4,6,1,5,7,3,4
30985,2,3,4,6,8,2,6,8,9,5,6
30986,7,1,0,3,4,6,1,5,7,3,4
30987,0,4,3,0,2,0,4,1,4,8,0
30988,8,2,5,5,9,9,8,4,6,9,2
30989,4,5,8,9,3,4,3,0,8,7,3
30990,0,4,5,0,2,9,4,1,4,8,2
30991,4,5,8,9,3,4,3,0,8,7,3
30992,3,6,1,8,5,3,2,6,0,1,1
30993,6,3,2,7,1,5,9,2,3,2,9
30994,2,3,4,6,8,2,6,8,9,5,6
30995,4,5,8,9,3,4,3,3,8,7,3
30996,9,9,9,2,7,1,5,7,2,0,5
30997,6,3,2,7,1,5,9,2,3,2,9
30998,0,4,5,0,2,9,4,4,6,8,2
30999,2,3,4,6,8,2,6,8,9,5,6
31000,2,3,4,6,8,2,6,3,9,5,6
31001,1,7,6,2,0,8,0,9,5,6,5
31002,6,1,2,7,1,5,9,2,3,2,9
31003,0,4,7,0,2,7,4,4,6,8,0
31004,0,4,7,0,2,7,4,4,6,8,0
31005,2,1,4,3,8,2,6,5,7,5,6
31006,5,8,3,1,6,0,7,1,4,4,7
31007,7,1,0,3,4,6,1,5,7,3,4
31008,2,3,4,6,8,2,6,3,9,5,6
31009,0,4,3,0,2,0,4,1,4,8,0
31010,7,1,0,3,4,6,1,5,7,3,4
31011,7,1,0,3,4,6,1,5,7,3,4
31012,9,9,9,2,7,1,5,7,2,0,5
31013,4,5,8,9,3,4,3,3,8,7,3
31014,8,2,7,5,9,7,8,3,6,9,8
31015,3,6,1,8,5,3,2,6,0,1,1
31016,6,5,2,7,1,5,9,2,3,2,9
31017,1,7,6,2,0,8,0,9,5,6,5
31018,0,4,7,0,2,7,4,4,6,8,0
31019,1,7,6,2,0,8,0,9,5,6,5
31020,3,0,1,4,5,3,2,6,1,1,1
31021,7,1,0,3,4,6,1,5,7,3,4
31022,2,3,4,6,8,2,6,8,9,5,6
31023,1,7,6,2,0,8,0,9,5,6,5
31024,6,5,2,7,1,5,9,2,3,2,9
31025,0,4,7,0,2,7,4,4,6,8,0
31026,2,0,4,4,8,2,6,3,1,5,6
31027,8,2,7,5,9,7,8,4,6,9,8
31028,0,4,7,0,2,7,4,4,6,8,8
31029,8,2,7,5,9,7,8,4,6,9,8
31030,3,6,1,8,5,3,2,6,0,1,1
31031,4,5,8,9,3,4,3,0,8,7,3
31032,7,1,0,3,4,6,1,5,7,3,4
31033,1,7,6,2,0,8,0,9,5,6,5
31034,2,3,4,6,8,2,6,8,9,5,6
31035,2,3,4,6,8,2,6,8,9,5,6
31036,5,8,3,1,6,0,7,1,4,4,7
31037,4,5,8,9,3,4,3,0,8,7,3
31038,1,7,6,2,0,8,0,9,5,6,5
31039,2,3,4,6,8,2,6,8,9,5,6
31040,4,5,8,9,3,4,3,3,8,7,3
31041,0,4,5,0,2,9,4,4,6,8,0
31042,2,9,4,6,8,2,6,3,2,5,6
31043,3,0,1,4,5,3,2,6,1,1,1
31044,7,1,0,3,4,6,1,5,7,3,4
31045,1,7,6,2,0,8,0,9,5,6,5
31046,3,6,1,8,5,3,2,6,0,1,1
31047,6,5,2,7,1,5,9,2,3,2,9
31048,1,7,6,2,0,8,0,9,5,6,5
31049,7,1,0,3,4,6,1,5,7,3,4
31050,0,4,3,0,2,0,4,1,4,8,0
31051,0,4,7,0,2,7,4,1,4,8,0
31052,5,8,3,1,6,0,7,1,4,4,7
31053,2,3,4,6,8,2,6,3,9,5,6
31054,4,5,8,9,3,4,3,0,8,7,3
31055,0,4,5,0,2,9,4,1,4,8,2
31056,6,5,2,7,1,5,9,2,3,2,5
31057,0,4,5,0,2,9,4,4,6,8,0
31058,1,7,6,2,0,8,0,9,5,6,5
31059,3,0,1,4,5,3,2,6,1,1,1
31060,2,3,4,6,8,2,6,8,9,5,6
31061,9,9,9,2,7,1,5,7,2,0,5
31062,0,4,3,0,2,0,4,1,4,8,0
31063,3,0,1,4,5,3,2,6,1,1,1
31064,8,2,5,5,9,9,8,4,6,9,8
31065,7,1,0,3,4,6,1,5,7,3,4
31066,5,8,3,1,6,0,7,1,4,4,7
31067,8,4,7,5,9,7,8,4,6,9,0
31068,9,9,9,3,7,1,5,7,2,0,4
31069,9,9,9,2,7,1,5,3,2,0,5
31070,7,1,0,3,4,6,1,5,7,3,4
31071,4,5,8,9,3,4,3,0,8,7,3
31072,5,8,3,1,6,0,7,1,4,4,7
31073,0,4,5,0,2,9,4,4,6,8,2
31074,1,7,6,2,0,8,0,9,5,6,5
31075,7,1,0,3,4,6,1,5,7,3,4
31076,0,4,5,0,2,9,4,4,6,8,2
31077,0,4,6,0,2,8,4,9,5,8,0
31078,8,2,7,5,9,7,8,4,6,9,8
31079,3,0,1,4,5,3,2,6,1,1,1
31080,9,3,9,6,7,1,5,8,9,0,6
31081,9,9,9,2,7,1,5,7,2,0,5
31082,3,0,1,4,5,3,2,6,1,1,1
31083,0,4,7,0,2,7,4,1,4,8,0
31084,1,7,6,2,0,8,0,9,5,6,5
31085,0,4,5,0,2,9,4,1,4,8,2
31086,7,1,0,3,4,6,1,5,7,3,4
31087,2,3,4,6,8,2,6,8,9,5,6
31088,5,8,3,1,6,0,7,1,4,4,7
31089,0,4,6,0,2,8,4,9,5,8,0
31090,4,5,8,9,3,4,3,0,8,7,3
31091,7,1,0,3,4,6,1,8,7,3,4
31092,7,1,0,3,4,6,1,5,7,3,4
31093,1,7,6,2,0,8,0,9,5,6,5
31094,5,8,2,1,6,5,7,2,3,4,7
31095,3,6,1,8,5,3,2,6,0,1,1
31096,6,5,2,7,1,5,9,2,3,2,9
31097,0,4,7,0,2,7,4,4,6,8,0
31098,7,1,0,3,4,6,1,5,7,3,4
31099,9,9,9,2,7,1,5,3,2,0,5
31100,8,2,9,5,9,1,8,4,2,9,8
31101,0,4,5,0,2,9,4,1,4,8,2
31102,5,8,3,1,6,0,7,1,4,4,7
31103,8,2,7,5,9,7,8,4,2,9,8
31104,4,5,8,9,3,4,3,0,8,7,3
31105,4,5,8,9,3,4,3,3,8,7,3
31106,5,8,3,1,6,0,7,1,4,4,7
31107,0,4,7,0,2,7,4,4,6,8,0
31108,7,1,0,3,4,6,1,5,7,3,4
31109,3,6,1,8,5,3,2,6,0,1,1
31110,4,5,8,9,3,4,3,0,8,7,3
31111,8,2,7,5,9,7,8,4,6,9,8
31112,3,0,1,4,5,3,2,6,1,1,1
31113,1,7,6,2,0,8,0,9,5,6,5
31114,5,5,2,1,6,5,7,2,3,4,7
31115,0,4,7,0,2,7,4,1,4,8,0
31116,3,6,1,8,5,3,2,6,0,1,1
31117,7,1,0,3,4,6,1,5,7,3,4
31118,4,5,8,9,3,4,3,0,8,7,3
31119,2,3,4,6,8,2,6,8,9,5,6
31120,5,8,3,1,6,0,7,1,4,4,7
31121,9,9,7,2,7,7,5,9,2,0,0
31122,9,9,9,2,7,1,5,7,2,0,5
31123,9,9,9,2,7,1,5,7,2,0,5
31124,7,1,0,3,4,6,1,5,7,3,4
31125,0,4,5,0,2,9,4,4,6,8,2
31126,0,4,7,0,2,7,4,1,4,8,0
31127,3,0,1,4,5,3,2,6,1,1,1
31128,5,8,3,1,6,0,7,1,4,4,7
31129,1,7,6,2,0,8,0,9,5,6,5
31130,5,8,3,1,6,0,7,1,4,4,7
31131,0,4,7,0,2,7,4,1,4,8,0
31132,0,4,7,0,2,7,4,1,4,8,0
31133,6,5,2,7,1,5,9,2,3,2,9
31134,6,5,2,7,1,5,9,2,3,2,9
31135,7,1,0,3,4,6,1,5,7,3,4
31136,7,1,0,3,4,6,1,5,7,3,4
31137,5,8,3,1,6,0,7,1,4,4,2
31138,3,6,1,8,5,3,2,6,0,1,1
31139,2,3,4,6,8,2,6,8,9,5,0
31140,7,1,0,3,4,6,1,5,7,3,4
31141,0,4,7,0,2,7,4,9,5,8,0
31142,0,4,6,0,2,8,4,9,5,8,0
31143,4,5,8,9,3,4,3,0,8,7,3
31144,1,7,6,2,0,8,0,9,5,6,5
31145,3,6,1,8,5,3,2,6,0,1,1
31146,7,9,0,3,4,6,1,7,7,3,4
31147,4,5,8,9,3,4,3,3,8,7,3
31148,6,5,8,2,1,4,9,2,8,2,9
31149,2,3,4,6,8,2,6,3,9,5,6
31150,6,5,2,7,1,5,9,2,3,2,9
31151,9,9,9,2,7,1,5,3,2,0,5
31152,4,5,8,9,3,4,3,0,8,7,3
31153,7,1,0,3,4,6,1,5,7,3,4
31154,3,0,1,4,5,3,2,6,1,1,1
31155,7,1,0,3,4,6,1,5,7,3,4
31156,0,4,5,0,2,9,4,1,4,8,2
31157,4,5,8,9,3,4,3,0,8,7,3
31158,7,3,4,6,4,6,1,8,9,3,4
31159,8,2,7,5,9,7,8,4,6,9,8
31160,0,4,5,0,2,9,4,4,6,8,2
31161,0,4,7,0,2,7,4,1,4,8,0
31162,8,3,4,6,9,7,8,8,9,9,6
31163,9,9,9,2,7,1,5,1,2,0,5
31164,0,4,7,0,2,7,4,4,6,8,0
31165,3,0,1,4,5,3,2,6,1,1,1
31166,1,7,6,2,0,8,0,9,5,6,5
31167,4,5,6,2,0,8,3,3,5,6,3
31168,7,1,0,3,4,6,1,5,7,3,4
31169,9,9,9,2,7,1,5,7,2,0,5
31170,0,8,3,0,2,0,4,1,4,8,0
31171,3,6,1,8,5,3,2,6,0,1,1
31172,3,6,1,8,5,3,2,6,0,1,1
31173,3,6,1,8,5,3,2,6,0,1,1
31174,1,7,6,2,0,8,0,9,5,6,5
31175,4,5,8,9,3,4,3,3,8,7,3
31176,5,8,3,1,6,0,7,1,4,4,7
31177,6,5,2,7,1,5,9,2,3,2,9
31178,7,1,0,3,4,6,1,5,7,3,4
31179,1,7,6,2,0,8,0,9,5,6,5
31180,3,6,1,8,5,3,2,6,0,1,1
31181,1,7,6,2,0,8,0,9,5,6,5
31182,0,3,4,6,2,2,4,8,9,8,0
31183,7,1,0,3,4,6,1,5,7,3,4
31184,5,8,3,1,6,0,7,0,4,4,7
31185,9,9,9,2,7,1,5,7,2,0,5
31186,7,1,0,3,4,6,1,5,7,3,4
31187,0,4,5,0,2,9,4,4,6,8,2
31188,9,9,9,2,7,1,5,7,2,0,5
31189,8,2,5,5,9,9,8,4,6,9,2
31190,7,1,0,3,4,6,1,5,7,3,4
31191,2,3,4,6,8,2,6,8,9,5,6
31192,0,4,5,0,2,9,4,4,6,8,2
31193,4,5,8,9,3,4,3,0,8,7,3
31194,3,6,1,8,5,3,2,6,0,1,1
31195,3,6,1,8,5,3,2,6,0,1,1
31196,1,7,5,2,0,9,0,9,5,6,5
31197,9,9,9,2,7,1,5,1,2,0,8
31198,6,1,2,7,1,5,9,2,3,2,9
31199,3,0,1,4,5,3,2,6,1,1,1
31200,5,6,1,1,6,3,7,6,0,4,7
31201,7,1,0,3,4,6,1,5,7,3,4
31202,3,6,1,8,5,3,2,6,0,1,1
31203,4,5,8,9,3,4,3,0,8,7,3
31204,4,5,8,9,3,4,3,0,8,7,7
31205,9,9,9,2,7,1,5,7,2,0,5
31206,7,1,0,3,4,6,1,5,7,3,4
31207,8,2,5,5,9,9,8,4,6,9,2
31208,4,5,8,9,3,4,3,0,8,7,3
31209,9,9,9,2,7,1,5,7,2,0,5
31210,5,8,3,1,6,0,7,1,4,4,7
31211,9,9,9,2,7,1,5,7,2,0,5
31212,4,5,8,9,3,4,3,3,8,7,3
31213,8,4,7,5,9,7,8,4,6,9,0
31214,7,1,0,3,4,6,1,5,7,3,4
31215,8,2,7,5,9,7,8,4,6,9,8
31216,3,0,1,4,5,3,2,6,1,1,1
31217,7,1,0,3,4,6,1,5,7,3,4
31218,0,4,7,0,2,7,4,4,6,8,2
31219,8,2,5,5,9,9,8,4,6,9,8
31220,5,5,8,1,6,4,7,0,8,4,7
31221,6,5,2,7,1,5,9,2,3,2,9
31222,7,1,0,3,4,6,1,5,7,3,4
31223,0,4,7,0,2,7,4,4,6,8,0
31224,5,8,3,1,6,0,7,1,4,4,7
31225,0,4,7,0,2,7,4,1,4,8,0
31226,0,4,6,0,2,8,4,9,5,8,0
31227,0,4,7,0,2,7,4,4,6,8,0
31228,4,5,8,9,3,4,3,3,8,7,3
31229,7,1,0,3,4,6,1,5,7,3,4
31230,7,1,0,3,4,6,1,5,7,3,4
31231,4,5,8,9,3,4,3,0,8,7,3
31232,1,7,6,2,0,8,0,9,5,6,5
31233,6,5,2,7,1,5,9,2,3,2,9
31234,4,0,8,4,3,4,3,3,1,7,3
31235,8,2,7,5,9,7,8,4,6,9,0
31236,2,3,4,6,8,2,6,8,9,5,6
31237,1,7,6,2,0,8,0,7,5,6,5
31238,1,7,6,2,0,8,0,9,5,6,5
31239,8,2,5,5,9,9,8,4,6,9,8
31240,6,5,2,7,1,5,9,2,3,2,9
31241,6,5,2,7,1,5,9,2,3,2,9
31242,7,1,0,3,4,6,1,5,7,3,4
31243,3,0,1,4,5,3,2,3,1,1,1
31244,0,4,3,0,2,0,4,1,4,8,0
31245,9,9,9,2,7,1,5,7,2,0,5
31246,5,8,3,1,6,0,7,1,4,4,7
31247,6,0,2,7,1,5,9,2,3,2,9
31248,2,3,4,6,8,2,6,8,9,5,6
31249,2,3,4,6,8,2,6,8,9,5,6
31250,1,7,6,2,0,8,0,9,5,6,5
31251,8,2,7,5,9,7,8,4,6,9,8
31252,8,2,4,5,9,2,8,4,6,9,8
31253,9,9,9,2,7,1,5,7,2,0,5
31254,7,1,0,3,4,6,1,5,7,3,4
31255,9,5,9,7,7,1,5,3,2,0,9
31256,0,4,3,0,2,0,4,1,4,8,0
31257,8,2,5,5,9,9,8,4,6,9,8
31258,9,9,9,2,7,1,5,7,2,0,5
31259,2,3,4,6,8,2,6,3,2,5,6
31260,7,1,0,3,4,6,1,5,7,3,4
31261,8,2,7,5,9,7,8,4,6,9,8
31262,5,8,3,1,6,0,7,1,4,4,7
31263,3,0,1,4,5,3,2,3,1,1,1
31264,1,7,6,2,0,8,0,9,5,6,5
31265,9,9,9,2,7,1,5,7,2,0,5
31266,7,1,0,3,4,6,1,5,7,3,4
31267,6,0,2,7,1,5,9,2,3,2,9
31268,4,5,8,9,3,4,3,0,8,7,3
31269,2,3,4,6,8,2,6,8,9,5,6
31270,4,5,8,9,3,4,3,0,8,7,3
31271,0,4,5,0,2,9,4,4,6,8,2
31272,3,6,1,8,5,3,2,6,0,1,1
31273,9,9,9,6,7,1,5,3,2,0,8
31274,0,4,6,0,2,8,4,9,5,8,0
31275,8,2,7,5,9,7,8,4,6,9,8
31276,6,5,2,7,1,5,9,2,3,2,9
31277,3,0,1,4,5,3,2,3,1,1,1
31278,1,7,6,2,0,8,0,9,5,6,5
31279,9,9,9,2,7,1,5,7,2,0,5
31280,1,7,6,2,0,8,0,9,5,6,5
31281,6,5,2,7,1,5,9,2,3,2,9
31282,1,7,6,2,0,8,0,9,5,6,5
31283,9,9,9,2,7,1,5,7,2,0,8
31284,0,4,3,0,2,0,4,1,4,8,0
31285,8,2,7,5,9,7,8,4,6,9,8
31286,1,7,6,2,0,8,0,9,5,6,5
31287,9,9,9,2,7,1,5,7,2,0,5
31288,3,0,1,4,5,3,2,3,1,1,1
31289,9,9,9,7,7,1,5,3,2,0,9
31290,5,8,3,1,6,0,7,1,4,4,0
31291,8,2,5,5,9,9,8,4,6,9,2
31292,7,3,0,6,4,6,1,8,9,3,4
31293,2,3,4,6,8,2,6,3,2,5,6
31294,4,5,8,9,3,4,3,0,8,7,3
31295,8,2,5,5,9,9,8,4,6,9,2
31296,9,9,9,2,7,1,5,7,2,0,5
31297,3,0,1,4,5,3,2,6,1,1,1
31298,2,3,4,6,8,2,6,8,9,5,6
31299,8,2,7,5,9,7,8,4,6,9,8
31300,0,4,5,0,2,9,4,9,5,8,2
31301,9,9,9,2,7,1,5,7,2,0,8
31302,7,1,0,3,4,6,1,5,7,3,4
31303,4,5,8,9,3,4,3,3,8,7,3
31304,9,9,9,2,7,1,5,7,2,0,5
31305,8,2,7,5,9,7,8,3,6,9,8
31306,2,3,4,6,8,2,6,8,9,5,6
31307,9,9,9,2,7,1,5,7,2,0,5
31308,7,1,0,3,4,6,1,5,7,3,4
31309,8,2,7,5,9,7,8,4,6,9,8
31310,4,1,8,9,3,4,3,0,8,7,3
31311,2,3,4,7,8,2,6,3,3,5,6
31312,5,8,1,1,6,3,7,6,1,4,7
31313,9,9,9,2,7,1,5,7,2,0,5
31314,2,0,4,4,8,2,6,3,1,5,6
31315,5,2,7,5,9,7,7,4,6,9,8
31316,7,1,0,3,4,6,1,5,7,3,4
31317,8,2,7,5,9,7,8,4,6,9,8
31318,1,7,6,2,0,8,0,9,5,6,5
31319,8,2,5,5,9,9,8,4,6,9,8
31320,0,4,7,0,2,7,4,4,6,8,0
31321,6,0,2,7,1,5,9,3,3,2,9
31322,5,8,3,1,6,0,7,1,4,4,7
31323,9,9,9,2,7,1,5,7,2,0,5
31324,5,8,3,1,6,0,7,1,4,4,7
31325,8,2,7,5,9,7,8,4,6,9,8
31326,5,8,3,1,6,0,7,1,4,4,7
31327,4,5,8,9,3,4,3,0,8,7,3
31328,2,2,4,5,8,2,6,3,9,5,8
31329,2,3,4,6,8,2,6,8,9,5,6
31330,1,7,6,2,0,8,0,9,5,6,5
31331,8,2,7,5,9,7,8,4,6,9,8
31332,1,7,6,2,0,8,0,9,5,6,5
31333,2,3,4,6,8,2,6,8,9,5,6
31334,2,3,4,6,8,2,6,8,9,5,6
31335,9,9,9,2,7,1,5,7,2,0,5
31336,8,2,7,5,9,7,8,4,6,9,8
31337,8,2,7,5,9,7,8,4,6,9,8
31338,1,7,6,2,0,8,0,9,5,6,5
31339,9,9,9,7,7,1,5,7,2,0,9
31340,5,8,3,1,6,0,7,1,4,4,0
31341,3,0,1,4,5,3,2,3,1,1,1
31342,4,5,8,9,3,4,3,0,8,7,3
31343,9,9,9,2,7,1,5,7,2,0,5
31344,2,3,4,6,8,2,6,8,9,5,6
31345,9,9,9,2,7,1,5,7,2,0,5
31346,2,3,4,6,8,2,6,8,9,5,6
31347,9,9,9,2,7,1,5,7,2,0,8
31348,1,7,6,2,0,8,0,9,5,6,5
31349,9,9,9,2,7,1,5,7,2,0,8
31350,3,6,1,4,5,3,2,6,0,1,1
31351,8,2,5,5,9,9,8,4,6,9,8
31352,2,3,4,6,8,2,6,8,9,5,6
31353,8,2,7,5,9,7,8,4,6,9,8
31354,6,5,2,7,1,5,9,2,3,2,9
31355,2,3,4,6,8,2,6,8,9,5,6
31356,2,3,4,6,8,2,6,8,9,5,6
31357,9,9,9,2,7,1,5,7,2,0,5
31358,0,4,7,0,2,7,4,4,6,8,0
31359,9,9,9,2,7,1,5,7,2,0,8
31360,1,5,6,2,0,8,0,9,5,6,5
31361,3,0,1,4,5,3,2,6,1,1,1
31362,0,4,5,0,2,9,4,1,4,8,2
31363,4,5,8,9,3,4,3,3,8,7,3
31364,5,8,3,1,6,0,7,1,4,4,7
31365,9,9,9,2,7,1,5,7,2,0,5
31366,9,9,9,2,7,1,5,7,2,0,8
31367,3,0,1,4,5,3,2,6,1,1,1
31368,5,5,8,1,6,4,7,0,8,4,7
31369,3,0,1,4,5,3,2,6,1,1,1
31370,1,7,6,2,0,8,0,9,5,6,5
31371,9,9,9,2,7,1,5,7,2,0,5
31372,9,9,9,2,7,1,5,7,2,0,5
31373,6,2,2,7,1,5,9,3,3,2,8
31374,0,4,3,0,2,0,4,1,4,8,0
31375,9,9,9,2,7,1,5,7,2,0,5
31376,0,8,3,0,2,0,4,1,4,8,0
31377,1,7,6,2,0,8,0,9,5,6,5
31378,0,8,3,1,6,0,7,1,4,4,0
31379,2,3,4,6,8,2,6,8,9,5,6
31380,7,3,3,5,4,0,1,8,4,3,0
31381,1,7,6,2,0,8,0,9,5,6,5
31382,0,4,3,0,2,0,4,1,4,8,0
31383,0,4,5,0,2,9,4,4,6,8,2
31384,1,7,6,2,0,8,0,9,5,6,5
31385,8,2,7,5,9,7,8,4,6,9,8
31386,1,7,6,2,0,8,0,9,5,6,5
31387,8,2,7,5,9,7,8,4,6,9,8
31388,6,1,2,7,1,5,9,2,3,2,9
31389,3,0,1,4,5,3,2,6,1,1,1
31390,1,7,6,2,0,8,0,9,5,6,5
31391,8,2,5,5,9,9,8,4,6,9,8
31392,3,0,1,4,5,3,2,6,1,1,1
31393,3,0,1,4,5,3,2,3,1,1,1
31394,8,2,7,5,9,7,8,4,6,9,8
31395,6,2,2,7,1,5,9,2,3,2,9
31396,0,4,6,0,2,8,4,1,4,8,0
31397,9,9,9,2,7,1,5,3,2,0,5
31398,0,4,5,0,2,9,4,1,4,8,2
31399,9,9,9,2,7,1,5,3,2,0,8
31400,5,8,3,1,6,0,7,1,4,4,7
31401,6,5,2,7,1,5,9,2,3,2,9
31402,7,1,0,3,4,6,1,5,7,3,4
31403,8,2,7,5,9,7,8,4,6,9,8
31404,2,3,4,6,8,2,6,8,9,5,6
31405,8,2,7,5,9,7,8,4,6,9,8
31406,1,7,6,2,0,8,0,9,5,6,5
31407,8,2,7,5,9,7,8,4,6,9,8
31408,0,4,6,0,2,8,4,1,4,8,0
31409,6,5,2,7,1,5,9,3,3,2,9
31410,3,6,1,8,5,3,2,6,0,1,1
31411,4,5,8,9,3,4,3,0,8,7,3
31412,5,8,3,1,6,0,7,1,4,4,7
31413,9,9,9,2,7,1,5,7,2,0,5
31414,7,1,0,3,4,6,1,8,7,3,4
31415,9,9,9,2,7,1,5,7,2,0,5
31416,5,8,3,1,6,0,7,1,4,4,0
31417,8,2,7,5,9,7,8,4,6,9,8
31418,7,1,0,3,4,6,1,5,7,3,4
31419,8,2,7,5,9,7,8,4,6,9,8
31420,1,7,6,2,0,8,0,9,5,6,5
31421,9,9,9,2,7,1,5,7,2,0,5
31422,6,9,2,7,1,5,9,2,3,2,9
31423,8,2,5,5,9,9,8,4,6,9,8
31424,2,3,4,6,8,2,6,3,9,5,6
31425,3,0,1,4,5,3,2,6,1,1,1
31426,8,2,9,5,9,1,8,4,2,9,8
31427,9,9,9,2,7,1,5,7,2,0,5
31428,5,8,3,1,6,0,7,1,4,4,7
31429,6,5,2,7,1,5,9,2,3,2,9
31430,3,6,1,8,5,3,2,6,0,1,1
31431,2,7,6,2,8,8,6,9,5,5,5
31432,1,7,6,2,0,8,0,9,5,6,5
31433,8,2,7,5,9,7,8,4,6,9,8
31434,2,0,4,6,8,2,6,3,9,5,6
31435,7,1,0,3,4,6,1,5,7,3,4
31436,5,8,3,1,6,0,7,1,4,4,7
31437,2,3,4,6,8,2,6,3,9,5,6
31438,5,8,3,1,6,0,7,1,4,4,7
31439,8,2,5,5,9,9,8,4,6,9,8
31440,7,1,0,3,4,6,1,5,7,3,4
31441,9,7,6,2,7,8,5,9,2,0,5
31442,2,2,7,5,8,7,6,3,6,5,8
31443,8,2,5,5,9,9,8,4,6,9,8
31444,7,1,0,3,4,6,1,5,7,3,4
31445,3,0,1,4,5,3,2,6,1,1,1
31446,7,1,0,3,4,6,1,3,7,3,4
31447,9,9,9,2,7,1,5,7,2,0,5
31448,0,4,7,0,2,7,4,1,4,8,0
31449,6,5,2,7,1,5,9,2,3,2,9
31450,8,2,6,2,9,8,8,4,6,9,5
31451,7,1,0,3,4,6,1,5,7,3,4
31452,7,1,0,3,4,6,1,5,7,3,4
31453,9,9,7,2,7,7,5,7,2,0,5
31454,7,1,0,3,4,6,1,8,7,3,4
31455,7,1,0,3,4,6,1,5,7,3,4
31456,3,6,1,8,5,3,2,6,0,1,1
31457,4,7,8,9,3,4,3,3,8,7,3
31458,0,4,7,0,2,7,4,1,4,8,0
31459,8,2,5,5,9,9,8,4,6,9,2
31460,5,8,3,1,6,0,7,1,4,4,7
31461,1,7,6,2,0,8,0,9,5,6,5
31462,6,1,2,7,1,5,9,2,3,2,9
31463,2,0,4,4,8,2,6,5,1,5,6
31464,4,5,8,9,3,4,3,0,8,7,3
31465,9,9,9,2,7,1,5,7,2,0,5
31466,3,6,1,8,5,3,2,6,0,1,1
31467,9,9,9,2,7,1,5,7,2,0,5
31468,2,3,4,6,8,2,6,8,9,5,6
31469,2,1,4,3,8,2,6,3,7,5,6
31470,3,6,1,8,5,3,2,6,0,1,1
31471,8,2,7,5,9,7,8,4,6,9,8
31472,7,1,0,3,4,6,1,5,7,3,4
31473,7,1,0,3,4,6,1,5,7,3,4
31474,2,1,4,3,8,2,6,5,7,5,6
31475,1,7,6,2,0,8,0,3,5,6,5
31476,3,6,1,8,5,3,2,6,0,1,1
31477,8,2,5,5,9,9,8,4,6,9,8
31478,1,7,6,2,0,8,0,9,5,6,5
31479,2,3,4,6,8,2,6,8,9,5,6
31480,5,8,3,1,6,0,7,1,4,4,7
31481,4,5,8,9,3,4,3,0,8,7,3
31482,2,3,4,6,8,2,6,8,9,5,6
31483,6,5,2,7,1,5,9,2,3,2,9
31484,0,4,3,0,2,0,4,1,4,8,0
31485,5,8,3,1,6,0,7,1,4,4,2
31486,7,1,0,3,4,6,1,5,7,3,4
31487,9,9,9,2,7,1,5,7,2,0,5
31488,7,8,3,1,6,0,1,1,4,4,0
31489,2,4,7,6,8,7,6,3,9,5,0
31490,3,0,1,4,5,3,2,6,1,1,1
31491,4,5,8,9,3,4,3,3,8,7,3
31492,7,9,0,3,4,6,1,5,7,3,4
31493,6,5,2,7,1,5,9,2,3,2,9
31494,1,7,6,2,0,8,0,9,5,6,5
31495,7,1,0,3,4,6,1,5,7,3,4
31496,7,1,0,3,4,6,1,5,7,3,4
31497,3,6,1,8,5,3,2,6,0,1,4
31498,1,7,6,2,0,8,0,9,5,6,5
31499,7,1,0,3,4,6,1,5,7,3,4
31500,4,5,7,9,3,7,3,4,8,7,0
31501,0,4,7,0,2,7,4,4,6,8,0
31502,3,6,1,8,5,3,2,6,0,1,1
31503,6,9,2,7,1,5,9,2,3,2,9
31504,7,1,0,3,4,6,1,5,7,3,4
31505,2,3,4,6,8,2,6,3,9,5,6
31506,1,7,6,2,0,8,0,9,5,6,5
31507,2,3,4,6,8,2,6,8,9,5,6
31508,6,5,2,7,1,5,9,2,3,2,9
31509,3,0,1,4,5,3,2,6,1,1,1
31510,0,4,5,0,2,9,4,1,4,8,2
31511,9,9,9,2,7,1,5,7,2,0,5
31512,9,9,9,6,7,1,5,7,2,0,6
31513,6,5,2,7,1,5,9,2,3,2,9
31514,5,8,3,1,6,0,7,1,4,4,7
31515,2,3,4,6,8,2,6,8,9,5,6
31516,1,7,6,2,0,8,0,3,5,6,5
31517,8,2,7,5,9,7,8,4,6,9,8
31518,3,6,1,8,5,3,2,6,0,1,1
31519,8,2,7,5,9,7,8,3,6,9,8
31520,7,1,0,3,4,6,1,5,7,3,4
31521,9,9,9,2,7,1,5,7,2,0,5
31522,0,4,3,0,2,0,4,1,4,8,0
31523,0,4,5,0,2,9,4,4,6,8,2
31524,5,8,3,1,6,0,7,1,4,4,7
31525,2,3,4,6,8,2,6,8,9,5,6
31526,1,7,6,2,0,8,0,9,5,6,5
31527,0,4,3,0,2,0,4,1,4,8,2
31528,2,3,4,6,8,2,6,8,9,5,6
31529,1,7,6,2,0,8,0,9,5,6,5
31530,7,3,0,6,4,6,1,8,9,3,6
31531,0,4,5,0,2,9,4,1,4,8,2
31532,8,4,7,0,2,7,4,4,6,8,0
31533,0,4,5,0,2,9,4,4,6,8,2
31534,9,9,9,2,7,1,5,7,2,0,5
31535,2,0,4,4,8,2,6,3,1,5,6
31536,5,8,3,1,6,0,7,1,4,4,7
31537,9,9,9,2,7,1,5,7,2,0,5
31538,7,1,0,3,4,6,1,5,7,3,4
31539,8,2,7,5,9,7,8,4,6,9,8
31540,7,3,0,3,4,6,1,8,9,3,4
31541,5,8,3,1,6,0,7,1,4,4,7
31542,8,7,6,2,0,8,0,9,5,6,5
31543,5,2,7,1,6,7,7,4,6,4,7
31544,1,7,6,2,0,8,0,3,5,6,5
31545,3,0,1,4,5,3,2,3,1,1,8
31546,6,5,2,7,1,5,9,2,3,2,9
31547,5,8,3,1,6,0,7,1,4,4,7
31548,1,7,6,2,0,8,0,9,5,6,5
31549,5,8,3,1,6,0,7,1,4,4,7
31550,1,7,6,2,0,8,0,9,5,6,5
31551,0,4,7,0,2,7,4,4,6,8,0
31552,0,4,7,0,2,7,4,9,5,8,0
31553,8,2,5,5,9,9,8,4,6,9,8
31554,7,1,0,3,4,6,1,5,7,3,4
31555,6,5,2,7,1,5,9,2,3,2,9
31556,9,9,9,2,7,1,5,7,2,0,5
31557,2,9,4,2,8,2,6,3,2,5,6
31558,1,7,6,0,0,8,0,9,5,6,0
31559,7,1,0,3,4,6,1,5,7,3,4
31560,8,4,5,0,2,9,8,4,6,8,2
31561,0,4,7,0,2,7,4,4,6,8,0
31562,7,1,0,3,4,6,1,5,7,3,4
31563,8,2,7,5,9,7,8,4,6,9,8
31564,7,1,0,3,4,6,1,5,7,3,4
31565,5,8,3,1,6,0,7,1,4,4,7
31566,0,4,3,0,2,0,4,1,4,8,0
31567,3,0,1,4,5,3,2,6,1,1,1
31568,4,5,8,9,3,4,3,0,8,7,3
31569,2,3,4,6,8,2,6,8,9,5,6
31570,1,7,6,2,0,8,0,9,5,6,5
31571,8,2,5,5,9,9,8,4,6,9,8
31572,4,5,8,9,3,4,3,3,8,7,3
31573,8,2,7,5,9,7,8,4,6,9,8
31574,5,8,3,1,6,0,7,1,4,4,0
31575,3,0,1,4,5,3,2,3,1,1,1
31576,5,8,3,1,6,0,7,1,4,4,7
31577,4,5,8,9,3,4,3,3,8,7,3
31578,1,7,6,2,0,8,0,9,5,6,5
31579,2,3,4,6,8,2,6,8,9,5,6
31580,5,8,3,1,6,0,7,1,4,4,7
31581,3,0,1,4,5,3,2,6,1,1,1
31582,7,1,0,3,4,6,1,5,7,3,4
31583,9,2,7,5,9,7,8,7,2,9,8
31584,7,1,0,3,4,6,1,5,7,3,4
31585,4,5,8,9,3,4,3,3,8,7,3
31586,4,5,8,9,3,4,3,0,8,7,3
31587,2,3,4,6,8,2,6,8,9,5,6
31588,7,1,0,3,4,6,1,5,7,3,4
31589,8,2,5,5,9,9,8,4,6,9,8
31590,7,1,0,3,4,6,1,5,7,3,4
31591,9,9,9,2,7,1,5,7,2,0,8
31592,1,7,6,2,0,8,0,9,5,6,5
31593,8,2,7,5,9,7,8,4,6,9,8
31594,5,8,3,1,6,0,7,1,4,4,7
31595,7,1,0,3,4,6,1,3,7,3,4
31596,2,3,4,6,8,2,6,8,9,5,6
31597,9,9,9,2,7,1,5,7,2,0,5
31598,5,8,3,1,6,0,7,0,4,4,7
31599,2,3,4,6,8,2,6,8,9,5,6
31600,7,1,0,3,4,6,1,5,7,3,4
31601,8,2,7,5,9,7,8,4,6,9,8
31602,1,7,6,3,0,8,0,9,5,6,4
31603,6,9,2,7,1,5,9,2,3,2,9
31604,3,6,1,8,5,3,2,6,0,1,1
31605,8,4,7,5,9,7,8,4,6,9,0
31606,4,5,8,9,3,4,3,0,8,7,3
31607,2,3,4,6,4,2,6,8,9,3,6
31608,7,1,0,3,4,6,1,5,7,3,4
31609,4,5,8,9,3,4,3,0,8,7,3
31610,7,1,0,3,4,6,1,5,7,3,4
31611,2,3,4,6,8,2,6,8,9,5,6
31612,1,7,6,2,0,8,0,9,5,6,5
31613,4,5,8,9,3,4,3,0,8,7,3
31614,0,4,5,0,2,9,4,4,6,8,2
31615,2,3,4,6,8,2,6,1,9,5,6
31616,6,5,2,7,1,5,9,2,3,2,9
31617,6,9,2,7,1,5,9,2,3,2,9
31618,7,1,0,3,4,6,1,5,7,3,4
31619,4,5,8,9,3,4,3,3,8,7,3
31620,9,9,6,2,7,8,5,3,2,0,5
31621,8,2,7,5,9,7,8,4,6,9,8
31622,7,1,0,3,4,6,1,5,7,3,4
31623,4,5,8,9,3,4,3,3,8,7,3
31624,5,8,2,7,1,5,7,2,3,2,7
31625,3,0,1,4,5,3,2,3,1,1,1
31626,4,5,8,9,3,4,3,0,8,7,3
31627,7,1,0,3,4,6,1,5,7,3,4
31628,2,3,4,6,8,2,6,3,9,5,6
31629,4,5,8,9,3,4,3,3,8,7,3
31630,0,3,4,6,2,2,4,8,9,8,0
31631,2,3,4,6,8,2,6,8,9,5,6
31632,0,4,7,0,2,7,4,1,4,8,0
31633,1,7,6,2,0,8,0,9,5,6,5
31634,7,1,0,3,4,6,1,5,7,3,4
31635,9,7,6,2,7,8,5,9,5,0,5
31636,7,1,0,3,4,6,1,5,7,3,4
31637,2,8,7,1,8,2,6,3,4,5,6
31638,1,7,6,2,0,8,0,9,5,6,5
31639,3,0,1,4,5,3,2,6,1,1,1
31640,1,7,6,2,0,8,0,9,5,6,5
31641,2,3,4,6,8,2,6,5,9,5,6
31642,1,7,6,2,0,8,0,9,5,6,5
31643,8,2,5,5,9,9,8,4,6,9,8
31644,7,1,0,3,4,6,1,5,7,3,4
31645,9,9,9,2,7,1,5,3,2,0,5
31646,5,5,8,1,6,4,7,0,8,4,7
31647,9,9,9,2,7,1,5,7,2,0,5
31648,5,8,3,1,6,0,7,1,4,4,7
31649,9,9,9,2,7,1,5,9,2,0,5
31650,5,8,3,1,6,0,7,1,4,4,7
31651,2,1,4,6,8,2,6,5,9,5,6
31652,1,7,6,2,0,8,0,9,5,6,5
31653,8,2,7,5,9,7,8,4,6,9,8
31654,5,5,8,9,6,4,7,0,8,4,7
31655,2,3,4,6,8,2,6,8,9,5,6
31656,2,3,4,6,8,2,6,8,9,5,6
31657,3,0,1,4,5,3,2,3,1,1,1
31658,6,5,2,7,1,5,9,2,3,2,9
31659,8,2,5,5,9,9,8,4,6,9,8
31660,5,8,3,1,6,0,7,1,4,4,7
31661,3,6,1,8,5,3,2,6,0,1,1
31662,6,5,2,7,1,5,9,2,3,2,9
31663,1,7,6,2,0,8,0,9,5,6,5
31664,0,8,3,0,6,0,4,1,4,4,0
31665,1,7,6,2,0,8,0,9,5,6,5
31666,6,5,8,9,3,4,9,2,8,7,9
31667,7,1,0,3,4,6,1,5,7,3,4
31668,5,8,3,1,6,0,7,1,4,4,0
31669,1,7,6,0,0,8,0,9,5,6,0
31670,4,5,8,9,3,4,3,0,8,7,3
31671,0,4,5,0,2,9,4,4,6,8,2
31672,9,9,9,2,7,1,5,7,2,0,5
31673,8,2,5,5,9,9,8,4,6,9,2
31674,0,4,7,0,2,7,4,4,6,8,2
31675,0,4,3,0,2,0,4,1,4,8,0
31676,0,4,3,0,2,0,4,1,4,8,0
31677,3,6,1,8,5,3,2,6,0,1,1
31678,0,4,5,0,2,9,4,4,6,8,2
31679,1,7,6,2,0,8,0,9,5,6,5
31680,7,1,0,3,4,6,1,5,7,3,4
31681,9,9,9,2,7,1,5,7,2,0,5
31682,2,3,4,6,8,2,6,8,9,5,6
31683,3,6,1,8,5,3,2,6,0,1,1
31684,8,2,9,5,9,1,8,4,6,9,8
31685,1,7,6,2,0,8,0,9,5,6,5
31686,4,5,8,9,3,4,3,3,8,7,3
31687,7,1,0,3,4,6,1,5,7,3,4
31688,6,1,2,7,1,5,9,2,3,2,9
31689,1,7,6,2,0,8,0,9,5,6,5
31690,0,8,3,0,2,0,4,1,4,8,0
31691,7,1,0,3,4,6,1,5,7,3,4
31692,5,8,3,1,6,0,7,1,4,4,7
31693,5,8,3,1,6,0,7,1,4,4,7
31694,7,1,0,3,4,6,1,5,7,3,4
31695,3,6,1,8,5,3,2,6,0,1,1
31696,6,5,2,7,1,5,9,2,3,2,9
31697,0,4,3,0,2,0,4,1,4,8,0
31698,8,2,5,5,9,9,8,4,6,9,8
31699,5,8,3,1,6,0,7,1,4,4,7
31700,0,4,7,0,2,7,4,1,4,8,0
31701,1,7,6,2,0,8,0,9,5,6,5
31702,2,3,4,6,8,2,6,8,9,5,6
31703,7,1,0,3,4,6,1,5,7,3,4
31704,7,1,0,3,4,6,1,5,7,3,4
31705,4,5,8,9,3,4,3,0,8,7,3
31706,7,1,0,3,4,6,1,5,7,3,4
31707,0,4,3,0,2,0,4,1,4,8,0
31708,1,7,6,2,0,8,0,9,5,6,5
31709,7,9,0,3,4,6,1,7,7,3,4
31710,4,5,8,9,3,4,3,0,8,7,3
31711,5,9,9,1,7,1,7,7,2,0,7
31712,0,4,0,0,2,6,4,8,7,8,0
31713,0,4,5,0,2,9,4,4,6,8,2
31714,5,5,8,9,3,4,7,0,8,7,7
31715,8,2,5,5,9,9,8,4,6,9,8
31716,3,6,1,8,5,3,2,6,0,1,1
31717,0,4,7,0,2,7,4,3,4,8,8
31718,1,7,6,2,0,8,0,9,5,6,5
31719,7,1,0,3,4,6,1,5,7,3,4
31720,1,7,6,2,0,8,0,9,5,6,5
31721,2,3,4,6,8,2,6,8,9,5,6
31722,7,1,0,3,4,6,1,5,7,3,4
31723,7,1,0,3,4,6,1,5,7,3,4
31724,7,1,0,3,4,6,1,5,7,3,4
31725,8,2,5,5,9,9,8,4,6,9,2
31726,2,3,4,6,8,2,6,8,9,5,6
31727,8,4,5,0,9,9,8,4,6,8,2
31728,5,8,3,1,6,0,7,1,4,4,7
31729,9,9,9,2,7,1,5,7,2,0,5
31730,0,4,3,0,2,0,4,1,4,8,0
31731,0,4,5,0,2,9,4,4,6,8,2
31732,7,1,0,3,4,6,1,5,7,3,4
31733,0,4,3,0,2,0,4,1,4,8,2
31734,2,3,4,6,8,2,6,8,9,5,6
31735,7,1,0,3,4,6,1,5,7,3,4
31736,4,5,8,9,3,4,3,0,8,7,3
31737,0,4,7,0,2,7,4,4,6,8,2
31738,2,3,4,6,8,2,6,3,9,5,6
31739,9,9,9,2,7,1,5,7,2,0,5
31740,0,4,5,0,2,9,4,9,5,8,2
31741,5,5,8,1,6,4,7,0,8,4,7
31742,3,8,1,1,5,3,2,6,4,1,1
31743,9,9,7,2,7,7,5,7,2,0,8
31744,5,8,3,1,6,0,7,1,4,4,7
31745,7,1,0,3,4,6,1,5,7,3,4
31746,7,1,0,3,4,6,1,5,7,3,4
31747,0,4,7,0,2,7,4,4,6,8,0
31748,8,2,5,5,9,9,8,4,6,9,8
31749,2,3,4,6,8,2,6,8,9,5,6
31750,5,8,3,1,6,0,7,1,4,4,7
31751,9,9,9,2,7,1,5,7,2,0,5
31752,4,5,8,9,3,4,3,0,8,7,3
31753,4,1,8,9,3,4,3,0,8,7,3
31754,2,5,4,9,8,2,6,3,9,5,3
31755,1,7,6,2,0,8,0,9,5,6,5
31756,7,1,0,3,4,6,1,5,7,3,4
31757,4,5,8,9,3,4,3,9,8,7,3
31758,0,4,3,0,2,0,4,1,4,8,0
31759,7,1,0,3,4,6,1,5,7,3,4
31760,4,1,8,9,3,4,3,5,8,7,3
31761,0,7,7,0,2,7,4,3,5,8,0
31762,1,7,6,2,0,8,0,9,5,6,5
31763,7,1,0,3,4,6,1,5,7,3,4
31764,1,7,6,2,0,8,0,9,5,6,5
31765,7,1,0,3,4,6,1,5,7,3,4
31766,1,7,6,2,0,8,0,9,5,6,5
31767,0,4,3,0,2,0,4,1,4,8,0
31768,7,1,0,3,4,6,1,5,7,3,4
31769,3,6,1,8,5,3,2,6,0,1,1
31770,2,3,4,6,8,2,6,8,9,5,6
31771,1,7,6,2,0,8,0,9,5,6,5
31772,7,1,0,3,4,6,1,5,7,3,4
31773,6,1,2,7,1,5,9,2,3,2,9
31774,5,8,3,1,6,0,7,1,4,4,7
31775,7,1,0,3,4,6,1,5,7,3,4
31776,5,8,3,1,6,0,7,1,4,4,7
31777,4,5,8,9,3,4,3,0,8,7,3
31778,3,0,1,4,5,3,2,6,1,1,1
31779,7,1,0,3,4,6,1,5,7,3,4
31780,1,7,6,2,0,8,0,9,5,6,5
31781,7,1,0,3,4,6,1,5,7,3,4
31782,0,4,7,2,2,7,4,3,6,8,8
31783,5,8,3,1,6,0,7,1,4,4,7
31784,1,7,6,2,0,8,0,9,5,6,5
31785,7,6,0,8,4,6,1,5,0,3,7
31786,5,8,3,1,6,0,7,1,4,4,7
31787,1,7,6,2,0,8,0,9,5,6,5
31788,7,1,0,3,4,6,1,5,7,3,4
31789,1,7,6,2,0,8,0,9,5,6,5
31790,5,8,3,1,6,0,7,1,4,4,7
31791,7,1,0,3,4,6,1,5,7,3,4
31792,8,2,5,5,9,9,8,4,6,9,8
31793,0,4,3,0,2,0,4,1,4,8,0
31794,7,1,0,3,4,6,1,5,7,3,4
31795,7,1,0,3,4,6,1,5,7,3,4
31796,5,8,3,1,6,0,7,1,4,4,7
31797,5,5,8,9,3,4,7,0,8,7,7
31798,0,4,6,0,2,8,4,9,5,8,0
31799,0,4,3,0,2,0,4,1,4,8,2
31800,0,3,4,6,2,2,4,8,9,8,0
31801,7,1,0,3,4,6,1,5,7,3,4
31802,8,1,5,3,4,9,1,4,6,3,2
31803,0,8,3,0,2,0,4,1,4,8,0
31804,0,4,5,0,2,9,4,1,4,8,2
31805,7,1,0,3,4,6,1,5,7,3,4
31806,4,5,8,9,3,4,3,0,8,7,3
31807,1,7,6,2,0,8,0,9,5,6,5
31808,3,6,1,8,5,3,2,6,0,1,1
31809,5,8,3,1,6,0,7,1,4,4,0
31810,7,1,0,3,4,6,1,5,7,3,4
31811,7,1,0,3,4,6,1,5,7,3,4
31812,8,2,5,5,9,9,8,8,6,9,8
31813,6,5,2,7,1,5,9,2,3,2,9
31814,5,8,3,1,6,0,7,1,4,4,7
31815,1,7,6,2,0,8,0,9,5,6,5
31816,2,3,4,6,8,2,6,8,9,5,6
31817,0,8,3,0,2,0,4,1,4,8,0
31818,5,8,3,1,6,0,7,1,4,4,7
31819,7,1,0,3,4,6,1,5,7,3,4
31820,2,3,4,6,8,2,6,3,9,5,6
31821,7,1,0,3,4,6,1,5,7,3,4
31822,5,8,3,1,6,0,7,1,4,4,7
31823,6,9,2,7,1,5,9,2,3,2,9
31824,8,2,5,5,9,9,8,4,6,9,2
31825,7,1,0,3,4,6,1,5,7,3,4
31826,5,8,3,1,6,0,7,1,4,4,2
31827,4,5,8,9,3,4,3,2,8,7,3
31828,8,2,7,5,9,7,8,4,6,9,8
31829,1,7,6,2,0,8,0,9,5,6,5
31830,3,0,1,4,5,3,2,6,1,1,1
31831,7,1,0,3,4,6,1,5,7,3,4
31832,2,3,4,6,8,2,6,8,9,5,6
31833,5,8,3,1,6,0,7,1,4,4,7
31834,0,4,7,0,2,7,4,1,4,8,0
31835,5,8,3,1,6,0,7,1,4,4,7
31836,3,0,1,4,5,3,2,6,1,1,1
31837,6,5,2,7,1,5,9,2,3,2,9
31838,7,1,0,3,4,6,1,5,7,3,4
31839,1,7,6,2,0,8,0,9,5,6,5
31840,5,8,3,1,6,0,7,1,4,4,7
31841,5,8,3,1,6,0,7,1,4,4,7
31842,8,2,7,5,9,7,8,4,6,9,8
31843,1,7,6,2,0,8,0,9,5,6,5
31844,0,4,5,0,2,9,4,1,4,8,2
31845,5,8,3,1,6,0,7,1,4,4,7
31846,9,9,9,2,7,1,5,7,2,0,5
31847,7,1,0,3,4,6,1,5,7,3,4
31848,1,7,6,2,0,8,0,9,5,6,5
31849,0,4,3,0,2,0,4,1,4,8,0
31850,0,4,3,0,2,0,4,1,4,8,0
31851,0,4,3,0,2,0,4,1,4,8,0
31852,6,5,2,7,1,5,9,2,3,2,9
31853,1,7,6,2,0,8,0,9,5,6,5
31854,0,8,3,1,6,0,4,1,4,4,0
31855,3,6,1,8,5,3,2,6,0,1,1
31856,9,9,9,2,7,1,5,7,2,0,5
31857,3,6,1,8,5,3,2,6,0,1,1
31858,5,8,3,1,6,0,7,1,4,4,0
31859,4,5,8,9,3,4,3,0,8,7,3
31860,5,8,3,1,6,0,7,1,4,4,7
31861,0,4,3,0,2,0,4,1,4,8,2
31862,1,7,6,2,0,8,0,9,5,6,5
31863,5,8,3,1,6,0,7,1,4,4,7
31864,1,7,6,2,0,8,0,9,5,6,5
31865,3,6,1,8,5,3,2,6,0,1,1
31866,0,4,3,0,2,0,4,1,4,8,0
31867,4,5,8,9,3,4,3,0,8,7,3
31868,7,1,0,3,4,6,1,5,7,3,4
31869,1,7,6,2,0,8,0,9,5,6,5
31870,1,7,6,2,0,8,0,9,5,6,5
31871,1,7,6,2,0,8,0,9,5,6,5
31872,0,4,7,0,2,7,4,4,6,8,0
31873,6,9,2,7,1,5,9,2,3,2,9
31874,6,5,2,7,1,5,9,2,3,2,9
31875,7,1,0,3,4,6,1,5,7,3,4
31876,1,7,6,2,0,8,0,9,5,6,0
31877,3,6,1,8,5,3,2,6,0,1,1
31878,5,8,3,1,6,0,7,1,4,4,7
31879,0,4,5,0,2,9,4,9,4,8,2
31880,2,3,4,6,8,2,6,8,9,5,6
31881,7,1,0,3,4,6,1,5,7,3,4
31882,0,4,5,0,2,9,4,4,6,8,2
31883,1,7,6,9,0,8,0,9,5,6,0
31884,9,9,9,2,7,1,5,7,2,0,5
31885,0,4,6,0,2,8,4,3,4,8,0
31886,2,3,4,6,8,2,6,8,9,5,6
31887,1,7,6,2,0,8,0,9,5,6,5
31888,5,8,3,1,6,0,7,1,4,4,7
31889,5,8,3,1,6,0,7,1,4,4,7
31890,7,1,0,3,4,6,1,5,7,3,4
31891,7,1,0,3,4,6,1,5,7,3,4
31892,4,5,8,9,3,4,3,0,8,7,3
31893,5,8,3,1,6,0,7,1,4,4,7
31894,1,7,6,2,0,8,0,9,5,6,5
31895,3,6,1,8,5,3,2,6,0,1,1
31896,0,4,7,0,2,7,4,1,4,8,0
31897,7,1,0,3,4,6,1,5,7,3,4
31898,4,5,8,9,3,4,3,0,8,7,3
31899,0,4,5,0,2,9,4,1,4,8,0
31900,5,8,3,1,6,0,7,1,4,4,0
31901,1,7,6,2,0,8,0,9,5,6,5
31902,0,4,3,0,2,0,4,1,4,8,2
31903,4,5,8,9,3,4,3,0,8,7,7
31904,3,6,1,8,5,3,2,6,0,1,1
31905,6,9,2,7,1,5,9,2,3,2,9
31906,7,1,0,3,4,6,1,5,7,3,4
31907,4,5,8,9,3,4,3,0,8,7,3
31908,1,7,6,2,0,8,0,9,5,6,5
31909,4,5,8,9,3,4,3,0,8,7,3
31910,0,4,5,0,2,9,4,4,6,8,2
31911,1,7,6,2,0,8,0,9,5,6,5
31912,0,4,3,0,2,0,4,1,4,8,0
31913,7,1,0,3,4,6,1,5,7,3,4
31914,8,2,5,5,9,9,8,4,6,9,8
31915,1,7,6,2,0,8,0,9,5,6,5
31916,1,7,6,2,0,8,0,9,5,6,5
31917,5,8,3,1,6,0,7,1,4,4,0
31918,0,4,3,0,2,0,4,1,4,8,0
31919,0,8,3,1,6,0,4,1,4,4,0
31920,1,7,6,2,0,8,0,9,5,6,5
31921,7,1,0,3,4,6,1,5,7,3,4
31922,0,8,3,0,2,0,4,1,4,8,0
31923,0,4,3,0,2,0,4,1,4,8,0
31924,5,8,3,1,6,0,7,0,3,4,7
31925,7,1,0,3,4,6,1,5,7,3,4
31926,0,4,3,0,2,0,4,1,4,8,0
31927,0,4,3,0,2,0,4,1,4,8,2
31928,6,5,2,7,1,5,9,2,3,2,9
31929,7,1,0,3,4,6,1,5,7,3,4
31930,1,7,6,2,0,8,0,9,5,6,5
31931,4,5,8,9,3,4,3,0,8,7,3
31932,1,7,6,2,0,8,0,9,5,6,5
31933,6,9,2,7,1,5,9,2,3,2,9
31934,1,7,6,2,0,8,0,9,5,6,5
31935,1,9,6,2,0,8,0,9,5,6,5
31936,7,1,0,3,4,6,1,5,7,3,4
31937,3,6,1,8,5,3,2,6,0,1,1
31938,2,3,4,6,8,2,6,8,9,5,6
31939,0,4,3,0,2,0,4,1,4,8,0
31940,4,8,3,1,6,0,3,1,4,4,3
31941,1,7,6,2,0,8,0,9,5,6,5
31942,5,8,3,1,6,0,7,1,4,4,7
31943,3,6,1,8,5,3,2,6,0,1,1
31944,7,1,0,3,4,6,1,5,7,3,4
31945,9,9,9,2,7,1,5,7,2,0,5
31946,7,1,0,3,4,6,1,5,7,3,4
31947,6,5,2,7,1,5,9,2,3,2,9
31948,4,5,8,9,3,4,3,3,8,7,3
31949,7,1,0,3,4,6,1,5,7,3,4
31950,1,7,6,2,0,8,0,9,5,6,5
31951,5,8,7,1,6,7,7,1,4,4,7
31952,1,7,6,2,0,8,0,9,5,6,5
31953,7,1,0,3,4,6,1,5,7,3,4
31954,2,3,4,6,8,2,6,8,9,5,6
31955,4,5,8,9,3,4,3,3,8,7,3
31956,6,1,2,7,1,5,9,2,3,2,9
31957,8,2,5,5,9,9,8,4,6,9,2
31958,1,7,6,2,0,8,0,9,5,6,5
31959,2,3,4,6,8,2,6,8,9,5,6
31960,7,1,0,3,4,6,1,5,7,3,4
31961,8,2,7,5,9,7,8,4,6,9,8
31962,7,1,0,3,4,6,1,5,7,3,4
31963,9,9,9,2,7,1,5,7,2,0,5
31964,0,4,5,0,2,9,4,4,6,8,2
31965,4,5,8,9,3,4,3,3,8,7,3
31966,1,7,6,2,0,8,0,9,5,6,5
31967,8,2,5,5,9,9,8,4,6,9,8
31968,7,1,0,3,4,6,1,5,7,3,4
31969,3,6,1,8,5,3,2,6,0,1,1
31970,6,9,2,7,1,5,9,2,3,2,9
31971,9,9,9,2,7,1,5,7,2,0,5
31972,1,7,6,6,0,8,0,9,5,6,0
31973,6,5,2,7,1,5,9,2,3,2,9
31974,6,6,2,8,1,5,9,0,0,2,7
31975,2,3,4,6,8,2,6,8,9,5,6
31976,7,1,0,3,4,6,1,5,7,3,4
31977,4,5,8,9,3,4,3,0,8,7,3
31978,6,5,2,7,1,5,9,2,3,2,9
31979,8,2,7,5,9,7,8,3,6,9,8
31980,1,7,6,2,0,8,0,9,5,6,5
31981,6,5,2,7,1,5,9,3,3,2,9
31982,0,4,7,0,2,7,4,4,6,8,0
31983,8,2,5,5,9,9,8,4,6,9,8
31984,5,8,3,1,6,0,7,1,4,4,7
31985,2,3,7,6,8,7,6,8,9,5,6
31986,0,4,7,0,2,7,4,9,6,8,0
31987,0,4,7,0,2,7,4,4,6,8,0
31988,5,8,3,1,6,0,7,1,4,4,4
31989,7,1,0,3,4,6,1,5,7,3,4
31990,1,7,6,2,0,8,0,9,5,6,5
31991,8,2,5,5,9,9,8,4,6,9,8
31992,5,8,3,1,6,0,7,1,4,4,7
31993,9,9,9,2,7,1,5,7,2,0,5
31994,5,8,3,1,6,0,7,1,4,4,7
31995,2,0,4,4,8,2,6,3,1,5,6
31996,0,4,7,0,2,7,4,4,6,8,0
31997,8,2,5,5,9,9,8,4,6,9,2
31998,4,5,8,9,3,4,3,0,8,7,3
31999,2,3,4,6,8,2,6,3,9,5,6
32000,2,3,4,6,8,2,6,8,9,5,6
32001,2,3,4,6,8,2,6,8,9,5,6
32002,1,7,6,9,0,8,0,9,5,6,3
32003,4,5,8,9,3,4,3,0,8,7,3
32004,0,4,5,0,2,9,4,4,6,8,2
32005,9,9,9,2,7,1,5,7,2,0,5
32006,4,5,8,9,3,4,3,0,8,7,3
32007,3,6,1,8,5,3,2,6,0,1,1
32008,6,5,2,7,1,5,9,2,3,2,9
32009,3,0,1,4,5,3,2,6,1,1,1
32010,6,5,2,7,1,5,9,2,3,2,9
32011,2,3,4,6,8,2,6,8,9,5,6
32012,8,3,3,6,9,0,8,8,9,9,8
32013,2,3,4,6,8,2,6,8,9,5,6
32014,5,8,3,1,6,0,7,1,4,4,7
32015,5,2,7,5,9,7,7,4,6,9,7
32016,5,8,3,1,6,0,7,1,4,4,7
32017,2,3,4,6,8,2,6,8,9,5,6
32018,9,9,9,2,7,1,5,7,2,0,5
32019,9,9,9,2,7,1,5,7,2,0,5
32020,0,4,3,0,2,0,4,1,4,8,0
32021,0,4,7,0,2,7,4,4,6,8,0
32022,6,0,2,4,1,5,9,2,1,2,1
32023,2,3,4,6,8,2,6,8,9,5,6
32024,9,9,9,2,7,1,5,7,2,0,5
32025,2,3,4,6,8,2,6,8,9,5,6
32026,7,1,0,3,4,6,1,5,7,3,4
32027,8,4,7,5,9,7,8,4,6,9,0
32028,8,2,5,5,9,9,8,4,6,9,2
32029,0,4,7,0,2,7,4,4,6,8,0
32030,7,1,0,3,4,6,1,5,7,3,4
32031,2,3,4,6,8,2,6,8,9,5,6
32032,0,4,7,0,2,7,4,3,4,8,0
32033,0,4,7,0,2,7,4,4,6,8,0
32034,1,7,6,2,0,8,0,9,5,6,5
32035,6,5,2,7,1,5,9,2,3,2,9
32036,3,6,1,8,5,3,2,6,0,1,1
32037,8,2,7,5,9,7,8,4,6,9,8
32038,1,7,6,2,0,8,0,9,5,6,5
32039,2,3,4,6,8,2,6,8,9,5,6
32040,5,8,3,1,6,0,7,1,4,4,4
32041,9,9,9,2,7,1,5,7,2,0,5
32042,7,1,0,3,4,6,1,5,7,3,4
32043,4,5,8,9,3,4,3,3,8,7,3
32044,6,9,2,7,1,5,9,3,3,2,9
32045,4,4,7,0,2,7,3,0,8,8,0
32046,7,1,0,3,4,6,1,5,7,3,4
32047,4,5,8,9,3,4,3,0,8,7,3
32048,1,7,6,2,0,8,0,9,5,6,5
32049,8,2,7,5,9,7,8,3,6,9,8
32050,4,5,8,9,3,4,3,0,8,7,7
32051,2,3,7,6,8,7,6,4,6,5,0
32052,7,1,0,3,4,6,1,5,7,3,4
32053,4,5,7,9,3,7,3,3,8,7,8
32054,1,7,6,2,0,8,0,9,5,6,5
32055,9,9,9,2,7,1,5,7,2,0,5
32056,5,8,3,1,6,0,7,1,4,4,7
32057,6,5,2,7,1,5,9,2,3,2,9
32058,4,5,8,9,3,4,3,3,8,7,3
32059,2,9,4,2,8,2,6,3,2,5,6
32060,7,1,0,3,4,6,1,5,7,3,4
32061,2,3,4,6,8,2,6,8,9,5,6
32062,3,0,1,4,5,3,2,6,1,1,1
32063,1,7,6,2,0,8,0,9,5,6,5
32064,0,4,7,0,2,7,4,4,6,8,0
32065,2,3,4,6,8,2,6,8,9,5,6
32066,1,7,6,2,0,8,0,9,5,6,5
32067,0,4,7,0,2,7,4,4,6,8,0
32068,2,3,7,6,8,7,6,8,9,5,6
32069,8,2,7,5,9,7,8,4,6,9,8
32070,4,5,8,9,3,4,3,0,8,7,3
32071,2,3,4,6,8,2,6,8,9,5,6
32072,1,7,6,2,0,8,0,9,5,6,5
32073,2,3,4,6,8,2,6,8,9,5,6
32074,0,4,7,0,2,7,4,8,9,8,0
32075,6,5,2,7,1,5,9,2,3,2,9
32076,9,3,4,6,7,1,6,8,9,0,6
32077,6,5,2,7,1,5,9,2,3,2,9
32078,0,3,4,6,2,2,4,8,9,8,0
32079,9,9,9,2,7,1,5,7,2,0,5
32080,7,6,0,8,4,6,1,5,0,3,4
32081,6,5,2,7,1,5,9,2,3,2,9
32082,5,5,8,9,3,4,3,0,8,7,7
32083,9,9,9,2,7,1,5,7,2,0,5
32084,5,8,3,1,6,0,7,1,4,4,7
32085,9,9,9,2,7,1,5,7,2,0,5
32086,3,6,1,8,5,3,2,6,0,1,1
32087,2,3,4,6,8,2,6,8,9,5,6
32088,8,4,7,0,2,7,4,4,6,8,0
32089,8,2,7,5,9,7,8,4,6,9,8
32090,2,1,4,3,8,2,6,5,7,5,6
32091,2,3,4,6,8,2,6,8,9,5,6
32092,4,0,8,4,3,4,3,3,1,7,3
32093,2,3,4,6,8,2,6,8,9,5,6
32094,0,4,7,0,2,7,4,4,6,8,0
32095,8,4,5,0,9,9,8,4,6,9,2
32096,1,7,6,2,0,8,0,9,5,6,5
32097,2,0,4,4,8,2,6,3,1,5,6
32098,2,0,4,4,8,2,6,3,1,5,6
32099,0,4,5,0,2,9,4,4,6,8,2
32100,5,8,3,1,6,0,7,1,4,4,7
32101,4,5,8,9,3,4,3,3,8,7,3
32102,0,3,7,6,2,7,4,8,9,8,0
32103,2,3,4,6,8,2,6,8,9,5,6
32104,8,2,5,5,9,9,8,4,6,9,8
32105,2,3,4,6,8,2,6,8,9,5,5
32106,4,5,8,9,3,4,3,0,8,7,3
32107,2,3,4,6,8,2,6,8,9,5,6
32108,4,5,8,9,3,4,3,0,8,7,3
32109,3,0,1,4,5,3,2,6,1,1,1
32110,7,1,0,3,4,6,1,5,7,3,4
32111,4,5,8,9,3,4,3,0,8,7,3
32112,0,4,3,0,2,0,4,1,4,8,0
32113,4,5,8,9,3,4,3,3,8,7,3
32114,7,1,0,3,4,6,1,5,7,3,4
32115,2,3,4,6,8,2,6,8,9,5,6
32116,2,3,4,6,8,2,6,8,9,5,6
32117,8,2,5,5,9,9,8,4,6,9,8
32118,4,5,8,9,3,4,3,0,8,7,3
32119,4,5,8,9,3,4,3,3,8,7,3
32120,8,4,5,0,9,9,8,4,6,8,2
32121,0,4,7,0,2,7,4,4,6,8,0
32122,5,8,3,1,6,0,7,1,4,4,7
32123,8,2,7,5,9,7,8,4,6,9,8
32124,5,8,3,1,6,0,7,1,4,4,0
32125,9,9,9,2,7,1,5,7,2,0,8
32126,5,8,3,1,6,0,7,0,4,4,7
32127,2,3,4,6,8,2,6,8,9,5,6
32128,0,4,3,0,2,0,4,1,4,8,0
32129,9,9,9,7,7,1,5,7,2,0,9
32130,3,6,1,8,5,3,2,6,0,1,1
32131,3,0,1,4,5,3,2,6,1,1,1
32132,9,9,9,2,7,1,5,7,2,0,5
32133,9,9,9,2,7,1,5,7,2,0,5
32134,7,1,0,3,4,6,1,5,7,3,4
32135,6,5,2,7,1,5,9,2,3,2,9
32136,7,1,0,3,4,6,1,5,7,3,4
32137,2,3,4,7,8,2,6,3,3,5,6
32138,1,7,6,2,0,8,0,9,5,6,5
32139,8,2,7,5,9,7,8,3,6,9,8
32140,3,6,8,8,5,4,2,0,0,1,1
32141,9,9,9,2,7,1,5,7,2,0,5
32142,6,5,2,7,1,5,9,2,3,2,9
32143,6,5,2,7,1,5,9,3,3,2,9
32144,3,6,1,8,5,3,2,6,0,1,1
32145,8,2,5,5,9,9,8,4,6,9,8
32146,6,5,2,7,1,5,9,2,3,2,9
32147,2,3,4,6,8,2,6,3,9,5,6
32148,6,5,2,7,1,5,9,2,3,2,9
32149,8,2,7,5,9,7,8,4,6,9,8
32150,1,7,6,2,0,8,0,9,5,6,5
32151,3,0,1,4,5,3,2,6,1,1,1
32152,8,2,6,5,9,8,8,4,6,9,8
32153,9,9,9,2,7,1,5,7,2,0,5
32154,7,1,0,3,4,6,1,5,7,3,4
32155,6,5,2,7,1,5,9,2,3,2,9
32156,2,3,4,6,8,2,6,8,9,5,6
32157,2,0,4,4,8,2,6,3,1,5,6
32158,9,9,9,2,7,1,5,7,2,0,5
32159,8,2,7,5,9,7,8,4,6,9,8
32160,3,6,1,8,5,3,2,6,0,1,1
32161,9,9,9,6,7,1,5,7,2,0,8
32162,3,6,1,8,5,3,2,6,0,1,1
32163,8,2,7,5,9,7,8,4,6,9,8
32164,5,8,3,1,6,0,7,1,4,4,7
32165,3,0,1,4,5,3,2,3,1,1,1
32166,9,9,9,2,7,1,5,7,2,0,5
32167,9,9,9,2,7,1,5,7,2,0,5
32168,1,7,6,2,0,8,0,9,5,6,5
32169,6,5,2,7,1,5,9,2,3,2,9
32170,6,5,2,7,1,5,9,2,3,2,9
32171,2,3,4,6,8,2,6,3,9,5,6
32172,5,8,3,1,6,0,7,1,4,4,7
32173,8,2,7,5,9,7,8,3,6,9,8
32174,8,2,5,5,9,9,8,4,6,9,2
32175,9,9,9,6,8,1,5,3,2,5,6
32176,7,1,0,3,4,6,1,5,7,3,4
32177,8,2,7,5,9,7,8,4,6,9,8
32178,0,8,3,0,2,0,4,1,4,8,0
32179,9,9,9,2,7,1,5,7,2,0,5
32180,4,5,8,9,3,4,3,3,8,7,3
32181,2,3,4,6,8,2,6,8,9,5,6
32182,5,8,3,1,6,0,7,1,4,4,7
32183,4,5,8,9,3,4,3,3,8,7,3
32184,3,6,1,8,5,3,2,6,0,1,1
32185,8,2,5,5,9,9,8,4,6,9,8
32186,0,4,3,0,2,0,4,1,4,8,0
32187,9,9,9,2,7,1,5,7,2,0,5
32188,5,8,3,1,6,0,7,1,4,4,7
32189,9,9,9,2,7,1,5,7,2,0,5
32190,0,4,3,0,2,0,4,1,4,8,0
32191,8,2,7,5,9,7,8,4,6,9,8
32192,1,7,6,3,0,8,0,9,5,6,4
32193,6,3,2,7,1,5,9,3,3,2,9
32194,7,1,0,3,4,6,1,5,7,3,4
32195,8,2,7,5,9,7,8,4,6,9,8
32196,0,4,7,0,2,7,4,4,6,8,0
32197,8,2,7,5,9,7,8,4,6,9,8
32198,7,1,0,3,4,6,1,5,7,3,4
32199,9,9,9,6,7,1,5,3,2,0,8
32200,7,1,0,3,4,6,1,5,7,3,4
32201,8,2,7,5,9,7,8,4,6,9,8
32202,1,7,6,2,0,8,0,9,5,6,5
32203,2,0,4,4,8,2,6,3,1,5,6
32204,9,9,9,2,7,1,5,7,2,0,5
32205,6,5,2,7,1,5,9,3,2,2,9
32206,2,3,4,6,8,2,6,8,9,5,6
32207,3,0,1,4,5,3,2,6,1,1,1
32208,0,4,3,0,2,0,4,1,4,8,2
32209,2,3,4,6,8,2,6,8,9,5,6
32210,2,0,4,4,8,2,6,3,1,5,6
32211,4,5,8,9,3,4,3,3,8,7,3
32212,9,9,6,2,7,8,5,9,2,0,5
32213,8,2,7,5,9,7,8,3,2,9,8
32214,5,8,3,1,6,0,7,5,4,4,7
32215,8,2,9,5,9,1,8,8,9,9,8
32216,6,5,2,7,1,5,9,2,3,2,9
32217,9,9,9,2,7,1,5,7,2,0,5
32218,4,5,8,9,3,4,3,0,8,7,3
32219,4,5,8,9,3,4,3,3,8,7,3
32220,6,2,2,7,1,5,9,2,3,2,9
32221,4,0,8,4,3,4,3,3,1,7,3
32222,4,5,8,9,3,4,3,0,8,7,7
32223,2,3,4,6,8,2,6,3,9,5,6
32224,1,7,6,2,0,8,0,9,5,6,5
32225,2,3,4,6,8,2,6,8,9,5,6
32226,2,3,7,6,8,7,6,8,9,5,6
32227,2,3,4,6,8,2,6,8,9,5,6
32228,4,5,8,9,3,4,3,0,8,7,3
32229,9,9,9,2,7,1,5,7,2,0,5
32230,4,7,8,9,3,4,3,3,8,7,3
32231,9,9,9,2,7,1,5,7,2,0,5
32232,5,8,3,1,6,0,7,1,4,4,7
32233,9,9,9,2,7,1,5,7,2,0,5
32234,7,1,0,3,4,6,1,5,7,3,4
32235,8,2,7,5,9,7,8,4,6,9,8
32236,0,4,6,0,2,8,4,9,5,8,0
32237,3,0,1,4,5,3,2,6,1,1,1
32238,5,8,3,1,6,0,7,1,4,4,7
32239,8,2,7,5,9,7,8,4,6,9,8
32240,4,5,8,9,3,4,3,3,8,7,3
32241,4,5,8,9,3,4,3,3,8,7,3
32242,4,5,8,9,3,4,3,0,8,7,3
32243,6,5,2,7,1,5,9,2,3,2,9
32244,9,9,9,7,7,1,5,7,2,0,9
32245,9,9,9,2,7,1,5,7,2,0,5
32246,1,7,6,2,0,8,0,9,5,6,5
32247,8,2,7,5,9,7,8,4,6,9,8
32248,2,3,4,6,8,2,6,3,9,5,6
32249,8,2,7,5,9,7,8,4,6,9,8
32250,6,5,2,7,1,5,9,2,3,2,9
32251,8,2,7,5,9,7,8,4,6,9,8
32252,5,8,3,1,6,0,7,1,4,4,2
32253,9,9,9,6,7,1,5,7,2,0,6
32254,8,2,7,5,9,7,8,4,6,9,8
32255,4,5,8,9,3,4,3,3,8,7,3
32256,1,7,6,2,0,8,0,9,5,6,5
32257,4,5,8,9,3,4,3,3,8,7,3
32258,2,3,4,6,8,2,6,8,9,5,6
32259,2,3,4,6,8,2,6,8,9,5,6
32260,5,8,3,1,6,0,7,1,4,4,0
32261,9,9,9,6,7,1,5,7,2,0,6
32262,4,5,8,9,3,4,3,1,8,7,0
32263,6,5,2,7,1,5,9,2,3,2,9
32264,6,5,2,7,1,5,9,2,3,2,9
32265,4,0,8,9,3,4,3,3,1,7,3
32266,8,2,5,5,9,9,8,4,6,9,8
32267,2,3,4,6,8,2,6,3,9,5,6
32268,4,5,8,9,3,4,3,0,8,7,3
32269,5,8,7,1,6,7,7,1,4,4,0
32270,0,4,3,0,2,0,4,1,4,8,0
32271,8,2,7,5,9,7,8,4,6,9,8
32272,5,8,3,1,6,0,7,1,4,4,7
32273,3,0,1,4,5,3,2,6,1,1,1
32274,4,0,8,4,3,4,3,0,1,7,3
32275,2,3,4,6,8,2,6,3,9,5,6
32276,7,1,0,8,4,6,1,5,0,3,4
32277,9,9,9,2,7,1,5,7,2,0,5
32278,0,8,3,0,2,0,4,1,4,8,0
32279,2,3,4,6,8,2,6,3,2,5,6
32280,5,8,3,1,6,0,7,1,4,4,7
32281,2,3,4,6,8,2,6,8,9,5,6
32282,0,4,6,0,2,8,4,9,5,8,0
32283,9,9,9,2,7,1,5,3,2,0,5
32284,7,1,0,3,4,6,1,5,7,3,4
32285,2,3,4,6,8,2,6,3,9,5,6
32286,8,2,7,5,9,7,8,3,6,9,8
32287,9,9,9,2,7,1,5,3,2,0,5
32288,7,1,0,3,4,6,1,5,7,3,4
32289,8,2,7,5,9,7,8,4,6,9,8
32290,7,8,3,3,4,0,1,1,4,3,4
32291,8,2,5,5,9,9,8,4,6,9,8
32292,6,1,2,7,1,5,9,2,3,2,9
32293,3,0,1,4,5,3,2,6,1,1,1
32294,0,4,5,0,2,9,4,4,6,8,2
32295,9,9,9,2,7,1,5,7,2,0,5
32296,9,9,9,2,7,1,5,7,2,0,5
32297,6,1,2,7,1,5,9,2,3,2,9
32298,2,3,4,6,8,2,6,3,9,5,6
32299,7,1,0,3,4,6,1,5,7,3,4
32300,7,1,0,3,4,6,1,5,7,3,4
32301,5,8,3,1,6,0,7,0,4,4,7
32302,4,5,8,9,3,4,3,0,8,7,3
32303,2,2,4,6,8,2,6,3,9,5,8
32304,5,8,3,1,6,0,7,1,4,4,0
32305,2,3,4,6,8,2,6,3,9,5,6
32306,1,7,6,2,0,8,0,9,5,6,5
32307,8,2,5,5,9,9,8,4,6,9,2
32308,0,4,3,0,2,8,4,1,4,8,0
32309,2,3,4,6,8,2,6,3,9,5,6
32310,0,4,7,0,2,7,4,4,6,8,0
32311,8,2,7,5,9,7,8,4,6,9,8
32312,4,5,8,9,3,4,3,0,8,7,3
32313,3,0,1,4,5,3,2,6,1,1,1
32314,1,7,6,2,0,8,0,9,5,6,5
32315,9,9,9,2,7,1,5,7,2,0,5
32316,0,4,3,0,2,0,4,1,4,8,0
32317,6,5,2,7,1,5,9,2,3,2,9
32318,6,1,2,7,1,5,9,2,3,2,9
32319,4,0,8,4,3,4,3,3,1,7,3
32320,4,5,8,9,3,4,3,0,8,7,3
32321,8,2,7,5,9,7,8,3,6,9,8
32322,0,4,4,0,2,2,4,8,9,8,0
32323,9,9,9,2,7,1,5,7,2,0,5
32324,7,1,0,3,4,6,1,5,7,3,4
32325,4,5,8,9,3,4,3,3,8,7,3
32326,9,9,9,2,7,1,5,7,2,0,5
32327,8,2,5,5,9,9,8,4,6,9,8
32328,0,8,3,1,6,0,7,1,4,4,0
32329,2,3,4,6,8,2,6,8,9,5,6
32330,7,1,0,3,4,6,1,5,7,3,4
32331,8,2,7,5,9,7,8,4,6,9,8
32332,1,7,6,2,0,8,0,9,5,6,5
32333,3,0,1,4,5,3,2,6,1,1,1
32334,9,9,9,2,7,1,5,7,2,0,5
32335,9,9,9,2,7,1,5,7,2,0,5
32336,4,0,8,4,3,4,3,3,1,7,3
32337,6,3,2,7,1,5,9,2,3,2,9
32338,1,7,6,2,0,8,0,9,5,6,5
32339,6,0,2,4,1,5,9,2,1,2,9
32340,5,8,3,1,6,0,7,1,4,4,7
32341,8,2,7,5,9,7,8,4,8,9,8
32342,0,4,7,0,2,7,4,1,4,8,0
32343,9,9,9,2,7,1,5,7,2,0,5
32344,4,5,8,9,3,4,3,0,8,7,3
32345,2,3,4,6,8,2,6,3,9,5,3
32346,1,7,6,2,0,8,0,9,5,6,5
32347,8,2,5,5,9,9,8,4,6,9,8
32348,5,8,3,1,6,0,7,1,4,4,7
32349,2,0,4,4,8,2,6,3,1,5,6
32350,0,4,7,0,2,7,4,1,4,8,0
32351,8,2,7,5,9,7,8,3,6,9,8
32352,8,3,4,6,9,2,8,8,9,9,8
32353,1,7,6,2,0,8,0,9,5,6,5
32354,8,2,7,5,9,7,8,4,6,9,8
32355,4,5,8,9,3,4,3,3,8,7,3
32356,0,4,3,0,2,0,4,1,4,8,0
32357,4,5,8,9,3,4,3,3,8,7,3
32358,1,7,6,2,0,8,0,9,5,6,5
32359,8,2,5,5,9,9,8,4,6,9,8
32360,0,4,7,0,2,7,4,1,6,8,0
32361,6,5,2,7,1,5,9,2,3,2,9
32362,2,0,4,4,8,2,6,5,1,5,6
32363,8,2,5,5,9,9,8,4,6,9,2
32364,5,8,3,1,6,0,7,1,4,4,7
32365,9,9,9,2,7,1,5,7,2,0,5
32366,0,4,3,0,2,0,4,1,4,8,0
32367,9,9,9,2,7,1,5,7,2,0,5
32368,0,4,3,0,2,0,4,1,4,8,0
32369,8,2,7,5,9,7,8,4,6,9,8
32370,4,5,8,9,3,4,3,0,8,7,3
32371,2,3,4,6,8,2,6,5,9,5,6
32372,3,6,1,8,5,3,2,6,0,1,1
32373,8,2,5,5,9,9,8,4,6,9,8
32374,0,4,7,0,2,7,4,1,4,8,0
32375,9,9,9,7,7,1,5,3,2,0,8
32376,7,1,0,3,4,6,1,5,7,3,4
32377,8,2,7,5,9,7,8,4,6,9,8
32378,1,7,6,2,0,8,0,9,5,6,5
32379,7,1,0,3,4,6,1,5,7,3,4
32380,5,8,3,1,6,0,7,1,4,4,7
32381,9,5,9,9,7,1,5,3,2,0,3
32382,1,7,6,2,0,8,0,9,5,6,5
32383,3,0,1,4,5,3,2,6,1,1,1
32384,5,8,3,1,6,0,7,1,4,4,7
32385,7,1,0,3,4,6,1,5,7,3,4
32386,7,1,0,3,4,6,1,5,7,3,4
32387,4,2,8,9,3,4,3,3,8,7,8
32388,3,0,1,4,5,3,2,6,1,1,1
32389,2,3,4,6,8,2,6,3,9,5,8
32390,2,3,4,6,8,2,6,8,9,5,6
32391,8,2,7,5,9,7,8,4,6,9,8
32392,9,9,9,2,7,1,5,7,2,0,5
32393,9,9,9,2,7,1,5,7,2,0,5
32394,2,3,4,6,8,2,6,8,9,5,6
32395,8,2,5,5,9,9,8,4,6,9,8
32396,3,6,1,8,5,3,2,6,0,1,1
32397,9,9,9,2,7,1,5,7,2,0,5
32398,7,1,0,3,4,6,1,5,7,3,4
32399,3,0,1,4,5,3,2,6,1,1,1
32400,2,3,4,6,8,2,6,8,9,5,6
32401,7,1,0,3,4,6,1,5,7,3,4
32402,4,5,8,9,3,4,3,0,8,7,3
32403,8,2,7,5,9,7,8,4,6,9,8
32404,2,3,6,2,8,8,6,8,9,5,5
32405,2,3,4,6,8,2,6,8,9,5,6
32406,1,7,6,2,0,8,0,9,5,6,5
32407,2,3,4,6,8,2,6,3,2,5,6
32408,6,5,2,7,1,5,9,2,3,2,9
32409,7,1,0,3,4,6,1,5,7,3,4
32410,8,2,7,5,9,7,8,4,6,9,8
32411,9,9,9,2,7,1,5,7,2,0,5
32412,9,9,7,2,7,7,5,7,2,0,8
32413,9,9,9,7,7,1,5,7,2,0,9
32414,7,1,0,3,4,6,1,5,7,3,4
32415,9,9,9,2,7,1,5,7,2,0,5
32416,8,2,7,5,9,7,8,4,6,9,8
32417,8,2,7,5,9,7,8,4,6,9,8
32418,6,5,2,7,1,5,9,2,3,2,9
32419,8,2,7,5,9,7,8,4,6,9,8
32420,7,1,0,3,4,6,1,5,7,3,4
32421,4,0,8,9,3,4,3,3,8,7,3
32422,7,1,0,3,4,6,1,5,7,3,4
32423,3,0,1,4,5,3,2,6,1,1,1
32424,6,7,6,2,1,8,9,2,5,2,5
32425,8,2,7,5,9,7,8,3,6,9,8
32426,5,8,3,1,6,0,7,1,4,4,7
32427,3,0,1,4,5,3,2,6,1,1,1
32428,0,4,5,0,2,9,4,4,6,8,2
32429,8,2,7,5,9,7,8,4,6,9,8
32430,7,1,0,2,4,6,1,5,7,3,5
32431,4,5,8,9,3,4,3,3,8,7,3
32432,8,2,5,5,9,9,8,4,6,9,2
32433,8,2,7,5,9,7,8,4,6,9,8
32434,1,7,6,2,0,8,0,9,5,6,5
32435,6,5,2,7,1,5,9,2,3,2,9
32436,5,5,8,9,3,4,3,0,8,7,7
32437,6,3,2,7,1,5,9,2,3,2,9
32438,6,3,2,6,1,5,9,8,9,2,9
32439,9,9,9,2,7,1,5,7,2,0,5
32440,1,7,6,2,0,8,0,9,5,6,5
32441,8,2,5,5,9,9,8,4,6,9,8
32442,5,8,3,1,6,0,7,1,4,4,7
32443,8,2,7,5,9,7,8,4,6,9,8
32444,7,1,0,3,4,6,1,5,7,3,4
32445,9,9,9,2,7,1,5,7,2,0,5
32446,1,7,6,2,0,8,0,9,5,6,5
32447,9,9,9,2,7,1,5,7,2,0,9
32448,0,4,3,0,2,0,4,1,4,8,0
32449,9,9,9,7,7,1,5,7,2,0,9
32450,7,1,5,0,4,9,1,4,6,3,4
32451,8,2,7,5,9,7,8,4,6,9,8
32452,7,1,0,3,4,6,1,8,7,3,4
32453,9,9,9,2,7,1,5,7,2,0,5
32454,3,0,1,4,5,3,2,6,1,1,1
32455,4,5,8,9,3,4,3,3,8,7,3
32456,9,9,9,2,7,1,5,3,2,0,5
32457,8,2,7,5,9,7,8,4,6,9,8
32458,0,4,3,0,2,0,4,1,4,8,0
32459,6,0,2,4,1,5,9,3,1,2,9
32460,8,2,5,5,9,9,8,4,6,9,8
32461,3,0,1,4,5,3,2,6,1,1,1
32462,9,9,9,2,7,1,5,7,2,0,5
32463,6,0,2,4,8,5,9,3,1,5,9
32464,4,5,8,9,3,4,3,0,8,7,3
32465,9,9,9,2,7,1,5,7,2,0,5
32466,0,8,3,1,6,0,7,1,4,4,0
32467,9,9,9,7,7,1,5,3,2,0,9
32468,7,3,0,6,4,6,1,8,9,3,4
32469,8,2,7,5,9,7,8,4,6,9,8
32470,5,8,3,1,6,0,7,1,4,4,2
32471,9,9,9,6,7,1,5,3,2,0,6
32472,9,9,9,2,7,1,5,7,2,0,5
32473,9,9,9,7,7,1,5,3,2,0,9
32474,9,9,9,2,7,1,5,7,2,0,5
32475,2,3,4,7,8,2,6,3,3,5,6
32476,1,7,6,2,0,8,0,9,5,6,5
32477,4,5,8,9,3,4,3,0,8,7,3
32478,1,7,6,2,0,8,0,9,5,6,5
32479,2,3,4,7,8,2,6,3,3,5,6
32480,5,8,3,1,6,0,7,1,4,4,7
32481,4,5,8,9,3,4,3,3,8,7,3
32482,1,7,6,2,0,8,0,9,5,6,5
32483,8,2,7,5,9,7,8,4,6,9,8
32484,1,7,6,2,0,8,0,9,5,6,5
32485,4,5,8,9,3,4,3,3,8,7,3
32486,1,7,6,2,0,8,0,9,5,6,5
32487,8,2,7,5,9,7,8,4,6,9,8
32488,7,1,0,3,4,6,1,5,7,3,4
32489,3,0,1,4,5,3,2,6,1,1,1
32490,5,8,3,1,6,0,7,1,4,4,4
32491,8,2,5,5,9,9,8,4,6,9,8
32492,7,1,0,3,4,6,1,5,7,3,4
32493,3,0,1,4,5,3,2,6,1,1,1
32494,3,6,1,8,5,3,2,6,0,1,1
32495,6,5,2,7,1,5,9,2,3,2,9
32496,1,7,6,2,0,8,0,9,5,6,5
32497,6,3,2,7,1,5,9,2,3,2,9
32498,8,2,7,5,9,7,8,4,6,9,8
32499,4,5,8,5,9,4,8,3,8,9,8
32500,4,5,8,9,3,4,3,0,8,7,3
32501,9,9,9,2,7,1,5,7,2,0,5
32502,2,3,4,6,8,2,6,8,9,5,6
32503,9,9,9,6,7,1,5,3,2,0,6
32504,5,8,3,1,6,0,7,1,4,4,7
32505,4,5,8,9,3,4,3,3,8,7,3
32506,2,2,4,5,8,2,6,3,9,5,8
32507,9,9,9,2,7,1,5,7,2,0,5
32508,6,5,2,7,1,5,9,2,3,2,9
32509,9,9,9,7,7,1,5,3,2,0,9
32510,9,9,9,2,7,1,5,7,2,0,5
32511,9,9,9,2,7,1,5,7,2,0,5
32512,5,8,3,1,6,0,7,1,4,4,7
32513,4,4,7,9,3,7,3,3,8,7,3
32514,3,6,1,8,5,3,2,6,0,1,1
32515,8,2,5,5,9,9,8,4,6,9,2
32516,2,3,4,6,8,2,6,8,9,5,6
32517,4,5,8,9,3,4,3,3,8,7,3
32518,8,4,7,5,9,7,8,4,6,9,8
32519,9,9,9,2,7,1,5,7,2,0,5
32520,3,0,1,4,5,3,2,6,1,1,1
32521,4,5,8,9,3,4,3,0,8,7,3
32522,4,5,8,9,3,4,3,3,8,7,3
32523,6,5,2,7,1,5,9,2,3,2,9
32524,0,4,7,0,2,7,4,1,4,8,0
32525,6,5,2,7,1,5,9,2,3,2,9
32526,4,1,8,9,3,4,3,5,8,7,3
32527,8,2,5,5,9,9,8,4,6,9,8
32528,1,7,6,2,0,8,0,9,5,6,5
32529,9,9,9,2,7,1,5,7,2,0,5
32530,1,7,6,2,0,8,0,9,5,6,5
32531,3,0,1,4,5,3,2,6,1,1,1
32532,0,4,7,0,2,7,4,4,6,8,0
32533,9,9,9,2,7,1,5,7,2,0,5
32534,1,7,6,2,0,8,0,9,5,6,5
32535,9,9,9,2,7,1,5,7,2,0,5
32536,1,7,6,2,0,8,0,9,5,6,5
32537,9,9,9,2,7,1,5,7,2,0,5
32538,0,4,3,0,2,0,4,1,4,8,2
32539,7,1,4,3,4,2,1,5,7,5,6
32540,1,7,6,2,0,8,0,9,5,6,5
32541,3,6,1,8,5,3,2,6,0,1,1
32542,8,2,5,5,9,9,8,4,6,9,8
32543,1,7,6,2,0,8,0,9,5,6,5
32544,7,1,0,3,4,6,1,5,7,3,4
32545,6,1,2,7,1,5,9,2,3,2,9
32546,4,5,8,9,3,4,3,3,8,7,3
32547,2,3,4,6,8,2,6,5,9,5,6
32548,7,1,0,3,4,6,1,5,7,3,4
32549,4,5,8,9,3,4,3,0,8,7,3
32550,3,6,1,8,5,3,2,6,0,1,1
32551,5,8,3,1,6,0,7,1,4,4,7
32552,5,8,3,1,6,0,7,1,4,4,7
32553,7,1,0,3,4,6,1,5,7,3,4
32554,1,7,6,2,0,8,0,9,5,6,5
32555,5,8,3,1,6,0,7,1,4,4,7
32556,5,8,3,1,6,0,7,1,4,4,7
32557,3,6,1,8,5,3,2,6,0,1,1
32558,0,4,7,0,2,7,4,1,4,8,0
32559,1,7,6,2,0,8,0,9,5,6,5
32560,5,8,3,1,6,0,7,1,4,4,7
32561,7,1,0,3,4,6,1,5,7,3,4
32562,1,7,6,2,0,8,0,9,5,6,5
32563,7,1,0,3,4,6,1,5,7,3,4
32564,3,6,1,8,5,3,2,6,0,1,1
32565,5,8,3,1,6,0,7,1,4,4,7
32566,7,1,0,3,4,6,1,5,7,3,4
32567,7,1,0,3,4,6,1,5,7,3,4
32568,3,6,1,8,5,3,2,6,0,1,1
32569,4,5,8,9,3,4,3,0,8,7,3
32570,1,7,6,2,0,8,0,9,5,6,5
32571,1,7,6,2,0,8,0,9,5,6,5
32572,4,5,8,9,3,4,3,3,8,7,3
32573,5,5,3,1,6,0,7,1,4,4,7
32574,3,0,1,4,5,3,2,6,1,1,1
32575,3,6,1,8,5,3,2,6,0,1,1
32576,4,5,4,9,8,2,3,3,8,5,3
32577,1,7,6,2,0,8,0,9,5,6,5
32578,5,8,3,1,6,0,7,1,4,4,7
32579,6,3,2,7,1,5,9,2,3,2,9
32580,0,4,5,0,2,9,4,4,6,8,2
32581,7,1,0,3,4,6,1,5,7,3,4
32582,8,2,7,5,9,7,8,3,6,9,8
32583,5,8,3,1,6,0,7,1,4,4,7
32584,8,2,5,5,9,9,8,4,6,9,8
32585,7,1,0,3,4,6,1,5,7,3,4
32586,0,4,6,0,2,8,4,9,5,8,0
32587,5,5,8,9,3,4,7,0,8,7,7
32588,7,1,0,3,4,6,1,5,7,3,4
32589,0,4,5,0,2,9,4,4,6,8,2
32590,6,5,2,7,1,5,9,2,3,2,9
32591,2,3,4,6,8,2,6,8,9,5,6
32592,4,7,6,9,3,8,3,9,8,7,3
32593,0,8,3,0,2,0,4,1,4,8,0
32594,8,2,7,5,9,7,8,4,6,9,8
32595,6,5,2,7,1,5,9,2,3,2,9
32596,7,1,0,3,4,6,1,5,7,3,4
32597,1,7,6,2,0,8,0,9,5,6,5
32598,7,1,0,3,4,6,1,5,7,3,4
32599,8,2,5,5,9,9,8,4,6,9,2
32600,7,1,0,3,4,6,1,5,7,3,4
32601,6,3,2,7,1,5,9,2,3,2,9
32602,9,9,9,2,7,1,5,7,2,0,5
32603,7,1,0,3,4,6,1,5,7,3,4
32604,8,2,5,5,9,9,8,4,6,9,2
32605,3,0,1,4,5,3,2,6,1,1,1
32606,6,3,2,7,1,5,9,2,3,2,9
32607,2,3,4,6,8,2,6,8,9,5,6
32608,0,4,5,0,2,9,4,4,6,8,2
32609,3,6,1,8,5,3,2,6,0,1,1
32610,7,1,0,3,4,6,1,5,7,3,4
32611,5,5,3,2,6,0,7,2,4,4,7
32612,1,7,6,2,0,8,0,9,5,6,5
32613,8,2,5,5,9,9,8,4,6,9,2
32614,2,3,4,6,8,2,6,8,9,5,6
32615,2,3,4,6,8,2,6,8,9,5,6
32616,2,2,4,5,8,2,6,3,9,5,8
32617,2,3,4,6,8,2,6,8,9,5,6
32618,0,4,7,0,2,7,4,4,6,8,0
32619,7,1,0,3,4,6,1,5,7,3,4
32620,8,2,5,5,9,9,8,4,6,9,8
32621,3,6,1,8,5,3,2,6,0,1,1
32622,7,1,0,3,4,6,1,5,7,3,4
32623,4,5,8,9,3,4,3,0,8,7,3
32624,4,7,8,9,3,4,3,9,8,7,3
32625,3,0,1,4,5,3,2,6,1,1,1
32626,8,2,5,5,9,9,8,4,6,9,2
32627,6,3,2,7,1,5,9,2,3,2,9
32628,5,8,3,1,6,0,7,1,4,4,0
32629,0,4,5,0,2,9,4,4,6,8,2
32630,6,5,2,7,1,5,9,2,3,2,9
32631,4,5,8,9,3,4,3,0,8,7,3
32632,1,7,6,2,0,8,0,9,5,6,5
32633,4,5,8,9,3,4,3,0,8,7,3
32634,6,1,2,7,1,5,9,2,3,2,9
32635,1,7,6,2,0,8,0,9,5,6,5
32636,2,3,4,6,8,2,6,8,9,5,6
32637,7,1,0,3,4,6,1,8,7,3,4
32638,7,1,0,3,4,6,1,8,7,3,4
32639,6,3,2,7,1,5,9,8,3,2,9
32640,4,5,8,9,3,4,3,3,8,7,3
32641,2,3,4,6,8,2,6,8,9,5,6
32642,1,7,6,2,0,8,0,9,5,6,5
32643,0,4,5,0,2,9,4,4,6,8,2
32644,7,1,0,3,4,6,1,5,7,3,4
32645,0,4,5,0,2,9,4,1,4,8,2
32646,7,1,0,3,4,6,1,5,7,3,4
32647,0,4,7,0,2,7,4,1,4,8,0
32648,0,4,7,0,2,7,4,4,6,8,0
32649,0,4,5,0,2,9,4,1,4,8,2
32650,6,5,2,7,1,5,9,2,3,2,9
32651,5,8,3,1,6,0,7,1,4,4,2
32652,7,1,0,3,4,6,1,5,7,3,4
32653,7,1,0,3,4,6,1,5,7,3,4
32654,6,5,2,7,1,5,9,2,3,2,9
32655,0,8,3,1,6,0,7,1,4,4,2
32656,7,7,6,3,4,8,1,9,5,3,4
32657,0,4,7,0,2,7,4,1,4,8,0
32658,4,5,8,9,3,4,3,0,8,7,3
32659,3,0,1,8,5,3,2,6,0,1,1
32660,1,7,6,2,0,8,0,9,5,6,5
32661,0,4,7,0,2,7,4,1,4,8,0
32662,5,8,3,1,6,0,7,1,4,4,7
32663,7,1,0,3,4,6,1,5,7,3,4
32664,1,7,6,2,0,8,0,9,5,6,5
32665,7,1,0,3,4,6,1,5,7,3,4
32666,4,1,8,9,3,4,3,0,8,7,3
32667,2,3,4,6,8,2,6,8,9,5,6
32668,7,1,0,3,4,6,1,5,7,3,4
32669,5,8,3,1,6,0,7,1,4,4,0
32670,4,5,8,9,3,4,3,0,8,7,3
32671,7,1,0,3,4,6,1,5,7,3,4
32672,0,4,3,0,2,0,4,1,4,8,0
32673,4,8,3,9,3,0,3,1,4,7,0
32674,2,3,4,6,8,2,6,8,9,5,6
32675,1,7,6,2,0,8,0,9,5,6,5
32676,0,4,3,0,2,0,4,1,4,8,0
32677,1,7,6,2,0,8,0,9,5,6,5
32678,6,5,2,7,1,5,9,2,3,2,9
32679,5,8,3,1,6,0,7,1,4,4,7
32680,7,1,0,3,4,6,1,5,7,3,4
32681,0,4,3,0,2,0,4,1,4,8,2
32682,3,6,1,8,5,3,2,6,0,1,1
32683,5,8,3,1,6,0,7,1,4,4,7
32684,2,3,4,6,8,2,6,8,9,5,6
32685,7,1,0,3,4,6,1,5,7,3,4
32686,7,1,0,3,4,6,1,5,7,3,4
32687,0,4,5,0,2,9,4,1,4,8,2
32688,7,1,0,3,4,6,1,5,7,3,4
32689,7,1,0,3,4,6,1,5,7,3,4
32690,3,6,1,4,5,3,2,6,1,1,1
32691,7,1,0,3,4,6,1,5,7,3,4
32692,4,5,8,9,3,4,3,0,8,7,3
32693,3,6,1,8,5,3,2,6,0,1,1
32694,4,5,8,9,3,4,3,0,8,7,3
32695,7,1,0,3,4,6,1,2,7,3,4
32696,4,5,8,9,3,4,3,0,8,7,3
32697,7,1,0,3,4,6,1,5,7,3,4
32698,7,1,0,3,4,6,1,5,7,3,4
32699,7,1,0,3,4,6,1,5,7,3,4
32700,8,2,5,5,9,9,8,4,6,9,8
32701,4,5,8,9,3,4,3,0,8,7,3
32702,0,4,4,0,2,2,4,8,9,8,0
32703,7,1,0,3,4,6,1,5,7,3,4
32704,9,9,9,2,7,1,5,7,2,0,5
32705,1,7,6,2,0,8,0,9,5,6,5
32706,0,4,3,0,2,0,4,1,4,8,0
32707,7,1,0,3,4,6,1,5,7,3,4
32708,3,0,1,4,5,3,2,6,1,1,1
32709,6,5,2,7,1,5,9,2,3,2,9
32710,1,7,6,2,0,8,0,9,5,6,5
32711,7,1,0,3,4,6,1,5,7,3,4
32712,7,1,0,3,4,6,1,5,7,3,4
32713,0,4,3,0,2,0,4,1,4,8,0
32714,0,4,3,0,2,0,4,1,4,8,0
32715,0,8,3,0,2,0,4,1,4,8,0
32716,0,4,5,0,2,9,4,4,6,8,2
32717,2,3,4,6,8,2,6,8,9,5,6
32718,1,7,6,2,0,8,0,9,5,6,5
32719,5,8,3,1,6,0,7,1,4,4,7
32720,5,8,3,1,6,0,7,1,4,4,7
32721,1,7,6,2,0,8,0,9,5,6,5
32722,2,3,4,6,8,2,6,8,9,5,6
32723,7,1,0,3,4,6,1,5,7,3,4
32724,9,9,9,2,7,1,5,7,2,0,5
32725,4,5,8,9,3,4,3,0,8,7,3
32726,7,1,0,3,4,6,1,5,7,3,4
32727,4,5,8,9,3,4,3,3,8,7,3
32728,0,4,5,0,2,9,4,1,4,8,2
32729,5,8,3,1,6,0,7,1,4,4,7
32730,7,1,0,3,4,6,1,5,7,3,4
32731,4,5,8,9,3,4,3,0,8,7,3
32732,0,4,7,0,2,7,4,1,4,8,0
32733,7,3,4,6,4,6,6,8,9,3,6
32734,5,5,2,7,1,5,7,2,3,2,7
32735,7,3,0,6,4,6,1,8,9,3,4
32736,4,5,8,9,3,4,3,0,8,7,3
32737,7,1,0,3,4,6,1,5,7,3,4
32738,8,4,5,0,2,9,4,4,6,8,2
32739,4,5,8,9,3,4,3,0,8,7,3
32740,0,4,5,0,2,9,4,1,4,8,2
32741,1,7,6,2,0,8,0,9,5,6,5
32742,2,3,4,6,8,2,6,8,9,5,6
32743,1,7,6,2,0,8,0,9,5,6,5
32744,7,1,0,3,4,6,1,5,7,3,4
32745,0,4,7,0,2,7,4,1,4,8,0
32746,3,6,1,8,5,3,2,6,0,1,1
32747,0,4,5,0,2,9,4,4,6,8,0
32748,7,1,0,3,4,6,1,5,7,3,4
32749,0,4,3,0,2,0,4,1,4,8,0
32750,7,1,0,3,4,6,1,5,7,3,4
32751,6,5,2,7,1,5,9,2,3,2,9
32752,4,5,8,9,3,4,3,3,8,7,3
32753,7,1,0,3,4,6,1,5,7,3,4
32754,4,5,8,9,3,4,3,0,8,7,3
32755,7,1,0,3,4,6,1,5,7,3,4
32756,1,7,6,2,0,8,0,9,5,6,5
32757,7,1,0,3,4,6,1,5,7,3,4
32758,7,1,0,3,4,6,1,5,7,3,4
32759,5,8,3,1,6,0,7,1,4,4,7
32760,7,1,0,3,4,6,1,5,7,3,4
32761,0,4,3,0,2,0,4,1,4,8,0
32762,0,4,7,0,2,7,4,1,4,8,0
32763,6,1,2,7,1,5,9,2,3,2,9
32764,1,7,6,2,0,8,0,9,5,6,5
32765,1,7,6,2,0,8,0,9,5,6,5
32766,2,3,4,6,8,2,6,3,9,5,6
32767,0,4,3,0,2,0,4,1,4,8,0
32768,6,9,2,7,1,5,9,2,3,2,9
32769,0,4,7,0,2,7,4,1,4,8,0
32770,7,1,0,3,4,6,1,5,7,3,4
32771,0,8,3,1,6,0,4,1,4,4,0
32772,5,8,3,1,6,0,7,1,4,4,7
32773,1,7,6,2,0,8,0,9,5,6,5
32774,7,1,0,3,4,6,1,5,7,3,4
32775,7,1,0,3,4,6,1,5,7,3,4
32776,6,5,2,7,1,5,9,2,3,2,9
32777,5,8,3,1,6,0,7,1,4,4,7
32778,3,6,1,8,5,3,2,6,0,1,1
32779,6,3,2,7,1,5,9,8,3,2,9
32780,6,5,2,7,1,5,9,2,3,2,9
32781,3,6,1,8,5,3,2,6,0,1,1
32782,2,3,4,6,8,2,6,3,9,5,6
32783,5,5,8,9,3,4,7,0,8,7,7
32784,5,8,3,1,6,0,7,1,4,4,7
32785,3,6,1,8,5,3,2,6,0,1,1
32786,4,5,8,9,3,4,3,3,8,7,3
32787,1,7,6,2,0,8,0,9,5,6,5
32788,7,1,0,3,4,6,1,5,7,3,4
32789,3,6,1,8,5,3,2,6,0,1,1
32790,7,1,0,3,4,6,1,5,7,3,4
32791,4,5,8,9,3,4,3,0,8,7,3
32792,6,1,2,7,1,5,9,2,3,2,9
32793,3,6,1,8,5,3,2,6,0,1,1
32794,7,1,0,3,4,6,1,5,7,3,4
32795,1,7,6,2,0,8,0,9,5,6,5
32796,7,1,0,3,4,6,1,5,7,3,4
32797,9,9,9,7,7,1,5,7,2,0,9
32798,5,8,3,1,6,0,7,1,4,4,7
32799,7,1,0,3,4,6,1,5,7,3,4
32800,3,6,1,8,5,3,2,6,0,1,1
32801,0,4,7,0,2,7,4,1,4,8,0
32802,0,4,3,0,2,0,4,1,4,8,0
32803,4,5,8,9,3,4,3,0,8,7,3
32804,7,1,0,3,4,6,1,5,7,3,4
32805,7,1,0,3,4,6,1,5,7,3,4
32806,7,1,0,3,4,6,1,5,7,3,4
32807,1,7,6,2,0,8,0,9,5,6,5
32808,1,7,6,2,0,8,0,9,5,6,5
32809,6,9,2,7,1,5,9,2,3,2,9
32810,3,6,1,8,5,3,2,6,0,1,1
32811,7,1,0,3,4,6,1,5,7,3,4
32812,0,8,3,0,2,0,4,1,4,8,2
32813,0,4,7,0,2,7,4,1,4,8,0
32814,4,5,8,9,3,4,3,0,8,7,3
32815,7,1,0,3,4,6,1,5,7,3,4
32816,8,2,7,5,9,7,8,4,6,9,8
32817,4,5,8,9,3,4,3,0,8,7,3
32818,6,9,2,7,1,5,9,2,3,2,9
32819,0,4,5,0,2,9,4,1,4,8,2
32820,0,4,5,0,2,9,4,4,6,8,2
32821,0,4,7,0,2,7,4,1,4,8,0
32822,2,3,4,6,8,2,6,3,9,5,5
32823,1,7,6,2,0,8,0,9,5,6,5
32824,9,9,9,2,7,1,5,7,2,0,5
32825,2,3,4,6,8,2,6,8,9,5,6
32826,5,5,8,9,3,4,7,0,8,7,7
32827,7,1,0,3,4,6,1,5,7,3,4
32828,7,1,0,3,4,6,1,5,7,3,4
32829,4,5,8,9,3,4,3,3,8,7,3
32830,0,4,3,0,2,0,4,1,4,8,0
32831,7,1,0,3,4,6,1,5,7,3,4
32832,5,8,3,1,6,0,7,1,4,4,7
32833,4,5,8,9,3,4,3,0,8,7,3
32834,3,6,1,8,5,3,2,6,0,1,1
32835,1,7,6,2,0,8,0,9,5,6,5
32836,6,0,2,7,1,5,9,2,3,2,9
32837,7,1,0,3,4,6,1,5,7,3,4
32838,0,4,3,0,2,0,4,1,4,8,0
32839,4,5,8,9,3,4,3,0,8,7,3
32840,7,1,0,3,4,6,1,5,7,3,4
32841,4,5,8,9,3,4,3,0,8,7,3
32842,1,7,6,2,0,8,0,9,5,6,5
32843,3,6,1,8,5,3,2,6,0,1,1
32844,8,2,5,5,9,9,8,4,6,9,2
32845,6,1,2,7,1,5,9,2,3,2,9
32846,3,6,1,8,5,3,2,6,0,1,1
32847,7,1,0,3,4,6,1,5,7,3,4
32848,0,4,7,0,2,7,4,4,6,8,0
32849,0,4,5,0,2,9,4,1,4,8,2
32850,0,4,0,0,2,6,4,5,7,8,4
32851,0,4,7,0,2,7,4,1,4,8,0
32852,1,7,6,2,0,8,0,9,5,6,5
32853,1,7,6,2,0,8,0,9,5,6,5
32854,6,5,2,7,1,5,9,2,3,2,9
32855,1,7,6,2,0,8,0,9,5,6,5
32856,5,8,3,1,6,0,7,1,4,4,7
32857,0,4,7,0,2,7,4,1,4,8,0
32858,4,5,8,9,3,4,3,0,8,7,3
32859,1,7,6,2,0,8,0,9,5,6,5
32860,0,4,7,0,2,7,4,1,4,8,0
32861,0,4,5,0,2,9,4,1,4,8,2
32862,5,8,3,1,6,0,7,1,4,4,7
32863,1,7,6,2,0,8,0,9,5,6,5
32864,7,1,0,3,4,6,1,5,7,3,4
32865,0,4,7,0,2,7,4,1,4,8,0
32866,5,5,8,1,6,4,7,0,8,4,7
32867,3,6,1,8,5,3,2,6,0,1,1
32868,4,5,8,9,3,4,3,0,8,7,3
32869,3,0,1,4,5,3,2,6,1,1,1
32870,7,1,0,3,4,6,1,5,7,3,4
32871,1,7,6,2,0,8,0,9,5,6,5
32872,6,5,2,7,1,5,9,2,3,2,9
32873,0,4,5,0,2,9,4,1,4,8,2
32874,2,3,4,6,8,2,6,8,9,5,6
32875,7,1,0,3,4,6,1,5,7,3,4
32876,1,7,6,2,0,8,0,9,5,6,5
32877,0,4,5,0,2,9,4,1,4,8,2
32878,5,8,3,1,6,0,7,1,4,4,0
32879,9,9,9,2,7,1,5,7,2,0,5
32880,5,8,3,1,6,0,7,1,4,4,7
32881,2,3,4,6,8,2,6,8,9,5,6
32882,5,8,3,1,6,0,7,1,4,4,7
32883,7,1,0,3,4,6,1,5,7,3,4
32884,1,7,6,2,0,8,0,9,5,6,5
32885,7,1,0,3,4,6,1,5,7,3,4
32886,1,7,6,2,0,8,0,9,5,6,5
32887,9,9,9,2,7,1,5,7,2,0,5
32888,8,2,5,5,9,9,8,4,6,9,8
32889,4,5,8,9,3,4,3,0,8,7,3
32890,1,7,6,2,0,8,0,9,5,6,5
32891,0,4,7,0,2,7,4,9,6,8,0
32892,1,7,6,2,0,8,0,9,5,6,5
32893,0,4,5,0,2,9,4,4,6,8,2
32894,4,5,8,9,3,4,3,0,8,7,3
32895,2,3,7,6,8,7,6,8,9,5,0
32896,8,4,5,5,9,9,8,4,6,9,2
32897,7,1,0,3,4,6,1,5,7,3,4
32898,0,4,7,0,2,7,4,1,4,8,0
32899,3,6,1,8,5,3,2,6,0,1,1
32900,2,3,4,6,8,2,6,8,9,5,6
32901,6,1,2,7,1,5,9,2,3,2,9
32902,7,1,0,3,4,6,1,5,7,3,4
32903,4,5,8,9,3,4,3,0,8,7,3
32904,5,8,3,1,6,0,7,1,4,4,7
32905,3,6,1,8,5,3,2,6,0,1,1
32906,1,7,6,2,0,8,0,9,5,6,5
32907,7,1,0,3,4,6,1,8,7,3,4
32908,5,8,3,1,6,0,7,1,4,4,4
32909,0,4,3,0,2,0,4,1,4,8,0
32910,5,8,3,1,6,0,7,1,4,4,7
32911,2,5,7,9,8,7,6,3,8,5,3
32912,4,5,8,9,3,4,3,3,8,7,3
32913,7,1,0,3,4,6,1,5,7,3,4
32914,1,7,6,2,0,8,0,9,5,6,5
32915,2,1,4,3,8,2,6,5,7,5,6
32916,8,2,7,5,9,7,8,4,6,9,8
32917,5,4,3,0,2,0,7,1,4,8,7
32918,9,9,2,7,7,5,5,2,2,0,9
32919,7,1,0,3,4,6,1,5,7,3,4
32920,8,2,5,5,9,9,8,4,6,9,8
32921,1,7,6,2,0,8,0,9,5,6,5
32922,4,5,8,9,3,4,3,0,8,7,3
32923,7,1,0,3,4,6,1,5,7,3,4
32924,0,4,3,0,2,0,4,1,4,8,2
32925,3,6,1,8,5,3,2,6,0,1,1
32926,4,8,8,9,3,4,3,0,8,7,3
32927,5,5,8,8,3,4,9,0,8,7,7
32928,6,5,2,7,1,5,9,2,3,2,9
32929,4,5,8,9,3,4,3,0,8,7,3
32930,5,8,3,1,6,0,7,1,4,4,7
32931,7,1,0,3,4,6,1,5,7,3,4
32932,9,9,4,6,8,2,5,3,2,5,6
32933,7,1,0,3,4,6,1,5,7,3,4
32934,7,1,5,3,4,9,1,4,6,3,4
32935,7,1,0,3,4,6,1,5,7,3,4
32936,2,3,4,6,8,2,6,8,9,5,6
32937,1,7,6,2,0,8,0,9,5,6,5
32938,6,5,2,7,1,5,9,2,3,2,7
32939,4,5,7,9,3,7,3,0,8,7,0
32940,7,1,0,3,4,6,1,5,7,3,4
32941,0,4,5,0,2,9,4,4,6,8,2
32942,4,5,8,9,3,4,3,0,8,7,3
32943,2,3,4,6,8,2,6,8,9,5,6
32944,7,1,0,3,4,6,1,5,7,3,4
32945,0,4,5,0,2,9,4,4,6,8,2
32946,3,6,1,8,5,3,2,6,0,1,1
32947,9,9,9,2,7,1,5,7,2,0,5
32948,2,3,4,6,8,2,6,8,9,5,0
32949,6,9,2,7,1,5,9,2,3,2,9
32950,3,6,1,8,5,3,2,6,0,1,1
32951,3,6,1,8,5,3,2,6,0,1,1
32952,3,0,1,4,5,3,2,6,1,1,1
32953,3,6,1,8,5,3,2,6,0,1,1
32954,7,1,0,3,4,6,1,5,7,3,4
32955,0,4,5,0,2,9,4,4,6,8,2
32956,8,2,7,5,9,7,8,4,6,9,8
32957,0,4,5,0,2,9,4,4,6,8,2
32958,1,7,6,2,0,8,0,9,5,6,5
32959,0,4,7,0,2,7,4,4,6,8,0
32960,7,1,0,3,4,6,1,5,7,3,4
32961,7,1,0,3,4,6,1,5,7,3,4
32962,2,3,4,6,8,2,6,5,9,5,6
32963,0,4,7,0,2,7,4,4,6,8,0
32964,7,1,0,3,4,6,1,5,7,3,4
32965,2,3,4,6,8,2,6,8,9,5,6
32966,3,0,1,4,5,3,2,6,1,1,1
32967,0,4,3,0,2,0,4,1,4,8,0
32968,7,1,0,3,4,6,1,5,7,3,4
32969,4,5,8,9,3,4,3,0,8,7,3
32970,8,2,7,5,9,7,8,4,6,9,8
32971,7,1,0,3,4,6,1,5,7,3,4
32972,0,4,3,0,2,0,4,1,4,8,0
32973,7,1,0,7,4,6,1,2,7,3,4
32974,9,9,9,2,7,1,5,7,2,0,5
32975,7,1,0,3,4,6,1,5,7,3,4
32976,5,8,3,1,6,0,7,0,8,4,7
32977,5,5,2,1,6,5,7,0,3,4,7
32978,4,5,8,9,3,4,3,0,8,7,3
32979,1,7,6,2,0,8,0,9,5,6,5
32980,0,4,5,0,2,9,4,4,6,8,2
32981,6,5,2,7,1,5,9,2,3,2,9
32982,7,1,0,3,4,6,1,5,7,3,4
32983,5,8,3,1,6,0,7,1,4,4,0
32984,7,1,0,3,4,6,1,5,7,3,4
32985,7,1,0,3,4,6,1,5,7,3,4
32986,1,7,6,2,0,8,0,9,5,6,5
32987,7,1,0,3,4,6,1,5,7,3,4
32988,0,8,3,1,6,0,7,1,4,4,2
32989,6,3,2,7,1,5,9,2,3,2,9
32990,7,1,0,3,4,6,1,5,7,3,4
32991,7,9,0,2,4,6,1,7,7,0,5
32992,7,1,0,3,4,6,1,5,7,3,4
32993,0,4,7,0,2,7,4,4,6,8,0
32994,6,5,2,7,1,5,9,2,3,2,9
32995,7,1,0,3,4,6,1,5,7,3,4
32996,0,4,7,0,2,7,4,1,4,8,0
32997,0,4,7,0,2,7,4,1,4,8,0
32998,7,1,0,7,4,6,1,2,7,3,4
32999,4,5,8,9,3,4,3,0,8,7,3
33000,7,1,0,3,4,6,1,5,7,3,4
33001,7,1,0,3,4,6,1,5,7,3,4
33002,7,1,0,3,4,6,1,5,7,3,4
33003,3,0,1,4,5,3,2,6,1,1,1
33004,7,1,0,3,4,6,1,5,7,3,4
33005,9,9,9,2,7,1,5,7,2,0,5
33006,4,5,8,9,3,4,3,0,8,7,3
33007,6,5,2,7,1,5,9,2,3,2,9
33008,6,5,2,7,1,5,9,2,3,2,9
33009,2,3,4,6,8,2,6,8,9,5,6
33010,5,5,8,1,6,4,7,0,8,4,7
33011,8,2,7,5,9,7,8,4,6,9,0
33012,1,7,6,2,0,8,0,9,5,6,5
33013,9,9,9,2,7,1,5,7,2,0,5
33014,0,4,3,0,2,0,4,1,4,8,0
33015,4,5,8,9,3,4,3,3,8,7,3
33016,6,5,2,7,1,5,9,2,3,2,9
33017,8,2,5,5,9,9,8,4,6,9,8
33018,2,3,4,6,8,2,6,3,9,5,8
33019,2,3,4,6,8,2,6,8,9,5,6
33020,3,6,1,8,5,3,2,6,0,1,1
33021,0,4,3,0,2,0,4,1,4,8,0
33022,7,1,0,3,4,6,1,5,7,3,4
33023,3,0,1,4,5,3,2,3,1,1,1
33024,1,7,6,2,0,8,0,9,5,6,5
33025,9,9,9,2,7,1,5,7,2,0,5
33026,7,3,0,6,4,6,1,8,9,3,4
33027,6,5,2,7,1,5,9,2,3,2,9
33028,2,7,6,2,8,8,6,9,5,5,5
33029,2,3,4,6,8,2,6,8,9,5,6
33030,4,5,8,9,3,4,3,0,8,7,3
33031,0,4,7,0,2,7,4,1,4,8,0
33032,4,5,8,9,3,4,3,0,8,7,3
33033,9,9,9,2,7,1,5,7,2,0,5
33034,1,7,6,2,0,8,0,9,5,6,5
33035,9,9,2,7,8,5,5,3,2,5,9
33036,2,3,4,6,8,2,6,8,9,5,6
33037,8,2,5,5,9,9,8,4,6,9,8
33038,2,3,4,6,8,2,6,8,9,5,6
33039,2,3,4,6,8,2,6,8,9,5,6
33040,4,5,8,9,3,4,3,9,8,7,3
33041,8,2,7,5,9,7,8,4,6,9,8
33042,3,6,1,8,5,3,2,6,0,1,1
33043,3,0,1,4,5,3,2,3,1,1,1
33044,5,8,3,1,6,0,7,1,4,4,7
33045,9,9,9,2,7,1,5,7,2,0,5
33046,0,4,7,0,2,7,4,8,9,8,0
33047,6,5,2,7,1,5,9,2,3,2,9
33048,1,7,6,2,0,8,0,9,5,6,5
33049,2,3,4,6,8,2,6,8,9,5,6
33050,1,7,6,2,0,8,0,9,5,6,5
33051,8,2,7,5,9,7,8,4,6,9,8
33052,0,4,3,0,2,0,4,1,4,8,0
33053,9,9,9,2,7,1,5,3,2,0,5
33054,7,1,0,3,4,6,1,5,7,3,4
33055,4,5,7,4,3,4,3,3,1,7,8
33056,4,5,8,9,3,4,3,0,8,7,3
33057,9,3,9,6,7,1,5,8,2,0,8
33058,5,5,9,2,6,1,7,1,2,4,7
33059,8,2,4,5,9,2,8,8,9,9,8
33060,7,1,0,3,4,6,1,7,7,3,4
33061,8,2,7,5,9,7,8,4,6,9,8
33062,1,7,6,2,0,8,0,9,5,6,5
33063,4,5,8,9,3,4,3,3,8,7,3
33064,5,8,3,1,6,0,7,1,4,4,7
33065,6,5,2,7,1,5,9,2,3,2,9
33066,3,6,1,8,5,3,2,6,0,1,1
33067,8,2,5,5,9,9,8,4,6,9,8
33068,6,5,2,7,1,5,9,2,3,2,9
33069,9,9,9,2,7,1,5,7,2,0,5
33070,0,4,7,0,2,7,4,1,4,8,0
33071,9,9,9,2,7,1,5,3,2,0,8
33072,7,1,0,3,4,6,1,5,7,3,4
33073,4,5,8,9,3,4,3,3,8,7,3
33074,5,5,3,1,6,0,7,1,4,4,7
33075,6,5,2,7,1,5,9,2,3,2,9
33076,4,7,8,2,3,4,3,3,8,7,3
33077,9,9,9,2,7,1,5,7,2,0,5
33078,4,0,4,4,3,2,3,3,1,7,3
33079,3,0,1,4,5,3,2,6,1,1,1
33080,7,1,0,3,4,6,1,5,7,3,4
33081,9,9,9,2,7,1,5,7,2,0,5
33082,8,2,5,5,9,9,8,4,6,9,2
33083,8,2,7,5,9,7,8,4,6,9,8
33084,1,7,6,2,0,8,0,9,5,6,5
33085,6,5,2,7,1,5,9,2,3,2,9
33086,1,7,6,2,0,8,0,9,5,6,5
33087,3,0,1,4,5,3,2,6,1,1,1
33088,6,5,2,7,1,5,9,2,3,2,9
33089,2,3,4,6,8,2,6,8,9,5,6
33090,6,9,2,7,1,5,9,2,3,2,9
33091,9,9,9,2,7,1,5,7,2,0,5
33092,1,7,6,2,0,8,0,9,5,6,5
33093,8,2,5,5,9,9,8,4,6,9,8
33094,6,5,2,7,1,5,9,2,3,2,9
33095,9,9,9,2,7,1,5,7,2,0,5
33096,6,5,2,7,1,5,9,2,3,2,9
33097,2,3,4,6,8,2,6,8,9,5,6
33098,8,2,7,5,9,7,8,4,6,9,8
33099,2,3,4,6,8,2,6,8,9,5,6
33100,4,5,8,9,3,4,3,3,8,7,3
33101,8,2,7,5,9,7,8,4,6,9,8
33102,4,5,8,9,3,4,3,0,8,7,3
33103,8,2,5,5,9,9,8,4,6,9,8
33104,8,2,5,5,9,9,8,4,6,9,8
33105,9,9,9,2,7,1,5,7,2,0,5
33106,5,8,3,1,6,0,7,1,4,4,7
33107,8,2,7,5,9,7,8,4,6,9,8
33108,1,7,6,2,0,8,0,9,5,6,5
33109,8,2,5,5,9,9,8,4,6,9,8
33110,1,7,6,2,0,8,0,9,5,6,5
33111,3,0,1,4,5,3,2,6,1,1,1
33112,3,0,1,4,5,3,2,6,1,1,1
33113,9,9,9,2,7,1,5,7,2,0,5
33114,7,1,0,3,4,6,1,5,7,3,4
33115,8,2,7,5,9,7,8,4,6,9,8
33116,4,5,8,9,3,4,3,3,8,7,3
33117,0,4,7,0,2,7,4,1,4,8,0
33118,4,1,8,9,3,4,3,0,8,7,3
33119,0,4,7,0,2,7,4,4,6,8,0
33120,7,1,0,3,4,6,1,5,7,3,4
33121,9,9,9,2,7,1,5,3,2,0,5
33122,9,9,9,2,7,1,5,7,2,0,5
33123,8,2,5,5,9,9,8,4,6,9,8
33124,1,7,6,2,0,8,0,9,5,6,5
33125,8,2,7,5,9,7,8,4,6,9,8
33126,5,8,3,1,6,0,7,1,4,4,7
33127,0,4,7,0,2,7,4,4,6,8,0
33128,0,8,3,1,6,0,7,1,4,4,0
33129,8,2,7,5,9,7,8,4,6,9,8
33130,7,1,0,3,4,6,1,5,7,3,4
33131,8,2,9,5,9,1,8,4,2,9,8
33132,7,1,0,3,4,6,1,5,7,3,4
33133,6,5,2,7,1,5,9,2,3,2,9
33134,8,2,5,5,9,9,8,4,6,9,8
33135,4,5,8,9,3,4,3,3,8,7,3
33136,3,0,1,4,5,3,2,6,1,1,1
33137,9,9,9,2,7,1,5,7,2,0,5
33138,7,1,0,3,4,6,1,5,7,3,4
33139,2,3,4,6,8,2,6,8,9,5,6
33140,1,7,6,2,0,8,0,9,5,6,5
33141,8,2,7,5,9,7,8,4,6,9,8
33142,3,6,1,8,5,3,2,6,0,1,1
33143,0,4,7,0,2,7,4,4,6,8,0
33144,5,8,3,1,6,0,7,1,4,4,7
33145,2,3,4,6,8,2,6,8,9,5,6
33146,7,1,0,3,4,6,1,5,7,3,4
33147,8,2,7,5,9,7,8,4,6,9,0
33148,3,6,1,8,5,3,2,6,0,1,1
33149,3,0,1,4,5,3,2,6,1,1,1
33150,1,7,6,2,0,8,0,9,5,6,5
33151,2,3,4,6,8,2,6,8,9,5,6
33152,7,1,0,3,4,6,1,5,7,3,4
33153,8,2,9,5,9,1,8,7,2,9,8
33154,5,5,8,9,3,4,7,0,8,7,7
33155,8,2,7,5,9,7,8,4,6,9,8
33156,0,4,7,0,2,7,4,4,6,8,0
33157,3,0,1,4,5,3,2,6,1,1,1
33158,6,7,2,2,1,5,9,2,3,2,5
33159,4,5,8,9,3,4,3,3,8,7,3
33160,1,9,6,2,0,8,0,9,5,6,5
33161,2,3,4,6,8,2,6,8,9,5,6
33162,6,5,2,7,1,5,9,2,3,2,9
33163,3,0,1,4,5,3,2,3,1,1,1
33164,8,2,5,5,9,9,8,4,6,9,8
33165,8,2,7,5,9,7,8,4,6,9,8
33166,1,7,6,2,0,8,0,9,5,6,5
33167,4,0,8,4,3,4,3,3,1,7,3
33168,6,5,2,7,1,5,9,2,3,2,9
33169,2,3,4,6,8,2,6,8,9,5,6
33170,8,4,5,0,2,9,8,4,6,8,2
33171,8,2,5,5,9,9,8,4,6,9,8
33172,3,6,1,8,5,3,2,6,0,1,1
33173,3,0,1,4,5,3,2,3,1,1,1
33174,5,8,3,1,6,0,7,1,4,4,0
33175,9,9,9,2,7,1,5,7,2,0,5
33176,1,7,6,2,0,8,0,9,5,6,5
33177,0,4,7,0,2,7,4,4,6,8,0
33178,1,7,6,2,0,8,0,9,5,6,5
33179,2,3,4,6,8,2,6,8,9,5,6
33180,6,5,2,7,1,5,9,2,3,2,9
33181,2,3,4,6,8,2,6,8,9,5,6
33182,0,4,3,0,2,0,4,1,4,8,0
33183,9,9,9,2,7,1,5,7,2,0,5
33184,6,5,2,7,1,5,9,2,3,2,9
33185,6,3,2,7,1,5,9,2,3,2,9
33186,7,1,0,3,4,6,1,5,7,3,4
33187,8,2,7,5,9,7,8,4,6,9,8
33188,1,7,6,2,0,8,0,9,5,6,5
33189,2,3,4,6,8,2,6,8,9,5,6
33190,1,7,6,2,0,8,0,9,5,6,5
33191,9,9,9,2,7,1,5,7,2,0,5
33192,3,6,1,8,5,3,2,6,0,1,1
33193,2,3,4,6,8,2,6,8,9,5,6
33194,2,3,4,6,8,2,6,8,9,5,6
33195,8,2,7,5,9,7,8,4,6,9,8
33196,8,2,5,5,9,9,8,4,6,9,8
33197,6,5,7,7,1,7,9,2,3,2,8
33198,1,7,6,2,0,8,0,9,5,6,5
33199,8,2,7,5,9,7,8,4,6,9,0
33200,5,8,3,1,6,0,7,1,4,4,7
33201,2,3,4,6,8,2,6,8,9,5,6
33202,2,3,4,6,8,2,6,8,9,5,6
33203,5,8,3,1,6,0,7,1,4,4,7
33204,5,8,3,1,6,0,7,1,4,4,7
33205,2,3,4,6,8,2,6,8,9,5,6
33206,7,1,0,3,4,6,1,5,7,3,4
33207,4,5,8,9,3,4,3,3,8,7,3
33208,7,1,0,3,4,6,1,5,7,3,4
33209,4,5,8,9,3,4,3,3,8,7,3
33210,5,5,3,1,6,0,7,1,4,4,7
33211,8,2,7,5,9,7,8,4,6,9,8
33212,0,4,3,0,2,0,4,1,4,8,0
33213,6,3,2,7,1,5,9,2,3,2,9
33214,3,6,1,4,5,3,2,6,0,1,1
33215,8,2,7,5,9,7,8,4,6,9,8
33216,7,1,0,3,4,6,1,5,7,3,4
33217,4,0,8,4,3,4,3,3,1,7,3
33218,0,4,7,0,2,7,4,4,6,8,0
33219,3,0,1,4,5,3,2,6,1,1,1
33220,5,8,3,1,6,0,7,1,4,4,0
33221,9,9,9,2,7,1,5,3,2,0,5
33222,7,1,0,3,4,6,1,5,7,3,4
33223,2,3,4,6,8,2,6,8,9,5,6
33224,1,7,6,6,0,8,0,9,5,6,6
33225,2,3,4,6,8,2,6,8,9,5,6
33226,0,8,3,1,6,0,4,1,4,4,0
33227,4,5,8,9,3,4,3,3,8,7,3
33228,3,6,1,8,5,3,2,6,0,1,1
33229,2,3,4,6,8,2,6,8,9,5,6
33230,3,0,1,4,5,3,2,6,1,1,1
33231,9,9,9,2,7,1,5,7,2,0,5
33232,8,2,7,5,9,7,8,4,6,9,8
33233,6,3,2,7,1,5,9,2,3,2,9
33234,0,4,3,0,2,0,4,1,4,8,2
33235,9,9,9,2,7,1,5,7,2,0,5
33236,0,4,3,0,2,0,4,1,4,8,0
33237,3,0,1,4,5,3,2,3,1,1,1
33238,3,6,1,8,5,3,2,6,0,1,1
33239,2,3,4,6,8,2,6,8,9,5,6
33240,7,1,0,3,4,6,1,5,7,3,4
33241,8,2,5,5,9,9,8,4,6,9,8
33242,7,1,0,3,4,6,1,5,7,3,4
33243,9,9,9,2,7,1,5,7,2,0,5
33244,3,6,1,8,5,3,2,6,0,1,1
33245,9,9,9,2,7,1,5,3,2,0,5
33246,5,8,3,1,6,0,7,1,4,4,7
33247,9,2,9,2,7,1,5,3,2,0,8
33248,5,8,3,1,6,0,7,1,4,4,0
33249,8,2,7,5,9,7,8,4,6,9,8
33250,7,1,0,3,4,6,1,5,7,3,4
33251,2,3,4,6,8,2,6,8,9,5,6
33252,5,8,3,1,6,0,7,1,4,4,7
33253,3,0,1,4,5,3,2,3,1,1,1
33254,8,0,7,4,9,7,8,3,1,9,8
33255,8,2,7,5,9,7,8,4,6,9,8
33256,0,4,3,0,2,0,4,1,4,8,0
33257,3,6,1,4,5,3,2,6,1,1,1
33258,4,5,8,9,3,4,3,0,8,7,3
33259,9,9,9,2,7,1,5,7,2,0,5
33260,2,3,4,6,8,2,6,8,9,5,6
33261,6,5,2,7,1,5,9,2,3,2,9
33262,0,4,7,0,2,7,4,1,4,8,0
33263,7,1,0,3,4,6,1,5,7,3,4
33264,4,5,8,9,3,4,3,0,8,7,3
33265,0,4,7,0,2,7,4,1,4,8,0
33266,1,7,6,2,0,8,0,9,5,6,5
33267,0,4,3,0,2,0,4,1,4,8,0
33268,1,7,6,2,0,8,0,9,5,6,5
33269,4,5,8,9,3,4,3,0,8,7,3
33270,2,3,4,6,2,2,6,8,9,5,0
33271,8,2,5,5,9,9,8,4,6,9,2
33272,5,5,8,9,3,4,7,0,8,7,7
33273,2,3,4,6,8,2,6,8,9,5,6
33274,6,5,2,7,1,5,9,2,3,2,9
33275,8,2,7,5,9,7,8,4,6,9,8
33276,7,1,0,3,4,6,1,5,7,3,4
33277,3,0,1,4,5,3,2,6,1,1,1
33278,7,1,0,3,4,6,1,5,7,3,4
33279,9,9,9,2,7,1,5,7,2,0,5
33280,8,2,5,5,9,9,8,4,6,9,2
33281,6,3,2,7,1,5,9,2,3,2,9
33282,8,4,7,5,9,7,8,4,6,9,0
33283,7,1,0,3,4,6,1,5,7,3,4
33284,5,8,3,1,6,0,7,1,4,4,2
33285,8,2,7,5,9,7,8,4,6,9,8
33286,0,4,7,0,2,7,4,1,4,8,0
33287,8,4,5,5,9,9,8,4,6,9,2
33288,2,3,4,6,8,2,6,8,9,5,0
33289,7,1,0,3,4,6,1,5,7,3,4
33290,9,9,9,2,7,1,5,7,2,0,5
33291,8,2,7,5,9,7,8,4,6,9,8
33292,3,6,1,8,5,3,2,6,0,1,1
33293,3,0,1,4,5,3,2,6,1,1,1
33294,7,1,0,3,4,6,1,5,7,3,4
33295,9,9,9,2,7,1,5,7,2,0,5
33296,7,1,0,3,4,6,1,5,7,3,4
33297,6,3,2,7,1,5,9,8,3,2,9
33298,1,7,6,2,0,8,0,9,5,6,5
33299,7,1,0,3,4,6,1,5,7,3,4
33300,8,2,7,5,9,7,8,4,6,9,8
33301,8,2,7,5,9,7,8,4,6,9,8
33302,3,6,1,8,5,3,2,6,0,1,1
33303,2,2,7,6,8,7,6,3,9,5,8
33304,5,8,3,1,6,0,7,1,4,4,4
33305,4,5,8,9,3,4,3,0,8,7,3
33306,4,5,7,9,3,7,3,3,8,7,8
33307,0,4,5,0,2,9,4,4,6,8,2
33308,8,2,7,5,9,7,8,4,6,9,8
33309,2,3,4,6,8,2,6,8,9,5,6
33310,1,7,6,2,0,8,0,9,5,6,5
33311,8,2,7,5,9,7,8,4,6,9,8
33312,5,8,3,1,6,0,7,1,4,4,7
33313,0,4,7,0,2,7,4,4,6,8,2
33314,4,5,8,9,3,4,3,0,8,7,3
33315,8,2,5,5,9,9,8,4,6,9,8
33316,2,1,4,3,8,2,6,5,7,5,6
33317,8,2,7,5,9,7,8,4,6,9,8
33318,4,5,8,9,3,4,3,0,8,7,7
33319,9,9,9,2,7,1,5,7,2,0,5
33320,5,8,3,1,6,0,7,1,4,4,7
33321,9,9,9,2,7,1,5,3,2,0,8
33322,5,8,3,1,6,0,7,1,4,4,7
33323,2,3,4,6,8,2,6,8,9,5,6
33324,0,4,3,0,2,0,4,1,4,8,0
33325,2,3,4,6,8,2,6,8,9,5,6
33326,1,7,6,2,0,8,0,9,5,6,5
33327,3,0,1,4,5,3,2,6,1,1,1
33328,5,8,3,1,6,0,7,1,4,4,7
33329,8,2,7,5,9,9,8,4,6,9,8
33330,3,6,1,8,5,3,2,6,0,1,1
33331,2,3,4,6,8,2,6,8,9,5,6
33332,1,7,6,2,0,8,0,9,5,6,5
33333,6,3,2,7,1,5,9,2,3,2,9
33334,6,5,2,7,1,5,9,2,3,2,9
33335,9,9,9,5,7,1,5,7,2,0,8
33336,5,8,3,1,6,0,7,1,4,4,7
33337,2,3,4,6,8,2,6,8,9,5,6
33338,7,1,0,3,4,6,1,5,7,3,4
33339,9,9,9,2,7,1,5,7,2,0,5
33340,5,8,3,1,6,0,7,1,4,4,7
33341,4,5,8,9,3,4,3,3,8,7,3
33342,6,5,2,7,1,5,9,2,3,2,9
33343,9,9,9,2,7,1,5,7,2,0,5
33344,4,5,8,9,3,4,3,3,8,7,3
33345,3,0,1,4,5,3,2,6,1,1,1
33346,0,4,7,0,2,7,4,4,6,8,0
33347,8,2,7,5,9,7,8,7,2,9,8
33348,0,4,5,0,2,9,4,1,4,8,2
33349,9,9,9,2,7,1,5,7,2,0,8
33350,7,1,0,3,4,6,1,5,7,3,4
33351,2,3,4,6,8,2,6,8,9,5,6
33352,0,7,6,0,2,8,4,9,5,8,0
33353,8,2,7,5,9,7,8,4,6,9,2
33354,9,9,9,2,7,1,5,7,2,0,5
33355,8,2,7,5,9,7,8,4,6,9,8
33356,0,4,5,0,2,9,4,1,4,8,2
33357,0,4,7,0,2,7,4,8,9,8,0
33358,5,8,3,1,6,0,7,1,4,4,7
33359,5,2,7,1,6,7,7,4,6,4,7
33360,0,4,3,0,2,0,4,1,4,8,0
33361,2,3,4,6,8,2,6,8,9,5,6
33362,8,2,5,5,9,9,8,4,6,9,8
33363,3,0,1,4,5,3,2,6,1,1,1
33364,1,7,6,9,0,8,0,3,5,6,3
33365,9,9,9,2,7,1,5,7,2,0,5
33366,0,4,3,0,2,0,4,1,4,8,0
33367,3,0,1,4,5,3,2,6,1,1,1
33368,1,7,6,2,0,8,0,9,5,6,5
33369,9,9,9,2,7,1,5,7,2,0,5
33370,1,7,6,2,0,8,0,9,5,6,5
33371,2,3,4,6,8,2,6,8,9,5,6
33372,0,8,3,1,6,0,7,1,4,4,0
33373,6,9,2,7,1,5,9,2,3,2,9
33374,1,7,6,2,0,8,0,9,5,6,5
33375,8,2,7,5,9,7,8,4,6,9,0
33376,7,1,0,3,4,6,1,5,7,3,4
33377,9,9,9,2,7,1,5,7,2,0,5
33378,2,3,4,6,8,2,6,3,9,5,6
33379,4,5,8,9,3,4,3,0,8,7,3
33380,8,2,7,5,9,7,8,4,6,9,8
33381,3,0,1,4,5,3,2,6,1,1,1
33382,9,9,9,2,7,1,5,7,2,0,5
33383,9,9,9,2,7,1,5,7,2,0,5
33384,8,2,5,5,9,9,8,4,6,9,8
33385,9,9,9,2,7,1,5,7,2,0,5
33386,2,3,4,6,8,2,6,8,9,5,6
33387,2,3,4,6,8,2,6,8,9,5,6
33388,3,0,1,4,5,3,2,6,1,1,1
33389,3,0,1,4,5,3,2,3,1,1,1
33390,7,1,0,3,4,6,1,5,7,3,4
33391,9,9,9,6,7,1,5,3,2,0,8
33392,3,0,1,4,5,3,2,6,1,1,1
33393,8,2,5,5,9,9,8,4,6,9,8
33394,1,7,6,2,0,8,0,9,5,6,5
33395,8,2,5,5,9,9,8,4,6,9,8
33396,1,7,6,2,0,8,0,9,5,6,5
33397,4,0,8,4,3,4,3,3,1,7,3
33398,1,7,6,2,0,8,0,9,5,6,5
33399,2,3,4,6,8,2,6,8,9,5,6
33400,7,1,0,3,4,6,1,5,7,3,4
33401,3,6,1,8,5,3,2,6,0,1,1
33402,5,8,3,1,6,0,7,1,4,4,7
33403,3,0,1,4,5,3,2,6,1,1,1
33404,7,1,0,3,4,6,1,5,7,3,4
33405,8,2,5,5,9,9,8,4,6,9,8
33406,1,7,6,2,0,8,0,9,5,6,5
33407,7,1,0,3,4,6,1,5,7,3,4
33408,0,4,7,0,2,7,4,4,6,8,2
33409,8,2,7,5,9,7,8,4,6,9,8
33410,4,5,8,9,3,4,3,3,8,7,3
33411,8,2,7,5,9,7,8,4,6,9,8
33412,2,3,4,6,8,2,6,8,9,5,6
33413,7,1,0,3,4,6,1,5,7,3,4
33414,6,3,2,7,1,5,9,2,3,2,9
33415,8,2,7,5,9,7,8,4,6,9,8
33416,1,7,6,2,0,8,0,9,5,6,5
33417,9,9,9,2,7,1,5,7,2,0,5
33418,1,7,6,2,0,8,0,9,5,6,5
33419,2,3,4,6,8,2,6,8,9,5,6
33420,7,1,0,3,4,6,1,5,7,3,4
33421,2,3,4,6,8,2,6,8,9,5,6
33422,1,7,6,2,0,8,0,9,5,6,5
33423,8,2,5,5,9,9,8,4,6,9,8
33424,2,3,4,6,8,2,6,8,9,5,6
33425,9,9,9,7,7,1,5,7,2,0,9
33426,5,8,3,1,6,0,7,1,4,4,7
33427,3,0,1,4,5,3,2,3,1,1,1
33428,1,7,6,2,0,8,0,9,5,6,5
33429,3,6,1,8,5,3,2,6,0,1,1
33430,8,2,5,5,9,9,8,4,6,9,8
33431,8,2,5,5,9,9,8,4,6,9,8
33432,7,1,0,3,4,6,1,5,7,3,4
33433,9,9,9,2,7,1,5,7,2,0,5
33434,5,5,8,1,6,4,7,0,8,4,7
33435,6,3,2,7,1,5,9,2,3,2,9
33436,4,5,8,9,3,4,3,0,8,7,3
33437,9,2,7,5,9,7,8,3,2,9,8
33438,7,9,6,2,4,8,1,9,5,3,5
33439,2,3,4,6,8,2,6,3,9,5,6
33440,1,7,6,2,0,8,0,9,5,6,5
33441,9,9,9,2,7,1,5,7,2,0,5
33442,3,6,1,8,5,3,2,6,0,1,1
33443,9,9,9,2,7,1,5,7,2,0,5
33444,7,1,0,3,4,6,1,5,7,3,4
33445,2,3,4,2,8,2,6,9,9,5,5
33446,1,7,6,2,0,8,0,9,5,6,5
33447,8,2,7,5,9,7,8,4,6,9,8
33448,7,3,0,6,4,6,1,8,9,3,4
33449,9,9,9,7,7,1,5,7,2,0,9
33450,5,5,8,9,3,4,7,0,8,7,7
33451,2,3,7,6,9,7,8,8,9,9,8
33452,7,3,0,3,4,6,1,8,9,3,4
33453,2,3,4,6,8,2,6,8,9,5,6
33454,9,9,9,2,7,1,5,7,2,0,5
33455,8,2,5,5,9,9,8,4,6,9,8
33456,1,7,6,2,0,8,0,9,5,6,5
33457,9,9,9,2,7,1,5,7,2,0,5
33458,1,7,6,2,0,8,0,9,5,6,5
33459,8,2,5,5,9,9,8,4,6,9,8
33460,7,3,4,6,4,6,6,8,9,3,6
33461,8,2,7,5,9,7,8,4,6,9,8
33462,1,7,6,2,0,8,0,9,5,6,5
33463,9,9,9,7,7,1,5,7,2,0,9
33464,2,3,4,6,8,2,6,3,9,5,6
33465,3,0,1,4,5,3,2,3,1,1,1
33466,0,4,5,0,2,9,4,1,4,8,0
33467,1,7,6,2,0,8,0,9,5,6,5
33468,7,1,0,3,4,6,1,5,7,3,4
33469,7,1,0,3,4,6,1,5,7,3,4
33470,0,4,5,0,2,9,4,4,6,8,2
33471,7,1,0,3,4,6,1,5,7,3,4
33472,5,8,3,1,6,0,7,1,4,4,7
33473,5,8,3,1,6,0,7,1,4,4,7
33474,4,5,8,9,3,4,3,0,8,7,3
33475,0,4,7,0,2,7,4,4,6,8,0
33476,6,5,2,7,1,5,9,2,3,2,9
33477,4,5,8,9,3,4,3,0,8,7,3
33478,8,2,7,5,9,7,8,4,6,9,8
33479,0,4,3,0,2,0,4,1,4,8,2
33480,1,7,6,2,0,8,0,9,5,6,5
33481,5,8,3,6,6,0,7,8,9,4,0
33482,3,0,1,4,5,3,2,6,1,1,1
33483,0,4,3,0,2,0,4,1,4,8,0
33484,3,0,1,4,5,3,2,6,1,1,1
33485,3,6,1,8,5,3,2,6,0,1,1
33486,4,5,8,9,3,4,3,0,8,7,3
33487,1,7,6,2,0,8,0,9,5,6,5
33488,6,5,2,7,1,5,9,2,3,2,9
33489,6,5,2,7,1,5,9,2,3,2,9
33490,7,3,0,2,4,6,1,8,9,3,4
33491,7,1,0,3,4,6,1,5,7,3,4
33492,3,6,1,8,5,3,2,6,0,1,1
33493,5,8,3,1,6,0,7,1,4,4,7
33494,7,1,0,3,4,6,1,5,7,3,4
33495,8,2,7,5,9,7,8,4,6,9,8
33496,3,6,1,8,5,3,2,6,0,1,1
33497,4,5,8,9,3,4,3,0,8,7,3
33498,1,7,6,2,0,8,0,9,5,6,5
33499,5,8,3,1,6,0,7,1,4,4,2
33500,7,1,0,3,4,6,1,5,7,3,4
33501,3,6,1,8,5,3,2,6,0,1,1
33502,7,1,0,3,4,6,1,5,7,3,4
33503,1,7,6,2,0,8,0,9,5,6,5
33504,1,7,6,2,0,8,0,9,5,6,5
33505,7,1,0,3,4,6,1,5,7,3,4
33506,1,7,6,2,0,8,0,9,5,6,5
33507,7,1,0,3,4,6,1,5,7,3,4
33508,1,7,6,2,0,8,0,9,5,6,5
33509,5,8,3,1,6,0,7,1,4,4,7
33510,7,1,3,3,4,0,1,1,4,3,4
33511,8,2,7,5,9,7,8,3,6,9,8
33512,3,0,1,4,5,3,2,6,1,1,1
33513,4,5,8,9,3,4,3,3,8,7,3
33514,2,3,4,6,7,2,6,8,9,0,6
33515,0,4,5,0,2,9,4,1,4,8,2
33516,1,7,6,2,0,8,0,9,5,6,5
33517,7,3,4,6,4,6,6,8,9,3,6
33518,5,6,8,8,3,4,3,0,0,7,7
33519,2,3,4,6,8,2,6,8,9,5,6
33520,4,5,8,9,3,4,3,0,8,7,3
33521,8,7,5,2,0,9,0,4,6,6,5
33522,3,6,1,8,5,3,2,6,0,1,1
33523,0,4,7,0,2,7,4,4,6,8,0
33524,0,4,3,0,2,0,4,1,4,8,2
33525,0,4,5,0,2,9,4,4,6,8,2
33526,6,1,2,7,1,5,9,2,3,2,9
33527,8,2,5,5,9,9,8,4,6,9,2
33528,7,1,0,3,4,6,1,5,7,3,4
33529,7,1,0,3,4,6,1,5,7,3,4
33530,0,4,5,0,2,9,4,1,4,8,0
33531,0,4,7,0,2,7,4,4,6,8,0
33532,7,1,0,3,4,6,1,5,7,3,4
33533,7,1,0,3,4,6,1,5,7,3,4
33534,3,6,1,8,5,3,2,6,0,1,1
33535,1,7,6,2,0,8,0,9,5,6,5
33536,3,0,1,4,5,3,2,6,1,1,1
33537,9,2,7,2,9,7,8,3,2,9,8
33538,7,6,0,8,4,6,1,5,0,3,4
33539,9,3,4,6,7,2,5,8,9,0,6
33540,6,5,2,7,1,5,9,2,3,2,9
33541,6,5,2,7,1,5,9,2,3,2,9
33542,4,5,8,9,3,4,3,3,8,7,3
33543,0,4,5,0,2,9,4,4,6,8,2
33544,0,8,3,0,2,0,4,1,4,8,0
33545,5,8,3,1,6,0,7,1,4,4,7
33546,2,3,4,6,8,2,6,8,9,5,6
33547,6,5,2,7,1,5,9,2,3,2,9
33548,4,5,8,9,3,4,3,0,8,7,3
33549,4,5,8,9,3,4,3,0,8,7,3
33550,4,5,8,9,3,4,3,0,8,7,3
33551,5,8,3,1,6,0,7,1,4,4,7
33552,5,8,3,1,6,0,7,1,4,4,7
33553,2,3,4,6,8,2,6,8,9,5,6
33554,5,8,3,1,6,0,7,1,4,4,7
33555,2,3,4,6,8,2,6,8,9,5,6
33556,1,7,6,2,0,8,0,9,5,6,5
33557,2,3,4,6,8,2,6,8,9,5,6
33558,1,7,6,2,0,8,0,9,5,6,5
33559,4,5,8,9,3,4,3,0,8,7,3
33560,4,5,8,9,3,4,3,0,8,7,3
33561,0,4,7,0,2,7,4,1,4,8,0
33562,7,1,0,3,4,6,1,5,7,3,4
33563,0,4,3,0,2,0,4,1,4,8,0
33564,4,5,8,9,3,4,3,0,8,7,3
33565,0,4,7,0,2,7,4,1,4,8,0
33566,7,1,0,3,4,6,1,5,7,3,4
33567,1,7,6,2,0,8,0,9,5,6,5
33568,7,1,0,3,4,6,1,5,7,3,4
33569,7,1,0,3,4,6,1,8,9,3,4
33570,8,2,7,5,9,7,8,8,9,9,8
33571,0,4,5,0,2,9,4,1,4,8,2
33572,4,5,8,9,3,4,3,0,8,7,3
33573,2,3,4,6,8,2,6,8,9,5,6
33574,5,8,3,1,6,0,7,1,4,4,7
33575,0,4,7,0,2,7,4,4,9,8,0
33576,7,1,0,3,4,6,1,5,7,3,4
33577,1,7,6,2,0,8,0,9,5,6,5
33578,7,6,0,8,4,6,1,5,0,3,4
33579,2,3,4,6,8,2,6,8,9,5,6
33580,9,9,9,2,7,1,5,7,2,0,5
33581,0,4,6,0,2,8,4,9,5,8,0
33582,0,4,5,0,2,9,4,4,6,8,2
33583,7,1,0,3,4,6,1,8,7,3,4
33584,5,5,3,1,6,0,7,0,4,4,7
33585,4,5,8,9,3,4,3,3,8,7,3
33586,1,7,6,2,0,8,0,9,5,6,5
33587,7,1,0,3,4,6,1,5,7,3,4
33588,4,5,8,9,3,4,3,0,8,7,3
33589,7,1,0,3,4,6,1,5,7,3,4
33590,1,7,6,2,0,8,0,9,5,6,5
33591,6,1,2,7,1,5,9,2,3,2,9
33592,0,4,3,0,2,0,4,1,4,8,0
33593,3,0,1,4,5,3,2,6,1,1,1
33594,1,7,6,2,0,8,0,3,5,6,5
33595,4,5,8,9,3,4,3,0,8,7,3
33596,1,7,6,2,0,8,0,9,5,6,5
33597,8,4,7,0,2,7,4,4,6,8,0
33598,5,8,3,1,6,0,7,1,4,4,7
33599,8,2,7,5,9,7,8,4,6,9,8
33600,1,7,6,2,0,8,0,9,5,6,5
33601,5,5,8,9,3,4,3,0,8,7,7
33602,7,1,0,3,4,6,1,5,7,3,4
33603,2,3,4,6,8,2,6,3,9,5,6
33604,4,5,8,9,3,4,3,3,8,7,3
33605,8,2,7,5,9,7,8,4,6,9,8
33606,0,8,3,0,2,0,4,1,4,8,0
33607,2,3,4,6,8,2,6,5,9,5,6
33608,3,0,1,4,5,3,2,6,1,1,1
33609,7,1,0,3,4,6,1,5,7,3,4
33610,5,8,3,1,6,0,7,1,4,4,7
33611,8,2,7,5,9,7,8,3,6,9,8
33612,0,4,7,0,2,7,4,1,4,8,0
33613,9,9,9,2,7,1,5,7,2,0,5
33614,5,8,3,1,6,0,7,1,4,4,7
33615,1,7,6,2,0,8,0,3,5,6,5
33616,8,2,5,5,9,9,8,4,6,9,2
33617,0,4,3,0,2,0,4,1,4,8,0
33618,8,2,5,5,9,9,8,4,6,9,2
33619,4,5,8,9,3,4,3,3,8,7,3
33620,6,5,2,7,1,5,9,2,3,2,9
33621,2,3,4,6,8,2,6,8,9,5,6
33622,7,1,0,3,4,6,1,5,7,3,4
33623,9,9,9,2,7,1,5,7,2,0,5
33624,7,1,0,3,4,6,1,5,7,3,4
33625,0,4,7,0,2,7,4,4,6,8,0
33626,4,5,8,9,3,4,3,3,8,7,3
33627,1,7,6,2,0,8,0,9,5,6,5
33628,1,7,6,2,0,8,0,9,5,6,5
33629,4,5,8,9,3,4,3,0,8,7,3
33630,5,8,3,1,6,0,7,1,4,4,7
33631,7,1,0,3,4,6,1,5,7,3,4
33632,2,3,4,6,8,2,6,8,9,5,6
33633,7,1,0,3,4,6,1,5,7,3,4
33634,1,7,6,2,0,8,0,9,5,6,5
33635,0,4,5,0,2,9,4,4,6,8,2
33636,2,3,7,6,8,7,6,8,9,5,8
33637,5,8,3,1,6,0,7,1,4,4,0
33638,0,4,3,0,2,0,4,1,4,8,0
33639,0,4,3,0,2,0,4,1,4,8,2
33640,3,6,1,8,5,3,2,6,0,1,1
33641,3,6,1,8,5,3,2,6,0,1,1
33642,5,8,3,1,6,0,7,1,4,4,7
33643,0,4,7,0,2,7,4,1,4,8,0
33644,6,5,2,7,1,5,9,2,3,2,9
33645,3,0,1,4,5,3,2,6,1,1,1
33646,1,7,6,2,0,8,0,9,5,6,5
33647,3,6,1,8,5,3,2,6,0,1,1
33648,1,7,6,2,0,8,0,9,5,6,5
33649,7,1,0,3,4,6,1,5,7,3,4
33650,8,2,7,5,9,7,8,4,6,9,8
33651,0,4,5,0,2,9,4,9,4,8,2
33652,1,7,6,2,0,8,0,9,5,6,5
33653,1,4,6,0,2,8,4,9,5,8,0
33654,1,7,6,2,0,8,0,9,5,6,5
33655,7,1,0,3,4,6,1,5,7,3,4
33656,5,8,3,1,6,0,7,1,4,4,7
33657,3,6,1,8,5,3,2,6,0,1,1
33658,1,7,6,2,0,8,0,9,5,6,5
33659,7,1,0,3,4,6,1,5,7,3,4
33660,0,4,3,0,2,0,4,1,4,8,2
33661,3,0,1,4,5,3,2,6,1,1,1
33662,9,9,9,2,7,1,5,7,2,0,5
33663,1,7,6,2,0,8,0,9,5,6,5
33664,2,3,4,6,8,2,6,8,9,5,6
33665,3,6,1,8,5,3,2,6,0,1,1
33666,6,5,2,7,1,5,9,2,3,2,9
33667,1,7,6,2,0,8,0,9,5,6,5
33668,2,3,4,6,8,2,6,8,9,5,6
33669,3,6,1,8,5,3,2,6,0,1,1
33670,3,0,1,4,5,3,2,6,1,1,1
33671,5,8,3,1,6,0,7,1,4,4,7
33672,6,5,2,7,1,5,9,2,3,2,9
33673,3,6,1,8,5,3,2,6,0,1,1
33674,7,1,0,3,4,6,1,5,7,3,4
33675,1,7,6,2,0,8,0,9,5,6,5
33676,0,4,5,0,2,9,4,1,4,8,0
33677,3,6,1,8,5,3,2,6,0,1,1
33678,0,4,7,0,2,7,4,1,4,8,8
33679,0,8,3,1,6,0,4,1,4,4,0
33680,6,5,2,7,1,5,9,2,3,2,9
33681,0,4,3,0,2,0,4,1,4,8,0
33682,0,4,3,0,2,0,4,1,4,8,0
33683,5,8,3,1,6,0,7,1,4,4,0
33684,1,7,6,2,0,8,0,9,5,6,5
33685,7,1,0,3,4,6,1,5,7,3,4
33686,9,9,9,2,7,1,5,7,2,0,5
33687,2,0,4,4,8,2,6,3,1,5,6
33688,6,5,2,7,1,5,9,2,3,2,9
33689,4,5,8,9,3,4,3,0,8,7,3
33690,2,1,4,3,8,2,6,3,7,5,6
33691,6,5,2,7,1,5,9,2,3,2,9
33692,4,5,8,9,3,4,3,0,8,7,3
33693,4,5,8,9,3,4,3,3,8,7,3
33694,7,1,0,3,4,6,1,5,7,3,4
33695,6,5,2,7,1,5,9,2,3,2,9
33696,0,4,7,0,2,7,4,1,4,8,0
33697,7,1,0,3,4,6,1,5,7,3,4
33698,9,9,9,2,7,1,5,7,2,0,5
33699,0,4,7,0,2,7,4,1,4,8,0
33700,5,8,3,1,6,0,7,1,4,4,0
33701,0,4,7,0,2,7,4,1,4,8,0
33702,8,4,7,0,2,7,8,4,6,8,0
33703,3,0,1,4,5,3,2,6,1,1,1
33704,4,3,8,9,3,4,3,3,8,7,3
33705,9,9,9,2,7,1,5,7,2,0,5
33706,1,7,6,2,0,8,0,9,5,6,5
33707,6,3,2,7,1,5,9,2,3,2,9
33708,0,4,7,0,2,7,4,9,5,8,0
33709,7,1,0,3,4,6,1,5,7,3,4
33710,8,2,5,5,9,9,8,4,6,9,8
33711,5,8,3,1,6,0,7,1,4,4,0
33712,5,8,3,1,6,0,7,1,4,4,0
33713,2,3,4,6,8,2,6,8,9,5,6
33714,5,8,3,1,6,0,7,1,4,4,0
33715,4,5,8,9,3,4,3,3,8,7,3
33716,6,3,2,7,1,5,9,2,3,2,9
33717,8,2,5,5,9,9,8,4,6,9,2
33718,0,5,7,0,2,7,4,3,4,8,8
33719,2,3,4,6,8,2,6,8,9,5,6
33720,0,4,3,0,2,0,4,1,4,8,0
33721,0,4,7,0,2,7,4,4,6,8,0
33722,6,1,2,7,1,5,9,2,3,2,9
33723,3,0,1,4,5,3,2,6,1,1,1
33724,4,5,8,9,3,4,3,0,8,7,3
33725,1,7,6,2,0,8,0,9,5,6,5
33726,0,4,3,0,2,0,4,1,4,8,0
33727,6,3,2,7,1,5,9,2,3,2,9
33728,1,7,6,2,0,8,0,3,5,6,5
33729,0,4,4,0,2,2,4,8,9,8,0
33730,4,5,8,9,3,4,3,0,8,7,3
33731,0,4,7,0,2,7,4,1,4,8,0
33732,3,6,1,8,5,3,2,6,0,1,1
33733,2,3,4,6,8,2,6,8,9,5,6
33734,2,3,4,6,8,2,6,3,9,5,6
33735,4,5,8,9,3,4,3,0,8,7,3
33736,0,4,3,0,2,0,4,1,4,8,2
33737,8,2,5,5,9,9,8,4,6,9,8
33738,0,4,4,0,2,2,4,8,9,8,0
33739,3,0,1,4,5,3,2,6,1,1,1
33740,0,4,3,0,2,0,4,1,4,8,0
33741,9,9,9,2,7,1,5,7,2,0,5
33742,4,5,8,9,3,4,3,0,8,7,3
33743,6,5,2,7,1,5,9,2,3,2,9
33744,0,4,3,0,2,0,4,1,4,8,0
33745,2,3,4,6,8,2,6,8,9,5,6
33746,1,7,6,2,0,8,0,9,5,6,5
33747,0,4,3,0,2,0,4,1,4,8,0
33748,7,1,0,3,4,6,1,5,7,3,4
33749,2,3,4,6,8,2,6,8,9,5,6
33750,9,9,9,2,7,1,5,7,2,0,5
33751,4,5,8,9,3,4,3,0,8,7,3
33752,9,9,9,2,7,1,5,7,2,0,5
33753,8,2,5,5,9,9,8,4,6,9,2
33754,7,1,0,3,4,6,1,5,7,3,4
33755,2,3,4,6,8,2,6,8,9,5,6
33756,0,4,3,0,2,0,4,1,4,8,0
33757,0,4,7,0,2,7,4,4,6,8,0
33758,1,7,6,2,0,8,0,9,5,6,5
33759,5,8,3,1,6,0,7,1,4,4,2
33760,5,8,3,1,6,0,7,1,4,4,0
33761,0,4,7,0,2,7,4,1,4,8,0
33762,0,4,3,0,2,0,4,1,4,8,0
33763,2,3,4,6,8,2,6,8,9,5,6
33764,8,2,7,5,9,7,8,4,6,9,8
33765,2,3,4,6,8,2,6,8,9,5,6
33766,2,3,4,6,8,2,6,8,9,5,6
33767,2,3,4,6,8,2,6,8,9,5,6
33768,8,2,5,5,9,9,8,4,6,9,2
33769,1,7,6,2,0,8,0,9,5,6,5
33770,7,1,0,3,4,6,1,8,7,3,4
33771,2,3,4,6,8,2,6,8,9,5,6
33772,7,1,0,3,4,6,1,5,7,3,4
33773,2,3,4,6,8,2,6,8,9,5,6
33774,1,7,6,2,0,8,0,9,5,6,5
33775,6,5,2,7,1,5,9,2,3,2,9
33776,3,6,1,8,5,3,2,6,0,1,1
33777,2,3,4,6,8,2,6,8,9,5,6
33778,7,1,0,3,4,6,1,5,7,3,4
33779,4,5,8,9,3,4,3,0,8,7,3
33780,9,9,9,2,7,1,5,7,2,0,5
33781,1,7,6,2,0,8,0,9,5,6,5
33782,4,5,8,9,3,4,3,0,8,7,3
33783,0,4,7,0,2,7,4,1,4,8,0
33784,5,8,3,1,6,0,7,1,4,4,7
33785,6,5,2,7,1,5,9,2,3,2,9
33786,7,1,0,3,4,6,1,5,7,3,4
33787,0,4,3,0,2,0,4,1,4,8,0
33788,6,3,2,7,1,5,9,2,3,2,9
33789,4,5,8,9,3,4,3,3,8,7,3
33790,5,8,3,1,6,0,7,1,4,4,7
33791,0,4,7,0,2,7,4,4,6,8,0
33792,5,8,3,1,6,0,7,1,4,4,7
33793,0,4,7,0,2,7,4,1,4,8,0
33794,4,5,8,9,3,4,3,0,8,7,3
33795,2,3,4,6,8,2,6,8,9,5,6
33796,8,2,5,5,9,9,8,4,6,9,8
33797,8,2,5,5,9,9,8,4,6,9,2
33798,8,2,5,5,9,9,8,4,6,9,8
33799,1,7,6,2,0,8,0,9,5,6,5
33800,9,9,9,2,7,1,5,7,2,0,5
33801,2,3,4,6,8,2,6,8,9,5,6
33802,0,4,3,0,2,0,4,1,4,8,0
33803,0,8,3,1,2,0,4,1,4,8,0
33804,2,3,4,6,8,2,6,8,9,5,6
33805,0,4,3,0,2,0,4,1,4,8,0
33806,8,4,5,0,2,9,4,4,6,8,2
33807,6,5,2,7,1,5,9,2,3,2,9
33808,7,1,0,3,4,6,1,5,7,3,4
33809,8,2,5,5,9,9,8,4,6,9,8
33810,7,1,0,3,4,6,1,5,7,3,4
33811,2,3,4,6,8,2,6,8,9,5,6
33812,5,8,8,1,6,4,7,0,8,4,7
33813,2,3,4,6,8,2,6,8,9,5,6
33814,4,5,8,9,3,4,3,0,8,7,3
33815,2,3,4,6,8,2,6,8,9,5,6
33816,5,8,3,1,6,0,7,1,4,4,7
33817,7,1,0,3,4,6,1,8,7,3,4
33818,7,1,0,3,4,6,1,5,7,3,4
33819,6,5,2,7,1,5,9,2,3,2,9
33820,1,7,6,2,0,8,0,9,5,6,5
33821,6,5,2,7,1,5,9,2,3,2,9
33822,8,2,7,5,9,7,8,4,6,9,8
33823,3,0,1,4,5,3,2,6,1,1,1
33824,5,5,3,1,6,0,7,1,8,4,3
33825,2,3,4,6,8,2,6,3,9,5,6
33826,1,7,6,2,0,8,0,9,5,6,5
33827,2,3,4,6,8,2,6,8,9,5,6
33828,7,1,0,3,4,6,1,5,7,3,4
33829,4,5,8,9,3,4,3,0,8,7,3
33830,0,4,5,0,2,9,4,4,6,8,2
33831,3,0,1,4,5,3,2,6,1,1,1
33832,6,5,2,7,1,5,9,2,3,2,1
33833,0,4,7,0,2,7,4,1,4,8,0
33834,0,4,3,0,2,0,4,1,4,8,0
33835,2,0,4,4,8,2,6,3,1,5,6
33836,0,8,3,0,2,0,4,1,4,8,2
33837,2,3,4,6,8,2,6,8,9,5,6
33838,1,7,6,2,0,8,0,9,5,6,5
33839,2,3,4,6,8,2,6,8,9,5,6
33840,7,1,0,3,4,6,1,5,7,3,4
33841,1,7,6,2,0,8,0,9,5,6,5
33842,9,9,9,2,7,1,5,7,2,0,5
33843,4,0,8,4,3,4,3,0,1,7,3
33844,3,0,1,4,5,3,2,6,1,1,1
33845,2,3,4,6,8,2,6,8,9,5,6
33846,5,8,3,1,6,0,7,1,4,4,7
33847,3,0,1,4,5,3,2,6,1,1,1
33848,3,6,1,8,5,3,2,6,0,1,1
33849,0,4,7,0,2,7,4,1,4,8,0
33850,1,7,6,2,0,8,0,9,5,6,5
33851,0,4,5,0,2,9,4,4,6,8,2
33852,5,8,3,1,6,0,7,1,4,4,7
33853,0,4,7,0,2,7,4,1,4,8,0
33854,7,1,0,3,4,6,1,5,7,3,4
33855,0,4,3,0,2,0,4,1,4,8,0
33856,1,7,6,2,0,8,0,9,5,6,5
33857,6,5,2,7,1,5,9,2,3,2,9
33858,2,3,4,6,8,2,6,8,9,5,6
33859,5,8,3,1,6,0,7,1,4,4,7
33860,5,8,3,1,6,0,7,1,4,4,7
33861,1,7,6,2,0,8,0,9,5,6,5
33862,5,8,3,1,6,0,7,1,4,4,0
33863,6,1,2,7,1,5,9,2,3,2,9
33864,3,6,1,8,5,3,2,6,0,1,1
33865,9,9,9,2,7,1,5,7,2,0,5
33866,2,3,4,6,8,2,6,8,9,5,6
33867,8,2,5,5,9,9,8,4,6,9,2
33868,1,7,6,2,0,8,0,9,5,6,5
33869,9,9,9,2,7,1,5,7,2,0,5
33870,0,4,5,0,2,9,4,1,4,8,2
33871,1,7,6,2,0,8,0,9,5,6,5
33872,0,4,7,0,2,7,4,1,4,8,0
33873,8,2,5,5,9,9,8,4,6,9,2
33874,3,6,1,8,5,3,2,6,0,1,1
33875,2,3,4,6,8,2,6,8,9,5,6
33876,7,1,0,3,4,6,1,5,7,3,4
33877,2,3,4,6,8,2,6,8,9,5,6
33878,6,5,2,7,1,5,9,2,3,2,9
33879,4,5,8,9,3,4,3,0,8,7,3
33880,1,7,6,2,0,8,0,3,5,6,5
33881,6,5,2,7,1,5,9,2,3,2,9
33882,5,8,3,1,6,0,7,1,4,4,7
33883,2,3,4,6,8,2,6,8,9,5,6
33884,5,8,3,1,6,0,7,1,4,4,7
33885,8,2,5,5,9,9,8,4,6,9,2
33886,4,5,8,9,3,4,3,0,8,7,3
33887,4,5,8,9,3,4,3,0,8,7,3
33888,5,8,3,1,6,0,7,1,4,4,7
33889,0,4,7,0,2,7,4,4,6,8,0
33890,7,1,0,3,4,6,1,5,7,3,4
33891,0,4,7,0,2,7,4,4,6,8,0
33892,2,3,4,6,8,2,6,8,9,5,6
33893,2,3,4,6,8,2,6,8,9,5,6
33894,5,8,3,1,6,0,7,1,4,4,7
33895,2,3,4,6,8,2,6,8,9,5,6
33896,7,1,0,3,4,6,1,5,7,3,4
33897,6,1,2,7,1,5,9,2,3,2,9
33898,2,3,4,6,8,2,6,8,9,5,6
33899,0,4,7,0,2,7,4,4,6,8,0
33900,0,4,7,0,2,7,4,1,4,8,0
33901,4,5,8,9,3,4,3,3,8,7,3
33902,1,7,6,2,0,8,0,9,5,6,5
33903,2,3,4,6,8,2,6,8,9,5,6
33904,3,6,1,8,5,3,2,6,0,1,1
33905,8,2,7,5,9,7,8,3,6,9,8
33906,9,9,9,2,7,1,5,7,2,0,5
33907,0,4,7,0,2,7,4,4,6,8,0
33908,7,1,0,3,4,6,1,5,7,3,4
33909,2,3,4,6,8,2,6,8,9,5,6
33910,4,5,8,9,3,4,3,0,8,7,3
33911,2,3,4,6,8,2,6,8,9,5,6
33912,0,8,3,1,6,0,4,1,4,4,2
33913,0,4,3,0,2,0,4,1,4,8,2
33914,3,6,1,8,5,3,2,6,0,1,1
33915,0,4,7,0,2,7,4,1,4,8,0
33916,4,5,8,9,3,4,3,0,8,7,3
33917,7,1,0,3,4,6,1,5,7,3,4
33918,1,7,6,2,0,8,0,9,5,6,5
33919,4,5,8,9,3,4,3,0,8,7,3
33920,0,4,5,0,2,9,4,1,4,8,2
33921,3,0,1,4,5,3,2,6,1,1,1
33922,5,8,3,1,6,0,7,1,4,4,7
33923,3,0,1,4,5,3,2,6,1,1,1
33924,1,7,6,2,0,8,0,9,5,6,5
33925,0,4,7,0,2,7,4,1,6,8,0
33926,0,4,3,0,2,0,4,1,4,8,0
33927,4,5,8,9,3,4,3,3,8,7,3
33928,5,8,3,1,6,0,7,1,4,4,7
33929,4,5,8,9,3,4,3,0,8,7,3
33930,6,5,2,7,1,5,9,2,3,2,9
33931,8,4,7,0,2,7,4,4,6,8,0
33932,0,4,3,0,2,7,4,1,4,8,0
33933,3,0,1,4,5,3,2,3,1,1,1
33934,4,5,8,9,3,4,3,0,8,7,3
33935,9,9,9,2,7,1,5,7,2,0,5
33936,1,7,6,2,0,8,0,9,5,6,5
33937,9,9,9,2,7,1,5,7,2,0,5
33938,6,5,2,7,1,5,9,2,3,2,9
33939,2,3,4,6,8,2,6,8,9,5,6
33940,3,6,1,8,5,3,2,6,0,1,1
33941,6,5,2,7,1,5,9,2,3,2,9
33942,1,7,6,2,0,8,0,9,5,6,5
33943,9,9,9,2,7,1,5,7,2,0,5
33944,0,4,7,0,2,7,4,4,6,8,0
33945,3,0,1,4,5,3,2,3,1,1,1
33946,2,3,4,6,8,2,6,8,9,5,6
33947,3,0,1,4,5,3,2,3,1,1,1
33948,5,8,3,1,6,0,7,1,4,4,7
33949,9,9,9,2,7,1,5,7,2,0,5
33950,0,4,5,0,2,0,4,1,4,8,2
33951,6,5,2,7,1,5,9,2,3,2,9
33952,5,8,3,1,6,0,7,1,4,4,7
33953,7,1,0,3,4,6,1,5,7,3,4
33954,7,1,0,3,4,6,1,5,7,3,4
33955,8,2,7,5,9,7,8,4,6,9,8
33956,5,8,3,1,6,0,7,1,4,4,7
33957,8,2,5,5,9,9,8,4,6,9,8
33958,0,4,7,0,2,7,4,1,4,8,0
33959,2,3,4,6,8,2,6,8,9,5,6
33960,4,5,8,9,3,4,3,0,8,7,3
33961,8,2,7,5,9,7,8,4,6,9,8
33962,7,1,0,3,4,6,1,5,7,3,4
33963,3,0,1,4,5,3,2,3,1,1,1
33964,8,2,5,5,9,9,8,4,6,9,8
33965,9,9,9,2,7,1,5,7,2,0,5
33966,7,1,0,3,4,6,1,5,7,3,4
33967,6,5,2,7,1,5,9,2,3,2,9
33968,9,9,9,2,7,1,5,7,2,0,5
33969,7,1,0,3,4,6,1,5,7,3,4
33970,7,1,0,3,4,6,1,5,7,3,4
33971,8,2,7,5,9,7,8,4,6,9,8
33972,2,3,4,6,8,2,6,8,9,5,6
33973,8,2,7,5,9,7,8,3,6,9,8
33974,1,7,6,2,0,8,0,9,5,6,5
33975,4,5,8,9,3,4,3,3,8,7,3
33976,5,8,3,1,6,0,7,0,0,4,7
33977,8,2,5,5,9,9,8,4,6,9,8
33978,2,0,4,4,8,2,6,3,1,5,6
33979,2,3,4,6,8,2,6,8,9,5,6
33980,4,5,8,9,3,4,3,0,8,7,3
33981,8,2,7,5,9,7,8,4,6,9,8
33982,6,5,2,7,1,5,9,2,3,2,9
33983,3,0,1,4,5,3,2,3,1,1,1
33984,4,5,8,9,3,4,3,0,8,7,3
33985,9,9,9,2,7,1,5,7,2,0,5
33986,7,1,0,3,4,6,1,5,7,3,4
33987,6,5,2,7,1,5,9,2,3,2,9
33988,8,2,5,5,9,9,8,4,6,9,2
33989,7,1,0,3,4,6,1,5,7,3,4
33990,0,8,3,1,6,0,4,1,4,4,0
33991,8,2,7,5,9,7,8,4,6,9,8
33992,1,7,6,2,0,8,0,9,5,6,5
33993,7,1,0,3,4,6,1,5,7,3,4
33994,0,4,3,0,2,0,4,1,4,8,0
33995,9,2,9,5,9,1,8,7,2,9,8
33996,0,4,5,0,2,9,4,4,6,8,2
33997,9,9,9,6,7,1,5,7,2,0,6
33998,1,7,6,2,0,8,0,9,5,6,5
33999,8,2,9,5,9,1,8,4,6,9,8
34000,0,8,3,1,6,0,4,1,4,4,0
34001,9,9,9,2,7,1,5,7,2,0,5
34002,9,9,9,2,7,1,5,7,2,0,5
34003,4,5,8,9,3,4,3,3,8,7,3
34004,9,9,9,2,7,1,5,7,2,0,5
34005,2,2,7,5,8,7,6,3,6,5,8
34006,2,1,4,2,8,2,6,3,7,5,6
34007,3,0,1,4,5,3,2,3,1,1,1
34008,1,7,6,2,0,8,0,9,5,6,5
34009,4,5,8,9,3,4,3,3,8,7,3
34010,2,3,4,3,8,2,6,5,7,5,6
34011,8,2,7,5,9,7,8,4,6,9,8
34012,5,5,8,1,6,4,7,0,8,4,7
34013,8,2,7,5,9,7,8,4,6,9,8
34014,3,6,1,8,5,3,2,6,0,1,1
34015,8,2,7,5,9,7,8,4,6,9,8
34016,7,1,0,3,4,6,1,5,7,3,4
34017,9,9,9,2,7,1,5,7,2,0,5
34018,7,1,0,3,4,6,1,5,7,3,4
34019,0,4,7,0,2,7,4,4,6,8,0
34020,7,1,0,3,4,6,1,5,7,3,4
34021,2,3,4,6,8,2,6,8,9,5,6
34022,0,4,3,0,2,0,4,1,4,8,0
34023,7,1,0,3,4,6,1,5,7,3,4
34024,4,5,8,9,3,4,3,3,8,7,3
34025,2,0,4,4,8,2,6,3,1,5,6
34026,7,1,0,3,4,6,1,5,7,3,4
34027,9,9,9,2,7,1,5,7,2,0,8
34028,5,8,3,1,6,0,7,1,4,4,0
34029,2,3,4,6,8,2,6,8,9,5,6
34030,2,3,4,6,8,2,6,8,9,5,6
34031,8,4,7,0,2,7,8,4,6,8,0
34032,0,8,3,1,6,0,7,1,4,4,2
34033,9,9,9,2,7,1,5,7,2,0,5
34034,7,1,0,3,4,6,1,5,7,3,4
34035,8,2,7,5,9,7,8,4,6,9,8
34036,3,6,1,8,5,3,2,6,0,1,1
34037,3,0,1,4,5,3,2,3,1,1,1
34038,1,7,6,2,0,8,0,9,5,6,5
34039,8,2,7,2,9,7,8,3,6,9,8
34040,5,8,3,1,6,0,7,1,4,4,7
34041,8,2,7,5,9,9,8,3,6,9,8
34042,2,3,4,6,8,2,6,8,9,5,6
34043,8,2,7,5,9,7,8,4,6,9,8
34044,0,4,3,0,2,0,4,1,4,8,0
34045,3,0,1,4,5,3,2,3,1,1,1
34046,4,5,8,9,3,4,3,0,8,7,3
34047,8,2,5,5,9,9,8,4,6,9,8
34048,9,9,9,2,7,1,5,7,2,0,5
34049,4,5,8,9,3,4,3,3,8,7,3
34050,2,3,4,6,8,2,6,3,9,5,6
34051,2,0,4,4,8,2,6,3,1,5,6
34052,5,8,3,1,6,0,7,1,4,4,7
34053,9,9,9,2,7,1,5,7,2,0,5
34054,3,0,1,4,5,3,2,6,1,1,1
34055,8,2,5,5,9,9,8,4,6,9,8
34056,7,1,0,3,4,6,1,5,7,3,4
34057,3,0,1,4,5,3,2,3,1,1,1
34058,1,7,6,2,0,8,0,9,5,6,5
34059,9,9,9,2,7,1,5,3,2,0,5
34060,4,5,4,9,8,2,3,3,8,5,3
34061,2,3,4,6,8,2,6,8,9,5,6
34062,6,9,2,7,1,5,9,2,3,2,9
34063,8,2,7,5,9,7,8,4,6,9,8
34064,3,6,1,8,5,3,2,6,0,1,1
34065,9,9,9,2,7,1,5,3,2,0,5
34066,0,4,7,0,2,7,4,1,4,8,0
34067,8,2,7,5,9,7,8,7,2,9,8
34068,7,1,0,3,4,6,1,5,7,3,4
34069,8,2,7,5,9,7,8,4,6,9,8
34070,3,6,1,8,5,3,2,6,0,1,1
34071,6,5,2,7,1,5,9,3,2,2,8
34072,0,4,3,0,2,0,4,1,4,8,0
34073,3,0,1,4,5,3,2,3,1,1,1
34074,1,7,6,2,0,8,0,9,5,6,5
34075,2,3,4,6,8,2,6,8,9,5,6
34076,7,1,0,3,4,6,1,5,7,3,4
34077,9,9,9,2,7,1,5,7,2,0,5
34078,7,9,0,3,4,6,1,7,7,3,4
34079,8,2,5,5,9,9,8,4,6,9,8
34080,1,7,6,2,0,8,0,9,5,6,5
34081,8,2,5,5,9,9,8,4,6,9,8
34082,7,1,0,3,4,6,1,5,7,3,4
34083,9,9,9,2,7,1,5,7,2,0,5
34084,3,0,1,4,5,3,2,6,1,1,1
34085,2,3,4,6,8,2,6,3,9,5,6
34086,2,0,4,4,8,2,6,3,1,5,6
34087,6,5,2,7,1,5,9,2,3,2,9
34088,0,4,5,0,2,9,4,4,6,8,2
34089,2,3,4,6,8,2,6,3,9,5,6
34090,9,9,9,2,7,1,5,7,2,0,8
34091,9,9,9,2,7,1,5,7,2,0,5
34092,7,1,0,3,4,6,1,5,7,3,4
34093,8,2,7,5,9,1,8,3,2,9,8
34094,0,4,5,0,2,9,4,4,6,8,2
34095,6,5,2,7,1,5,9,3,3,2,9
34096,1,7,6,2,0,8,0,9,5,6,5
34097,3,0,1,4,5,3,2,3,1,1,1
34098,7,1,0,3,4,6,1,5,7,3,4
34099,6,0,2,4,1,5,9,3,1,2,8
34100,5,8,3,1,6,0,7,1,4,4,7
34101,9,9,9,2,7,1,5,7,2,0,8
34102,5,8,3,1,6,0,7,1,4,4,7
34103,8,2,7,5,9,7,8,4,6,9,8
34104,0,4,3,0,2,0,4,1,4,8,0
34105,7,1,0,3,4,6,1,5,7,3,6
34106,5,5,8,9,3,4,7,0,8,7,7
34107,2,3,9,6,8,1,6,7,2,5,6
34108,7,1,0,3,4,6,1,5,7,3,4
34109,8,2,7,5,9,7,8,4,6,9,8
34110,9,9,9,5,7,1,5,7,2,0,8
34111,8,2,5,5,9,9,8,4,6,9,8
34112,7,1,0,3,4,6,1,5,7,3,4
34113,6,5,2,7,1,5,9,2,3,2,9
34114,2,3,4,6,8,2,6,8,9,5,6
34115,7,1,0,3,4,6,1,5,7,3,4
34116,6,5,2,7,1,5,9,2,3,2,9
34117,4,5,8,9,3,4,3,3,8,7,3
34118,0,4,3,0,2,0,4,1,4,8,2
34119,2,3,4,6,8,2,6,8,9,5,6
34120,7,1,0,3,4,6,1,5,7,3,4
34121,4,5,8,9,3,4,3,3,8,7,3
34122,4,5,8,9,3,4,3,0,8,7,3
34123,8,2,7,5,9,7,8,4,6,9,8
34124,4,5,8,9,3,4,3,0,8,7,3
34125,4,5,8,9,3,4,3,3,8,7,3
34126,8,2,7,5,9,7,8,4,6,9,8
34127,7,1,0,3,4,6,1,5,7,3,4
34128,7,1,0,3,4,6,1,5,7,3,6
34129,6,3,2,7,1,5,9,2,3,2,9
34130,5,8,3,1,6,0,7,1,4,4,7
34131,6,5,2,7,1,5,9,2,3,2,9
34132,0,8,3,1,6,0,7,1,4,4,5
34133,8,2,7,5,9,7,8,4,6,9,8
34134,6,3,2,7,1,5,9,2,3,2,9
34135,4,5,8,9,3,4,3,3,8,7,3
34136,6,5,2,7,1,5,9,2,3,2,9
34137,8,2,7,2,9,7,8,3,6,9,8
34138,0,4,7,0,2,7,4,4,2,8,0
34139,2,4,7,0,8,7,6,3,9,5,0
34140,0,4,6,0,2,8,4,8,9,8,0
34141,9,9,9,2,7,1,5,7,2,0,5
34142,8,2,5,5,9,9,8,4,6,9,8
34143,2,3,4,6,8,2,6,8,9,5,6
34144,5,8,3,1,6,0,7,1,4,4,7
34145,7,1,0,3,4,6,1,5,7,3,4
34146,5,8,3,1,6,0,7,1,4,4,7
34147,0,8,3,0,2,0,4,1,4,8,0
34148,2,3,4,6,8,2,6,8,9,5,6
34149,8,2,7,5,9,9,8,4,6,9,8
34150,7,1,0,3,4,6,1,5,7,3,4
34151,2,3,4,6,8,2,6,8,9,5,6
34152,3,6,1,8,5,3,2,6,0,1,1
34153,8,2,7,5,9,7,8,4,6,9,8
34154,1,7,6,0,0,8,0,9,5,6,0
34155,6,5,2,7,1,5,9,2,3,2,9
34156,1,7,6,2,0,8,0,9,5,6,5
34157,6,5,2,7,1,5,9,2,3,2,9
34158,1,7,6,2,0,8,0,9,5,6,5
34159,2,3,4,6,8,2,6,3,9,5,6
34160,0,4,5,0,2,9,4,4,6,8,2
34161,9,9,9,2,7,1,5,7,2,0,8
34162,9,9,9,2,7,1,5,7,2,0,5
34163,8,2,7,5,9,7,8,4,6,9,8
34164,1,7,6,2,0,8,0,9,5,6,5
34165,2,3,4,6,8,2,6,8,9,5,6
34166,9,9,9,2,7,1,5,7,2,0,5
34167,6,5,2,7,1,5,9,2,3,2,9
34168,1,7,6,2,0,8,0,9,5,6,5
34169,9,9,9,2,7,1,5,7,2,0,5
34170,1,7,6,2,0,8,0,9,5,6,5
34171,7,1,0,3,4,2,1,5,7,3,6
34172,3,6,1,8,5,3,2,6,0,1,1
34173,9,9,9,2,7,1,5,7,2,0,5
34174,4,5,8,9,3,4,3,3,8,7,3
34175,7,1,0,3,4,6,1,5,7,3,4
34176,5,8,3,1,6,0,7,1,4,4,7
34177,3,6,1,8,5,3,2,6,0,1,1
34178,8,2,5,5,9,9,8,4,6,9,8
34179,1,7,6,2,0,8,0,9,5,6,5
34180,2,3,4,6,8,2,6,8,9,5,6
34181,6,5,2,7,1,5,9,2,3,2,9
34182,6,5,2,7,1,5,9,2,3,2,9
34183,7,1,0,3,4,6,1,5,7,3,4
34184,0,8,3,0,2,0,4,1,4,8,0
34185,0,4,3,0,2,0,4,1,4,8,0
34186,1,7,6,2,0,8,0,9,5,6,5
34187,7,1,0,3,4,6,1,5,7,3,4
34188,2,0,4,0,8,2,6,3,1,5,2
34189,4,5,8,9,3,4,3,0,8,7,7
34190,7,1,0,3,4,6,1,5,7,3,4
34191,0,4,3,0,2,0,4,1,4,8,2
34192,8,2,7,5,9,7,8,4,6,9,7
34193,2,3,4,6,8,2,6,8,9,5,6
34194,7,1,0,3,4,6,1,5,7,3,4
34195,0,4,3,0,2,0,4,1,4,8,0
34196,0,4,3,0,2,0,4,1,4,8,0
34197,3,6,1,8,5,3,2,6,0,1,1
34198,4,5,8,9,3,4,3,0,8,7,3
34199,1,7,6,2,0,8,0,9,5,6,5
34200,5,8,3,1,6,0,7,1,4,4,7
34201,6,5,2,7,1,5,9,2,3,2,9
34202,6,5,2,7,1,5,9,2,3,2,9
34203,7,1,0,3,4,6,1,5,7,3,4
34204,1,7,6,0,0,8,0,9,5,6,5
34205,0,4,3,0,2,0,4,1,4,8,0
34206,1,7,6,2,0,8,0,9,5,6,5
34207,0,4,5,0,2,9,4,4,6,8,2
34208,7,1,0,3,4,6,1,5,7,3,4
34209,2,3,4,6,8,2,6,8,9,5,6
34210,5,8,3,1,6,0,7,0,4,4,7
34211,0,4,7,0,2,7,4,4,6,8,0
34212,2,3,4,6,8,2,6,8,9,5,6
34213,3,6,1,8,5,3,2,6,0,1,1
34214,6,5,2,7,1,5,9,2,3,2,9
34215,1,7,6,2,0,8,0,9,5,6,5
34216,5,8,3,1,6,0,7,1,4,4,7
34217,6,5,2,7,1,5,9,2,3,2,9
34218,9,9,9,2,7,1,5,7,2,0,5
34219,7,1,0,3,4,6,1,5,7,3,4
34220,4,5,8,9,3,4,3,0,8,7,3
34221,5,8,3,1,6,0,7,1,4,4,0
34222,1,7,6,2,0,8,0,9,5,6,5
34223,8,2,5,5,9,9,8,4,6,9,2
34224,5,8,3,1,6,0,7,1,4,4,7
34225,2,3,7,6,8,7,6,8,9,5,0
34226,6,0,2,7,1,5,9,2,3,2,9
34227,0,4,7,0,2,7,4,4,6,8,0
34228,6,5,2,7,1,5,9,2,3,2,9
34229,0,4,3,0,2,0,4,1,4,8,0
34230,0,4,5,0,2,9,4,1,4,8,2
34231,0,4,3,0,2,0,4,1,4,8,0
34232,0,4,3,0,2,0,4,1,4,8,2
34233,0,4,5,0,2,9,4,1,4,8,2
34234,0,4,3,0,2,7,4,1,4,8,0
34235,7,1,0,3,4,6,1,5,7,3,4
34236,2,3,4,6,8,2,6,8,9,5,6
34237,4,5,8,9,3,4,3,0,8,7,3
34238,3,6,1,8,5,3,2,6,0,1,1
34239,7,1,0,3,4,6,1,5,7,3,4
34240,5,8,3,1,6,0,7,1,4,4,0
34241,1,7,6,2,0,8,0,9,5,6,5
34242,2,3,4,6,8,2,6,8,9,5,6
34243,2,3,4,6,8,2,6,8,9,5,6
34244,3,0,1,4,5,3,2,6,1,1,1
34245,0,8,3,1,6,0,7,1,4,4,2
34246,5,8,0,1,6,6,7,5,7,4,7
34247,4,5,8,9,3,4,3,0,8,7,3
34248,0,4,6,0,2,8,4,9,5,8,0
34249,5,8,3,1,6,0,7,1,4,4,7
34250,6,5,2,7,1,5,9,2,3,2,9
34251,3,6,1,8,5,3,2,6,0,1,1
34252,9,9,9,2,7,1,5,7,2,0,5
34253,6,5,2,7,1,5,9,2,3,2,9
34254,0,4,3,0,2,0,4,1,4,8,0
34255,4,5,8,9,3,4,3,0,8,7,3
34256,6,9,2,7,1,5,9,2,3,2,9
34257,2,3,4,6,8,2,6,8,9,5,6
34258,0,4,7,0,2,7,4,4,6,8,0
34259,7,1,0,3,4,6,1,5,7,3,4
34260,4,5,8,9,3,4,3,0,8,7,3
34261,1,7,6,2,0,8,0,9,5,6,5
34262,3,6,1,8,5,3,2,6,0,1,1
34263,1,7,6,2,0,8,0,9,5,6,5
34264,1,7,6,2,0,8,0,9,5,6,5
34265,0,4,5,0,2,9,4,1,4,8,2
34266,5,8,3,1,6,0,7,1,4,4,7
34267,0,4,5,0,2,9,4,4,6,8,2
34268,4,1,8,9,3,4,3,5,8,7,3
34269,1,7,6,2,0,8,0,9,5,6,5
34270,8,2,7,2,9,7,8,3,6,9,8
34271,4,5,8,9,3,4,3,0,8,7,7
34272,1,7,6,2,0,8,0,9,5,6,5
34273,4,0,8,9,3,4,3,0,8,7,3
34274,7,1,0,3,4,6,1,5,7,3,4
34275,0,4,7,0,2,7,4,1,4,8,0
34276,8,2,7,5,9,7,8,3,6,9,8
34277,4,5,8,9,3,4,3,0,8,7,3
34278,0,4,5,0,2,9,4,4,6,8,2
34279,5,8,3,1,6,0,7,1,4,4,7
34280,0,4,7,0,2,7,4,4,6,8,0
34281,0,4,3,0,2,0,4,1,4,8,0
34282,1,7,6,2,0,8,0,9,5,6,5
34283,3,6,1,8,5,3,2,0,0,1,1
34284,4,5,8,9,3,4,3,0,8,7,3
34285,4,5,8,9,3,4,3,0,8,7,3
34286,7,3,4,6,4,6,6,8,9,3,4
34287,1,7,6,2,0,8,0,9,5,6,5
34288,2,3,7,6,8,7,6,8,9,5,0
34289,7,1,0,3,4,6,1,5,7,3,4
34290,5,8,3,1,6,0,7,1,4,4,0
34291,1,7,6,2,0,8,0,9,5,6,5
34292,0,8,3,1,6,0,4,1,4,4,0
34293,7,1,0,3,4,6,1,5,7,3,4
34294,5,8,3,1,6,0,7,1,4,4,7
34295,4,5,8,9,3,4,3,0,8,7,3
34296,3,6,1,8,5,3,2,6,0,1,1
34297,7,1,0,3,4,6,1,5,7,3,4
34298,0,4,5,0,2,9,4,4,6,8,2
34299,7,1,0,3,4,6,1,5,7,3,4
34300,0,7,6,2,0,8,0,9,5,6,5
34301,5,8,3,1,6,0,7,1,4,4,7
34302,3,6,1,8,5,3,2,6,0,1,1
34303,0,4,7,0,2,7,4,4,6,8,0
34304,7,1,0,3,4,6,1,5,7,3,4
34305,4,6,8,9,3,4,3,0,8,7,3
34306,0,4,4,0,2,2,4,8,9,8,6
34307,0,4,3,0,2,0,4,1,4,8,2
34308,6,5,2,7,1,5,9,2,3,2,9
34309,2,4,7,0,8,2,6,3,6,5,6
34310,6,5,2,7,1,5,9,2,3,2,9
34311,2,3,4,6,8,2,6,8,9,5,6
34312,7,1,0,3,4,6,1,8,7,3,4
34313,2,3,4,6,8,2,6,8,9,5,6
34314,5,6,1,8,6,3,7,6,0,4,7
34315,7,1,0,3,4,6,1,5,7,3,4
34316,7,1,0,3,4,6,1,5,7,3,4
34317,0,4,5,0,2,9,4,4,6,8,2
34318,7,1,0,3,4,6,1,5,7,3,4
34319,2,3,4,6,8,2,6,8,9,5,6
34320,7,1,0,3,4,6,1,8,7,3,0
34321,0,8,3,0,2,0,4,1,4,8,0
34322,7,1,0,3,4,6,1,5,7,3,4
34323,6,5,2,2,1,5,9,2,3,2,5
34324,5,5,8,9,3,4,7,0,8,7,7
34325,2,3,4,6,8,2,6,3,9,5,6
34326,6,5,2,7,1,5,9,2,3,2,9
34327,7,1,0,3,4,6,1,5,7,3,4
34328,9,9,9,6,7,1,5,3,2,0,6
34329,1,7,6,2,0,8,0,9,5,6,5
34330,8,2,7,5,9,7,8,4,6,9,8
34331,0,4,5,0,2,9,4,4,6,8,2
34332,5,8,3,1,6,0,7,1,4,4,7
34333,7,1,0,3,4,6,1,5,7,3,4
34334,1,7,6,2,0,8,0,9,5,6,5
34335,5,8,3,1,6,0,7,1,4,4,7
34336,4,5,8,9,3,4,3,0,8,7,3
34337,1,7,6,2,0,8,0,9,5,6,5
34338,8,2,7,5,9,7,8,4,6,9,0
34339,5,8,3,1,6,0,7,1,4,4,7
34340,0,4,7,0,2,7,4,4,6,8,0
34341,5,8,3,1,6,0,7,1,4,4,7
34342,4,5,8,9,3,4,3,0,8,7,3
34343,4,5,8,9,3,4,3,0,8,7,3
34344,8,2,5,5,9,9,8,4,6,9,2
34345,3,6,1,8,5,3,2,6,0,1,1
34346,0,4,7,0,2,7,4,1,4,8,0
34347,0,4,3,0,2,0,4,1,4,8,0
34348,5,8,3,1,6,0,7,1,4,4,7
34349,0,4,3,0,2,0,4,1,4,8,0
34350,4,5,8,9,3,4,3,0,8,7,3
34351,7,1,0,3,4,6,1,5,7,3,4
34352,2,4,4,6,8,2,6,8,9,5,6
34353,0,4,5,0,2,9,4,1,4,8,2
34354,0,4,3,0,2,0,4,1,4,8,0
34355,3,6,1,8,5,3,2,6,0,1,1
34356,3,6,1,8,5,3,2,6,0,1,1
34357,0,4,7,0,2,7,4,1,4,8,0
34358,3,0,1,4,5,3,2,6,1,1,1
34359,1,7,6,2,0,8,0,9,5,6,5
34360,4,5,8,9,3,4,3,0,8,7,3
34361,5,8,3,1,6,0,7,1,4,4,7
34362,7,1,0,3,4,6,1,5,7,3,4
34363,7,1,0,3,4,6,1,5,7,3,4
34364,1,7,6,2,0,8,0,9,5,6,5
34365,9,9,7,2,7,7,5,9,2,0,8
34366,7,1,0,3,4,6,1,5,7,3,4
34367,0,4,7,0,2,7,4,4,6,8,0
34368,0,4,3,0,2,0,4,1,4,8,0
34369,3,6,1,9,5,3,2,0,8,1,1
34370,5,8,3,1,6,0,7,1,4,4,7
34371,6,5,2,7,1,5,9,2,3,2,9
34372,2,3,4,6,8,8,6,8,9,5,0
34373,1,7,6,2,0,8,0,9,5,6,5
34374,2,3,4,6,8,2,6,3,9,5,6
34375,2,3,4,6,8,2,6,8,9,5,0
34376,7,3,0,3,4,6,1,8,9,3,4
34377,0,4,3,0,2,0,4,1,4,8,0
34378,5,4,3,1,6,0,7,1,4,4,2
34379,0,4,7,0,2,7,4,1,4,8,0
34380,4,5,8,9,3,4,3,0,8,7,3
34381,3,0,1,4,5,3,2,6,1,1,1
34382,2,3,4,6,8,2,6,8,9,5,6
34383,1,7,6,2,0,8,0,9,5,6,5
34384,2,3,4,6,8,2,6,8,9,5,6
34385,6,5,2,7,1,5,9,2,3,2,9
34386,1,7,6,2,0,8,0,9,5,6,5
34387,7,1,0,3,4,6,1,5,7,3,4
34388,1,7,6,2,0,8,0,9,5,6,5
34389,0,4,7,0,2,7,4,0,8,8,0
34390,7,1,0,3,4,6,1,5,7,3,4
34391,2,3,4,6,8,2,6,3,9,5,6
34392,3,6,1,8,5,3,2,6,0,1,1
34393,4,5,8,9,3,4,3,0,8,7,3
34394,2,3,4,9,8,2,6,3,9,5,6
34395,0,4,5,0,2,9,4,1,4,8,2
34396,0,4,6,0,2,8,4,9,5,8,2
34397,7,1,0,3,4,6,1,8,7,3,4
34398,0,4,7,0,2,7,4,1,4,8,0
34399,8,2,5,5,9,9,8,4,6,9,8
34400,2,3,4,6,8,2,6,8,9,5,6
34401,3,6,1,8,5,3,2,6,0,1,1
34402,1,7,6,2,0,8,0,9,5,6,5
34403,1,7,6,2,0,8,0,9,5,6,5
34404,0,3,7,0,2,7,4,8,9,8,0
34405,6,5,2,7,1,5,9,2,3,2,9
34406,3,0,1,4,5,3,2,3,1,1,1
34407,7,1,0,3,4,6,1,5,7,3,4
34408,7,1,0,3,4,6,1,5,7,3,4
34409,5,8,3,1,6,0,7,1,4,4,7
34410,9,9,9,2,7,1,5,7,2,0,5
34411,8,2,7,5,9,7,8,3,6,9,8
34412,1,7,6,2,0,8,0,9,5,6,5
34413,4,5,8,9,3,4,3,0,8,7,3
34414,0,4,7,0,2,7,4,1,4,8,0
34415,0,4,5,0,2,9,4,4,6,8,2
34416,3,6,1,4,5,3,2,6,1,1,1
34417,2,3,4,6,8,2,6,8,9,5,6
34418,9,9,9,2,7,1,5,7,2,0,5
34419,8,2,7,5,9,7,8,4,6,9,8
34420,0,4,3,0,2,0,4,1,4,8,0
34421,3,6,1,8,5,3,2,6,0,1,1
34422,5,8,3,1,6,0,7,1,4,4,0
34423,1,7,6,2,0,8,0,9,5,6,5
34424,5,8,3,1,6,0,7,1,4,4,7
34425,6,3,2,7,1,5,9,2,3,2,9
34426,1,7,6,2,0,8,0,9,5,6,5
34427,7,1,0,3,4,6,1,5,7,3,4
34428,5,8,3,1,6,0,7,1,4,4,7
34429,4,2,7,5,3,7,3,3,8,7,8
34430,8,2,7,5,9,7,8,4,6,9,8
34431,2,3,4,6,8,2,6,8,9,5,6
34432,0,4,5,0,2,9,4,1,4,8,2
34433,4,5,8,9,3,4,3,0,8,7,3
34434,0,4,5,0,2,9,4,1,4,8,2
34435,8,2,5,5,9,9,8,4,6,9,2
34436,9,3,9,6,7,1,5,8,9,0,6
34437,7,1,0,3,4,6,1,5,7,3,4
34438,0,4,7,0,2,7,4,4,6,8,0
34439,0,4,3,0,2,0,4,1,4,8,0
34440,3,6,1,8,5,3,2,6,0,1,1
34441,6,5,2,7,1,5,9,2,3,2,9
34442,7,1,0,3,4,6,1,5,7,3,4
34443,6,5,2,7,1,5,9,2,3,2,9
34444,9,9,9,2,7,1,5,7,2,0,5
34445,5,8,3,1,6,0,7,1,4,4,7
34446,0,4,5,0,2,9,4,1,4,8,2
34447,4,5,8,9,3,4,3,3,8,7,3
34448,7,1,0,3,4,6,1,5,7,3,4
34449,0,4,7,0,2,7,4,1,4,8,0
34450,6,5,2,7,1,5,9,2,3,2,9
34451,3,6,1,8,5,3,2,6,0,1,1
34452,7,1,0,3,4,6,1,5,7,3,4
34453,2,3,4,6,8,2,6,8,9,5,6
34454,8,2,5,5,9,9,8,4,6,9,8
34455,2,3,4,6,8,2,6,8,9,5,0
34456,4,5,8,9,3,4,3,0,8,7,3
34457,2,0,4,4,8,2,6,3,1,5,6
34458,5,8,3,1,6,0,7,1,4,4,7
34459,0,4,5,0,2,0,4,1,4,8,2
34460,7,1,0,3,4,6,1,5,7,3,4
34461,2,3,4,6,8,2,6,8,9,5,6
34462,6,5,2,7,1,5,9,2,3,2,9
34463,8,2,7,5,9,7,8,3,6,9,8
34464,5,8,3,1,6,0,7,1,4,4,0
34465,5,8,3,1,6,0,7,1,4,4,7
34466,4,5,8,9,3,4,3,0,8,7,3
34467,9,9,9,2,7,1,5,7,2,0,5
34468,5,8,3,1,6,0,7,1,4,4,7
34469,7,1,0,3,4,6,1,5,7,3,4
34470,1,7,6,2,0,8,0,9,5,6,5
34471,3,0,1,4,5,3,2,6,1,1,1
34472,8,2,5,5,9,9,8,4,6,9,2
34473,8,2,4,5,9,2,8,3,6,9,8
34474,2,3,4,6,8,2,6,8,9,5,6
34475,6,5,2,7,1,5,9,2,3,2,9
34476,5,8,3,1,6,0,7,1,4,4,7
34477,0,4,5,0,2,9,4,1,4,8,2
34478,7,1,0,3,4,6,1,5,7,3,4
34479,5,8,3,1,6,0,7,1,4,4,7
34480,3,6,1,8,5,3,2,6,0,1,1
34481,2,3,4,6,8,2,6,8,9,5,6
34482,0,4,3,0,2,0,4,1,4,8,0
34483,1,7,6,2,0,8,0,9,5,6,5
34484,1,7,6,2,0,8,0,9,5,6,5
34485,8,4,5,5,9,9,8,4,6,9,2
34486,5,8,3,2,6,0,7,1,4,4,7
34487,0,4,5,0,2,9,4,4,6,8,2
34488,4,5,8,9,3,4,3,0,8,7,3
34489,0,4,3,0,2,0,4,1,4,8,0
34490,4,5,8,9,3,4,3,0,8,7,3
34491,5,8,3,1,6,0,7,1,4,4,7
34492,7,1,8,9,3,4,1,0,8,7,4
34493,1,7,6,2,0,8,0,9,5,6,5
34494,6,5,2,7,1,5,9,2,3,2,9
34495,6,5,2,7,1,5,9,2,3,2,9
34496,5,8,3,1,6,0,7,1,4,4,7
34497,5,8,3,1,6,0,7,1,4,4,7
34498,0,4,7,0,2,7,4,1,4,8,0
34499,4,5,8,9,3,4,3,0,8,7,3
34500,2,3,4,6,8,2,6,3,9,5,6
34501,0,4,3,0,2,0,4,1,4,8,2
34502,3,6,1,8,5,3,2,6,0,1,1
34503,8,2,5,5,9,9,8,4,6,9,2
34504,5,8,3,1,6,0,7,1,4,4,7
34505,2,3,4,6,8,2,6,8,9,5,6
34506,8,4,5,0,2,9,4,4,6,8,2
34507,5,8,3,1,6,0,7,1,4,4,7
34508,3,6,1,8,5,3,2,6,0,1,1
34509,9,9,9,2,7,1,5,3,2,0,8
34510,2,3,7,6,8,7,6,8,9,5,0
34511,3,6,1,8,5,3,2,6,0,1,1
34512,1,7,6,2,0,8,0,9,5,6,5
34513,1,7,6,2,0,8,0,9,5,6,5
34514,3,6,1,8,5,3,2,6,0,1,1
34515,1,7,6,2,0,8,0,9,5,6,5
34516,9,9,9,2,7,1,5,7,2,0,5
34517,0,4,3,0,2,0,4,1,4,8,0
34518,8,2,5,5,9,9,8,4,6,9,8
34519,2,0,4,4,8,2,6,3,1,5,6
34520,4,5,8,9,3,4,3,0,8,7,3
34521,2,3,4,6,8,2,6,8,9,5,6
34522,4,5,8,9,3,4,3,0,8,7,3
34523,3,6,1,4,5,3,2,6,1,1,1
34524,7,1,0,3,4,6,1,5,7,3,4
34525,7,1,0,3,4,6,1,5,7,3,4
34526,7,1,0,3,4,6,1,5,7,3,4
34527,2,3,4,6,8,2,6,8,9,5,6
34528,0,4,5,0,2,9,4,1,4,8,2
34529,4,5,8,9,3,4,3,3,8,7,3
34530,0,4,3,0,2,7,4,1,4,8,0
34531,1,7,6,2,0,8,0,9,5,6,5
34532,1,7,6,2,0,8,0,9,8,6,5
34533,5,8,3,1,6,0,7,1,4,4,7
34534,2,3,4,6,8,2,6,8,9,5,6
34535,4,5,8,9,3,4,3,3,8,7,3
34536,7,1,0,3,4,6,1,5,7,3,4
34537,5,2,7,1,6,7,7,4,6,4,7
34538,3,6,1,8,5,3,2,6,0,1,1
34539,4,5,8,9,3,4,3,3,8,7,3
34540,7,1,0,3,4,6,1,5,7,3,4
34541,3,0,1,4,5,3,2,6,1,1,1
34542,0,3,4,0,2,2,4,8,9,8,0
34543,4,5,8,9,3,4,3,0,8,7,3
34544,0,4,7,0,2,7,4,4,6,8,0
34545,5,8,7,1,6,7,7,1,4,4,7
34546,4,0,8,4,3,4,3,3,1,7,3
34547,2,3,4,6,8,2,6,8,9,5,6
34548,7,1,0,3,4,6,1,8,7,3,4
34549,0,4,3,0,2,0,4,1,4,8,0
34550,8,2,7,5,9,7,8,4,6,9,8
34551,7,1,0,3,4,6,1,5,7,3,4
34552,7,1,0,3,4,6,1,5,7,3,4
34553,3,6,1,8,5,3,2,6,0,1,1
34554,7,1,0,3,4,6,1,5,7,3,4
34555,3,6,1,8,5,3,2,6,0,1,1
34556,1,7,5,2,0,9,0,9,6,6,5
34557,2,3,4,6,8,2,6,3,9,5,6
34558,6,5,2,7,1,5,9,3,3,2,9
34559,6,5,2,7,1,5,9,2,3,2,9
34560,8,2,5,5,9,9,8,4,6,9,8
34561,2,2,7,5,9,7,8,4,9,9,8
34562,3,0,1,4,5,3,2,6,1,1,1
34563,5,8,3,1,6,0,7,1,4,4,7
34564,0,4,5,0,2,9,4,4,6,8,2
34565,7,1,0,3,4,6,1,5,7,3,4
34566,1,7,6,2,0,8,0,9,5,6,5
34567,0,8,3,0,2,0,4,1,4,8,0
34568,0,4,5,0,2,9,4,4,6,8,2
34569,0,4,7,0,2,7,4,4,6,8,0
34570,0,4,3,0,2,7,4,1,4,8,0
34571,0,4,7,0,2,7,4,4,6,8,0
34572,5,8,3,1,6,0,7,1,4,4,7
34573,6,5,2,7,1,5,9,2,3,2,9
34574,5,8,0,1,6,6,7,5,7,4,7
34575,2,3,4,6,8,2,6,8,9,5,6
34576,0,4,5,0,2,9,4,4,6,8,2
34577,7,1,0,3,4,6,1,5,7,3,4
34578,5,5,8,1,6,4,7,0,8,4,7
34579,2,2,7,6,8,7,6,3,9,5,8
34580,3,6,1,8,5,3,2,6,0,1,1
34581,2,3,4,6,8,2,6,3,9,5,6
34582,3,6,1,8,5,3,2,6,0,1,1
34583,8,4,7,0,2,7,4,4,6,8,0
34584,7,1,0,3,4,6,1,5,7,3,4
34585,1,7,6,2,0,8,0,9,5,6,5
34586,3,6,1,8,5,3,2,6,0,1,1
34587,2,3,4,6,8,2,6,8,9,5,6
34588,1,7,6,2,0,8,0,9,5,6,5
34589,4,5,8,9,3,4,3,3,8,7,3
34590,1,7,6,2,0,8,0,9,5,6,5
34591,8,2,7,5,9,7,8,4,6,9,8
34592,0,4,3,0,2,7,4,1,4,8,0
34593,5,8,3,1,6,0,7,1,4,4,7
34594,7,1,0,3,4,6,1,5,7,3,4
34595,9,9,9,2,7,1,5,7,2,0,5
34596,5,8,3,1,6,0,7,1,4,4,7
34597,7,1,0,3,4,6,1,8,7,3,4
34598,5,8,3,1,6,0,7,1,4,4,0
34599,0,4,5,0,2,9,4,1,4,8,2
34600,8,2,5,5,9,9,8,4,6,9,5
34601,4,5,8,9,3,4,3,0,8,7,3
34602,2,3,4,6,8,2,6,3,9,5,6
34603,0,4,7,0,2,7,4,4,6,8,0
34604,6,1,2,7,1,5,9,2,3,2,9
34605,6,3,2,7,1,5,9,2,3,2,9
34606,9,9,9,2,7,1,5,7,2,0,5
34607,7,1,0,3,4,6,1,5,7,3,4
34608,5,8,2,1,6,5,7,2,0,4,7
34609,8,2,5,5,9,9,8,4,6,9,2
34610,7,1,0,3,4,6,1,5,7,3,4
34611,0,4,3,0,2,0,4,1,4,8,0
34612,1,7,6,2,0,8,0,9,5,6,5
34613,1,7,6,2,0,8,0,9,5,6,5
34614,1,7,6,2,0,8,0,9,5,6,5
34615,0,4,7,0,2,7,4,1,4,8,0
34616,5,8,3,1,6,0,7,1,4,4,7
34617,9,9,9,2,7,1,5,7,2,0,5
34618,8,2,5,5,9,9,8,4,6,9,8
34619,3,0,1,4,5,3,2,6,1,1,1
34620,6,5,2,7,1,5,9,2,3,2,9
34621,4,5,8,9,3,4,3,3,8,7,3
34622,7,1,0,3,4,6,1,5,7,3,4
34623,3,0,1,4,5,3,2,3,1,1,1
34624,4,7,6,9,3,8,3,9,8,7,3
34625,9,9,9,2,7,1,5,7,2,0,5
34626,1,7,6,2,0,8,0,9,5,6,5
34627,6,3,2,7,1,5,9,2,3,2,9
34628,4,5,8,9,3,4,3,0,8,7,3
34629,7,3,0,3,4,6,1,8,7,3,6
34630,7,1,0,3,4,6,1,5,7,3,4
34631,8,2,7,5,9,7,8,4,6,9,8
34632,9,9,9,2,7,1,5,7,2,0,5
34633,8,2,5,5,9,9,8,4,6,9,8
34634,3,6,1,8,5,3,2,6,0,1,1
34635,2,3,4,6,8,2,6,8,9,5,6
34636,6,5,2,7,1,5,9,2,3,2,9
34637,8,2,7,5,9,7,8,4,6,9,8
34638,1,7,6,2,0,8,0,9,5,6,5
34639,3,6,1,8,5,3,2,6,0,1,1
34640,1,7,6,2,0,8,0,9,5,6,5
34641,9,9,9,2,7,1,5,7,2,0,5
34642,7,1,0,3,4,6,1,5,7,3,4
34643,6,5,2,7,1,5,9,2,3,2,9
34644,1,7,6,2,0,8,0,9,5,6,5
34645,7,1,0,3,4,6,1,5,7,3,4
34646,7,1,0,3,4,6,1,5,7,3,4
34647,8,2,5,5,9,9,8,4,6,9,2
34648,4,1,8,9,3,4,3,0,8,7,3
34649,2,3,4,6,8,2,6,8,9,5,6
34650,7,9,0,2,4,6,1,8,2,3,5
34651,8,2,7,5,9,7,8,4,6,9,8
34652,4,5,8,9,3,4,3,0,8,7,3
34653,3,0,1,4,5,3,2,3,1,1,1
34654,5,5,8,1,6,4,7,0,8,4,7
34655,9,9,9,2,7,1,5,7,2,0,5
34656,3,6,1,8,5,3,2,6,0,1,1
34657,6,5,2,7,1,5,9,2,3,2,9
34658,6,5,2,7,1,5,9,2,3,2,7
34659,2,3,4,6,8,2,6,8,9,5,6
34660,1,7,6,2,0,8,0,9,5,6,5
34661,8,2,5,5,9,9,8,4,6,9,8
34662,3,6,1,8,5,3,2,6,0,1,1
34663,9,9,9,6,7,1,5,7,2,0,6
34664,6,5,2,7,1,5,9,2,3,2,9
34665,9,9,9,2,7,1,5,7,2,0,5
34666,1,7,6,2,0,8,0,9,5,6,5
34667,9,9,9,2,7,1,5,7,2,0,5
34668,8,2,7,5,9,7,8,4,6,9,8
34669,2,3,4,6,8,2,6,8,9,5,6
34670,8,2,5,5,9,9,8,4,6,9,8
34671,4,5,8,9,3,4,3,3,8,7,3
34672,7,1,0,3,4,6,1,5,7,3,4
34673,8,2,5,5,9,9,8,4,6,9,8
34674,2,3,4,6,8,2,6,8,9,5,0
34675,5,8,3,1,6,0,7,1,4,4,7
34676,0,4,3,0,2,0,4,1,4,8,2
34677,5,8,3,1,6,0,7,1,4,4,7
34678,5,8,3,1,6,0,7,1,4,4,7
34679,9,9,9,2,7,1,5,7,2,0,5
34680,6,5,2,7,1,5,9,2,3,2,9
34681,9,9,9,2,7,1,5,7,2,0,5
34682,8,2,7,5,9,7,8,4,6,9,0
34683,9,9,9,5,7,1,5,7,2,0,8
34684,7,1,0,3,4,6,1,5,7,3,4
34685,3,6,1,8,5,3,2,6,0,1,1
34686,4,5,8,9,3,4,3,0,8,7,3
34687,8,2,5,5,9,9,8,4,6,9,8
34688,5,8,3,1,6,0,7,1,4,4,7
34689,8,2,5,5,9,9,8,4,6,9,8
34690,0,4,5,0,2,9,4,4,6,8,2
34691,2,3,4,6,8,2,6,8,9,5,6
34692,2,3,4,6,8,2,6,8,9,5,6
34693,8,2,7,5,9,7,8,4,6,9,8
34694,8,2,7,5,9,7,8,4,6,9,8
34695,2,3,4,6,8,2,6,8,9,5,6
34696,2,3,4,6,8,2,6,8,9,5,6
34697,4,5,8,9,3,4,3,3,8,7,3
34698,5,8,3,1,6,0,7,1,4,4,7
34699,3,0,1,4,5,3,2,6,1,1,1
34700,1,7,6,2,0,8,0,9,5,6,5
34701,2,3,4,6,8,2,6,8,9,5,6
34702,8,2,5,5,9,9,8,4,6,9,2
34703,4,5,8,9,3,4,3,0,8,7,3
34704,5,8,3,1,6,0,7,1,4,4,2
34705,9,9,9,2,7,1,5,7,2,0,5
34706,5,6,0,8,6,6,7,0,0,4,7
34707,9,9,9,2,7,1,5,7,2,0,5
34708,3,6,1,8,5,3,2,6,0,1,1
34709,8,2,7,5,9,7,8,4,6,9,8
34710,7,1,0,3,4,6,1,5,7,3,4
34711,9,9,9,2,7,1,5,7,2,0,5
34712,7,1,0,3,4,6,1,5,7,3,4
34713,2,0,4,4,8,2,6,8,1,5,6
34714,8,2,6,2,9,8,8,3,6,9,8
34715,8,2,7,5,9,7,8,4,6,9,8
34716,7,1,0,3,4,6,1,5,7,3,4
34717,6,5,2,7,1,5,9,2,3,2,9
34718,6,5,5,7,1,9,9,2,3,2,2
34719,2,3,4,6,8,2,6,8,9,5,6
34720,7,1,0,3,4,6,1,5,7,3,4
34721,2,3,4,6,8,2,6,8,9,5,6
34722,2,3,4,6,8,2,6,8,9,5,6
34723,9,9,9,2,7,1,5,7,2,0,5
34724,1,7,6,2,0,8,0,9,5,6,5
34725,9,9,9,2,7,1,5,7,2,0,5
34726,6,5,2,7,1,5,9,2,3,2,9
34727,9,9,9,2,7,1,5,7,2,0,5
34728,1,7,6,2,0,8,0,9,5,6,5
34729,8,2,7,5,9,7,8,4,6,9,8
34730,3,6,1,8,5,3,2,6,0,1,1
34731,3,6,1,8,5,3,2,6,0,1,1
34732,0,4,3,0,2,0,4,1,4,8,2
34733,5,8,3,1,6,0,7,1,4,4,7
34734,9,9,9,6,7,1,5,7,2,0,6
34735,8,2,7,5,9,7,8,4,6,9,7
34736,7,1,0,3,4,6,1,5,7,3,4
34737,3,0,1,4,5,3,2,6,1,1,1
34738,2,3,4,6,8,2,6,8,9,5,6
34739,9,9,9,2,7,1,5,7,2,0,5
34740,4,5,8,9,3,4,3,0,8,7,3
34741,4,5,8,9,3,4,3,0,8,7,3
34742,8,4,7,5,9,7,8,4,6,9,0
34743,8,2,4,5,9,2,8,8,9,9,8
34744,0,4,3,0,2,0,4,1,4,8,0
34745,6,5,2,7,1,5,9,2,3,2,9
34746,6,5,2,7,1,5,9,2,3,2,9
34747,6,5,2,7,1,5,9,2,3,2,9
34748,5,5,8,1,6,4,7,0,8,4,7
34749,9,9,9,2,7,1,5,7,2,0,5
34750,0,4,7,0,2,7,4,1,4,8,0
34751,5,8,3,1,6,0,7,1,4,4,7
34752,0,4,7,0,2,7,4,4,6,8,0
34753,8,2,7,5,9,7,8,4,6,9,8
34754,1,7,6,2,0,8,0,9,5,6,5
34755,9,9,9,2,7,1,5,7,2,0,5
34756,6,5,2,7,1,5,9,2,3,2,9
34757,9,9,9,2,7,1,5,7,2,0,5
34758,0,8,3,0,2,0,4,1,4,8,0
34759,9,9,9,2,7,1,5,7,2,0,5
34760,0,4,4,0,2,2,4,5,9,8,0
34761,8,2,7,5,9,7,8,4,6,9,8
34762,9,9,9,2,7,1,5,7,2,0,5
34763,2,3,4,6,8,2,6,3,9,5,6
34764,0,4,3,0,2,0,4,1,4,8,0
34765,2,9,4,2,8,2,6,3,2,5,6
34766,2,3,4,6,8,2,6,8,9,5,6
34767,4,5,8,9,3,4,3,0,8,7,3
34768,6,5,2,7,1,5,9,2,3,2,9
34769,8,2,7,5,9,7,8,4,6,9,8
34770,8,3,7,6,9,7,8,8,9,9,8
34771,6,0,2,4,1,5,9,2,1,2,9
34772,0,4,5,0,2,9,4,4,6,8,2
34773,3,6,1,8,5,3,2,6,0,1,1
34774,0,4,5,0,2,9,4,1,4,8,2
34775,3,0,1,4,5,3,2,3,1,1,1
34776,4,5,8,9,3,4,3,0,8,7,3
34777,9,9,9,2,7,1,5,7,2,0,5
34778,1,7,6,2,0,8,0,9,5,6,5
34779,2,3,4,6,8,2,6,8,9,5,6
34780,5,8,3,1,6,0,7,1,4,4,7
34781,8,2,7,5,9,7,8,4,6,9,8
34782,1,7,6,2,0,8,0,9,5,6,5
34783,4,5,8,9,3,4,3,0,8,7,3
34784,0,8,3,0,2,0,4,1,4,8,0
34785,2,3,4,7,8,2,6,2,3,5,9
34786,5,8,3,1,6,0,7,1,4,4,7
34787,2,3,4,6,8,2,6,8,9,5,6
34788,7,1,0,3,4,6,1,5,7,3,4
34789,6,5,2,7,1,5,9,2,3,2,9
34790,5,8,3,1,6,0,7,1,4,4,7
34791,4,5,8,9,3,4,3,0,8,7,3
34792,1,7,6,2,0,8,0,9,5,6,5
34793,2,3,4,6,8,2,6,8,9,5,6
34794,2,3,4,6,8,2,6,8,9,5,6
34795,5,8,3,1,6,0,7,1,4,4,7
34796,1,7,6,2,0,8,0,9,5,6,5
34797,8,2,7,5,9,7,8,4,6,9,8
34798,3,6,1,8,5,3,2,6,0,1,1
34799,6,5,2,7,1,5,9,2,3,2,9
34800,5,8,3,1,6,0,7,8,4,4,0
34801,8,2,7,5,9,7,8,4,6,9,8
34802,0,4,5,0,2,9,4,4,6,8,2
34803,8,0,2,4,9,5,8,3,1,9,8
34804,7,1,0,3,4,6,1,5,7,3,4
34805,6,0,2,7,1,5,9,2,3,2,9
34806,2,3,4,6,8,2,6,8,9,5,6
34807,8,2,5,5,9,9,8,4,6,9,8
34808,0,4,7,0,2,7,4,4,6,8,0
34809,8,2,7,5,9,7,8,4,6,9,8
34810,5,8,3,1,6,0,7,1,4,4,7
34811,9,9,9,2,7,1,5,9,2,0,5
34812,4,5,8,9,3,4,3,0,8,7,3
34813,2,3,4,6,8,2,6,8,9,5,6
34814,2,3,4,6,8,2,6,8,9,5,6
34815,7,1,0,8,4,6,1,5,0,3,4
34816,4,5,8,9,3,4,3,0,8,7,3
34817,9,9,9,2,7,1,5,3,2,0,5
34818,5,8,3,1,6,0,7,1,4,4,7
34819,9,2,9,5,9,1,8,3,2,9,8
34820,7,1,0,3,4,6,1,5,7,3,4
34821,9,9,9,2,7,1,5,7,2,0,5
34822,5,8,3,1,6,0,7,1,4,4,7
34823,8,2,7,5,9,7,8,4,6,9,8
34824,0,4,5,0,2,9,4,4,6,8,2
34825,8,2,5,5,9,9,8,4,6,9,8
34826,9,9,9,2,7,1,5,7,2,0,5
34827,4,0,8,9,3,4,3,3,1,7,3
34828,7,1,0,3,4,6,1,5,7,3,4
34829,6,0,2,4,1,5,9,3,1,2,9
34830,0,4,7,0,2,7,4,4,6,8,0
34831,6,5,2,7,1,5,9,2,3,2,9
34832,7,1,0,3,4,6,1,5,7,3,4
34833,6,5,2,7,1,5,9,2,3,2,9
34834,0,4,7,0,2,7,4,4,6,8,0
34835,8,2,5,5,9,9,8,4,6,9,8
34836,4,5,8,9,3,4,3,0,8,7,3
34837,8,2,7,5,9,7,8,4,6,9,8
34838,5,8,3,1,6,0,7,1,4,4,7
34839,3,0,1,4,5,3,2,3,1,1,1
34840,5,5,2,7,1,5,9,0,3,2,7
34841,9,9,9,2,7,1,5,3,2,0,5
34842,0,3,7,6,2,7,4,8,9,8,0
34843,2,3,4,6,8,2,6,3,2,5,6
34844,0,4,7,0,2,7,4,4,6,8,0
34845,9,9,9,2,7,1,5,3,2,0,9
34846,0,7,6,2,2,8,0,9,5,6,5
34847,3,0,1,4,5,3,2,3,1,1,1
34848,6,5,2,7,1,5,9,2,3,2,9
34849,9,9,9,2,7,1,5,7,2,0,5
34850,6,5,2,7,1,5,9,2,3,2,9
34851,6,5,2,7,1,5,9,2,3,2,9
34852,1,7,6,2,0,8,0,9,5,6,5
34853,2,3,4,6,8,2,6,8,9,5,6
34854,3,6,1,8,5,3,2,6,0,1,1
34855,8,2,7,5,9,7,8,4,6,9,8
34856,6,5,2,7,1,5,9,3,3,2,9
34857,9,9,9,2,7,1,5,7,2,0,5
34858,7,1,0,3,4,6,1,5,7,3,4
34859,4,5,8,9,3,4,3,3,8,7,3
34860,4,5,8,9,3,4,3,0,8,7,3
34861,2,2,4,6,8,2,6,8,9,5,8
34862,1,7,6,2,0,8,0,9,5,6,5
34863,2,3,4,6,8,2,6,8,9,5,6
34864,6,9,2,7,1,5,9,2,3,2,9
34865,8,2,7,5,9,7,8,4,6,9,8
34866,1,7,6,2,0,8,0,9,5,6,5
34867,3,0,1,4,5,3,2,6,1,1,1
34868,7,1,0,3,4,6,1,5,7,3,4
34869,9,9,9,2,7,1,5,7,2,0,5
34870,1,7,6,2,0,8,0,9,5,6,5
34871,6,5,2,7,1,5,9,2,3,2,9
34872,2,3,4,6,8,2,6,8,9,5,6
34873,2,3,4,6,8,2,6,8,9,5,6
34874,1,7,6,2,0,8,0,9,5,6,5
34875,8,2,7,5,9,7,8,4,6,9,8
34876,8,2,7,5,9,7,8,4,6,9,8
34877,9,9,9,2,7,1,5,3,2,0,5
34878,0,4,7,0,2,7,4,9,5,8,0
34879,4,5,8,9,3,4,3,3,8,7,3
34880,0,4,5,0,2,9,4,1,4,8,2
34881,8,2,7,5,9,7,8,4,6,9,8
34882,2,3,4,6,8,2,6,8,9,5,6
34883,2,3,4,6,8,2,6,8,9,5,6
34884,1,7,6,2,0,8,0,9,5,6,5
34885,8,2,7,5,9,7,8,4,6,9,8
34886,5,8,3,1,6,0,7,1,4,4,7
34887,3,0,1,4,5,3,2,6,1,1,1
34888,5,8,3,1,6,0,7,1,4,4,0
34889,9,9,9,2,7,1,5,7,2,0,5
34890,5,8,3,1,6,0,7,1,4,4,7
34891,6,5,2,7,1,5,9,2,3,2,9
34892,5,8,3,1,6,0,7,1,4,4,7
34893,7,1,0,3,4,6,1,5,7,3,4
34894,4,5,8,9,3,4,3,3,8,7,3
34895,8,2,7,5,9,7,8,4,6,9,8
34896,4,5,8,9,3,4,3,0,8,7,3
34897,4,5,8,9,3,4,3,3,8,7,3
34898,7,1,0,3,4,6,1,5,7,3,4
34899,8,2,5,5,9,9,8,4,1,9,8
34900,2,3,4,6,8,2,6,8,9,5,6
34901,2,3,4,6,8,2,6,3,9,5,6
34902,3,6,1,8,5,3,2,6,0,1,1
34903,8,2,7,5,9,7,8,4,6,9,8
34904,3,6,1,8,5,3,2,6,0,1,1
34905,4,5,8,9,3,4,3,3,8,7,3
34906,5,8,3,1,6,0,7,1,4,4,7
34907,6,5,2,7,1,5,9,2,3,2,9
34908,8,2,5,5,9,9,8,4,6,9,8
34909,8,2,5,5,9,9,8,4,6,9,8
34910,2,3,4,6,8,2,6,3,9,5,6
34911,9,9,9,2,7,1,5,7,2,0,5
34912,0,4,3,0,2,0,4,1,4,8,0
34913,2,3,4,6,8,2,6,3,9,5,6
34914,1,7,6,2,0,8,0,9,5,6,5
34915,4,5,8,9,3,4,3,3,8,7,3
34916,0,4,5,0,2,9,4,4,6,8,2
34917,6,5,2,7,1,5,9,2,3,2,9
34918,4,5,8,9,3,4,3,0,8,7,3
34919,4,5,7,9,3,4,3,3,6,7,8
34920,5,8,3,1,6,0,7,1,4,4,7
34921,2,3,4,6,8,2,6,8,9,5,6
34922,1,7,6,2,0,8,0,9,5,6,5
34923,9,9,9,2,7,1,5,7,2,0,5
34924,4,5,8,9,3,4,3,3,8,7,3
34925,8,2,5,5,9,9,8,4,6,9,8
34926,1,7,6,2,0,8,0,9,5,6,5
34927,9,9,9,2,7,1,5,7,2,0,5
34928,6,5,2,7,1,5,9,2,3,2,9
34929,2,3,4,6,8,2,6,8,9,5,6
34930,1,7,6,0,0,8,0,9,5,6,5
34931,2,3,4,6,8,2,6,8,9,5,6
34932,2,3,4,6,8,2,6,8,9,5,6
34933,2,3,4,6,8,2,6,8,9,5,6
34934,1,7,6,2,0,8,0,9,5,6,5
34935,8,2,5,5,9,9,8,4,6,9,2
34936,6,3,2,7,1,5,9,2,3,2,9
34937,9,9,9,2,7,1,5,7,2,0,5
34938,9,9,9,2,7,1,5,7,2,0,5
34939,8,2,5,5,9,9,8,4,6,9,8
34940,1,7,7,0,0,7,0,9,5,6,0
34941,8,2,5,5,9,9,8,4,6,9,8
34942,5,8,3,1,6,0,7,1,4,4,7
34943,2,0,4,4,8,2,6,3,1,5,6
34944,1,5,6,2,0,8,0,9,5,6,5
34945,9,9,9,2,7,1,5,7,2,0,5
34946,7,1,0,3,4,6,1,5,7,3,4
34947,8,2,7,5,9,7,8,4,6,9,8
34948,5,8,3,1,6,0,7,1,4,4,7
34949,8,2,7,5,9,7,8,4,6,9,8
34950,1,7,6,2,0,8,0,9,5,6,5
34951,8,2,7,5,9,7,8,4,6,9,8
34952,7,1,0,3,4,6,1,5,7,3,4
34953,8,2,7,5,9,7,8,4,6,9,8
34954,0,4,7,0,2,7,4,1,4,8,0
34955,8,2,7,5,9,7,8,4,6,9,8
34956,4,5,8,9,3,4,3,0,8,7,3
34957,8,2,7,5,9,7,8,4,6,9,8
34958,3,6,1,8,5,3,2,6,0,1,1
34959,8,2,5,5,9,9,8,4,6,9,8
34960,4,5,8,9,3,4,3,0,8,7,3
34961,6,5,2,7,1,5,9,2,3,2,9
34962,0,8,3,1,6,0,7,1,4,4,0
34963,4,5,4,9,8,2,3,3,2,7,3
34964,6,5,2,7,1,5,9,2,3,2,9
34965,9,9,9,2,7,1,5,3,2,0,8
34966,2,3,4,6,8,2,6,8,9,5,6
34967,2,3,4,6,8,2,6,8,9,5,6
34968,7,1,0,3,4,6,1,5,7,3,4
34969,8,2,7,5,9,7,8,4,6,9,8
34970,0,4,5,0,2,9,4,4,6,8,2
34971,8,2,7,5,9,7,8,4,6,9,8
34972,0,4,5,0,2,9,4,4,6,8,2
34973,2,3,4,6,8,2,6,8,9,5,6
34974,7,1,0,3,4,6,1,5,7,3,4
34975,8,2,7,5,9,7,8,4,6,9,8
34976,9,9,9,2,7,8,5,7,5,0,5
34977,2,0,4,4,8,2,6,3,1,5,1
34978,2,3,4,6,8,2,6,8,9,5,6
34979,2,3,4,6,8,2,6,8,9,5,6
34980,1,7,6,2,0,8,0,9,5,6,5
34981,8,2,5,5,9,9,8,4,6,9,8
34982,0,4,3,0,2,0,4,1,4,8,2
34983,8,2,7,5,9,7,8,4,6,9,0
34984,2,3,4,6,8,2,6,8,9,5,6
34985,2,0,4,4,8,2,6,3,1,5,6
34986,7,1,0,3,4,6,1,5,7,3,4
34987,2,3,4,6,8,2,6,8,9,5,6
34988,5,8,3,1,6,0,7,1,4,4,7
34989,2,0,4,4,8,2,6,3,1,5,6
34990,1,7,6,2,0,8,0,9,5,6,5
34991,8,2,7,5,9,7,8,4,6,9,8
34992,1,7,6,2,0,8,0,9,5,6,5
34993,4,5,8,9,3,4,3,0,8,7,3
34994,0,4,7,0,2,7,4,4,6,8,0
34995,2,1,4,3,8,2,6,5,7,5,6
34996,7,1,0,3,4,6,1,5,7,3,4
34997,8,2,5,5,9,9,8,4,6,9,8
34998,0,4,3,0,2,0,4,1,4,8,2
34999,2,0,4,4,8,2,6,3,1,5,6
35000,1,7,6,2,0,8,0,9,5,6,5
35001,9,9,9,2,7,1,5,7,2,0,5
35002,0,4,7,0,2,7,4,4,6,8,0
35003,8,2,7,5,9,7,8,4,6,9,8
35004,0,4,3,0,2,0,4,1,4,8,0
35005,2,3,4,6,8,2,6,8,9,5,6
35006,1,7,6,2,0,8,0,9,5,6,5
35007,2,3,4,6,8,2,6,8,9,5,6
35008,1,7,6,2,0,8,0,9,5,6,5
35009,9,9,9,2,7,1,5,7,2,0,5
35010,7,1,0,3,4,6,1,5,7,3,4
35011,6,5,2,7,1,5,9,2,3,2,9
35012,3,6,1,8,5,3,2,6,0,1,7
35013,8,2,7,5,9,7,8,4,6,9,8
35014,1,7,6,2,0,8,0,9,5,6,5
35015,2,3,4,6,8,2,6,8,9,5,6
35016,0,4,3,0,2,0,4,1,4,8,0
35017,2,3,4,6,8,2,6,8,9,5,6
35018,2,3,7,6,8,7,6,8,9,5,6
35019,8,2,7,5,9,7,8,4,6,9,8
35020,6,5,2,7,1,5,9,2,3,2,9
35021,2,3,4,6,8,2,6,8,9,5,6
35022,1,7,6,2,0,8,0,9,5,6,5
35023,6,5,2,7,1,5,9,2,3,2,9
35024,0,4,6,0,2,8,4,9,5,8,0
35025,2,3,4,6,8,2,6,8,9,5,6
35026,5,8,3,1,6,0,7,1,4,4,7
35027,4,5,8,9,3,4,3,0,8,7,3
35028,3,6,1,8,5,3,2,6,0,1,1
35029,2,2,7,5,8,2,8,3,2,9,8
35030,7,1,0,3,4,6,1,5,7,3,4
35031,6,5,2,7,1,5,9,2,3,2,9
35032,8,2,5,5,9,9,8,4,6,9,2
35033,4,5,8,9,3,4,3,3,8,7,3
35034,2,3,4,6,8,2,6,3,9,5,6
35035,6,5,2,7,1,5,9,2,3,2,9
35036,2,3,4,6,8,2,6,8,9,5,6
35037,4,5,8,9,3,4,3,3,8,7,3
35038,2,3,4,6,8,2,6,8,9,5,6
35039,3,0,1,4,5,3,2,6,1,1,1
35040,2,3,4,6,8,2,6,3,9,5,6
35041,2,3,4,6,8,2,6,3,9,5,6
35042,7,1,0,3,4,6,1,5,7,3,4
35043,2,3,4,6,8,2,6,8,9,5,6
35044,5,6,1,8,6,6,7,8,0,4,7
35045,7,1,0,3,4,6,1,5,7,3,4
35046,7,3,4,6,4,6,6,8,9,3,6
35047,4,5,8,9,3,4,3,0,8,7,3
35048,1,7,6,2,0,8,0,9,5,6,5
35049,7,1,0,3,4,6,1,5,7,3,4
35050,3,0,1,4,5,3,2,6,1,1,1
35051,5,8,3,1,6,0,7,2,3,4,7
35052,1,7,6,2,0,8,0,9,5,6,5
35053,8,2,5,5,9,9,8,4,6,9,8
35054,0,4,3,0,2,0,4,1,4,8,0
35055,4,5,8,9,3,4,3,3,8,7,3
35056,3,6,1,8,5,3,2,6,0,1,1
35057,9,9,9,2,7,1,5,3,2,0,5
35058,1,7,6,3,0,8,0,9,5,6,4
35059,8,2,7,5,9,7,8,4,6,9,8
35060,2,0,4,4,8,2,6,3,1,5,1
35061,2,3,4,6,8,2,6,8,9,5,6
35062,7,1,0,3,4,6,1,5,7,3,4
35063,3,0,1,4,5,3,2,3,1,1,1
35064,4,0,8,4,3,4,3,0,8,7,3
35065,8,2,7,5,9,7,8,4,6,9,8
35066,7,1,0,3,4,6,1,5,7,3,4
35067,3,0,1,4,5,3,2,6,1,1,1
35068,0,4,6,0,2,8,4,9,5,8,0
35069,9,9,9,2,7,1,5,7,2,0,5
35070,5,8,3,1,6,0,7,1,4,4,7
35071,6,5,2,7,1,5,9,2,3,2,9
35072,7,1,0,3,4,6,1,8,7,3,4
35073,2,3,4,6,8,2,6,3,9,5,6
35074,3,6,1,8,5,3,2,6,0,1,1
35075,8,2,7,5,9,7,8,4,6,9,8
35076,9,9,6,2,7,8,5,9,2,0,5
35077,2,3,4,6,8,2,6,3,9,5,6
35078,0,4,7,0,2,7,4,1,4,8,0
35079,4,5,8,9,3,4,3,3,8,7,3
35080,0,4,7,0,2,7,4,4,6,8,0
35081,8,2,5,5,9,9,8,4,6,9,2
35082,2,3,4,6,8,2,6,8,9,5,6
35083,2,3,4,6,8,2,6,8,9,5,6
35084,5,8,3,1,6,0,7,1,4,4,7
35085,8,2,7,5,9,7,8,4,6,9,8
35086,7,1,0,3,4,6,1,5,7,3,4
35087,3,0,1,4,5,3,2,6,1,1,1
35088,7,1,0,3,4,6,1,5,7,3,4
35089,9,9,9,2,7,1,5,7,2,0,5
35090,7,3,0,6,4,6,1,8,9,3,6
35091,6,5,2,7,1,5,9,2,3,2,9
35092,6,5,2,7,1,5,9,2,3,2,9
35093,2,3,4,6,8,2,6,8,9,5,6
35094,1,7,6,2,0,8,0,9,5,6,5
35095,8,2,7,5,9,7,8,4,6,9,8
35096,2,3,4,6,8,2,6,3,9,5,6
35097,2,0,4,4,8,2,6,3,1,5,6
35098,0,4,7,0,2,7,4,1,4,8,0
35099,4,5,8,9,3,4,3,3,8,7,3
35100,7,1,0,3,4,6,1,9,5,3,4
35101,8,2,5,5,9,9,8,4,6,9,8
35102,8,2,9,5,9,1,8,7,2,9,8
35103,2,3,7,6,8,7,6,8,9,5,8
35104,9,5,9,2,7,1,5,7,2,0,5
35105,9,9,9,2,7,1,5,7,2,0,5
35106,6,5,2,7,1,5,9,2,3,2,9
35107,3,0,1,4,5,3,2,3,1,1,1
35108,1,7,6,2,0,8,0,9,5,6,5
35109,9,9,9,2,7,1,5,7,2,0,5
35110,1,7,6,2,0,8,0,9,5,6,5
35111,6,5,2,7,1,5,9,2,3,2,9
35112,6,9,2,7,1,5,9,2,3,2,9
35113,2,3,4,6,8,2,6,8,9,5,6
35114,0,4,4,0,2,2,4,8,9,8,0
35115,8,2,7,5,9,7,8,3,6,9,8
35116,1,7,6,2,0,8,0,9,5,6,5
35117,9,9,9,2,7,1,5,3,2,0,8
35118,0,4,3,0,2,0,4,1,4,8,0
35119,4,5,8,9,3,4,3,3,8,7,3
35120,7,1,0,3,4,6,1,5,7,3,4
35121,8,2,5,5,9,9,8,4,6,9,8
35122,7,1,0,3,4,6,1,5,7,3,4
35123,2,3,4,6,8,2,6,8,9,5,6
35124,1,7,6,2,0,8,0,9,5,6,5
35125,8,2,7,5,9,7,8,4,6,9,8
35126,0,4,7,0,2,7,4,4,6,8,0
35127,0,4,7,0,2,7,4,4,6,8,0
35128,3,0,1,4,5,3,2,6,1,1,1
35129,2,3,4,6,8,2,6,8,9,5,6
35130,8,2,5,5,9,9,8,4,6,9,2
35131,9,7,6,2,7,8,5,3,2,0,5
35132,7,1,0,3,4,6,1,5,7,3,4
35133,2,0,4,4,8,2,6,3,1,5,6
35134,6,5,2,7,1,5,9,2,3,2,9
35135,8,4,7,5,9,7,8,4,6,9,0
35136,5,8,3,1,6,0,7,1,4,4,7
35137,6,5,2,7,1,5,9,2,3,2,9
35138,1,5,6,2,0,8,0,9,5,6,5
35139,2,1,4,3,8,2,6,5,7,5,6
35140,4,5,8,9,3,4,3,0,8,7,3
35141,8,2,7,5,9,7,8,4,6,9,8
35142,5,8,3,1,6,0,7,1,4,4,0
35143,2,1,4,3,8,2,6,5,7,5,6
35144,5,8,3,1,6,0,7,1,4,4,7
35145,2,3,4,6,8,2,6,8,9,5,6
35146,4,5,8,9,3,4,3,3,8,7,3
35147,4,5,8,9,3,4,3,3,8,7,3
35148,3,6,1,4,5,3,2,6,1,1,1
35149,9,9,9,2,7,1,5,7,2,0,5
35150,0,4,5,0,2,9,4,4,6,8,2
35151,2,0,4,4,8,2,6,3,1,5,6
35152,5,2,7,5,9,7,7,4,6,9,7
35153,6,5,2,7,1,5,9,2,3,2,9
35154,4,5,8,9,3,4,3,0,8,7,3
35155,2,3,4,6,8,2,6,8,9,5,6
35156,0,3,0,6,4,6,4,8,9,3,0
35157,3,0,1,4,5,3,2,3,1,1,1
35158,5,5,8,1,6,4,7,0,8,4,7
35159,9,9,9,2,7,1,5,7,2,0,5
35160,1,7,6,2,0,8,0,9,5,6,5
35161,5,8,3,1,6,0,7,1,4,4,0
35162,7,1,0,3,4,6,1,5,7,3,4
35163,9,9,9,2,7,1,5,7,2,0,5
35164,7,1,0,3,4,6,1,5,7,3,4
35165,2,1,4,3,8,2,6,5,7,5,6
35166,0,4,3,0,2,0,4,1,4,8,0
35167,6,5,2,7,1,5,9,2,3,2,9
35168,9,9,9,2,7,1,5,7,2,0,5
35169,9,9,9,2,7,1,5,3,2,0,5
35170,1,7,6,2,0,8,0,9,5,6,5
35171,2,0,4,6,8,2,6,3,9,5,6
35172,7,1,0,3,4,6,1,5,7,3,4
35173,2,3,4,6,8,2,6,3,9,5,6
35174,8,2,7,5,9,7,8,4,6,9,8
35175,3,0,1,4,5,3,2,3,1,1,1
35176,0,4,5,0,2,9,4,4,6,8,2
35177,8,2,5,5,9,9,8,4,6,9,8
35178,0,4,7,0,2,7,4,3,6,8,8
35179,8,2,7,5,9,7,8,4,6,9,8
35180,0,4,3,0,2,0,4,1,4,8,0
35181,4,5,8,9,3,4,3,3,8,7,3
35182,5,8,3,1,6,0,7,1,4,4,0
35183,8,2,7,5,9,7,8,4,6,9,8
35184,5,5,8,1,6,4,7,0,8,4,7
35185,3,0,1,4,5,3,2,3,1,1,1
35186,0,4,7,0,2,7,4,4,6,8,0
35187,9,9,9,2,7,1,5,3,2,0,8
35188,0,4,3,0,2,0,4,1,4,8,0
35189,8,2,7,5,9,7,8,4,6,9,8
35190,1,7,6,2,0,8,0,9,5,6,4
35191,8,2,7,5,9,7,8,4,6,9,8
35192,2,0,4,4,8,2,6,3,1,5,6
35193,2,3,7,6,8,7,6,8,9,5,6
35194,0,4,7,0,2,7,4,4,6,8,0
35195,7,1,0,3,4,6,1,5,7,3,4
35196,8,2,6,5,9,8,8,4,6,9,5
35197,9,9,9,2,7,1,5,7,2,0,5
35198,5,8,3,2,6,0,7,1,4,4,7
35199,8,2,5,5,9,9,8,4,6,9,8
35200,4,5,8,9,3,4,3,0,8,7,3
35201,8,2,7,5,9,7,8,4,6,9,8
35202,7,1,0,3,4,6,1,5,7,3,4
35203,8,2,5,5,9,9,8,4,6,9,8
35204,4,5,8,9,3,4,3,0,8,7,3
35205,9,9,9,2,7,1,5,7,2,0,5
35206,2,3,4,6,8,2,6,3,9,5,6
35207,2,3,4,6,8,2,6,3,9,5,6
35208,7,1,0,3,4,6,1,5,7,3,4
35209,3,0,1,4,5,3,2,3,1,1,1
35210,4,5,8,9,3,4,3,0,8,7,3
35211,4,5,8,9,3,4,3,3,8,7,3
35212,1,7,6,2,0,8,0,9,5,6,5
35213,9,9,9,2,7,1,5,3,2,0,5
35214,7,1,0,3,4,6,1,5,7,3,4
35215,6,5,2,7,1,5,9,2,3,2,9
35216,6,5,2,7,1,5,9,2,3,2,9
35217,3,0,1,4,5,3,2,3,1,1,1
35218,0,4,3,0,2,0,4,1,4,8,0
35219,4,5,8,9,3,4,3,3,8,7,3
35220,6,5,2,7,1,5,9,2,3,2,9
35221,7,1,0,3,4,6,1,5,7,3,6
35222,4,5,8,9,3,4,3,0,8,7,3
35223,9,9,9,5,7,1,5,7,2,0,8
35224,0,4,7,2,2,7,4,3,6,8,5
35225,8,2,7,5,9,7,8,4,6,9,8
35226,1,7,6,0,0,8,0,9,5,6,0
35227,8,2,7,5,9,7,8,4,6,9,8
35228,7,1,0,3,4,6,1,5,7,3,4
35229,8,2,7,5,9,7,8,4,6,9,8
35230,7,1,0,3,4,6,1,5,7,3,4
35231,2,1,4,3,8,2,6,5,7,5,6
35232,5,8,3,1,6,0,7,1,4,4,7
35233,8,2,7,5,9,7,8,4,6,9,8
35234,4,5,8,9,3,4,3,0,8,7,3
35235,6,5,2,7,1,5,9,2,3,2,9
35236,1,1,6,2,0,8,0,9,5,6,5
35237,2,3,4,6,8,2,6,8,9,5,6
35238,4,5,8,9,3,4,3,3,8,7,3
35239,8,2,7,5,9,7,8,4,6,9,8
35240,6,5,2,7,1,5,9,2,3,2,9
35241,4,5,8,9,3,4,3,3,8,7,3
35242,2,3,4,6,8,2,6,8,9,5,6
35243,3,0,1,4,5,3,2,3,1,1,1
35244,1,7,6,2,0,8,0,9,5,6,5
35245,8,2,7,5,9,7,8,4,6,9,8
35246,2,3,4,6,8,2,6,8,9,5,6
35247,2,9,4,2,8,2,6,3,2,5,8
35248,7,1,0,3,4,6,1,5,7,3,4
35249,2,3,4,6,8,2,6,3,9,5,6
35250,6,5,2,7,1,5,9,2,3,2,9
35251,2,3,4,6,8,2,6,3,9,5,6
35252,1,7,6,2,0,8,0,9,5,6,5
35253,2,3,4,6,8,2,6,8,9,5,6
35254,5,8,3,1,6,0,7,1,4,4,7
35255,8,2,5,5,9,9,8,4,6,9,8
35256,5,8,3,1,6,0,7,1,4,4,7
35257,9,9,9,2,7,1,5,7,2,0,5
35258,0,4,3,0,2,0,4,1,4,8,0
35259,8,2,7,5,9,7,8,4,6,9,8
35260,9,9,9,2,7,1,5,7,2,0,5
35261,2,0,4,4,8,2,6,3,1,5,6
35262,3,0,1,4,5,3,2,6,1,1,1
35263,8,2,7,5,9,7,8,4,6,9,8
35264,7,3,0,6,4,6,1,8,9,3,4
35265,2,3,4,6,8,2,6,8,9,5,6
35266,1,7,6,2,0,8,0,9,5,6,5
35267,2,0,4,4,8,2,6,3,1,5,6
35268,2,3,4,6,8,2,6,8,9,5,6
35269,6,5,2,7,1,5,9,2,3,2,9
35270,1,7,6,2,0,8,0,9,5,6,5
35271,7,1,0,3,4,6,1,5,7,3,0
35272,7,1,0,3,4,6,1,5,7,3,4
35273,8,2,7,5,9,7,8,4,6,9,8
35274,7,1,0,3,4,6,1,5,7,3,4
35275,6,0,2,4,1,5,9,3,1,2,9
35276,9,9,9,2,7,1,5,7,2,0,5
35277,8,2,5,5,9,9,8,4,6,9,8
35278,1,7,6,2,0,8,0,9,5,6,5
35279,6,5,2,7,1,5,9,2,3,2,9
35280,4,5,8,9,3,4,3,0,8,7,3
35281,9,9,9,2,7,1,5,7,2,0,5
35282,3,6,1,8,5,3,2,6,0,1,1
35283,8,2,7,5,9,7,8,4,6,9,8
35284,5,5,8,9,3,4,3,0,8,7,7
35285,9,9,9,2,7,1,5,7,2,0,5
35286,1,7,6,2,0,8,0,9,5,6,5
35287,2,5,2,2,8,2,6,3,2,5,8
35288,6,3,2,7,1,5,9,2,3,2,9
35289,9,9,9,2,7,1,5,7,2,0,5
35290,6,3,2,7,1,5,9,2,3,2,9
35291,8,2,5,5,9,9,8,4,6,9,8
35292,0,4,3,0,2,0,4,1,4,8,0
35293,8,2,7,5,9,7,8,4,6,9,8
35294,3,0,1,4,5,3,2,6,1,1,1
35295,2,3,4,6,8,2,6,8,9,5,6
35296,5,8,3,1,6,0,7,1,4,4,7
35297,4,5,8,9,3,4,3,3,2,7,3
35298,6,5,2,7,1,5,9,2,3,2,9
35299,9,9,9,2,7,1,5,7,2,0,5
35300,2,3,4,6,8,2,6,8,9,5,6
35301,6,5,2,7,1,5,9,2,3,2,9
35302,5,6,0,8,6,6,7,5,0,4,7
35303,9,9,9,2,7,1,5,7,2,0,5
35304,5,8,3,1,6,0,7,1,4,4,7
35305,4,5,8,9,3,4,3,3,8,7,3
35306,0,4,3,0,2,0,4,1,4,8,2
35307,2,3,4,6,8,2,6,8,9,5,6
35308,7,1,0,3,4,6,1,5,7,3,4
35309,2,3,4,6,8,2,6,8,9,5,6
35310,2,3,4,6,8,2,6,8,9,5,6
35311,3,0,1,4,5,3,2,6,1,1,1
35312,5,8,3,1,6,0,7,1,4,4,7
35313,9,9,9,2,7,1,5,7,2,0,5
35314,5,8,3,1,6,0,7,1,4,4,7
35315,6,5,2,7,1,5,9,2,3,2,9
35316,8,2,7,5,9,7,8,4,6,9,8
35317,7,3,4,6,4,6,1,8,9,3,6
35318,9,9,9,2,7,1,5,3,2,0,5
35319,5,8,7,1,6,7,7,4,6,4,7
35320,3,0,1,4,5,3,2,6,1,1,1
35321,8,2,5,5,9,9,8,4,6,9,8
35322,4,5,8,9,3,4,3,0,8,7,3
35323,2,3,4,6,8,2,6,8,9,5,6
35324,5,8,3,1,6,0,7,0,8,4,7
35325,0,4,7,0,2,7,4,4,6,8,0
35326,4,5,8,9,3,4,3,3,8,7,3
35327,3,0,1,4,5,3,2,3,1,1,1
35328,1,7,6,2,0,8,0,9,5,6,5
35329,9,9,9,2,7,1,5,7,2,0,5
35330,0,8,3,0,2,0,4,1,4,8,0
35331,6,0,2,4,1,5,9,2,1,2,9
35332,9,9,9,2,7,1,5,7,2,0,5
35333,2,3,4,6,8,2,6,8,9,5,6
35334,8,2,5,5,9,9,8,4,6,9,2
35335,8,2,7,5,9,7,8,4,6,9,8
35336,7,1,0,3,4,6,1,5,7,3,4
35337,8,2,5,5,9,9,8,4,6,9,8
35338,7,1,0,3,4,6,1,8,7,3,4
35339,2,3,4,6,8,2,6,8,9,5,6
35340,6,5,2,7,1,5,9,2,3,2,9
35341,8,2,7,5,9,7,8,4,6,9,8
35342,4,5,8,9,3,4,3,0,8,7,3
35343,3,0,1,4,5,3,2,6,1,1,1
35344,7,1,0,3,4,6,1,5,7,3,4
35345,9,9,9,2,7,1,5,7,2,0,5
35346,7,1,0,3,4,6,1,5,7,3,4
35347,6,5,2,7,1,5,9,2,3,2,9
35348,3,6,1,8,5,3,2,6,0,1,1
35349,7,0,0,3,4,6,1,5,7,3,4
35350,8,2,7,5,9,7,8,4,6,9,8
35351,8,2,5,5,9,9,8,4,6,9,8
35352,1,7,6,2,0,8,0,9,5,6,5
35353,8,2,7,5,9,7,8,4,6,9,8
35354,7,1,0,3,4,6,1,5,7,3,4
35355,8,2,7,5,9,7,8,4,6,9,8
35356,6,9,2,7,1,5,9,2,3,2,9
35357,9,9,9,2,7,1,5,7,2,0,5
35358,5,8,3,1,6,0,7,1,4,4,7
35359,9,9,9,2,7,1,5,7,2,0,5
35360,1,7,6,2,0,8,0,9,5,6,5
35361,8,2,5,5,9,9,8,4,6,9,2
35362,8,2,7,5,9,7,8,4,6,9,8
35363,9,2,7,5,9,1,5,7,2,9,8
35364,7,1,0,3,4,6,1,5,7,3,4
35365,2,3,4,6,8,2,6,8,9,5,6
35366,7,1,0,3,4,6,1,5,7,3,4
35367,9,9,9,2,7,1,5,7,2,0,5
35368,0,4,3,0,2,0,4,1,4,8,2
35369,9,9,9,2,7,1,5,3,2,0,5
35370,1,7,6,2,0,8,0,9,5,6,5
35371,8,2,5,5,9,9,8,4,6,9,8
35372,8,2,5,5,9,9,8,4,6,9,2
35373,6,5,2,7,1,5,9,2,3,2,9
35374,0,4,3,0,2,0,4,1,4,8,0
35375,2,3,4,6,8,2,6,8,9,5,6
35376,7,1,0,3,4,6,1,5,7,3,4
35377,4,5,8,9,3,4,3,0,8,7,3
35378,9,9,9,2,7,1,5,7,2,0,5
35379,6,0,2,7,1,5,9,2,3,2,9
35380,5,8,3,1,6,0,7,1,4,4,7
35381,0,4,3,0,2,0,4,8,4,8,0
35382,0,8,3,1,6,0,7,1,4,4,0
35383,2,3,4,6,8,2,6,8,9,5,6
35384,5,8,3,1,6,0,7,1,4,4,7
35385,4,5,8,9,3,4,3,3,8,7,3
35386,1,7,6,2,0,8,0,9,5,6,5
35387,8,2,7,5,9,7,8,4,6,9,8
35388,3,6,1,8,5,3,2,6,0,1,1
35389,9,9,9,2,7,1,5,7,2,0,5
35390,2,3,4,6,8,2,6,8,9,5,6
35391,9,9,9,2,7,1,5,7,2,0,8
35392,0,4,7,0,2,7,4,1,4,8,0
35393,6,5,2,7,1,5,9,2,3,2,9
35394,2,3,4,6,8,2,6,3,9,5,6
35395,9,9,9,2,7,1,5,7,2,0,5
35396,9,9,9,2,7,1,5,7,2,0,5
35397,9,9,9,2,7,1,5,7,2,0,5
35398,7,1,0,3,4,6,1,5,7,3,4
35399,9,9,9,2,7,1,5,7,2,0,5
35400,3,0,1,4,5,3,2,6,1,1,1
35401,6,5,2,7,1,5,9,2,3,2,9
35402,0,4,7,0,2,7,4,1,4,8,0
35403,6,5,2,7,1,5,9,2,3,2,9
35404,9,9,9,2,7,1,5,7,2,0,5
35405,6,5,2,7,1,5,9,2,3,2,9
35406,1,7,6,2,0,8,0,9,5,6,5
35407,2,3,4,6,8,2,6,8,9,5,6
35408,3,6,1,8,5,3,2,6,0,1,1
35409,3,0,1,4,5,3,2,6,1,1,1
35410,6,5,2,7,1,5,9,2,3,2,9
35411,4,0,8,4,3,4,3,0,1,7,3
35412,5,8,3,1,6,0,7,1,4,4,7
35413,8,2,7,5,9,7,8,4,6,9,8
35414,1,7,6,2,0,8,0,9,5,6,5
35415,2,3,4,6,8,2,6,8,9,5,6
35416,0,4,5,0,2,9,4,4,6,8,2
35417,8,2,5,5,9,9,8,4,6,9,8
35418,0,4,7,0,2,7,4,9,5,8,0
35419,4,5,8,9,3,4,3,3,8,7,3
35420,0,4,6,0,2,8,4,9,5,8,0
35421,8,2,7,5,9,7,8,4,6,9,8
35422,7,1,0,3,4,6,1,5,7,3,4
35423,3,0,1,4,5,3,2,6,1,1,1
35424,5,8,3,1,6,0,7,1,0,4,7
35425,8,2,7,5,9,7,8,4,6,9,0
35426,5,5,8,9,3,4,7,0,8,7,7
35427,9,9,9,2,7,1,5,7,2,0,5
35428,7,1,0,3,4,6,1,5,7,3,5
35429,9,2,9,5,7,1,5,3,2,0,8
35430,9,9,9,2,7,1,5,7,2,0,5
35431,3,0,1,4,5,3,2,6,1,1,1
35432,3,6,1,8,5,3,2,6,0,1,1
35433,4,5,8,9,3,4,3,3,8,7,3
35434,7,1,0,3,4,6,1,5,7,3,4
35435,9,9,9,2,7,1,5,7,2,0,5
35436,1,7,6,2,0,8,0,9,5,6,5
35437,6,5,2,7,1,5,9,2,3,2,9
35438,7,1,0,3,4,6,1,5,7,3,4
35439,4,5,8,9,3,4,3,0,8,7,3
35440,8,2,7,5,9,7,8,4,6,9,8
35441,8,2,7,5,9,7,8,4,6,9,8
35442,5,8,3,1,6,0,7,1,4,4,7
35443,6,5,2,7,1,5,9,2,3,2,9
35444,0,4,7,0,2,7,4,4,6,8,0
35445,6,5,2,7,1,5,9,2,3,2,9
35446,1,7,6,2,0,8,0,9,5,6,5
35447,2,3,4,6,8,2,6,8,9,5,6
35448,1,7,6,2,0,8,0,9,5,6,5
35449,3,0,1,4,5,3,2,6,1,1,1
35450,5,8,3,1,6,0,7,1,4,4,7
35451,8,2,5,5,9,9,8,4,6,9,8
35452,5,5,8,9,3,4,7,0,8,7,7
35453,6,0,2,4,1,5,9,3,1,2,1
35454,6,5,2,7,1,5,9,2,3,2,9
35455,8,2,7,5,9,7,8,4,6,9,8
35456,7,1,0,3,4,6,1,5,7,3,4
35457,6,5,2,7,1,5,9,2,3,2,9
35458,7,1,0,3,4,6,1,5,7,3,4
35459,2,3,4,6,8,2,6,8,9,5,6
35460,7,1,0,3,4,6,1,8,3,3,4
35461,2,5,7,5,9,7,8,3,9,9,8
35462,7,1,0,3,4,6,1,5,7,3,4
35463,3,0,1,4,5,3,2,3,1,1,1
35464,7,1,0,3,4,6,1,5,7,3,4
35465,3,0,1,4,5,3,2,6,1,1,1
35466,7,1,0,3,4,6,1,5,7,3,4
35467,2,3,4,6,8,2,6,8,9,5,6
35468,5,8,3,1,6,0,7,0,4,4,7
35469,8,2,5,5,9,9,8,4,6,9,8
35470,1,7,6,6,0,8,0,3,5,6,6
35471,2,3,4,6,8,2,6,8,9,5,6
35472,5,8,3,1,6,0,7,1,4,4,7
35473,3,0,1,4,5,3,2,6,1,1,1
35474,0,4,3,0,2,0,4,1,4,8,0
35475,8,2,7,5,9,7,8,4,6,9,8
35476,8,2,5,5,9,9,8,4,6,9,2
35477,2,3,4,6,8,2,6,8,9,5,6
35478,6,5,2,7,1,5,9,2,3,2,9
35479,8,2,7,5,9,7,8,4,6,9,8
35480,1,7,6,2,0,8,0,9,5,6,5
35481,2,0,4,4,8,2,6,3,1,5,8
35482,4,5,8,9,3,4,3,3,8,7,3
35483,6,5,2,7,1,5,9,2,3,2,9
35484,2,3,4,6,8,2,6,8,9,5,6
35485,3,0,1,4,5,3,2,6,1,1,1
35486,7,1,0,3,4,6,1,5,7,3,4
35487,9,9,9,2,7,1,5,7,2,0,5
35488,3,0,1,4,5,3,2,6,1,1,1
35489,6,5,2,7,1,5,9,2,3,2,9
35490,0,4,7,0,2,7,4,1,4,8,0
35491,2,1,4,3,8,2,6,5,7,5,6
35492,6,5,2,7,1,5,9,2,3,2,9
35493,5,8,7,1,6,7,7,1,4,4,7
35494,6,5,2,7,1,5,9,2,3,2,9
35495,2,4,7,6,8,7,6,4,9,5,8
35496,1,7,6,2,0,8,0,9,5,6,5
35497,4,5,8,9,3,4,3,0,8,7,3
35498,0,7,6,0,2,8,4,9,5,8,0
35499,8,2,5,5,9,9,8,4,6,9,8
35500,5,8,3,1,6,0,7,1,4,4,0
35501,2,3,4,6,8,2,6,8,9,5,6
35502,3,0,1,4,5,3,2,6,1,1,1
35503,8,2,7,5,9,7,8,4,6,9,8
35504,7,1,0,3,4,6,1,5,7,3,4
35505,3,6,1,8,5,3,2,6,0,1,1
35506,8,2,7,5,9,7,8,4,6,9,8
35507,9,9,9,2,7,1,5,7,2,0,5
35508,1,7,6,2,0,8,0,9,5,6,5
35509,6,5,2,7,1,5,9,2,3,2,9
35510,6,5,2,7,1,5,9,2,3,2,9
35511,2,0,4,4,8,2,6,3,1,5,6
35512,5,8,3,1,6,0,7,1,4,4,7
35513,8,2,7,5,9,7,8,4,6,9,8
35514,1,7,6,2,0,8,0,9,5,6,5
35515,9,9,9,2,7,1,5,3,2,0,5
35516,3,0,1,4,5,3,2,6,1,1,1
35517,4,5,8,9,3,4,3,3,8,7,3
35518,8,2,5,5,9,9,8,4,6,9,2
35519,8,2,7,5,9,7,8,4,6,9,8
35520,7,1,0,3,4,6,1,5,7,3,4
35521,2,3,4,6,8,2,6,3,9,5,8
35522,7,1,0,3,4,6,1,5,7,3,4
35523,8,2,7,5,9,7,8,4,6,9,8
35524,5,8,3,1,6,0,7,1,4,4,7
35525,3,0,1,4,5,3,2,6,1,1,1
35526,7,3,0,6,4,6,1,8,9,3,4
35527,9,9,9,2,7,1,5,7,2,0,5
35528,7,1,0,3,4,6,1,5,7,3,4
35529,6,5,2,7,1,5,9,2,3,2,9
35530,2,3,4,6,8,2,6,8,9,5,6
35531,2,3,4,6,8,2,6,8,9,5,6
35532,5,8,3,1,6,0,7,1,4,4,0
35533,8,2,7,5,9,7,8,4,6,9,8
35534,5,8,3,1,6,0,7,1,4,4,7
35535,9,9,9,2,7,1,5,7,2,0,5
35536,3,6,1,8,5,3,2,6,0,1,1
35537,6,5,2,7,1,5,9,3,3,2,9
35538,1,7,6,2,0,8,0,9,5,6,5
35539,8,2,5,5,9,9,8,4,6,9,8
35540,4,5,8,9,3,4,3,0,8,7,3
35541,2,3,4,6,8,2,6,8,9,5,8
35542,7,1,0,3,4,6,1,5,7,3,4
35543,8,2,5,5,9,9,8,4,6,9,8
35544,0,4,3,0,2,0,4,1,4,8,2
35545,8,2,7,5,9,7,8,4,6,9,8
35546,5,8,3,1,6,0,7,1,4,4,7
35547,2,3,4,6,8,2,6,8,9,5,6
35548,7,1,0,3,4,6,1,5,7,3,4
35549,8,2,5,5,9,9,8,4,6,9,8
35550,7,1,0,3,4,6,1,5,7,3,4
35551,8,2,7,5,9,7,8,4,6,9,8
35552,1,7,6,2,0,8,0,9,5,6,5
35553,8,2,5,5,9,9,8,4,6,9,8
35554,9,9,9,2,7,1,5,7,2,0,5
35555,8,2,5,5,9,9,8,4,6,9,8
35556,5,8,3,1,6,0,7,1,4,4,0
35557,9,9,9,2,7,1,5,7,2,0,5
35558,1,7,6,2,0,8,0,9,5,6,5
35559,2,3,4,6,8,2,6,8,9,5,6
35560,8,2,5,5,9,9,8,4,6,9,8
35561,8,2,7,6,9,7,8,8,9,9,8
35562,7,1,0,3,4,6,1,5,7,3,4
35563,2,3,4,6,8,2,6,8,9,5,6
35564,4,5,8,9,3,4,3,0,8,7,3
35565,9,9,9,2,7,1,5,7,2,0,5
35566,6,5,2,7,1,5,9,0,3,2,7
35567,9,9,9,2,7,1,5,3,2,0,5
35568,7,1,0,3,4,6,1,5,7,3,4
35569,2,3,4,6,8,2,6,8,9,5,6
35570,2,3,4,6,8,2,6,3,9,5,6
35571,6,5,2,7,1,5,9,2,3,2,9
35572,6,5,2,7,1,5,9,2,3,2,9
35573,8,2,5,5,9,9,8,4,6,9,8
35574,7,1,0,3,4,6,1,5,7,3,4
35575,4,5,8,9,3,4,3,3,8,7,3
35576,7,3,4,6,4,6,1,8,9,3,6
35577,2,3,4,6,8,2,6,8,9,5,6
35578,4,5,8,9,3,4,3,0,8,7,3
35579,4,5,8,9,3,4,3,3,8,7,3
35580,8,2,5,5,9,9,8,4,6,9,8
35581,8,2,7,5,9,7,8,4,6,9,8
35582,7,1,0,3,4,6,1,5,7,3,4
35583,8,2,7,5,9,7,8,4,6,9,8
35584,0,4,7,0,2,7,4,1,4,8,0
35585,8,2,7,5,9,7,8,4,6,9,8
35586,1,7,6,2,0,8,0,9,5,6,5
35587,9,9,9,2,7,1,5,7,2,0,5
35588,3,6,8,8,5,4,2,0,0,1,1
35589,2,3,4,6,8,2,6,8,9,5,6
35590,0,4,3,0,2,0,4,1,4,8,0
35591,2,2,4,5,8,2,6,3,9,5,8
35592,1,7,6,2,0,8,0,9,5,6,5
35593,8,2,7,5,9,7,8,4,6,9,8
35594,0,4,3,0,2,0,4,1,4,8,0
35595,9,9,9,2,7,1,5,7,2,0,5
35596,1,7,6,2,0,8,0,9,5,6,5
35597,6,0,2,7,1,5,9,2,3,2,9
35598,5,8,3,1,6,0,7,1,4,4,0
35599,6,5,2,7,1,5,9,2,3,2,9
35600,9,9,9,2,7,1,5,7,2,0,5
35601,2,5,4,9,8,2,6,3,9,5,3
35602,2,3,4,6,8,2,6,8,9,5,6
35603,8,2,7,5,9,7,8,4,6,9,8
35604,7,1,0,3,4,6,1,5,7,3,4
35605,8,2,7,5,9,7,8,4,6,9,8
35606,6,5,2,7,1,5,9,2,3,2,9
35607,4,5,8,9,3,4,3,3,8,7,3
35608,7,1,0,3,4,6,1,5,7,3,4
35609,9,9,9,2,7,1,5,7,2,0,5
35610,7,1,0,3,4,6,1,5,7,3,4
35611,9,9,9,2,7,1,5,3,2,0,8
35612,5,8,3,1,6,0,7,1,4,4,7
35613,2,3,4,6,8,2,6,3,9,5,6
35614,4,5,8,9,3,4,3,0,8,7,3
35615,8,2,5,5,9,9,8,4,6,9,8
35616,8,2,7,5,9,7,8,4,6,9,8
35617,8,2,7,5,9,7,8,4,6,9,8
35618,0,4,3,0,2,0,4,1,4,8,0
35619,8,2,7,5,9,7,8,4,6,9,8
35620,3,6,1,8,5,3,2,6,0,1,1
35621,9,9,9,2,7,1,5,7,2,0,5
35622,7,1,0,3,4,6,1,5,7,3,4
35623,8,2,7,5,9,7,8,4,6,9,8
35624,8,2,7,5,9,7,8,4,6,9,8
35625,8,2,5,5,9,9,8,4,6,9,8
35626,5,8,7,1,6,7,7,1,4,4,7
35627,4,5,8,9,3,4,3,0,8,7,3
35628,5,8,3,1,6,0,7,1,4,4,7
35629,2,3,4,6,8,2,6,8,9,5,6
35630,4,5,8,2,3,4,3,1,8,7,5
35631,2,3,4,6,8,2,6,8,9,5,6
35632,5,7,6,2,6,8,7,9,2,4,5
35633,8,2,7,5,9,7,8,4,6,9,8
35634,3,6,1,8,5,3,2,6,0,1,1
35635,8,2,7,5,9,7,8,4,6,9,8
35636,9,9,9,2,7,1,5,7,2,0,5
35637,8,2,5,5,9,9,8,4,6,9,2
35638,6,5,2,7,1,5,9,2,3,2,9
35639,3,0,1,4,5,3,2,6,1,1,1
35640,7,1,0,3,4,6,1,5,7,3,4
35641,8,2,7,5,9,7,8,4,6,9,8
35642,1,7,6,2,0,8,0,9,5,6,5
35643,2,3,4,6,8,2,6,8,9,5,6
35644,5,8,2,1,6,5,7,2,3,4,9
35645,8,2,7,5,9,7,8,4,6,9,8
35646,3,6,1,8,5,3,2,6,0,1,1
35647,8,2,7,5,9,7,8,4,6,9,8
35648,8,4,5,0,2,9,4,4,6,8,2
35649,2,3,4,6,8,2,6,8,9,5,6
35650,7,1,0,3,4,6,1,5,7,3,4
35651,3,0,1,4,5,3,2,3,1,1,1
35652,7,1,0,2,4,6,1,7,7,3,5
35653,6,5,2,7,1,5,9,2,3,2,9
35654,1,7,6,2,0,8,0,9,5,6,5
35655,3,0,1,4,5,3,2,6,1,1,1
35656,0,7,6,2,0,8,0,9,5,6,0
35657,9,9,9,2,7,1,5,7,2,0,5
35658,7,1,0,3,4,6,1,5,7,3,4
35659,3,0,1,4,5,3,2,6,1,1,1
35660,3,6,1,8,5,3,2,6,0,1,1
35661,9,9,9,2,7,1,5,7,2,0,5
35662,5,8,3,1,6,0,7,1,4,4,7
35663,3,0,1,4,5,3,2,6,1,1,1
35664,4,5,8,9,3,4,3,3,8,7,3
35665,8,2,7,5,9,7,8,4,6,9,8
35666,5,8,3,1,6,0,7,1,4,4,7
35667,3,0,1,4,5,3,2,6,1,1,1
35668,8,2,5,5,9,9,8,4,6,9,8
35669,9,9,9,2,7,1,5,7,2,0,5
35670,6,3,2,7,1,5,9,2,3,2,9
35671,3,0,1,4,5,3,2,6,1,1,1
35672,0,4,3,0,2,0,4,1,4,8,0
35673,8,2,7,5,9,7,8,4,6,9,8
35674,2,3,4,6,8,2,6,3,9,5,6
35675,8,2,5,5,9,9,8,4,6,9,8
35676,0,4,7,0,2,7,4,4,6,8,0
35677,8,2,7,5,9,7,8,4,6,9,8
35678,7,9,0,3,4,6,1,7,7,3,4
35679,6,3,2,7,1,5,9,2,3,2,9
35680,3,0,1,4,5,3,2,6,1,1,1
35681,3,0,1,4,5,3,2,6,1,1,1
35682,5,5,8,1,6,4,7,0,8,4,7
35683,4,5,8,9,3,4,3,3,8,7,3
35684,4,5,8,9,3,4,3,0,8,7,3
35685,6,5,2,7,1,5,9,2,3,2,9
35686,1,7,6,2,0,8,0,9,5,6,5
35687,6,5,2,7,1,5,9,3,3,2,9
35688,7,1,0,3,4,6,1,5,7,3,4
35689,6,5,2,7,1,5,9,2,3,2,9
35690,6,5,5,7,1,9,9,2,3,2,2
35691,6,5,2,7,1,5,9,2,3,2,9
35692,7,1,0,3,4,6,1,5,7,3,4
35693,8,2,7,5,9,7,8,4,6,9,8
35694,7,1,0,3,4,6,1,5,7,3,4
35695,8,2,5,5,9,9,8,4,6,9,8
35696,0,4,6,0,2,8,4,9,5,8,0
35697,3,6,1,8,5,3,2,6,0,1,1
35698,1,7,6,2,0,8,0,9,5,6,5
35699,1,7,6,2,0,8,0,9,5,6,5
35700,3,0,1,4,5,3,2,6,1,1,1
35701,6,5,2,7,1,5,9,2,3,2,9
35702,7,1,0,3,4,6,1,5,7,3,4
35703,7,1,0,3,4,6,1,5,7,3,4
35704,2,3,4,6,8,2,6,8,9,5,6
35705,5,8,3,1,6,0,7,1,4,4,7
35706,2,3,4,6,8,2,6,8,9,5,6
35707,2,3,4,6,8,2,6,3,9,5,6
35708,3,6,1,8,5,3,2,6,0,1,1
35709,5,5,8,1,6,4,7,0,8,4,7
35710,9,9,9,2,7,1,5,7,2,0,5
35711,0,4,5,0,2,9,4,1,4,8,2
35712,3,6,1,8,5,3,2,6,0,1,1
35713,2,3,4,6,8,2,6,8,9,5,6
35714,4,5,8,9,3,4,3,0,8,7,3
35715,0,4,3,0,2,0,4,1,4,8,0
35716,0,4,7,0,2,7,4,1,4,8,0
35717,3,0,1,4,5,3,2,6,1,1,1
35718,5,5,8,9,3,4,7,0,8,7,7
35719,1,7,6,2,0,8,0,9,5,6,5
35720,3,6,1,8,5,3,2,6,0,1,1
35721,6,5,2,7,1,5,9,2,3,2,9
35722,1,7,6,2,0,8,0,9,5,6,5
35723,7,1,0,3,4,6,1,5,7,3,4
35724,0,4,7,0,2,7,4,4,6,8,0
35725,5,8,3,1,6,0,7,1,4,4,0
35726,9,7,6,2,0,8,5,9,2,6,5
35727,7,1,0,3,4,6,1,5,7,3,4
35728,1,7,6,2,0,8,0,9,5,6,5
35729,5,5,8,1,6,4,7,0,8,4,7
35730,7,1,0,3,4,6,1,8,7,3,4
35731,5,8,3,1,6,0,7,1,4,4,7
35732,0,4,3,0,2,0,4,1,4,8,0
35733,7,1,0,3,4,6,1,5,7,3,4
35734,5,9,9,2,6,1,7,9,2,4,5
35735,0,4,3,0,2,0,4,1,4,8,0
35736,4,5,8,9,3,4,3,0,8,7,3
35737,1,7,6,2,0,8,0,9,5,6,5
35738,2,4,4,0,8,2,6,3,9,5,6
35739,3,6,1,8,5,3,2,6,0,1,1
35740,7,6,0,8,4,6,1,5,0,3,4
35741,0,8,3,1,6,0,7,1,4,4,0
35742,3,6,1,8,5,3,2,6,0,1,1
35743,2,3,4,6,8,2,6,8,9,5,6
35744,7,1,0,3,4,6,1,5,7,3,4
35745,0,4,3,0,2,0,4,1,4,8,2
35746,3,6,1,8,5,3,2,6,0,1,1
35747,2,3,4,3,8,2,6,5,9,5,6
35748,8,2,7,5,9,7,8,4,6,9,8
35749,1,7,6,2,0,8,0,9,5,6,5
35750,5,5,2,7,1,5,7,2,3,2,7
35751,7,1,0,3,4,6,1,5,7,3,4
35752,5,8,3,1,6,0,7,1,4,4,7
35753,5,5,8,9,3,4,7,0,8,7,7
35754,0,4,7,0,2,7,4,4,6,8,0
35755,5,8,3,1,6,0,7,1,4,4,0
35756,1,7,6,2,0,8,0,9,5,6,5
35757,3,6,1,8,5,3,2,6,0,1,1
35758,7,1,0,3,4,6,1,5,7,3,4
35759,5,8,3,1,6,0,7,1,4,4,0
35760,8,4,7,0,2,7,4,4,6,8,0
35761,1,7,6,2,0,8,0,9,5,6,5
35762,7,3,0,3,4,6,1,8,9,3,4
35763,5,8,3,1,6,0,7,1,4,4,7
35764,7,1,0,3,4,6,1,5,7,3,4
35765,7,1,0,3,4,6,1,5,7,3,4
35766,7,1,0,3,4,6,1,5,7,3,4
35767,7,1,0,3,4,6,1,5,7,3,4
35768,4,5,8,9,3,4,3,3,8,7,3
35769,0,4,7,0,2,7,4,1,4,8,0
35770,6,5,2,7,1,5,9,2,3,2,9
35771,0,4,3,0,2,0,4,1,4,8,0
35772,7,1,0,3,4,6,1,5,7,3,4
35773,5,8,3,1,6,0,7,1,4,4,2
35774,1,7,6,2,0,8,0,9,5,6,5
35775,7,1,0,3,4,6,1,5,7,3,4
35776,7,1,0,3,4,6,1,8,7,3,4
35777,1,7,6,2,0,8,0,9,5,6,5
35778,3,6,1,8,5,3,2,6,0,1,1
35779,6,5,2,7,1,5,9,2,3,2,9
35780,5,8,3,1,6,0,7,1,4,4,7
35781,0,4,5,0,2,9,4,1,4,8,2
35782,3,6,1,8,5,3,2,6,0,1,1
35783,2,3,4,6,8,2,6,8,9,5,6
35784,2,0,4,6,8,2,6,3,9,5,6
35785,6,5,2,7,1,5,9,2,3,2,9
35786,5,8,3,1,6,0,7,1,4,4,7
35787,2,3,4,6,8,2,6,8,9,5,6
35788,7,1,0,3,4,6,1,5,7,3,4
35789,0,4,7,0,2,7,4,1,4,8,0
35790,9,9,9,2,7,1,5,7,2,0,5
35791,6,5,2,7,1,5,9,0,3,2,7
35792,9,9,9,2,7,1,5,7,2,0,5
35793,3,0,1,4,5,3,2,6,1,1,1
35794,0,4,5,0,2,9,4,1,4,8,0
35795,4,5,8,9,3,4,3,0,8,7,3
35796,7,1,0,3,4,6,1,5,7,3,4
35797,2,2,7,6,8,7,6,3,9,5,8
35798,9,9,9,2,7,1,5,7,2,0,5
35799,2,3,4,6,8,2,6,3,9,5,6
35800,3,6,1,8,5,3,2,6,0,1,1
35801,7,1,0,3,4,6,1,5,7,3,4
35802,1,7,6,2,0,8,0,9,5,6,5
35803,7,1,0,3,4,6,1,5,7,3,4
35804,0,4,3,0,2,0,4,1,4,8,0
35805,7,1,0,3,4,6,1,5,7,3,4
35806,7,1,0,3,4,6,1,5,7,3,4
35807,0,4,7,0,2,7,4,4,6,8,0
35808,4,5,8,9,3,4,3,0,8,7,3
35809,2,3,4,6,8,2,6,8,9,5,6
35810,4,5,8,9,3,4,3,0,8,7,3
35811,9,9,9,2,7,1,5,7,2,0,5
35812,0,4,3,0,2,0,4,1,4,8,0
35813,8,2,7,5,9,7,8,4,6,9,8
35814,1,7,6,2,0,8,0,9,5,6,5
35815,3,0,1,4,5,3,2,6,1,1,1
35816,3,6,1,9,5,3,2,0,8,1,1
35817,4,5,8,9,3,4,3,0,8,7,3
35818,0,4,3,0,2,0,4,1,4,8,0
35819,9,9,9,2,7,1,5,7,2,0,5
35820,1,7,6,2,0,8,0,9,5,6,5
35821,3,0,1,4,5,3,2,3,1,1,1
35822,5,8,3,1,6,0,7,1,4,4,7
35823,3,0,1,4,5,3,2,6,1,1,1
35824,8,2,7,5,9,7,8,4,6,9,8
35825,4,5,8,9,3,4,3,0,8,7,3
35826,1,7,6,2,0,8,0,9,5,6,5
35827,6,5,2,7,1,5,9,2,3,2,9
35828,1,7,6,2,0,8,0,9,5,6,5
35829,1,7,6,2,0,8,0,9,5,6,5
35830,5,8,3,1,6,0,7,1,4,4,0
35831,1,7,6,2,0,8,0,9,5,6,5
35832,6,5,2,7,1,5,9,2,3,2,9
35833,7,1,0,3,4,6,1,5,7,3,4
35834,8,2,5,5,9,9,8,4,6,9,8
35835,6,5,2,7,1,5,9,2,3,2,9
35836,5,8,3,1,6,0,7,1,4,4,7
35837,0,4,3,0,2,0,4,1,4,8,0
35838,2,3,4,6,8,2,6,5,9,5,6
35839,0,4,3,0,2,0,4,1,4,8,0
35840,0,4,3,1,2,0,4,1,4,4,0
35841,7,1,0,3,4,6,1,5,7,3,4
35842,9,9,9,2,7,1,5,7,2,0,5
35843,5,8,3,1,6,0,7,1,4,4,0
35844,4,7,8,9,3,4,3,3,8,7,3
35845,0,4,3,0,2,0,4,1,4,8,0
35846,4,5,8,9,3,4,3,3,8,7,3
35847,5,8,3,1,6,0,7,1,4,4,0
35848,2,3,4,6,8,2,6,8,9,5,6
35849,0,8,3,1,6,0,4,1,4,4,0
35850,1,5,6,2,0,8,0,9,5,6,5
35851,4,5,8,9,3,4,3,0,8,7,3
35852,5,8,3,1,6,0,7,1,4,4,7
35853,3,6,1,8,5,3,2,6,0,1,1
35854,0,4,3,0,2,0,4,1,4,8,0
35855,5,8,3,1,6,0,7,1,4,4,7
35856,1,7,6,2,0,8,0,9,5,6,5
35857,3,0,1,4,5,3,2,6,1,1,1
35858,7,1,0,3,4,6,1,5,7,3,4
35859,7,1,0,3,4,6,1,5,7,3,4
35860,0,4,7,0,2,7,4,4,6,8,0
35861,3,6,1,8,5,3,2,6,0,1,1
35862,1,7,6,2,0,8,0,9,5,6,5
35863,0,4,5,0,2,9,4,1,4,8,0
35864,7,1,8,9,3,4,1,0,8,7,7
35865,1,7,6,2,0,8,0,9,5,6,5
35866,0,4,7,0,2,7,4,1,4,8,0
35867,2,1,4,3,8,2,6,5,9,5,6
35868,4,5,8,9,3,4,3,0,8,7,3
35869,7,1,0,3,4,6,1,5,7,3,4
35870,7,1,0,3,4,6,1,5,7,3,4
35871,0,4,5,0,2,9,4,4,6,8,2
35872,6,9,2,7,1,5,9,2,3,2,9
35873,6,5,2,7,1,5,9,2,3,2,9
35874,7,1,3,3,4,0,1,1,4,3,4
35875,0,8,3,0,2,0,4,1,4,8,0
35876,7,1,0,3,4,6,1,5,7,3,4
35877,5,8,3,1,6,0,7,1,4,4,7
35878,5,8,3,1,6,0,7,1,4,4,7
35879,5,8,3,1,6,0,7,1,4,4,7
35880,1,7,6,2,0,8,0,9,5,6,5
35881,7,1,0,3,4,6,1,5,7,3,4
35882,4,5,8,9,3,4,3,0,8,7,3
35883,5,8,3,1,6,0,7,1,4,4,7
35884,5,8,3,1,6,0,7,1,4,4,7
35885,6,5,2,7,1,5,9,2,3,2,9
35886,1,7,6,2,0,8,0,9,5,6,5
35887,6,5,2,7,1,5,9,2,3,2,9
35888,4,5,8,9,3,4,3,0,8,7,3
35889,7,1,0,3,4,6,1,5,7,3,4
35890,7,1,0,3,4,6,1,5,7,3,4
35891,7,1,0,3,4,6,1,5,7,3,4
35892,0,8,3,0,2,0,4,1,4,8,0
35893,0,4,7,0,2,7,4,4,6,8,0
35894,0,4,7,0,2,7,4,1,4,8,0
35895,0,4,7,0,2,7,4,1,4,8,0
35896,3,6,1,8,5,3,2,6,0,1,1
35897,1,7,6,2,0,8,0,9,5,6,5
35898,7,1,0,3,4,6,1,5,7,3,4
35899,0,4,5,0,2,9,4,1,4,8,2
35900,1,7,6,2,0,8,0,9,5,6,5
35901,6,5,2,7,1,5,9,2,3,2,9
35902,6,5,2,7,1,5,9,2,3,2,9
35903,7,1,0,3,4,6,1,5,7,3,4
35904,5,2,7,1,6,7,7,1,4,4,7
35905,8,0,4,4,9,2,8,3,1,9,8
35906,7,1,0,3,4,6,1,5,7,3,4
35907,9,9,9,2,7,1,5,7,2,0,5
35908,1,7,6,2,0,8,0,9,5,6,5
35909,6,5,2,7,1,5,9,2,3,2,9
35910,4,5,8,9,3,4,3,0,8,7,3
35911,7,1,0,3,4,6,1,5,7,3,4
35912,1,7,6,2,0,8,0,9,5,6,5
35913,8,2,7,5,9,7,8,4,6,9,8
35914,1,7,6,2,0,8,0,9,5,6,5
35915,2,3,4,6,8,2,6,3,9,5,6
35916,9,9,9,2,7,1,5,7,2,0,5
35917,9,9,9,2,7,1,5,7,2,0,5
35918,4,5,8,9,3,4,3,0,8,7,3
35919,8,4,5,0,9,9,8,4,6,9,2
35920,0,4,5,0,2,9,4,1,4,8,2
35921,2,3,4,6,8,2,6,8,9,5,6
35922,7,1,0,3,4,6,1,5,7,3,4
35923,3,0,1,4,5,3,2,6,1,1,1
35924,7,1,0,3,4,6,1,5,7,3,4
35925,1,7,6,2,0,8,0,9,5,6,5
35926,5,8,3,1,6,0,7,1,4,4,7
35927,6,9,2,7,1,5,9,2,3,2,9
35928,2,3,4,6,8,2,6,8,9,5,6
35929,2,7,6,2,8,8,6,9,5,5,5
35930,6,1,2,7,1,5,9,2,3,2,9
35931,5,8,3,1,6,0,7,1,4,4,7
35932,2,3,4,6,8,2,6,8,9,5,6
35933,2,3,4,6,8,2,6,8,9,5,6
35934,3,6,1,8,5,3,2,6,0,1,1
35935,1,7,6,2,0,8,0,3,5,6,5
35936,3,6,1,8,5,3,2,6,0,1,1
35937,8,2,5,5,9,9,8,4,6,9,2
35938,0,4,5,0,2,9,4,4,6,8,2
35939,2,3,4,6,8,2,6,8,9,5,6
35940,7,1,0,3,4,6,1,1,7,3,0
35941,0,4,7,0,2,7,4,1,4,8,0
35942,1,7,6,2,0,8,0,9,5,6,5
35943,9,9,9,2,7,1,5,3,2,0,5
35944,7,1,0,3,4,6,1,5,7,3,4
35945,9,9,9,2,7,1,5,7,2,0,5
35946,5,6,1,8,6,3,7,6,0,4,7
35947,6,9,2,7,1,5,9,2,3,2,9
35948,9,9,9,2,7,1,5,3,2,0,5
35949,1,7,6,2,0,8,0,9,5,6,5
35950,2,3,4,6,8,2,6,8,9,5,6
35951,8,2,7,5,9,7,8,0,8,9,8
35952,5,8,3,1,6,0,7,1,4,4,7
35953,4,3,4,9,8,2,3,3,9,5,3
35954,7,1,0,3,4,6,1,5,7,3,4
35955,1,7,6,2,0,8,0,9,5,6,5
35956,5,8,3,1,6,0,7,1,4,4,7
35957,8,2,5,5,9,9,8,4,6,9,8
35958,7,1,0,3,4,6,1,5,7,3,4
35959,3,0,1,4,5,3,2,6,1,1,1
35960,5,8,3,1,6,0,7,1,4,4,7
35961,0,4,5,0,2,9,4,4,6,8,2
35962,6,5,2,7,1,5,9,2,3,2,9
35963,3,0,1,4,5,3,2,3,1,1,1
35964,5,8,3,1,6,0,7,1,4,4,7
35965,0,4,5,0,2,9,4,4,6,8,2
35966,0,4,7,0,2,7,4,1,4,8,0
35967,2,3,4,6,8,2,6,8,9,5,6
35968,4,5,8,9,3,4,3,0,8,7,3
35969,7,3,0,6,4,6,1,8,9,3,4
35970,1,7,6,2,0,8,0,9,5,6,5
35971,8,2,7,5,9,7,8,3,6,9,8
35972,3,6,1,8,5,3,2,6,0,1,1
35973,9,0,9,4,7,1,5,3,1,0,8
35974,7,1,0,3,4,6,1,5,7,3,4
35975,8,2,7,5,9,7,8,3,6,9,8
35976,7,1,0,3,4,6,1,5,7,3,4
35977,1,7,6,6,0,8,0,9,5,6,6
35978,0,4,5,0,2,9,4,1,4,8,2
35979,7,1,0,3,4,6,1,5,7,3,4
35980,0,4,5,0,2,9,4,1,4,8,0
35981,2,3,4,6,8,2,6,8,9,5,6
35982,3,6,1,8,5,3,2,6,0,1,1
35983,2,3,4,6,8,2,6,8,9,5,6
35984,2,3,4,6,8,2,6,5,9,5,6
35985,9,9,9,2,7,1,5,7,2,0,5
35986,7,1,0,3,4,6,1,5,7,3,4
35987,2,3,4,6,8,2,6,8,9,5,6
35988,5,5,8,1,6,4,7,0,8,4,7
35989,8,2,7,5,9,7,8,4,6,9,8
35990,1,7,6,2,0,8,0,9,5,6,5
35991,8,2,7,5,9,7,8,4,6,9,8
35992,9,9,9,2,7,1,5,7,2,0,5
35993,9,9,9,2,7,1,5,7,2,0,5
35994,3,6,1,8,5,3,2,6,0,1,1
35995,9,9,9,2,7,1,5,7,2,0,5
35996,5,8,3,1,6,0,7,1,4,4,7
35997,2,3,4,6,8,2,6,8,9,5,6
35998,0,4,5,0,2,9,4,4,6,8,2
35999,3,0,1,4,5,3,2,3,1,1,1
36000,8,2,7,5,9,7,8,4,6,9,8
36001,6,5,2,7,1,5,9,2,3,2,9
36002,1,7,6,2,0,8,0,3,5,6,5
36003,0,4,5,0,2,9,4,4,6,8,2
36004,5,8,3,1,6,0,7,1,4,4,7
36005,7,1,0,3,4,6,1,5,7,3,4
36006,6,0,2,4,1,5,9,3,1,2,9
36007,8,2,7,5,9,7,8,4,6,9,8
36008,7,1,0,3,4,6,1,5,7,3,4
36009,6,5,2,7,1,5,9,2,3,2,9
36010,7,1,0,3,4,6,1,5,7,3,4
36011,8,2,5,5,9,9,8,3,6,9,8
36012,9,9,9,2,7,1,5,7,2,0,5
36013,8,2,7,5,9,7,8,4,6,9,8
36014,4,0,8,9,3,4,3,3,8,7,3
36015,2,3,4,6,8,2,6,8,9,5,6
36016,6,5,2,7,1,5,9,2,3,2,9
36017,9,9,9,2,7,1,5,7,2,0,8
36018,7,1,0,3,4,6,1,5,7,3,4
36019,3,0,1,4,5,3,2,3,1,1,1
36020,7,1,0,3,4,6,1,8,7,3,4
36021,2,3,4,6,8,2,6,8,9,5,6
36022,3,6,1,8,5,3,2,6,0,1,1
36023,7,1,0,3,4,6,1,5,7,3,4
36024,8,4,5,0,2,9,4,4,6,8,8
36025,8,2,7,5,9,7,8,4,6,9,8
36026,7,1,0,3,4,6,1,5,7,3,4
36027,8,2,5,5,9,9,8,4,6,9,2
36028,5,8,3,1,6,0,7,1,4,4,0
36029,8,2,7,5,9,7,8,4,6,9,8
36030,1,7,6,2,0,8,0,9,5,6,5
36031,3,0,1,4,5,3,2,3,1,1,1
36032,5,1,3,2,6,0,7,1,4,4,5
36033,9,9,9,2,7,1,5,7,2,0,5
36034,2,3,4,6,8,2,6,8,9,5,0
36035,8,2,7,5,9,7,8,4,6,9,8
36036,5,6,8,8,6,4,7,0,0,4,7
36037,9,9,9,2,7,1,5,7,2,0,5
36038,4,5,8,9,3,4,3,0,8,7,3
36039,6,9,2,7,1,5,9,2,3,2,9
36040,2,0,4,4,8,2,6,6,1,5,6
36041,0,4,5,0,2,9,4,1,4,8,2
36042,1,7,6,2,0,8,0,9,5,6,5
36043,0,4,7,0,2,7,4,4,6,8,0
36044,0,4,3,0,2,0,4,1,4,8,0
36045,9,9,9,2,7,1,5,7,2,0,5
36046,1,7,6,3,0,8,0,9,5,6,4
36047,9,9,9,2,7,1,5,3,2,0,5
36048,7,1,0,3,4,6,1,5,7,3,4
36049,1,7,6,2,0,8,0,3,5,6,5
36050,5,8,3,1,6,0,7,1,4,4,7
36051,6,5,2,7,1,5,9,2,3,2,9
36052,0,4,3,0,2,0,4,1,4,8,0
36053,5,8,3,1,6,0,7,1,4,4,7
36054,2,3,4,6,8,2,6,8,9,5,6
36055,9,9,9,2,7,1,5,3,2,0,8
36056,6,5,2,7,1,5,9,2,3,2,9
36057,0,3,4,6,2,2,4,8,9,8,0
36058,0,4,7,0,2,7,4,1,4,8,0
36059,2,3,4,6,8,2,6,3,9,5,6
36060,8,2,7,5,9,7,8,4,6,9,8
36061,1,7,6,2,0,8,0,3,5,6,5
36062,0,4,7,0,2,7,4,1,4,8,0
36063,4,5,4,9,8,2,3,3,8,5,3
36064,6,9,2,7,1,5,9,2,3,2,9
36065,1,7,6,6,0,8,0,9,5,6,6
36066,7,1,0,3,4,6,1,5,7,3,4
36067,9,9,9,2,7,1,5,3,2,0,5
36068,4,5,8,9,3,4,3,0,8,7,3
36069,5,4,5,0,2,9,7,1,4,8,2
36070,4,5,8,9,3,4,3,0,8,7,3
36071,9,9,9,2,7,1,5,7,2,0,5
36072,3,6,1,8,5,3,2,6,0,1,1
36073,8,2,7,5,9,7,8,4,6,9,8
36074,5,8,3,1,6,0,7,1,4,4,7
36075,5,8,3,1,6,0,7,0,4,4,7
36076,7,1,0,3,4,6,1,5,7,3,4
36077,6,9,2,7,1,5,9,2,3,2,9
36078,7,1,0,3,4,6,1,5,7,3,4
36079,9,9,9,2,7,1,5,3,2,0,5
36080,5,8,3,1,6,0,7,1,4,4,7
36081,6,5,2,7,1,5,9,2,3,2,9
36082,7,1,0,3,4,6,1,5,7,3,4
36083,8,2,7,5,9,7,8,4,6,9,8
36084,3,6,1,8,5,3,2,6,0,1,1
36085,9,9,9,2,7,1,5,7,2,0,5
36086,2,3,4,6,8,2,6,8,9,5,6
36087,2,3,4,6,8,2,6,8,9,5,6
36088,8,2,5,5,9,9,8,4,6,9,8
36089,8,2,7,5,9,7,8,4,6,9,8
36090,3,6,1,8,5,3,2,6,0,1,1
36091,0,4,7,0,2,7,4,3,6,8,0
36092,5,8,3,1,6,0,7,1,4,4,7
36093,0,4,6,0,2,8,4,1,4,8,0
36094,1,7,6,2,0,8,0,9,5,6,5
36095,9,9,9,2,7,1,5,7,2,0,5
36096,2,3,4,6,8,2,6,8,9,5,6
36097,8,2,7,5,9,7,8,4,6,9,8
36098,1,7,6,2,0,8,0,9,5,6,5
36099,2,2,4,6,8,2,6,4,9,5,8
36100,6,5,2,7,1,5,9,2,3,2,9
36101,2,3,4,2,8,2,6,3,2,5,6
36102,5,8,3,1,6,0,7,1,4,4,7
36103,2,3,4,6,8,2,6,8,9,5,6
36104,8,2,5,5,9,9,8,4,6,9,2
36105,8,2,5,5,9,9,8,4,6,9,2
36106,1,7,6,2,0,8,0,9,5,6,5
36107,3,0,1,4,5,3,2,3,1,1,1
36108,9,9,9,2,7,1,5,7,2,0,5
36109,5,8,3,1,6,0,7,1,4,4,7
36110,1,7,6,2,0,8,0,9,5,6,5
36111,2,3,4,6,8,2,6,8,9,5,0
36112,6,5,2,7,1,5,9,2,3,2,9
36113,1,7,6,2,0,8,0,9,5,6,5
36114,2,3,4,6,8,2,6,8,9,5,6
36115,0,4,5,0,2,9,4,1,4,8,2
36116,2,0,4,4,8,2,6,3,1,5,1
36117,9,9,9,2,7,1,5,7,2,0,5
36118,0,4,6,0,2,8,4,9,5,8,0
36119,7,3,0,6,4,6,1,8,9,3,6
36120,1,7,6,2,0,8,0,9,5,6,5
36121,2,3,4,6,8,2,6,8,9,5,6
36122,5,6,1,8,6,3,7,6,0,4,7
36123,6,5,2,7,1,5,9,2,3,2,9
36124,1,7,6,2,0,8,0,9,5,6,5
36125,9,9,9,2,7,1,5,3,2,0,5
36126,5,8,3,1,6,0,7,1,4,4,7
36127,6,5,2,7,1,5,9,2,3,2,9
36128,4,5,8,9,3,4,3,2,8,7,3
36129,9,9,9,2,7,1,5,3,2,0,5
36130,7,1,0,3,4,6,1,5,7,3,4
36131,8,2,7,5,9,7,8,4,6,9,8
36132,5,8,3,1,6,0,7,1,4,4,7
36133,6,9,2,7,1,5,9,2,3,2,9
36134,0,4,5,0,2,9,4,4,6,8,2
36135,8,4,5,0,9,9,8,4,6,9,2
36136,0,4,5,0,2,9,4,4,6,8,2
36137,2,3,4,6,8,2,6,8,9,5,6
36138,3,6,1,8,5,3,2,6,0,1,1
36139,5,8,3,1,6,0,7,1,4,4,7
36140,8,2,5,5,9,9,8,4,6,9,2
36141,1,7,6,2,0,8,0,9,5,6,5
36142,6,5,2,7,1,5,9,2,3,2,9
36143,3,6,1,8,5,3,2,6,0,1,1
36144,4,5,8,9,3,4,3,0,8,7,3
36145,1,7,6,2,0,8,0,9,5,6,5
36146,3,6,1,8,5,3,2,6,0,1,1
36147,6,5,2,7,1,5,9,2,3,2,9
36148,5,8,3,1,6,0,7,1,4,4,7
36149,7,1,0,3,4,6,1,5,7,3,4
36150,0,4,3,0,2,0,4,1,4,8,0
36151,5,8,3,1,6,0,7,1,4,4,7
36152,1,7,5,2,0,9,0,4,6,6,5
36153,7,6,0,8,4,6,1,5,0,3,4
36154,7,1,0,3,4,6,1,5,7,3,4
36155,4,5,8,9,3,4,3,0,8,7,3
36156,0,4,5,0,2,9,4,4,6,8,2
36157,5,8,3,1,6,0,7,1,4,4,7
36158,1,7,6,2,0,8,0,9,5,6,5
36159,2,3,4,6,8,2,6,8,9,5,6
36160,5,8,3,1,6,0,7,1,4,4,0
36161,0,4,3,0,2,0,4,1,4,8,0
36162,8,2,7,5,9,7,8,4,6,9,8
36163,3,6,1,8,5,3,2,6,0,1,1
36164,1,7,6,2,0,8,0,9,5,6,5
36165,1,7,6,2,0,8,0,9,5,6,5
36166,4,5,8,9,3,4,3,0,8,7,3
36167,6,5,2,7,1,5,9,2,3,2,9
36168,3,6,1,8,5,3,2,6,0,1,1
36169,7,1,0,3,4,6,1,5,7,3,4
36170,6,5,2,7,1,5,9,2,3,2,9
36171,5,8,3,1,6,0,7,1,4,4,7
36172,1,7,6,2,0,8,0,9,5,6,5
36173,7,1,0,3,4,6,1,5,7,3,4
36174,4,5,8,9,3,4,3,0,8,7,3
36175,5,5,8,1,6,4,7,0,8,4,7
36176,4,5,8,9,3,4,3,0,8,7,3
36177,5,8,3,1,6,0,7,1,4,4,2
36178,8,2,5,5,9,9,8,4,6,9,2
36179,2,3,4,6,8,2,6,8,9,5,6
36180,7,1,0,3,4,6,1,5,7,3,4
36181,0,4,3,0,2,0,4,1,4,8,0
36182,2,3,4,6,8,2,6,8,9,5,6
36183,3,6,1,8,5,3,2,6,0,1,1
36184,4,5,8,9,3,4,3,0,8,7,3
36185,1,7,6,2,0,8,0,9,5,6,5
36186,5,8,3,1,6,0,7,1,4,4,7
36187,6,5,2,7,1,5,9,2,3,2,9
36188,0,4,5,0,2,9,4,1,4,8,2
36189,7,1,0,3,4,6,1,5,7,3,4
36190,5,8,3,1,6,0,7,1,4,4,7
36191,5,8,3,1,6,0,7,1,4,4,7
36192,7,1,0,3,4,6,1,5,7,3,4
36193,7,6,0,8,4,6,1,5,0,3,4
36194,5,8,3,1,6,0,7,1,4,4,7
36195,5,5,8,1,6,4,7,0,8,4,7
36196,0,4,7,0,2,7,4,4,6,8,0
36197,5,8,3,1,6,0,7,1,4,4,7
36198,3,6,1,8,5,3,2,6,0,1,1
36199,2,3,4,6,8,2,6,8,9,5,6
36200,5,8,3,1,6,0,7,1,4,4,7
36201,0,4,7,0,2,7,4,4,6,8,0
36202,4,5,8,9,3,4,3,1,8,7,3
36203,0,8,3,1,6,0,4,1,4,4,0
36204,0,4,7,0,2,7,4,4,6,8,0
36205,0,4,5,0,2,9,4,1,4,8,2
36206,7,1,0,3,4,6,1,5,7,3,4
36207,2,3,4,6,8,2,6,8,9,5,6
36208,0,4,3,0,2,0,4,1,4,8,0
36209,6,5,2,7,1,5,9,2,3,2,9
36210,7,1,0,3,4,6,1,5,7,3,4
36211,0,4,3,0,2,0,4,1,4,8,0
36212,9,9,9,2,7,1,5,7,2,0,5
36213,3,6,1,8,5,3,2,6,0,1,1
36214,2,3,4,6,8,2,6,8,9,5,6
36215,1,7,6,2,0,8,0,9,5,6,5
36216,7,1,0,3,4,6,1,5,7,3,4
36217,7,1,0,3,4,6,1,5,7,3,4
36218,0,4,7,0,2,7,4,4,6,8,0
36219,2,3,4,6,8,2,6,8,9,5,6
36220,4,5,8,9,3,4,3,0,8,7,3
36221,2,3,4,6,8,2,6,8,9,5,6
36222,5,8,3,1,6,0,7,1,4,4,0
36223,3,6,1,8,5,3,2,6,0,1,1
36224,1,7,6,2,0,8,0,9,5,6,5
36225,0,4,7,0,2,7,4,1,4,8,0
36226,8,2,7,5,9,7,8,4,6,9,0
36227,7,1,0,3,4,6,1,5,7,3,4
36228,5,8,3,1,6,0,7,1,4,4,7
36229,6,8,2,7,1,5,9,2,3,2,7
36230,0,4,5,0,2,9,4,1,4,8,2
36231,5,8,3,1,6,0,7,1,4,4,7
36232,2,3,4,6,8,2,6,3,9,5,3
36233,2,3,4,6,8,2,6,8,9,5,6
36234,0,8,3,1,2,0,4,1,4,8,0
36235,5,8,3,1,6,0,7,1,4,4,7
36236,7,1,0,3,4,6,1,5,7,3,4
36237,4,5,8,9,3,4,3,0,8,7,7
36238,5,8,3,1,6,0,7,1,4,4,7
36239,9,9,9,2,7,1,5,7,2,0,5
36240,1,7,6,2,0,8,0,9,5,6,5
36241,3,6,1,8,5,3,2,6,0,1,1
36242,7,1,0,3,4,6,1,5,7,3,4
36243,5,8,3,1,6,0,7,1,4,4,0
36244,2,3,4,6,8,2,6,8,9,5,6
36245,2,0,4,4,8,2,6,3,1,5,6
36246,0,4,3,0,2,0,4,1,4,8,0
36247,7,1,0,3,4,6,1,5,7,3,4
36248,1,7,6,3,0,8,0,9,5,6,4
36249,0,8,3,1,6,0,4,1,4,4,0
36250,7,1,0,3,4,6,1,5,7,3,4
36251,3,6,1,8,5,3,2,6,0,1,1
36252,8,2,7,5,9,7,8,4,6,9,8
36253,7,1,0,3,4,6,1,5,7,3,4
36254,5,5,8,1,6,4,7,0,8,4,7
36255,3,6,1,8,5,3,2,6,0,1,1
36256,3,6,1,8,5,3,2,6,0,1,1
36257,1,7,6,2,0,8,0,9,5,6,5
36258,8,2,5,5,9,9,8,4,6,9,2
36259,4,5,8,9,3,4,3,0,8,7,3
36260,7,1,0,3,4,6,1,5,7,3,4
36261,0,4,7,0,2,7,4,4,6,8,0
36262,7,1,0,3,4,6,1,5,7,3,4
36263,7,1,0,3,4,6,1,5,7,3,4
36264,1,7,6,2,0,8,0,9,5,6,5
36265,1,7,6,2,0,8,0,9,5,6,5
36266,6,5,2,7,1,5,9,2,3,2,9
36267,4,5,8,9,3,4,3,0,8,7,3
36268,3,6,1,8,5,3,2,6,0,1,1
36269,3,6,1,8,5,3,2,6,0,1,1
36270,2,3,4,6,8,2,6,8,9,5,0
36271,1,7,6,2,0,8,0,9,5,6,5
36272,7,1,0,3,4,6,1,5,7,3,4
36273,1,7,6,2,0,8,0,9,5,6,5
36274,4,5,8,9,3,4,3,0,8,7,3
36275,2,3,4,6,8,2,6,8,9,5,6
36276,9,9,9,2,7,1,5,7,2,0,5
36277,3,6,1,8,5,3,2,6,0,1,1
36278,4,5,8,9,3,4,3,0,8,7,3
36279,0,4,7,0,2,7,4,4,6,8,0
36280,5,8,3,1,6,0,7,1,4,4,7
36281,5,8,3,1,6,0,7,1,4,4,7
36282,1,7,6,2,0,8,0,9,5,6,5
36283,5,8,3,1,6,0,7,1,4,4,2
36284,0,4,3,0,2,0,4,1,4,8,2
36285,4,5,8,9,3,4,3,0,8,7,3
36286,0,8,3,1,6,0,7,1,4,4,0
36287,7,1,0,3,4,6,1,5,7,3,4
36288,1,7,6,2,0,8,0,9,5,6,5
36289,7,1,0,3,4,6,1,5,7,3,4
36290,3,6,1,8,5,3,2,6,0,1,1
36291,4,5,8,9,3,4,3,0,8,7,3
36292,6,5,2,7,1,5,9,2,3,2,9
36293,4,5,8,9,3,4,3,0,8,7,3
36294,4,5,8,9,3,4,3,0,8,7,3
36295,7,1,0,3,4,6,1,5,7,3,4
36296,5,8,3,1,6,0,7,1,4,4,7
36297,1,7,6,2,0,8,0,9,5,6,5
36298,7,1,0,3,4,6,1,5,7,3,4
36299,2,3,4,6,8,2,6,8,9,5,6
36300,7,1,0,3,4,6,1,5,7,3,4
36301,7,1,0,3,4,6,1,5,7,3,4
36302,8,2,5,5,9,9,8,4,6,9,8
36303,7,1,0,3,4,6,1,5,7,3,4
36304,2,0,4,4,8,2,6,6,1,5,6
36305,4,5,8,9,3,4,3,0,8,7,3
36306,0,4,3,0,2,0,4,1,4,8,0
36307,5,8,3,1,6,0,7,1,4,4,7
36308,4,5,8,9,3,4,3,3,8,7,3
36309,7,1,0,3,4,6,1,5,7,3,4
36310,4,5,8,9,3,4,3,0,8,7,3
36311,6,5,2,7,1,5,9,2,3,2,9
36312,3,6,1,8,5,3,2,6,0,1,1
36313,0,4,5,0,2,9,4,4,6,8,2
36314,8,2,7,5,9,7,8,4,6,9,8
36315,1,7,6,2,0,8,0,9,5,6,5
36316,8,2,5,5,9,9,8,4,6,9,2
36317,1,7,6,2,0,8,0,9,5,6,5
36318,3,6,1,8,5,3,2,6,0,1,1
36319,0,4,3,0,2,0,4,1,4,8,0
36320,6,3,2,7,1,5,9,2,3,2,9
36321,6,5,2,7,1,5,9,2,3,2,9
36322,5,8,3,1,6,0,7,1,4,4,7
36323,5,8,3,1,6,0,7,1,4,4,7
36324,1,7,6,2,0,8,0,9,5,6,5
36325,7,1,0,3,4,6,1,5,7,3,4
36326,6,5,2,7,1,5,9,2,3,2,9
36327,7,1,0,3,4,6,1,5,7,3,4
36328,8,2,7,5,9,7,8,4,6,9,8
36329,7,1,0,3,4,6,1,5,7,3,4
36330,7,1,0,3,4,6,1,8,9,3,4
36331,3,6,1,8,5,3,2,6,0,1,1
36332,7,1,0,3,4,6,1,5,7,3,4
36333,9,9,9,2,7,1,5,7,2,0,5
36334,8,2,5,5,9,9,8,4,6,9,2
36335,6,8,2,7,1,5,9,2,3,2,7
36336,5,8,3,1,6,0,7,1,4,4,7
36337,7,1,0,3,4,6,1,5,7,3,4
36338,9,9,9,2,7,1,5,7,2,0,5
36339,4,5,7,9,3,7,3,0,8,7,3
36340,8,2,5,5,9,9,8,4,6,9,8
36341,8,2,7,5,9,7,8,3,6,9,8
36342,8,2,7,5,9,7,8,4,6,9,8
36343,4,0,8,9,3,4,3,3,8,7,3
36344,4,5,8,9,3,4,3,0,8,7,7
36345,8,2,5,5,9,9,8,4,6,9,2
36346,5,8,3,1,6,0,7,1,4,4,7
36347,2,3,4,6,8,2,6,8,9,5,6
36348,8,2,5,5,9,9,8,4,6,9,8
36349,8,2,7,5,9,7,8,4,6,9,8
36350,0,4,7,0,2,7,4,1,4,8,0
36351,3,0,1,4,5,3,2,6,1,1,1
36352,1,7,6,2,0,8,0,9,5,6,5
36353,9,9,9,2,7,1,5,7,2,0,5
36354,7,1,0,3,4,6,1,5,7,3,4
36355,6,5,2,7,1,5,9,2,3,2,9
36356,1,7,6,2,0,8,0,9,5,6,5
36357,7,1,0,3,4,6,1,5,7,3,4
36358,4,5,8,9,3,4,3,0,8,7,3
36359,8,2,7,5,9,7,8,4,6,9,8
36360,5,8,3,1,6,0,7,1,4,4,0
36361,2,2,4,5,8,2,6,3,6,5,8
36362,3,6,1,8,5,3,2,6,0,1,1
36363,2,3,4,6,8,2,6,3,9,5,6
36364,4,5,3,9,3,0,3,1,4,7,3
36365,8,2,5,5,9,9,8,4,6,9,8
36366,2,3,4,6,8,2,6,3,9,5,6
36367,2,3,4,6,8,2,6,8,9,5,6
36368,9,9,9,2,7,1,5,7,2,0,5
36369,8,2,7,5,9,7,8,4,6,9,8
36370,1,7,6,2,0,8,0,9,5,6,5
36371,3,0,1,4,5,3,2,6,1,1,1
36372,4,5,8,9,3,4,3,0,8,7,3
36373,9,9,9,2,7,1,5,7,2,0,5
36374,7,1,0,3,4,6,1,5,7,3,4
36375,6,5,2,7,1,5,9,2,3,2,9
36376,3,6,1,8,5,3,2,6,0,1,1
36377,7,1,0,3,4,6,1,5,7,3,4
36378,8,2,7,5,9,7,8,4,6,9,8
36379,8,2,7,5,9,7,8,4,6,9,8
36380,1,7,6,2,0,8,0,9,5,6,5
36381,9,9,9,2,7,1,5,3,2,0,8
36382,1,7,6,2,0,8,0,9,5,6,5
36383,9,9,9,2,7,1,5,3,2,0,5
36384,5,8,3,1,6,0,7,1,4,4,7
36385,8,2,5,5,9,9,8,4,6,9,8
36386,9,9,9,2,7,1,5,7,2,0,5
36387,2,3,4,6,8,2,6,8,9,5,6
36388,1,7,6,2,0,8,0,9,5,6,5
36389,8,4,7,0,2,7,4,4,6,8,0
36390,4,5,8,9,3,4,3,3,8,7,3
36391,3,6,1,8,5,3,2,6,0,1,1
36392,9,9,9,5,7,1,5,7,2,0,8
36393,3,6,1,8,5,3,2,6,0,1,1
36394,0,4,3,0,2,0,4,1,4,8,0
36395,8,2,5,5,9,9,8,4,6,9,2
36396,6,9,2,7,1,5,9,2,3,2,9
36397,6,5,2,7,1,5,9,2,3,2,9
36398,0,4,3,0,2,0,4,1,4,8,0
36399,8,2,7,5,9,7,8,4,6,9,8
36400,5,8,3,1,6,0,7,1,4,4,7
36401,6,5,2,7,1,5,9,2,3,2,9
36402,0,4,7,0,2,7,4,4,6,8,0
36403,2,5,4,6,8,2,6,3,9,5,6
36404,5,8,3,1,6,0,7,1,4,4,7
36405,8,2,7,5,9,7,8,3,6,9,8
36406,7,1,0,3,4,6,1,5,7,3,4
36407,9,2,7,2,8,7,5,3,2,5,8
36408,9,9,9,2,7,1,5,7,2,0,5
36409,3,6,1,8,5,3,2,6,0,1,1
36410,1,7,6,2,0,8,0,9,5,6,5
36411,8,2,5,5,9,9,8,4,6,9,2
36412,7,1,0,3,4,6,1,5,7,3,7
36413,2,3,4,6,8,2,6,8,9,5,6
36414,3,0,1,4,5,3,2,6,1,1,1
36415,2,0,4,4,8,2,6,3,1,5,6
36416,4,7,8,9,3,4,3,3,8,7,3
36417,9,9,9,7,7,1,5,3,2,0,9
36418,0,4,3,0,2,0,4,1,4,8,0
36419,8,2,7,5,9,7,8,4,6,9,8
36420,0,8,3,0,2,0,4,1,4,8,0
36421,2,3,4,6,8,2,6,8,9,5,6
36422,1,7,6,2,0,8,0,9,5,6,5
36423,6,5,2,7,1,5,9,2,3,2,9
36424,2,3,4,6,8,2,6,3,9,5,6
36425,4,5,8,9,3,4,3,3,8,7,3
36426,1,7,6,2,0,8,0,9,5,6,5
36427,7,1,0,3,4,6,1,5,7,3,4
36428,5,8,3,1,6,0,7,1,4,4,7
36429,2,3,4,6,8,2,6,8,9,5,6
36430,8,2,5,5,9,9,8,4,6,9,2
36431,3,6,1,8,5,3,2,6,0,1,1
36432,7,1,0,3,4,6,1,5,7,3,4
36433,9,9,9,2,7,1,5,7,2,0,5
36434,1,7,6,2,0,8,0,9,5,6,5
36435,8,2,7,5,9,7,8,4,6,9,8
36436,9,9,9,2,7,1,5,7,2,0,8
36437,8,2,7,5,9,7,8,4,6,9,8
36438,5,8,3,1,6,0,7,1,4,4,7
36439,2,0,4,4,8,2,6,3,1,5,3
36440,3,6,1,8,5,3,2,6,0,1,1
36441,8,2,7,5,9,7,8,4,6,9,8
36442,1,7,6,2,0,8,0,9,5,6,5
36443,8,2,5,5,9,9,8,4,6,9,8
36444,1,7,6,2,0,8,0,3,5,6,5
36445,2,3,4,6,8,2,6,8,9,5,6
36446,6,0,2,4,1,5,9,3,1,2,9
36447,3,6,1,8,5,3,2,6,0,1,1
36448,1,7,6,2,0,8,0,9,5,6,5
36449,7,1,0,3,4,6,1,5,7,3,4
36450,5,2,8,1,6,4,7,4,6,4,7
36451,9,9,9,2,7,1,5,7,2,0,5
36452,2,0,4,6,8,2,6,8,9,5,6
36453,9,7,7,2,7,7,5,3,2,0,5
36454,7,1,0,3,4,6,1,5,7,3,4
36455,8,2,7,5,9,7,8,4,6,9,8
36456,0,8,3,1,6,0,7,1,4,4,0
36457,9,9,9,2,7,1,5,7,2,0,5
36458,7,1,0,3,4,6,1,5,7,3,4
36459,8,2,7,5,9,7,8,4,6,9,8
36460,5,5,8,1,6,4,7,1,8,4,7
36461,9,9,9,2,7,1,5,7,2,0,5
36462,6,5,2,7,1,5,9,2,3,2,9
36463,6,5,2,7,1,5,9,2,3,2,9
36464,5,8,3,1,6,0,7,1,4,4,7
36465,8,2,5,5,9,9,8,4,6,9,2
36466,5,8,3,1,6,0,7,1,4,4,7
36467,3,6,1,8,5,3,2,6,0,1,1
36468,3,6,1,8,5,3,2,6,0,1,1
36469,9,9,9,2,7,1,5,7,2,0,5
36470,7,1,0,3,4,6,1,5,7,3,4
36471,7,1,0,3,4,6,1,5,7,3,4
36472,0,4,5,0,2,9,4,1,4,8,2
36473,2,3,4,6,8,2,6,8,9,5,6
36474,5,8,3,1,6,0,7,1,4,4,7
36475,6,0,2,4,1,5,9,2,1,2,9
36476,3,6,1,8,5,3,2,6,0,1,1
36477,8,2,7,5,9,7,8,4,6,9,8
36478,7,1,0,3,4,6,1,5,7,3,4
36479,8,2,5,5,9,9,8,4,6,9,2
36480,2,3,4,6,8,2,6,8,9,5,6
36481,8,2,7,5,9,7,8,4,6,9,8
36482,7,1,0,3,4,6,1,5,7,3,4
36483,8,2,7,5,9,7,8,4,2,9,8
36484,3,6,1,8,5,3,2,6,0,1,1
36485,6,5,2,7,1,5,9,2,3,2,9
36486,2,3,4,6,8,2,6,8,9,5,6
36487,2,3,4,6,8,2,6,3,9,5,8
36488,1,7,6,2,0,8,0,9,5,6,5
36489,3,6,1,8,5,3,2,6,0,1,1
36490,1,7,6,2,0,8,0,9,5,6,5
36491,2,3,4,6,8,2,6,3,9,5,6
36492,2,3,4,6,8,2,6,8,9,5,6
36493,9,9,9,2,7,1,5,3,2,0,5
36494,8,2,7,5,9,7,8,4,6,9,8
36495,2,2,7,5,8,7,6,3,6,5,8
36496,4,5,8,9,3,4,3,0,8,7,3
36497,8,2,7,5,9,7,8,4,6,9,8
36498,8,2,2,5,9,5,8,2,3,9,8
36499,8,2,7,5,9,7,8,4,6,9,8
36500,0,4,5,0,2,9,4,4,6,8,0
36501,9,9,9,2,7,1,5,7,2,0,5
36502,5,8,3,1,6,0,7,1,4,4,7
36503,2,3,4,6,8,2,6,8,9,5,6
36504,5,5,8,9,3,4,7,0,8,7,7
36505,6,5,2,7,1,5,9,2,3,2,9
36506,3,6,1,8,5,3,2,6,0,1,1
36507,8,2,7,5,9,7,8,4,6,9,8
36508,7,1,0,3,4,6,1,5,7,3,4
36509,9,9,9,2,7,1,5,7,2,0,5
36510,0,4,7,0,2,7,4,1,4,8,0
36511,7,1,0,3,4,6,1,5,7,3,4
36512,8,2,5,5,9,9,8,4,6,9,2
36513,0,4,7,0,2,7,4,1,4,8,0
36514,7,1,0,3,4,6,1,5,7,3,4
36515,7,1,0,3,4,6,1,5,7,3,4
36516,9,2,9,2,9,1,8,3,2,9,8
36517,1,7,6,2,0,8,0,9,5,6,5
36518,0,8,3,1,6,0,7,1,4,4,0
36519,3,6,1,4,5,3,2,6,1,1,1
36520,1,7,6,2,0,8,0,9,5,6,5
36521,8,2,7,5,9,7,8,4,6,9,8
36522,6,1,2,7,1,5,9,2,3,2,9
36523,4,5,8,9,3,4,3,3,8,7,3
36524,3,0,1,4,5,3,2,3,1,1,1
36525,7,3,0,3,4,6,1,8,9,3,4
36526,0,4,3,0,2,0,4,1,4,8,0
36527,2,3,4,6,8,2,6,3,9,5,6
36528,7,1,0,3,4,6,1,5,7,3,4
36529,2,3,4,6,8,2,6,8,9,5,6
36530,0,4,5,0,2,9,4,1,4,8,0
36531,8,2,5,5,9,9,8,4,6,9,2
36532,1,7,6,2,0,8,0,9,5,6,5
36533,3,6,1,8,5,3,2,6,0,1,1
36534,1,7,5,2,0,9,0,4,6,6,5
36535,9,9,9,2,7,1,5,7,2,0,5
36536,1,7,6,2,0,8,0,9,5,6,5
36537,3,6,1,8,5,3,2,6,0,1,1
36538,0,4,7,0,2,7,4,1,4,8,0
36539,1,7,6,2,0,8,0,9,5,6,5
36540,5,8,3,1,6,0,7,1,4,4,7
36541,2,3,4,6,8,2,6,8,9,5,6
36542,7,1,0,3,4,6,1,5,7,3,4
36543,6,5,2,7,1,5,9,2,3,2,9
36544,7,1,0,3,4,6,1,5,7,3,4
36545,8,2,5,5,9,9,8,4,6,9,2
36546,8,2,5,5,9,9,8,4,6,9,8
36547,8,2,5,5,9,9,8,4,6,9,8
36548,4,5,8,9,3,4,3,3,8,7,0
36549,3,0,1,4,5,3,2,6,1,1,1
36550,5,8,3,1,6,0,7,1,4,4,7
36551,9,9,9,2,7,1,5,7,2,0,5
36552,5,8,3,1,6,0,7,1,4,4,7
36553,6,5,2,7,1,5,9,2,3,2,9
36554,8,4,5,0,2,9,4,4,6,8,2
36555,7,1,0,3,4,6,1,5,7,3,4
36556,2,3,4,6,8,2,6,8,9,5,6
36557,8,2,7,5,9,7,8,4,6,9,0
36558,9,9,9,2,7,1,5,7,2,0,5
36559,2,3,4,6,8,2,6,8,9,5,6
36560,3,6,1,8,5,3,2,6,0,1,1
36561,4,5,8,9,3,4,3,0,8,7,3
36562,7,6,0,8,4,6,1,5,0,3,4
36563,8,2,7,5,9,7,8,4,6,9,8
36564,3,6,1,8,5,3,2,6,0,1,1
36565,2,3,4,6,8,2,6,8,9,5,6
36566,1,7,6,2,0,8,0,9,5,6,5
36567,5,8,3,1,6,0,7,1,4,4,0
36568,6,5,2,7,1,5,9,2,3,2,9
36569,3,0,1,4,5,3,2,6,1,1,1
36570,4,5,8,9,3,4,3,0,8,7,3
36571,9,9,9,2,7,1,5,7,2,0,5
36572,7,1,0,3,4,6,1,5,7,3,4
36573,6,5,2,7,1,5,9,2,3,2,9
36574,4,5,8,9,3,4,3,0,8,7,3
36575,7,1,0,3,4,6,1,5,7,3,4
36576,7,1,0,3,4,6,1,5,7,3,4
36577,8,2,7,5,9,7,8,4,6,9,8
36578,5,5,8,1,6,4,7,0,8,4,7
36579,2,0,4,4,8,2,6,8,1,5,6
36580,0,4,5,0,2,9,4,4,6,8,2
36581,4,5,8,9,3,4,3,0,8,7,3
36582,7,1,0,3,4,6,1,5,7,3,4
36583,8,2,5,5,9,9,8,4,6,9,2
36584,0,4,3,0,2,0,4,1,4,8,0
36585,2,3,4,6,8,2,6,8,9,5,6
36586,3,6,1,8,5,3,2,6,0,1,1
36587,8,2,7,5,9,7,8,4,6,9,8
36588,2,3,4,6,8,2,6,8,9,5,6
36589,3,0,1,4,5,3,2,6,1,1,1
36590,4,5,8,9,3,4,3,0,8,7,3
36591,9,9,9,2,7,1,5,7,2,0,5
36592,7,1,0,3,4,6,1,5,7,3,4
36593,6,5,2,7,1,5,9,2,3,2,9
36594,1,7,6,2,0,8,0,9,5,6,5
36595,7,1,0,3,4,6,1,5,7,3,4
36596,5,8,3,1,6,0,7,1,4,4,0
36597,8,2,7,5,9,7,8,4,6,9,8
36598,7,1,0,3,4,6,1,5,7,3,4
36599,2,3,4,6,8,2,6,8,9,5,6
36600,9,9,9,2,7,1,5,7,2,0,5
36601,4,5,8,9,3,4,3,0,8,7,3
36602,7,1,0,3,4,6,1,5,7,3,4
36603,8,2,5,5,9,9,8,4,6,9,2
36604,7,1,0,3,4,6,1,5,7,3,4
36605,2,3,4,6,8,2,6,8,9,5,6
36606,0,4,3,0,2,0,4,1,4,8,0
36607,8,2,7,5,9,7,8,4,6,9,8
36608,1,7,6,2,0,8,0,9,5,6,5
36609,2,3,4,6,8,2,6,8,9,5,6
36610,2,3,4,6,8,2,6,8,9,5,6
36611,8,2,5,5,9,9,8,4,6,9,8
36612,0,4,3,0,2,0,4,1,4,8,2
36613,8,2,5,5,9,9,8,4,6,9,2
36614,5,8,3,1,6,0,7,1,4,4,7
36615,8,2,5,5,9,9,8,4,6,9,8
36616,4,7,6,9,3,8,3,3,5,7,3
36617,3,0,1,4,5,3,2,6,1,1,1
36618,1,7,6,2,0,8,0,9,5,6,5
36619,0,4,7,0,2,7,4,4,6,8,0
36620,3,6,1,8,5,3,2,6,0,1,1
36621,3,0,1,4,5,3,2,6,1,1,1
36622,7,1,0,3,4,6,1,5,7,3,4
36623,2,3,4,6,8,2,6,8,9,5,6
36624,6,5,2,7,1,5,9,2,3,2,9
36625,9,9,9,2,7,1,5,7,2,0,5
36626,1,7,6,2,0,8,0,9,5,6,5
36627,2,3,4,6,8,2,6,8,9,5,6
36628,3,6,1,8,5,3,2,6,0,1,1
36629,8,2,7,5,9,7,8,4,6,9,0
36630,5,8,3,1,6,0,7,1,4,4,0
36631,6,5,2,7,1,5,9,2,3,2,9
36632,0,4,7,0,2,7,4,4,6,8,0
36633,9,9,9,2,7,1,5,7,2,0,5
36634,0,4,7,0,2,7,4,1,4,8,0
36635,2,3,4,6,8,2,6,8,9,5,6
36636,4,5,8,9,3,4,3,0,8,7,3
36637,4,5,8,9,3,4,3,3,8,7,3
36638,9,9,9,2,7,1,5,3,2,0,5
36639,2,3,4,6,8,2,6,8,9,5,6
36640,0,4,3,0,2,0,4,1,4,8,0
36641,8,2,7,5,9,7,8,4,6,9,8
36642,5,8,3,1,6,0,7,1,4,4,7
36643,0,4,5,0,2,9,4,4,6,8,2
36644,7,1,0,3,4,6,1,5,7,3,4
36645,2,0,4,4,8,2,6,5,1,5,6
36646,7,1,0,3,4,6,1,5,7,3,4
36647,8,2,7,5,9,7,8,4,6,9,8
36648,0,4,3,0,2,0,4,1,4,8,0
36649,1,7,6,2,0,8,0,9,5,6,5
36650,1,7,6,2,0,8,0,9,5,6,5
36651,2,3,4,6,8,2,6,8,9,5,6
36652,2,3,4,6,8,2,6,8,9,5,6
36653,4,5,8,9,3,4,3,0,8,7,3
36654,8,2,5,5,9,9,8,4,6,9,8
36655,0,4,7,0,2,7,4,4,6,8,0
36656,2,3,4,6,8,2,6,8,9,5,6
36657,9,9,9,2,7,1,5,7,2,0,5
36658,7,1,0,3,4,6,1,5,7,3,4
36659,8,4,7,5,9,7,8,4,6,9,0
36660,4,5,8,9,3,4,3,0,8,7,3
36661,2,3,4,6,8,2,6,3,9,5,6
36662,6,5,2,7,1,5,9,2,3,2,9
36663,2,3,4,6,8,2,6,8,9,5,6
36664,1,7,6,2,0,8,0,9,5,6,5
36665,4,5,8,9,3,4,3,0,8,7,3
36666,8,2,7,5,9,7,8,4,6,9,8
36667,3,0,1,4,5,3,2,6,1,1,1
36668,1,7,6,2,0,8,0,9,5,6,5
36669,9,9,9,2,7,1,5,7,2,0,5
36670,5,8,3,1,6,0,7,1,4,4,0
36671,7,1,0,3,4,6,1,5,7,3,4
36672,7,1,0,3,4,6,1,5,7,3,4
36673,4,5,8,9,3,4,3,0,8,7,3
36674,8,2,7,5,9,7,8,4,6,9,8
36675,0,4,7,0,2,7,4,1,4,8,0
36676,5,8,3,1,6,0,7,1,4,4,7
36677,2,3,4,6,8,2,6,8,9,5,6
36678,5,8,3,1,6,0,7,1,4,4,0
36679,0,4,3,0,2,0,4,1,4,8,0
36680,6,5,2,7,1,5,9,2,3,2,9
36681,2,3,4,6,8,2,6,8,9,5,6
36682,1,7,6,2,0,8,0,9,5,6,5
36683,8,2,7,5,9,7,8,3,6,9,8
36684,7,1,0,3,4,6,1,5,7,3,4
36685,6,5,2,7,1,5,9,2,3,2,9
36686,4,5,8,9,3,4,3,3,8,7,3
36687,1,7,6,2,0,8,0,9,5,6,5
36688,0,4,6,0,2,8,4,9,5,8,2
36689,3,0,1,4,5,3,2,6,1,1,1
36690,0,4,3,0,2,0,4,1,4,8,0
36691,8,2,5,5,9,9,8,4,6,9,8
36692,3,0,1,4,5,3,2,3,1,1,1
36693,6,5,2,7,1,5,9,2,3,2,9
36694,6,5,2,7,1,5,9,2,3,2,9
36695,2,3,4,6,8,2,6,8,9,5,6
36696,2,3,4,6,8,2,6,8,9,5,6
36697,2,3,4,6,8,2,6,8,9,5,6
36698,4,5,8,9,3,4,3,0,8,7,3
36699,4,5,8,9,3,4,3,0,8,7,3
36700,8,2,5,5,9,9,8,4,6,9,2
36701,4,5,8,9,3,4,3,0,8,7,3
36702,5,5,8,1,6,4,7,0,8,4,7
36703,4,5,8,9,3,4,3,0,8,7,3
36704,6,8,2,7,1,5,9,2,3,2,9
36705,2,3,4,6,8,2,6,8,9,5,6
36706,0,4,7,0,2,7,4,4,6,8,0
36707,2,3,4,6,8,2,6,8,9,5,6
36708,2,3,4,6,8,2,6,8,9,5,6
36709,2,3,4,6,8,2,6,5,7,5,6
36710,2,3,4,6,8,2,6,8,9,5,6
36711,9,9,9,2,7,1,5,7,2,0,5
36712,3,6,1,8,5,3,2,6,0,1,1
36713,8,2,5,5,9,9,8,4,6,9,2
36714,2,3,4,6,8,2,6,8,9,5,3
36715,6,5,2,7,1,5,9,2,3,2,9
36716,7,1,0,3,4,6,1,5,7,3,4
36717,6,5,2,7,1,5,9,2,3,2,9
36718,6,5,2,7,1,5,9,2,3,2,9
36719,8,2,5,5,9,9,8,4,6,9,8
36720,0,4,7,0,2,7,4,1,4,8,0
36721,6,5,2,7,1,5,9,2,3,2,9
36722,7,1,0,3,4,6,1,5,7,3,4
36723,2,3,4,6,8,2,6,8,9,5,6
36724,4,5,8,9,3,4,3,0,8,7,7
36725,4,5,8,9,3,4,3,0,8,7,3
36726,5,8,3,1,6,0,7,1,4,4,0
36727,2,3,4,6,8,2,6,8,9,5,6
36728,6,9,2,7,1,5,9,2,3,2,9
36729,2,3,4,6,8,2,6,8,9,5,6
36730,8,2,7,5,9,7,8,4,6,9,8
36731,9,9,9,2,7,1,5,7,2,0,5
36732,7,1,0,3,4,6,1,5,7,3,4
36733,5,2,7,1,9,7,7,4,6,4,7
36734,3,6,1,8,5,3,2,6,0,1,1
36735,8,2,7,5,9,7,8,4,6,9,8
36736,7,1,0,3,4,6,1,5,7,3,4
36737,3,0,1,4,5,3,2,6,1,1,1
36738,1,7,6,2,0,8,0,9,5,6,5
36739,7,1,0,3,4,6,1,5,7,3,4
36740,7,1,0,3,4,6,1,5,7,3,4
36741,3,6,1,4,5,3,2,6,1,1,1
36742,0,8,3,1,6,0,4,1,4,4,0
36743,4,5,8,9,3,4,3,0,8,7,3
36744,5,8,3,1,6,0,7,1,4,4,7
36745,2,3,4,6,8,2,6,8,9,5,6
36746,4,0,8,4,3,4,3,3,1,7,3
36747,2,3,4,6,8,2,6,8,9,5,6
36748,8,2,5,5,9,9,8,4,6,9,8
36749,3,6,1,8,5,3,2,6,0,1,1
36750,0,8,3,0,2,0,4,1,4,8,0
36751,2,3,4,6,8,2,6,8,9,5,6
36752,2,2,4,6,8,2,6,3,2,5,8
36753,6,5,2,7,1,5,9,2,3,2,9
36754,7,1,0,3,4,6,1,8,7,3,4
36755,7,1,0,3,4,6,1,5,7,3,4
36756,7,1,0,3,4,6,1,5,7,3,4
36757,5,8,3,1,6,0,7,1,4,4,7
36758,0,4,6,0,2,8,4,9,5,8,0
36759,8,2,7,5,9,7,8,4,6,9,8
36760,0,4,3,0,2,0,4,1,4,8,4
36761,2,3,4,6,8,2,6,8,9,5,6
36762,0,4,5,0,2,9,4,4,6,8,2
36763,8,2,5,5,9,9,8,4,6,9,8
36764,3,0,1,4,5,3,2,6,1,1,1
36765,9,9,9,2,7,1,5,7,2,0,5
36766,4,5,8,9,3,4,3,0,8,7,7
36767,8,2,7,5,9,7,8,4,6,9,8
36768,9,9,9,2,7,1,5,7,2,0,5
36769,4,5,8,9,3,4,3,0,8,7,3
36770,7,1,0,3,4,6,1,5,7,3,4
36771,0,4,7,0,2,7,4,4,6,8,0
36772,4,5,8,9,3,4,3,3,8,7,3
36773,0,4,7,0,2,7,4,4,6,8,0
36774,1,7,6,2,0,8,0,9,5,6,5
36775,6,5,2,7,1,5,9,2,3,2,9
36776,2,3,4,6,4,2,6,8,9,5,6
36777,0,4,7,0,2,7,4,4,6,8,0
36778,1,7,6,2,0,8,0,9,5,6,5
36779,8,2,7,5,9,7,8,4,6,9,8
36780,3,6,1,8,5,3,2,6,0,1,1
36781,6,5,2,7,1,5,9,2,3,2,9
36782,0,4,3,0,2,0,4,1,4,8,0
36783,4,5,8,9,3,4,3,3,8,7,3
36784,4,5,8,9,3,4,3,3,8,7,3
36785,2,3,4,6,8,2,6,8,9,5,6
36786,9,9,9,2,7,1,5,7,2,0,5
36787,2,3,4,6,8,2,6,8,9,5,6
36788,3,6,1,8,5,3,2,6,0,1,1
36789,3,0,1,4,5,3,2,6,1,1,1
36790,8,2,7,5,9,7,8,4,6,9,8
36791,8,2,7,5,9,7,8,4,6,9,0
36792,4,5,8,9,3,4,3,3,8,7,3
36793,8,2,7,5,9,7,8,4,6,9,8
36794,9,9,9,2,7,1,5,7,2,0,5
36795,8,2,7,5,9,7,8,4,6,9,8
36796,8,2,5,5,9,9,8,4,6,9,2
36797,3,6,1,8,5,3,2,6,0,1,1
36798,4,5,8,9,3,4,3,0,8,7,3
36799,8,4,5,0,9,9,8,4,6,9,2
36800,7,1,0,3,4,6,1,5,7,3,4
36801,9,9,9,2,7,1,5,7,2,0,5
36802,7,1,0,3,4,6,1,5,7,3,4
36803,2,3,4,6,8,2,6,3,9,5,6
36804,7,1,0,3,4,6,1,5,7,3,4
36805,6,5,2,7,1,5,9,2,3,2,9
36806,5,8,3,1,6,0,7,1,4,4,7
36807,8,2,7,5,9,7,8,4,6,9,0
36808,0,4,7,0,2,7,4,4,6,8,2
36809,3,0,1,4,5,3,2,6,1,1,1
36810,5,8,3,1,6,0,7,1,4,4,7
36811,1,7,6,2,0,8,0,9,5,6,5
36812,7,1,0,3,4,6,1,5,7,3,4
36813,6,5,2,7,1,5,9,2,3,2,9
36814,1,7,6,2,0,8,0,9,5,6,5
36815,0,4,3,0,2,0,4,1,4,8,0
36816,2,3,4,6,8,2,6,8,9,5,6
36817,5,8,3,1,6,0,7,1,4,4,0
36818,1,7,6,2,0,8,0,9,5,6,5
36819,2,3,4,6,8,2,6,3,9,5,6
36820,7,1,0,3,4,6,1,5,7,3,4
36821,4,5,8,9,3,4,3,0,8,7,3
36822,9,9,9,2,7,1,5,7,2,0,5
36823,0,4,5,0,2,9,4,4,6,8,2
36824,3,6,1,8,5,3,2,6,0,1,1
36825,2,3,4,6,8,2,6,8,9,5,6
36826,4,5,8,9,3,4,3,0,8,7,3
36827,0,4,7,0,2,7,4,4,6,8,0
36828,7,1,0,3,4,6,1,5,7,3,4
36829,3,6,1,8,5,3,2,6,0,1,1
36830,5,8,3,1,6,0,7,1,4,4,7
36831,1,7,6,2,0,8,0,9,5,6,5
36832,5,8,3,1,6,0,7,1,4,4,7
36833,6,5,2,7,1,5,9,2,3,2,9
36834,7,1,3,3,4,0,1,1,4,3,0
36835,0,4,0,0,2,6,4,5,7,8,4
36836,8,2,7,5,9,7,8,4,6,9,8
36837,8,4,7,5,9,7,8,4,6,9,0
36838,4,5,8,9,3,4,3,0,8,7,3
36839,2,3,4,6,8,2,6,3,9,5,6
36840,8,2,5,5,9,9,8,4,6,9,8
36841,4,5,8,9,3,4,3,3,8,7,3
36842,3,6,1,8,5,3,2,6,0,1,1
36843,8,2,5,5,9,9,8,4,6,9,2
36844,9,9,9,7,7,1,5,7,2,0,9
36845,2,3,4,6,8,2,6,8,9,5,6
36846,6,5,2,7,1,5,9,2,3,2,9
36847,8,2,7,5,9,7,8,4,6,9,0
36848,3,6,1,8,5,3,2,6,0,1,1
36849,3,0,1,4,5,3,2,6,1,1,1
36850,2,3,4,6,8,2,6,8,9,5,6
36851,9,9,9,2,7,1,5,7,2,0,5
36852,2,3,4,6,8,2,6,8,9,5,6
36853,6,5,2,7,1,5,9,2,3,2,9
36854,7,1,0,3,4,6,1,8,7,3,4
36855,7,1,0,3,4,6,1,5,7,3,4
36856,0,4,3,0,2,0,4,1,4,8,0
36857,4,5,8,9,3,4,3,3,8,7,3
36858,6,3,2,7,1,5,9,2,3,2,9
36859,8,2,5,5,9,9,8,4,6,9,8
36860,0,8,3,1,6,0,4,1,4,4,0
36861,2,3,4,6,8,2,6,8,9,5,6
36862,0,8,3,0,6,0,4,1,4,4,0
36863,0,4,7,0,2,7,4,4,6,8,0
36864,1,7,6,2,0,8,0,9,5,6,5
36865,2,3,4,6,8,2,6,8,9,5,6
36866,5,9,3,1,6,0,7,1,4,4,7
36867,0,4,7,0,2,7,4,4,6,8,0
36868,1,7,6,2,0,8,0,9,5,6,5
36869,3,6,1,8,5,3,2,6,0,1,1
36870,7,1,0,3,4,6,1,5,7,3,4
36871,3,6,1,8,5,3,2,6,0,1,1
36872,7,1,0,3,4,6,1,5,7,3,4
36873,8,2,5,5,9,9,8,4,6,9,2
36874,2,0,4,4,8,2,6,3,1,5,6
36875,6,5,2,7,1,5,9,2,3,2,9
36876,8,2,5,5,9,9,8,4,6,9,8
36877,8,2,7,5,9,7,8,4,6,9,8
36878,7,1,0,3,4,6,1,5,7,3,4
36879,6,5,2,7,1,5,9,2,3,2,9
36880,5,8,3,1,6,0,7,1,4,4,0
36881,4,5,8,9,3,4,3,0,8,7,3
36882,3,6,1,8,5,3,2,6,0,1,1
36883,2,3,4,6,8,2,6,3,9,5,6
36884,3,6,1,8,5,3,2,6,0,1,1
36885,2,5,4,7,8,2,6,3,2,5,9
36886,0,4,3,0,2,0,4,1,4,8,0
36887,7,1,0,3,4,6,1,5,7,3,4
36888,7,1,0,3,4,6,1,5,7,3,4
36889,8,4,5,0,2,9,8,4,6,8,2
36890,4,5,8,9,3,4,3,0,8,7,3
36891,2,3,4,6,8,2,6,8,9,5,6
36892,1,7,6,0,0,8,0,9,5,6,0
36893,4,5,8,9,3,4,3,0,8,7,3
36894,2,0,4,4,8,2,6,3,1,5,6
36895,4,5,8,9,3,4,3,3,8,7,3
36896,2,3,4,6,8,2,6,8,9,5,6
36897,0,4,7,0,2,7,4,4,6,8,0
36898,1,7,6,2,0,8,0,9,5,6,5
36899,7,1,0,3,4,6,1,5,7,3,4
36900,1,7,6,2,0,8,0,3,5,6,5
36901,6,5,2,7,1,5,9,2,3,2,9
36902,8,2,5,5,9,9,8,4,6,9,8
36903,4,5,8,9,3,4,3,0,8,7,3
36904,6,3,2,7,1,5,9,2,3,2,9
36905,1,7,6,2,0,8,0,3,5,6,5
36906,8,4,5,0,2,9,4,4,6,8,2
36907,0,4,7,0,2,7,4,4,6,8,0
36908,1,5,6,9,0,8,0,9,5,6,3
36909,0,4,7,0,2,7,4,4,6,8,0
36910,4,5,8,9,3,4,3,0,8,7,3
36911,7,1,0,3,4,6,1,5,7,3,4
36912,7,1,0,3,4,6,1,5,7,3,4
36913,2,3,4,6,8,2,6,8,9,5,6
36914,6,5,2,7,1,5,9,2,3,2,9
36915,2,3,4,6,8,2,6,8,9,5,6
36916,8,2,5,5,9,9,8,4,6,9,8
36917,7,1,0,3,4,6,1,8,7,3,4
36918,2,3,4,6,8,2,6,3,9,5,6
36919,3,6,1,8,5,3,2,6,0,1,1
36920,0,4,3,0,2,0,4,1,4,8,0
36921,9,9,9,2,7,1,5,7,2,0,5
36922,0,4,7,0,2,7,4,4,6,8,0
36923,5,8,7,1,6,7,7,4,2,4,7
36924,1,7,6,2,0,8,0,9,5,6,5
36925,8,2,5,5,9,9,8,4,6,9,8
36926,5,8,3,1,6,0,7,1,4,4,7
36927,2,3,4,6,8,2,6,8,9,5,6
36928,9,9,9,2,7,1,5,7,2,0,5
36929,3,0,1,4,5,3,2,6,1,1,1
36930,0,4,7,0,2,7,4,4,6,8,0
36931,7,1,0,3,4,6,1,5,7,3,4
36932,5,8,3,1,6,0,7,1,4,4,7
36933,9,9,9,2,7,1,5,7,2,0,5
36934,0,4,6,0,2,8,4,9,5,8,0
36935,8,2,7,5,9,7,8,4,6,9,8
36936,1,7,6,0,0,8,0,9,5,6,0
36937,3,0,1,4,5,3,2,6,1,1,1
36938,5,8,3,1,6,0,7,1,4,4,7
36939,2,3,4,6,8,2,6,3,9,5,6
36940,5,8,3,1,6,0,7,1,4,4,7
36941,0,4,7,0,2,7,4,4,6,8,0
36942,7,1,0,3,4,6,1,5,7,3,4
36943,9,9,9,2,7,1,5,7,2,0,5
36944,2,3,4,6,8,2,6,8,9,5,6
36945,8,4,7,0,2,7,4,4,6,8,0
36946,7,1,0,3,4,6,1,5,7,3,4
36947,1,7,6,2,0,8,0,9,5,6,5
36948,3,0,1,4,5,3,2,6,1,1,1
36949,6,5,2,7,1,5,9,2,3,2,9
36950,6,5,2,7,1,5,9,2,3,2,9
36951,0,4,3,0,2,0,4,1,4,8,2
36952,5,8,3,1,6,0,7,1,4,4,7
36953,3,0,1,4,5,3,2,6,1,1,1
36954,8,2,5,2,9,9,8,4,6,9,5
36955,1,7,6,2,0,8,0,9,5,6,5
36956,1,7,6,2,0,8,0,9,5,6,5
36957,2,3,4,6,8,2,6,8,9,5,6
36958,6,5,2,7,1,5,9,2,3,2,9
36959,2,3,4,6,8,2,6,8,9,5,6
36960,5,8,3,1,6,0,7,1,4,4,7
36961,6,5,2,7,1,5,9,2,3,2,9
36962,8,2,7,5,9,7,8,4,6,9,8
36963,0,4,7,0,2,7,4,4,6,8,0
36964,0,4,5,0,2,9,4,4,6,8,2
36965,6,5,2,7,1,5,9,2,3,2,9
36966,4,5,8,9,3,4,3,0,8,7,3
36967,8,2,5,5,9,9,8,4,6,9,8
36968,1,7,6,2,0,8,0,9,5,6,5
36969,0,4,5,0,2,9,4,4,6,8,2
36970,5,8,3,1,6,0,7,1,4,4,7
36971,8,2,7,5,9,7,8,4,6,9,8
36972,5,8,3,1,6,0,7,1,4,4,7
36973,8,2,7,5,9,7,8,4,6,9,8
36974,7,3,0,6,4,6,1,8,9,3,4
36975,2,0,4,4,8,2,6,3,1,5,6
36976,5,8,3,1,6,0,7,1,4,4,7
36977,8,2,7,5,9,7,8,4,6,9,8
36978,7,3,4,6,4,6,6,8,9,3,6
36979,6,5,2,7,1,5,9,2,3,2,9
36980,4,5,8,9,3,4,3,0,8,7,3
36981,2,3,4,6,8,2,6,3,9,5,6
36982,6,3,2,7,1,5,9,2,3,2,9
36983,2,3,4,6,8,2,6,8,9,5,6
36984,7,1,0,3,4,6,1,5,7,3,4
36985,4,5,8,9,3,4,3,0,8,7,3
36986,7,1,0,3,4,6,1,5,7,3,4
36987,8,2,7,5,9,7,8,3,6,9,8
36988,0,4,3,0,2,0,4,1,4,8,0
36989,2,3,4,6,8,2,6,3,9,5,6
36990,7,1,0,3,4,6,1,5,7,3,4
36991,0,4,7,0,2,7,4,4,6,8,0
36992,1,7,6,2,0,8,0,9,5,6,5
36993,8,2,7,5,9,7,8,4,6,9,8
36994,2,0,4,4,8,2,6,3,1,5,8
36995,9,9,9,2,7,1,5,7,2,0,5
36996,4,5,8,9,3,4,3,0,8,7,3
36997,9,9,9,2,7,1,5,7,2,0,5
36998,7,1,0,3,4,6,1,9,5,3,4
36999,2,3,4,6,8,2,6,3,9,5,6
37000,5,8,3,1,6,0,7,1,4,4,7
37001,8,2,5,5,9,9,8,4,6,9,8
37002,5,8,3,1,6,0,7,1,4,4,7
37003,4,5,8,9,3,4,3,3,8,7,3
37004,5,8,3,1,6,0,7,1,4,4,0
37005,2,3,4,6,8,2,6,8,9,5,6
37006,2,3,4,6,8,2,6,8,9,5,6
37007,6,5,2,7,1,5,9,2,3,2,9
37008,1,7,6,2,0,8,0,9,5,6,5
37009,8,4,7,5,9,7,8,4,6,9,0
37010,5,8,3,1,6,0,7,1,4,4,7
37011,1,7,6,2,0,8,0,9,5,6,5
37012,9,9,9,2,7,1,5,7,2,0,5
37013,7,1,0,3,4,6,1,5,7,3,4
37014,1,7,6,2,0,8,0,9,5,6,5
37015,6,9,2,7,1,5,9,2,3,2,9
37016,7,1,0,3,4,6,1,5,7,3,4
37017,7,1,0,3,4,6,1,5,7,3,4
37018,4,5,8,9,3,4,3,0,8,7,3
37019,0,4,7,0,2,7,4,1,4,8,0
37020,6,5,2,7,1,5,9,2,3,2,9
37021,7,1,0,3,4,6,1,5,7,3,4
37022,7,1,0,3,4,6,1,5,7,3,4
37023,9,9,9,2,7,1,5,7,2,0,5
37024,1,7,6,2,0,8,0,9,5,6,5
37025,8,2,7,5,9,7,8,4,6,9,8
37026,1,7,6,6,0,8,0,9,5,6,6
37027,3,0,1,4,5,3,2,6,1,1,1
37028,5,5,8,9,3,4,7,0,8,7,7
37029,0,4,7,0,2,7,4,4,6,8,0
37030,1,7,6,2,0,8,0,9,5,6,5
37031,2,3,4,6,8,2,6,3,9,5,6
37032,2,3,4,6,8,2,6,8,9,5,6
37033,4,5,8,9,3,4,3,0,8,7,3
37034,8,2,7,5,9,7,8,4,6,9,8
37035,7,1,0,3,4,6,1,5,7,3,4
37036,1,7,6,2,0,8,0,9,5,6,5
37037,4,5,8,9,3,4,3,3,8,7,3
37038,9,9,6,2,7,8,5,9,5,0,5
37039,2,3,4,6,8,2,6,8,9,5,6
37040,6,5,2,7,1,5,9,2,3,2,9
37041,8,2,5,5,9,9,8,4,6,9,8
37042,7,1,0,3,4,6,1,5,7,3,4
37043,3,0,1,4,5,3,2,6,1,1,1
37044,4,5,8,9,3,4,3,0,8,7,7
37045,1,7,6,2,0,8,0,9,5,6,5
37046,0,8,3,1,6,0,7,1,4,4,0
37047,3,0,1,4,5,3,2,6,1,1,1
37048,5,8,3,1,6,0,7,1,4,4,7
37049,2,3,4,6,8,2,6,3,9,5,6
37050,3,0,1,4,5,3,2,6,1,1,1
37051,2,3,4,6,8,2,6,8,9,5,6
37052,4,0,8,9,3,4,3,3,8,7,3
37053,6,5,2,7,1,5,9,2,3,2,9
37054,7,1,0,3,4,6,1,5,7,3,4
37055,8,2,5,5,9,9,8,4,6,9,8
37056,8,2,7,5,9,7,8,3,6,9,8
37057,8,2,5,5,9,9,8,4,6,9,8
37058,1,7,6,2,0,8,0,9,5,6,5
37059,3,0,1,4,5,3,2,6,1,1,1
37060,1,7,6,2,0,8,0,9,5,6,5
37061,9,9,9,2,7,1,5,7,2,0,5
37062,9,9,9,2,7,1,5,7,2,0,8
37063,6,3,2,7,1,5,9,2,3,2,9
37064,0,8,3,1,6,0,4,1,4,4,0
37065,2,3,4,6,8,2,6,8,9,5,6
37066,8,2,7,5,9,7,8,3,2,9,8
37067,8,2,7,5,9,7,8,4,6,9,8
37068,0,4,3,0,2,0,4,1,4,8,2
37069,8,2,4,5,9,2,8,4,6,9,8
37070,7,1,0,3,4,6,1,5,7,3,4
37071,4,5,8,9,3,4,3,0,8,7,3
37072,7,1,0,3,4,6,1,5,7,3,4
37073,8,2,5,5,9,9,8,4,6,9,8
37074,5,8,3,1,6,0,7,1,4,4,7
37075,2,3,4,6,8,2,6,8,9,5,6
37076,0,4,7,0,2,7,4,4,6,8,0
37077,0,4,7,0,2,7,4,4,6,8,0
37078,7,1,0,3,4,6,1,5,7,3,4
37079,3,6,1,8,5,3,2,6,0,1,1
37080,5,8,3,1,6,0,7,0,8,4,7
37081,9,9,9,2,7,1,5,7,2,0,5
37082,7,1,0,2,4,6,1,5,7,3,5
37083,6,5,2,7,1,5,9,2,3,2,9
37084,6,5,2,7,1,5,9,2,3,2,9
37085,2,3,4,6,8,2,6,3,9,5,6
37086,7,1,0,3,4,6,1,5,7,3,4
37087,8,2,7,5,9,7,8,4,6,9,8
37088,0,4,7,0,2,7,4,1,4,8,0
37089,2,3,4,6,8,2,6,8,9,5,6
37090,9,9,9,5,7,1,5,7,2,0,8
37091,4,5,8,9,3,4,3,0,8,7,3
37092,3,6,1,8,5,3,2,6,0,1,1
37093,8,2,5,5,9,9,8,4,6,9,2
37094,9,9,9,2,7,1,5,7,2,0,8
37095,2,3,4,6,8,2,6,8,9,5,6
37096,2,3,4,6,8,2,6,8,9,5,6
37097,0,4,7,0,2,7,4,4,6,8,0
37098,0,4,3,0,2,0,4,1,4,8,2
37099,3,0,1,4,5,3,2,6,1,1,1
37100,9,9,9,2,7,1,5,7,2,0,5
37101,9,9,9,2,7,1,5,7,2,0,5
37102,1,7,6,2,0,8,0,9,5,6,5
37103,6,5,2,7,1,5,9,2,3,2,9
37104,8,2,7,5,9,7,8,4,6,9,8
37105,2,3,4,6,8,2,6,8,9,5,6
37106,7,1,0,3,4,6,1,5,7,3,4
37107,8,2,5,5,9,9,8,4,6,9,2
37108,0,4,7,0,2,7,4,1,4,8,0
37109,2,3,4,6,8,2,6,8,9,5,6
37110,1,7,6,2,0,8,0,9,5,6,5
37111,8,2,7,5,9,7,8,4,6,9,8
37112,5,8,3,1,6,0,7,1,4,4,7
37113,3,0,1,4,5,3,2,6,1,1,1
37114,9,9,7,2,7,7,5,3,2,0,8
37115,8,2,7,5,9,7,8,4,6,9,8
37116,9,9,9,2,7,1,5,7,2,0,5
37117,2,0,4,6,8,2,6,8,9,5,6
37118,1,7,6,2,0,8,0,9,5,6,5
37119,2,3,4,6,8,2,6,8,9,5,6
37120,6,5,2,2,1,5,9,2,3,2,5
37121,4,5,8,9,3,4,3,0,8,7,3
37122,1,7,6,2,0,8,0,9,5,6,5
37123,8,2,7,5,9,7,8,4,6,9,8
37124,7,1,0,3,4,6,1,5,7,3,4
37125,2,3,4,6,8,2,6,8,9,5,6
37126,0,4,7,0,2,7,4,4,6,8,0
37127,0,4,7,0,2,7,4,4,6,8,0
37128,5,8,3,1,6,0,7,1,4,4,7
37129,2,3,4,6,8,2,6,8,9,5,6
37130,2,3,4,6,8,2,6,8,9,5,6
37131,8,2,5,5,9,9,8,4,6,9,8
37132,1,7,6,2,0,8,0,9,5,6,5
37133,8,2,5,5,9,9,8,4,6,9,8
37134,7,1,0,3,4,6,1,5,7,3,4
37135,7,1,0,3,4,6,1,5,7,3,4
37136,0,8,3,0,2,0,4,1,4,8,0
37137,9,9,9,2,7,1,5,3,2,0,8
37138,1,7,6,2,0,8,0,9,5,6,5
37139,9,9,9,2,7,1,5,7,2,0,5
37140,4,5,8,9,3,4,3,0,8,7,3
37141,3,0,1,4,5,3,2,6,1,1,1
37142,4,5,8,9,3,4,3,0,8,7,3
37143,6,5,2,7,1,5,9,2,3,2,9
37144,5,8,3,1,6,0,7,1,4,4,0
37145,6,5,2,7,1,5,9,2,3,2,9
37146,0,4,5,0,2,9,4,1,4,8,2
37147,8,2,9,5,9,1,8,7,2,9,8
37148,2,3,4,6,8,2,6,8,9,5,6
37149,2,3,4,6,8,2,6,8,9,5,6
37150,0,4,3,0,2,0,4,1,4,8,0
37151,6,5,2,7,1,5,9,2,3,2,9
37152,2,3,4,6,8,2,6,8,9,5,6
37153,3,0,1,4,5,3,2,6,1,1,1
37154,1,7,6,1,0,8,0,9,5,6,0
37155,9,9,9,2,7,1,5,7,2,0,5
37156,0,4,3,0,2,0,4,1,4,8,0
37157,6,5,2,7,1,5,9,2,3,2,9
37158,3,6,1,8,5,3,2,6,0,1,1
37159,4,5,8,9,3,4,3,0,8,7,3
37160,1,7,6,2,0,8,0,9,5,6,5
37161,2,3,4,6,8,2,6,3,9,5,6
37162,8,2,7,5,9,7,8,4,6,9,8
37163,2,3,4,6,8,2,6,8,9,5,6
37164,7,1,0,3,4,6,1,5,7,3,4
37165,8,2,5,5,9,9,8,4,6,9,8
37166,7,1,0,3,4,6,1,5,7,3,4
37167,7,1,0,3,4,6,1,5,7,3,4
37168,6,2,2,7,1,5,9,2,3,2,9
37169,2,3,4,6,8,2,6,8,9,5,6
37170,0,3,7,6,2,7,4,8,9,8,0
37171,8,2,7,5,9,7,8,4,6,9,8
37172,6,5,2,7,1,5,9,2,3,2,9
37173,4,5,8,9,3,4,3,3,8,7,3
37174,7,1,0,3,4,6,1,5,7,3,4
37175,4,5,8,9,3,4,3,3,8,7,3
37176,0,4,3,0,2,0,4,1,4,8,0
37177,4,5,4,9,3,2,3,3,8,7,3
37178,1,7,6,2,0,8,0,9,5,6,5
37179,9,9,9,2,7,1,5,7,2,0,5
37180,8,2,7,5,9,7,8,4,6,9,8
37181,2,3,4,6,8,2,6,8,9,5,6
37182,1,7,6,2,0,8,0,9,5,6,5
37183,3,0,1,4,5,3,2,6,1,1,1
37184,7,1,0,3,4,6,1,5,7,3,4
37185,2,3,4,6,8,2,6,8,9,5,6
37186,4,5,8,9,3,4,3,0,8,7,3
37187,6,5,2,7,1,5,9,2,3,2,9
37188,7,1,0,3,4,6,1,5,7,3,4
37189,3,0,1,4,5,3,2,6,1,1,1
37190,1,7,6,2,0,8,0,9,5,6,5
37191,9,9,9,2,7,1,5,7,2,0,5
37192,3,6,1,8,5,3,2,6,0,1,1
37193,8,2,5,5,9,9,8,4,6,9,8
37194,2,3,4,6,8,2,6,3,9,5,6
37195,4,5,8,9,3,4,3,0,8,7,3
37196,1,7,6,2,0,8,0,9,5,6,5
37197,7,1,0,3,4,6,1,5,7,3,4
37198,2,3,4,6,8,2,6,8,9,5,6
37199,6,5,2,7,1,5,9,2,3,2,9
37200,1,7,6,2,0,8,0,9,5,6,5
37201,9,9,9,2,7,1,5,7,2,0,5
37202,9,3,9,2,7,1,5,8,9,0,5
37203,8,2,5,5,9,9,8,4,6,9,8
37204,7,1,0,3,4,6,1,5,7,3,4
37205,2,1,4,3,8,2,6,5,7,5,6
37206,8,2,7,5,9,7,8,4,6,9,8
37207,9,9,9,2,7,1,5,7,2,0,5
37208,4,5,8,9,3,4,3,0,8,7,3
37209,7,1,0,3,4,6,1,5,7,3,4
37210,6,5,8,9,3,4,9,2,8,7,9
37211,8,2,7,5,9,7,8,4,6,9,8
37212,5,8,3,1,6,0,7,1,4,4,7
37213,9,9,9,2,7,1,5,7,2,0,5
37214,1,7,6,2,0,8,0,9,5,6,5
37215,8,2,5,5,9,9,8,4,6,9,8
37216,8,2,7,5,9,7,8,4,6,9,8
37217,4,5,8,9,3,4,3,3,8,7,3
37218,4,5,8,9,3,4,3,0,8,7,3
37219,2,3,4,6,8,2,6,8,9,5,6
37220,2,3,4,6,8,2,6,3,9,5,6
37221,8,2,7,5,9,7,8,4,6,9,8
37222,4,5,8,9,3,4,3,0,8,7,3
37223,7,1,0,3,4,6,1,5,7,3,4
37224,3,0,1,4,5,3,2,3,1,1,1
37225,9,9,9,7,7,1,5,7,2,0,9
37226,5,8,3,1,6,0,7,1,4,4,7
37227,8,2,7,5,9,7,8,4,6,9,8
37228,4,5,8,9,3,4,3,0,8,7,3
37229,7,1,0,3,4,6,1,5,7,3,4
37230,1,7,6,2,0,8,0,9,5,6,5
37231,4,5,8,9,3,4,3,0,8,7,3
37232,1,7,6,2,0,8,0,9,5,6,5
37233,8,2,7,5,9,7,8,4,6,9,8
37234,6,5,2,7,1,5,9,2,3,2,9
37235,4,5,8,9,3,4,3,3,8,7,3
37236,4,5,8,9,3,4,3,0,8,7,3
37237,9,9,9,2,7,1,5,7,2,0,5
37238,4,5,8,9,3,4,3,3,8,7,3
37239,8,2,7,5,9,7,8,4,6,9,7
37240,7,1,0,3,4,6,1,5,7,3,4
37241,6,5,2,7,1,5,9,2,3,2,9
37242,0,8,3,1,6,0,7,1,4,4,0
37243,4,5,8,9,3,4,3,0,8,7,3
37244,7,1,0,3,4,6,1,5,7,3,4
37245,8,2,5,5,9,9,8,4,6,9,2
37246,4,5,8,9,3,4,3,0,8,7,3
37247,8,2,7,5,9,7,8,4,6,9,8
37248,0,4,7,0,2,7,4,1,4,8,0
37249,9,9,9,2,7,1,5,3,2,0,6
37250,7,1,0,3,4,6,1,5,7,3,4
37251,8,2,7,5,9,7,8,4,6,9,8
37252,3,0,1,4,5,3,2,6,1,1,1
37253,2,3,4,6,8,2,6,8,9,5,6
37254,4,5,8,9,3,4,3,3,8,7,3
37255,2,3,4,6,8,2,6,8,9,5,6
37256,7,6,0,8,4,6,1,5,0,3,4
37257,8,2,7,5,9,7,8,4,6,9,8
37258,6,5,2,7,1,5,9,2,3,2,9
37259,8,2,7,5,9,7,8,4,6,9,8
37260,1,7,6,2,0,8,0,9,5,6,5
37261,3,0,1,4,5,3,2,6,1,1,1
37262,5,8,3,1,6,0,7,1,4,4,7
37263,2,3,4,6,8,2,6,8,9,5,6
37264,5,8,3,1,6,0,7,1,4,4,7
37265,8,2,4,5,9,2,8,4,6,9,8
37266,7,1,0,3,4,6,1,5,7,3,4
37267,2,3,4,6,8,2,6,8,9,5,6
37268,5,8,3,1,6,0,7,1,4,4,7
37269,3,0,1,4,5,3,2,6,1,1,1
37270,5,8,3,1,6,0,7,1,4,4,7
37271,6,0,2,7,1,5,9,2,3,2,9
37272,5,8,3,1,6,0,7,1,4,4,0
37273,5,8,7,1,6,7,7,1,4,4,7
37274,6,5,2,7,1,5,9,2,3,2,9
37275,9,9,9,2,7,1,5,7,2,0,5
37276,5,8,3,1,6,0,7,1,4,4,7
37277,4,5,8,9,3,4,3,0,8,7,3
37278,7,1,0,3,4,6,1,5,7,3,4
37279,8,2,5,5,9,9,8,4,6,9,8
37280,2,3,4,2,8,2,6,8,9,5,5
37281,6,3,2,7,1,5,9,2,3,2,9
37282,4,5,8,9,3,4,3,3,8,7,3
37283,0,4,3,0,2,7,4,1,4,8,0
37284,7,1,0,3,4,6,1,5,7,3,4
37285,1,7,6,2,0,8,0,9,5,6,5
37286,1,7,6,2,0,8,0,9,5,6,5
37287,3,0,1,4,5,3,2,6,1,1,1
37288,0,4,5,0,2,9,4,1,4,8,2
37289,9,9,9,2,7,1,5,7,2,0,5
37290,1,7,6,2,0,8,0,9,5,6,5
37291,5,8,2,1,1,5,7,2,3,2,7
37292,4,5,8,8,3,4,3,0,0,7,3
37293,6,0,2,7,1,5,9,2,3,2,9
37294,0,4,7,0,2,7,4,1,4,8,0
37295,5,8,3,1,6,0,7,1,4,4,7
37296,6,5,8,7,1,4,9,0,8,2,9
37297,8,2,5,5,9,9,8,4,6,9,2
37298,8,2,5,5,9,9,8,4,6,9,2
37299,2,3,4,6,8,2,6,8,9,5,6
37300,2,3,4,6,8,2,6,8,9,5,6
37301,0,4,7,0,2,7,4,4,6,8,0
37302,5,8,3,1,6,0,7,1,4,4,7
37303,3,0,1,4,5,3,2,6,1,1,1
37304,7,1,0,3,4,6,1,5,7,3,4
37305,9,9,9,7,7,1,5,7,2,0,9
37306,5,8,3,1,6,0,7,1,4,4,7
37307,6,5,2,7,1,5,9,2,3,2,9
37308,2,3,4,6,8,2,6,8,9,5,6
37309,2,0,4,7,8,2,6,3,3,5,6
37310,5,5,8,1,6,4,7,0,8,4,7
37311,5,8,7,1,6,7,7,1,4,4,7
37312,7,1,0,3,4,6,1,5,7,3,4
37313,9,9,9,2,7,1,5,7,2,0,5
37314,7,1,0,3,4,6,1,5,7,3,4
37315,4,0,8,4,3,4,3,3,1,7,3
37316,0,4,6,2,2,8,4,9,5,8,0
37317,8,2,5,5,9,9,8,4,6,9,8
37318,5,8,3,1,6,0,7,1,4,4,2
37319,9,3,9,6,7,1,5,7,2,0,6
37320,6,5,2,7,1,5,9,2,3,2,9
37321,0,4,3,0,2,0,4,1,4,8,2
37322,6,5,2,7,1,5,9,2,3,2,9
37323,3,0,1,4,5,3,2,6,1,1,1
37324,0,8,3,1,6,0,7,1,4,4,0
37325,1,3,6,6,0,8,0,8,9,6,6
37326,5,8,3,1,6,0,7,1,4,4,7
37327,8,2,5,5,9,9,8,4,6,9,8
37328,0,4,3,0,2,0,4,1,4,8,0
37329,2,3,4,6,8,2,6,8,9,5,6
37330,1,7,6,2,0,8,0,9,5,6,5
37331,0,4,7,0,2,7,4,4,6,8,0
37332,7,1,0,3,4,6,1,5,7,3,4
37333,0,4,7,0,2,7,4,4,6,8,0
37334,1,7,6,2,0,8,0,3,5,6,5
37335,3,6,1,8,5,3,2,6,0,1,1
37336,2,3,4,6,8,2,6,8,9,5,6
37337,9,9,9,2,7,1,5,7,2,0,5
37338,0,4,7,0,2,7,4,1,4,8,0
37339,5,8,3,1,6,0,7,1,2,4,7
37340,4,5,8,9,3,4,3,0,8,7,3
37341,9,9,9,2,7,1,5,7,2,0,5
37342,2,3,4,6,8,2,6,8,9,5,6
37343,9,9,9,2,7,1,5,7,2,0,5
37344,7,1,0,3,4,6,1,5,7,3,4
37345,4,5,8,9,3,4,3,0,8,7,3
37346,1,7,6,2,0,8,0,9,5,6,5
37347,5,8,3,1,6,0,7,1,4,4,7
37348,8,2,5,5,9,9,8,4,6,9,8
37349,5,8,3,1,6,0,7,1,4,4,7
37350,5,5,8,9,3,4,7,0,8,7,7
37351,4,5,8,9,3,4,3,0,8,7,3
37352,5,8,3,1,6,0,7,1,4,4,7
37353,8,2,5,5,9,9,8,4,6,9,8
37354,1,7,6,2,0,8,0,9,5,6,5
37355,7,1,0,3,4,6,1,5,7,3,4
37356,5,5,8,7,3,4,9,0,8,7,7
37357,5,8,3,1,6,0,7,1,4,4,0
37358,1,7,6,2,0,8,0,9,5,6,5
37359,0,8,3,0,2,0,4,1,4,8,0
37360,4,5,8,9,3,4,3,0,8,7,3
37361,7,1,0,3,4,6,1,5,7,3,4
37362,7,1,0,3,4,6,1,5,7,3,4
37363,1,7,6,2,0,8,0,9,5,6,5
37364,2,3,4,6,8,2,6,8,9,5,6
37365,9,9,9,2,7,1,5,7,2,0,5
37366,5,8,3,1,6,0,7,1,4,4,7
37367,5,8,2,1,6,5,7,2,3,4,7
37368,7,1,0,3,4,6,1,5,7,3,4
37369,0,4,3,0,2,0,4,1,4,8,0
37370,4,5,8,9,3,4,3,0,8,7,3
37371,4,5,8,9,3,4,3,0,8,7,3
37372,5,8,3,1,6,0,7,1,4,4,7
37373,4,5,8,9,3,4,3,0,8,7,3
37374,0,8,3,3,4,0,1,1,4,3,0
37375,2,3,4,6,8,2,6,3,9,5,6
37376,0,8,3,0,2,0,4,1,4,8,0
37377,3,6,1,8,5,3,2,6,0,1,1
37378,1,7,6,2,0,8,0,9,5,6,5
37379,9,9,9,2,7,1,5,3,2,0,5
37380,7,1,0,3,4,6,1,5,7,3,4
37381,5,2,7,5,6,7,7,4,6,4,8
37382,3,6,1,8,5,3,2,6,0,1,1
37383,6,5,2,7,1,5,9,3,3,2,9
37384,9,9,9,2,7,1,5,7,2,0,5
37385,8,2,7,5,9,7,8,4,6,9,7
37386,7,1,5,3,4,9,1,5,7,3,4
37387,8,2,5,5,9,9,8,4,6,9,8
37388,5,8,3,1,6,0,7,1,4,4,7
37389,8,4,5,0,2,9,4,4,6,8,2
37390,4,3,4,9,8,2,3,3,9,5,3
37391,0,4,7,0,2,7,4,4,6,8,0
37392,4,5,8,9,3,4,3,3,8,7,3
37393,9,9,9,2,7,1,5,7,2,0,5
37394,8,4,5,5,9,9,8,4,6,9,2
37395,8,2,7,5,9,7,8,4,6,9,8
37396,0,4,7,0,2,7,4,4,6,8,0
37397,6,5,2,7,1,5,9,3,3,2,9
37398,2,3,4,6,8,2,6,8,9,5,6
37399,8,2,5,5,9,9,8,4,6,9,8
37400,0,4,3,0,2,0,4,1,4,8,0
37401,4,5,8,9,3,4,3,3,8,7,3
37402,0,4,3,0,2,0,4,1,4,8,2
37403,5,8,3,1,6,0,7,1,4,4,7
37404,7,1,0,3,4,6,1,5,7,3,4
37405,9,9,9,2,7,1,5,7,2,0,5
37406,2,3,4,6,8,2,6,5,9,5,6
37407,9,9,9,2,7,1,5,9,2,0,5
37408,3,6,1,8,5,3,2,6,0,1,1
37409,9,9,9,2,7,1,5,7,2,0,5
37410,8,2,7,5,9,7,8,4,6,9,8
37411,3,0,1,4,5,3,2,6,1,1,1
37412,6,5,2,7,1,5,9,2,3,2,9
37413,9,9,9,2,7,1,5,7,2,0,5
37414,0,4,7,0,2,7,4,4,6,8,0
37415,3,0,1,4,5,3,2,6,1,1,1
37416,1,7,6,2,0,8,0,9,5,6,5
37417,1,7,6,2,0,8,0,9,5,6,5
37418,6,5,2,7,1,5,9,2,3,2,9
37419,5,8,3,1,6,0,7,1,4,4,7
37420,8,4,5,0,2,9,8,4,6,8,2
37421,4,3,4,9,8,2,3,3,8,5,3
37422,7,1,0,3,4,6,1,5,7,3,4
37423,0,4,5,0,2,9,4,4,6,8,2
37424,8,2,7,5,9,7,8,4,6,9,8
37425,3,0,1,4,5,3,2,6,1,1,1
37426,6,9,2,7,1,5,9,2,3,2,9
37427,5,8,3,1,6,0,7,1,4,4,7
37428,2,3,4,6,8,2,6,8,9,5,6
37429,8,2,7,5,9,7,8,4,2,9,8
37430,5,8,3,1,6,0,7,1,4,4,7
37431,9,9,9,2,7,1,5,8,2,0,5
37432,3,6,1,8,5,3,2,6,0,1,1
37433,9,9,9,2,7,1,5,7,2,0,5
37434,7,1,0,3,4,6,1,8,7,3,4
37435,6,5,2,7,1,5,9,2,3,2,9
37436,2,3,4,6,8,2,6,8,9,5,6
37437,6,5,2,7,1,5,9,2,3,2,9
37438,7,1,0,3,4,6,1,5,7,3,4
37439,2,0,4,4,8,2,6,3,1,5,6
37440,7,1,0,3,4,6,1,5,7,3,4
37441,9,9,9,2,7,1,5,7,2,0,5
37442,4,5,8,9,3,4,3,0,8,7,3
37443,2,0,4,7,8,2,6,3,3,5,9
37444,2,3,4,6,8,2,6,8,9,5,6
37445,4,5,8,9,3,4,3,0,8,7,3
37446,6,5,2,7,1,5,9,2,3,2,9
37447,5,8,3,1,6,0,7,1,4,4,7
37448,7,1,0,3,4,6,1,5,7,3,4
37449,0,4,7,0,2,7,4,4,6,8,0
37450,0,4,3,0,2,0,4,1,4,8,0
37451,1,7,6,2,0,8,0,3,5,6,5
37452,3,6,1,8,5,3,2,6,0,1,1
37453,9,9,9,2,7,1,5,3,2,0,5
37454,7,1,0,3,4,6,1,5,7,3,4
37455,9,9,9,2,7,1,5,7,2,0,5
37456,7,1,0,3,4,6,1,5,7,3,4
37457,0,4,3,0,2,0,4,1,4,8,0
37458,2,3,4,6,8,2,6,8,9,5,6
37459,2,3,7,6,8,7,6,8,9,5,6
37460,2,3,4,6,8,2,6,8,9,5,6
37461,9,9,9,2,7,1,5,7,2,0,5
37462,6,5,2,7,1,5,9,2,3,2,9
37463,9,9,9,2,7,1,5,7,2,0,5
37464,7,1,0,3,4,6,1,5,7,3,4
37465,9,9,9,2,7,1,5,7,2,0,5
37466,0,4,7,0,2,7,4,1,4,8,0
37467,3,6,1,8,5,3,2,6,0,1,1
37468,7,1,0,3,4,6,1,5,7,3,4
37469,0,8,7,1,6,7,7,1,4,4,0
37470,7,1,0,3,4,6,1,5,7,3,4
37471,0,4,5,0,2,9,4,4,6,8,2
37472,7,1,0,3,4,6,1,5,7,3,4
37473,2,3,4,6,8,2,6,8,9,5,6
37474,0,4,7,0,2,7,4,1,4,8,0
37475,4,5,8,9,3,4,3,0,8,7,3
37476,4,5,8,9,3,4,3,0,8,7,3
37477,4,5,8,9,3,4,3,0,8,7,3
37478,7,1,0,3,4,6,1,5,7,3,4
37479,1,7,6,2,0,8,0,9,5,6,5
37480,0,4,7,0,2,7,4,1,4,8,0
37481,6,5,2,7,1,5,9,2,3,2,9
37482,1,7,6,2,0,8,0,9,5,6,5
37483,1,3,6,6,0,8,0,8,9,6,5
37484,6,5,2,7,1,5,9,2,3,2,9
37485,5,8,3,1,6,0,7,1,4,4,7
37486,9,9,9,2,7,1,5,7,2,0,5
37487,5,5,7,1,6,7,7,0,4,4,8
37488,0,4,7,0,2,7,4,8,9,8,0
37489,5,8,3,1,6,0,7,2,3,4,7
37490,5,8,3,1,6,0,7,1,4,4,7
37491,6,5,2,7,1,5,9,2,3,2,9
37492,5,8,3,1,6,0,7,1,4,4,7
37493,2,3,4,6,8,2,6,8,9,5,6
37494,0,8,3,1,2,0,4,1,4,4,2
37495,3,6,1,8,5,3,2,6,0,1,1
37496,8,2,7,5,9,7,8,4,6,9,8
37497,3,6,1,8,5,3,2,6,0,1,1
37498,0,8,3,0,2,0,4,1,4,8,0
37499,1,7,6,2,0,8,0,9,5,6,5
37500,0,4,5,0,2,9,4,1,4,8,2
37501,6,5,2,7,1,5,9,2,3,2,9
37502,2,3,4,6,8,2,6,3,9,5,6
37503,7,1,0,3,4,6,1,5,7,3,4
37504,9,9,9,2,7,1,5,7,2,0,5
37505,5,8,3,1,6,0,7,1,4,4,7
37506,3,6,1,8,5,3,2,6,0,1,1
37507,7,1,0,3,4,6,1,5,7,3,4
37508,9,9,9,7,7,1,5,7,2,0,9
37509,4,5,8,9,3,4,3,0,8,7,3
37510,2,3,4,6,8,2,6,3,9,5,6
37511,3,6,1,8,5,3,2,6,0,1,1
37512,7,3,0,3,4,6,1,8,9,3,4
37513,1,7,6,2,0,8,0,9,5,6,5
37514,3,6,1,7,5,3,2,2,3,1,1
37515,6,1,2,7,1,5,9,2,3,2,9
37516,0,4,3,0,2,0,4,1,4,8,0
37517,7,1,0,3,4,6,1,5,7,3,4
37518,1,7,6,2,0,8,0,9,5,6,5
37519,0,8,3,0,2,0,4,1,4,8,0
37520,0,4,3,0,2,0,4,1,4,8,0
37521,7,1,0,3,4,6,1,5,7,3,4
37522,0,4,7,0,2,7,4,4,6,8,0
37523,5,5,3,1,6,0,7,1,4,4,7
37524,7,1,0,3,4,6,1,5,7,3,4
37525,0,4,5,0,2,0,4,1,4,8,2
37526,6,5,2,7,1,5,9,2,3,2,9
37527,2,3,4,6,8,2,6,8,9,5,6
37528,5,8,3,1,6,0,7,1,4,4,0
37529,3,6,1,8,5,3,2,6,0,1,1
37530,0,4,7,0,2,7,4,4,6,8,0
37531,1,7,6,2,0,8,0,9,5,6,5
37532,6,1,2,7,1,5,9,2,3,2,9
37533,8,5,5,3,1,9,9,4,6,2,2
37534,5,8,3,1,6,0,7,1,4,4,7
37535,5,5,8,9,3,4,7,0,8,7,7
37536,8,2,7,5,9,7,8,4,6,9,8
37537,5,8,3,1,6,0,7,1,4,4,2
37538,7,1,0,3,4,6,1,5,7,3,4
37539,2,3,4,6,8,2,6,8,9,5,6
37540,7,1,0,3,4,6,1,5,7,3,4
37541,5,8,3,1,6,0,7,1,4,4,7
37542,3,0,1,4,5,3,2,6,1,1,1
37543,3,6,1,8,5,3,2,6,0,1,1
37544,4,5,8,9,3,4,3,0,8,7,3
37545,7,1,0,3,4,6,1,5,7,3,4
37546,5,8,3,1,6,0,7,1,4,4,0
37547,1,7,6,2,0,8,0,9,5,6,5
37548,2,3,4,6,8,2,6,8,9,5,6
37549,5,5,2,1,6,5,7,0,8,4,7
37550,8,4,5,0,2,9,8,4,6,8,2
37551,7,1,0,3,4,6,1,5,7,3,4
37552,0,4,4,0,2,2,4,8,9,8,0
37553,5,8,3,1,6,0,7,1,4,4,7
37554,3,6,1,8,5,3,2,6,0,1,1
37555,7,1,0,3,4,6,1,5,7,3,4
37556,0,4,5,0,2,9,4,4,6,8,2
37557,7,1,0,3,4,6,1,5,7,3,4
37558,7,1,0,3,4,6,1,5,7,3,4
37559,3,6,1,8,5,3,2,6,0,1,1
37560,6,9,2,7,1,5,9,2,3,2,9
37561,0,4,5,0,2,9,4,1,4,8,2
37562,0,4,7,0,2,7,4,4,6,8,0
37563,1,7,6,2,0,8,0,9,5,6,5
37564,1,7,6,2,0,8,0,9,5,6,5
37565,1,7,6,2,0,8,0,9,5,6,5
37566,7,1,0,3,4,6,1,5,7,3,4
37567,4,5,8,9,3,4,3,0,8,7,3
37568,9,9,9,2,7,1,5,7,2,0,5
37569,7,1,0,3,4,6,1,5,7,3,4
37570,9,9,9,2,7,1,5,1,2,0,5
37571,3,6,1,8,5,3,2,6,0,1,1
37572,7,1,0,3,4,6,1,5,7,3,4
37573,0,4,3,0,2,0,4,1,4,8,2
37574,0,4,3,0,2,0,4,1,4,8,0
37575,0,4,3,0,2,0,4,1,4,8,0
37576,4,5,8,9,3,4,3,0,8,7,3
37577,4,5,8,9,3,4,3,0,8,7,7
37578,6,1,2,7,1,5,9,2,3,2,9
37579,1,7,6,2,0,8,0,9,5,6,5
37580,6,5,2,7,1,5,9,3,3,2,9
37581,4,5,8,9,3,4,3,0,8,7,3
37582,1,7,6,2,0,8,0,9,5,6,5
37583,0,4,3,0,2,0,4,1,4,8,2
37584,7,1,0,3,4,6,1,5,7,3,4
37585,0,4,3,0,2,0,4,1,4,8,0
37586,0,8,3,0,2,0,4,1,4,8,0
37587,0,8,3,0,2,0,4,1,4,8,0
37588,5,8,2,1,6,5,7,2,3,4,7
37589,7,1,0,3,4,6,1,5,7,3,4
37590,2,7,7,6,8,7,6,3,9,5,6
37591,0,4,3,0,2,0,4,1,4,8,0
37592,2,3,4,6,8,2,6,8,9,5,6
37593,0,8,3,1,6,0,4,1,4,4,0
37594,5,8,3,1,6,0,7,1,4,4,7
37595,2,3,4,6,8,2,6,8,9,5,6
37596,8,4,5,0,2,9,4,4,6,8,2
37597,7,1,0,3,4,6,1,5,7,3,4
37598,9,9,9,2,7,1,5,7,2,0,5
37599,5,5,8,1,6,4,7,0,8,4,7
37600,2,3,4,6,8,2,6,8,9,5,6
37601,6,5,2,7,1,5,9,2,3,2,9
37602,9,9,9,2,7,1,5,7,2,0,5
37603,5,8,3,1,6,0,7,1,4,4,7
37604,7,1,0,3,4,6,1,5,7,3,4
37605,7,1,0,3,4,6,1,5,7,3,4
37606,7,1,0,3,4,6,1,5,7,3,4
37607,1,7,6,2,0,8,0,9,5,6,5
37608,0,4,3,0,2,0,4,1,4,8,0
37609,8,2,7,5,9,7,8,4,6,9,8
37610,9,9,9,2,7,1,5,7,2,0,5
37611,0,8,3,1,6,0,4,1,4,4,0
37612,8,2,5,5,9,9,8,4,6,9,8
37613,6,5,2,7,1,5,9,2,3,2,9
37614,1,7,6,2,0,8,0,9,5,6,5
37615,6,5,2,7,1,5,9,2,3,2,9
37616,5,8,3,1,6,0,7,1,4,4,7
37617,0,3,7,6,2,7,6,8,9,8,0
37618,1,7,6,2,0,8,0,9,5,6,5
37619,3,6,1,8,5,3,2,6,0,1,1
37620,2,3,4,6,8,2,6,8,9,5,6
37621,5,5,8,9,3,4,7,0,8,7,7
37622,7,1,0,3,4,6,1,5,7,3,4
37623,5,8,3,1,6,0,7,1,4,4,0
37624,1,7,6,2,0,8,0,9,5,6,5
37625,7,1,0,3,4,6,1,5,7,3,4
37626,7,1,0,3,4,6,1,5,7,3,4
37627,7,1,0,3,4,6,1,5,7,3,4
37628,7,3,0,6,4,6,1,8,9,3,4
37629,1,7,6,2,0,8,0,9,5,6,5
37630,6,5,2,7,1,5,9,2,3,2,9
37631,6,5,8,9,1,4,9,0,8,2,9
37632,8,2,5,5,9,9,8,4,6,9,8
37633,5,8,3,1,6,0,7,1,4,4,0
37634,5,8,3,1,6,0,7,1,4,4,7
37635,1,7,6,2,0,8,0,9,5,6,5
37636,7,8,3,3,4,0,1,5,7,3,4
37637,5,8,3,1,6,0,7,1,4,4,7
37638,7,1,0,3,4,6,1,5,7,3,4
37639,4,5,8,9,3,4,3,0,8,7,7
37640,5,8,3,1,6,0,7,1,4,4,0
37641,0,4,3,0,2,0,4,1,4,8,0
37642,3,6,1,8,5,3,2,6,0,1,1
37643,7,1,0,3,4,6,1,5,7,3,4
37644,2,3,4,6,8,2,6,8,9,5,6
37645,1,7,6,2,0,8,0,9,5,6,5
37646,6,5,2,7,1,5,9,2,3,2,9
37647,7,1,0,3,4,6,1,5,7,3,4
37648,1,7,6,2,0,8,0,9,5,6,5
37649,7,1,0,3,4,6,1,5,7,3,4
37650,1,7,6,2,0,8,0,9,5,6,5
37651,5,8,3,1,6,0,7,1,4,4,7
37652,1,7,6,2,0,8,0,9,5,6,5
37653,3,6,1,8,5,3,2,6,0,1,1
37654,0,4,7,0,2,7,4,1,4,8,0
37655,4,5,8,9,3,4,3,0,8,7,3
37656,3,6,1,8,5,3,2,6,0,1,1
37657,5,8,3,1,6,0,7,1,4,4,7
37658,7,1,0,3,4,6,1,5,7,3,4
37659,1,7,6,2,0,8,0,9,5,6,5
37660,6,5,2,7,1,5,9,2,3,2,9
37661,1,7,6,2,0,8,0,9,5,6,5
37662,7,1,0,3,4,6,1,5,7,3,4
37663,3,6,1,8,5,3,2,6,0,1,1
37664,0,4,3,0,2,0,4,1,4,8,0
37665,5,8,3,1,6,0,7,1,4,4,7
37666,4,5,8,9,3,4,3,3,8,7,3
37667,5,5,8,9,3,4,7,0,8,7,7
37668,9,9,9,2,7,1,5,7,2,0,5
37669,6,5,2,7,1,5,9,2,3,2,9
37670,1,7,6,2,0,8,0,9,5,6,5
37671,6,5,2,7,1,5,9,2,3,2,9
37672,7,1,0,3,4,6,1,5,7,3,4
37673,5,8,3,1,6,0,7,1,4,4,2
37674,9,9,9,2,7,1,5,7,2,0,5
37675,4,5,8,9,3,4,3,0,8,7,3
37676,5,5,8,1,6,4,7,0,8,4,7
37677,3,6,1,8,5,3,2,6,0,1,1
37678,3,6,1,8,5,3,2,6,0,1,1
37679,4,5,8,9,3,4,3,0,8,7,3
37680,2,3,4,6,8,2,6,8,9,5,6
37681,5,8,3,1,6,0,7,1,4,4,0
37682,5,8,3,1,6,0,7,1,4,4,7
37683,0,4,7,0,2,7,4,1,4,8,0
37684,0,4,5,0,2,9,4,1,4,8,0
37685,2,3,4,6,8,2,6,8,9,5,6
37686,3,6,1,8,5,3,2,6,0,1,1
37687,0,4,3,0,2,0,4,1,4,8,0
37688,5,8,3,1,6,0,7,1,4,4,0
37689,7,1,0,3,4,6,1,5,7,3,4
37690,7,1,0,3,4,6,1,5,7,3,4
37691,7,1,0,3,4,6,1,5,7,3,4
37692,7,1,0,3,4,6,1,5,7,3,4
37693,0,4,5,0,2,9,4,1,4,8,2
37694,0,4,5,0,2,9,4,4,6,8,2
37695,2,3,4,6,8,2,6,8,9,5,6
37696,7,1,0,3,4,6,1,3,7,3,4
37697,3,6,1,8,5,3,2,6,0,1,1
37698,0,4,7,0,2,7,4,3,6,8,0
37699,7,1,0,3,4,6,1,5,7,3,4
37700,7,1,0,3,4,6,1,5,7,3,4
37701,2,3,4,6,8,2,6,8,9,5,6
37702,0,1,0,3,4,6,4,5,7,3,0
37703,7,1,0,3,4,6,1,5,7,3,4
37704,9,9,9,2,7,1,5,7,2,0,5
37705,3,6,1,8,5,3,2,6,0,1,1
37706,0,4,5,0,2,9,4,4,6,8,2
37707,4,5,8,9,3,4,3,0,8,7,3
37708,3,6,1,8,5,3,2,6,0,1,1
37709,2,3,4,6,8,2,6,8,9,5,5
37710,1,7,6,2,0,8,0,9,5,6,5
37711,7,1,0,3,4,6,1,5,7,3,4
37712,8,2,7,5,9,7,8,4,6,9,8
37713,0,4,5,0,2,9,4,1,4,8,2
37714,3,6,1,8,5,3,2,6,0,1,1
37715,2,3,4,6,8,2,6,8,9,5,6
37716,1,7,6,2,0,8,0,9,5,6,5
37717,7,1,0,3,4,6,1,5,7,3,4
37718,1,7,6,3,0,8,0,9,5,6,5
37719,1,7,6,2,0,8,0,9,5,6,5
37720,7,1,0,3,4,6,1,5,7,3,4
37721,7,1,0,3,4,6,1,5,7,3,4
37722,0,4,3,0,2,0,4,1,4,8,0
37723,3,6,1,8,5,3,2,6,0,1,1
37724,4,5,8,9,3,4,3,0,8,7,7
37725,9,9,9,2,7,1,5,7,2,0,5
37726,7,1,0,3,4,6,1,5,7,3,4
37727,6,5,2,7,1,5,9,2,3,2,9
37728,9,9,9,2,7,1,5,7,2,0,5
37729,7,1,0,3,4,6,1,5,7,3,4
37730,7,1,0,3,4,6,1,5,7,3,4
37731,0,4,7,0,2,7,4,4,6,8,0
37732,1,7,6,2,0,8,0,9,5,6,5
37733,8,2,5,5,9,9,8,4,6,9,8
37734,1,7,6,0,0,8,0,9,5,6,5
37735,2,3,4,6,8,2,6,8,9,5,6
37736,5,8,3,1,6,0,7,1,4,4,7
37737,8,2,7,5,9,7,8,4,6,9,8
37738,3,6,1,8,5,3,2,6,0,1,1
37739,3,0,1,4,5,3,2,6,1,1,1
37740,2,3,4,6,8,2,6,8,9,5,6
37741,9,9,9,2,7,1,5,7,2,0,5
37742,9,9,9,2,7,1,5,7,2,0,5
37743,5,5,9,2,7,1,7,1,2,0,5
37744,3,6,1,8,5,3,2,6,0,1,1
37745,7,1,0,3,4,6,1,5,7,3,4
37746,7,1,0,3,4,6,1,5,7,3,4
37747,5,4,7,1,9,7,7,4,6,9,7
37748,5,8,3,1,6,0,7,1,4,4,7
37749,9,2,9,2,7,1,5,3,2,0,8
37750,5,8,3,1,6,0,7,1,4,4,7
37751,4,5,8,9,3,4,3,0,8,7,3
37752,3,6,1,8,5,3,2,6,0,1,1
37753,0,4,5,0,2,9,4,4,6,8,2
37754,0,4,7,0,2,7,4,4,6,8,0
37755,2,3,4,6,8,2,6,3,9,5,6
37756,9,9,3,2,7,0,5,1,4,0,5
37757,8,2,7,5,9,7,8,4,6,9,8
37758,5,8,3,1,6,0,7,0,8,4,7
37759,3,6,1,8,5,3,2,6,0,1,1
37760,6,6,2,7,1,5,9,2,3,2,9
37761,9,9,9,2,7,1,5,7,2,0,5
37762,0,8,3,0,2,0,4,1,4,8,2
37763,6,5,2,7,1,5,9,2,3,2,9
37764,0,4,5,0,2,9,4,4,6,8,2
37765,7,1,0,3,4,6,1,5,7,3,4
37766,7,1,0,2,4,6,1,9,7,3,5
37767,5,8,3,1,6,0,7,1,4,4,7
37768,2,3,4,6,8,2,6,8,9,5,6
37769,8,2,5,5,9,9,8,4,6,9,8
37770,8,2,5,5,9,9,8,4,6,9,8
37771,2,3,4,6,8,2,6,3,9,5,6
37772,8,2,7,5,9,9,8,4,6,9,8
37773,8,2,4,5,9,2,8,8,9,9,8
37774,2,9,4,6,8,2,6,7,2,5,6
37775,8,2,5,5,9,9,8,4,6,9,2
37776,2,3,4,6,8,2,6,8,9,5,6
37777,6,5,2,7,1,5,9,2,3,2,9
37778,5,8,3,1,6,0,7,1,4,4,7
37779,8,2,7,5,9,7,8,4,6,9,8
37780,3,6,1,8,5,3,2,6,0,1,1
37781,8,2,7,5,9,7,8,4,6,9,8
37782,9,9,9,2,7,1,5,7,2,0,5
37783,2,3,4,6,8,2,6,8,9,5,6
37784,1,7,6,2,0,8,0,9,5,6,5
37785,8,2,7,5,9,7,8,4,6,9,8
37786,7,1,0,3,4,6,1,5,7,3,4
37787,3,6,1,8,5,3,2,6,0,1,1
37788,5,5,2,1,6,5,7,0,0,4,7
37789,6,0,2,7,1,5,9,3,3,2,9
37790,7,6,0,8,4,6,1,5,0,3,7
37791,2,3,4,6,8,2,6,8,9,5,6
37792,7,1,0,3,4,6,1,5,7,3,4
37793,8,2,7,5,9,7,8,4,6,9,8
37794,5,8,3,1,6,0,7,6,0,4,7
37795,7,0,0,4,4,6,1,3,1,3,4
37796,7,1,0,3,4,6,1,5,7,3,4
37797,7,1,0,3,4,6,1,5,7,3,4
37798,6,1,2,7,1,5,9,2,3,2,9
37799,8,2,7,5,9,7,8,4,6,9,8
37800,5,8,3,1,6,0,7,1,4,4,7
37801,4,5,8,9,3,4,3,0,8,7,3
37802,1,7,6,2,0,8,0,9,5,6,5
37803,4,5,8,9,3,4,3,3,8,7,3
37804,4,5,8,9,3,4,3,0,8,7,7
37805,2,3,4,6,8,2,6,8,9,5,6
37806,1,7,6,2,0,8,0,9,5,6,5
37807,2,0,4,4,8,2,6,3,1,5,6
37808,9,9,9,2,7,1,5,7,2,0,5
37809,9,9,9,2,7,1,5,7,2,0,5
37810,7,1,0,3,4,6,1,5,7,3,4
37811,8,2,5,5,9,9,8,4,6,9,8
37812,6,5,2,7,1,5,9,2,3,2,9
37813,2,3,4,6,8,2,6,8,9,5,6
37814,3,0,1,4,5,3,2,6,1,1,1
37815,8,2,7,5,9,7,8,4,6,9,8
37816,0,4,3,0,2,0,4,1,4,8,0
37817,2,3,4,6,8,2,6,3,9,5,6
37818,0,4,5,0,2,9,4,4,6,8,2
37819,8,2,5,5,9,9,8,4,6,9,8
37820,1,7,6,2,0,8,0,9,5,6,5
37821,7,1,0,3,4,6,1,5,7,3,4
37822,7,1,0,3,4,6,1,5,7,3,4
37823,8,2,7,5,9,7,8,3,6,9,8
37824,5,8,3,1,6,0,7,1,4,4,7
37825,6,5,2,7,1,5,9,2,3,2,9
37826,5,8,3,1,6,0,7,1,4,4,7
37827,7,1,0,3,4,6,1,5,7,3,4
37828,1,7,6,2,0,8,0,9,5,6,5
37829,4,0,8,9,3,4,3,6,8,7,3
37830,7,1,0,3,4,6,1,5,7,3,4
37831,4,0,8,9,3,4,3,0,8,7,3
37832,7,1,0,7,4,6,1,2,3,3,4
37833,8,2,5,5,9,9,8,4,6,9,8
37834,1,7,6,2,0,8,0,9,5,6,5
37835,8,2,5,5,9,9,8,4,6,9,2
37836,9,2,7,2,7,7,5,3,2,0,8
37837,3,6,1,8,5,3,2,6,0,1,1
37838,8,2,5,5,9,9,8,4,6,9,8
37839,9,9,9,2,7,1,5,7,2,0,5
37840,0,4,7,0,2,7,4,1,4,8,0
37841,3,0,1,4,5,3,2,6,1,1,1
37842,2,3,4,6,8,2,6,3,9,5,6
37843,9,9,9,2,7,1,5,7,2,0,5
37844,3,6,1,8,5,3,2,6,0,1,1
37845,4,5,8,9,3,4,3,0,8,7,3
37846,5,8,3,1,6,0,7,1,4,4,7
37847,7,1,0,3,4,6,1,5,7,3,4
37848,7,1,0,3,4,6,1,5,7,3,4
37849,9,9,9,2,7,1,5,7,2,0,5
37850,2,3,4,6,8,2,6,3,9,5,6
37851,8,2,7,5,9,7,8,4,6,9,8
37852,2,3,4,6,8,2,6,8,9,5,6
37853,8,2,5,5,9,9,8,4,6,9,8
37854,3,6,1,8,5,3,2,6,0,1,1
37855,2,0,4,4,8,2,6,3,1,5,4
37856,3,0,1,4,5,3,2,6,1,1,1
37857,2,3,4,6,8,2,6,8,9,5,6
37858,5,8,3,1,6,0,7,1,4,4,7
37859,4,5,8,9,3,4,3,3,8,7,3
37860,7,1,0,3,4,6,1,5,7,3,4
37861,6,5,2,7,1,5,9,2,3,2,9
37862,1,7,6,2,0,8,0,9,5,6,5
37863,6,5,2,7,1,5,9,2,3,2,9
37864,2,3,4,6,8,2,6,8,9,5,6
37865,9,9,9,2,7,1,5,7,2,0,5
37866,0,4,3,0,2,0,4,1,4,8,0
37867,8,2,7,5,9,7,8,4,6,9,8
37868,8,2,7,5,9,7,8,8,9,9,8
37869,9,9,9,2,7,1,5,7,2,0,5
37870,7,1,0,3,4,6,1,5,7,3,4
37871,8,2,7,5,9,7,8,4,6,9,8
37872,1,7,6,2,0,8,0,9,5,6,5
37873,8,2,7,5,9,7,8,4,6,9,8
37874,2,7,6,6,8,8,6,9,5,5,6
37875,8,2,5,5,9,9,8,4,6,9,8
37876,8,4,5,0,2,9,4,4,6,8,2
37877,8,2,7,5,9,7,8,4,6,9,8
37878,8,2,5,5,9,9,8,4,6,9,2
37879,8,2,7,5,9,7,8,4,6,9,8
37880,9,9,9,2,7,1,5,7,2,0,5
37881,9,9,9,7,7,1,5,7,2,0,9
37882,1,7,6,2,0,8,0,9,5,6,5
37883,3,0,1,4,5,3,2,6,1,1,1
37884,0,4,3,0,2,0,4,1,4,8,0
37885,9,9,9,2,7,1,5,7,2,0,8
37886,2,3,4,6,8,2,6,8,9,5,6
37887,8,2,7,5,9,7,8,4,6,9,8
37888,4,5,8,9,3,4,3,0,8,7,3
37889,6,5,2,7,1,5,9,2,3,2,9
37890,7,1,0,3,4,6,1,5,7,3,4
37891,2,3,4,6,8,2,6,8,9,5,6
37892,4,5,8,9,3,4,3,0,8,7,3
37893,8,2,7,5,9,7,8,4,6,9,8
37894,2,2,7,5,8,2,6,3,6,5,8
37895,4,5,8,9,3,4,3,0,8,7,3
37896,2,3,4,6,8,2,6,8,9,5,0
37897,9,9,9,2,7,1,5,7,2,0,5
37898,1,7,6,2,0,8,0,9,5,6,5
37899,8,2,7,5,9,7,8,4,6,9,8
37900,5,8,3,1,6,0,7,1,4,4,7
37901,3,0,1,4,5,3,2,3,1,1,1
37902,3,0,1,4,5,3,2,6,1,1,1
37903,7,1,0,3,4,6,1,5,7,3,4
37904,6,5,2,7,1,5,9,2,3,2,9
37905,4,5,8,9,3,4,3,0,8,7,3
37906,8,2,7,5,9,7,8,4,6,9,8
37907,5,2,7,5,9,7,7,0,6,9,7
37908,0,4,6,0,2,8,4,9,5,8,0
37909,2,3,4,6,8,2,6,3,9,5,6
37910,7,1,0,3,4,6,1,5,7,3,4
37911,9,9,9,2,7,1,5,7,2,0,5
37912,1,7,6,2,0,8,0,9,5,6,5
37913,7,1,0,3,4,6,1,5,7,3,4
37914,7,6,1,8,5,3,1,6,0,1,4
37915,9,9,9,2,7,1,5,7,2,0,5
37916,5,8,3,1,6,0,7,1,4,4,7
37917,3,0,1,4,5,3,2,6,1,1,1
37918,6,5,2,7,1,5,9,2,3,2,9
37919,8,2,5,5,9,9,8,4,6,9,8
37920,1,7,6,2,0,8,0,9,5,6,5
37921,9,9,9,2,7,1,5,3,2,0,5
37922,0,4,3,0,2,0,4,1,4,8,2
37923,1,7,6,2,0,8,0,9,5,6,5
37924,7,3,0,6,4,6,1,8,9,3,4
37925,6,5,2,7,1,5,9,2,3,2,9
37926,0,4,6,0,2,8,4,9,5,8,0
37927,7,1,0,3,4,6,1,5,7,3,4
37928,7,1,0,3,4,6,1,5,7,3,4
37929,2,3,4,6,8,2,6,3,9,5,6
37930,8,2,5,5,9,9,8,4,6,9,8
37931,9,9,9,2,7,1,5,3,2,0,5
37932,0,4,7,0,2,7,4,1,4,8,0
37933,2,3,4,6,8,2,6,8,9,5,6
37934,5,8,3,1,6,0,7,1,4,4,7
37935,0,4,7,0,2,7,4,4,6,8,0
37936,9,9,9,2,7,1,5,7,2,0,5
37937,2,0,4,4,8,2,6,3,1,5,6
37938,1,7,6,2,0,8,0,9,5,6,5
37939,1,7,6,2,0,8,0,9,5,6,5
37940,7,1,0,3,4,6,1,5,7,3,4
37941,6,5,2,7,1,5,9,2,3,2,9
37942,6,9,2,7,1,5,9,2,3,2,9
37943,7,1,0,3,4,6,1,5,7,3,4
37944,7,1,0,3,4,6,1,5,7,3,4
37945,5,8,3,1,6,0,7,1,4,4,7
37946,3,6,1,8,5,3,2,6,0,1,1
37947,8,2,5,5,9,9,8,4,6,9,8
37948,1,7,6,2,0,8,0,9,5,6,5
37949,2,3,4,6,8,2,6,8,9,5,6
37950,3,6,1,8,5,3,2,6,0,1,1
37951,0,4,7,0,2,7,4,4,6,8,0
37952,2,3,4,6,8,2,6,8,9,5,6
37953,3,6,1,8,5,3,2,6,0,1,1
37954,3,6,1,8,5,3,2,6,0,1,1
37955,1,7,6,2,0,8,0,9,5,6,5
37956,7,1,0,3,4,6,1,8,7,3,4
37957,6,5,2,7,1,5,9,2,3,2,9
37958,0,4,7,0,2,7,4,1,4,8,0
37959,7,1,0,3,4,6,1,5,7,3,4
37960,8,4,5,5,9,9,8,4,6,9,2
37961,0,4,7,0,2,7,4,1,4,8,0
37962,4,5,8,9,3,4,3,0,8,7,3
37963,8,2,5,5,9,9,8,4,6,9,8
37964,6,5,2,7,1,5,9,2,3,2,9
37965,5,8,3,1,6,0,7,1,4,4,7
37966,4,5,8,9,3,4,3,0,8,7,3
37967,6,5,6,2,1,8,9,9,5,2,5
37968,3,0,1,4,5,3,2,6,1,1,1
37969,1,7,6,2,0,8,0,9,5,6,5
37970,3,6,1,8,5,3,2,6,0,1,1
37971,8,4,5,0,9,9,8,4,6,9,2
37972,1,7,6,2,0,8,0,9,5,6,5
37973,4,5,8,9,3,4,3,3,8,7,3
37974,5,8,3,1,6,0,7,1,8,4,7
37975,8,2,7,5,9,7,8,4,6,9,8
37976,5,8,3,1,6,0,7,1,4,4,7
37977,3,0,1,4,5,3,2,6,1,1,1
37978,9,9,9,2,7,1,5,7,2,0,5
37979,2,3,4,6,8,2,6,8,9,5,6
37980,3,6,1,8,5,3,2,6,0,1,1
37981,2,0,4,4,8,2,6,3,1,5,6
37982,4,5,8,9,3,4,3,3,8,7,3
37983,2,3,4,2,8,2,6,3,9,5,6
37984,1,7,6,2,0,8,0,9,5,6,5
37985,6,5,2,7,1,5,9,2,3,2,9
37986,5,8,3,1,6,0,7,1,4,4,0
37987,0,4,5,0,2,9,4,1,4,8,2
37988,0,4,7,0,2,7,4,4,6,8,0
37989,1,7,6,2,0,8,0,9,5,6,5
37990,4,5,8,9,3,4,3,0,8,7,3
37991,6,9,2,7,1,5,9,2,3,2,9
37992,0,4,7,0,2,7,4,1,4,8,0
37993,4,5,8,9,3,4,3,3,8,7,3
37994,0,4,6,0,2,8,4,9,5,8,2
37995,6,5,2,7,1,5,9,2,3,2,9
37996,0,4,3,0,2,7,4,8,4,8,0
37997,1,7,6,2,0,8,0,9,5,6,5
37998,4,5,8,9,3,4,3,0,8,7,3
37999,0,4,5,0,2,9,4,1,4,8,2
38000,2,3,4,6,2,2,6,8,9,5,0
38001,0,4,3,0,2,0,4,1,4,8,2
38002,1,7,6,2,0,8,0,9,5,6,5
38003,0,4,7,0,2,7,4,1,4,8,0
38004,8,2,7,5,9,7,8,4,6,9,8
38005,0,4,3,0,2,0,4,1,4,8,0
38006,5,8,3,1,6,0,7,1,4,4,7
38007,1,7,6,2,0,8,0,9,5,6,5
38008,7,1,0,3,4,6,1,5,7,3,4
38009,6,5,2,7,1,5,9,2,3,2,9
38010,6,5,2,7,1,5,9,2,3,2,9
38011,0,4,7,0,2,7,4,1,4,8,0
38012,5,8,3,1,6,0,7,1,4,4,7
38013,4,5,8,9,3,4,3,3,8,7,3
38014,7,1,0,3,4,6,1,5,7,3,4
38015,5,8,3,1,6,0,7,1,4,4,7
38016,1,7,6,2,0,8,0,9,5,6,5
38017,0,4,5,0,2,9,4,1,4,8,2
38018,0,4,5,0,2,9,4,1,4,8,2
38019,8,2,7,5,9,7,8,4,6,9,8
38020,5,8,3,1,6,0,7,1,4,4,0
38021,5,8,3,1,6,0,7,1,4,4,7
38022,7,1,0,3,4,6,1,5,7,3,4
38023,8,2,7,5,9,7,8,4,6,9,8
38024,2,3,4,6,8,2,6,8,9,5,6
38025,3,6,1,8,5,3,2,6,0,1,1
38026,0,8,3,1,6,0,7,1,4,4,2
38027,1,7,6,2,0,8,0,9,5,6,5
38028,4,5,8,9,3,4,3,0,8,7,3
38029,1,7,6,2,0,8,0,9,5,6,5
38030,5,8,3,1,6,0,7,1,4,4,7
38031,5,8,3,1,6,0,7,1,4,4,7
38032,4,5,8,9,3,4,3,3,8,7,3
38033,6,5,2,7,1,5,9,2,3,2,9
38034,0,4,5,0,2,9,4,4,6,8,2
38035,2,0,4,6,8,2,6,3,9,5,6
38036,6,5,2,7,1,5,9,2,3,2,9
38037,7,1,0,3,4,6,1,5,7,3,4
38038,8,2,5,5,9,9,8,4,6,9,8
38039,1,7,6,2,0,8,0,9,5,6,5
38040,1,7,6,2,0,8,0,9,5,6,5
38041,5,8,3,1,6,0,7,1,4,4,0
38042,3,6,1,8,5,3,2,6,0,1,1
38043,3,0,1,4,5,3,2,6,1,1,1
38044,2,3,4,6,8,2,6,8,9,5,6
38045,4,5,8,9,3,4,3,3,8,7,3
38046,0,8,3,0,2,0,4,1,4,8,0
38047,8,2,7,5,9,7,8,4,6,9,8
38048,5,8,3,1,6,0,7,1,4,4,7
38049,2,1,4,3,8,2,6,5,7,5,6
38050,9,9,9,2,7,1,5,3,2,0,8
38051,0,8,3,0,2,0,4,1,4,8,0
38052,0,4,6,0,2,8,4,9,5,8,0
38053,0,4,6,0,2,8,4,9,5,8,0
38054,7,6,0,8,4,6,1,5,0,3,4
38055,2,3,4,6,8,2,6,3,9,5,6
38056,1,7,6,2,0,8,0,9,5,6,5
38057,2,3,4,6,8,2,6,3,9,5,6
38058,7,1,0,3,4,6,1,5,7,3,4
38059,2,3,4,6,8,2,6,3,9,5,6
38060,7,1,0,3,4,6,1,5,7,3,4
38061,6,5,2,7,1,5,9,2,3,2,9
38062,3,6,1,8,5,3,2,6,0,1,1
38063,2,3,4,6,8,2,6,8,9,5,6
38064,5,8,3,1,6,0,7,1,4,4,7
38065,2,3,4,6,8,2,6,8,9,5,6
38066,7,1,0,3,4,6,1,5,7,3,4
38067,2,3,4,6,8,2,6,8,9,5,6
38068,6,9,2,7,1,5,9,2,3,2,9
38069,2,3,4,6,8,2,6,8,9,5,8
38070,6,5,2,7,1,5,9,2,3,2,9
38071,2,7,6,2,8,8,6,9,5,5,5
38072,0,4,7,0,2,7,4,4,6,8,0
38073,2,3,4,6,8,2,6,8,9,5,6
38074,2,3,4,6,8,2,6,8,9,5,6
38075,9,9,9,2,7,1,5,7,2,0,5
38076,0,4,3,0,2,0,4,1,4,8,0
38077,1,7,6,2,0,8,0,9,5,6,5
38078,9,9,9,2,7,1,5,7,2,0,5
38079,8,2,7,5,9,7,8,4,6,9,8
38080,4,0,2,4,3,5,3,3,1,7,3
38081,9,9,9,2,7,1,5,7,2,0,5
38082,5,8,3,1,6,0,7,1,4,4,7
38083,1,7,6,2,0,8,0,9,5,6,5
38084,4,5,8,9,3,4,3,0,8,7,3
38085,2,3,4,6,8,2,6,8,9,5,6
38086,7,1,0,3,4,6,1,5,7,3,4
38087,0,4,7,0,2,7,4,4,6,8,0
38088,8,2,5,5,9,9,8,4,6,9,2
38089,7,1,0,3,4,6,1,5,7,3,4
38090,5,8,3,1,6,0,7,1,4,4,7
38091,8,2,2,5,9,5,8,4,6,9,8
38092,7,1,0,3,4,6,1,5,7,3,4
38093,9,9,9,2,7,1,5,7,2,0,8
38094,1,7,6,2,0,8,0,9,5,6,5
38095,9,9,9,2,7,1,5,7,2,0,5
38096,8,2,5,5,9,9,8,4,6,9,8
38097,9,9,9,2,7,1,5,7,2,0,5
38098,1,7,6,2,0,8,0,9,5,6,5
38099,3,0,1,4,5,3,2,6,1,1,1
38100,3,6,1,8,5,3,2,6,0,1,1
38101,1,7,6,2,0,8,0,3,5,6,5
38102,3,0,1,4,5,3,2,6,1,1,1
38103,3,6,1,8,5,3,2,6,0,1,1
38104,4,5,8,9,3,4,3,0,8,7,7
38105,9,9,9,2,7,1,5,7,2,0,5
38106,7,6,0,8,4,6,1,6,0,3,4
38107,6,5,2,7,1,5,9,2,3,2,9
38108,6,5,2,7,1,5,9,2,3,2,9
38109,7,1,0,3,4,6,1,5,7,3,4
38110,3,6,1,8,5,3,2,6,0,1,1
38111,8,2,7,5,9,7,8,4,6,9,8
38112,5,8,0,1,6,6,7,5,7,4,7
38113,2,3,4,6,8,2,6,3,9,5,6
38114,4,5,8,9,3,4,3,0,8,7,3
38115,4,0,8,4,3,4,3,3,1,7,3
38116,7,1,0,3,4,6,1,5,7,3,4
38117,8,2,5,5,9,9,8,4,6,9,8
38118,0,8,3,0,2,0,4,1,4,8,0
38119,2,3,4,6,8,2,6,8,9,5,6
38120,6,5,2,7,1,5,9,2,3,2,9
38121,8,2,7,5,9,7,8,4,6,9,8
38122,0,4,7,0,2,7,4,1,4,8,0
38123,3,0,1,4,5,3,2,6,1,1,1
38124,6,5,2,7,1,5,9,2,3,2,9
38125,9,9,9,2,7,1,5,7,2,0,5
38126,3,6,1,8,5,3,2,6,0,1,1
38127,6,5,2,7,1,5,9,2,3,2,9
38128,5,6,1,8,5,3,7,6,0,1,7
38129,2,3,4,6,8,2,6,8,9,5,6
38130,2,7,4,2,8,2,6,3,5,5,5
38131,8,2,7,5,9,7,8,3,6,9,8
38132,0,4,7,0,2,7,4,4,6,8,0
38133,8,2,7,5,9,7,8,4,6,9,8
38134,5,8,3,1,6,0,7,1,4,4,7
38135,2,3,4,6,8,2,6,8,9,5,6
38136,8,2,4,5,9,2,8,4,6,9,8
38137,8,2,7,5,9,7,8,4,6,9,8
38138,3,6,1,8,5,3,2,6,0,1,1
38139,3,0,1,4,5,3,2,6,1,1,1
38140,9,9,9,2,7,1,5,7,2,0,5
38141,9,9,9,2,7,1,5,7,2,0,5
38142,1,7,6,2,0,8,0,9,5,6,5
38143,6,5,2,7,1,5,9,3,3,2,9
38144,5,8,3,1,6,0,7,1,4,4,7
38145,7,1,0,3,4,6,1,5,7,3,4
38146,0,4,3,0,2,0,4,1,4,8,0
38147,9,9,9,2,7,1,5,7,2,0,8
38148,6,5,2,7,1,5,9,2,3,2,9
38149,8,2,5,5,9,9,8,4,6,9,8
38150,5,8,3,1,6,0,7,1,4,4,7
38151,2,2,4,5,8,2,6,3,9,5,8
38152,4,5,8,9,3,4,3,0,8,7,3
38153,8,2,7,5,9,7,8,4,6,9,8
38154,5,8,3,1,6,0,7,1,4,4,7
38155,3,0,1,4,5,3,2,6,1,1,1
38156,4,5,8,9,3,4,3,0,8,7,3
38157,3,6,1,8,5,3,2,6,0,1,1
38158,7,1,0,3,4,6,1,5,7,3,4
38159,9,9,9,2,7,1,5,7,2,0,5
38160,1,7,6,2,0,8,0,9,5,6,5
38161,3,6,1,8,5,3,2,6,0,1,1
38162,7,1,0,3,4,6,1,5,7,3,4
38163,1,7,6,2,0,8,0,9,5,6,5
38164,9,9,9,2,7,1,5,7,2,0,5
38165,8,2,7,5,9,7,8,3,6,9,8
38166,2,3,4,6,8,2,6,8,9,5,6
38167,7,1,0,3,4,6,1,5,7,3,4
38168,0,4,7,0,2,7,4,4,6,8,0
38169,5,8,7,1,6,7,7,1,4,4,7
38170,9,9,9,2,7,1,5,7,2,0,5
38171,6,5,2,7,1,5,9,2,3,2,9
38172,9,9,9,2,7,1,5,3,2,0,5
38173,9,9,9,9,7,1,5,7,2,0,8
38174,7,1,0,3,4,6,1,5,7,3,4
38175,8,2,7,5,9,7,8,4,6,9,8
38176,4,5,8,9,3,4,3,0,8,7,3
38177,3,0,1,4,5,3,2,6,1,1,1
38178,9,9,9,2,7,1,5,7,2,0,5
38179,3,0,1,4,5,3,2,6,1,1,1
38180,7,1,0,3,4,6,1,5,7,3,4
38181,4,5,8,9,3,4,3,0,8,7,3
38182,7,1,0,3,4,6,1,5,7,3,4
38183,8,2,7,5,9,7,8,4,6,9,8
38184,0,8,3,0,2,0,4,1,4,8,0
38185,9,9,9,2,7,1,5,3,2,0,5
38186,8,4,5,0,2,9,8,4,6,8,2
38187,4,5,8,9,3,4,3,3,8,7,3
38188,5,8,3,1,6,0,7,1,4,4,7
38189,9,9,9,2,7,1,5,7,2,0,5
38190,4,5,8,9,3,4,3,0,8,7,3
38191,8,2,5,5,9,9,8,4,6,9,8
38192,4,5,8,9,3,4,3,0,8,7,3
38193,2,3,4,6,8,2,6,8,9,5,6
38194,7,1,0,3,4,6,1,5,7,3,4
38195,6,5,2,7,1,5,9,2,3,2,9
38196,1,7,6,2,0,8,0,9,5,6,5
38197,6,0,2,4,1,5,9,2,1,2,9
38198,3,6,1,8,5,3,2,6,0,1,1
38199,7,1,0,3,4,6,1,5,7,3,4
38200,3,6,1,8,5,3,2,6,0,1,1
38201,8,2,7,5,9,7,8,4,6,9,8
38202,7,1,0,3,4,6,1,5,7,3,4
38203,0,4,7,0,2,7,4,1,4,8,0
38204,5,8,3,1,6,0,7,1,4,4,0
38205,8,2,7,5,9,7,8,4,6,9,8
38206,9,9,9,2,7,1,5,7,2,0,5
38207,9,9,9,2,7,1,5,7,2,0,5
38208,6,5,2,7,1,5,9,2,3,2,9
38209,8,2,7,5,9,7,8,4,6,9,8
38210,8,2,5,5,9,9,8,4,6,9,8
38211,2,0,4,4,8,2,6,3,1,5,6
38212,3,6,1,8,5,3,2,6,0,1,1
38213,8,2,5,5,9,9,8,4,6,9,8
38214,4,5,8,9,3,4,3,0,8,7,3
38215,8,2,5,5,9,9,8,4,6,9,8
38216,6,5,2,7,1,5,9,2,3,2,9
38217,2,9,4,2,8,2,6,3,2,5,8
38218,7,1,0,3,4,6,1,5,7,3,4
38219,4,0,8,4,3,4,3,3,1,7,3
38220,8,4,5,0,2,9,8,4,6,8,2
38221,6,5,2,7,1,5,9,2,3,2,9
38222,9,9,9,2,7,1,5,3,2,0,8
38223,7,1,0,3,4,6,1,5,7,3,4
38224,6,2,2,5,9,5,8,2,3,9,8
38225,9,9,9,2,7,1,5,7,2,0,5
38226,1,7,6,2,0,8,0,9,5,6,5
38227,8,5,7,5,9,7,8,4,8,9,8
38228,3,0,1,4,5,3,2,6,1,1,1
38229,8,2,7,5,9,7,8,4,6,9,8
38230,7,1,0,3,4,6,1,5,7,3,4
38231,3,0,1,4,5,3,2,6,1,1,1
38232,3,6,1,8,5,3,2,6,0,1,1
38233,8,2,7,5,9,7,8,4,6,9,8
38234,1,7,6,2,0,8,0,9,5,6,5
38235,9,9,9,2,7,1,5,7,2,0,5
38236,5,8,3,1,6,0,7,1,4,4,7
38237,2,3,4,6,8,2,6,3,9,5,6
38238,7,1,0,3,4,6,1,5,7,3,4
38239,7,1,0,3,4,6,1,5,7,3,4
38240,7,1,0,3,4,6,1,5,7,3,4
38241,7,1,0,3,4,6,1,5,7,3,4
38242,5,8,3,1,6,0,7,1,4,4,7
38243,8,2,5,5,9,9,8,4,6,9,8
38244,8,2,5,5,9,9,8,4,6,9,8
38245,2,3,4,6,8,2,6,8,9,5,6
38246,9,9,9,2,7,1,5,7,2,0,5
38247,8,2,7,5,9,7,8,4,6,9,8
38248,0,4,7,0,2,7,4,1,4,8,0
38249,2,3,4,6,8,2,6,8,9,5,6
38250,2,3,4,6,8,2,6,8,9,5,6
38251,2,3,4,6,8,2,6,3,9,5,8
38252,9,9,9,2,7,1,5,7,2,0,5
38253,4,5,2,7,1,5,3,3,3,2,3
38254,2,3,4,6,8,2,6,8,9,5,6
38255,8,2,5,5,9,9,8,4,6,9,8
38256,3,0,1,4,5,3,2,3,1,1,1
38257,8,2,5,5,9,9,8,4,6,9,8
38258,4,5,8,9,3,4,3,0,8,7,3
38259,9,5,9,2,7,1,5,3,2,0,5
38260,4,5,8,9,3,4,3,3,8,7,3
38261,6,5,2,7,1,5,9,2,3,2,9
38262,5,8,3,1,6,0,7,1,4,4,7
38263,9,9,9,2,7,1,5,7,2,0,5
38264,1,7,6,2,0,8,0,9,5,6,5
38265,8,2,7,5,9,7,8,4,6,9,8
38266,2,3,4,6,8,2,6,8,9,5,6
38267,8,2,4,5,9,2,8,3,2,9,8
38268,6,9,2,7,1,5,9,2,3,2,9
38269,9,9,9,5,7,1,5,7,2,0,8
38270,5,8,3,1,6,0,7,1,4,4,7
38271,2,3,4,6,8,2,6,8,9,5,6
38272,1,7,6,2,0,8,0,9,5,6,5
38273,8,2,7,5,9,7,8,8,9,9,8
38274,5,8,3,1,6,0,7,1,4,4,7
38275,4,0,4,4,8,2,3,3,1,5,3
38276,1,7,6,2,0,8,0,9,5,6,5
38277,2,3,4,6,8,2,6,8,9,5,6
38278,0,4,5,0,2,9,4,4,6,8,2
38279,8,2,7,5,9,7,8,4,6,9,8
38280,5,8,3,1,6,0,7,1,4,4,7
38281,2,3,4,6,8,2,6,8,9,5,6
38282,5,8,3,1,6,0,7,1,4,4,7
38283,2,3,4,6,8,2,6,8,9,5,6
38284,5,8,3,1,6,0,7,1,4,4,7
38285,9,9,9,2,7,1,5,3,2,0,5
38286,5,8,3,1,6,0,7,1,4,4,7
38287,9,9,9,2,7,1,5,7,2,0,5
38288,6,3,2,7,1,5,9,2,3,2,9
38289,3,0,1,4,5,3,2,6,1,1,1
38290,4,5,8,9,3,4,3,0,8,7,3
38291,8,2,5,5,9,9,8,4,6,9,8
38292,0,4,3,0,2,0,4,1,4,8,0
38293,8,2,7,5,9,7,8,4,6,9,8
38294,7,1,0,3,4,6,1,5,7,3,4
38295,9,9,9,2,7,1,5,3,2,0,5
38296,0,4,3,0,2,0,4,1,4,8,0
38297,3,0,1,4,5,3,2,6,1,1,1
38298,3,0,1,4,5,3,2,6,1,1,1
38299,4,5,8,9,3,4,3,0,8,7,3
38300,0,4,3,0,2,0,4,1,4,8,0
38301,8,2,7,5,9,7,8,3,6,9,8
38302,1,7,6,2,0,8,0,9,5,6,5
38303,9,9,9,2,7,1,5,7,2,0,5
38304,0,4,5,0,2,9,4,1,4,8,2
38305,9,9,9,2,7,1,5,7,2,0,5
38306,4,5,8,9,3,4,3,3,8,7,3
38307,6,5,2,7,1,5,9,2,3,2,9
38308,4,5,8,9,3,4,3,3,8,7,3
38309,2,3,4,6,8,2,6,8,9,5,6
38310,4,0,8,4,3,4,3,0,1,7,3
38311,9,9,9,2,7,1,5,7,2,0,5
38312,5,8,3,1,6,0,7,1,4,4,7
38313,9,9,9,2,7,1,5,7,2,0,5
38314,7,1,0,3,4,6,1,5,7,3,4
38315,7,6,0,8,4,6,1,6,0,3,4
38316,0,4,7,0,2,7,4,4,6,8,0
38317,1,7,6,2,0,8,0,9,5,6,5
38318,5,5,8,1,6,4,7,0,8,4,7
38319,7,1,0,3,4,6,1,8,7,3,4
38320,0,8,3,1,6,0,4,1,4,4,0
38321,5,8,3,1,6,0,7,1,4,4,4
38322,1,7,6,2,0,8,0,9,5,6,5
38323,0,4,7,0,2,7,4,4,6,8,0
38324,7,1,0,3,4,6,1,5,7,3,4
38325,7,1,0,3,4,6,1,5,7,3,4
38326,6,9,2,7,1,5,9,2,3,2,9
38327,4,5,8,9,3,4,3,0,8,7,3
38328,1,7,6,2,0,8,0,9,5,6,5
38329,0,4,7,0,2,7,4,4,6,8,5
38330,1,7,6,2,0,8,0,9,5,6,5
38331,6,5,2,7,1,5,9,8,3,2,9
38332,7,6,0,8,4,6,1,6,0,3,4
38333,0,4,3,0,2,0,4,1,4,8,0
38334,4,5,8,9,3,4,3,0,8,7,3
38335,3,6,1,8,5,3,2,6,0,1,1
38336,5,8,3,1,6,0,7,1,4,4,7
38337,1,7,6,2,0,8,0,9,5,6,5
38338,5,8,3,1,6,0,7,1,4,4,7
38339,1,7,6,2,0,8,0,9,5,6,5
38340,1,7,6,2,0,8,0,9,5,6,5
38341,7,1,0,3,4,6,1,5,7,3,4
38342,4,5,8,9,3,4,3,0,8,7,3
38343,0,4,7,0,2,7,4,9,5,8,0
38344,0,4,3,0,2,0,4,1,4,8,0
38345,0,4,7,0,2,7,4,1,4,8,0
38346,7,1,0,3,4,6,1,5,7,3,4
38347,4,5,8,9,3,4,3,0,8,7,3
38348,4,5,8,9,3,4,3,0,8,7,3
38349,8,2,7,5,9,7,8,4,6,9,8
38350,0,4,5,0,2,9,4,4,6,8,2
38351,2,3,4,6,8,2,6,8,9,5,6
38352,4,5,8,9,3,4,3,0,8,7,3
38353,0,4,3,0,2,7,4,1,4,8,0
38354,1,7,6,2,0,8,0,9,5,6,5
38355,3,6,1,8,5,3,2,6,0,1,1
38356,6,5,2,7,1,5,9,2,3,2,9
38357,1,7,6,2,0,8,0,9,5,6,5
38358,5,8,3,1,6,0,7,1,4,4,7
38359,1,9,6,2,0,8,0,9,5,6,5
38360,7,1,0,3,4,6,1,5,7,3,4
38361,7,1,0,3,4,6,1,5,7,3,4
38362,5,8,3,1,6,0,7,1,4,4,0
38363,0,4,7,0,2,7,4,1,4,8,0
38364,3,6,1,8,5,3,2,6,0,1,1
38365,2,3,4,6,8,2,6,8,9,5,6
38366,6,5,2,7,1,5,9,2,3,2,9
38367,4,5,8,9,3,4,3,0,8,7,3
38368,7,1,0,3,4,6,1,5,7,3,4
38369,0,4,6,0,2,8,4,9,5,8,0
38370,1,7,6,2,0,8,0,9,5,6,5
38371,4,5,8,9,3,4,3,0,8,7,3
38372,8,2,7,5,9,7,8,4,6,9,8
38373,8,2,7,5,9,7,8,4,6,9,8
38374,9,9,9,2,7,1,5,7,2,0,5
38375,8,2,7,5,9,7,8,4,6,9,8
38376,4,5,8,9,3,4,3,0,8,7,3
38377,7,1,0,3,4,6,1,5,7,3,4
38378,5,8,3,1,6,0,7,1,4,4,0
38379,5,5,8,9,6,4,7,0,8,4,7
38380,2,0,4,4,8,2,6,3,1,5,6
38381,6,3,2,7,1,5,9,2,3,2,9
38382,2,3,4,6,8,2,6,8,9,5,6
38383,7,1,0,3,4,6,1,5,7,3,4
38384,1,7,6,2,0,8,0,9,5,6,5
38385,9,9,9,2,7,1,5,7,2,0,5
38386,2,3,4,6,8,2,6,8,9,5,6
38387,2,3,4,6,8,2,6,8,9,5,6
38388,1,7,6,2,0,8,0,9,5,6,5
38389,9,9,9,2,7,1,5,7,2,0,8
38390,4,3,4,9,3,2,3,8,9,7,3
38391,2,3,4,6,8,2,6,8,9,5,6
38392,0,4,7,0,2,7,4,1,4,8,0
38393,4,5,8,9,3,4,3,3,8,7,3
38394,4,5,8,9,3,4,3,0,8,7,3
38395,0,4,3,0,2,0,4,1,4,8,0
38396,6,5,2,7,1,5,9,2,3,2,9
38397,9,9,9,2,7,1,5,7,2,0,5
38398,1,7,6,2,0,8,0,9,5,6,5
38399,7,1,0,3,4,6,1,5,7,3,4
38400,4,5,8,9,3,4,3,0,8,7,3
38401,6,5,2,7,1,5,9,2,3,2,9
38402,5,8,3,1,6,0,7,1,4,4,7
38403,6,2,2,7,1,5,9,2,3,2,9
38404,3,0,1,4,5,3,2,6,1,1,1
38405,2,3,4,6,8,2,6,8,9,5,6
38406,6,9,2,7,1,5,9,2,3,2,9
38407,5,8,3,1,6,0,7,1,4,4,7
38408,5,8,3,1,6,0,7,1,4,4,7
38409,7,1,0,3,4,6,1,7,7,3,4
38410,7,1,0,3,4,6,1,5,7,3,4
38411,3,6,1,8,5,3,2,6,0,1,1
38412,3,6,1,8,5,3,2,6,0,1,1
38413,1,7,6,2,0,8,0,9,5,6,5
38414,0,4,5,0,2,9,4,1,9,8,0
38415,9,9,9,2,7,1,5,7,2,0,5
38416,4,5,8,9,3,4,3,0,8,7,3
38417,6,5,2,7,1,5,9,2,3,2,9
38418,8,3,7,6,9,7,8,8,9,9,0
38419,0,4,7,0,2,7,4,1,4,8,0
38420,5,8,3,1,6,0,7,1,4,4,0
38421,4,5,8,9,3,4,3,0,8,7,3
38422,1,7,6,2,0,8,0,4,6,6,5
38423,2,3,4,6,8,2,6,8,9,5,6
38424,1,7,6,2,0,8,0,9,5,6,5
38425,9,9,9,2,7,1,5,7,2,0,5
38426,0,4,3,0,2,0,4,1,4,8,0
38427,7,1,0,3,4,6,1,5,7,3,4
38428,8,2,7,5,9,7,8,4,6,9,8
38429,3,6,1,8,5,3,2,6,0,1,1
38430,6,5,2,7,1,5,9,2,3,2,9
38431,4,5,8,9,3,4,3,0,8,7,3
38432,1,7,6,2,0,8,0,9,5,6,5
38433,2,3,4,6,8,2,6,8,9,5,6
38434,7,1,0,3,4,6,1,5,7,3,4
38435,7,1,0,3,4,6,1,5,7,3,4
38436,1,7,6,2,0,8,0,9,5,6,5
38437,8,2,5,5,9,9,8,4,6,9,2
38438,6,5,2,7,1,5,9,2,3,2,9
38439,7,3,0,6,4,6,1,8,9,3,4
38440,3,6,1,8,5,3,2,6,0,1,1
38441,2,3,4,6,8,2,6,8,9,5,6
38442,2,3,4,6,8,2,6,8,9,5,6
38443,0,4,7,0,2,7,4,1,4,8,0
38444,4,5,8,9,3,4,3,0,8,7,3
38445,7,1,0,3,4,6,1,5,7,3,4
38446,3,6,1,8,5,3,2,6,0,1,1
38447,0,4,7,0,2,7,4,4,6,8,8
38448,5,5,3,1,6,0,7,0,4,4,7
38449,9,9,9,2,7,1,5,7,2,0,5
38450,4,5,8,9,3,4,3,3,8,7,3
38451,7,1,0,3,4,6,1,8,7,3,4
38452,2,3,4,6,8,2,6,8,9,5,6
38453,2,3,4,6,8,2,6,8,9,5,6
38454,1,7,6,2,0,8,0,9,5,6,5
38455,9,9,9,2,7,1,5,7,2,0,5
38456,0,8,3,1,6,0,4,1,4,4,0
38457,8,2,7,5,9,7,8,4,6,9,8
38458,8,2,9,5,9,1,8,7,2,9,8
38459,2,7,4,2,8,2,6,9,5,5,5
38460,4,5,8,9,3,4,3,0,8,7,3
38461,3,6,1,8,5,3,2,6,0,1,1
38462,9,9,9,2,7,1,5,7,2,0,5
38463,1,7,6,2,0,8,0,9,5,6,5
38464,1,7,6,2,0,8,0,9,5,6,5
38465,1,7,6,2,0,8,0,9,5,6,5
38466,1,7,6,2,0,8,0,9,5,6,5
38467,5,8,3,1,6,0,7,1,4,4,7
38468,0,4,5,0,2,9,4,1,4,8,2
38469,7,9,0,3,4,6,1,7,7,3,4
38470,0,4,7,0,2,7,4,1,4,8,0
38471,4,5,8,9,3,4,3,0,8,7,3
38472,4,5,8,9,3,4,3,0,8,7,3
38473,3,6,1,8,5,3,2,6,0,1,1
38474,4,5,8,9,3,4,3,0,8,7,3
38475,8,4,7,0,2,7,4,4,6,8,0
38476,2,3,4,6,8,2,6,8,9,5,6
38477,9,9,9,2,7,1,5,3,2,0,5
38478,4,5,8,9,3,4,3,0,8,7,3
38479,4,5,8,9,3,4,3,3,8,7,3
38480,9,9,9,2,7,1,5,7,2,0,5
38481,2,3,4,6,8,2,6,8,9,5,6
38482,1,7,6,2,0,8,0,9,5,6,5
38483,2,0,4,4,8,2,6,3,1,5,6
38484,3,0,1,4,5,3,2,6,1,1,1
38485,6,0,2,4,1,5,9,3,1,2,9
38486,8,2,7,5,9,7,8,3,6,9,8
38487,9,9,9,2,7,1,5,7,2,0,5
38488,4,5,8,9,3,4,3,0,8,7,3
38489,2,3,4,6,8,2,6,8,9,5,6
38490,1,7,6,2,0,8,0,9,5,6,5
38491,4,5,8,9,3,4,3,0,8,7,3
38492,1,7,6,2,0,8,0,9,5,6,5
38493,5,8,3,1,6,0,7,1,4,4,7
38494,3,6,1,8,5,3,2,6,0,1,1
38495,7,1,0,3,4,6,1,5,7,3,4
38496,5,8,3,1,6,0,7,1,4,4,7
38497,3,6,1,8,5,3,2,6,0,1,1
38498,5,8,3,1,6,0,7,1,4,4,0
38499,9,9,9,2,7,1,5,7,2,0,5
38500,0,8,3,1,6,0,4,1,4,4,0
38501,3,0,1,4,5,3,2,6,1,1,1
38502,0,4,6,0,2,8,4,9,5,8,0
38503,8,2,7,5,9,7,8,4,6,9,8
38504,8,4,5,0,2,9,8,4,6,8,2
38505,9,9,9,2,7,1,5,7,2,0,8
38506,8,2,5,5,9,9,8,4,6,9,8
38507,7,1,0,3,4,6,1,5,7,3,4
38508,7,1,0,3,4,6,1,5,7,3,4
38509,2,3,4,6,8,2,6,8,9,5,6
38510,1,7,6,2,0,8,0,9,5,6,5
38511,4,5,8,9,3,4,3,0,8,7,3
38512,4,1,8,9,3,4,3,0,8,7,3
38513,7,1,0,3,4,6,1,5,7,3,4
38514,5,5,8,1,6,4,7,0,8,4,7
38515,8,2,7,5,9,7,8,4,6,9,8
38516,1,7,6,2,0,8,0,9,5,6,5
38517,9,9,9,5,7,1,5,7,2,0,8
38518,0,4,6,0,2,8,4,9,5,8,0
38519,8,2,7,5,9,7,8,4,6,9,0
38520,0,4,3,0,2,0,4,1,4,8,2
38521,8,2,5,5,9,9,8,4,6,9,8
38522,1,7,6,2,0,8,0,9,5,6,5
38523,3,6,1,8,5,3,2,6,0,1,1
38524,8,2,4,5,9,2,8,8,9,9,8
38525,9,9,9,2,7,1,5,7,2,0,5
38526,0,4,7,0,2,7,4,4,6,8,8
38527,6,5,2,7,1,5,9,2,3,2,9
38528,1,7,6,2,0,8,0,9,5,6,5
38529,7,1,0,3,4,6,1,5,7,3,4
38530,6,5,2,7,1,5,9,2,3,2,9
38531,0,4,3,1,2,0,4,1,4,8,0
38532,1,7,6,2,0,8,0,9,5,6,5
38533,2,3,4,6,8,2,6,3,9,5,6
38534,0,4,5,0,2,9,4,1,4,8,2
38535,4,5,8,9,3,4,3,0,8,7,3
38536,7,1,0,3,4,6,1,5,7,3,4
38537,8,4,5,0,9,9,8,4,6,9,2
38538,1,7,6,2,0,8,0,9,5,6,5
38539,8,2,7,5,9,7,8,4,6,9,8
38540,3,0,1,4,5,3,2,6,1,1,1
38541,8,2,7,5,9,7,8,4,6,9,8
38542,6,5,2,7,1,5,9,2,3,2,9
38543,3,0,1,4,5,3,2,6,1,1,1
38544,8,2,4,5,9,2,8,4,6,9,8
38545,9,9,9,2,7,1,5,7,2,0,5
38546,2,3,4,6,8,2,6,8,9,5,0
38547,6,5,2,7,1,5,9,2,3,2,9
38548,4,5,8,9,3,4,3,0,8,7,7
38549,2,3,4,6,8,2,6,8,9,5,6
38550,0,4,5,0,2,9,4,1,4,8,2
38551,5,8,3,1,6,0,7,1,4,4,7
38552,0,4,3,0,2,0,4,1,4,8,0
38553,9,9,9,2,7,1,5,7,2,0,5
38554,1,7,6,2,0,8,0,9,5,6,5
38555,4,5,8,9,3,4,3,3,8,7,3
38556,0,8,3,1,6,0,7,1,4,4,2
38557,8,2,5,5,9,9,8,4,6,9,8
38558,1,7,6,2,0,8,0,9,5,6,5
38559,8,2,7,5,9,7,8,3,6,9,8
38560,6,5,2,7,1,5,9,2,3,2,9
38561,9,9,9,2,7,1,5,7,2,0,5
38562,0,4,7,0,2,7,4,4,6,8,0
38563,6,5,2,7,1,5,9,2,3,2,9
38564,7,1,0,3,4,6,1,5,7,3,4
38565,2,3,4,6,8,2,6,8,9,5,6
38566,2,3,4,6,8,2,6,8,9,5,6
38567,4,0,8,9,3,4,3,0,8,7,3
38568,5,8,3,1,6,0,7,1,4,4,0
38569,9,9,9,2,7,1,5,7,2,0,5
38570,1,7,6,2,0,8,0,9,5,6,5
38571,4,5,8,9,3,4,3,3,8,7,3
38572,9,9,9,2,7,1,5,7,2,0,5
38573,3,0,1,4,5,3,2,6,1,1,1
38574,3,6,1,8,5,3,2,6,0,1,1
38575,8,2,7,5,9,7,8,4,6,9,8
38576,5,5,8,1,6,4,7,0,8,4,7
38577,9,9,9,2,7,1,5,7,2,0,5
38578,4,5,8,9,3,4,3,0,8,7,3
38579,3,0,1,4,5,3,2,3,1,1,1
38580,7,1,0,3,4,6,1,5,7,3,4
38581,2,3,4,6,8,2,6,8,9,5,6
38582,1,7,6,2,0,8,0,9,5,6,5
38583,4,5,7,9,3,7,3,0,8,7,3
38584,1,7,6,2,0,8,0,9,5,6,5
38585,9,9,9,2,7,1,5,7,2,0,5
38586,5,8,3,1,6,0,7,1,4,4,7
38587,8,2,7,5,9,7,8,4,6,9,8
38588,1,7,6,2,0,8,0,9,5,6,5
38589,8,2,7,5,9,2,8,3,6,9,8
38590,3,0,1,4,5,3,2,6,1,1,1
38591,9,9,9,2,7,1,5,7,2,0,5
38592,1,7,6,2,0,8,0,9,5,6,5
38593,7,1,0,3,4,6,1,5,7,3,4
38594,2,3,4,6,8,2,6,8,9,5,6
38595,9,9,9,2,7,1,5,7,2,0,5
38596,2,3,4,6,8,2,6,8,9,5,6
38597,8,2,7,5,9,7,8,4,6,9,8
38598,5,8,3,1,6,0,7,1,4,4,7
38599,3,0,1,4,5,3,2,6,1,1,1
38600,5,8,3,1,6,0,7,1,4,4,7
38601,8,2,7,5,9,7,8,3,6,9,8
38602,7,1,0,3,4,6,1,5,7,3,4
38603,8,2,7,5,9,7,8,4,6,9,8
38604,7,1,0,3,4,6,1,5,7,3,4
38605,9,9,9,7,7,1,5,3,2,0,9
38606,2,3,4,6,8,2,6,8,9,5,6
38607,0,4,3,0,2,0,4,1,4,8,2
38608,4,5,8,9,3,4,3,3,8,7,3
38609,6,5,2,7,1,5,9,2,3,2,9
38610,9,9,9,2,7,1,5,7,2,0,5
38611,8,2,7,5,9,7,8,4,6,9,8
38612,7,1,0,3,4,6,1,5,7,3,4
38613,2,3,4,6,8,2,6,8,9,5,6
38614,3,0,1,4,5,3,2,6,1,1,1
38615,8,2,5,5,9,9,8,4,6,9,2
38616,0,4,7,0,2,7,4,4,6,8,0
38617,6,5,2,7,1,5,9,2,3,2,9
38618,6,5,2,7,1,5,9,2,3,2,9
38619,8,2,7,5,9,7,8,4,6,9,0
38620,0,4,5,0,2,9,4,4,6,8,2
38621,8,2,5,5,9,9,8,4,6,9,8
38622,5,8,3,1,6,0,7,1,4,4,0
38623,2,3,4,6,8,2,6,8,9,5,6
38624,2,3,4,6,8,2,6,8,9,5,6
38625,8,2,7,5,9,7,8,4,6,9,8
38626,7,8,3,1,6,0,1,1,4,4,4
38627,7,1,0,3,4,6,1,5,7,3,4
38628,7,1,0,3,4,6,1,5,7,3,4
38629,9,9,9,2,7,1,5,7,2,0,5
38630,5,8,3,1,6,0,7,1,4,4,7
38631,5,2,7,5,9,7,8,0,6,9,8
38632,0,8,3,0,2,0,4,1,4,8,0
38633,4,5,8,9,3,4,3,3,8,7,3
38634,4,5,8,9,3,4,3,3,8,7,3
38635,6,5,2,7,1,5,9,2,3,2,9
38636,1,7,6,2,0,8,0,9,5,6,5
38637,6,5,2,7,1,5,9,2,3,2,9
38638,5,8,3,1,6,0,7,1,4,4,7
38639,8,2,5,5,9,9,8,4,6,9,8
38640,2,3,4,6,8,2,6,8,9,5,6
38641,8,2,7,5,9,7,8,4,6,9,8
38642,4,5,8,9,3,4,3,0,8,7,3
38643,4,5,8,9,3,4,3,3,8,7,3
38644,3,6,1,8,5,3,2,6,0,1,1
38645,5,5,7,9,3,7,7,0,8,7,7
38646,0,4,7,0,2,7,4,1,4,8,0
38647,8,2,7,5,9,7,8,4,6,9,8
38648,7,1,0,3,4,6,1,5,7,3,4
38649,6,5,2,7,1,5,9,2,3,2,9
38650,5,8,3,1,6,0,7,1,4,4,7
38651,8,2,7,5,9,7,8,4,6,9,8
38652,6,5,2,7,1,5,9,2,3,2,9
38653,2,3,4,6,8,2,6,8,9,5,6
38654,0,4,3,0,2,0,4,1,4,8,0
38655,9,9,9,2,7,1,5,3,2,0,5
38656,5,8,3,1,6,0,7,1,4,4,7
38657,7,1,0,3,4,6,1,5,7,3,4
38658,2,3,4,6,8,2,6,3,9,5,6
38659,4,5,8,9,3,4,3,0,8,7,3
38660,3,6,1,8,5,3,2,6,0,1,1
38661,4,5,8,9,3,4,3,0,8,7,3
38662,3,6,1,8,5,3,2,6,0,1,1
38663,3,0,1,4,8,3,2,3,1,1,1
38664,1,7,6,2,0,8,0,9,5,6,5
38665,6,5,2,7,1,5,9,2,3,2,9
38666,1,7,6,2,0,8,0,9,5,6,5
38667,6,5,2,7,1,5,9,2,3,2,9
38668,5,8,3,1,6,0,7,1,4,4,7
38669,5,8,3,1,6,0,7,1,4,4,7
38670,7,1,0,3,4,6,1,5,7,3,4
38671,5,8,3,1,6,0,7,1,4,4,7
38672,8,2,5,5,9,9,8,4,6,9,2
38673,8,2,7,5,9,7,8,4,6,9,8
38674,0,4,7,0,2,7,4,1,4,8,0
38675,9,9,9,2,7,1,5,7,2,0,5
38676,4,5,8,9,3,4,3,0,8,7,3
38677,9,9,9,2,7,1,5,7,2,0,5
38678,5,8,3,1,6,0,7,1,4,4,0
38679,6,5,2,7,1,5,9,2,3,2,9
38680,0,4,6,0,2,8,4,9,5,8,0
38681,4,5,8,9,3,4,3,3,8,7,3
38682,1,7,6,2,0,8,0,9,5,6,5
38683,9,9,9,2,7,1,5,7,2,0,5
38684,1,7,6,2,0,8,0,9,5,6,5
38685,8,2,7,5,9,7,8,4,6,9,8
38686,2,3,4,6,8,2,6,3,9,5,6
38687,7,1,0,3,4,6,1,5,7,3,4
38688,5,8,3,1,6,0,7,1,4,4,7
38689,9,9,9,2,7,1,5,7,2,0,5
38690,0,8,3,1,6,0,4,1,4,4,2
38691,3,0,1,4,5,3,2,6,1,1,1
38692,6,5,2,7,1,5,9,2,3,2,9
38693,2,0,4,4,8,2,6,8,1,5,6
38694,4,5,8,9,3,4,3,0,8,7,3
38695,4,5,8,9,3,4,3,3,8,7,3
38696,3,0,1,4,5,3,2,6,1,1,1
38697,9,9,9,2,7,1,5,7,2,0,5
38698,7,1,0,8,4,6,1,5,0,3,4
38699,4,5,8,9,3,4,3,0,8,7,3
38700,1,7,6,2,0,8,0,9,5,6,5
38701,8,2,7,5,9,7,8,4,6,9,7
38702,2,3,4,6,8,2,6,8,9,5,6
38703,4,5,8,9,3,4,3,0,8,7,3
38704,0,4,3,0,2,0,4,1,4,8,0
38705,8,2,5,5,9,9,8,4,6,9,8
38706,3,6,1,8,5,3,2,6,0,1,1
38707,9,9,9,2,7,1,5,7,2,0,5
38708,7,1,0,3,4,6,1,5,7,3,4
38709,9,9,9,2,7,1,5,7,2,0,5
38710,8,2,7,5,9,7,8,7,2,9,8
38711,8,2,5,5,9,9,8,4,6,9,8
38712,7,1,0,3,4,6,1,5,7,3,4
38713,9,9,9,2,7,1,5,7,2,0,5
38714,1,7,6,3,0,8,0,9,5,6,4
38715,6,5,2,7,1,5,9,2,3,2,9
38716,5,8,2,1,6,5,7,2,3,4,7
38717,8,2,7,5,9,7,8,4,2,9,8
38718,1,7,6,2,0,8,0,9,5,6,5
38719,2,3,4,6,8,2,6,3,9,5,6
38720,6,5,2,7,1,5,9,2,3,2,9
38721,4,5,8,9,3,4,3,0,8,7,3
38722,3,6,1,8,5,3,2,6,0,1,1
38723,8,2,5,5,9,9,8,4,6,9,2
38724,1,7,6,2,0,8,0,9,5,6,5
38725,2,3,4,6,8,2,6,8,9,5,6
38726,7,1,0,3,4,6,1,5,7,3,4
38727,0,4,7,0,2,7,4,4,6,8,0
38728,8,2,5,5,9,9,8,4,6,9,2
38729,3,6,1,8,5,3,2,6,0,1,1
38730,4,5,8,9,3,4,3,0,8,7,3
38731,9,9,9,2,7,1,5,7,2,0,5
38732,7,1,0,3,4,6,1,5,7,3,4
38733,6,5,2,7,1,5,9,2,3,2,9
38734,2,3,4,6,8,2,6,8,9,5,6
38735,7,1,0,3,4,6,1,5,7,3,4
38736,9,9,9,2,7,1,5,7,2,0,5
38737,8,2,7,5,9,7,8,4,6,9,8
38738,8,2,5,5,9,9,8,4,6,9,8
38739,2,0,4,4,8,2,6,5,1,5,6
38740,0,4,7,0,2,7,4,4,6,8,0
38741,4,5,8,9,3,4,3,0,8,7,3
38742,2,3,4,6,8,2,6,8,9,5,6
38743,8,2,5,5,9,9,8,4,6,9,2
38744,3,6,1,8,5,3,2,6,0,1,1
38745,2,3,4,6,8,2,6,8,9,5,6
38746,7,1,0,3,4,6,1,5,7,3,4
38747,8,2,7,5,9,7,8,8,2,9,8
38748,5,8,3,1,6,0,7,1,4,4,7
38749,3,6,1,8,5,3,2,6,0,1,1
38750,1,7,6,2,0,8,0,9,5,6,5
38751,9,9,9,2,7,1,5,7,2,0,5
38752,7,1,0,3,4,6,1,5,7,3,4
38753,6,5,2,7,1,5,9,2,3,2,9
38754,5,5,8,1,6,4,7,0,8,4,7
38755,7,1,0,3,4,6,1,5,7,3,4
38756,2,3,4,6,8,2,6,8,9,5,6
38757,8,2,7,5,9,7,8,4,6,9,8
38758,0,4,5,0,2,9,4,4,6,8,2
38759,2,2,7,5,8,7,6,3,6,5,8
38760,7,1,0,3,4,6,1,5,7,3,4
38761,4,5,8,9,3,4,3,0,8,7,3
38762,7,1,0,3,4,6,1,5,7,3,4
38763,0,4,5,0,2,9,4,4,6,8,2
38764,1,7,6,2,0,8,0,9,5,6,5
38765,2,3,4,6,8,2,6,8,9,5,6
38766,3,6,1,8,5,3,2,6,0,1,1
38767,8,2,7,5,9,7,8,4,6,9,8
38768,0,4,3,0,2,0,4,1,4,8,0
38769,9,9,9,2,7,1,5,7,2,0,5
38770,4,5,8,9,3,4,3,0,8,7,3
38771,7,1,0,3,4,6,1,5,7,3,4
38772,0,4,3,0,2,0,4,1,4,8,0
38773,3,0,1,4,5,3,2,5,1,1,1
38774,1,7,6,2,0,8,0,9,5,6,5
38775,0,4,7,0,2,7,4,4,6,8,0
38776,0,4,5,0,2,9,4,4,6,8,2
38777,0,4,7,0,2,7,4,4,6,8,0
38778,0,4,5,0,2,7,4,8,6,8,0
38779,9,9,9,2,7,1,5,7,2,0,5
38780,2,3,4,6,8,2,6,3,9,5,6
38781,0,4,5,0,2,9,4,4,6,8,2
38782,4,5,8,9,3,4,3,3,8,7,3
38783,8,2,5,5,9,9,8,4,6,9,2
38784,9,5,2,2,7,5,5,2,2,0,5
38785,6,5,2,7,1,5,9,2,3,2,9
38786,5,8,3,1,6,0,7,1,4,4,7
38787,9,9,9,2,7,1,5,7,2,0,5
38788,5,8,3,1,6,0,7,1,4,4,7
38789,8,2,7,5,9,7,8,4,2,9,8
38790,6,5,2,7,1,5,9,3,3,2,9
38791,6,1,2,7,1,5,9,2,3,2,9
38792,7,1,0,3,4,6,1,5,7,3,4
38793,5,5,3,7,6,0,7,1,4,4,7
38794,0,4,5,0,2,9,4,4,6,8,2
38795,8,2,5,5,9,9,8,4,6,9,8
38796,4,5,8,9,3,4,3,0,8,7,7
38797,7,1,0,3,4,6,1,5,7,3,4
38798,7,1,0,3,4,6,1,5,7,3,4
38799,7,1,0,3,4,6,1,5,7,3,4
38800,9,9,9,2,7,1,5,7,2,0,5
38801,2,3,4,6,8,2,6,3,9,5,6
38802,3,0,1,4,5,3,2,6,1,1,1
38803,5,8,7,1,6,0,7,1,4,4,7
38804,7,1,0,3,4,6,1,5,7,3,4
38805,2,3,4,6,8,2,6,8,9,5,6
38806,1,7,6,2,0,8,0,9,5,6,5
38807,2,3,4,6,8,2,6,8,9,5,6
38808,3,6,1,8,5,3,2,6,0,1,1
38809,0,4,7,0,2,7,4,4,6,8,0
38810,1,4,6,0,2,8,4,9,5,8,2
38811,7,1,0,3,4,6,1,5,7,3,4
38812,0,8,3,0,2,0,4,1,4,8,0
38813,0,4,7,0,2,7,4,4,6,8,0
38814,8,2,5,5,9,9,8,4,6,9,2
38815,6,5,2,7,1,5,9,2,3,2,9
38816,3,6,1,8,5,3,2,6,0,1,1
38817,2,0,4,4,8,2,6,3,1,5,6
38818,2,2,4,6,8,2,6,8,9,5,8
38819,8,2,5,5,9,9,8,4,6,9,2
38820,4,5,8,9,3,4,3,0,8,7,7
38821,8,2,7,5,9,7,8,4,6,9,8
38822,5,8,3,1,6,0,7,1,4,4,7
38823,9,9,9,2,7,1,5,7,2,0,5
38824,1,7,6,2,0,8,0,9,5,6,5
38825,6,5,2,7,1,5,9,2,3,2,9
38826,7,1,0,3,4,6,1,5,7,3,4
38827,7,1,0,3,4,6,1,5,7,3,4
38828,1,7,6,2,0,8,0,9,5,6,5
38829,8,4,7,0,9,7,8,4,6,9,0
38830,7,1,0,3,4,6,1,5,7,3,4
38831,9,9,9,2,7,1,5,7,2,0,5
38832,7,1,0,3,4,6,1,5,7,3,4
38833,4,5,8,9,3,4,3,0,8,7,3
38834,5,8,3,1,6,0,7,1,4,4,7
38835,3,0,1,4,5,3,2,6,1,1,1
38836,0,4,5,0,2,9,4,1,4,8,2
38837,9,9,9,2,7,1,5,7,2,0,5
38838,0,4,5,0,2,9,4,4,6,8,2
38839,6,5,2,7,1,5,9,2,3,2,9
38840,1,7,6,2,0,8,0,9,5,6,5
38841,7,1,0,3,4,6,1,8,7,3,4
38842,2,3,4,6,8,2,6,3,9,5,6
38843,2,0,4,4,8,2,6,3,1,5,6
38844,2,3,4,6,8,2,6,8,9,5,6
38845,9,9,9,2,7,1,5,7,2,0,5
38846,5,8,3,1,6,0,7,1,4,4,7
38847,9,9,9,2,7,1,5,7,2,0,5
38848,7,1,0,3,4,6,1,5,7,3,4
38849,7,1,0,3,4,6,1,8,7,3,4
38850,4,1,8,9,3,4,3,0,8,7,3
38851,2,3,4,6,8,2,6,8,9,5,6
38852,0,4,7,0,2,7,4,1,4,8,0
38853,4,5,8,9,3,4,3,0,8,7,3
38854,4,5,8,9,3,4,3,0,8,7,3
38855,8,2,7,5,9,7,8,4,6,9,8
38856,4,5,8,9,3,4,3,3,8,7,3
38857,0,4,5,0,2,9,4,4,6,8,2
38858,2,3,4,6,8,2,6,8,9,5,6
38859,6,1,2,7,1,5,9,2,3,2,9
38860,9,9,9,2,7,1,5,7,2,0,5
38861,4,5,8,9,3,4,3,0,8,7,3
38862,6,3,2,7,1,5,9,2,3,2,9
38863,2,3,4,6,8,2,6,8,9,5,6
38864,0,4,7,0,2,7,4,3,5,8,0
38865,3,6,1,8,5,3,2,6,0,1,1
38866,7,3,0,6,4,6,1,8,9,3,4
38867,7,1,0,3,4,6,1,5,7,3,4
38868,1,7,6,2,0,8,0,9,5,6,5
38869,0,4,5,0,2,9,4,1,4,8,2
38870,2,3,4,6,8,2,6,8,9,5,6
38871,0,4,7,0,2,7,4,4,6,8,0
38872,5,8,3,1,6,0,7,1,4,4,7
38873,3,6,1,8,5,3,2,6,0,1,1
38874,3,6,1,8,5,3,2,6,0,1,1
38875,4,5,8,9,3,4,3,0,8,7,3
38876,4,5,4,2,8,2,3,3,8,5,3
38877,8,2,7,5,9,7,8,4,6,9,8
38878,7,1,0,3,4,6,1,5,7,3,4
38879,6,5,2,7,1,5,9,2,3,2,9
38880,0,4,7,0,2,7,4,4,6,8,0
38881,4,5,8,9,3,4,3,0,8,7,3
38882,0,4,4,0,2,2,4,5,9,8,2
38883,2,0,4,4,8,2,6,3,1,5,6
38884,6,5,2,7,1,5,9,2,3,2,9
38885,4,5,8,9,3,4,3,0,8,7,3
38886,6,5,2,7,1,5,9,2,3,2,9
38887,0,4,7,0,2,7,4,4,6,8,0
38888,7,1,0,3,4,6,1,5,7,3,4
38889,3,0,1,4,5,3,2,6,1,1,1
38890,1,7,6,0,0,8,0,9,5,6,0
38891,5,8,7,1,6,7,7,1,4,4,7
38892,2,3,4,6,8,2,6,8,9,5,6
38893,3,0,1,4,5,3,2,6,1,1,1
38894,7,1,0,3,4,6,1,5,7,3,4
38895,4,5,8,9,3,4,3,3,8,7,3
38896,2,3,4,6,8,2,6,8,9,5,6
38897,9,9,9,2,7,1,5,7,2,0,5
38898,5,8,2,1,6,5,7,2,3,4,7
38899,8,2,7,5,9,7,8,4,6,9,8
38900,7,1,0,3,4,6,1,5,7,3,4
38901,6,5,2,7,1,5,9,2,3,2,9
38902,7,1,0,3,4,6,1,5,7,3,4
38903,3,6,1,8,5,3,2,6,0,1,1
38904,7,1,3,3,4,0,1,1,4,3,4
38905,8,4,7,5,9,7,8,4,6,9,0
38906,5,8,3,1,6,0,7,1,4,4,7
38907,2,3,4,6,8,2,6,3,9,5,6
38908,1,7,6,2,0,8,0,9,5,6,5
38909,9,9,9,2,7,1,5,7,2,0,5
38910,0,4,7,0,2,7,4,1,4,8,0
38911,7,1,0,3,4,6,1,3,7,3,4
38912,0,3,4,6,2,2,4,8,9,8,0
38913,0,4,5,0,2,9,4,4,6,8,2
38914,4,5,8,9,3,4,3,0,8,7,3
38915,4,5,8,9,3,4,3,0,8,7,3
38916,0,4,5,0,2,9,4,4,6,8,2
38917,0,4,7,0,2,7,4,1,4,8,0
38918,1,7,9,2,0,1,0,7,5,6,5
38919,9,2,7,5,7,7,5,7,2,0,8
38920,0,4,6,0,2,8,4,9,5,8,0
38921,8,2,5,5,9,9,8,4,6,9,2
38922,0,4,3,0,2,0,4,1,4,8,0
38923,8,2,5,5,9,9,8,4,6,9,8
38924,6,5,2,7,1,5,9,2,3,2,9
38925,4,5,8,9,3,4,3,0,8,7,3
38926,3,6,1,8,5,3,2,6,0,1,1
38927,7,1,0,3,4,6,1,5,7,3,4
38928,1,7,6,2,0,8,0,9,5,6,5
38929,3,6,1,8,5,3,2,6,0,1,1
38930,0,4,3,0,2,0,4,1,4,8,0
38931,7,1,0,3,4,6,1,5,7,3,4
38932,7,1,0,3,4,6,1,5,7,3,4
38933,4,5,8,9,3,4,3,0,8,7,3
38934,7,1,0,3,4,6,1,5,7,3,4
38935,6,5,2,7,1,5,9,2,3,2,9
38936,5,8,3,1,6,0,7,1,4,4,7
38937,6,5,2,7,1,5,9,2,3,2,9
38938,0,4,7,0,2,7,4,1,4,8,0
38939,3,6,1,8,5,3,2,6,0,1,1
38940,2,3,4,6,8,2,6,3,9,5,6
38941,1,7,6,2,0,8,0,9,5,6,5
38942,7,3,0,6,4,6,1,8,9,3,4
38943,8,4,5,5,9,9,8,4,6,9,2
38944,2,3,4,6,8,2,6,8,9,5,6
38945,2,3,4,6,8,2,6,8,9,5,6
38946,3,6,1,8,5,3,2,6,0,1,1
38947,8,2,7,5,9,7,8,4,6,9,8
38948,7,1,0,3,4,6,1,5,7,3,4
38949,3,6,1,8,5,3,2,6,0,1,1
38950,5,8,3,1,6,0,7,1,4,4,0
38951,1,7,6,2,0,8,0,9,5,6,5
38952,6,5,2,7,1,5,9,2,3,2,9
38953,6,5,2,7,1,5,9,2,3,2,9
38954,0,4,3,0,2,0,4,1,4,8,2
38955,7,1,0,3,4,6,1,5,7,3,4
38956,2,3,4,6,8,2,6,8,9,5,5
38957,0,4,7,0,2,7,4,1,4,8,0
38958,9,5,9,2,7,1,5,3,2,0,5
38959,2,3,4,6,8,2,6,8,9,5,6
38960,5,8,3,1,6,0,7,1,4,4,7
38961,4,5,8,9,3,4,3,0,8,7,3
38962,6,5,2,7,1,5,9,2,3,2,9
38963,3,6,1,8,5,3,2,6,0,1,1
38964,0,4,3,0,2,0,4,1,4,8,2
38965,1,7,6,2,0,8,0,9,5,6,5
38966,5,8,3,1,6,0,7,1,4,4,0
38967,2,3,4,6,8,2,6,8,9,5,6
38968,1,7,6,2,0,8,0,9,5,6,5
38969,9,9,9,2,7,1,5,7,2,0,5
38970,7,1,0,3,4,6,1,5,7,3,4
38971,2,3,4,6,8,2,6,8,9,5,6
38972,8,2,5,5,9,9,8,4,6,9,8
38973,5,8,3,1,6,0,7,1,4,4,7
38974,1,7,6,2,0,8,0,9,5,6,5
38975,1,7,6,2,0,8,0,9,5,6,5
38976,9,9,9,2,7,1,5,7,2,0,5
38977,2,3,4,6,8,2,6,8,9,5,6
38978,8,2,7,5,9,7,8,4,6,9,8
38979,2,3,4,6,8,2,6,8,9,5,6
38980,9,9,9,2,7,1,5,7,2,0,5
38981,1,7,6,2,0,8,0,9,5,6,5
38982,4,5,6,3,3,8,3,3,7,7,3
38983,7,1,0,3,4,6,1,5,7,3,4
38984,5,8,3,1,6,0,7,1,4,4,7
38985,1,7,6,2,0,8,0,9,5,6,5
38986,0,4,6,2,2,8,4,9,5,8,5
38987,2,3,4,6,8,2,6,8,9,5,6
38988,4,5,8,9,3,4,3,0,8,7,3
38989,7,1,0,3,4,6,1,5,7,3,4
38990,0,4,3,0,2,0,4,1,4,8,0
38991,7,1,0,3,4,6,1,5,7,3,4
38992,0,8,3,1,6,0,4,1,4,4,0
38993,7,0,0,4,4,6,1,5,1,3,4
38994,0,4,3,0,2,0,4,1,4,8,2
38995,8,2,7,5,9,7,8,4,6,9,8
38996,1,7,6,2,0,8,0,9,5,6,5
38997,5,9,9,2,7,1,7,7,2,0,7
38998,7,1,0,3,4,6,1,2,7,3,4
38999,8,2,7,5,9,7,8,4,6,9,8
39000,5,8,3,1,6,0,7,1,4,4,7
39001,2,3,4,6,8,2,6,8,9,5,6
39002,6,0,2,7,1,5,9,2,3,2,9
39003,8,2,5,5,9,9,8,4,6,9,2
39004,4,5,8,9,3,4,3,0,8,7,3
39005,2,3,4,6,8,2,6,8,9,5,6
39006,2,3,4,6,8,2,6,8,9,5,6
39007,9,9,9,2,7,1,5,7,2,0,5
39008,7,1,0,3,4,6,1,5,7,3,4
39009,8,2,5,5,9,9,8,4,6,9,2
39010,1,4,6,0,0,8,0,9,5,6,0
39011,2,3,4,6,8,2,6,8,9,5,6
39012,1,7,6,2,0,8,0,9,5,6,5
39013,8,2,5,5,9,9,8,4,6,9,8
39014,0,4,5,0,2,0,4,1,4,8,2
39015,9,9,9,2,7,1,5,3,2,0,5
39016,5,8,3,1,6,0,7,1,4,4,7
39017,9,9,9,2,7,1,5,7,2,0,5
39018,1,7,6,2,0,8,0,9,5,6,5
39019,4,5,8,9,3,4,3,0,8,7,3
39020,1,7,6,2,0,8,0,9,5,6,5
39021,9,9,9,2,7,1,5,7,2,0,5
39022,6,5,2,7,1,5,9,2,3,2,9
39023,3,0,1,4,5,3,2,6,1,1,1
39024,5,8,3,1,6,0,7,1,4,4,7
39025,8,2,7,5,9,7,8,4,6,9,8
39026,8,2,5,5,9,9,8,4,6,9,8
39027,9,9,9,2,7,1,5,3,2,0,8
39028,3,6,1,8,5,3,2,6,0,1,1
39029,3,6,1,8,5,3,2,6,0,1,1
39030,5,8,3,1,6,0,7,1,4,4,0
39031,2,3,4,6,8,2,6,8,9,5,6
39032,6,5,2,7,1,5,9,2,3,2,9
39033,9,9,9,2,7,1,5,7,2,0,5
39034,5,8,3,1,6,0,7,1,4,4,7
39035,2,3,4,6,8,2,6,8,9,5,6
39036,7,1,0,3,4,6,1,3,7,3,4
39037,3,6,1,8,5,3,2,6,0,1,1
39038,0,8,3,0,6,0,4,1,4,4,2
39039,3,6,1,8,5,3,2,6,0,1,1
39040,1,7,6,3,0,8,0,9,5,6,5
39041,9,9,9,2,7,1,5,7,2,0,5
39042,6,1,2,7,1,5,9,2,3,2,9
39043,4,5,8,9,3,4,3,0,8,7,3
39044,3,6,1,8,5,3,2,6,0,1,1
39045,4,5,8,9,3,4,3,0,8,7,3
39046,5,8,3,1,6,0,7,1,4,4,7
39047,5,8,3,1,6,0,7,1,4,4,7
39048,8,2,5,5,9,9,8,4,6,9,8
39049,9,9,9,2,7,1,5,7,2,0,5
39050,3,6,1,8,5,3,2,6,0,1,1
39051,9,9,9,2,7,1,5,7,2,0,5
39052,1,7,6,2,0,8,0,9,5,6,5
39053,8,2,5,5,9,9,8,4,6,9,8
39054,3,6,1,8,5,3,2,6,0,1,1
39055,3,6,1,8,5,3,2,6,0,1,1
39056,0,4,5,0,2,9,4,1,4,8,2
39057,1,7,6,2,0,8,0,9,5,6,5
39058,0,4,3,0,2,0,4,1,4,8,0
39059,6,5,2,7,1,5,9,2,3,2,9
39060,0,4,5,0,2,9,4,1,4,8,0
39061,7,1,0,3,4,6,1,5,7,3,4
39062,8,2,7,5,9,7,8,4,6,9,8
39063,0,4,7,0,2,7,4,4,6,8,0
39064,0,4,7,0,2,7,4,1,4,8,0
39065,2,0,4,6,8,2,6,3,9,5,6
39066,7,1,0,3,4,6,1,5,7,3,4
39067,4,5,8,9,3,4,3,0,8,7,3
39068,2,3,4,6,8,2,6,8,9,5,6
39069,8,2,5,5,9,9,8,4,6,9,8
39070,2,3,4,6,8,2,6,9,9,5,6
39071,2,3,4,6,8,2,6,8,9,5,6
39072,1,7,6,2,0,8,0,9,5,6,5
39073,0,4,7,0,2,7,4,1,4,8,0
39074,1,7,6,2,0,8,0,9,5,6,5
39075,3,6,1,8,5,3,2,6,0,1,1
39076,1,7,6,2,0,8,0,9,5,6,5
39077,1,7,6,2,0,8,0,9,5,6,5
39078,5,8,3,1,6,0,7,1,4,4,7
39079,6,5,2,7,1,5,9,2,3,2,9
39080,5,8,3,1,6,0,7,1,4,4,7
39081,7,1,0,3,4,6,1,5,7,3,4
39082,0,4,5,0,2,9,4,4,6,8,2
39083,0,4,3,0,2,0,4,1,4,8,0
39084,1,7,6,2,0,8,0,9,5,6,5
39085,7,0,0,4,4,6,1,5,1,3,6
39086,4,5,8,9,3,4,3,0,8,7,3
39087,4,5,8,9,3,4,3,0,8,7,3
39088,0,4,5,0,2,9,4,1,4,8,2
39089,8,2,5,5,9,9,8,4,6,9,8
39090,6,5,2,7,1,5,9,2,3,2,9
39091,2,3,4,6,8,2,6,8,9,5,6
39092,9,9,9,2,7,1,5,7,2,0,5
39093,3,6,1,8,5,3,2,6,0,1,1
39094,7,3,0,3,4,6,1,8,9,3,4
39095,1,7,6,2,0,8,0,9,5,6,5
39096,8,2,7,5,9,7,8,4,6,9,8
39097,6,9,2,7,1,5,9,2,3,2,9
39098,4,5,8,9,3,4,3,0,8,7,3
39099,7,1,0,3,4,6,1,5,7,3,4
39100,7,1,0,3,4,6,1,5,7,3,4
39101,0,4,3,0,2,0,4,1,4,8,0
39102,9,9,9,2,7,1,5,7,2,0,5
39103,7,1,0,3,4,6,1,5,7,3,4
39104,2,3,4,6,8,2,6,8,9,5,6
39105,4,5,8,9,3,4,3,0,8,7,3
39106,9,9,9,2,7,1,5,7,2,0,5
39107,8,2,5,5,9,9,8,7,2,9,8
39108,7,1,0,3,4,6,1,5,7,3,4
39109,2,3,4,6,8,2,6,8,9,5,6
39110,5,8,3,1,6,0,7,1,4,4,7
39111,0,4,3,0,2,0,4,1,4,8,0
39112,4,5,8,9,3,4,3,3,8,7,3
39113,0,4,5,0,2,9,4,4,6,8,2
39114,2,3,4,6,8,2,6,8,9,5,6
39115,3,0,1,4,5,3,2,6,1,1,1
39116,7,1,0,3,4,6,1,5,7,3,4
39117,4,4,7,0,2,7,3,3,8,8,0
39118,6,5,2,7,1,5,9,2,3,2,9
39119,3,0,1,4,5,3,2,6,1,1,1
39120,7,1,0,3,4,6,1,5,7,3,4
39121,4,5,8,9,3,4,3,0,8,7,3
39122,7,1,0,3,4,6,1,5,7,3,4
39123,4,5,8,9,3,4,3,3,8,7,3
39124,2,3,4,6,8,2,6,8,9,5,6
39125,7,1,0,3,4,6,1,5,7,3,4
39126,7,1,0,3,4,6,1,8,9,3,4
39127,7,1,0,3,4,6,1,5,7,3,4
39128,5,8,3,1,6,0,7,1,4,4,7
39129,8,2,7,5,9,7,8,4,6,9,8
39130,6,5,2,7,1,5,9,2,3,2,9
39131,2,3,4,6,8,2,6,8,9,5,6
39132,7,1,0,3,4,6,1,5,7,3,4
39133,8,2,5,5,9,9,8,4,6,9,2
39134,5,8,3,1,6,0,7,1,4,4,7
39135,2,3,4,6,8,2,6,8,9,5,6
39136,7,1,0,3,4,6,1,5,7,3,4
39137,4,5,8,9,3,4,3,0,8,7,3
39138,1,7,6,2,0,8,0,9,5,6,5
39139,0,4,7,0,2,7,4,4,6,8,0
39140,7,1,0,3,4,6,1,5,7,3,4
39141,2,3,4,6,8,2,6,8,9,5,6
39142,7,1,0,3,4,6,1,5,7,3,4
39143,7,1,0,3,4,6,1,5,7,3,4
39144,8,3,7,6,9,7,8,8,6,9,6
39145,6,5,2,7,1,5,9,2,3,2,9
39146,1,7,6,2,0,8,0,9,5,6,5
39147,6,5,2,7,1,5,9,2,3,2,9
39148,0,4,7,0,2,7,4,9,5,8,0
39149,2,3,4,6,8,2,6,8,9,5,6
39150,5,8,3,1,6,0,7,1,4,4,7
39151,2,3,4,6,8,2,6,3,9,5,6
39152,1,7,6,2,0,8,0,9,5,6,5
39153,6,5,2,7,1,5,9,2,3,2,9
39154,4,5,8,9,3,4,3,3,8,7,3
39155,3,0,1,4,5,3,2,6,1,1,1
39156,7,6,0,8,4,6,1,5,0,3,4
39157,9,9,9,2,7,1,5,7,2,0,5
39158,7,1,0,3,4,6,1,5,7,3,4
39159,1,7,6,2,0,8,0,9,5,6,5
39160,1,7,6,2,0,8,0,9,5,6,5
39161,6,5,2,7,1,5,9,2,3,2,9
39162,6,5,2,7,1,5,9,2,3,2,9
39163,0,4,7,0,2,7,4,8,6,8,0
39164,4,5,8,9,3,4,3,3,8,7,3
39165,4,5,8,9,3,4,3,0,8,7,3
39166,5,8,3,1,6,0,7,1,4,4,7
39167,2,3,4,6,8,2,6,8,9,5,6
39168,6,1,2,7,1,5,9,2,3,2,9
39169,9,9,9,2,7,1,5,7,2,0,5
39170,6,5,2,7,1,5,9,2,3,2,9
39171,6,5,2,7,1,5,9,2,3,2,9
39172,0,4,3,0,2,0,4,1,4,8,0
39173,1,7,6,2,0,8,0,9,5,6,5
39174,5,8,3,1,6,0,7,1,4,4,0
39175,3,0,1,4,5,3,2,6,1,1,1
39176,7,1,0,3,4,6,1,5,7,3,4
39177,4,5,8,9,3,4,3,0,8,7,3
39178,9,3,9,2,7,1,5,8,9,0,5
39179,5,4,3,1,2,0,4,1,4,8,7
39180,4,5,8,9,3,4,3,0,8,7,3
39181,7,1,0,3,4,6,1,5,7,3,4
39182,5,8,3,1,6,0,7,1,4,4,7
39183,8,2,5,5,9,9,8,4,6,9,8
39184,0,4,5,0,2,9,4,4,4,8,2
39185,9,9,9,2,7,1,5,7,2,0,5
39186,0,4,7,0,2,7,4,1,4,8,0
39187,2,3,4,6,8,2,6,8,9,5,6
39188,4,5,8,9,3,4,3,0,8,7,3
39189,7,1,0,3,4,6,1,5,7,3,6
39190,8,2,5,5,9,9,8,4,6,9,2
39191,2,3,4,6,8,2,6,8,9,5,6
39192,0,4,7,0,2,7,4,1,4,8,0
39193,9,9,9,2,7,1,5,7,2,0,5
39194,2,3,4,6,8,2,6,3,9,5,6
39195,8,2,7,5,9,7,8,4,6,9,8
39196,1,7,6,2,0,8,0,9,5,6,5
39197,9,9,9,2,7,1,5,3,2,0,8
39198,7,1,0,3,4,6,1,5,7,3,4
39199,8,2,7,5,9,7,8,4,6,9,8
39200,4,5,8,9,3,4,3,0,8,7,3
39201,2,3,4,6,8,2,6,8,9,5,6
39202,3,6,1,8,5,3,2,6,0,1,1
39203,6,5,2,7,1,5,9,2,3,2,9
39204,5,8,3,1,6,0,7,1,4,4,7
39205,4,5,8,9,3,4,3,0,8,7,3
39206,4,5,8,9,3,4,3,0,8,7,3
39207,3,0,1,4,5,3,2,6,1,1,1
39208,5,8,3,1,6,0,7,1,4,4,7
39209,8,2,7,5,9,7,8,3,6,9,8
39210,6,5,2,2,1,5,9,2,3,2,5
39211,9,9,9,2,7,1,5,3,2,0,8
39212,4,5,8,9,3,4,3,0,8,7,3
39213,3,0,1,4,5,3,2,6,1,1,1
39214,7,1,0,3,4,6,1,5,7,3,4
39215,7,1,0,3,4,6,1,5,7,3,6
39216,6,5,2,7,1,5,9,2,3,2,9
39217,9,9,9,2,7,1,5,7,2,0,5
39218,5,8,3,1,6,0,7,1,4,4,7
39219,2,3,4,6,8,2,6,8,9,5,6
39220,3,0,1,4,5,3,2,6,1,1,1
39221,4,5,8,9,3,4,3,3,8,7,3
39222,2,3,4,6,8,2,6,8,9,5,6
39223,8,2,5,5,9,9,8,4,6,9,8
39224,3,0,1,4,5,3,2,6,1,1,1
39225,9,9,9,2,7,1,5,3,2,0,5
39226,4,5,8,9,3,4,3,0,8,7,3
39227,0,4,5,0,2,9,4,1,4,8,2
39228,9,9,9,2,7,1,5,7,2,0,5
39229,8,4,7,0,2,7,8,4,6,8,0
39230,5,8,3,1,6,0,7,1,4,4,7
39231,7,0,0,4,4,6,1,5,1,3,4
39232,1,7,6,2,0,8,0,9,5,6,5
39233,3,0,1,4,5,3,2,6,1,1,1
39234,8,2,6,2,9,8,8,4,6,9,8
39235,7,1,0,3,4,6,1,5,7,3,4
39236,3,6,1,8,5,3,2,6,0,1,1
39237,9,9,9,2,7,1,5,7,2,0,5
39238,2,3,4,6,8,2,6,8,9,5,6
39239,0,4,7,0,2,7,4,3,4,8,0
39240,2,3,4,6,8,2,6,8,9,5,6
39241,0,4,7,0,2,7,4,4,6,8,0
39242,7,1,0,3,4,6,1,5,7,3,4
39243,3,0,1,4,5,3,2,6,1,1,1
39244,8,2,9,5,9,1,8,4,6,9,8
39245,0,4,7,0,2,7,4,4,6,8,0
39246,0,4,3,0,2,0,4,1,4,8,2
39247,8,4,7,0,9,7,8,4,6,9,0
39248,0,4,3,0,2,8,4,1,4,8,0
39249,6,5,2,7,1,5,9,2,3,2,9
39250,5,5,8,1,6,4,7,0,8,4,7
39251,4,5,8,9,3,4,3,0,8,7,3
39252,0,4,3,0,2,0,4,1,4,8,2
39253,2,0,4,4,8,2,6,3,1,5,6
39254,0,4,5,0,2,9,4,1,4,8,2
39255,8,2,7,5,9,7,8,4,6,9,8
39256,2,3,4,6,8,2,6,8,9,5,6
39257,8,2,5,5,9,9,8,4,6,9,8
39258,4,5,8,9,3,4,3,0,8,7,3
39259,0,4,7,0,2,7,4,4,6,8,0
39260,3,6,8,8,3,4,3,0,0,7,1
39261,8,2,5,5,9,9,8,4,6,9,8
39262,1,7,6,2,0,8,0,9,5,6,5
39263,6,0,2,7,1,5,9,3,1,2,9
39264,7,3,6,2,4,8,1,8,9,3,5
39265,9,9,9,2,7,1,5,7,2,0,5
39266,7,1,0,3,4,6,1,5,7,3,4
39267,2,3,4,6,8,2,6,8,9,5,6
39268,1,7,6,2,0,8,0,9,5,6,5
39269,8,2,7,5,9,7,8,4,6,9,8
39270,1,7,6,2,0,8,0,9,5,6,5
39271,8,2,7,5,9,7,8,3,2,9,8
39272,0,4,7,0,2,7,4,1,4,8,0
39273,4,5,8,9,3,4,3,3,8,7,3
39274,7,1,0,3,4,6,1,1,4,3,0
39275,8,2,5,5,9,9,8,4,6,9,2
39276,8,2,5,5,9,9,8,4,6,9,2
39277,2,3,7,6,8,7,6,8,9,5,0
39278,9,9,9,2,7,1,5,3,2,0,5
39279,3,0,1,4,5,3,2,6,1,1,1
39280,2,3,4,6,8,2,6,8,9,5,6
39281,9,9,9,2,7,1,5,7,2,0,6
39282,6,5,2,7,1,5,9,2,3,2,9
39283,6,0,2,4,1,5,9,3,1,2,9
39284,7,1,0,3,4,6,1,5,7,3,4
39285,2,3,4,6,8,2,6,8,9,5,6
39286,5,8,3,1,6,0,7,1,4,4,7
39287,8,2,7,5,9,7,8,4,6,9,8
39288,1,7,6,2,0,8,0,9,5,6,5
39289,8,2,5,5,9,9,8,4,6,9,8
39290,7,1,0,3,4,6,1,5,7,3,4
39291,2,3,4,6,8,2,6,8,9,5,6
39292,4,5,8,9,3,4,3,3,8,7,3
39293,3,0,1,4,5,3,2,6,1,1,1
39294,8,2,7,5,9,7,8,4,6,9,8
39295,3,0,1,4,5,3,2,3,1,1,1
39296,7,1,0,3,4,6,1,5,7,3,4
39297,9,9,9,2,7,1,5,7,2,0,5
39298,0,4,7,0,2,7,4,1,4,8,0
39299,4,5,8,9,3,4,3,3,8,7,3
39300,1,7,6,2,0,8,0,9,5,6,5
39301,2,3,4,6,8,2,6,8,9,5,6
39302,0,4,3,0,2,0,4,1,4,8,0
39303,0,4,7,0,2,7,4,1,4,8,0
39304,4,5,8,9,3,4,3,0,8,7,3
39305,9,9,9,6,7,1,5,7,2,0,6
39306,3,6,1,4,5,3,2,6,1,1,1
39307,8,2,7,5,9,7,8,3,6,9,8
39308,1,7,6,2,0,8,0,9,5,6,5
39309,3,0,1,4,5,3,2,3,1,1,1
39310,8,2,5,5,9,9,8,4,6,9,2
39311,2,2,7,5,8,7,6,3,9,5,8
39312,7,1,0,3,4,6,1,5,7,3,4
39313,4,0,8,4,3,4,3,0,1,7,3
39314,0,4,5,0,2,9,4,1,4,8,0
39315,2,3,4,6,8,2,6,8,9,5,6
39316,5,8,3,1,6,0,7,1,4,4,7
39317,2,3,4,6,8,2,6,8,9,5,6
39318,1,7,6,2,0,8,0,9,5,6,5
39319,8,2,7,5,9,7,8,4,6,9,8
39320,3,6,1,8,5,3,2,6,0,1,1
39321,3,0,1,4,5,3,2,3,1,1,1
39322,7,7,6,2,4,8,1,9,5,3,5
39323,6,5,2,7,1,5,9,2,3,2,9
39324,0,4,7,0,2,7,4,1,4,8,0
39325,7,1,0,3,4,6,1,5,7,3,4
39326,3,6,1,8,5,3,2,6,0,1,1
39327,8,2,5,5,9,9,8,4,6,9,8
39328,1,7,6,2,0,8,0,9,5,6,5
39329,0,4,5,0,2,9,4,1,4,8,2
39330,7,1,0,3,4,6,1,5,7,3,4
39331,8,2,7,5,9,7,8,4,6,9,8
39332,4,5,8,9,3,4,3,3,8,7,3
39333,8,2,7,5,9,7,8,4,6,9,8
39334,3,6,1,8,5,3,2,6,0,1,1
39335,9,9,9,2,7,1,5,3,2,0,8
39336,4,5,8,9,3,4,3,0,8,7,3
39337,4,5,8,9,3,4,3,3,8,7,3
39338,6,5,2,7,1,5,9,2,3,2,9
39339,8,2,7,5,9,7,8,4,8,9,8
39340,4,5,8,9,3,4,3,0,8,7,3
39341,8,2,7,5,9,7,8,0,6,9,8
39342,8,2,5,5,9,9,8,4,6,9,8
39343,6,0,2,7,1,5,9,3,3,2,9
39344,7,1,0,3,4,6,1,5,7,3,4
39345,8,2,5,5,9,9,8,4,6,9,8
39346,3,6,1,8,5,3,2,6,0,1,1
39347,6,0,2,7,1,5,9,3,3,2,9
39348,8,2,5,5,9,9,8,4,6,9,2
39349,2,3,4,6,8,2,6,8,9,5,6
39350,2,3,4,6,8,2,6,8,9,5,0
39351,0,4,7,0,2,7,4,4,6,8,0
39352,1,7,6,2,0,8,0,9,5,6,5
39353,4,5,8,9,3,4,3,3,8,7,3
39354,1,7,6,2,0,8,0,9,5,6,5
39355,9,9,9,9,7,1,5,7,2,0,8
39356,5,8,8,1,6,4,7,0,8,4,7
39357,9,9,9,2,7,1,5,7,2,0,5
39358,1,7,6,2,0,8,0,9,5,6,5
39359,2,3,4,6,8,2,6,8,9,5,6
39360,3,0,1,4,5,3,2,6,1,1,1
39361,8,2,7,5,9,7,8,4,6,9,8
39362,1,7,6,2,0,8,0,9,5,6,5
39363,4,0,8,4,3,4,3,3,1,7,8
39364,9,9,9,2,7,1,5,7,2,0,5
39365,8,2,7,5,9,7,8,4,6,9,8
39366,7,1,0,3,4,6,1,5,7,3,4
39367,9,9,9,2,7,1,5,7,2,0,5
39368,5,8,3,1,6,0,7,1,4,4,7
39369,4,5,8,9,3,4,3,0,8,7,3
39370,5,8,3,1,6,0,7,1,4,4,7
39371,8,2,5,5,9,9,8,4,6,9,2
39372,5,5,8,9,3,4,7,0,8,7,7
39373,8,2,7,5,9,7,8,4,6,9,8
39374,0,8,3,0,2,0,4,1,4,8,0
39375,5,5,7,5,9,7,7,3,8,9,8
39376,3,6,1,8,5,3,2,6,0,1,1
39377,2,3,4,6,8,2,6,8,9,5,6
39378,2,3,4,6,8,2,6,8,9,5,6
39379,4,5,8,9,3,4,3,3,8,7,3
39380,7,1,0,3,4,6,1,5,7,3,4
39381,2,2,4,6,8,2,6,3,9,5,8
39382,7,1,0,3,4,6,1,8,7,3,4
39383,4,5,8,9,3,4,3,0,8,7,3
39384,7,1,0,3,4,6,1,5,7,3,4
39385,4,0,8,9,3,4,3,0,8,7,3
39386,5,8,3,1,6,0,7,1,4,4,7
39387,8,2,5,5,9,9,8,4,6,9,2
39388,4,5,8,9,3,4,3,0,8,7,3
39389,2,3,4,6,8,2,6,8,9,5,8
39390,8,2,5,5,9,9,8,4,6,9,8
39391,2,3,4,6,8,2,6,8,9,5,6
39392,6,3,2,7,1,5,9,2,3,2,9
39393,9,9,9,2,7,1,5,7,2,0,5
39394,4,5,8,9,3,4,3,0,8,7,3
39395,8,2,4,5,9,2,8,3,9,9,8
39396,5,8,3,1,6,0,7,1,4,4,7
39397,2,3,4,6,8,2,6,8,9,5,6
39398,1,7,6,2,0,8,0,9,5,6,5
39399,8,2,5,5,9,9,8,4,6,9,8
39400,2,3,4,6,8,2,6,3,9,5,6
39401,8,2,5,5,9,9,8,4,6,9,8
39402,1,7,6,2,0,8,0,9,5,6,5
39403,9,9,9,2,7,1,5,7,2,0,5
39404,0,4,3,0,2,0,4,1,4,8,0
39405,9,9,9,2,7,1,5,7,2,0,5
39406,4,5,8,9,3,4,3,0,8,7,3
39407,3,0,1,4,5,3,2,3,1,1,1
39408,2,3,4,6,8,2,6,8,9,5,6
39409,9,9,9,2,7,1,5,3,2,0,8
39410,2,3,4,6,8,2,6,8,9,5,6
39411,4,5,8,9,3,4,3,1,8,7,3
39412,7,1,0,3,4,6,1,5,7,3,4
39413,5,8,7,1,6,7,7,1,4,4,7
39414,5,8,3,1,6,0,7,1,4,4,7
39415,2,3,4,6,8,2,6,8,9,5,6
39416,0,4,3,0,2,0,4,1,4,8,0
39417,9,9,9,2,7,1,5,7,2,0,5
39418,5,8,3,1,6,0,7,1,4,4,0
39419,8,2,7,5,9,7,8,4,6,9,8
39420,6,9,2,7,1,5,9,2,3,2,9
39421,6,2,2,7,1,5,9,2,3,2,9
39422,3,6,1,8,5,3,2,6,0,1,1
39423,2,3,4,6,9,2,6,8,9,9,6
39424,1,7,6,5,0,8,0,4,6,6,8
39425,8,2,5,5,9,9,8,4,6,9,8
39426,8,2,5,5,9,9,8,4,6,9,2
39427,9,9,9,2,7,1,5,7,2,0,5
39428,8,2,7,5,9,7,8,4,6,9,8
39429,5,8,2,1,6,5,7,3,4,4,7
39430,1,7,6,9,0,8,0,9,5,6,3
39431,4,0,8,4,3,4,3,3,1,7,3
39432,2,3,4,6,8,2,6,8,9,5,6
39433,8,2,7,5,9,7,8,4,6,9,8
39434,9,9,9,2,7,1,5,7,2,0,5
39435,8,2,7,5,9,7,8,4,6,9,8
39436,2,3,4,6,8,2,6,5,9,5,6
39437,9,9,9,2,7,1,5,7,2,0,5
39438,7,1,0,3,4,6,1,5,7,3,4
39439,8,2,5,5,9,9,8,8,9,9,8
39440,4,5,8,9,3,4,3,3,8,7,3
39441,9,9,9,6,7,1,5,7,2,0,9
39442,5,3,2,6,1,5,9,8,9,2,7
39443,8,2,7,5,9,7,8,4,6,9,8
39444,9,9,9,2,7,1,5,7,2,0,5
39445,2,3,4,6,8,2,6,8,9,5,6
39446,3,6,1,8,5,3,2,6,0,1,1
39447,0,4,7,0,2,7,4,4,6,8,0
39448,0,8,3,1,6,0,4,1,4,4,0
39449,8,3,4,5,9,2,8,8,9,9,8
39450,7,3,0,6,4,6,1,8,9,3,4
39451,9,9,9,2,7,1,5,7,2,0,5
39452,7,1,0,3,4,6,1,5,7,3,4
39453,6,8,2,7,1,5,9,2,3,2,9
39454,1,7,6,2,0,8,0,9,5,6,5
39455,3,0,1,9,5,3,2,6,8,1,1
39456,2,3,4,6,8,2,6,8,9,5,6
39457,5,5,7,4,6,7,7,3,1,4,8
39458,0,4,7,0,2,7,4,1,4,8,0
39459,8,4,5,5,9,9,8,4,6,9,2
39460,2,3,4,6,8,2,6,8,9,5,6
39461,2,3,4,6,8,2,6,8,9,5,6
39462,1,7,6,2,0,8,0,9,5,6,5
39463,3,6,1,8,5,3,2,6,0,1,1
39464,0,4,7,0,2,7,4,4,6,8,0
39465,9,9,9,2,7,1,5,7,2,0,5
39466,4,5,8,9,3,4,3,0,8,7,3
39467,6,5,8,7,1,4,9,2,8,2,9
39468,7,1,0,3,4,6,1,5,7,3,4
39469,7,1,0,3,4,6,1,5,7,3,4
39470,6,9,2,2,1,5,9,2,3,2,5
39471,0,4,7,0,2,7,4,1,4,8,0
39472,0,4,3,0,2,0,4,1,4,8,0
39473,5,5,3,2,6,0,7,3,4,4,5
39474,7,1,0,3,4,6,1,5,7,3,4
39475,4,5,8,9,3,4,3,0,8,7,3
39476,6,5,2,7,1,5,9,2,3,2,9
39477,8,2,5,5,9,9,8,4,6,9,2
39478,7,3,0,3,4,6,1,8,9,3,4
39479,2,3,4,6,8,2,6,8,9,5,6
39480,5,8,3,1,6,0,7,1,4,4,7
39481,0,4,7,0,2,7,4,4,6,8,0
39482,5,2,8,1,6,4,7,3,8,4,7
39483,3,0,1,4,5,3,2,6,1,1,1
39484,1,7,6,2,0,8,0,9,5,6,5
39485,1,7,6,2,0,8,0,9,5,6,5
39486,5,8,3,1,6,0,7,0,4,4,7
39487,5,8,3,1,6,0,7,1,4,4,7
39488,6,5,2,7,1,5,9,2,3,2,9
39489,7,1,0,3,4,6,1,5,7,3,4
39490,8,2,5,5,9,9,8,4,6,9,2
39491,8,2,7,5,9,7,8,4,6,9,8
39492,0,4,7,0,2,7,4,4,6,8,0
39493,2,3,4,6,8,2,6,3,9,5,6
39494,3,6,1,8,5,3,2,6,0,1,1
39495,4,5,8,9,3,4,3,0,8,7,3
39496,4,5,8,9,3,4,3,0,8,7,3
39497,8,2,5,5,9,9,8,4,6,9,8
39498,7,6,0,8,4,6,1,5,0,3,4
39499,2,3,4,6,8,2,6,8,9,5,6
39500,0,4,5,0,2,9,4,4,6,8,5
39501,0,4,7,0,2,7,4,4,6,8,0
39502,5,8,3,1,6,0,7,1,4,4,7
39503,4,0,8,4,3,4,3,0,1,7,3
39504,3,0,1,4,5,3,2,6,1,1,1
39505,9,9,9,2,7,1,5,7,2,0,5
39506,1,7,6,2,0,8,0,9,5,6,5
39507,6,5,2,7,1,5,9,2,3,2,9
39508,4,5,8,9,3,4,3,0,8,7,3
39509,2,3,4,6,8,2,6,8,9,5,6
39510,6,0,2,7,1,5,9,2,3,2,9
39511,8,2,7,5,9,7,8,4,6,9,8
39512,1,7,6,2,0,8,0,9,5,6,5
39513,2,7,4,6,8,2,6,3,9,5,6
39514,5,8,3,1,6,0,7,1,4,4,7
39515,4,5,8,9,3,4,3,0,8,7,3
39516,0,4,7,0,2,7,4,3,4,8,0
39517,8,2,5,5,9,9,8,4,6,9,2
39518,5,5,9,2,7,1,7,1,2,0,5
39519,2,3,9,6,8,2,6,7,2,5,6
39520,1,7,6,2,0,8,0,9,5,6,5
39521,8,2,7,5,9,7,8,4,6,9,8
39522,5,8,3,1,6,0,7,1,4,4,7
39523,8,2,5,5,9,9,8,4,6,9,2
39524,0,4,3,0,2,0,4,1,4,8,2
39525,8,2,7,5,9,7,8,4,6,9,8
39526,7,6,0,8,4,6,1,5,0,3,4
39527,4,5,8,9,3,4,3,0,8,7,3
39528,9,7,6,2,7,8,5,3,2,0,5
39529,0,4,3,1,2,0,4,1,4,4,0
39530,2,3,4,6,8,2,6,8,9,5,6
39531,4,5,8,9,3,4,3,0,8,7,3
39532,0,4,7,0,2,7,4,4,6,8,0
39533,9,9,9,2,7,1,5,7,2,0,5
39534,5,8,3,1,6,0,7,1,4,4,7
39535,8,2,5,5,9,9,8,4,6,9,2
39536,8,2,7,5,9,7,8,4,6,9,8
39537,1,7,6,2,0,8,0,4,5,6,5
39538,0,4,7,0,2,7,4,4,6,8,0
39539,2,3,4,6,8,2,6,8,9,5,6
39540,0,4,5,0,2,9,4,9,5,8,2
39541,1,7,6,2,0,8,0,9,5,6,5
39542,1,7,6,2,0,8,0,9,5,6,5
39543,8,2,7,5,9,7,8,4,6,9,8
39544,8,2,5,5,9,9,8,4,6,9,2
39545,4,5,8,9,3,4,3,0,8,7,3
39546,1,7,6,3,0,8,0,9,5,6,4
39547,8,2,7,5,9,7,8,8,6,9,8
39548,5,8,3,1,6,0,7,1,4,4,7
39549,0,4,5,0,2,9,4,4,6,8,2
39550,9,9,9,2,7,1,5,7,2,0,5
39551,5,8,3,1,6,0,7,1,4,4,7
39552,1,7,6,2,0,8,0,9,5,6,5
39553,2,3,4,6,8,2,6,8,9,5,6
39554,1,7,6,2,0,8,0,9,5,6,5
39555,9,9,9,2,7,1,5,7,2,0,5
39556,0,4,7,0,2,7,4,4,6,8,0
39557,8,4,5,0,2,9,8,4,6,8,2
39558,0,4,7,0,2,7,4,4,6,8,0
39559,2,3,4,6,8,2,6,8,9,5,6
39560,1,7,6,2,0,8,0,9,5,6,5
39561,4,5,8,9,3,4,3,0,8,7,7
39562,7,1,0,3,4,6,1,5,7,3,4
39563,8,2,7,5,9,7,8,4,6,9,0
39564,4,5,8,9,3,4,3,3,8,7,3
39565,2,3,4,6,8,2,6,8,9,5,6
39566,7,1,0,3,4,6,1,5,7,3,4
39567,1,7,6,9,0,8,0,3,5,6,3
39568,1,7,6,2,0,8,0,9,5,6,5
39569,0,4,7,0,2,7,4,4,6,8,0
39570,3,6,1,8,5,3,2,6,0,1,1
39571,8,2,7,5,9,7,8,4,6,9,8
39572,6,5,2,7,1,5,9,2,3,2,9
39573,2,3,4,6,8,2,6,3,9,5,6
39574,2,3,4,6,8,2,6,8,9,5,6
39575,2,3,4,6,8,2,6,8,9,5,6
39576,1,7,6,0,0,8,0,9,5,6,0
39577,4,5,8,9,3,4,3,0,8,7,3
39578,0,4,3,0,2,0,4,1,4,8,0
39579,8,2,5,5,9,9,8,4,6,9,8
39580,8,2,5,5,9,9,8,4,6,9,2
39581,3,0,1,4,5,3,2,6,1,1,1
39582,1,7,6,2,0,8,0,9,5,6,5
39583,4,5,8,9,3,4,3,0,8,7,3
39584,5,8,3,1,6,0,7,1,4,4,7
39585,2,3,4,6,8,2,6,8,9,5,6
39586,0,4,5,0,2,9,4,1,4,8,2
39587,6,5,2,7,1,5,9,2,3,2,9
39588,5,8,3,1,6,0,7,1,4,4,7
39589,4,5,8,9,3,4,3,0,8,7,3
39590,8,2,7,5,9,7,8,4,6,9,8
39591,2,3,4,6,8,2,6,8,9,5,6
39592,6,5,2,7,1,5,9,2,3,2,9
39593,8,2,9,5,9,1,8,7,2,9,8
39594,1,7,6,2,0,8,0,9,5,6,5
39595,2,3,4,6,8,2,6,8,9,5,6
39596,0,8,3,0,2,0,4,1,4,8,0
39597,7,1,0,3,4,6,1,5,7,3,4
39598,0,4,7,0,2,7,4,4,6,8,0
39599,2,3,4,6,8,2,6,8,9,5,6
39600,2,3,4,6,8,2,6,3,9,5,6
39601,4,5,8,9,3,4,3,0,8,7,3
39602,0,3,4,6,2,2,4,8,9,8,6
39603,9,9,9,2,7,1,5,7,2,0,5
39604,7,1,6,3,4,8,1,9,5,3,4
39605,8,2,5,5,9,9,8,4,6,9,2
39606,3,0,1,4,5,3,2,6,1,1,1
39607,8,2,7,5,9,7,8,4,6,9,8
39608,7,1,0,3,4,6,1,5,7,3,4
39609,2,3,4,6,8,2,6,8,9,5,6
39610,4,5,8,9,3,4,3,0,8,7,3
39611,2,3,4,6,8,2,6,8,9,5,6
39612,3,0,1,4,5,3,2,6,1,1,1
39613,0,4,7,0,2,7,4,4,6,8,0
39614,0,4,7,0,2,7,4,4,6,8,0
39615,3,0,1,4,5,3,2,6,1,1,1
39616,0,4,3,0,2,0,4,1,4,8,2
39617,7,1,0,3,4,6,1,5,7,3,4
39618,7,1,0,3,4,6,1,5,7,3,4
39619,7,1,0,3,4,6,1,5,7,3,4
39620,3,6,1,8,5,3,2,6,0,1,1
39621,8,4,7,0,2,7,4,4,6,8,0
39622,1,7,6,2,0,8,0,9,5,6,5
39623,3,6,1,8,5,3,2,6,0,1,1
39624,3,6,1,8,5,3,2,6,0,1,1
39625,2,3,4,6,8,2,6,3,9,5,6
39626,4,5,8,9,3,4,3,0,8,7,3
39627,4,5,8,9,3,4,3,0,8,7,3
39628,3,6,1,8,5,3,2,6,0,1,1
39629,9,9,9,2,7,1,5,3,2,0,5
39630,5,5,8,1,6,4,7,0,8,4,7
39631,4,5,8,9,3,4,3,0,8,7,3
39632,4,5,8,9,3,4,3,3,8,7,3
39633,0,4,7,0,2,7,4,4,6,8,0
39634,5,8,3,1,6,0,7,1,4,4,7
39635,0,4,7,0,2,7,4,4,6,8,0
39636,0,4,7,0,2,7,4,4,6,8,0
39637,9,9,9,2,7,1,5,7,2,0,5
39638,5,8,3,1,6,0,7,1,4,4,7
39639,2,3,4,6,8,2,6,3,9,5,6
39640,5,8,3,1,6,0,7,1,4,4,7
39641,2,3,4,6,8,2,6,8,9,5,6
39642,5,8,3,1,6,0,7,1,4,4,7
39643,8,2,9,5,9,1,8,4,6,9,8
39644,6,5,2,7,1,5,9,2,3,2,9
39645,2,2,4,2,8,2,6,3,2,5,8
39646,1,7,6,2,0,8,0,9,5,6,5
39647,9,9,9,2,7,1,5,7,2,0,5
39648,5,8,3,1,6,0,7,1,4,4,7
39649,0,4,5,0,2,9,4,4,6,8,2
39650,4,0,8,9,3,4,3,0,8,7,3
39651,8,2,5,5,9,9,8,4,6,9,2
39652,9,9,9,2,7,1,5,7,2,0,5
39653,2,3,4,6,8,2,6,8,9,5,6
39654,0,4,7,0,2,7,4,1,4,8,0
39655,6,5,2,7,1,5,9,2,3,2,9
39656,5,8,8,1,6,4,7,0,8,4,7
39657,0,4,5,0,2,9,4,4,6,8,0
39658,9,2,9,2,7,1,5,8,2,0,5
39659,8,2,5,5,9,9,8,4,6,9,8
39660,0,8,3,1,6,0,4,1,4,4,0
39661,9,9,9,2,7,1,5,7,2,0,5
39662,7,1,0,3,4,6,1,5,7,3,4
39663,4,5,8,9,3,4,3,0,8,7,3
39664,3,6,1,8,5,3,2,6,0,1,1
39665,4,5,8,9,3,4,3,0,8,7,3
39666,7,1,0,3,4,6,1,5,7,3,4
39667,8,2,7,5,9,7,8,4,6,9,0
39668,0,8,3,0,2,0,4,1,4,8,0
39669,6,5,2,7,1,5,9,2,3,2,9
39670,8,2,7,5,9,7,8,4,6,9,8
39671,2,3,4,6,8,2,6,3,9,5,6
39672,0,4,5,0,2,9,4,9,5,8,0
39673,4,5,8,9,3,4,3,0,8,7,3
39674,0,8,3,1,6,0,7,1,4,4,0
39675,2,3,4,6,8,2,6,8,9,5,6
39676,8,2,5,5,9,9,8,4,6,9,2
39677,4,5,8,9,3,4,3,0,8,7,3
39678,1,7,6,3,0,8,0,9,5,6,4
39679,4,5,8,9,3,4,3,3,8,7,3
39680,5,8,3,1,6,0,7,1,4,4,0
39681,2,3,4,6,8,2,6,8,9,5,6
39682,6,1,2,7,1,5,9,2,3,2,9
39683,4,5,8,9,3,4,3,0,8,7,3
39684,1,7,6,2,0,8,0,9,5,6,5
39685,4,0,8,9,3,4,3,0,8,7,3
39686,7,1,0,3,4,6,1,5,7,3,4
39687,0,4,5,0,2,9,4,1,4,8,2
39688,9,9,6,2,7,8,5,9,2,0,5
39689,2,3,4,6,8,2,6,8,9,5,6
39690,1,7,6,2,0,8,0,9,5,6,5
39691,6,5,2,7,1,5,9,2,3,2,9
39692,5,8,3,1,6,0,7,1,4,4,7
39693,2,3,4,6,8,2,6,8,9,5,6
39694,5,8,3,1,6,0,7,1,4,4,0
39695,9,9,9,2,7,1,5,7,2,0,5
39696,7,1,0,3,4,6,1,5,7,3,4
39697,4,5,8,9,3,4,3,3,8,7,3
39698,6,5,2,7,1,5,9,2,3,2,9
39699,9,9,9,2,7,1,5,7,2,0,5
39700,5,8,3,1,6,0,7,1,4,4,7
39701,4,0,8,4,3,4,3,3,1,7,3
39702,0,4,3,0,2,0,4,1,4,8,0
39703,8,2,7,5,9,7,8,4,6,9,8
39704,7,1,0,3,4,6,1,5,7,3,4
39705,2,3,4,6,8,2,6,8,9,5,6
39706,7,1,0,3,4,6,1,5,7,3,4
39707,9,9,9,2,7,1,5,7,2,0,5
39708,9,9,9,2,7,1,5,7,2,0,5
39709,4,5,8,9,3,4,3,3,8,7,3
39710,3,6,1,8,5,3,2,6,0,1,1
39711,9,9,9,2,7,1,5,7,2,0,5
39712,5,8,3,1,6,0,7,1,4,4,7
39713,9,9,9,6,7,1,5,7,2,0,8
39714,3,0,1,4,5,3,2,6,1,1,1
39715,3,0,1,4,5,3,2,6,1,1,1
39716,1,7,6,2,0,8,0,9,5,6,5
39717,1,7,6,2,0,8,0,9,5,6,5
39718,0,4,7,0,2,7,4,4,6,8,0
39719,6,5,2,7,1,5,9,2,3,2,9
39720,0,4,3,0,2,0,4,1,4,8,0
39721,7,1,0,3,4,6,1,5,7,3,4
39722,7,1,0,3,4,6,1,5,7,3,4
39723,5,8,3,1,6,0,7,1,4,4,7
39724,8,2,7,5,9,7,8,4,6,9,0
39725,2,5,4,6,8,2,6,3,9,5,6
39726,6,5,2,7,1,5,9,2,3,2,9
39727,1,7,6,2,0,8,0,3,5,6,5
39728,7,1,0,3,4,6,1,5,7,3,4
39729,8,4,5,0,2,9,4,4,6,8,2
39730,5,8,3,1,6,0,7,1,4,4,7
39731,9,9,9,2,7,1,5,3,2,0,5
39732,5,8,3,1,6,0,7,1,4,4,7
39733,0,4,5,0,2,9,4,1,4,8,2
39734,6,5,2,7,1,5,9,2,3,2,9
39735,3,6,1,8,5,3,2,6,0,1,1
39736,6,5,8,8,1,4,9,0,8,2,7
39737,9,9,9,2,7,1,5,7,2,0,5
39738,5,8,3,1,6,0,7,1,4,4,0
39739,6,5,2,7,1,5,9,2,3,2,9
39740,5,8,3,1,6,0,7,1,4,4,7
39741,7,1,0,3,4,6,1,5,7,3,4
39742,4,5,8,9,3,4,3,0,8,7,3
39743,0,4,3,0,2,0,4,1,4,8,0
39744,7,1,0,3,4,6,1,5,7,3,4
39745,9,9,9,2,7,1,5,3,2,0,5
39746,7,1,3,3,4,0,1,1,4,3,4
39747,9,9,9,2,7,1,5,3,2,0,5
39748,2,3,4,6,8,2,6,8,9,5,6
39749,8,2,5,5,9,9,8,4,6,9,2
39750,5,8,3,1,6,0,7,1,4,4,7
39751,9,9,9,2,7,1,5,7,2,0,5
39752,1,7,6,2,0,8,0,9,5,6,5
39753,8,2,5,5,9,9,8,4,6,9,8
39754,0,4,3,0,2,0,4,1,4,8,0
39755,3,6,1,8,5,3,2,6,0,1,1
39756,2,3,4,6,8,2,6,8,9,5,6
39757,9,9,9,2,7,1,5,7,2,0,5
39758,3,6,1,8,5,3,2,6,0,1,1
39759,6,5,2,7,1,5,9,2,3,2,9
39760,8,2,5,5,9,9,8,4,6,9,2
39761,2,3,4,6,8,2,6,8,9,5,6
39762,0,4,7,0,2,7,4,1,4,8,0
39763,8,2,7,5,9,7,8,4,6,9,8
39764,2,3,4,6,8,2,6,8,9,5,6
39765,9,9,9,2,7,1,5,3,2,0,5
39766,4,5,8,9,3,4,3,0,8,7,3
39767,2,3,4,6,8,2,6,3,9,5,3
39768,5,8,3,1,6,0,7,1,4,4,7
39769,8,2,7,5,9,9,8,4,6,9,8
39770,7,1,0,3,4,6,1,5,7,3,4
39771,9,9,9,2,7,1,5,7,2,0,5
39772,6,5,2,7,1,5,9,2,3,2,9
39773,9,9,9,2,7,1,5,3,2,0,5
39774,7,1,0,3,4,6,1,5,7,3,4
39775,3,0,1,4,5,3,2,6,1,1,1
39776,1,7,6,0,0,8,0,9,5,6,0
39777,2,9,4,2,8,2,6,3,2,5,5
39778,7,1,0,3,4,6,1,5,7,3,4
39779,9,9,9,2,7,1,5,7,2,0,5
39780,2,3,4,6,8,2,6,3,9,5,6
39781,8,2,7,5,9,7,8,4,6,9,8
39782,1,7,6,2,0,8,0,9,5,6,5
39783,8,2,7,5,9,7,8,4,6,9,8
39784,0,4,5,0,2,9,4,4,6,8,2
39785,9,9,9,2,7,1,5,7,2,0,5
39786,7,1,0,3,4,6,1,5,7,3,4
39787,8,2,7,5,9,7,8,4,6,9,8
39788,7,6,0,8,4,6,1,5,0,3,7
39789,3,6,1,8,5,3,2,6,0,1,1
39790,6,5,2,7,1,5,9,2,3,2,9
39791,8,4,7,0,2,7,4,4,6,8,0
39792,1,7,6,2,0,8,0,9,5,6,5
39793,9,9,9,6,7,1,5,3,2,0,8
39794,6,5,2,7,1,5,9,2,3,2,9
39795,8,2,7,5,9,7,8,4,6,9,8
39796,1,7,6,2,0,8,0,9,5,6,5
39797,9,9,9,2,7,1,5,7,2,0,5
39798,1,7,6,2,0,8,0,9,5,6,5
39799,8,2,7,5,9,7,8,4,6,9,8
39800,3,6,1,8,5,3,2,6,0,1,1
39801,4,0,8,4,3,4,3,3,1,7,3
39802,8,2,7,5,9,7,8,4,6,9,8
39803,9,2,7,2,7,7,5,3,2,0,8
39804,7,8,3,3,4,0,1,1,4,3,4
39805,1,7,6,2,0,8,0,9,5,6,5
39806,7,1,0,3,4,6,1,5,7,3,4
39807,4,0,7,4,3,7,3,3,1,7,8
39808,7,1,0,3,4,6,1,5,7,3,4
39809,0,4,7,0,2,7,4,1,4,8,0
39810,6,5,2,7,1,5,9,2,3,2,9
39811,3,6,1,8,5,3,2,6,0,1,1
39812,5,8,3,1,6,0,7,1,4,4,7
39813,8,2,5,5,9,9,8,4,6,9,2
39814,7,1,0,3,4,6,1,5,7,3,4
39815,4,5,8,9,3,4,3,3,8,7,3
39816,5,8,3,1,6,0,7,1,4,4,7
39817,3,0,1,4,5,3,2,6,1,1,1
39818,1,7,6,2,0,8,0,3,5,6,5
39819,9,9,9,2,7,1,5,7,2,0,5
39820,1,7,6,2,0,8,0,9,5,6,5
39821,8,2,5,5,9,9,8,4,6,9,2
39822,1,7,6,0,0,8,0,9,5,6,5
39823,3,0,1,4,5,3,2,6,1,1,1
39824,4,5,8,9,3,4,3,3,8,7,3
39825,4,5,8,9,3,4,3,3,8,7,3
39826,0,4,5,0,2,9,4,1,4,8,2
39827,2,3,4,6,8,2,6,8,9,5,6
39828,9,9,9,2,7,1,5,7,5,0,5
39829,8,2,7,5,9,7,8,4,6,9,8
39830,1,7,6,0,0,8,0,9,5,6,0
39831,9,9,9,2,7,1,5,3,2,0,5
39832,7,1,0,3,4,6,1,5,7,3,4
39833,0,4,7,0,2,7,4,1,4,8,0
39834,8,2,7,5,9,7,8,4,6,9,8
39835,8,2,7,5,9,7,8,4,6,9,8
39836,7,1,0,3,4,6,1,5,7,3,4
39837,4,5,8,9,3,4,3,0,8,7,3
39838,1,7,6,2,0,8,0,9,5,6,5
39839,3,0,1,4,5,3,2,6,1,1,1
39840,6,9,2,7,1,5,9,2,3,2,9
39841,8,2,7,5,9,7,8,3,6,9,8
39842,0,4,3,0,2,0,4,1,4,8,0
39843,9,9,9,2,7,1,5,7,2,0,5
39844,5,8,3,1,6,0,7,1,4,4,7
39845,8,2,5,5,9,9,8,4,6,9,8
39846,1,7,6,2,0,8,0,9,5,6,5
39847,8,2,5,5,9,9,8,4,6,9,8
39848,5,6,8,8,5,4,7,0,0,1,7
39849,9,9,9,2,7,1,5,7,2,0,5
39850,3,6,1,8,5,3,2,6,0,1,1
39851,6,9,2,7,1,5,9,3,3,2,9
39852,7,1,0,3,4,6,1,5,7,3,4
39853,5,8,3,1,6,0,7,1,4,4,0
39854,3,6,1,8,5,3,2,6,0,1,1
39855,7,1,0,3,4,6,1,5,7,3,4
39856,3,6,1,8,5,3,2,6,0,1,1
39857,9,9,9,2,7,1,5,7,2,0,5
39858,7,1,0,3,4,6,1,5,7,3,4
39859,3,6,1,8,5,3,2,6,0,1,1
39860,7,1,0,7,4,6,1,2,3,3,9
39861,3,6,1,8,5,3,2,6,0,1,1
39862,6,5,2,7,1,5,9,2,3,2,9
39863,8,2,7,5,9,7,8,4,6,9,8
39864,2,3,4,6,8,2,6,8,9,5,6
39865,9,9,9,2,7,1,5,7,2,0,5
39866,0,8,3,0,2,0,4,1,4,8,0
39867,8,2,7,5,9,7,8,4,6,9,8
39868,8,4,5,0,9,9,8,4,6,9,2
39869,8,2,7,5,9,7,8,4,6,9,8
39870,4,5,8,9,3,4,3,0,8,7,3
39871,2,3,4,7,8,2,6,5,7,5,6
39872,7,1,0,3,4,6,1,5,7,3,4
39873,9,9,9,2,7,1,5,3,2,0,5
39874,3,6,1,8,5,3,2,6,0,1,1
39875,8,2,7,5,9,7,8,4,6,9,8
39876,7,1,0,3,4,6,1,8,7,3,4
39877,8,2,7,5,9,7,8,3,6,9,8
39878,1,7,6,2,0,8,0,9,5,6,5
39879,5,5,2,7,1,5,7,2,3,2,7
39880,0,4,5,0,2,9,4,1,4,8,2
39881,2,0,4,6,8,2,6,3,9,5,6
39882,2,3,4,6,8,2,6,8,9,5,6
39883,4,5,8,9,3,4,3,3,8,7,3
39884,7,1,0,3,4,6,1,5,7,3,4
39885,6,5,2,7,1,5,9,2,3,2,9
39886,9,9,9,2,7,1,5,9,2,0,5
39887,4,5,8,9,3,4,3,3,8,7,3
39888,1,7,6,2,0,8,0,9,5,6,5
39889,8,2,5,5,9,9,8,4,6,9,2
39890,3,0,1,4,5,3,2,3,1,1,1
39891,0,4,7,0,2,7,4,4,6,8,0
39892,6,0,2,4,1,5,9,2,3,2,9
39893,4,5,8,9,3,4,3,0,8,7,3
39894,0,4,7,0,2,7,4,4,6,8,0
39895,8,2,7,5,9,7,8,4,6,9,8
39896,1,7,6,2,0,8,0,9,5,6,5
39897,3,0,1,4,5,3,2,6,1,1,1
39898,3,6,1,8,5,3,2,6,0,1,1
39899,5,8,3,1,6,0,7,1,4,4,7
39900,7,1,0,3,4,6,1,5,7,3,4
39901,9,9,9,2,7,1,5,3,2,0,5
39902,1,7,6,3,0,8,0,9,5,6,4
39903,9,9,9,2,7,1,5,3,2,0,8
39904,7,1,0,3,4,6,1,5,7,3,4
39905,9,9,9,2,7,1,5,7,2,0,5
39906,3,6,1,8,5,3,2,6,0,1,1
39907,7,1,0,3,4,6,1,5,7,3,4
39908,4,5,8,9,3,4,3,0,8,7,3
39909,6,5,2,7,1,5,9,2,3,2,9
39910,7,1,0,3,4,6,1,5,7,3,4
39911,8,2,7,5,9,7,8,4,6,9,8
39912,9,9,9,2,7,1,5,7,2,0,5
39913,0,4,7,0,2,7,4,4,6,8,0
39914,1,7,6,2,0,8,0,9,5,6,5
39915,2,3,4,6,8,2,6,8,9,5,8
39916,0,4,6,0,2,8,4,9,5,8,0
39917,8,2,5,5,9,9,8,4,6,9,8
39918,6,5,2,7,1,5,9,2,3,2,9
39919,6,5,2,7,1,5,9,2,3,2,9
39920,8,2,5,5,9,9,8,4,6,9,8
39921,5,8,3,2,6,0,7,1,4,4,0
39922,2,3,4,6,8,2,6,8,9,5,6
39923,9,9,9,2,7,1,5,3,2,0,5
39924,5,8,3,1,6,0,7,1,4,4,0
39925,8,2,7,4,9,7,8,4,1,9,8
39926,5,8,3,1,6,0,7,1,4,4,7
39927,8,2,7,5,9,7,8,4,6,9,8
39928,0,7,6,0,0,8,0,9,5,6,0
39929,8,5,7,5,9,7,8,3,6,9,8
39930,6,5,2,7,1,5,9,2,3,2,9
39931,9,9,9,2,7,1,5,7,2,0,5
39932,0,4,7,0,2,7,4,4,6,8,0
39933,7,1,0,3,4,6,1,5,7,3,4
39934,4,5,8,9,3,4,3,3,8,7,3
39935,3,0,1,4,5,3,2,6,1,1,1
39936,1,7,6,2,0,8,0,9,5,6,5
39937,9,9,9,2,7,1,5,7,2,0,5
39938,9,9,9,2,7,1,5,7,2,0,5
39939,6,5,2,7,1,5,9,2,3,2,9
39940,7,1,0,3,4,6,1,8,7,3,4
39941,7,1,0,3,4,6,1,5,7,3,4
39942,8,2,7,5,9,7,8,4,6,9,8
39943,4,5,8,9,3,4,3,3,8,7,3
39944,3,0,1,4,5,3,2,6,1,1,1
39945,2,3,4,6,8,2,6,5,7,5,6
39946,7,1,0,3,4,6,1,5,7,3,4
39947,4,5,8,9,3,4,3,0,8,7,3
39948,9,9,9,2,7,1,5,7,2,0,5
39949,8,2,5,5,9,9,8,4,6,9,2
39950,1,7,6,2,0,8,0,9,5,6,5
39951,2,3,7,6,8,7,6,8,9,5,8
39952,7,1,0,3,4,6,1,5,7,3,4
39953,0,4,7,0,2,7,4,4,6,8,0
39954,5,8,8,1,6,4,7,0,8,4,7
39955,3,0,1,4,5,3,2,3,1,1,1
39956,3,6,1,8,5,3,2,6,0,1,1
39957,9,9,9,2,7,1,5,7,2,0,5
39958,7,1,0,3,4,6,1,5,7,3,4
39959,6,5,2,7,1,5,9,2,3,2,9
39960,3,6,1,8,5,3,2,6,0,1,1
39961,2,3,4,6,8,2,6,3,9,5,6
39962,7,1,0,3,4,6,1,5,7,3,4
39963,4,5,7,9,3,7,3,3,8,7,8
39964,0,4,3,0,2,0,4,1,4,8,0
39965,2,3,4,6,8,2,6,3,9,5,6
39966,2,3,4,6,8,2,6,8,9,5,6
39967,4,5,8,9,3,4,3,3,8,7,3
39968,3,6,1,8,5,3,2,6,0,1,1
39969,8,2,5,5,9,9,8,4,6,9,2
39970,6,5,2,7,1,5,9,2,3,2,9
39971,2,3,4,6,8,2,6,8,9,5,6
39972,7,1,0,3,4,6,1,5,7,3,4
39973,8,4,7,0,2,7,4,4,6,8,0
39974,0,8,3,1,6,0,7,1,4,4,0
39975,3,0,1,4,5,3,2,6,1,1,1
39976,0,4,7,0,2,7,4,4,6,8,0
39977,9,9,9,2,7,1,5,7,2,0,5
39978,2,0,4,4,8,2,6,5,1,5,6
39979,6,5,2,7,1,5,9,2,3,2,9
39980,9,9,9,2,7,1,5,7,2,0,5
39981,2,3,4,6,8,2,6,8,9,5,6
39982,0,4,6,0,2,8,4,9,5,8,0
39983,4,5,7,5,9,7,8,3,6,9,8
39984,1,7,6,2,0,8,0,9,5,6,5
39985,2,3,4,6,8,2,6,3,9,5,6
39986,1,7,6,2,0,8,0,9,5,6,5
39987,4,5,8,9,3,4,3,0,8,7,3
39988,9,7,9,2,7,1,5,7,2,0,5
39989,8,2,5,5,9,9,8,4,6,9,8
39990,0,4,3,0,2,0,4,1,4,8,0
39991,2,3,4,6,8,2,6,8,9,5,6
39992,3,6,1,8,5,3,2,6,0,1,1
39993,8,2,7,5,9,7,8,4,6,9,8
39994,5,8,3,1,6,0,7,1,4,4,7
39995,0,4,3,0,2,0,4,1,4,8,0
39996,0,4,3,0,2,0,4,1,4,8,0
39997,8,4,7,5,9,7,8,4,6,9,8
39998,5,8,3,1,6,0,7,1,4,4,7
39999,6,5,2,7,1,5,9,3,3,2,9
40000,8,2,5,5,9,9,8,4,6,9,8
40001,8,2,5,5,9,9,8,4,6,9,8
40002,3,6,1,8,5,3,2,6,0,1,1
40003,2,0,4,4,8,2,6,3,1,5,6
40004,1,7,6,2,0,8,0,9,5,6,5
40005,2,3,4,6,8,2,6,8,9,5,6
40006,5,8,3,1,6,0,7,1,4,4,7
40007,9,9,9,2,7,1,5,7,2,0,5
40008,1,7,6,2,0,8,0,9,5,6,5
40009,4,5,8,9,3,4,3,0,8,7,3
40010,4,5,8,9,3,4,3,0,8,7,3
40011,2,3,4,6,8,2,6,8,9,5,6
40012,5,7,6,2,0,8,7,9,5,6,5
40013,8,2,7,5,9,7,8,4,6,9,8
40014,7,1,0,3,4,6,1,5,7,3,4
40015,9,9,9,2,7,1,5,7,2,0,5
40016,7,1,0,3,4,6,1,5,7,3,4
40017,8,2,5,5,9,9,8,4,6,9,8
40018,0,4,5,0,2,9,4,4,6,8,2
40019,4,5,8,9,3,4,3,0,8,7,3
40020,2,3,4,6,8,2,6,8,9,5,0
40021,9,9,9,2,7,1,5,3,2,0,5
40022,4,1,8,9,3,4,3,0,8,7,3
40023,4,5,8,9,3,4,3,0,8,7,3
40024,1,7,6,2,0,8,0,9,5,6,5
40025,8,2,7,5,9,7,8,4,6,9,8
40026,0,4,3,0,2,0,4,1,4,8,0
40027,6,5,2,7,1,5,9,2,3,2,9
40028,5,8,3,1,6,0,7,1,4,4,0
40029,8,2,5,5,9,9,8,4,6,9,2
40030,0,8,3,0,2,0,4,1,4,8,0
40031,2,3,4,6,8,2,6,8,9,5,6
40032,7,1,0,3,4,6,1,5,7,3,4
40033,9,9,9,2,7,1,5,7,2,0,5
40034,4,5,8,9,3,4,3,0,8,7,3
40035,2,3,4,6,8,2,6,8,9,5,6
40036,4,5,8,9,3,4,3,0,8,7,3
40037,6,5,2,7,1,5,9,2,3,2,9
40038,3,0,1,4,5,3,2,3,1,1,1
40039,3,0,1,4,5,3,2,6,1,1,1
40040,3,6,1,8,5,3,2,6,0,1,1
40041,2,0,4,4,8,2,6,3,1,5,6
40042,3,6,1,8,5,3,2,6,0,1,1
40043,4,0,8,4,3,4,3,3,1,7,3
40044,6,5,2,2,1,5,9,2,3,2,5
40045,9,9,9,2,7,1,5,7,2,0,5
40046,0,4,6,2,2,8,4,9,5,8,5
40047,8,2,7,5,9,7,8,4,6,9,8
40048,7,1,0,3,4,6,1,5,7,3,4
40049,6,5,2,7,1,5,9,2,3,2,9
40050,9,9,9,2,7,1,5,7,2,0,5
40051,2,1,4,3,8,2,6,5,7,5,6
40052,1,7,6,2,0,8,0,9,5,6,5
40053,6,5,2,7,1,5,9,2,3,2,9
40054,6,9,2,7,1,5,9,2,3,2,9
40055,2,3,4,6,8,2,6,3,9,5,6
40056,1,7,6,2,0,8,0,9,5,6,5
40057,2,3,4,6,8,2,6,3,9,5,6
40058,1,7,6,2,0,8,0,9,5,6,5
40059,2,3,4,6,8,2,6,3,2,5,6
40060,8,2,5,5,9,9,8,4,6,9,8
40061,8,2,5,5,9,9,8,4,6,9,8
40062,0,4,3,0,2,0,4,1,4,8,0
40063,8,2,7,5,9,7,8,4,6,9,8
40064,1,7,6,2,0,8,0,9,5,6,5
40065,0,4,7,0,2,7,4,4,6,8,0
40066,5,8,3,1,6,0,7,1,4,4,7
40067,8,2,5,5,9,9,8,4,6,9,8
40068,7,1,0,3,4,6,1,5,7,3,4
40069,9,9,9,2,7,1,5,7,2,0,5
40070,1,7,6,2,0,8,0,9,5,6,5
40071,9,9,9,2,7,1,5,7,2,0,5
40072,1,7,6,2,0,8,0,9,5,6,5
40073,8,2,7,5,9,7,8,4,6,9,8
40074,3,6,1,8,5,3,2,6,0,1,1
40075,6,0,2,7,1,5,9,3,3,2,9
40076,9,9,9,2,7,1,5,9,2,0,5
40077,8,2,5,5,9,9,8,4,6,9,2
40078,0,4,3,0,2,0,4,1,4,8,0
40079,6,3,2,7,1,5,9,2,3,2,9
40080,0,4,5,0,2,9,4,4,6,8,2
40081,8,2,7,5,9,7,8,4,6,9,8
40082,3,6,1,8,5,3,2,6,0,1,1
40083,2,3,4,6,8,2,6,8,9,5,6
40084,6,5,2,7,1,5,9,2,3,2,9
40085,4,5,8,9,3,4,3,3,8,7,3
40086,1,7,6,2,0,8,0,9,5,6,5
40087,6,9,2,7,1,5,9,2,3,2,9
40088,7,1,0,3,4,6,1,5,7,3,4
40089,2,3,4,6,8,2,6,8,9,5,6
40090,6,5,2,7,1,5,9,2,3,2,9
40091,3,0,1,4,5,3,2,3,1,1,1
40092,2,3,4,6,8,2,6,8,9,5,6
40093,4,5,8,9,3,4,3,0,8,7,3
40094,5,8,3,1,6,0,7,1,4,4,7
40095,6,5,2,7,1,5,9,2,3,2,9
40096,6,5,2,7,1,5,9,2,3,2,9
40097,1,7,6,2,0,8,0,9,5,6,5
40098,1,7,6,2,0,8,0,7,5,6,5
40099,3,0,1,4,5,3,2,6,1,1,1
40100,7,1,0,3,4,6,1,5,7,3,4
40101,1,7,6,2,0,8,0,9,5,6,5
40102,0,4,7,0,2,7,4,4,6,8,0
40103,3,0,1,4,5,3,2,6,1,1,1
40104,2,3,4,6,8,2,6,8,9,5,6
40105,4,5,8,9,3,4,3,0,8,7,3
40106,2,3,4,6,8,2,6,8,9,5,6
40107,6,5,2,7,1,5,9,2,3,2,9
40108,3,6,1,8,5,3,2,6,0,1,1
40109,6,3,2,7,1,5,9,2,3,2,9
40110,2,3,4,6,8,2,6,8,9,5,6
40111,2,3,4,6,8,2,6,8,9,5,6
40112,1,7,6,2,0,8,0,9,5,6,5
40113,8,2,7,5,9,7,8,4,6,9,8
40114,0,4,5,0,2,9,4,4,6,8,2
40115,3,0,1,4,5,3,2,6,1,1,1
40116,5,8,3,1,6,0,7,1,8,4,7
40117,8,2,5,5,9,9,8,4,6,9,2
40118,0,4,5,0,2,9,4,4,6,8,2
40119,6,5,2,7,1,5,9,2,3,2,9
40120,6,5,2,7,1,5,9,2,3,2,9
40121,2,3,4,7,8,2,6,3,3,5,6
40122,3,6,1,8,5,3,2,6,0,1,1
40123,8,2,7,5,9,7,8,4,6,9,8
40124,1,7,6,2,0,8,0,9,5,6,5
40125,2,0,4,4,8,2,6,3,1,5,6
40126,8,2,5,5,9,9,8,4,6,9,2
40127,2,3,4,6,8,2,6,8,9,5,6
40128,0,4,3,0,2,0,4,1,4,8,0
40129,6,5,2,7,1,5,9,2,3,2,9
40130,0,4,3,0,2,0,4,1,4,8,0
40131,2,3,4,6,8,2,6,8,9,5,6
40132,1,7,6,2,0,8,0,9,5,6,5
40133,2,3,4,6,8,2,6,8,9,5,6
40134,7,1,0,3,4,6,1,8,7,3,4
40135,9,2,7,5,7,7,5,3,2,0,8
40136,5,8,3,1,6,0,7,1,4,4,7
40137,4,5,8,9,3,4,3,0,8,7,3
40138,0,4,7,2,2,7,4,3,6,8,5
40139,4,5,8,9,3,4,3,3,8,7,3
40140,1,7,6,2,0,8,0,9,5,6,5
40141,4,5,8,9,3,4,3,0,8,7,3
40142,9,9,9,2,7,1,5,7,2,0,5
40143,0,4,5,0,2,9,4,4,6,8,2
40144,7,1,0,3,4,6,1,5,7,3,4
40145,8,2,7,5,9,7,8,4,6,9,8
40146,2,3,4,6,8,2,6,8,9,5,6
40147,1,7,6,2,0,8,0,9,5,6,5
40148,1,7,6,2,0,8,0,9,5,6,5
40149,2,3,4,6,8,2,6,8,9,5,6
40150,3,6,1,8,5,3,2,6,0,1,1
40151,6,5,2,7,1,5,9,2,3,2,9
40152,6,5,2,7,1,5,9,2,3,2,9
40153,9,9,9,2,7,1,5,7,2,0,5
40154,2,3,4,6,8,2,6,8,9,5,6
40155,6,5,2,7,1,5,9,2,3,2,9
40156,5,8,3,1,6,0,7,1,4,4,7
40157,4,5,8,9,3,4,3,0,8,7,3
40158,7,1,0,3,4,6,1,5,7,3,4
40159,2,3,4,6,8,2,6,8,9,5,6
40160,6,1,2,7,1,5,9,2,3,2,9
40161,2,3,4,6,8,2,6,8,9,5,6
40162,3,6,1,8,5,3,2,6,0,1,1
40163,8,2,7,5,9,7,8,4,6,9,8
40164,5,8,3,1,6,0,7,1,4,4,7
40165,8,2,5,5,9,9,8,4,6,9,8
40166,7,1,0,3,4,6,1,5,7,3,4
40167,8,2,7,5,9,7,8,4,6,9,8
40168,5,8,3,1,6,0,7,1,4,4,7
40169,4,5,7,9,3,7,3,3,8,7,3
40170,0,4,3,0,2,0,4,1,4,8,2
40171,4,0,4,4,8,2,3,3,1,5,3
40172,1,7,6,0,0,8,0,9,5,6,0
40173,3,6,1,8,5,3,2,6,0,1,1
40174,0,8,3,0,2,0,4,1,4,8,0
40175,2,3,4,6,8,2,6,8,9,5,6
40176,5,5,8,9,3,4,3,0,8,7,7
40177,8,2,7,5,9,7,8,4,6,9,8
40178,1,7,6,2,0,8,0,9,5,6,5
40179,3,0,1,4,5,3,2,6,1,1,1
40180,3,6,1,8,5,3,2,6,0,1,4
40181,9,9,9,2,7,1,5,7,2,0,5
40182,9,9,9,2,7,1,5,7,2,0,8
40183,6,5,2,7,1,5,9,2,3,2,9
40184,1,7,6,2,0,8,0,3,5,6,5
40185,7,1,0,3,4,6,1,5,7,3,4
40186,0,8,3,0,2,0,4,1,4,8,2
40187,8,2,7,5,9,7,8,4,6,9,8
40188,5,6,0,8,6,6,7,5,0,4,7
40189,2,0,4,6,8,2,6,3,9,5,6
40190,1,7,6,2,0,8,0,9,5,6,5
40191,9,5,9,7,7,1,5,3,2,0,9
40192,2,3,4,6,8,2,6,8,9,5,6
40193,0,4,5,0,2,9,4,4,6,8,2
40194,2,3,4,6,8,2,6,8,9,5,6
40195,2,3,4,6,8,2,6,8,9,5,6
40196,1,7,6,2,0,8,0,9,5,6,5
40197,8,2,7,5,9,7,8,4,6,9,8
40198,7,1,0,3,4,6,1,5,7,3,4
40199,3,0,1,4,5,3,2,6,1,1,1
40200,3,6,1,8,5,3,2,6,0,1,1
40201,9,9,9,2,7,1,5,7,2,0,5
40202,0,4,3,0,2,0,4,1,4,8,0
40203,6,3,2,7,1,5,9,2,3,2,9
40204,0,4,5,0,2,9,4,1,4,8,2
40205,2,3,4,6,8,2,6,8,9,5,6
40206,6,5,2,7,1,5,9,2,3,2,9
40207,7,1,0,3,4,6,1,5,7,3,4
40208,5,6,1,8,5,3,2,6,0,1,7
40209,4,5,8,9,3,4,3,3,8,7,3
40210,1,7,6,2,0,8,0,9,5,6,5
40211,8,2,5,5,9,9,8,4,6,9,8
40212,6,1,2,7,1,5,9,2,3,2,9
40213,9,9,9,6,7,1,5,7,2,0,5
40214,0,4,5,0,2,9,4,1,4,8,2
40215,8,2,7,5,9,7,8,4,6,9,8
40216,8,2,5,5,9,9,8,4,6,9,2
40217,3,0,1,4,5,3,2,3,1,1,1
40218,3,6,1,8,5,3,2,6,0,1,1
40219,9,9,9,2,7,1,5,7,2,0,5
40220,9,9,9,2,7,1,5,7,2,0,5
40221,6,3,2,7,1,5,9,3,3,2,9
40222,8,2,5,5,9,9,8,4,6,9,2
40223,2,3,4,6,8,2,6,8,9,5,6
40224,5,8,3,1,6,0,7,1,4,4,7
40225,8,2,7,5,9,7,8,4,6,9,8
40226,0,4,3,0,2,0,4,1,4,8,0
40227,2,0,4,3,8,2,6,3,7,5,4
40228,3,0,1,4,5,3,2,6,1,1,1
40229,4,5,8,9,3,4,3,3,8,7,3
40230,6,5,2,7,1,5,9,0,3,2,7
40231,8,2,5,5,9,9,8,4,6,9,8
40232,0,4,5,0,2,9,4,4,6,8,2
40233,2,3,4,6,8,2,6,8,9,5,6
40234,5,8,3,1,6,0,7,1,4,4,7
40235,8,2,7,5,9,7,8,4,6,9,8
40236,0,8,3,1,6,0,4,1,4,4,0
40237,3,0,1,4,5,3,2,3,1,1,1
40238,0,4,7,0,2,7,4,1,4,8,0
40239,8,2,7,5,9,7,8,4,6,9,8
40240,9,9,9,2,7,1,5,7,2,0,5
40241,2,0,4,4,8,2,6,3,1,5,6
40242,0,4,5,0,2,9,4,1,4,8,2
40243,8,2,7,5,9,9,8,4,6,9,8
40244,4,5,8,9,3,4,3,0,8,7,3
40245,2,3,4,6,8,2,6,8,9,5,6
40246,3,6,1,8,5,3,2,6,0,1,1
40247,2,3,4,6,8,2,6,8,9,5,6
40248,1,7,6,2,0,8,0,9,5,6,5
40249,3,0,1,4,5,3,2,3,1,1,1
40250,0,4,7,0,2,7,4,1,4,8,0
40251,3,0,1,4,5,3,2,6,1,1,1
40252,7,1,0,3,4,6,1,5,7,3,4
40253,2,3,4,6,8,2,6,3,9,5,6
40254,1,7,6,2,0,8,0,9,5,6,5
40255,2,2,7,5,8,7,6,3,2,5,8
40256,7,1,0,3,4,6,1,5,7,3,4
40257,2,3,4,6,8,2,6,3,9,5,6
40258,7,1,0,3,4,6,1,5,7,3,4
40259,9,9,9,6,7,1,5,7,2,0,8
40260,3,6,1,8,5,3,2,6,0,1,1
40261,9,9,9,6,7,1,5,7,2,0,6
40262,3,6,1,8,5,3,2,6,0,1,1
40263,9,9,9,2,7,1,5,7,2,0,5
40264,7,8,3,1,6,0,7,1,7,4,4
40265,2,3,4,6,8,2,6,8,9,5,6
40266,3,6,1,8,5,3,2,6,0,1,1
40267,9,9,9,2,7,1,5,7,2,0,8
40268,7,1,0,3,4,6,1,5,7,3,4
40269,8,2,7,5,9,7,8,4,6,9,8
40270,5,8,3,1,6,0,7,1,4,4,7
40271,4,5,8,9,3,4,3,3,8,7,3
40272,6,5,2,7,1,5,9,2,3,2,9
40273,9,9,9,2,7,1,5,7,2,0,5
40274,2,3,4,6,8,2,6,8,9,5,6
40275,8,2,7,5,9,7,8,4,6,9,8
40276,1,7,6,2,0,8,0,9,5,6,5
40277,3,0,1,4,5,3,2,6,1,1,1
40278,4,7,8,9,3,4,3,3,8,7,3
40279,6,3,2,7,1,5,9,2,3,2,9
40280,4,5,8,9,3,4,3,0,8,7,3
40281,2,3,4,6,8,2,6,8,9,5,6
40282,4,5,8,9,3,4,3,0,8,7,3
40283,8,2,7,5,9,7,8,4,6,9,8
40284,3,6,1,8,5,3,2,6,0,1,1
40285,9,2,7,5,9,7,8,3,2,9,8
40286,3,6,1,8,5,3,2,6,0,1,1
40287,9,9,9,2,7,1,5,7,2,0,5
40288,1,7,6,2,0,8,0,9,5,6,5
40289,6,9,2,7,1,5,9,2,3,2,9
40290,0,4,3,0,2,0,4,1,4,8,0
40291,2,3,4,6,8,2,6,3,9,5,6
40292,8,2,7,5,9,7,8,4,6,9,8
40293,8,2,7,5,9,7,8,4,6,9,8
40294,1,7,6,2,0,8,0,9,5,6,5
40295,9,9,9,6,7,1,5,7,2,0,6
40296,7,1,0,3,4,6,1,5,7,3,4
40297,8,2,7,5,9,7,8,4,6,9,8
40298,1,7,6,2,0,8,0,9,5,6,5
40299,8,2,7,5,9,7,8,4,6,9,8
40300,1,7,6,2,0,8,0,9,5,6,0
40301,7,1,0,3,4,6,1,5,7,3,4
40302,5,8,3,1,6,0,7,1,4,4,0
40303,4,0,8,4,3,4,3,3,1,7,3
40304,2,3,4,6,8,2,6,3,9,5,6
40305,9,9,4,2,8,2,6,3,2,5,5
40306,2,3,4,6,8,2,6,8,9,5,6
40307,7,1,0,3,4,6,1,5,7,3,4
40308,1,4,6,0,0,8,0,9,5,6,0
40309,8,2,7,5,9,7,8,3,2,9,8
40310,1,7,6,2,0,8,0,9,5,6,5
40311,8,2,7,5,9,7,8,4,6,9,8
40312,3,0,1,4,5,3,2,6,1,1,1
40313,3,0,1,4,5,3,2,6,1,1,1
40314,1,7,6,2,0,8,0,9,5,6,5
40315,9,9,9,2,7,1,5,7,2,0,5
40316,0,4,3,0,2,0,4,1,4,8,0
40317,8,2,7,5,9,7,8,4,6,9,8
40318,1,7,6,2,0,8,0,9,5,6,5
40319,9,9,9,2,7,1,5,7,2,0,5
40320,3,6,1,8,5,3,2,6,0,1,1
40321,6,3,2,7,1,5,9,2,3,2,9
40322,3,6,1,8,5,3,2,6,0,1,1
40323,8,2,5,5,9,9,8,4,6,9,8
40324,2,3,4,6,8,2,6,8,9,5,6
40325,0,4,7,0,2,7,4,1,4,8,0
40326,2,1,4,3,8,2,6,3,7,5,6
40327,9,9,9,2,7,1,5,7,2,0,5
40328,0,8,3,0,2,0,4,1,4,8,0
40329,3,0,1,4,5,3,2,3,1,1,1
40330,0,4,3,0,2,0,4,1,4,8,0
40331,4,5,8,9,3,4,3,3,8,7,3
40332,4,5,8,9,3,4,3,0,8,7,3
40333,6,5,2,7,1,5,9,2,3,2,9
40334,5,8,3,1,6,0,7,1,4,4,7
40335,3,0,1,4,5,3,2,6,1,1,1
40336,3,0,1,4,5,3,2,6,1,1,1
40337,7,1,0,3,4,6,1,5,7,3,4
40338,0,4,5,0,2,9,4,4,6,8,2
40339,2,3,4,6,8,2,6,8,9,5,6
40340,3,0,1,4,5,3,2,6,1,1,1
40341,8,2,7,5,9,7,8,4,6,9,8
40342,5,5,8,9,3,4,3,0,8,7,7
40343,9,9,9,2,7,1,5,7,2,0,8
40344,0,4,5,0,2,9,4,1,4,8,2
40345,6,9,2,7,1,5,9,2,3,2,9
40346,7,1,0,3,4,6,1,5,7,3,4
40347,7,1,0,3,4,6,1,5,7,3,4
40348,1,7,6,2,0,8,0,9,5,6,5
40349,4,5,8,9,3,4,3,3,8,7,3
40350,2,0,4,4,8,2,6,3,1,5,6
40351,4,5,8,9,3,4,3,0,8,7,3
40352,1,7,6,2,0,8,0,9,5,6,5
40353,7,1,0,3,4,6,1,5,7,3,4
40354,5,8,3,1,6,0,7,1,4,4,7
40355,4,5,8,9,3,4,3,0,8,7,3
40356,4,5,8,9,3,4,3,0,8,7,3
40357,8,2,5,5,9,9,8,4,6,9,8
40358,1,7,6,2,0,8,0,9,5,6,5
40359,9,9,9,2,7,1,5,7,2,0,5
40360,7,1,0,3,4,6,1,5,7,3,4
40361,8,2,7,5,9,7,8,4,6,9,8
40362,9,9,9,2,7,1,5,7,2,0,5
40363,9,2,9,5,7,1,5,3,2,0,8
40364,2,3,4,6,8,2,6,8,9,5,6
40365,6,9,2,7,1,5,9,2,3,2,9
40366,6,5,2,7,1,5,9,2,3,2,9
40367,4,5,8,9,3,4,3,3,8,7,3
40368,0,4,5,0,2,9,4,4,6,8,2
40369,6,3,2,7,1,5,9,2,3,2,9
40370,0,4,5,0,2,9,4,4,6,8,2
40371,8,2,7,5,9,7,8,4,6,9,8
40372,0,4,3,0,2,0,4,1,4,8,0
40373,9,9,9,2,7,1,5,7,2,0,5
40374,7,1,0,3,4,6,1,5,7,3,4
40375,7,1,0,3,4,6,1,5,7,3,4
40376,6,5,2,7,1,5,9,2,3,2,9
40377,1,7,6,2,0,8,0,9,5,6,5
40378,6,5,2,7,1,5,9,2,3,2,9
40379,8,2,7,5,9,7,8,4,2,9,8
40380,1,7,6,2,0,8,0,9,5,6,5
40381,2,3,4,6,8,2,6,8,9,5,6
40382,0,4,5,0,2,9,4,4,6,8,2
40383,4,5,8,9,3,4,3,3,8,7,3
40384,1,7,6,3,0,8,0,9,5,6,4
40385,2,3,4,6,8,2,6,8,9,5,6
40386,5,8,3,1,6,0,7,1,4,4,7
40387,8,2,5,5,9,9,8,4,6,9,8
40388,7,1,0,3,4,6,1,5,7,3,4
40389,3,0,1,4,5,3,2,6,1,1,1
40390,3,6,1,8,5,3,2,6,0,1,1
40391,8,2,7,5,9,7,8,4,6,9,8
40392,1,7,6,2,0,8,0,9,5,6,5
40393,4,0,8,9,3,4,3,3,8,7,3
40394,5,5,8,9,3,4,7,0,8,7,7
40395,4,5,8,9,3,4,3,3,8,7,3
40396,3,6,1,8,5,3,2,6,0,1,1
40397,8,2,7,5,9,7,8,4,6,9,8
40398,2,3,4,6,8,2,6,8,9,5,6
40399,9,9,9,2,7,1,5,7,2,0,5
40400,3,6,1,8,5,3,2,6,0,1,1
40401,7,1,0,3,4,6,1,5,7,3,4
40402,0,4,7,0,2,7,4,1,4,8,0
40403,2,3,4,6,8,2,6,8,9,5,6
40404,1,7,6,2,0,8,0,9,5,6,5
40405,6,9,2,7,1,5,9,2,3,2,9
40406,8,2,5,5,9,9,8,4,6,9,8
40407,9,9,9,2,7,1,5,7,2,0,5
40408,2,3,4,6,8,2,6,8,9,5,6
40409,2,3,4,6,8,2,6,8,9,5,6
40410,7,1,0,3,4,6,1,5,7,3,4
40411,4,5,8,9,3,4,3,3,8,7,3
40412,3,6,1,8,5,3,2,6,0,1,1
40413,6,3,2,7,1,5,9,2,3,2,9
40414,3,0,1,4,5,3,2,6,1,1,1
40415,8,2,5,5,9,9,8,4,6,9,2
40416,6,5,2,7,1,5,9,2,3,2,9
40417,2,3,4,6,8,2,6,8,9,5,6
40418,3,0,1,4,5,3,2,6,1,1,1
40419,8,2,5,5,9,9,8,4,6,9,8
40420,6,5,2,7,1,5,9,2,3,2,9
40421,3,6,1,4,5,3,2,6,1,1,1
40422,7,1,0,3,4,6,1,5,7,3,4
40423,9,9,9,2,7,1,5,7,2,0,5
40424,0,4,3,0,2,0,4,1,4,8,0
40425,6,5,2,7,1,5,9,2,3,2,9
40426,5,8,3,1,6,0,7,1,4,4,7
40427,2,0,4,4,8,2,6,3,1,5,6
40428,3,6,1,8,5,3,2,6,0,1,1
40429,8,2,7,5,9,7,8,4,6,9,8
40430,8,2,5,5,9,9,8,4,6,9,2
40431,9,9,9,2,7,1,5,7,2,0,5
40432,2,3,4,6,8,2,6,8,9,5,6
40433,4,5,8,9,3,4,3,3,8,7,3
40434,2,3,4,6,8,2,6,8,9,5,6
40435,8,2,5,5,9,9,8,4,6,9,8
40436,0,4,5,0,2,9,4,1,4,8,2
40437,2,3,4,6,8,2,6,8,9,5,6
40438,1,7,6,2,0,8,0,9,5,6,5
40439,8,2,7,5,9,7,8,4,6,9,8
40440,0,4,3,0,2,0,4,1,4,8,0
40441,3,0,1,4,5,3,2,6,1,1,1
40442,8,2,6,5,9,8,8,4,6,9,8
40443,9,9,9,2,7,1,5,7,2,0,5
40444,8,2,7,5,9,7,8,4,6,9,8
40445,6,5,2,7,1,5,9,2,3,2,9
40446,0,4,3,0,2,0,4,1,4,8,0
40447,7,0,0,4,4,6,1,5,1,3,4
40448,0,4,7,0,2,7,4,1,4,8,0
40449,8,2,7,5,9,7,8,4,6,9,8
40450,5,8,3,1,6,0,7,1,4,4,7
40451,8,2,5,5,9,9,8,4,6,9,8
40452,7,1,0,3,4,6,1,5,7,3,4
40453,2,3,4,6,8,2,6,8,9,5,6
40454,3,0,1,4,5,3,2,3,1,1,1
40455,0,4,7,0,2,7,4,4,6,8,0
40456,5,8,3,1,6,0,7,1,4,4,7
40457,3,0,1,4,5,3,2,3,1,1,1
40458,5,8,3,1,6,0,7,1,4,4,7
40459,9,9,9,2,7,1,5,7,2,0,5
40460,5,8,3,1,6,0,7,1,4,4,7
40461,6,5,2,7,1,5,9,2,3,2,9
40462,7,1,0,3,4,6,1,5,7,3,4
40463,2,0,4,4,8,2,6,3,1,5,6
40464,1,7,6,2,0,8,0,9,5,6,5
40465,8,2,5,5,9,9,8,4,6,9,8
40466,4,5,8,9,3,4,3,0,8,7,3
40467,2,3,4,6,8,2,6,8,9,5,6
40468,1,7,6,2,0,8,0,9,5,6,5
40469,8,2,7,5,9,7,8,4,6,9,8
40470,0,4,6,0,2,8,4,9,5,8,0
40471,3,0,1,4,5,3,2,6,1,1,1
40472,2,3,4,6,8,2,6,8,9,5,6
40473,2,2,4,5,8,2,6,3,9,5,8
40474,7,1,0,3,4,6,1,5,7,3,4
40475,4,5,8,9,3,4,3,3,8,7,3
40476,8,2,5,5,9,9,8,4,6,9,8
40477,8,2,7,5,9,7,8,4,6,9,8
40478,0,8,3,1,6,0,7,1,4,4,0
40479,3,0,1,4,5,3,2,6,1,1,1
40480,9,9,9,2,7,1,5,7,2,0,5
40481,9,9,9,7,7,1,5,2,2,0,9
40482,9,9,9,2,7,1,5,7,2,0,5
40483,3,0,1,4,5,3,2,6,1,1,1
40484,4,5,8,9,3,4,3,0,8,7,3
40485,8,2,7,5,9,7,8,4,6,9,8
40486,7,1,0,8,4,6,1,5,0,3,4
40487,8,2,7,5,9,7,8,4,6,9,8
40488,2,3,4,6,8,2,6,8,9,5,6
40489,9,9,9,2,7,1,5,7,2,0,5
40490,7,1,0,3,4,6,1,5,7,3,4
40491,4,5,8,9,3,4,3,3,8,7,3
40492,6,6,2,7,1,5,9,2,3,2,9
40493,8,2,7,5,9,7,8,4,6,9,8
40494,2,3,4,6,8,2,6,3,9,5,6
40495,8,2,7,5,9,7,8,4,6,9,8
40496,5,8,3,1,6,0,7,1,4,4,7
40497,6,5,2,7,1,5,9,2,3,2,9
40498,6,5,2,7,1,5,9,2,3,2,9
40499,8,2,7,5,9,7,8,4,6,9,8
40500,0,4,5,0,2,9,4,1,4,8,2
40501,4,5,8,9,3,4,3,3,8,7,3
40502,7,1,0,3,4,6,1,5,7,3,4
40503,2,3,4,6,8,2,6,8,9,5,6
40504,9,9,9,2,7,1,5,7,2,0,5
40505,8,2,9,5,9,1,8,7,2,9,8
40506,8,2,5,5,9,9,8,4,6,9,8
40507,8,2,7,5,9,7,8,4,6,9,8
40508,8,2,7,5,9,7,8,4,6,9,8
40509,9,9,9,2,7,1,5,7,2,0,5
40510,0,4,3,0,2,0,4,1,4,8,2
40511,9,9,9,2,7,1,5,3,2,0,8
40512,8,2,5,5,9,9,8,4,6,9,2
40513,6,5,2,7,1,5,9,2,3,2,9
40514,4,5,8,9,3,4,3,3,8,7,3
40515,4,5,8,9,3,4,3,0,8,7,3
40516,1,7,6,2,0,8,0,9,5,6,5
40517,7,1,0,3,4,6,1,5,7,3,0
40518,2,3,7,6,8,7,6,8,9,5,0
40519,5,8,3,1,6,0,7,1,4,4,7
40520,7,1,0,3,4,6,1,5,7,3,4
40521,3,0,1,4,5,3,2,6,1,1,1
40522,5,8,3,1,6,0,7,1,4,4,7
40523,8,2,7,5,9,7,8,4,6,9,8
40524,8,2,7,5,9,7,8,4,6,9,8
40525,9,9,9,2,7,1,5,7,2,0,5
40526,4,5,8,9,3,4,3,0,8,7,3
40527,4,5,8,9,3,4,3,3,8,7,3
40528,5,8,3,1,6,0,7,1,4,4,7
40529,8,2,7,5,9,7,8,4,6,9,0
40530,5,8,3,1,6,0,7,1,4,4,7
40531,8,2,7,5,9,7,8,4,6,9,8
40532,7,1,0,3,4,6,1,5,7,3,4
40533,4,5,8,9,3,4,3,3,8,7,3
40534,7,1,0,3,4,6,1,5,7,3,4
40535,8,2,9,5,9,1,8,3,2,9,8
40536,9,9,9,7,7,1,5,7,2,0,9
40537,9,9,9,2,7,1,5,7,2,0,5
40538,1,7,6,2,0,8,0,9,5,6,5
40539,6,5,2,7,1,5,9,2,3,2,9
40540,7,1,0,3,4,6,1,5,7,3,4
40541,4,5,8,9,3,4,3,3,8,7,3
40542,6,5,2,7,1,5,9,2,3,2,9
40543,4,5,8,9,3,4,3,3,8,7,3
40544,3,0,1,4,5,3,2,6,1,1,1
40545,8,2,5,5,9,9,8,4,6,9,8
40546,2,3,4,6,8,2,6,8,9,5,6
40547,8,2,4,5,9,2,8,3,1,9,8
40548,0,7,6,0,0,8,0,9,5,6,0
40549,2,3,4,6,8,2,6,8,9,5,6
40550,7,1,0,3,4,6,1,5,7,3,4
40551,9,9,9,2,7,1,5,7,2,0,5
40552,5,8,3,1,6,0,7,1,4,4,7
40553,2,3,4,6,8,2,6,8,9,5,6
40554,4,5,8,9,3,4,3,0,8,7,3
40555,2,3,4,6,8,2,6,3,9,5,6
40556,6,5,2,7,1,5,9,2,3,2,9
40557,8,2,5,5,9,9,8,4,6,9,8
40558,2,3,4,6,8,2,6,3,9,5,6
40559,8,2,5,5,9,9,8,4,6,9,8
40560,5,5,2,1,6,5,7,2,3,4,7
40561,9,9,9,2,7,1,5,7,2,0,5
40562,7,1,0,3,4,6,1,5,7,3,4
40563,3,0,1,4,5,3,2,6,1,1,1
40564,4,5,8,9,3,4,3,0,8,7,3
40565,3,0,1,4,5,3,2,3,1,1,1
40566,6,9,2,7,1,5,9,2,3,2,9
40567,9,9,9,2,7,1,5,3,2,0,5
40568,9,9,9,2,7,1,5,7,2,0,5
40569,6,0,2,7,1,5,9,2,3,2,9
40570,7,1,0,3,4,6,1,5,7,3,4
40571,2,3,4,6,8,2,6,8,9,5,6
40572,7,1,0,3,4,6,1,5,7,3,4
40573,8,2,7,5,9,7,8,4,6,9,8
40574,7,1,0,3,4,6,1,5,7,3,4
40575,2,0,4,4,8,2,6,3,1,5,6
40576,4,5,8,9,3,4,3,0,8,7,3
40577,9,9,9,2,7,1,5,7,2,0,5
40578,7,1,0,3,4,6,1,5,7,3,4
40579,2,3,4,6,8,2,6,8,9,5,6
40580,1,7,6,2,0,8,0,9,5,6,5
40581,6,5,2,7,1,5,9,2,3,2,9
40582,4,0,8,4,3,4,3,0,1,7,3
40583,8,2,7,5,9,7,8,4,6,9,8
40584,0,8,3,0,2,0,4,1,4,8,0
40585,8,2,7,5,9,7,8,4,6,9,8
40586,3,6,1,8,5,3,2,6,0,1,1
40587,9,9,9,2,7,1,5,7,2,0,5
40588,7,1,0,3,4,6,1,5,7,3,4
40589,6,0,2,4,1,5,9,3,1,2,9
40590,1,7,6,0,0,8,0,9,5,6,5
40591,2,3,4,6,8,2,6,3,9,5,6
40592,7,1,0,7,4,6,1,2,7,3,4
40593,8,2,7,5,9,7,8,4,6,9,8
40594,4,5,8,9,3,4,3,0,8,7,3
40595,2,3,4,6,8,2,6,3,9,5,6
40596,4,5,8,9,3,4,3,0,8,7,3
40597,6,5,2,7,1,5,9,2,3,2,9
40598,0,4,5,0,2,9,4,4,6,8,2
40599,9,9,9,2,7,1,5,7,2,0,5
40600,5,8,3,1,6,0,7,1,4,4,7
40601,8,2,7,5,9,7,8,4,6,9,8
40602,5,8,3,1,6,0,7,1,4,4,7
40603,8,2,5,5,9,9,8,4,6,9,8
40604,9,9,9,2,7,1,5,7,2,0,5
40605,9,9,9,2,7,1,5,7,2,0,5
40606,5,8,3,1,6,0,7,1,4,4,7
40607,6,5,2,7,1,5,9,2,3,2,9
40608,0,4,7,0,2,7,4,4,6,8,0
40609,4,5,8,9,3,4,3,3,8,7,3
40610,9,9,9,2,7,1,5,7,2,0,5
40611,3,0,1,4,5,3,2,6,1,1,1
40612,3,6,1,8,5,3,2,6,0,1,1
40613,3,0,1,4,5,3,2,6,1,1,1
40614,6,5,2,7,1,5,9,2,3,2,9
40615,1,7,6,2,0,8,0,9,5,6,5
40616,5,5,8,9,1,4,7,0,8,2,7
40617,6,5,2,7,1,5,9,2,3,2,9
40618,7,1,0,3,4,6,1,5,7,3,4
40619,7,1,0,3,4,6,1,5,7,3,4
40620,1,7,6,2,0,8,0,9,5,6,5
40621,5,8,7,1,6,7,7,1,4,4,7
40622,6,5,2,7,1,5,9,2,3,2,9
40623,9,5,7,2,8,7,6,3,2,5,8
40624,8,2,7,5,9,7,8,4,6,9,8
40625,4,5,8,9,3,4,3,0,8,7,3
40626,7,1,0,3,4,6,1,8,7,3,4
40627,0,4,5,0,2,9,4,4,6,8,2
40628,0,4,3,0,2,0,4,1,4,8,0
40629,2,3,4,6,8,2,6,8,9,5,6
40630,3,0,1,4,5,3,2,6,1,1,1
40631,8,2,7,5,9,7,8,4,6,9,8
40632,9,9,9,2,7,1,5,7,2,0,5
40633,3,0,1,4,5,3,2,6,1,1,1
40634,8,2,7,5,9,7,8,4,6,9,8
40635,9,9,9,2,7,1,5,7,2,0,5
40636,4,5,8,9,3,4,3,0,8,7,3
40637,5,8,2,1,6,5,7,2,3,4,7
40638,0,4,3,0,2,0,4,1,4,8,0
40639,7,1,0,3,4,6,1,5,7,3,4
40640,7,1,0,3,4,6,1,5,7,3,4
40641,4,5,8,9,3,4,3,3,8,7,3
40642,6,6,2,8,1,5,9,0,0,2,9
40643,8,2,5,5,9,9,8,4,6,9,2
40644,1,7,6,2,0,8,0,9,5,6,5
40645,2,3,4,6,8,2,6,8,9,5,6
40646,5,8,3,1,6,0,7,1,4,4,7
40647,8,2,7,5,9,7,8,4,6,9,8
40648,3,6,1,8,5,3,2,6,0,1,1
40649,3,0,1,4,5,3,2,3,1,1,1
40650,4,5,8,9,3,4,3,0,8,7,3
40651,9,9,9,2,7,1,5,7,2,0,5
40652,7,3,0,6,4,6,1,8,9,3,4
40653,5,8,3,1,6,0,7,1,4,4,7
40654,7,8,3,1,4,0,1,5,7,3,4
40655,7,1,0,3,4,6,1,5,7,3,4
40656,0,4,6,0,2,8,4,1,4,8,0
40657,5,2,7,5,9,7,7,4,6,9,7
40658,1,7,6,2,0,8,0,9,5,6,5
40659,0,2,7,0,2,7,4,3,4,8,0
40660,1,7,6,2,0,8,0,9,5,6,5
40661,4,5,8,9,3,4,3,3,8,7,3
40662,7,1,0,3,4,6,1,5,7,3,4
40663,8,4,5,5,9,9,8,4,6,9,2
40664,1,7,6,2,0,8,0,9,5,6,5
40665,2,3,4,6,8,2,6,8,9,5,6
40666,0,4,7,0,2,7,4,4,6,8,0
40667,8,2,7,5,9,7,8,8,9,9,8
40668,0,4,3,0,2,0,4,1,4,8,2
40669,7,1,0,3,4,6,1,5,7,3,4
40670,5,8,3,1,6,0,7,1,4,4,7
40671,9,9,9,2,7,1,5,7,2,0,5
40672,0,8,3,1,6,0,4,1,4,4,0
40673,2,3,4,6,8,2,6,8,9,5,6
40674,7,1,0,3,4,6,1,5,7,3,4
40675,8,2,5,5,9,9,8,4,6,9,2
40676,1,7,6,2,0,8,0,3,5,6,5
40677,6,5,7,7,1,5,9,2,8,2,9
40678,5,8,3,1,6,0,7,1,4,4,7
40679,8,2,5,5,9,9,8,4,6,9,8
40680,5,8,3,1,6,0,7,1,4,4,0
40681,8,2,5,5,9,9,8,4,6,9,2
40682,1,7,6,2,0,8,0,9,5,6,5
40683,7,1,0,3,4,6,1,5,7,3,4
40684,5,8,3,1,6,0,7,1,4,4,7
40685,0,4,7,0,2,7,4,1,4,8,0
40686,6,5,2,7,1,5,9,2,3,2,9
40687,2,3,4,6,8,2,6,8,9,5,6
40688,7,1,0,3,4,6,1,5,7,3,4
40689,2,3,4,6,8,2,6,8,9,5,6
40690,3,0,1,4,5,3,2,6,1,1,1
40691,4,5,8,9,3,4,3,3,8,7,3
40692,1,7,6,2,0,8,0,9,5,6,5
40693,9,9,9,2,7,1,5,7,2,0,5
40694,1,7,6,2,0,8,0,9,5,6,5
40695,9,9,9,2,7,1,5,3,2,0,5
40696,1,7,6,2,0,8,0,9,5,6,5
40697,2,3,4,6,8,2,6,8,9,5,6
40698,1,7,6,2,0,8,0,9,5,6,5
40699,6,5,2,7,1,5,9,2,3,2,9
40700,0,4,5,0,2,9,4,1,4,8,0
40701,0,4,5,0,2,9,4,1,4,8,2
40702,8,2,7,5,9,7,8,4,6,9,8
40703,8,2,7,5,9,7,8,4,6,9,8
40704,5,8,3,1,6,0,7,1,4,4,0
40705,6,0,2,7,1,5,9,2,3,2,9
40706,2,3,4,6,8,2,6,8,9,5,0
40707,9,9,9,2,7,1,5,3,2,0,5
40708,7,1,0,3,4,6,1,5,7,3,4
40709,5,2,7,5,9,7,8,4,6,9,8
40710,0,4,5,0,2,9,4,4,6,8,2
40711,9,5,7,2,7,7,5,3,2,0,8
40712,5,8,3,1,6,0,7,1,4,4,7
40713,2,2,7,5,8,7,8,3,6,5,8
40714,1,7,6,2,0,8,0,9,5,6,5
40715,2,3,4,6,8,2,6,8,9,5,6
40716,9,9,9,2,7,1,5,7,2,0,5
40717,4,5,8,9,3,4,3,0,8,7,3
40718,9,9,9,2,7,1,5,7,2,0,5
40719,5,2,7,1,6,7,7,0,6,4,7
40720,5,8,3,1,6,0,7,1,4,4,0
40721,5,8,3,1,6,0,7,1,4,4,7
40722,7,1,0,3,4,6,1,5,7,3,4
40723,5,5,7,5,9,7,7,4,6,9,7
40724,1,7,6,2,0,8,0,9,5,6,5
40725,9,9,9,2,7,1,5,7,2,0,5
40726,7,1,0,3,4,6,1,8,7,3,4
40727,2,3,4,6,8,2,6,8,9,5,6
40728,0,4,3,0,2,0,4,1,4,8,2
40729,8,2,5,5,9,9,8,4,6,9,2
40730,0,4,5,0,2,9,4,4,6,8,2
40731,2,3,4,6,8,2,6,3,9,5,6
40732,7,6,0,8,4,6,1,5,0,3,4
40733,2,3,4,6,8,2,6,3,9,5,6
40734,7,1,0,3,4,6,1,5,7,3,4
40735,9,9,9,2,7,1,5,7,2,0,5
40736,7,1,0,3,4,6,1,5,7,3,4
40737,2,3,4,6,8,2,6,8,9,5,8
40738,7,1,0,3,4,6,1,5,7,3,4
40739,7,1,0,3,4,6,1,5,7,3,4
40740,6,5,2,7,1,5,9,2,3,2,9
40741,4,5,8,9,3,4,3,0,8,7,3
40742,8,2,5,5,9,9,8,4,6,9,2
40743,7,1,0,3,4,6,1,5,7,3,4
40744,1,7,6,2,0,8,0,9,5,6,5
40745,7,1,0,3,4,6,1,5,7,3,4
40746,2,0,4,4,8,2,6,3,1,5,6
40747,6,5,2,7,1,5,9,2,3,2,9
40748,7,1,0,3,4,6,1,5,7,3,4
40749,6,5,2,7,1,5,9,2,3,2,9
40750,7,1,0,3,4,6,1,5,7,3,4
40751,4,5,8,9,3,4,3,0,8,7,3
40752,7,1,0,3,4,6,1,1,4,3,4
40753,8,2,7,5,9,7,8,4,6,9,8
40754,1,7,6,9,0,8,0,3,5,6,3
40755,8,2,7,5,9,7,8,4,6,9,8
40756,9,2,9,5,7,1,5,3,2,0,8
40757,4,5,8,9,3,4,3,0,8,7,3
40758,2,3,4,6,8,2,6,8,9,5,6
40759,8,2,7,2,9,7,8,3,2,9,8
40760,3,6,1,8,5,3,2,6,0,1,1
40761,2,3,4,6,8,2,6,3,9,5,6
40762,0,8,3,1,6,0,7,1,4,4,0
40763,2,3,4,6,8,2,6,8,9,5,6
40764,5,8,3,1,6,0,7,1,4,4,7
40765,7,1,0,3,4,6,1,5,7,3,4
40766,5,6,1,1,6,3,7,6,0,4,7
40767,2,3,4,6,8,2,6,8,9,5,6
40768,0,4,5,0,2,9,4,4,6,8,2
40769,9,9,9,2,7,1,5,7,2,0,5
40770,1,7,6,2,0,8,0,9,5,6,5
40771,4,5,8,9,3,4,3,3,8,7,3
40772,5,8,3,1,6,0,7,1,4,4,7
40773,9,9,9,2,7,1,5,3,2,0,5
40774,0,4,3,0,2,8,4,1,4,8,0
40775,9,9,9,2,7,1,5,7,2,0,5
40776,2,3,4,6,8,2,6,8,9,5,6
40777,2,3,4,6,8,2,6,8,9,5,6
40778,7,6,0,8,4,6,1,6,0,3,4
40779,9,9,9,2,7,1,5,7,2,0,5
40780,3,0,1,4,5,3,2,6,1,1,1
40781,0,4,7,0,2,7,4,4,6,8,0
40782,9,9,9,3,7,1,5,7,2,0,4
40783,8,2,5,5,9,9,8,4,6,9,2
40784,0,4,5,0,2,9,4,1,4,8,2
40785,4,5,8,9,3,4,3,3,8,7,3
40786,5,8,3,1,6,0,7,1,4,4,7
40787,9,3,9,6,7,1,5,8,2,0,8
40788,7,1,0,3,4,6,1,5,7,3,4
40789,7,1,0,3,4,6,1,5,7,3,4
40790,1,7,6,2,0,8,0,9,5,6,5
40791,8,4,5,0,2,9,4,4,6,8,2
40792,7,1,0,3,4,6,1,5,7,3,4
40793,4,5,7,5,3,7,8,3,8,7,8
40794,0,4,5,0,2,9,4,9,5,8,2
40795,8,2,5,5,9,9,8,4,6,9,2
40796,1,7,6,2,0,8,0,9,5,6,5
40797,3,0,1,4,5,3,2,3,1,1,1
40798,4,5,8,9,3,4,3,0,8,7,3
40799,8,2,7,5,9,7,8,4,6,9,8
40800,0,4,7,0,2,7,4,4,6,8,0
40801,3,0,1,4,5,3,2,3,1,1,1
40802,1,7,6,2,0,8,0,9,5,6,5
40803,3,0,1,4,5,3,2,3,1,1,1
40804,1,7,6,2,0,8,0,9,5,6,5
40805,4,5,8,9,3,4,3,3,8,7,3
40806,0,8,3,0,2,0,4,1,4,8,0
40807,8,4,5,5,9,9,8,4,6,9,2
40808,1,7,6,2,0,8,0,9,5,6,5
40809,8,4,7,0,2,7,8,4,6,8,0
40810,8,2,5,5,9,9,8,4,6,9,8
40811,7,1,0,3,4,6,1,5,7,3,4
40812,6,0,2,7,1,5,9,2,3,2,9
40813,3,0,1,4,5,3,2,6,1,1,1
40814,7,1,0,3,4,6,1,5,7,3,4
40815,6,5,2,7,1,5,9,2,3,2,9
40816,9,9,9,2,7,1,5,7,2,0,5
40817,3,0,1,4,5,3,2,6,1,1,1
40818,7,1,0,3,4,6,1,5,7,3,4
40819,9,9,9,2,7,1,5,7,2,0,5
40820,3,6,1,8,5,3,2,6,0,1,1
40821,3,0,1,4,5,3,2,3,1,1,1
40822,8,4,5,0,2,9,8,4,6,8,2
40823,9,9,9,2,7,1,5,7,2,0,5
40824,7,1,0,3,4,6,1,5,7,3,4
40825,4,5,8,9,3,4,3,3,8,7,8
40826,1,7,6,2,0,8,0,9,5,6,5
40827,9,9,7,5,7,7,5,3,2,0,8
40828,5,8,3,1,6,0,7,0,4,4,7
40829,2,0,4,4,8,2,6,3,1,5,6
40830,7,1,0,3,4,6,1,5,7,3,4
40831,9,9,9,2,7,1,5,7,2,0,5
40832,6,1,2,7,1,5,9,2,3,2,9
40833,3,0,1,4,5,3,2,6,1,1,1
40834,5,8,3,1,6,0,7,1,4,4,7
40835,0,4,7,0,2,7,4,1,4,8,0
40836,7,1,0,3,4,6,1,5,7,3,4
40837,8,2,5,5,9,9,8,4,6,9,2
40838,0,4,3,0,2,0,4,1,4,8,2
40839,8,2,7,5,9,7,8,4,6,9,8
40840,7,1,0,3,4,6,1,5,7,3,4
40841,6,5,2,7,1,5,9,2,3,2,9
40842,5,8,3,1,6,0,7,1,4,4,7
40843,3,0,1,4,5,3,2,3,1,1,1
40844,3,0,1,4,5,3,2,6,1,1,1
40845,4,5,8,9,3,4,3,3,8,7,3
40846,5,8,3,1,6,0,7,1,4,4,7
40847,6,5,2,7,1,5,9,2,3,2,9
40848,1,7,6,2,0,8,0,9,5,6,5
40849,4,5,8,9,3,4,3,3,8,7,3
40850,3,6,1,8,5,3,2,6,0,1,1
40851,6,5,2,7,1,5,9,2,3,2,9
40852,1,7,6,3,0,8,0,9,5,6,4
40853,6,5,2,7,1,5,9,2,3,2,9
40854,8,2,7,5,9,7,8,4,6,9,8
40855,8,2,7,5,9,7,8,4,6,9,8
40856,4,5,8,6,3,4,3,8,9,7,3
40857,8,2,7,5,9,7,8,4,6,9,8
40858,7,1,0,3,4,6,1,5,7,3,4
40859,3,6,1,8,5,3,2,6,0,1,1
40860,1,7,6,2,0,8,0,9,5,6,5
40861,1,7,6,2,0,8,0,9,5,6,5
40862,4,5,8,9,3,4,3,0,8,7,3
40863,6,5,2,7,1,5,9,2,3,2,9
40864,1,7,6,2,0,8,0,9,5,6,5
40865,7,1,0,3,4,6,1,5,7,3,4
40866,7,1,0,3,4,6,1,5,7,3,4
40867,5,8,3,1,6,0,7,1,4,4,7
40868,7,1,0,3,4,6,1,5,7,3,4
40869,7,1,0,3,4,6,1,5,7,3,4
40870,6,5,2,7,1,5,9,2,3,2,9
40871,4,5,8,9,3,4,3,0,8,7,3
40872,0,4,5,0,2,9,4,4,6,8,2
40873,0,4,5,0,2,9,4,4,6,8,2
40874,4,1,8,9,3,4,3,5,8,7,3
40875,7,3,0,6,4,6,1,8,9,3,4
40876,5,8,3,1,6,0,7,1,4,4,7
40877,3,6,1,8,5,3,2,6,0,1,1
40878,1,7,6,2,0,8,0,7,5,6,5
40879,1,7,6,2,0,8,0,9,5,6,5
40880,1,7,6,2,0,8,0,9,5,6,5
40881,6,5,2,7,1,5,9,2,3,2,9
40882,1,7,6,2,0,8,0,9,5,6,5
40883,7,1,0,3,4,6,1,5,7,3,4
40884,1,7,6,2,0,8,0,9,5,6,5
40885,5,8,3,1,6,0,7,1,4,4,0
40886,1,7,6,2,0,8,0,9,5,6,5
40887,7,1,0,3,4,6,1,5,7,3,4
40888,3,6,1,8,5,3,2,6,0,1,1
40889,4,5,8,9,3,4,3,0,8,7,3
40890,0,4,3,0,2,0,4,1,4,8,0
40891,1,7,6,2,0,8,0,9,5,6,5
40892,0,4,4,0,2,2,4,8,9,8,0
40893,2,3,4,6,8,2,6,8,9,5,6
40894,9,9,9,2,7,1,5,3,2,0,5
40895,3,6,1,8,5,3,2,6,0,1,1
40896,9,9,9,2,7,1,5,7,2,0,5
40897,1,7,6,2,0,8,0,9,5,6,5
40898,7,1,0,3,4,6,1,5,7,3,4
40899,6,5,2,7,1,5,9,2,3,2,9
40900,6,3,2,7,1,5,9,2,3,2,9
40901,7,1,0,3,4,6,1,5,7,3,4
40902,9,9,7,2,7,7,5,3,2,0,8
40903,0,4,6,0,2,8,4,9,5,8,0
40904,2,3,4,6,8,2,6,5,9,5,6
40905,7,6,0,8,4,6,1,5,0,3,4
40906,0,4,5,0,2,9,4,1,4,8,0
40907,5,5,8,9,3,4,7,0,8,7,7
40908,1,7,6,2,0,8,0,9,5,6,5
40909,1,7,6,2,0,8,0,9,5,6,5
40910,5,8,3,1,6,0,7,1,4,4,7
40911,0,4,5,0,2,9,4,4,6,8,2
40912,0,4,7,0,2,7,4,4,6,8,0
40913,0,4,3,0,2,0,4,1,4,8,0
40914,7,1,0,3,4,6,1,5,7,3,4
40915,3,6,1,8,5,3,2,6,0,1,1
40916,8,4,5,0,2,9,8,4,6,8,8
40917,5,5,8,1,6,4,7,0,8,4,7
40918,1,7,6,2,0,8,0,9,5,6,5
40919,0,4,3,0,2,0,4,1,4,8,0
40920,2,3,4,6,8,2,6,8,9,5,6
40921,1,7,6,2,0,8,0,9,5,6,5
40922,3,6,1,8,5,3,2,6,0,1,1
40923,0,4,3,0,2,0,4,1,4,8,0
40924,9,9,9,2,7,1,5,7,2,0,5
40925,7,1,0,3,4,6,1,5,7,3,4
40926,7,1,0,3,4,6,1,5,7,3,4
40927,4,5,8,9,3,4,3,0,8,7,3
40928,2,3,4,6,8,2,6,8,9,5,6
40929,6,5,2,7,1,5,9,2,3,2,9
40930,8,2,9,2,9,1,8,4,2,9,8
40931,7,1,0,3,4,6,1,5,7,3,4
40932,7,1,0,3,4,6,1,5,7,3,4
40933,0,8,3,0,2,0,4,1,4,8,0
40934,0,8,3,0,2,0,4,1,4,8,0
40935,2,3,4,6,8,2,6,8,9,5,6
40936,6,5,2,7,1,5,9,2,3,2,9
40937,5,8,3,1,6,0,7,1,4,4,7
40938,5,8,3,1,6,0,7,1,4,4,7
40939,2,3,4,6,8,2,6,8,9,5,6
40940,1,7,6,3,0,8,0,9,5,6,4
40941,4,5,8,9,3,4,3,0,8,7,3
40942,7,0,0,4,4,6,1,5,1,3,6
40943,0,4,3,0,2,0,4,1,4,8,0
40944,1,7,6,2,0,8,0,9,5,6,5
40945,2,3,4,6,8,2,6,8,9,5,6
40946,0,4,7,0,2,7,4,4,6,8,0
40947,7,1,0,3,4,6,1,5,7,3,4
40948,6,1,2,7,1,5,9,2,3,2,9
40949,6,5,2,7,1,5,9,2,3,2,9
40950,5,8,3,1,6,0,7,1,4,4,7
40951,6,1,0,7,1,6,9,2,3,2,9
40952,1,7,6,2,0,8,0,9,5,6,5
40953,7,1,0,3,4,6,1,5,7,3,4
40954,1,7,6,2,0,8,0,9,5,6,5
40955,0,4,3,0,2,0,4,1,4,8,0
40956,7,1,0,3,4,6,1,5,7,3,4
40957,7,1,0,2,4,6,1,9,7,3,5
40958,3,6,1,8,5,3,2,6,0,1,1
40959,7,1,0,3,4,6,1,5,7,3,4
40960,7,1,0,3,4,6,1,5,7,3,4
40961,4,5,8,9,3,4,3,0,8,7,3
40962,7,1,0,3,4,6,1,5,7,3,4
40963,7,1,0,3,4,6,1,5,7,3,4
40964,0,4,3,0,2,0,4,1,4,8,0
40965,3,6,1,8,5,3,2,6,0,1,1
40966,7,1,0,3,4,6,1,5,7,3,4
40967,6,5,2,7,1,5,9,2,3,2,9
40968,9,9,9,2,7,1,5,7,2,0,5
40969,3,6,8,8,5,4,2,0,0,1,1
40970,5,8,3,1,6,0,7,1,4,4,7
40971,1,7,6,2,0,8,0,9,5,6,5
40972,7,1,0,3,4,6,1,5,7,3,4
40973,1,7,6,2,0,8,0,9,5,6,5
40974,1,7,6,2,0,8,0,9,5,6,5
40975,6,5,2,7,1,5,9,2,3,2,9
40976,8,2,5,5,9,9,8,4,6,9,8
40977,0,8,3,1,6,0,4,1,4,4,0
40978,0,8,3,0,2,0,4,1,4,8,0
40979,5,5,8,9,3,4,3,0,8,7,7
40980,4,5,8,9,3,4,3,0,8,7,3
40981,6,3,2,7,1,5,9,8,9,2,9
40982,9,9,9,2,7,1,5,7,2,0,5
40983,1,7,6,2,0,8,0,9,5,6,5
40984,0,8,3,1,6,0,7,1,4,4,0
40985,6,5,2,7,1,5,9,2,3,2,9
40986,4,5,8,9,3,4,3,0,8,7,3
40987,1,7,6,2,0,8,0,9,5,6,5
40988,6,5,2,7,1,5,9,2,3,2,9
40989,3,6,1,8,5,3,2,6,0,1,1
40990,5,8,3,1,6,0,7,1,4,4,7
40991,4,5,8,9,3,4,3,0,8,7,3
40992,0,4,3,0,2,0,4,1,4,8,0
40993,7,1,0,3,4,6,1,5,7,3,4
40994,5,8,3,1,6,0,7,1,4,4,7
40995,1,5,6,2,0,8,0,9,5,6,5
40996,7,1,0,3,4,6,1,5,7,3,4
40997,0,4,3,0,2,0,4,1,4,8,0
40998,2,3,4,6,8,2,6,8,9,5,6
40999,1,7,6,2,0,8,0,9,5,6,5
41000,8,2,7,5,9,7,8,3,6,9,8
41001,7,1,0,3,4,6,1,5,7,3,4
41002,8,2,5,5,9,9,8,4,6,9,8
41003,4,1,8,9,3,4,3,3,8,7,3
41004,6,5,2,7,1,5,9,2,3,2,9
41005,0,4,3,0,2,0,4,1,4,8,0
41006,4,4,7,9,3,7,3,0,8,7,0
41007,7,1,0,3,4,6,1,5,7,3,4
41008,0,8,3,0,2,0,4,1,4,8,0
41009,0,4,5,0,2,9,4,1,4,8,2
41010,4,1,8,9,3,4,3,3,7,7,3
41011,1,7,6,2,0,8,0,9,5,6,5
41012,4,5,8,9,3,4,3,3,8,7,3
41013,7,1,0,3,4,6,1,5,7,3,4
41014,0,4,3,0,2,0,4,1,4,8,0
41015,7,1,0,3,4,6,1,5,7,3,4
41016,4,5,8,9,3,4,3,0,8,7,7
41017,7,1,0,3,4,6,1,5,7,3,4
41018,6,6,2,8,1,5,9,6,0,2,9
41019,1,7,6,2,0,8,0,9,5,6,5
41020,5,8,3,1,6,0,7,1,4,4,7
41021,0,4,3,0,2,0,4,1,4,8,0
41022,9,2,7,5,7,7,5,3,2,0,8
41023,2,3,4,6,8,2,6,8,9,5,6
41024,0,4,3,0,2,0,4,1,4,8,2
41025,7,1,0,3,4,6,1,5,7,3,4
41026,1,7,6,2,0,8,0,9,5,6,5
41027,3,6,1,8,5,3,2,6,0,1,1
41028,5,8,3,1,6,0,7,1,4,4,7
41029,1,7,6,2,0,8,0,9,5,6,5
41030,3,6,1,8,5,3,2,6,0,1,1
41031,1,7,6,2,0,8,0,9,5,6,5
41032,7,1,0,3,4,6,1,5,7,3,4
41033,0,4,3,0,2,0,4,1,4,8,0
41034,7,1,0,3,4,6,1,5,7,3,4
41035,9,9,9,2,7,1,5,7,2,0,5
41036,0,8,3,1,6,0,4,1,4,4,0
41037,6,5,2,7,1,5,9,2,3,2,9
41038,4,3,8,9,3,4,3,8,8,7,3
41039,4,5,8,9,3,4,3,0,8,7,3
41040,5,8,3,1,6,0,7,1,4,4,7
41041,3,6,1,8,5,3,2,6,0,1,1
41042,0,4,7,0,2,7,4,1,4,8,0
41043,0,4,7,0,2,7,4,1,4,8,0
41044,0,4,3,0,2,0,4,1,4,8,0
41045,2,3,4,6,8,2,6,8,9,5,6
41046,2,3,4,6,8,2,6,8,9,5,6
41047,4,5,8,9,3,4,3,0,8,7,3
41048,5,8,3,1,6,0,7,1,4,4,0
41049,7,1,0,3,4,6,1,5,7,3,4
41050,4,5,8,9,3,4,3,0,8,7,3
41051,3,6,1,8,5,3,2,6,0,1,1
41052,4,5,8,9,3,4,3,0,8,7,3
41053,7,1,0,3,4,6,1,5,7,3,4
41054,5,8,3,1,6,0,7,1,4,4,7
41055,1,7,6,2,0,8,0,9,5,6,5
41056,3,0,1,4,5,3,2,6,1,1,1
41057,2,3,4,6,8,2,6,8,9,5,6
41058,0,8,3,0,2,0,4,1,4,8,0
41059,4,5,8,9,3,4,3,0,8,7,3
41060,7,1,0,3,4,6,1,5,7,3,4
41061,8,2,5,5,9,9,8,4,6,9,2
41062,1,7,6,2,0,8,0,9,5,6,5
41063,7,1,0,3,4,6,1,5,7,3,4
41064,7,1,0,3,4,6,1,5,7,3,4
41065,0,8,3,1,6,0,4,1,4,4,0
41066,8,2,7,5,9,7,8,4,6,9,8
41067,7,1,0,3,4,6,1,5,7,3,4
41068,0,4,7,0,2,7,4,3,8,8,0
41069,3,6,1,8,5,3,2,6,0,1,1
41070,5,8,3,1,6,0,7,1,4,4,7
41071,7,1,0,3,4,6,1,5,7,3,4
41072,4,0,4,4,8,2,3,3,1,5,3
41073,1,7,6,2,0,8,0,9,5,6,5
41074,9,9,9,2,7,1,5,7,2,0,5
41075,5,8,3,1,6,0,7,1,4,4,0
41076,9,9,9,2,7,1,5,7,2,0,5
41077,3,6,1,8,5,3,2,6,0,1,1
41078,5,8,3,1,6,0,7,5,7,4,7
41079,1,7,6,2,0,8,0,9,5,6,5
41080,4,5,8,9,3,4,3,3,8,7,3
41081,0,4,3,0,2,0,4,1,4,8,0
41082,6,5,2,7,1,5,9,2,3,2,9
41083,0,4,3,0,2,0,4,1,4,8,2
41084,8,2,7,5,9,7,8,4,6,9,8
41085,7,1,0,3,4,6,1,5,7,3,4
41086,4,5,8,9,3,4,3,0,8,7,7
41087,6,5,2,7,1,5,9,2,3,2,9
41088,0,4,5,0,2,9,4,1,4,8,0
41089,4,5,8,9,3,4,3,0,8,7,3
41090,1,7,6,2,0,8,0,9,5,6,5
41091,7,1,0,3,4,6,1,5,7,3,4
41092,7,1,0,3,4,6,1,5,7,3,4
41093,5,8,3,1,6,0,7,1,4,4,0
41094,9,9,9,2,7,1,5,7,2,0,5
41095,0,8,3,1,6,0,4,1,4,4,2
41096,5,8,3,1,6,0,7,1,4,4,7
41097,0,4,7,0,2,7,4,1,4,8,0
41098,8,2,7,5,9,7,8,4,6,9,8
41099,0,4,5,0,2,9,4,1,4,8,2
41100,3,0,1,4,5,3,2,6,1,1,1
41101,3,0,1,4,5,3,2,6,1,1,1
41102,0,4,7,0,2,7,4,1,4,8,0
41103,9,9,9,2,7,1,5,7,2,0,5
41104,1,7,6,2,0,8,0,9,5,6,5
41105,6,5,2,7,1,5,9,2,3,2,9
41106,0,4,7,0,2,7,4,8,4,8,0
41107,7,1,0,3,4,6,1,5,7,3,4
41108,4,1,8,9,3,4,3,5,8,7,3
41109,5,8,7,1,6,7,7,1,6,4,8
41110,7,1,0,3,4,6,1,5,7,3,4
41111,4,5,8,9,3,4,3,0,8,7,3
41112,9,9,9,7,7,1,5,7,2,0,9
41113,0,4,7,0,2,7,4,1,4,8,0
41114,0,8,3,0,2,0,4,1,4,8,0
41115,2,3,7,6,8,7,6,8,9,5,6
41116,0,4,3,0,2,0,4,1,4,8,0
41117,3,0,1,4,5,3,2,6,1,1,1
41118,7,1,0,3,4,6,1,5,7,3,4
41119,9,9,9,2,7,1,5,7,2,0,5
41120,5,8,3,1,6,0,7,1,4,4,7
41121,6,5,2,7,1,5,9,2,3,2,9
41122,7,1,0,3,4,6,1,5,7,3,4
41123,3,0,1,4,5,3,2,3,1,1,1
41124,1,7,6,2,0,8,0,9,5,6,5
41125,9,9,9,5,7,1,5,7,2,0,8
41126,2,0,4,4,8,2,6,3,1,5,6
41127,2,3,4,6,8,2,6,3,9,5,6
41128,0,4,3,0,2,0,4,1,4,8,0
41129,4,5,8,9,3,4,3,3,8,7,3
41130,7,3,4,6,4,6,6,8,9,3,6
41131,8,2,5,5,9,9,8,4,6,9,8
41132,7,1,0,3,4,6,1,5,7,3,4
41133,2,3,4,6,8,2,6,8,9,5,6
41134,1,7,6,2,0,8,0,9,5,6,5
41135,8,2,7,5,9,7,8,4,6,9,8
41136,7,1,0,3,4,6,1,5,7,3,4
41137,3,0,1,4,5,3,2,6,1,1,1
41138,2,0,4,4,8,2,6,3,1,5,6
41139,9,9,9,2,7,1,5,7,2,0,5
41140,7,1,0,3,4,6,1,5,7,3,4
41141,6,5,2,7,1,5,9,2,3,2,9
41142,4,5,8,9,3,4,3,0,8,7,7
41143,2,0,4,4,8,2,6,3,1,5,6
41144,7,1,0,3,4,6,1,5,7,3,4
41145,8,2,7,5,9,7,8,4,6,9,8
41146,1,7,6,2,0,8,0,9,5,6,5
41147,9,9,9,2,7,1,5,7,2,0,5
41148,0,4,5,0,2,9,4,1,6,8,2
41149,4,5,8,9,3,4,3,3,8,7,3
41150,1,7,6,2,0,8,0,9,5,6,5
41151,8,2,7,5,9,7,8,4,6,9,8
41152,7,1,0,3,4,6,1,5,7,3,4
41153,2,3,4,6,8,2,6,8,9,5,6
41154,2,3,4,6,8,2,6,8,9,5,6
41155,8,2,7,5,9,7,8,4,6,9,8
41156,3,6,1,8,5,3,2,6,0,1,1
41157,4,5,8,9,3,4,3,0,8,7,3
41158,3,0,1,4,5,3,2,3,1,1,1
41159,8,2,7,5,9,7,8,4,6,9,8
41160,4,5,8,9,3,4,3,0,8,7,3
41161,8,2,5,5,9,9,8,4,6,9,2
41162,0,4,7,0,2,7,4,1,4,8,0
41163,8,2,7,5,9,7,8,4,6,9,8
41164,0,4,5,0,2,9,4,1,4,8,2
41165,2,3,4,6,8,2,6,3,9,5,6
41166,5,8,3,1,6,0,7,1,4,4,7
41167,4,0,8,4,3,4,3,3,1,7,3
41168,8,2,5,5,9,9,8,4,6,9,8
41169,6,5,2,7,1,5,9,2,3,2,9
41170,4,5,8,9,3,4,3,0,8,7,3
41171,3,0,1,4,5,3,2,6,1,1,1
41172,4,5,8,9,3,4,3,0,8,7,3
41173,9,9,9,5,7,1,5,7,2,0,8
41174,8,2,5,5,9,9,8,4,6,9,5
41175,2,3,4,6,8,2,6,8,9,5,6
41176,0,4,5,0,2,9,4,1,4,8,2
41177,8,2,7,5,9,7,8,4,6,9,8
41178,5,8,3,1,6,0,7,1,4,4,7
41179,6,5,2,7,1,5,9,2,3,2,9
41180,0,4,3,0,2,0,4,1,4,8,0
41181,6,5,2,7,1,5,9,2,3,2,9
41182,6,5,2,7,1,5,9,2,3,2,9
41183,2,3,4,6,8,2,6,8,9,5,6
41184,0,4,5,0,2,9,4,4,6,8,2
41185,9,9,9,2,7,1,5,3,2,0,8
41186,7,1,0,3,4,6,1,5,7,3,4
41187,3,0,1,4,5,3,2,6,1,1,1
41188,4,5,8,9,3,4,3,0,8,7,3
41189,6,5,2,7,1,5,9,2,3,2,9
41190,4,5,8,9,3,4,3,0,8,7,7
41191,3,0,1,4,5,3,2,6,1,1,1
41192,0,4,6,0,2,8,4,9,5,8,0
41193,9,9,9,2,7,1,5,7,2,0,5
41194,1,7,6,2,0,8,0,9,5,6,5
41195,9,9,9,2,7,1,5,7,2,0,5
41196,2,3,3,6,8,0,6,1,4,5,0
41197,6,5,2,7,1,5,9,2,3,2,9
41198,5,5,8,9,3,4,3,0,8,7,7
41199,8,2,7,5,9,7,8,4,6,9,8
41200,7,1,0,3,4,6,1,5,7,3,4
41201,4,5,8,9,3,4,3,0,8,7,3
41202,2,3,4,6,8,2,6,8,9,5,6
41203,2,3,4,6,8,2,6,8,9,5,6
41204,0,5,3,0,2,0,4,1,4,8,7
41205,9,9,9,2,7,1,5,7,2,0,8
41206,0,8,3,1,6,0,7,1,4,4,0
41207,6,5,2,7,1,5,9,2,3,2,9
41208,7,1,0,3,4,6,1,8,7,3,4
41209,9,9,9,2,7,1,5,7,2,0,5
41210,1,7,6,2,0,8,0,9,5,6,5
41211,3,0,1,4,5,3,2,6,1,1,1
41212,7,1,0,3,4,6,1,5,7,3,4
41213,4,5,8,9,3,4,3,3,8,7,3
41214,4,5,8,9,3,4,3,0,8,7,3
41215,2,0,4,4,8,2,6,3,1,5,6
41216,6,9,2,7,1,5,9,2,3,2,9
41217,6,5,2,7,1,5,9,2,3,2,9
41218,1,7,6,0,0,8,0,9,5,6,0
41219,8,2,7,5,9,7,8,4,6,9,0
41220,5,8,3,1,6,0,7,1,4,4,7
41221,8,2,7,5,9,9,8,4,6,9,8
41222,1,7,6,2,0,8,0,9,5,6,5
41223,2,3,4,6,8,2,6,8,9,5,6
41224,0,4,5,0,2,9,4,4,6,8,2
41225,2,3,4,6,8,2,6,8,9,5,6
41226,1,7,6,2,0,8,0,9,5,6,5
41227,0,4,7,0,2,7,4,4,6,8,0
41228,3,6,1,8,5,3,2,6,0,1,1
41229,2,3,4,6,8,2,6,8,9,5,6
41230,7,8,3,1,6,0,1,1,4,4,4
41231,2,3,4,6,8,2,6,8,9,5,6
41232,0,4,3,0,2,0,4,1,4,8,2
41233,2,0,4,4,8,2,6,3,1,5,6
41234,8,2,5,2,9,9,8,4,6,9,5
41235,2,3,4,6,8,2,6,8,9,5,6
41236,8,4,5,5,9,9,8,4,6,9,2
41237,9,9,9,2,7,1,5,7,2,0,5
41238,1,7,6,2,0,8,0,7,5,6,5
41239,8,2,7,5,9,7,8,4,6,9,8
41240,0,4,5,0,2,9,4,4,6,8,2
41241,9,9,9,2,7,1,5,7,2,0,5
41242,1,7,6,2,0,8,0,3,5,6,5
41243,2,0,4,4,8,2,6,3,1,5,6
41244,5,8,3,1,6,0,7,1,4,4,2
41245,3,0,1,4,5,3,2,6,1,1,1
41246,4,5,8,9,3,4,3,0,8,7,3
41247,9,9,9,2,7,1,5,7,2,0,5
41248,1,7,6,2,0,8,0,9,5,6,5
41249,9,9,9,2,7,1,5,7,2,0,5
41250,0,4,5,0,2,9,4,4,6,8,2
41251,8,2,7,5,9,7,8,4,6,9,8
41252,3,6,1,8,5,3,2,6,0,1,1
41253,2,3,4,6,8,2,6,8,9,5,6
41254,7,1,0,3,4,6,1,5,7,3,4
41255,6,5,2,7,1,5,9,2,3,2,9
41256,6,5,2,7,1,5,9,2,3,2,9
41257,4,5,8,9,3,4,3,3,8,7,3
41258,8,2,5,5,9,9,8,3,6,9,8
41259,3,0,1,4,5,3,2,6,1,1,1
41260,6,5,2,7,1,5,9,2,3,2,9
41261,4,5,8,9,3,4,3,3,8,7,3
41262,4,5,8,9,3,4,3,0,8,7,3
41263,9,9,9,2,7,1,5,3,2,0,8
41264,5,5,5,1,6,9,7,1,4,4,7
41265,3,0,1,4,5,3,2,6,1,1,1
41266,1,7,6,2,0,8,0,9,5,6,5
41267,2,3,4,6,8,2,6,8,9,5,6
41268,1,7,6,2,0,8,0,9,5,6,5
41269,9,9,9,2,7,1,5,7,2,0,5
41270,0,4,3,0,2,0,4,1,4,8,0
41271,2,3,4,6,8,2,6,8,9,5,6
41272,4,5,8,9,3,4,3,0,8,7,3
41273,4,5,8,9,3,4,3,3,8,7,3
41274,5,8,3,1,6,0,7,1,4,4,7
41275,8,2,5,5,9,9,8,4,6,9,8
41276,8,4,5,0,2,9,8,4,6,8,2
41277,9,9,9,2,7,1,5,7,2,0,5
41278,2,3,4,6,8,2,6,3,9,5,6
41279,8,2,7,5,9,7,8,4,6,9,8
41280,5,8,3,1,6,0,7,1,4,4,7
41281,8,4,7,0,9,7,8,4,6,9,0
41282,1,7,6,2,0,8,0,9,5,6,5
41283,2,3,4,7,8,2,6,3,3,5,6
41284,0,4,6,0,2,8,4,9,5,8,0
41285,3,0,1,4,5,3,2,6,1,1,1
41286,3,6,1,8,5,3,2,6,0,1,1
41287,2,0,4,6,8,2,6,3,9,5,6
41288,3,6,1,8,5,3,2,6,0,1,1
41289,9,9,9,2,7,1,5,7,2,0,5
41290,4,5,8,9,3,4,3,2,8,7,3
41291,3,0,1,4,5,3,2,3,1,1,1
41292,4,5,8,9,3,4,3,3,8,7,3
41293,9,9,9,2,7,1,5,3,2,0,8
41294,6,5,2,7,1,5,9,2,3,2,9
41295,5,8,3,1,6,0,7,1,4,4,0
41296,3,0,1,4,5,3,2,6,1,1,1
41297,8,2,7,5,9,7,8,4,6,9,8
41298,5,8,3,1,6,0,7,1,4,4,7
41299,2,3,4,6,8,2,6,8,9,5,6
41300,0,4,5,0,2,9,4,4,6,8,2
41301,6,5,2,7,1,5,9,2,3,2,9
41302,8,2,7,5,9,7,8,4,6,9,8
41303,4,0,8,9,3,4,3,3,1,7,3
41304,2,3,4,6,8,2,6,8,9,5,6
41305,9,9,9,2,7,1,5,3,2,0,5
41306,8,2,7,5,9,7,8,4,6,9,8
41307,6,5,2,7,1,5,9,3,3,2,8
41308,4,5,8,9,3,4,3,0,8,7,3
41309,8,2,7,5,9,7,8,4,6,9,8
41310,0,8,3,1,6,0,4,1,4,4,2
41311,8,2,7,5,9,7,8,4,6,9,8
41312,7,1,0,3,4,6,1,5,7,3,4
41313,8,2,7,5,9,7,8,4,6,9,8
41314,7,1,0,3,4,6,1,5,7,3,4
41315,3,0,1,4,5,3,2,3,1,1,1
41316,4,5,8,9,3,4,3,0,8,7,3
41317,2,3,4,6,8,2,6,3,9,5,6
41318,2,0,4,4,8,2,6,3,1,5,6
41319,9,2,7,5,9,7,8,3,2,9,8
41320,4,5,8,9,3,4,3,0,8,7,3
41321,9,9,9,2,7,1,5,3,2,0,5
41322,7,1,0,3,4,6,1,5,7,3,4
41323,9,9,9,7,7,1,5,3,2,0,9
41324,9,9,9,5,7,1,5,7,2,0,8
41325,8,2,5,5,9,9,8,4,6,9,8
41326,5,8,3,1,6,0,7,1,4,4,0
41327,8,2,7,5,9,7,8,3,2,9,8
41328,9,9,9,2,7,1,5,7,2,0,8
41329,8,2,7,5,9,7,8,4,6,9,8
41330,6,5,2,7,1,5,9,2,3,2,9
41331,3,0,1,4,5,3,2,3,1,1,1
41332,1,7,6,2,0,8,0,9,5,6,5
41333,9,9,9,2,7,1,5,7,2,0,5
41334,7,1,0,3,4,6,1,5,7,3,4
41335,6,5,2,7,1,5,9,2,3,2,9
41336,0,4,3,0,2,0,4,1,4,8,2
41337,2,3,4,6,8,2,6,8,9,5,6
41338,3,6,1,8,5,3,2,6,0,1,1
41339,8,2,7,5,9,7,8,4,6,9,8
41340,1,7,6,2,0,8,0,9,5,6,5
41341,9,0,9,4,7,1,5,3,1,0,3
41342,5,8,3,1,6,0,7,1,4,4,7
41343,2,1,4,3,8,2,6,3,7,5,6
41344,4,5,8,9,3,4,3,0,8,7,3
41345,9,2,9,5,9,1,8,7,2,9,8
41346,4,5,8,9,3,4,3,3,8,7,3
41347,9,9,9,2,7,1,5,3,2,0,5
41348,7,1,0,3,4,6,1,5,7,3,4
41349,5,8,3,1,6,0,7,1,4,4,7
41350,3,6,1,8,5,3,2,6,0,1,1
41351,4,5,8,9,3,4,3,3,8,7,3
41352,7,1,0,3,4,6,1,5,7,3,4
41353,2,0,4,4,8,2,6,3,1,5,1
41354,0,8,3,1,2,0,4,1,4,4,0
41355,8,2,7,5,9,7,8,3,6,9,8
41356,7,1,0,3,4,6,1,5,7,3,4
41357,3,0,1,4,5,3,2,3,1,1,1
41358,3,6,1,8,5,3,2,6,0,1,1
41359,2,3,4,6,8,2,6,3,9,5,6
41360,1,7,6,2,0,8,0,9,5,6,5
41361,9,5,9,2,7,1,5,3,2,0,5
41362,0,4,5,0,2,0,4,1,4,8,2
41363,2,3,4,6,8,2,6,3,9,5,8
41364,8,2,7,5,9,7,8,4,6,9,8
41365,8,2,7,5,9,7,8,4,6,9,8
41366,6,5,2,7,1,5,9,2,3,2,9
41367,8,2,9,5,9,1,8,4,2,9,8
41368,3,6,1,8,5,3,2,6,0,1,1
41369,9,9,9,2,7,1,5,3,2,0,8
41370,7,1,0,3,4,6,1,5,7,3,4
41371,9,9,9,7,7,1,5,3,2,0,9
41372,9,9,9,2,7,1,5,7,2,0,5
41373,9,9,7,1,7,7,7,1,2,0,8
41374,3,6,1,8,5,3,2,6,0,1,1
41375,9,2,9,5,7,1,5,7,2,0,8
41376,3,6,1,8,5,3,2,6,0,1,1
41377,9,9,9,5,7,1,5,7,2,0,8
41378,7,1,0,3,4,6,1,5,7,3,4
41379,9,9,9,5,7,1,5,7,2,0,8
41380,1,7,6,2,0,8,0,9,5,6,5
41381,8,2,7,5,9,7,8,3,2,9,8
41382,6,3,2,7,1,5,9,2,3,2,9
41383,9,0,9,4,7,1,5,3,1,0,6
41384,3,6,1,8,5,3,2,6,0,1,1
41385,2,3,4,6,8,2,6,3,9,5,6
41386,1,7,6,2,0,8,0,9,5,6,5
41387,9,9,9,2,7,1,5,7,2,0,5
41388,3,6,1,8,5,3,2,6,0,1,1
41389,1,7,6,2,0,8,0,3,2,6,5
41390,2,3,4,6,8,2,6,8,9,5,6
41391,2,3,4,6,8,2,6,8,9,5,6
41392,1,7,6,2,0,8,0,9,5,6,5
41393,2,3,4,6,8,2,6,3,9,5,6
41394,7,1,0,3,4,6,1,5,7,3,4
41395,8,2,7,5,9,7,8,4,6,9,8
41396,5,8,3,1,6,0,7,1,4,4,7
41397,6,5,2,7,1,5,9,2,3,2,9
41398,6,5,2,7,1,5,9,2,3,2,9
41399,5,5,2,5,9,5,7,2,2,9,8
41400,4,0,8,4,3,4,3,3,1,7,3
41401,9,0,9,4,7,1,5,3,1,0,8
41402,7,1,0,3,4,6,1,5,7,3,4
41403,9,2,9,5,7,1,5,3,2,0,8
41404,7,1,0,3,4,6,1,5,7,3,4
41405,8,2,5,5,9,9,8,4,6,9,8
41406,3,6,1,8,5,3,2,6,0,1,1
41407,7,1,0,3,4,6,1,5,7,3,6
41408,4,5,8,9,3,4,3,0,8,7,3
41409,9,9,9,2,7,1,5,7,2,0,5
41410,5,5,2,7,1,5,7,2,3,2,7
41411,2,3,4,6,8,2,6,5,9,5,6
41412,3,6,1,8,5,3,2,6,0,1,1
41413,4,5,8,9,3,4,3,3,8,7,3
41414,9,9,9,7,7,1,5,7,2,0,9
41415,4,5,8,9,3,4,3,0,8,7,3
41416,7,1,0,3,4,6,1,5,7,3,4
41417,6,5,2,7,1,5,9,2,3,2,9
41418,9,9,9,2,7,1,5,7,2,0,5
41419,9,9,9,2,7,1,5,7,2,0,5
41420,6,9,2,7,1,5,9,2,3,2,9
41421,6,5,2,7,1,5,9,2,3,2,9
41422,5,8,3,1,6,0,7,1,4,4,7
41423,4,5,8,9,3,4,3,3,8,7,3
41424,1,7,6,2,0,8,0,9,5,6,5
41425,3,0,1,4,5,3,2,3,1,1,1
41426,6,0,2,4,1,5,9,2,1,2,9
41427,6,5,2,7,1,5,9,2,3,2,9
41428,7,1,4,3,8,2,1,5,7,5,4
41429,6,5,2,7,1,5,9,2,3,2,9
41430,5,5,8,9,3,4,7,0,8,7,7
41431,2,3,4,6,8,2,6,8,9,5,6
41432,7,6,0,8,4,6,1,5,0,3,7
41433,9,9,9,5,7,1,5,7,2,0,8
41434,7,6,0,3,4,6,1,5,0,3,4
41435,9,9,9,2,7,1,5,7,2,0,5
41436,7,1,0,3,4,6,1,5,7,3,4
41437,9,9,9,2,7,1,5,7,2,0,5
41438,1,7,6,2,0,8,0,9,5,6,5
41439,9,9,9,2,7,1,5,3,2,0,5
41440,0,4,7,0,2,7,4,1,4,8,0
41441,2,3,4,6,8,2,6,3,9,5,6
41442,4,5,8,9,3,4,3,0,8,7,3
41443,3,0,1,4,5,3,2,6,1,1,1
41444,0,4,3,0,2,0,4,1,4,8,0
41445,3,0,1,4,5,3,2,3,1,1,8
41446,9,9,9,2,7,1,5,7,2,0,5
41447,8,0,1,4,9,3,8,3,1,9,8
41448,0,4,5,0,2,9,4,1,4,8,2
41449,9,9,9,2,7,1,5,7,2,0,5
41450,8,2,9,5,9,1,8,4,6,9,8
41451,6,5,2,7,1,5,9,2,3,2,9
41452,4,5,8,9,3,4,3,0,8,7,3
41453,6,0,2,7,1,5,9,2,1,2,9
41454,1,7,6,2,0,8,0,9,5,6,5
41455,9,9,7,5,7,7,5,7,2,0,8
41456,5,8,3,1,6,0,7,1,4,4,3
41457,9,9,9,2,7,1,5,7,2,0,5
41458,1,7,6,2,0,8,0,9,5,6,5
41459,4,5,8,9,3,4,3,0,8,7,3
41460,1,7,6,2,0,8,0,9,5,6,5
41461,8,2,5,5,9,9,8,4,6,9,8
41462,9,9,9,2,7,1,5,7,2,0,5
41463,9,9,9,2,7,1,5,7,2,0,5
41464,7,1,0,3,4,6,1,5,7,3,4
41465,3,0,1,4,5,3,2,3,1,1,1
41466,9,9,9,2,7,1,5,7,2,0,5
41467,9,9,9,2,7,1,5,7,2,0,5
41468,7,1,0,3,4,6,1,5,7,3,4
41469,6,5,2,7,1,5,9,2,3,2,9
41470,0,4,5,0,2,9,4,4,6,8,2
41471,2,0,4,6,8,2,6,3,1,5,6
41472,8,2,5,5,9,9,8,4,6,9,2
41473,8,2,7,5,9,7,8,4,6,9,8
41474,1,7,6,2,0,8,0,9,5,6,5
41475,9,9,9,2,7,1,5,7,2,0,5
41476,7,1,0,3,4,6,1,5,7,3,4
41477,4,5,8,9,3,4,3,3,8,7,3
41478,4,5,8,9,3,4,3,0,8,7,2
41479,8,2,5,5,9,9,8,4,6,9,8
41480,0,8,3,1,2,0,4,1,4,8,0
41481,9,9,9,2,7,1,5,3,2,0,8
41482,0,4,7,0,2,7,4,4,6,8,0
41483,8,2,7,5,9,7,8,4,6,9,8
41484,6,5,2,7,1,5,9,2,3,2,9
41485,3,0,1,4,5,3,2,3,1,1,8
41486,2,2,4,5,8,2,6,3,2,5,8
41487,9,9,9,7,7,1,5,7,2,0,9
41488,4,5,8,9,3,4,3,0,8,7,3
41489,6,8,2,7,1,5,9,2,3,2,9
41490,7,6,0,8,4,6,1,0,0,3,4
41491,6,0,2,7,1,5,9,3,3,2,9
41492,9,9,9,2,7,1,5,7,2,0,5
41493,8,2,5,5,9,9,8,4,6,9,8
41494,0,4,6,0,2,8,4,9,5,8,0
41495,9,9,9,2,7,1,5,3,2,0,5
41496,0,4,5,0,2,9,4,1,4,8,2
41497,8,2,7,5,9,7,8,4,6,9,8
41498,7,8,3,1,4,0,1,1,4,3,0
41499,8,2,7,5,9,7,8,4,6,9,8
41500,4,5,8,9,3,4,3,3,8,7,3
41501,8,2,9,5,9,1,8,4,2,9,8
41502,0,4,3,0,2,0,4,1,4,8,0
41503,8,2,7,5,9,7,8,4,6,9,8
41504,2,3,4,6,8,2,6,8,9,5,6
41505,9,9,9,2,7,1,5,3,2,0,5
41506,3,6,1,8,5,3,2,6,0,1,1
41507,6,5,2,7,1,5,9,2,3,2,9
41508,4,5,8,9,3,4,3,0,8,7,3
41509,2,0,4,4,8,2,6,3,1,5,6
41510,5,8,3,1,6,0,7,1,4,4,7
41511,8,2,7,5,9,7,8,4,6,9,8
41512,6,5,2,7,1,5,9,2,3,2,9
41513,2,9,4,6,8,2,6,3,2,5,6
41514,1,7,6,2,0,8,0,9,5,6,5
41515,2,3,4,7,8,2,6,3,3,5,6
41516,7,1,0,3,4,6,1,5,7,3,4
41517,4,5,8,9,3,4,3,3,8,7,3
41518,1,7,6,2,0,8,0,9,5,6,5
41519,4,5,8,9,3,4,3,3,8,7,3
41520,5,8,3,1,6,0,7,1,4,4,7
41521,2,3,4,6,8,2,6,3,9,5,6
41522,2,3,4,6,8,2,6,8,9,5,0
41523,9,9,9,2,7,1,5,3,2,0,5
41524,1,7,6,2,0,8,0,9,5,6,5
41525,9,9,9,2,7,1,5,7,2,0,5
41526,1,7,6,2,0,8,0,9,5,6,5
41527,9,9,9,5,7,1,5,7,2,0,8
41528,5,8,3,1,6,0,7,1,4,4,0
41529,9,9,9,6,7,1,5,7,2,0,6
41530,0,4,5,0,2,9,4,1,4,8,2
41531,5,8,7,1,6,7,7,4,6,4,7
41532,8,2,5,5,9,9,8,4,6,9,8
41533,2,3,4,6,8,2,6,3,2,5,6
41534,2,3,4,6,8,2,6,3,9,5,6
41535,8,2,5,5,9,9,8,4,6,9,8
41536,1,7,6,2,0,8,0,9,5,6,5
41537,6,5,2,7,1,5,9,3,3,2,9
41538,7,1,0,3,4,6,1,5,7,3,4
41539,9,9,9,2,7,1,5,3,2,0,8
41540,1,7,6,2,0,8,0,9,5,6,5
41541,6,5,2,7,1,5,9,2,3,2,9
41542,1,7,6,2,0,8,0,9,5,6,5
41543,2,3,4,6,8,2,6,8,9,5,6
41544,7,1,0,3,4,6,1,5,7,3,4
41545,4,5,8,9,3,4,3,3,1,7,3
41546,4,5,8,9,3,4,3,0,8,7,3
41547,4,0,8,9,3,4,3,3,1,7,3
41548,7,1,0,3,4,6,1,5,7,3,4
41549,9,9,9,5,7,1,5,7,2,0,8
41550,2,3,4,6,8,2,6,8,9,5,0
41551,8,2,5,5,9,9,8,4,6,9,8
41552,7,1,0,3,4,6,1,5,7,3,4
41553,3,0,1,4,9,3,8,3,1,9,8
41554,1,7,6,2,0,8,0,9,5,6,5
41555,9,9,9,2,7,1,5,7,2,0,5
41556,3,0,1,4,5,3,2,6,1,1,1
41557,3,0,1,4,5,3,2,3,1,1,1
41558,0,4,3,0,2,0,4,1,4,8,2
41559,9,9,9,2,7,1,5,7,2,0,5
41560,2,3,4,6,8,2,6,8,9,5,6
41561,4,0,8,4,3,4,3,3,1,7,3
41562,8,2,7,5,9,7,8,4,6,9,8
41563,8,2,7,5,9,7,8,4,6,9,8
41564,2,3,7,6,8,7,6,8,9,5,6
41565,9,9,9,7,7,1,5,7,2,0,9
41566,2,3,4,6,8,2,6,8,9,5,6
41567,9,9,9,2,7,1,5,7,2,0,5
41568,8,2,7,5,9,7,8,4,6,9,8
41569,8,2,7,5,9,7,8,4,6,9,8
41570,3,0,1,4,5,3,2,6,1,1,1
41571,8,2,5,5,9,9,8,4,6,9,8
41572,6,5,2,7,1,5,9,2,3,2,9
41573,9,9,9,5,7,1,5,3,2,0,8
41574,0,4,7,0,2,7,4,4,6,8,0
41575,9,9,9,6,7,1,5,3,2,0,8
41576,8,2,7,5,9,7,8,4,6,9,8
41577,6,5,2,7,1,5,9,3,3,2,9
41578,7,1,0,3,4,6,1,5,7,3,6
41579,6,5,2,7,1,5,9,2,3,2,9
41580,5,8,3,1,6,0,7,1,4,4,7
41581,6,5,2,7,1,5,9,2,3,2,9
41582,7,1,0,3,4,6,1,5,7,3,4
41583,8,2,7,5,9,7,8,4,6,9,8
41584,0,4,3,0,2,0,4,1,4,8,2
41585,9,9,9,2,7,1,5,7,2,0,5
41586,1,7,6,2,0,8,0,9,5,6,5
41587,9,9,9,2,7,1,5,7,2,0,5
41588,3,6,1,8,5,3,2,6,0,1,1
41589,8,2,7,5,9,7,8,4,6,9,8
41590,7,1,0,3,4,6,1,5,7,3,4
41591,9,9,9,2,7,1,5,7,2,0,5
41592,2,3,4,6,8,2,6,8,9,5,6
41593,6,5,2,7,1,5,9,2,3,2,9
41594,5,8,3,1,6,0,7,1,4,4,7
41595,6,5,2,7,1,5,9,2,3,2,9
41596,1,7,6,2,0,8,0,9,5,6,5
41597,8,2,5,5,9,9,8,4,6,9,8
41598,7,1,0,3,4,6,1,5,7,3,4
41599,8,2,7,5,9,7,8,4,6,9,8
41600,1,7,6,2,0,8,0,9,5,6,5
41601,8,2,5,5,9,9,8,4,6,9,8
41602,5,8,3,1,6,0,7,1,4,4,7
41603,8,2,7,5,9,7,8,4,6,9,8
41604,5,8,3,1,6,0,7,1,4,4,7
41605,8,2,7,5,9,7,8,4,6,9,8
41606,3,6,1,8,5,3,2,6,0,1,1
41607,9,9,9,2,7,1,5,7,2,0,5
41608,7,1,0,3,4,6,1,5,7,3,4
41609,3,0,1,4,5,3,2,6,1,1,1
41610,2,2,4,5,8,2,8,4,9,5,8
41611,9,9,9,2,7,1,5,3,2,0,8
41612,7,1,0,3,4,6,1,5,7,3,4
41613,8,2,9,5,9,1,8,4,2,9,8
41614,0,1,0,3,4,6,1,5,7,3,0
41615,8,2,5,5,9,9,8,4,6,9,8
41616,4,0,8,4,3,4,3,3,1,7,3
41617,3,0,1,4,5,3,2,6,1,1,1
41618,0,7,6,0,2,8,4,1,4,8,0
41619,2,3,4,6,8,2,6,8,9,5,6
41620,3,6,1,8,5,3,2,6,0,1,1
41621,9,9,9,2,7,1,5,7,2,0,8
41622,8,2,7,5,9,7,8,4,6,9,8
41623,9,9,9,2,7,1,5,7,2,0,5
41624,7,1,0,3,4,6,1,5,7,3,4
41625,8,2,7,5,9,7,8,4,6,9,8
41626,4,5,7,9,3,7,3,4,8,7,3
41627,3,0,1,4,5,3,2,6,1,1,1
41628,2,3,4,6,8,2,6,8,9,5,6
41629,6,3,2,7,1,2,9,2,3,2,9
41630,8,2,5,5,9,9,8,4,6,9,2
41631,4,5,8,9,3,4,3,3,8,7,3
41632,7,1,0,3,4,6,1,5,7,3,4
41633,5,8,2,7,6,5,7,2,3,2,7
41634,3,6,1,8,5,3,2,6,0,1,1
41635,2,0,4,4,8,2,6,3,1,5,6
41636,4,5,8,9,3,4,3,0,8,7,3
41637,9,9,9,2,7,1,5,7,2,0,5
41638,1,7,6,2,0,8,0,9,5,6,5
41639,6,5,2,7,1,5,9,3,3,2,9
41640,1,7,6,2,0,8,0,9,5,6,5
41641,9,9,9,2,7,1,5,7,2,0,5
41642,1,7,6,2,0,8,0,3,5,6,5
41643,3,0,1,4,5,3,2,3,1,1,1
41644,5,8,3,1,6,0,7,1,4,4,7
41645,8,4,7,0,2,7,4,4,6,8,0
41646,3,0,1,4,5,3,2,6,1,1,1
41647,3,6,1,8,5,3,2,6,0,1,1
41648,0,4,7,0,2,7,4,1,4,8,0
41649,1,7,6,2,0,8,0,9,5,6,5
41650,0,4,3,0,2,0,4,1,4,8,0
41651,6,5,2,7,1,5,9,2,3,2,9
41652,2,3,4,6,8,2,6,8,9,5,5
41653,1,7,6,2,0,8,0,9,5,6,5
41654,4,5,8,9,3,4,3,0,8,7,3
41655,5,8,3,1,6,0,7,1,4,4,7
41656,0,4,5,0,2,9,4,4,6,8,2
41657,7,1,0,3,4,6,1,5,7,3,4
41658,1,7,6,2,0,8,0,9,5,6,5
41659,4,5,8,9,3,4,3,0,8,7,3
41660,8,2,5,5,9,9,8,4,6,9,8
41661,8,2,5,5,9,9,8,4,6,9,8
41662,1,7,6,2,0,8,0,9,5,6,5
41663,2,3,4,6,8,2,6,8,9,5,6
41664,9,2,7,2,9,7,8,4,6,9,8
41665,0,4,7,0,2,7,4,4,6,8,0
41666,4,5,8,9,3,4,3,0,8,7,3
41667,3,6,1,8,5,3,2,6,0,1,1
41668,5,5,5,1,6,9,7,1,4,4,2
41669,9,9,9,2,7,1,5,7,2,0,5
41670,7,1,0,3,4,6,1,5,7,3,4
41671,0,4,7,0,2,7,4,1,4,8,0
41672,6,5,2,7,1,5,9,2,3,2,9
41673,7,1,0,3,4,6,1,5,7,3,4
41674,7,1,4,3,8,2,6,5,7,5,6
41675,4,5,8,9,3,4,3,3,8,7,3
41676,4,5,8,9,3,4,3,0,8,7,3
41677,9,9,9,5,7,1,5,7,2,0,8
41678,0,8,3,0,2,0,4,1,4,8,0
41679,2,3,4,6,8,2,6,8,9,5,6
41680,5,8,3,1,6,0,7,1,4,4,7
41681,8,4,7,0,2,7,4,4,6,8,0
41682,7,1,0,3,4,6,1,5,7,3,4
41683,3,6,1,4,5,3,2,6,1,1,1
41684,0,4,7,0,2,7,4,1,4,8,0
41685,9,9,9,2,7,1,5,7,2,0,5
41686,0,8,3,1,6,0,4,1,4,4,0
41687,6,5,2,7,1,5,9,2,3,2,9
41688,7,1,0,3,4,6,1,5,7,3,4
41689,1,7,6,2,0,8,0,9,5,6,5
41690,4,5,8,9,3,4,3,0,8,7,3
41691,8,2,7,5,9,7,8,4,6,9,8
41692,0,4,5,0,2,9,4,1,4,8,2
41693,7,1,0,3,4,6,1,5,7,3,4
41694,1,7,6,2,0,8,0,9,5,6,5
41695,4,5,8,9,3,4,3,3,8,7,3
41696,3,6,1,8,5,3,2,6,0,1,1
41697,8,2,5,5,9,9,8,4,6,9,8
41698,0,4,3,0,2,0,4,1,4,8,0
41699,2,3,4,6,8,2,6,8,9,5,6
41700,0,4,3,0,2,0,4,1,4,8,0
41701,8,4,7,5,9,7,8,4,6,9,0
41702,6,1,2,7,1,5,9,2,3,2,9
41703,4,7,8,9,3,4,3,9,8,7,3
41704,0,4,3,0,2,0,4,1,4,8,0
41705,2,3,7,6,8,7,6,8,9,5,6
41706,8,4,7,0,2,7,4,4,6,8,0
41707,8,2,5,5,9,9,8,4,6,9,8
41708,6,5,2,7,1,5,9,3,3,2,9
41709,9,9,9,2,7,1,5,9,2,0,5
41710,1,7,6,2,0,8,0,9,5,6,5
41711,4,5,8,2,3,4,3,3,8,7,5
41712,2,3,4,6,8,2,6,8,9,5,6
41713,3,6,1,8,5,3,2,6,0,1,1
41714,8,2,7,5,9,7,8,3,6,9,8
41715,9,9,9,2,7,1,5,7,2,0,5
41716,5,8,3,1,6,0,7,1,4,4,7
41717,8,2,5,5,9,9,8,4,6,9,8
41718,7,3,0,6,4,6,1,8,9,3,4
41719,7,1,0,3,4,6,1,5,7,3,4
41720,7,1,0,3,4,6,1,5,7,3,4
41721,6,5,2,4,1,5,9,3,1,2,9
41722,4,5,8,9,3,4,3,3,8,7,3
41723,9,9,9,2,7,1,5,7,2,0,5
41724,5,8,3,1,6,0,7,1,4,4,7
41725,8,2,5,5,9,9,8,4,6,9,8
41726,4,5,8,9,3,4,3,0,8,7,3
41727,9,7,6,2,7,8,5,3,2,0,5
41728,1,7,6,2,0,8,0,9,5,6,5
41729,2,0,4,4,8,2,6,8,1,5,6
41730,6,5,2,7,1,5,9,2,3,2,9
41731,0,3,3,0,2,0,4,8,4,8,0
41732,9,9,9,2,7,1,5,7,2,0,5
41733,9,9,9,2,7,1,5,7,2,0,5
41734,0,4,3,0,2,0,4,1,4,8,0
41735,4,0,8,9,3,4,3,3,8,7,3
41736,5,5,8,9,3,4,3,0,8,7,7
41737,7,3,0,6,4,6,1,8,9,3,0
41738,5,8,3,1,6,0,7,1,4,4,7
41739,9,9,9,2,7,1,5,7,2,0,5
41740,7,1,0,3,4,6,1,5,7,3,4
41741,6,5,2,7,1,5,9,2,3,2,9
41742,8,4,5,5,9,9,8,4,6,9,9
41743,3,0,1,4,5,3,2,6,1,1,1
41744,1,7,6,0,0,8,0,9,5,6,0
41745,6,5,2,7,1,5,9,2,3,2,9
41746,4,7,8,9,3,4,3,9,8,7,3
41747,7,1,0,3,4,6,1,5,7,3,4
41748,1,7,6,2,0,8,0,9,5,6,5
41749,5,8,3,1,6,0,7,1,4,4,7
41750,1,7,6,2,0,8,0,9,5,6,5
41751,2,3,4,6,8,2,6,8,9,5,6
41752,2,3,4,6,8,2,6,3,9,5,6
41753,9,7,6,2,0,8,0,9,5,6,5
41754,2,3,4,6,8,2,6,8,9,5,6
41755,7,1,0,3,4,6,1,5,7,3,5
41756,2,3,4,6,8,2,6,3,9,5,6
41757,4,5,8,9,3,4,3,0,8,7,3
41758,2,3,4,6,8,2,6,8,9,5,5
41759,2,3,4,6,8,2,6,5,9,5,6
41760,0,4,5,0,2,9,4,4,6,8,2
41761,0,4,7,0,2,7,4,4,6,8,0
41762,8,4,5,0,2,9,4,4,6,8,2
41763,0,4,7,0,2,7,4,1,4,8,0
41764,0,4,3,0,2,6,4,1,4,8,0
41765,1,7,6,2,0,8,0,9,5,6,5
41766,9,9,9,2,7,1,5,7,2,0,5
41767,1,7,6,2,0,8,0,9,5,6,5
41768,5,8,3,1,6,0,7,1,4,4,7
41769,8,2,5,5,9,9,8,4,6,9,8
41770,0,4,7,0,2,7,4,8,9,8,0
41771,0,4,7,0,2,7,4,1,4,8,0
41772,2,3,4,6,8,2,6,8,9,5,6
41773,1,7,6,2,0,8,0,9,5,6,5
41774,4,5,8,9,3,4,3,3,8,7,3
41775,8,2,7,5,9,7,8,4,6,9,8
41776,7,1,0,3,4,6,1,5,7,3,4
41777,9,9,9,2,7,1,5,7,2,0,5
41778,4,5,8,9,3,4,3,0,8,7,3
41779,9,9,9,2,7,1,5,7,2,0,5
41780,5,8,3,1,6,0,7,1,4,4,0
41781,0,4,6,0,2,8,4,9,5,8,0
41782,4,5,8,9,3,4,3,3,8,7,3
41783,8,2,7,5,9,7,8,4,6,9,8
41784,1,7,6,2,0,8,0,9,5,6,5
41785,9,9,9,2,7,1,5,3,2,0,5
41786,2,3,4,6,8,2,6,8,9,5,6
41787,8,2,7,5,9,7,8,4,6,9,8
41788,1,7,6,2,0,8,0,9,5,6,5
41789,3,6,1,8,5,3,2,6,0,1,1
41790,2,3,4,6,8,2,6,3,9,5,6
41791,8,2,7,5,9,7,8,4,6,9,8
41792,5,8,3,1,6,0,7,1,4,4,7
41793,4,5,8,2,3,4,3,3,8,7,5
41794,6,5,2,7,1,5,9,2,3,2,9
41795,5,5,8,1,6,4,7,3,8,4,7
41796,5,8,3,1,6,0,7,1,4,4,7
41797,4,5,8,9,3,4,3,0,8,7,3
41798,2,4,4,0,8,2,6,3,9,5,2
41799,9,9,9,2,7,1,5,7,2,0,5
41800,4,5,8,9,3,4,3,3,8,7,3
41801,7,1,0,3,4,6,1,5,7,3,4
41802,4,5,8,9,3,4,3,0,8,7,3
41803,7,1,0,3,4,6,1,5,7,3,4
41804,5,8,3,1,6,0,7,1,4,4,0
41805,9,9,9,2,7,1,5,7,2,0,5
41806,3,6,1,8,5,3,2,6,0,1,1
41807,3,0,1,4,5,3,2,3,1,1,1
41808,2,3,4,6,8,2,6,8,9,5,6
41809,9,9,9,2,7,1,5,7,2,0,5
41810,3,6,1,8,5,3,2,6,0,1,1
41811,3,6,1,8,5,3,2,6,0,1,1
41812,1,7,6,2,0,8,0,9,5,6,5
41813,9,9,9,2,7,1,5,7,2,0,5
41814,5,5,8,9,3,4,7,0,8,7,7
41815,7,1,0,3,4,6,1,5,7,3,4
41816,1,7,6,2,0,8,0,9,5,6,5
41817,8,4,7,0,2,7,4,4,6,8,8
41818,0,4,3,0,2,0,4,1,4,8,0
41819,3,0,1,4,5,3,2,6,1,1,1
41820,1,7,6,2,0,8,0,9,5,6,5
41821,6,5,2,7,1,5,9,2,3,2,9
41822,7,1,0,3,4,6,1,5,7,3,4
41823,1,7,6,2,0,8,0,9,5,6,5
41824,1,7,6,2,0,8,0,9,5,6,5
41825,8,2,7,5,9,7,8,4,6,9,8
41826,1,7,6,2,0,8,0,9,5,6,5
41827,8,2,7,5,9,7,8,4,6,9,8
41828,4,5,8,9,3,4,3,0,8,7,3
41829,9,9,9,2,7,1,5,3,2,0,5
41830,6,5,2,7,1,5,9,2,3,2,9
41831,1,7,6,2,0,8,0,9,5,6,5
41832,8,2,9,5,9,1,8,4,2,9,8
41833,0,4,7,0,2,7,4,1,4,8,0
41834,7,8,3,3,4,0,1,1,4,3,4
41835,6,5,2,7,1,5,9,2,3,2,9
41836,1,7,6,2,0,8,0,9,5,6,5
41837,3,0,1,4,5,3,2,6,1,1,1
41838,5,8,3,1,6,0,7,1,4,4,7
41839,9,9,9,2,7,1,5,7,2,0,5
41840,5,8,3,1,6,0,7,1,4,4,7
41841,6,5,2,7,1,5,9,2,3,2,9
41842,4,5,8,9,3,4,3,0,8,7,7
41843,2,0,4,4,8,2,6,5,1,5,6
41844,0,4,3,0,2,0,4,1,4,8,2
41845,8,2,7,5,9,7,8,4,6,9,8
41846,5,8,3,1,6,0,7,1,4,4,7
41847,9,9,9,2,7,1,5,3,2,0,8
41848,4,5,8,9,3,4,3,0,8,7,3
41849,4,5,8,9,3,4,3,0,8,7,3
41850,1,7,6,2,0,8,0,3,5,6,5
41851,8,2,5,5,9,9,8,4,6,9,2
41852,1,7,6,2,0,8,0,9,5,6,5
41853,2,3,4,6,8,2,6,8,9,5,6
41854,8,2,5,5,9,9,8,4,6,9,8
41855,8,2,7,5,9,7,8,4,6,9,8
41856,3,6,1,8,5,3,2,6,0,1,1
41857,3,0,1,4,5,3,2,3,1,1,1
41858,1,7,6,2,0,8,0,9,5,6,5
41859,9,9,9,2,7,1,5,7,2,0,5
41860,9,9,9,2,7,1,5,7,2,0,5
41861,6,5,2,7,1,5,9,2,3,2,9
41862,9,9,9,2,7,1,5,7,2,0,5
41863,7,1,0,3,4,6,1,5,7,3,4
41864,5,8,3,1,6,0,7,1,4,4,7
41865,8,2,7,5,9,7,8,4,6,9,8
41866,2,3,4,6,8,2,6,8,9,5,6
41867,9,9,9,2,7,1,5,3,2,0,8
41868,7,8,3,3,4,0,1,5,4,3,4
41869,4,5,8,9,3,4,3,0,8,7,3
41870,0,4,3,0,2,0,4,1,4,8,0
41871,8,2,5,5,9,9,8,4,6,9,8
41872,0,4,5,0,2,9,4,4,6,8,2
41873,2,3,4,6,8,2,6,8,9,5,6
41874,1,7,6,2,0,8,0,9,5,6,5
41875,8,4,7,0,2,7,4,4,6,8,0
41876,4,5,8,9,3,4,3,0,8,7,3
41877,2,0,4,4,8,2,6,3,1,5,6
41878,6,5,2,7,1,5,9,2,3,2,9
41879,9,9,9,2,7,1,5,7,2,0,5
41880,3,6,1,8,5,3,2,6,0,1,1
41881,6,0,2,7,1,5,9,2,3,2,9
41882,7,1,0,3,4,6,1,5,7,3,4
41883,2,3,4,6,8,2,6,5,7,5,6
41884,1,7,6,2,0,8,0,9,5,6,5
41885,8,2,7,5,9,7,8,4,6,9,8
41886,5,8,3,1,6,0,7,1,4,4,7
41887,2,3,4,6,8,2,6,3,2,5,8
41888,1,7,6,2,0,8,0,9,5,6,5
41889,4,5,8,9,3,4,3,0,8,7,3
41890,5,5,8,1,6,4,7,0,8,4,7
41891,8,2,5,5,9,9,8,4,6,9,2
41892,0,4,3,0,2,0,4,1,4,8,2
41893,2,3,4,6,8,2,6,8,9,5,6
41894,9,9,9,2,7,1,5,7,2,0,5
41895,8,2,7,5,9,7,8,4,6,9,8
41896,3,0,1,4,5,3,2,6,1,1,1
41897,9,9,9,7,7,1,5,7,2,0,9
41898,1,7,6,2,0,8,0,9,5,6,5
41899,4,5,8,9,3,4,3,0,8,7,3
41900,5,5,3,1,6,0,7,1,8,4,7
41901,2,3,4,6,8,2,6,8,9,5,6
41902,7,1,0,3,4,6,1,5,7,3,4
41903,8,4,7,5,9,7,8,4,6,9,0
41904,4,5,8,9,3,4,3,0,8,7,3
41905,8,4,7,5,9,7,8,4,6,9,0
41906,0,4,3,0,2,0,4,1,4,8,0
41907,3,0,1,4,5,3,2,3,1,1,1
41908,1,7,6,2,0,8,0,9,5,6,5
41909,9,9,9,2,7,1,5,7,2,0,5
41910,0,4,5,0,2,9,4,4,6,8,2
41911,6,0,2,7,1,5,9,2,3,2,9
41912,6,5,8,7,1,4,9,0,8,2,7
41913,9,9,9,5,7,1,5,7,2,0,8
41914,1,7,6,2,0,8,0,9,5,6,5
41915,8,2,7,5,9,7,8,4,6,9,8
41916,6,5,2,7,1,5,9,2,3,2,9
41917,2,3,4,6,8,2,6,8,9,5,6
41918,5,8,3,1,6,0,7,1,4,4,0
41919,8,2,5,5,9,9,8,4,6,9,2
41920,0,4,5,0,2,9,4,4,6,8,2
41921,8,2,7,5,9,7,8,4,6,9,8
41922,7,1,0,3,4,6,1,5,7,3,4
41923,8,2,7,5,9,7,8,4,6,9,8
41924,5,8,3,1,6,0,7,1,4,4,7
41925,8,2,7,5,9,7,8,4,6,9,8
41926,7,1,0,3,4,6,1,5,7,3,4
41927,3,0,1,4,5,3,2,6,1,1,1
41928,0,4,5,0,2,9,4,4,6,8,2
41929,2,3,4,6,8,2,6,8,9,5,6
41930,5,8,3,1,6,0,7,1,4,4,7
41931,2,3,4,6,8,2,6,8,9,5,6
41932,8,2,7,5,9,7,8,4,6,9,8
41933,9,9,9,2,7,1,5,7,2,0,5
41934,7,1,0,3,4,6,1,5,7,3,4
41935,2,3,4,6,8,2,6,8,9,5,6
41936,6,9,2,7,1,5,9,2,3,2,9
41937,6,5,2,7,1,5,9,2,3,2,9
41938,2,3,4,6,8,2,6,8,9,5,6
41939,9,9,9,2,7,1,5,7,2,0,5
41940,4,5,8,9,3,4,3,0,8,7,3
41941,8,2,5,5,9,9,8,4,6,9,2
41942,5,8,3,1,6,0,7,1,4,4,7
41943,2,3,4,6,8,2,6,3,9,5,6
41944,1,7,6,2,0,8,0,9,5,6,5
41945,9,9,9,2,7,1,5,3,2,0,6
41946,6,5,2,7,1,5,9,2,3,2,9
41947,2,3,4,6,8,2,6,8,9,5,6
41948,0,4,7,0,2,7,4,1,4,8,0
41949,2,2,7,5,8,7,6,3,2,5,8
41950,1,7,6,2,0,8,0,9,5,6,5
41951,9,9,9,2,7,1,5,3,2,0,8
41952,7,1,0,3,4,6,1,5,7,3,4
41953,8,2,7,5,9,7,8,4,6,9,8
41954,1,7,6,2,0,8,0,9,5,6,5
41955,6,0,2,7,1,5,9,2,3,2,9
41956,9,9,9,2,7,1,5,7,2,0,5
41957,2,3,4,6,8,2,6,3,9,5,6
41958,0,4,5,0,2,9,4,4,6,8,2
41959,9,9,9,7,7,1,5,7,2,0,9
41960,6,0,2,4,1,5,9,3,1,2,9
41961,9,9,9,2,7,1,5,7,2,0,5
41962,5,8,3,1,6,0,7,1,4,4,7
41963,4,5,8,9,3,4,3,0,8,7,3
41964,0,4,7,0,2,7,4,1,4,8,0
41965,3,0,1,4,5,3,2,3,1,1,1
41966,7,1,0,3,4,6,1,5,7,3,4
41967,9,9,9,2,7,1,5,7,2,0,5
41968,7,5,2,3,4,6,1,3,7,3,9
41969,2,0,4,4,8,2,6,5,1,5,6
41970,7,1,0,3,4,6,1,5,7,3,4
41971,1,7,6,2,0,8,0,9,5,6,5
41972,0,4,5,0,2,9,4,4,6,8,2
41973,2,3,4,6,8,2,6,8,9,5,6
41974,4,5,8,9,3,4,3,0,8,7,3
41975,4,5,8,9,3,4,3,0,8,7,3
41976,4,5,8,9,3,4,3,0,8,7,3
41977,8,2,7,5,9,7,8,4,6,9,8
41978,7,1,0,3,4,6,1,5,7,3,4
41979,0,4,7,0,2,7,4,1,4,8,0
41980,2,3,4,6,8,2,6,8,9,5,6
41981,8,2,7,5,9,7,8,4,6,9,8
41982,5,8,3,1,6,0,7,1,4,4,0
41983,8,2,7,5,9,7,8,4,6,9,8
41984,2,3,4,7,8,2,6,2,3,5,6
41985,6,5,2,7,1,5,9,2,3,2,9
41986,1,7,6,2,0,8,0,9,5,6,5
41987,3,0,1,4,5,3,2,3,1,1,1
41988,1,7,6,2,0,8,0,3,5,6,5
41989,2,0,4,4,8,2,6,3,1,5,6
41990,5,8,3,1,6,0,7,1,4,4,7
41991,8,2,7,5,9,7,8,4,6,9,8
41992,7,3,0,6,4,6,1,8,9,3,4
41993,8,2,7,5,9,7,8,7,2,9,8
41994,7,1,0,3,4,6,1,5,7,3,4
41995,4,5,8,9,3,4,3,0,8,7,3
41996,7,1,0,3,4,6,1,5,7,3,4
41997,6,5,2,7,1,5,9,2,3,2,9
41998,6,5,2,7,1,5,9,2,3,2,9
41999,3,0,1,4,5,3,2,6,1,1,1
42000,1,7,6,2,0,8,0,9,5,6,5
42001,6,5,2,7,1,5,9,2,3,2,9
42002,1,7,6,2,0,8,0,9,5,6,5
42003,2,3,9,6,8,1,6,7,9,5,6
42004,9,9,9,2,7,1,5,7,2,0,5
42005,3,0,1,4,5,3,2,6,1,1,1
42006,2,3,4,6,8,2,6,8,9,5,6
42007,4,5,8,9,3,4,3,0,8,7,3
42008,2,4,4,0,8,2,6,3,6,5,6
42009,2,3,4,6,8,2,6,8,9,5,6
42010,3,0,1,4,5,3,2,6,1,1,1
42011,0,4,5,0,2,9,4,4,6,8,2
42012,6,5,2,7,1,5,9,2,3,2,9
42013,8,2,7,5,9,7,8,4,6,9,8
42014,6,5,2,7,1,5,9,2,3,2,9
42015,9,9,9,2,7,1,5,7,2,0,5
42016,5,8,3,1,6,0,7,1,4,4,7
42017,8,2,7,5,9,7,8,4,6,9,0
42018,0,4,7,0,2,7,4,1,4,8,0
42019,6,5,8,9,3,4,9,0,8,7,9
42020,5,8,5,1,6,9,7,1,4,4,7
42021,4,5,8,9,3,4,3,0,8,7,3
42022,4,5,8,9,3,4,3,0,8,7,3
42023,8,2,5,5,9,9,8,4,6,9,8
42024,0,7,6,0,2,8,0,9,5,8,0
42025,4,5,8,9,3,4,3,0,8,7,3
42026,1,7,6,2,0,8,0,9,5,6,5
42027,4,5,8,9,3,4,3,0,8,7,3
42028,1,7,6,2,0,8,0,9,5,6,5
42029,6,3,2,7,1,5,9,2,3,2,9
42030,8,4,5,0,2,9,4,4,6,8,2
42031,8,2,5,5,9,9,8,4,6,9,2
42032,8,4,7,0,2,7,4,4,6,8,0
42033,8,2,7,5,9,7,8,4,6,9,7
42034,7,1,0,3,4,6,1,5,7,3,4
42035,8,2,7,5,9,7,8,4,6,9,8
42036,0,8,3,1,6,0,7,1,4,4,2
42037,3,6,1,8,5,3,2,6,3,1,1
42038,3,0,1,4,5,3,2,3,1,1,1
42039,9,9,9,2,7,1,5,7,2,0,5
42040,9,9,9,2,7,1,5,7,2,0,5
42041,7,1,0,3,4,6,1,5,7,3,4
42042,5,8,3,1,6,0,7,1,4,4,0
42043,7,1,0,3,4,6,1,8,7,3,4
42044,1,7,6,2,0,8,0,9,5,6,5
42045,3,0,1,4,5,3,2,6,1,1,1
42046,7,1,0,3,4,6,1,5,7,3,4
42047,9,9,9,2,7,1,5,3,2,0,8
42048,0,4,3,0,2,0,4,1,4,8,0
42049,2,3,4,6,8,2,6,3,2,5,6
42050,6,5,2,7,1,5,9,2,3,2,9
42051,8,2,7,5,9,7,8,4,6,9,8
42052,5,8,3,1,6,0,7,1,4,4,7
42053,3,0,1,4,5,3,2,6,1,1,1
42054,7,1,0,3,4,6,1,5,7,3,4
42055,7,1,0,3,4,6,1,5,7,3,4
42056,7,1,0,3,4,6,1,5,7,3,4
42057,0,4,5,0,2,9,4,4,6,8,2
42058,1,7,6,2,0,8,0,9,5,6,5
42059,2,3,7,6,8,7,6,4,6,5,0
42060,9,3,9,6,7,1,5,7,2,0,6
42061,8,2,5,5,9,9,8,4,6,9,2
42062,0,4,5,0,2,9,4,1,6,8,2
42063,3,0,1,4,5,3,2,6,1,1,1
42064,0,4,5,0,2,9,4,1,4,8,0
42065,6,5,2,7,1,5,9,2,3,2,9
42066,4,5,8,9,3,4,3,0,8,7,3
42067,8,2,5,5,9,9,8,4,6,9,8
42068,6,5,2,7,1,5,9,2,3,2,9
42069,0,4,7,0,2,7,4,4,6,8,0
42070,6,0,2,7,1,5,9,2,3,2,9
42071,9,9,9,2,7,1,5,7,2,0,5
42072,4,5,8,9,3,4,3,0,8,7,3
42073,2,3,4,6,8,2,6,8,9,5,6
42074,3,0,1,4,5,3,2,6,1,1,1
42075,4,5,8,9,3,4,3,0,8,7,3
42076,7,1,0,3,4,6,1,5,7,3,4
42077,8,2,5,5,9,9,8,4,6,9,8
42078,5,8,3,1,6,0,7,1,4,4,0
42079,2,3,4,6,8,2,6,8,9,5,6
42080,4,5,8,9,3,4,3,3,8,7,3
42081,3,0,1,4,5,3,2,6,1,1,1
42082,7,1,0,3,4,6,1,5,7,3,4
42083,2,3,4,6,8,2,6,8,9,5,6
42084,3,6,1,8,5,3,2,6,0,1,1
42085,9,9,9,2,7,1,5,7,2,0,8
42086,1,7,6,2,0,8,0,9,5,6,5
42087,7,1,0,3,4,6,1,5,7,3,4
42088,8,2,5,5,9,9,8,4,6,9,2
42089,4,5,8,9,3,4,3,0,8,7,3
42090,0,8,3,0,2,0,4,1,4,8,0
42091,2,0,4,4,8,2,6,3,1,5,6
42092,6,5,2,7,1,5,9,2,3,2,9
42093,9,9,9,2,7,1,5,7,2,0,5
42094,0,4,5,0,2,9,4,4,6,8,2
42095,6,5,2,7,1,5,9,2,3,2,9
42096,2,3,4,6,8,2,6,8,9,5,6
42097,2,3,4,6,8,2,6,8,9,5,6
42098,9,9,9,2,7,1,5,7,2,0,5
42099,8,4,7,0,2,7,8,4,6,8,8
42100,3,6,1,8,5,3,2,6,0,1,1
42101,9,9,9,2,7,1,5,7,2,0,8
42102,9,9,9,2,7,1,5,7,2,0,5
42103,4,5,8,9,3,4,3,3,8,7,3
42104,1,7,6,2,0,8,0,9,5,6,5
42105,8,2,5,5,9,9,8,4,6,9,2
42106,5,8,3,1,6,0,7,1,4,4,7
42107,2,3,4,6,8,2,6,8,9,5,6
42108,0,8,3,0,2,0,4,1,4,8,0
42109,8,4,6,0,2,8,0,4,6,8,0
42110,2,3,4,6,8,2,6,8,9,5,6
42111,3,0,1,4,5,3,2,6,1,1,1
42112,8,2,7,5,9,7,8,4,6,9,8
42113,9,9,9,2,7,1,5,7,2,0,5
42114,1,7,6,2,0,8,0,9,5,6,5
42115,6,3,4,7,1,2,9,2,3,2,9
42116,5,8,3,1,6,0,7,1,4,4,0
42117,2,3,4,6,8,2,6,8,9,5,6
42118,0,4,7,0,2,7,4,4,6,8,0
42119,8,2,7,5,9,7,8,4,6,9,0
42120,7,1,0,3,4,6,1,5,7,3,4
42121,9,9,9,2,7,1,5,7,2,0,5
42122,2,3,4,6,8,2,6,8,9,5,6
42123,4,0,8,4,3,4,3,3,1,7,3
42124,5,8,3,1,6,0,7,1,4,4,0
42125,8,2,7,5,9,7,8,4,6,9,8
42126,6,5,2,7,1,5,9,2,3,2,9
42127,2,3,4,6,8,2,6,8,9,5,6
42128,0,4,3,0,2,0,4,1,4,8,0
42129,8,4,7,0,2,7,4,4,6,8,2
42130,2,3,4,6,8,2,6,8,9,5,6
42131,3,0,1,4,5,3,2,3,1,1,1
42132,1,7,6,2,0,8,0,9,5,6,5
42133,9,9,9,7,7,1,5,7,2,0,9
42134,0,4,5,0,2,9,4,4,6,8,2
42135,6,3,2,7,1,5,9,2,3,2,9
42136,3,0,1,4,5,3,2,6,1,1,1
42137,2,3,4,6,8,2,6,8,9,5,6
42138,6,9,2,7,1,5,9,2,3,2,9
42139,8,2,7,5,9,7,8,4,6,9,8
42140,7,1,3,3,4,0,1,1,4,3,4
42141,9,9,9,2,7,1,5,7,2,0,5
42142,9,9,9,2,7,1,5,7,2,0,5
42143,4,5,2,7,3,5,3,3,3,7,3
42144,0,4,3,0,2,0,4,1,4,8,0
42145,8,2,5,5,9,9,8,4,6,9,8
42146,8,4,5,0,2,9,8,4,6,8,2
42147,2,3,4,6,8,2,6,8,9,5,6
42148,0,4,3,0,2,0,4,1,4,8,0
42149,8,2,7,5,9,7,8,4,6,9,8
42150,2,3,4,2,8,2,6,9,5,5,5
42151,4,5,8,9,3,4,3,0,8,7,3
42152,5,8,3,1,6,0,7,1,4,4,7
42153,2,3,4,7,8,2,6,3,3,5,9
42154,5,8,3,1,6,0,7,1,4,4,7
42155,2,3,4,6,8,2,6,8,9,5,6
42156,1,7,6,2,0,8,0,9,5,6,5
42157,2,0,4,4,8,2,6,3,1,5,6
42158,7,1,0,3,4,6,1,5,7,3,4
42159,6,5,2,7,1,5,9,2,3,2,9
42160,4,5,8,9,3,4,3,0,8,7,3
42161,2,0,4,4,8,2,6,3,1,5,6
42162,4,5,8,9,3,4,3,0,8,7,3
42163,8,2,5,5,9,9,8,4,6,9,8
42164,0,4,6,0,2,8,4,9,5,8,2
42165,8,2,5,5,9,9,8,4,6,9,8
42166,4,5,8,9,3,4,3,0,8,7,3
42167,8,2,7,5,9,7,8,4,6,9,8
42168,6,5,2,7,1,5,9,2,3,2,9
42169,8,2,5,5,9,9,8,4,6,9,8
42170,3,6,1,8,5,3,2,6,0,1,1
42171,9,9,9,2,7,1,5,7,2,0,5
42172,4,5,8,9,3,4,3,3,8,7,3
42173,8,2,7,5,9,7,8,4,6,9,8
42174,4,5,8,9,3,4,3,0,8,7,3
42175,9,9,9,2,7,1,5,7,2,0,5
42176,1,7,6,2,0,8,0,9,5,6,5
42177,8,2,5,5,9,9,8,4,6,9,8
42178,7,1,0,3,4,6,1,5,7,3,4
42179,9,9,9,2,7,1,5,7,2,0,5
42180,2,3,4,6,8,2,6,3,9,5,6
42181,8,2,7,5,9,7,8,4,6,9,8
42182,1,7,6,2,0,8,0,9,5,6,5
42183,2,3,4,6,8,2,6,3,9,5,6
42184,1,7,6,2,0,8,0,9,5,6,5
42185,2,0,4,4,8,2,6,3,1,5,6
42186,7,1,0,3,4,6,1,5,7,3,4
42187,0,4,7,0,2,7,4,1,4,8,0
42188,4,5,8,9,3,4,3,0,8,7,3
42189,9,9,9,2,7,1,5,7,2,0,5
42190,5,5,3,1,6,0,7,0,8,4,7
42191,8,2,5,5,9,9,8,4,6,9,8
42192,0,4,7,0,2,7,4,1,4,8,0
42193,9,9,9,2,7,1,5,7,2,0,5
42194,9,9,9,2,7,1,5,7,2,0,5
42195,8,2,5,5,9,9,8,4,6,9,2
42196,2,3,4,6,8,2,6,8,9,5,6
42197,9,9,9,2,7,1,5,7,2,0,5
42198,5,8,3,1,6,0,7,1,4,4,7
42199,6,0,2,4,1,5,9,3,1,2,9
42200,5,8,3,1,6,0,7,1,4,4,2
42201,2,0,4,4,8,2,6,2,1,5,6
42202,8,2,5,5,9,9,8,4,6,9,8
42203,6,3,2,7,1,5,9,2,3,2,9
42204,8,2,5,5,9,9,8,4,6,9,8
42205,9,9,9,2,7,1,5,7,2,0,5
42206,4,5,8,9,3,4,3,3,8,7,3
42207,4,5,8,9,3,4,3,0,8,7,3
42208,7,1,0,3,4,6,1,5,7,3,4
42209,1,7,6,2,0,8,0,9,5,6,5
42210,7,1,0,3,4,6,1,5,7,3,4
42211,8,2,5,5,9,9,8,4,6,9,8
42212,7,1,0,3,4,6,1,5,7,3,4
42213,8,2,7,5,9,7,8,4,6,9,8
42214,0,4,7,0,2,7,4,4,6,8,0
42215,2,3,4,6,8,2,6,8,9,5,6
42216,5,8,3,1,6,0,7,1,4,4,0
42217,2,0,4,4,8,2,6,3,1,5,6
42218,2,3,4,6,8,2,6,8,9,5,6
42219,6,5,2,7,1,5,9,2,3,2,9
42220,5,8,3,1,6,0,7,1,4,4,0
42221,9,9,9,2,7,1,5,7,2,0,5
42222,0,4,7,0,2,7,4,4,6,8,0
42223,6,5,2,7,1,5,9,2,3,2,9
42224,3,6,1,8,5,3,2,6,0,1,1
42225,4,5,8,9,3,4,3,3,8,7,3
42226,7,3,0,6,4,6,1,8,9,3,4
42227,2,0,4,6,8,2,6,3,9,5,6
42228,5,8,3,1,6,0,7,1,4,4,7
42229,2,3,4,6,8,2,6,8,9,5,6
42230,3,6,1,8,5,3,2,6,0,1,1
42231,8,2,7,5,9,7,8,4,6,9,8
42232,0,4,7,0,2,7,4,1,4,8,0
42233,8,2,7,5,9,7,8,4,6,9,8
42234,4,5,8,9,3,4,3,0,8,7,3
42235,2,3,4,7,8,2,6,2,3,5,6
42236,5,8,3,1,6,0,7,1,4,4,0
42237,9,9,9,2,7,1,5,7,2,0,5
42238,7,1,0,3,4,6,1,5,7,3,4
42239,8,2,7,5,9,7,8,4,6,9,8
42240,6,5,2,7,1,5,9,2,3,2,9
42241,2,3,4,6,8,2,6,8,9,5,6
42242,1,7,6,2,0,8,0,9,5,6,5
42243,9,9,9,2,7,1,5,7,2,0,5
42244,7,1,0,3,4,6,1,5,7,3,4
42245,3,0,1,4,5,3,2,3,1,1,1
42246,5,8,3,1,6,0,7,1,4,4,7
42247,4,0,8,4,3,4,3,0,1,7,3
42248,7,1,0,3,4,6,1,5,7,3,4
42249,8,2,7,5,9,7,8,4,6,9,8
42250,3,6,1,8,5,3,2,6,0,1,1
42251,2,3,4,6,8,2,6,8,9,5,6
42252,9,2,9,2,7,1,5,3,2,0,8
42253,4,0,8,9,3,4,3,3,1,7,3
42254,6,9,2,7,1,5,9,2,3,2,9
42255,6,0,2,7,1,5,9,2,3,2,9
42256,4,5,8,9,3,4,3,0,8,7,3
42257,6,3,2,7,1,5,9,2,3,2,9
42258,8,2,7,5,9,7,8,4,6,9,8
42259,2,3,4,6,8,2,6,8,9,5,6
42260,1,7,6,2,0,8,0,9,5,6,5
42261,9,9,9,2,7,1,5,7,2,0,5
42262,3,6,1,8,5,3,2,6,0,1,1
42263,8,2,7,5,9,9,8,4,6,9,8
42264,2,3,4,6,8,2,6,8,9,5,9
42265,8,2,7,5,9,7,8,4,6,9,8
42266,2,3,4,6,8,2,6,8,9,5,6
42267,9,9,9,2,7,1,5,7,2,0,5
42268,1,7,6,2,0,8,0,9,5,6,5
42269,8,2,5,5,9,9,8,4,6,9,8
42270,3,6,1,8,5,3,2,6,0,1,1
42271,6,3,2,7,1,5,9,2,3,2,9
42272,5,8,3,1,6,0,7,1,4,4,7
42273,6,5,2,7,1,5,9,2,3,2,9
42274,2,3,4,9,8,2,6,8,9,5,3
42275,3,0,1,4,5,3,2,3,1,1,1
42276,1,7,6,2,0,8,0,9,5,6,5
42277,3,0,1,4,5,3,2,6,1,1,1
42278,6,5,2,7,1,5,9,2,3,2,9
42279,9,9,9,2,7,1,5,7,2,0,5
42280,1,7,6,2,0,8,0,9,5,6,5
42281,8,2,5,5,9,9,8,4,6,9,8
42282,0,4,5,0,2,9,4,4,6,8,2
42283,8,2,5,5,9,9,8,4,6,9,2
42284,7,1,0,3,4,6,1,5,7,3,4
42285,8,2,7,5,9,7,8,4,6,9,8
42286,0,4,3,0,2,0,4,1,4,8,0
42287,9,9,9,2,7,1,5,7,2,0,5
42288,9,9,9,2,7,1,5,7,2,0,5
42289,8,2,7,5,9,7,8,4,6,9,8
42290,0,4,3,0,2,0,4,1,4,8,0
42291,2,3,4,6,8,2,6,8,9,5,6
42292,9,9,9,2,7,1,5,7,2,0,5
42293,8,2,7,5,9,7,8,4,6,9,8
42294,7,6,0,8,4,6,1,5,0,3,4
42295,4,5,8,9,3,4,3,0,8,7,3
42296,0,8,3,0,2,0,4,1,4,8,2
42297,2,3,4,6,8,2,6,8,9,5,6
42298,5,8,3,1,6,0,7,1,4,4,7
42299,2,3,4,6,8,2,6,8,9,5,6
42300,5,8,3,1,6,0,7,1,4,4,0
42301,6,5,2,7,1,5,9,2,3,2,9
42302,5,8,3,1,6,0,7,1,4,4,7
42303,6,5,2,7,1,5,9,2,3,2,9
42304,5,8,3,1,6,0,7,1,4,4,7
42305,4,5,8,9,3,4,3,0,8,7,3
42306,0,4,7,0,2,7,4,4,6,8,0
42307,9,9,9,2,7,1,5,7,2,0,5
42308,6,5,2,7,1,5,9,2,3,2,9
42309,5,5,8,9,3,4,7,0,8,7,7
42310,6,3,2,7,1,5,9,2,3,2,9
42311,8,2,7,5,9,7,8,4,6,9,8
42312,7,1,0,3,4,6,1,5,7,3,4
42313,2,3,4,6,8,2,6,8,9,5,6
42314,9,9,9,2,7,1,5,7,2,0,5
42315,8,2,4,5,9,2,8,4,6,9,8
42316,1,7,6,2,0,8,0,9,5,6,5
42317,9,9,9,2,7,1,5,7,2,0,5
42318,0,4,3,0,2,0,4,1,4,8,0
42319,6,5,2,7,1,5,9,2,3,2,9
42320,9,9,9,5,7,1,5,7,2,0,8
42321,9,9,9,2,7,1,5,7,2,0,5
42322,7,1,0,3,4,6,1,5,7,3,4
42323,6,5,2,7,1,5,9,2,3,2,9
42324,3,6,1,8,5,3,2,6,0,1,1
42325,4,5,8,9,3,4,3,0,8,7,3
42326,1,7,6,2,0,8,0,9,5,6,5
42327,5,5,8,1,6,4,7,0,8,4,7
42328,9,9,9,2,7,1,5,7,2,0,5
42329,8,2,7,5,9,7,8,3,6,9,8
42330,5,8,3,1,6,0,7,1,4,4,7
42331,2,3,4,6,8,2,6,8,9,5,6
42332,1,7,6,2,0,8,0,9,5,6,5
42333,8,2,7,5,9,7,8,4,6,9,8
42334,2,3,4,6,8,2,6,3,9,5,6
42335,4,0,8,4,3,4,3,3,1,7,3
42336,0,4,5,0,2,9,4,1,4,8,2
42337,9,9,9,2,7,1,5,7,2,0,5
42338,2,3,4,6,8,2,6,8,9,5,6
42339,1,7,6,2,0,8,0,9,5,6,5
42340,5,8,8,1,6,4,7,0,8,4,7
42341,7,1,0,3,4,6,1,5,7,3,4
42342,3,6,1,8,5,3,2,6,0,1,1
42343,0,4,3,0,2,0,4,1,4,8,0
42344,5,8,3,1,6,0,7,1,4,4,7
42345,5,8,3,1,6,0,7,1,4,4,7
42346,5,8,3,1,6,0,7,1,4,4,0
42347,7,1,0,3,4,6,1,5,7,3,4
42348,1,7,6,2,0,8,0,9,5,6,5
42349,3,6,1,8,5,3,2,6,0,1,1
42350,4,5,8,9,3,4,3,0,8,7,3
42351,1,7,6,2,0,8,0,9,5,6,5
42352,0,4,5,0,2,9,4,4,6,8,2
42353,1,7,6,2,0,8,0,9,5,6,5
42354,5,8,3,1,6,0,7,1,4,4,7
42355,1,7,6,2,0,8,0,9,5,6,5
42356,5,8,3,1,6,0,7,1,4,4,7
42357,5,8,3,1,6,0,7,1,4,4,7
42358,3,6,1,8,5,3,2,6,0,1,1
42359,7,1,0,3,4,6,1,5,7,3,4
42360,5,8,3,1,6,0,7,1,4,4,7
42361,5,5,8,1,6,4,7,0,8,4,7
42362,3,0,1,4,5,3,2,6,1,1,1
42363,5,8,3,1,6,0,7,1,4,4,7
42364,1,7,6,2,0,8,0,9,5,6,5
42365,7,1,0,3,4,6,1,5,7,3,4
42366,7,1,0,3,4,6,1,5,7,3,4
42367,5,8,3,1,6,0,7,1,4,4,7
42368,0,4,5,0,2,9,4,1,4,8,2
42369,3,6,1,8,5,3,2,6,0,1,1
42370,4,5,8,9,3,4,3,0,8,7,3
42371,1,7,6,2,0,8,0,9,5,6,5
42372,0,4,4,0,2,2,4,8,9,8,0
42373,7,1,0,3,4,6,1,5,7,3,4
42374,3,0,1,4,5,3,2,6,1,1,1
42375,7,1,0,3,4,6,1,5,7,3,4
42376,8,2,7,5,9,7,8,4,6,9,8
42377,5,8,3,1,6,0,7,1,4,4,7
42378,0,4,7,0,2,7,4,1,4,8,0
42379,2,3,4,6,8,2,6,8,9,5,6
42380,1,7,6,2,0,8,0,9,5,6,5
42381,4,5,8,9,3,4,3,0,8,7,3
42382,0,4,3,0,2,0,4,1,4,8,0
42383,7,1,0,3,4,6,1,5,7,3,4
42384,0,4,3,0,2,0,4,1,4,8,0
42385,5,8,3,1,6,0,7,1,4,4,7
42386,4,5,8,9,3,4,3,3,8,7,3
42387,7,1,0,3,4,6,1,5,7,3,4
42388,7,3,0,6,4,6,1,8,9,3,4
42389,3,6,1,8,5,3,2,6,0,1,1
42390,0,4,7,0,2,7,4,1,4,8,0
42391,7,1,0,3,4,6,1,5,7,3,4
42392,7,1,0,3,4,6,1,5,7,3,4
42393,1,7,6,2,0,8,0,9,5,6,5
42394,6,5,2,7,1,5,9,2,3,2,9
42395,4,5,8,9,3,4,3,0,8,7,7
42396,4,5,8,9,3,4,3,0,8,7,3
42397,7,1,0,3,4,6,1,5,7,3,4
42398,7,1,0,3,4,6,1,5,7,3,4
42399,5,8,3,1,6,0,7,1,4,4,7
42400,5,8,3,1,6,0,7,1,4,4,0
42401,1,7,6,2,0,8,0,9,5,6,5
42402,3,6,1,8,5,3,2,6,0,1,1
42403,5,8,3,1,6,0,7,1,4,4,7
42404,1,7,6,2,0,8,0,9,5,6,5
42405,5,5,8,1,6,4,7,0,8,4,7
42406,1,7,6,2,0,8,0,9,5,6,5
42407,8,2,7,5,9,7,8,3,6,9,8
42408,2,3,4,6,8,2,6,8,9,5,6
42409,6,5,8,9,1,4,9,0,8,2,7
42410,0,4,5,0,2,9,4,1,4,8,2
42411,5,8,3,1,6,0,7,1,4,4,7
42412,1,7,6,2,0,8,0,9,5,6,5
42413,7,1,0,2,4,6,1,9,7,3,5
42414,2,3,4,6,8,2,6,8,9,5,6
42415,5,8,3,1,6,0,7,1,4,4,7
42416,1,7,6,2,0,8,0,9,5,6,5
42417,7,1,0,3,4,6,1,5,7,3,4
42418,1,4,6,0,2,8,4,9,5,8,2
42419,7,1,0,3,4,6,1,5,7,3,4
42420,4,5,8,9,3,4,3,0,8,7,7
42421,5,8,3,1,6,0,7,1,4,4,7
42422,1,7,6,2,0,8,0,9,5,6,5
42423,7,1,0,3,4,6,1,5,7,3,4
42424,1,7,6,2,0,8,0,9,5,6,5
42425,5,8,3,1,6,0,7,1,4,4,7
42426,0,5,3,0,2,0,4,1,4,8,0
42427,5,8,3,1,6,0,7,1,4,4,2
42428,5,8,8,1,6,4,7,0,8,4,7
42429,8,4,5,0,2,9,4,4,6,8,2
42430,8,4,5,5,9,9,8,4,6,9,2
42431,2,3,4,6,8,2,6,3,9,5,6
42432,7,1,0,3,4,6,1,5,7,3,4
42433,3,6,1,8,5,3,2,6,0,1,1
42434,0,4,3,0,2,8,4,1,4,8,0
42435,1,7,6,2,0,8,0,9,5,6,5
42436,0,8,3,1,6,0,4,1,4,4,0
42437,5,8,3,1,6,0,7,1,4,4,7
42438,7,1,0,3,4,6,1,5,7,3,4
42439,1,5,6,2,0,8,0,9,5,6,5
42440,1,7,6,2,0,8,0,9,5,6,5
42441,7,1,0,3,4,6,1,5,7,3,4
42442,7,1,0,3,4,6,1,5,7,3,4
42443,6,3,2,7,1,5,9,2,3,2,9
42444,2,0,4,4,8,2,6,3,1,5,6
42445,7,1,0,3,4,6,1,5,7,3,4
42446,3,6,1,8,5,3,2,6,0,1,1
42447,7,1,0,3,4,6,1,5,7,3,4
42448,3,6,1,8,5,3,2,6,0,1,1
42449,7,1,0,3,4,6,1,5,7,3,4
42450,4,5,8,9,3,4,3,0,8,7,3
42451,8,2,5,5,9,9,8,4,6,9,8
42452,4,5,8,9,3,4,3,0,8,7,7
42453,7,1,0,3,4,6,1,5,7,3,4
42454,6,5,2,7,1,5,9,2,3,2,9
42455,0,4,7,0,2,7,4,1,4,8,0
42456,3,6,1,8,5,3,2,6,0,1,1
42457,5,8,3,1,6,0,7,1,4,4,7
42458,0,4,7,0,2,7,4,4,6,8,0
42459,5,8,3,1,6,0,7,1,4,4,7
42460,1,7,6,2,0,8,0,9,5,6,5
42461,5,8,3,1,6,0,7,1,4,4,2
42462,1,7,6,2,0,8,0,9,5,6,5
42463,1,7,6,2,0,8,0,9,5,6,5
42464,5,8,3,1,6,0,7,0,4,4,7
42465,0,8,3,1,6,0,4,1,4,4,0
42466,0,4,5,2,2,9,4,4,6,8,5
42467,7,1,0,3,4,6,1,5,7,3,4
42468,1,7,6,2,0,8,0,9,5,6,5
42469,7,1,0,3,4,6,1,5,7,3,4
42470,2,3,4,6,8,2,6,8,9,5,6
42471,5,8,3,1,6,0,7,1,4,4,7
42472,7,1,0,3,4,6,1,5,7,3,4
42473,7,1,0,3,4,6,1,5,7,3,4
42474,6,5,2,7,1,5,9,2,3,2,9
42475,5,5,8,9,3,4,3,0,8,7,7
42476,7,1,0,3,4,6,1,5,7,3,4
42477,5,8,3,1,6,0,7,1,4,4,7
42478,5,8,3,1,6,0,7,1,4,4,7
42479,7,1,0,3,4,6,1,5,7,3,4
42480,7,1,0,3,4,6,1,5,7,3,4
42481,6,5,2,7,1,5,9,0,3,2,7
42482,5,8,3,1,6,0,7,1,4,4,7
42483,3,6,1,8,5,3,2,6,0,1,1
42484,5,8,3,1,6,0,7,1,4,4,0
42485,1,7,6,2,0,8,0,9,5,6,5
42486,1,7,6,2,0,8,0,9,5,6,5
42487,7,1,0,3,4,6,1,5,7,3,3
42488,3,6,1,4,5,3,2,6,1,1,1
42489,4,5,8,9,3,4,3,0,8,7,3
42490,4,5,8,9,3,4,3,0,8,7,3
42491,5,8,3,1,6,0,7,1,4,4,7
42492,5,8,3,1,6,0,7,1,4,4,0
42493,7,1,0,3,4,6,1,5,7,3,4
42494,1,7,6,2,0,8,0,9,5,6,5
42495,7,1,0,3,4,6,1,5,7,3,4
42496,6,9,2,7,1,5,9,2,3,2,9
42497,5,8,3,1,6,0,7,1,4,4,7
42498,4,5,8,9,3,4,3,0,8,7,7
42499,3,6,1,8,5,3,2,6,0,1,1
42500,0,4,3,0,2,0,4,1,4,8,0
42501,5,8,3,1,6,0,7,1,4,4,7
42502,1,7,6,2,0,8,0,9,5,6,5
42503,5,8,3,1,6,0,7,1,4,4,7
42504,5,8,3,1,6,0,7,1,4,4,7
42505,7,1,0,3,4,6,1,5,7,3,4
42506,1,7,6,2,0,8,0,9,5,6,5
42507,0,4,7,0,2,7,4,1,4,8,0
42508,7,1,0,3,4,6,1,5,7,3,4
42509,7,1,0,3,4,6,1,5,7,3,4
42510,1,7,6,2,0,8,0,9,5,6,5
42511,7,1,0,3,4,6,1,5,7,3,4
42512,0,4,7,0,2,7,4,4,6,8,0
42513,4,5,8,9,3,4,3,0,8,7,3
42514,0,8,3,1,6,0,7,1,4,4,2
42515,5,8,3,1,6,0,7,1,4,4,7
42516,0,4,7,0,2,7,4,4,6,8,0
42517,7,1,0,3,4,6,1,5,7,3,4
42518,1,7,6,2,0,8,0,9,5,6,5
42519,0,4,7,0,2,7,4,4,6,8,0
42520,7,1,0,3,4,6,1,5,7,3,4
42521,4,5,8,9,3,4,3,0,8,7,3
42522,5,8,3,1,6,0,7,1,4,4,7
42523,4,5,8,9,3,4,3,0,8,7,3
42524,5,8,3,1,6,0,7,1,4,4,7
42525,4,5,8,9,3,4,3,0,8,7,3
42526,5,8,3,1,6,0,7,1,4,4,7
42527,5,8,3,1,6,0,7,1,4,4,7
42528,0,4,5,0,2,9,4,4,6,8,2
42529,5,8,3,1,6,0,7,1,4,4,7
42530,4,5,8,9,3,4,3,3,8,7,3
42531,9,9,9,2,7,1,5,7,2,0,5
42532,5,5,3,1,6,0,7,1,4,4,7
42533,7,1,0,3,4,6,1,5,7,3,4
42534,7,1,0,3,4,6,1,5,7,3,4
42535,6,1,2,7,1,5,9,2,3,2,9
42536,5,8,3,1,6,0,7,1,4,4,0
42537,1,7,6,2,0,8,0,9,5,6,5
42538,5,8,3,1,6,0,7,1,4,4,0
42539,9,5,9,2,7,1,5,1,2,0,5
42540,2,3,4,6,8,2,6,8,9,5,6
42541,6,6,2,8,1,5,9,0,0,2,9
42542,0,4,3,0,2,0,4,1,4,8,0
42543,2,3,3,6,8,0,6,8,9,5,0
42544,0,4,5,0,2,9,4,1,4,8,2
42545,7,1,0,3,4,6,1,5,7,3,4
42546,9,9,9,2,7,1,5,7,2,0,5
42547,0,4,3,1,2,0,4,1,4,8,0
42548,0,4,5,0,2,9,4,1,4,8,2
42549,0,8,3,0,2,0,4,1,4,8,2
42550,5,8,3,1,6,0,7,1,4,4,7
42551,5,8,3,1,6,0,7,1,4,4,7
42552,3,6,1,8,5,3,2,6,0,1,1
42553,5,8,3,1,6,0,7,1,4,4,7
42554,2,1,4,3,8,2,6,3,7,5,6
42555,2,3,4,6,8,2,6,8,9,5,6
42556,2,3,4,6,8,2,6,8,9,5,6
42557,5,8,3,1,6,0,7,1,4,4,7
42558,4,5,8,9,3,4,3,3,8,7,3
42559,3,6,1,8,5,3,2,6,0,1,1
42560,7,1,0,3,4,6,1,5,7,3,4
42561,9,9,9,2,7,1,5,7,2,0,5
42562,6,9,2,2,1,5,9,2,3,2,5
42563,6,5,2,7,1,5,9,2,3,2,9
42564,0,4,3,0,2,0,4,1,4,8,0
42565,7,1,0,3,4,6,1,5,7,3,4
42566,5,8,3,1,6,0,7,1,4,4,7
42567,8,2,7,5,9,7,8,4,6,9,0
42568,6,5,2,7,1,5,9,2,3,2,9
42569,7,1,0,3,4,6,1,5,7,3,4
42570,5,5,8,1,6,4,7,0,8,4,7
42571,4,5,8,9,3,4,3,0,8,7,3
42572,7,1,0,3,4,6,1,5,7,3,4
42573,8,2,5,5,9,9,8,4,6,9,2
42574,5,8,3,1,6,0,7,1,4,4,0
42575,2,3,4,6,8,2,6,8,9,5,6
42576,7,1,0,3,4,6,1,8,7,3,4
42577,0,4,7,0,2,7,4,8,9,8,0
42578,1,7,9,2,0,1,0,7,5,6,5
42579,3,0,1,4,5,3,2,6,1,1,1
42580,8,3,7,6,9,7,8,8,9,9,8
42581,9,9,9,2,7,1,5,7,2,0,5
42582,0,4,6,0,2,8,4,9,5,8,0
42583,6,5,2,7,1,5,9,2,3,2,9
42584,1,7,6,2,0,8,0,9,5,6,5
42585,7,1,0,3,4,6,1,5,7,3,4
42586,1,7,6,2,0,8,0,9,5,6,5
42587,8,2,7,5,9,7,8,4,6,9,8
42588,7,1,0,3,4,6,1,5,7,3,4
42589,2,3,4,6,8,2,6,8,9,5,6
42590,7,1,0,3,4,6,1,5,7,3,4
42591,4,5,8,9,3,4,3,0,8,7,3
42592,0,4,5,0,2,9,4,4,6,8,2
42593,8,2,5,5,9,9,8,4,6,9,2
42594,0,4,3,0,2,0,4,1,4,8,2
42595,2,3,4,6,8,2,6,8,9,5,6
42596,6,1,2,7,1,5,9,2,3,2,9
42597,0,4,3,0,2,0,4,1,4,8,0
42598,6,3,2,7,1,5,9,2,3,2,9
42599,3,6,1,8,5,3,2,6,0,1,1
42600,4,7,6,2,0,8,3,3,5,6,3
42601,9,9,9,2,7,1,5,7,2,0,5
42602,1,7,6,2,0,8,0,9,5,6,5
42603,6,5,2,7,1,5,9,2,3,2,9
42604,7,1,0,3,4,6,1,5,7,3,4
42605,7,1,0,3,4,6,1,5,7,3,4
42606,5,8,3,1,6,0,7,1,4,4,2
42607,8,2,7,5,9,7,8,4,6,9,8
42608,2,3,4,6,8,2,6,5,9,5,6
42609,2,5,4,5,8,2,6,3,6,5,8
42610,3,6,1,8,5,3,2,6,0,1,1
42611,4,5,8,9,3,4,3,0,8,7,3
42612,5,1,0,3,4,6,7,5,7,3,7
42613,8,2,5,5,9,9,8,4,6,9,2
42614,3,6,1,8,5,3,2,6,0,1,1
42615,2,3,4,6,8,2,6,8,9,5,6
42616,5,8,3,1,6,0,7,1,4,4,7
42617,2,3,4,6,8,2,6,8,9,5,6
42618,1,7,6,2,0,8,0,9,5,6,5
42619,0,4,5,0,2,9,4,4,6,8,2
42620,0,8,3,1,6,0,7,1,4,4,0
42621,8,2,5,5,9,9,8,4,6,9,2
42622,7,0,0,4,4,6,1,5,7,3,4
42623,3,0,1,4,5,3,2,6,1,1,1
42624,8,2,7,5,9,7,8,4,6,9,8
42625,9,9,9,2,7,1,5,7,2,0,5
42626,2,3,4,6,8,2,6,8,9,5,6
42627,7,1,0,3,4,6,1,5,7,3,4
42628,0,4,7,0,2,7,4,1,4,8,0
42629,0,4,5,0,2,9,4,4,6,8,2
42630,1,7,6,2,0,8,0,9,5,6,5
42631,2,3,4,6,8,2,6,3,9,5,6
42632,4,0,8,9,3,4,3,3,8,7,3
42633,6,5,2,7,1,5,9,2,3,2,9
42634,3,6,1,8,5,3,2,6,0,1,1
42635,2,3,4,6,8,2,6,8,9,5,6
42636,7,1,0,3,4,6,1,5,7,3,4
42637,3,6,1,8,5,3,2,6,0,1,1
42638,5,8,3,1,6,0,7,1,4,4,7
42639,8,2,5,5,9,9,8,4,6,9,2
42640,8,2,7,5,9,7,8,4,6,9,8
42641,2,3,4,6,8,2,6,8,9,5,6
42642,5,8,3,1,6,0,7,1,4,4,7
42643,8,2,7,5,9,7,8,4,6,9,8
42644,1,7,6,2,0,8,0,9,5,6,5
42645,8,2,5,5,9,9,8,4,6,9,8
42646,0,4,5,0,2,9,4,4,6,8,2
42647,4,5,8,9,3,4,3,0,8,7,3
42648,0,4,3,0,2,0,4,1,4,8,2
42649,3,6,1,4,5,3,2,6,1,1,1
42650,0,4,5,0,2,9,4,1,4,8,2
42651,8,4,7,0,9,7,8,4,6,9,0
42652,7,1,0,3,4,6,1,5,7,3,4
42653,8,2,7,5,9,7,8,4,6,9,8
42654,6,5,2,7,1,5,9,2,3,2,9
42655,9,9,9,2,7,1,5,7,2,0,5
42656,7,1,0,3,4,6,1,8,9,3,4
42657,9,9,9,2,7,1,5,7,2,0,5
42658,3,6,1,8,5,3,2,6,0,1,1
42659,2,3,4,6,8,2,6,8,9,5,6
42660,7,1,0,3,4,6,1,5,7,3,4
42661,2,3,4,6,8,2,6,8,9,5,6
42662,5,8,3,1,6,0,7,1,4,4,7
42663,2,0,4,4,8,2,6,3,1,5,6
42664,2,3,4,6,8,2,6,3,9,5,6
42665,2,3,4,6,8,2,6,8,9,5,6
42666,1,7,6,2,0,8,0,9,5,6,5
42667,4,5,8,9,3,4,3,3,8,7,3
42668,0,4,3,0,2,0,4,1,4,8,0
42669,6,1,2,7,1,5,9,2,3,2,9
42670,0,4,3,0,2,0,4,1,4,8,0
42671,6,5,2,7,1,5,9,2,3,2,9
42672,0,4,6,0,2,8,4,9,5,8,0
42673,9,9,9,2,7,1,5,7,2,0,5
42674,3,0,1,4,5,3,2,3,1,1,1
42675,6,5,2,7,1,5,9,2,3,2,9
42676,5,8,3,1,6,0,7,1,4,4,7
42677,7,1,0,3,4,6,1,5,7,3,4
42678,4,5,8,9,3,4,3,0,8,7,3
42679,2,3,4,6,8,2,6,8,9,5,6
42680,7,1,0,3,4,6,1,5,7,3,4
42681,7,1,0,3,4,6,1,5,7,3,4
42682,7,1,0,3,4,6,1,5,7,3,4
42683,6,5,2,7,1,5,9,2,3,2,9
42684,5,8,3,1,6,0,7,1,4,4,7
42685,4,5,8,9,3,4,3,3,8,7,3
42686,6,5,2,7,1,5,9,2,3,2,9
42687,2,3,4,6,8,2,6,3,9,5,6
42688,1,7,6,2,0,8,0,9,5,6,5
42689,4,5,8,9,3,4,3,3,8,7,3
42690,1,7,6,2,0,8,0,9,5,6,5
42691,7,1,0,3,4,6,1,5,7,3,4
42692,6,5,2,7,1,5,9,2,3,2,9
42693,5,5,2,7,1,5,7,2,3,2,7
42694,4,5,8,9,3,4,3,0,8,7,3
42695,8,2,5,5,9,9,8,4,6,9,8
42696,9,9,9,2,7,1,5,7,2,0,8
42697,8,2,7,5,9,7,8,4,6,9,8
42698,0,4,6,0,2,8,4,9,4,8,0
42699,6,3,2,6,1,5,9,8,9,2,6
42700,4,5,8,9,3,4,3,0,8,7,3
42701,9,9,9,2,7,1,5,7,2,0,5
42702,1,7,6,2,0,8,0,9,5,6,5
42703,4,5,8,9,3,4,3,3,8,7,3
42704,2,3,4,6,8,2,6,8,9,5,6
42705,9,9,9,2,7,1,5,3,2,0,5
42706,2,3,4,6,8,2,6,8,9,5,6
42707,7,6,0,8,4,6,1,5,0,3,4
42708,6,5,2,7,1,5,9,2,3,2,9
42709,0,4,7,0,2,7,4,4,6,8,0
42710,5,8,3,1,6,0,7,1,4,4,7
42711,8,2,7,5,9,7,8,4,6,9,8
42712,2,3,4,6,8,2,6,8,9,5,6
42713,9,9,9,2,7,1,5,7,2,0,5
42714,5,5,8,9,3,4,7,0,8,7,7
42715,8,2,7,5,9,7,8,4,6,9,8
42716,1,7,6,2,0,8,0,9,5,6,5
42717,6,5,2,7,1,5,9,2,3,2,9
42718,8,2,7,5,9,7,8,4,6,9,8
42719,9,9,9,2,7,1,5,7,2,0,5
42720,3,0,1,4,5,3,2,6,1,1,1
42721,0,4,3,0,2,0,4,1,4,8,2
42722,0,4,5,0,2,9,4,4,6,8,2
42723,4,5,8,9,3,4,3,3,8,7,3
42724,7,1,0,3,4,6,1,5,7,3,4
42725,8,2,5,5,9,9,8,4,6,9,2
42726,6,5,2,7,1,5,9,2,3,2,9
42727,8,2,7,5,9,7,8,4,6,9,8
42728,0,8,3,0,2,0,4,1,4,8,0
42729,4,5,8,9,3,4,3,3,8,7,3
42730,5,5,8,9,3,4,3,0,8,7,7
42731,9,9,9,2,7,1,5,7,2,0,5
42732,3,6,1,8,5,3,2,6,0,1,1
42733,0,4,5,0,2,9,4,4,6,8,2
42734,7,1,0,3,4,6,1,5,7,3,4
42735,7,1,0,3,4,6,1,5,7,3,4
42736,7,1,0,3,4,6,1,5,7,3,4
42737,2,3,4,6,8,2,6,8,9,5,6
42738,0,4,7,0,2,7,4,4,6,8,0
42739,0,4,5,0,2,9,4,1,4,8,2
42740,1,7,6,2,0,8,0,9,5,6,5
42741,6,5,2,7,1,5,9,2,3,2,9
42742,0,4,7,0,2,7,4,1,4,8,0
42743,8,2,7,5,9,7,8,4,6,9,8
42744,3,6,1,8,5,3,2,6,0,1,1
42745,4,5,8,9,3,4,3,3,8,7,3
42746,5,8,7,1,6,7,7,1,4,4,0
42747,2,3,4,6,8,2,6,8,9,5,6
42748,0,4,5,0,2,9,4,4,6,8,2
42749,2,3,4,6,8,2,6,8,9,5,6
42750,0,4,7,0,2,7,4,1,4,8,0
42751,8,2,5,5,9,9,8,4,6,9,2
42752,3,6,1,8,5,3,2,6,0,1,1
42753,2,0,4,6,8,2,6,3,1,5,6
42754,6,5,2,7,1,5,9,2,3,2,9
42755,7,1,0,3,4,6,1,5,7,3,4
42756,7,1,0,3,4,6,1,5,7,3,4
42757,8,2,5,5,9,9,8,4,6,9,8
42758,1,7,6,2,0,8,0,9,5,6,5
42759,3,6,1,8,5,3,2,6,0,1,1
42760,7,1,0,3,4,6,1,5,7,3,4
42761,2,3,4,6,8,2,6,3,9,5,6
42762,7,1,0,3,4,6,1,5,7,3,4
42763,8,2,5,5,9,9,8,4,6,9,8
42764,3,6,1,8,5,3,2,6,0,1,1
42765,9,9,9,2,7,1,5,7,2,0,5
42766,5,8,3,1,6,0,7,1,4,4,7
42767,4,5,8,9,3,4,3,3,8,7,3
42768,9,7,9,2,7,1,5,7,2,0,5
42769,9,9,9,2,7,1,5,7,2,0,5
42770,0,4,7,0,2,7,4,1,6,8,0
42771,3,0,1,4,5,3,2,6,1,1,1
42772,0,4,5,0,2,9,4,1,4,8,2
42773,8,2,7,5,9,7,8,4,6,9,8
42774,0,4,3,0,2,0,4,1,4,8,0
42775,7,1,0,3,4,6,1,5,7,3,4
42776,3,0,1,4,5,3,2,6,1,1,1
42777,7,1,0,3,4,6,1,5,7,3,4
42778,9,3,9,2,7,1,5,8,9,0,5
42779,8,2,7,5,9,7,8,4,6,9,8
42780,0,4,5,0,2,9,4,4,6,8,2
42781,4,2,7,9,3,7,3,3,8,7,8
42782,1,7,6,2,0,8,0,9,5,6,5
42783,3,0,1,4,5,3,2,6,1,1,1
42784,9,9,9,2,7,1,5,7,2,0,5
42785,4,5,8,9,3,4,3,0,8,7,3
42786,9,9,9,2,7,1,5,7,2,0,5
42787,4,5,8,9,3,4,3,3,8,7,3
42788,4,5,8,9,3,4,3,3,8,7,3
42789,6,5,2,7,1,5,9,2,3,2,9
42790,8,2,5,5,9,9,8,4,6,9,8
42791,7,1,0,3,4,6,1,5,7,3,4
42792,6,5,2,7,1,5,9,2,3,2,9
42793,4,4,7,9,3,7,3,4,6,7,0
42794,7,1,0,3,4,6,1,5,7,3,4
42795,3,0,1,4,5,3,2,6,1,1,1
42796,5,8,3,1,6,0,7,1,4,4,7
42797,3,0,1,4,5,3,2,6,1,1,1
42798,0,4,5,0,2,9,4,4,6,8,2
42799,5,8,3,1,6,0,7,1,4,4,7
42800,0,4,3,0,2,0,4,1,4,8,0
42801,4,0,8,9,3,4,3,5,8,7,3
42802,8,2,7,5,9,7,8,4,6,9,8
42803,1,7,6,2,0,8,0,9,5,6,5
42804,1,7,6,2,0,8,0,9,5,6,5
42805,6,5,2,7,1,5,9,2,3,2,9
42806,1,7,6,2,0,8,0,9,5,6,5
42807,7,1,0,3,4,6,1,5,7,3,4
42808,0,4,7,0,2,7,4,4,6,8,0
42809,5,8,3,1,6,0,7,1,4,4,7
42810,6,3,2,7,1,5,9,2,3,2,9
42811,8,2,5,5,9,9,8,4,6,9,8
42812,5,8,3,1,6,0,7,1,4,4,0
42813,2,3,4,6,8,2,6,8,9,5,6
42814,6,8,2,7,1,5,9,2,3,2,9
42815,0,4,3,0,2,0,4,1,4,8,0
42816,8,2,7,5,9,7,8,4,6,9,8
42817,3,0,1,4,5,3,2,6,1,1,1
42818,3,6,1,8,5,3,2,6,0,1,1
42819,9,9,9,2,7,1,5,7,2,0,5
42820,0,3,4,6,4,2,6,8,9,3,0
42821,6,0,2,4,1,5,9,2,1,2,9
42822,8,2,7,5,9,7,8,4,6,9,8
42823,7,1,0,3,4,6,1,5,7,3,4
42824,8,2,5,5,9,9,8,4,6,9,8
42825,0,4,7,0,2,7,4,1,4,8,0
42826,8,2,5,5,9,9,8,4,6,9,8
42827,2,2,7,5,8,7,6,3,2,5,8
42828,0,4,6,0,2,8,4,9,5,8,0
42829,4,5,8,9,3,4,3,3,8,7,3
42830,6,5,2,7,1,5,9,2,3,2,9
42831,8,2,5,5,9,9,8,4,6,9,8
42832,2,3,4,6,8,2,6,8,9,5,6
42833,2,3,4,6,8,2,6,8,9,5,6
42834,1,7,6,2,0,8,0,9,5,6,5
42835,3,0,1,4,5,3,2,6,1,1,1
42836,5,8,3,1,6,0,7,1,4,4,7
42837,9,9,9,2,7,1,5,7,2,0,5
42838,0,4,7,0,2,7,4,4,6,8,0
42839,3,0,1,4,5,3,2,6,1,1,1
42840,7,1,0,3,4,6,1,5,7,3,4
42841,7,1,0,3,4,6,1,5,7,3,4
42842,6,1,2,7,1,5,9,2,3,2,9
42843,4,5,8,9,3,4,3,0,8,7,3
42844,9,9,9,2,7,1,5,7,2,0,5
42845,0,4,7,0,2,7,4,4,6,8,0
42846,9,9,9,2,7,1,5,7,2,0,5
42847,4,5,8,9,3,4,3,3,8,7,3
42848,3,0,1,4,5,3,2,6,1,1,1
42849,9,9,9,2,7,1,5,7,2,0,5
42850,2,3,4,6,8,2,6,3,9,5,6
42851,0,4,7,0,2,7,4,1,4,8,0
42852,1,7,6,2,0,8,0,9,5,6,5
42853,8,2,7,5,9,7,8,4,6,9,8
42854,2,3,4,6,8,2,6,8,9,5,6
42855,0,4,7,0,2,7,4,4,6,8,0
42856,4,5,8,9,3,4,3,0,8,7,3
42857,8,2,7,5,9,7,8,4,6,9,8
42858,0,4,7,0,2,7,4,1,4,8,0
42859,9,9,9,2,7,1,5,7,2,0,5
42860,7,1,0,3,4,6,1,5,7,3,4
42861,6,5,2,7,1,5,9,2,3,2,9
42862,3,6,1,8,5,3,2,6,0,1,1
42863,2,0,4,4,8,2,6,3,1,5,6
42864,7,1,0,3,4,6,1,5,7,3,4
42865,2,0,4,4,8,2,6,3,1,5,6
42866,0,4,0,0,2,6,4,1,4,8,2
42867,3,0,1,4,5,3,2,6,1,1,1
42868,2,3,4,6,8,2,6,8,9,5,6
42869,4,5,8,9,3,4,3,3,8,7,3
42870,0,4,3,0,2,0,4,1,4,8,0
42871,2,0,4,4,8,2,6,3,1,5,6
42872,2,3,4,6,8,2,6,8,9,5,6
42873,2,3,4,6,8,2,6,8,9,5,6
42874,1,7,6,2,0,8,0,9,5,6,5
42875,9,9,9,2,7,1,5,7,2,0,5
42876,0,4,3,0,2,0,4,1,4,8,2
42877,2,0,4,4,8,2,6,3,1,5,6
42878,7,1,0,3,4,6,1,5,7,3,4
42879,0,4,7,0,2,7,4,4,6,8,0
42880,2,1,4,3,8,2,6,5,7,5,6
42881,9,9,9,2,7,1,5,7,2,0,5
42882,0,4,7,0,2,7,4,1,4,8,0
42883,6,5,2,7,1,5,9,2,3,2,9
42884,5,8,3,1,6,0,7,1,4,4,7
42885,6,5,2,7,1,5,9,2,3,2,9
42886,0,4,3,0,2,0,4,1,4,8,0
42887,6,5,2,7,1,5,9,2,3,2,9
42888,1,7,6,2,0,8,0,9,5,6,5
42889,2,0,4,4,8,2,6,3,1,5,6
42890,5,8,3,1,6,0,7,1,4,4,7
42891,3,0,1,4,5,3,2,6,1,1,1
42892,5,8,3,1,6,0,7,1,4,4,7
42893,9,9,9,2,7,1,5,7,2,0,5
42894,1,7,6,2,0,8,0,9,5,6,5
42895,8,2,7,5,9,7,8,4,6,9,8
42896,3,6,1,8,5,3,2,6,0,1,1
42897,0,4,7,0,2,7,4,4,6,8,0
42898,7,1,0,3,4,6,1,5,7,3,4
42899,9,9,9,2,7,1,5,7,2,0,5
42900,2,3,4,6,8,2,6,8,9,5,6
42901,8,2,5,5,9,9,8,4,6,9,8
42902,7,1,0,3,4,6,1,5,7,3,4
42903,8,2,7,5,9,7,8,4,6,9,8
42904,5,5,8,9,3,4,7,0,8,7,7
42905,4,5,8,9,3,4,3,0,8,7,3
42906,7,1,0,3,4,6,1,5,7,3,4
42907,7,1,0,3,4,6,1,5,7,3,4
42908,7,1,0,3,4,6,1,5,7,3,4
42909,7,1,0,3,4,6,1,5,7,3,4
42910,2,3,4,6,8,2,6,3,9,5,6
42911,9,9,9,2,7,1,5,7,2,0,5
42912,4,5,8,9,3,4,3,0,8,7,3
42913,2,0,4,4,8,2,6,3,1,5,6
42914,7,1,0,3,4,6,1,5,7,3,4
42915,3,6,1,8,5,3,2,6,0,1,1
42916,6,5,2,7,1,5,9,2,3,2,9
42917,3,0,1,4,5,3,2,6,1,1,1
42918,6,5,2,7,1,5,9,2,3,2,9
42919,4,5,8,9,3,4,3,0,8,7,3
42920,2,3,4,6,8,2,6,8,9,5,6
42921,4,5,8,9,3,4,3,3,8,7,3
42922,1,7,6,2,0,8,0,9,5,6,3
42923,2,3,4,6,8,2,6,8,9,5,6
42924,1,7,6,2,0,8,0,9,5,6,5
42925,3,0,1,4,5,3,2,6,1,1,1
42926,6,5,2,7,1,5,9,2,3,2,9
42927,9,9,9,2,7,1,5,7,2,0,5
42928,8,2,5,5,9,9,8,4,6,9,2
42929,6,5,2,7,1,5,9,2,3,2,9
42930,7,1,0,3,4,6,1,5,7,3,4
42931,8,2,5,5,9,9,8,4,6,9,8
42932,1,7,6,2,0,8,0,9,5,6,5
42933,9,9,7,5,7,7,5,7,2,0,8
42934,6,5,2,7,1,5,9,2,3,2,9
42935,2,9,4,2,8,2,6,3,2,5,5
42936,9,9,9,6,7,1,5,7,2,0,4
42937,9,7,6,2,0,8,0,3,2,6,5
42938,7,1,0,3,4,6,1,5,7,3,4
42939,8,2,5,5,9,9,8,4,6,9,8
42940,7,1,0,3,4,6,1,5,7,3,4
42941,9,9,9,2,7,1,5,7,2,0,5
42942,5,5,8,9,3,4,7,0,8,7,7
42943,1,7,6,2,0,8,0,9,5,6,5
42944,2,3,4,6,8,2,6,8,9,5,6
42945,2,3,4,6,8,2,6,8,9,5,6
42946,0,4,3,0,2,0,4,1,4,8,0
42947,9,9,9,2,7,1,5,7,2,0,5
42948,4,5,8,9,3,4,3,0,8,7,3
42949,6,5,2,7,1,5,9,2,3,2,9
42950,6,5,2,7,1,5,9,2,3,2,9
42951,2,3,4,6,8,2,6,8,9,5,6
42952,5,8,3,1,6,0,7,1,4,4,7
42953,9,9,9,2,7,1,5,3,2,0,5
42954,7,1,0,3,4,6,1,5,7,3,4
42955,1,7,6,2,0,8,0,9,5,6,5
42956,0,4,3,0,2,0,4,1,4,8,0
42957,9,9,9,2,7,1,5,3,2,0,5
42958,9,9,9,2,7,1,5,7,2,0,5
42959,8,2,5,5,9,9,8,4,6,9,8
42960,4,5,8,9,3,4,3,0,8,7,3
42961,9,9,9,2,7,1,5,7,2,0,5
42962,7,1,0,3,4,6,1,5,7,3,4
42963,8,2,7,5,9,7,8,4,6,9,8
42964,7,1,0,3,4,6,1,5,7,3,4
42965,3,6,1,8,5,3,2,6,0,1,1
42966,7,1,0,3,4,6,1,5,7,3,4
42967,9,9,9,2,7,1,5,7,2,0,5
42968,9,9,9,2,7,1,5,7,2,0,5
42969,6,5,2,7,1,5,9,2,3,2,9
42970,7,1,0,3,4,6,1,5,7,3,4
42971,2,3,4,6,8,2,6,8,9,5,6
42972,5,5,3,1,6,0,7,0,4,4,7
42973,4,5,8,9,3,4,3,3,8,7,3
42974,1,7,6,2,0,8,0,9,5,6,5
42975,2,5,4,2,8,2,6,3,2,5,5
42976,8,2,5,5,9,9,8,4,6,9,2
42977,8,2,5,5,9,9,8,4,6,9,8
42978,4,5,8,9,3,4,3,0,8,7,3
42979,9,9,9,2,7,1,5,7,2,0,5
42980,2,0,4,4,8,2,6,3,1,5,6
42981,3,0,1,4,5,3,2,3,1,1,1
42982,9,9,9,2,7,1,5,7,2,0,5
42983,2,3,4,6,8,2,6,3,9,5,6
42984,7,1,0,3,4,6,1,5,7,3,4
42985,2,0,4,4,8,2,6,3,1,5,8
42986,1,7,6,2,0,8,0,9,5,6,5
42987,9,9,9,2,7,1,5,7,2,0,5
42988,0,8,3,0,2,0,4,1,4,8,0
42989,2,3,4,6,8,2,6,3,9,5,6
42990,2,3,7,6,8,7,6,8,9,5,0
42991,6,5,2,7,1,5,9,2,3,2,9
42992,2,3,4,6,8,2,6,3,9,5,6
42993,8,2,6,2,9,8,8,4,6,9,5
42994,7,1,0,3,4,6,1,5,7,3,4
42995,8,2,7,5,9,7,8,3,8,9,8
42996,4,5,8,9,3,4,3,0,8,7,3
42997,9,9,9,2,7,1,5,7,2,0,5
42998,7,1,0,3,4,6,1,8,7,3,4
42999,9,9,9,2,7,1,5,7,2,0,5
43000,0,8,3,1,6,0,7,1,4,4,0
43001,1,7,6,2,0,8,0,9,5,6,5
43002,6,5,2,7,1,5,9,2,3,2,9
43003,9,9,9,2,7,1,5,7,2,0,5
43004,0,3,7,6,2,7,4,8,9,8,0
43005,8,2,5,5,9,9,8,4,6,9,8
43006,9,9,9,2,7,1,5,7,2,0,5
43007,9,9,9,2,7,1,5,7,2,0,5
43008,7,1,0,3,4,6,1,5,7,3,4
43009,8,2,7,5,9,7,8,4,6,9,8
43010,5,8,3,1,6,0,7,1,4,4,7
43011,3,0,1,4,5,3,2,6,1,1,1
43012,1,7,6,2,0,8,0,9,5,6,5
43013,4,0,8,9,3,4,3,3,8,7,3
43014,2,3,4,6,8,2,6,3,9,5,6
43015,9,9,9,2,7,1,5,7,2,0,8
43016,1,7,6,2,0,8,0,9,5,6,5
43017,9,9,9,2,7,1,5,7,2,0,5
43018,2,3,4,6,8,2,6,8,9,5,6
43019,8,2,5,5,9,9,8,4,6,9,2
43020,2,3,4,6,8,2,6,3,9,5,6
43021,9,9,9,2,7,1,5,3,2,0,5
43022,5,8,3,1,6,0,7,1,4,4,7
43023,8,2,9,5,9,1,8,7,2,9,8
43024,8,2,5,5,9,9,8,4,6,9,2
43025,9,9,9,2,7,1,5,7,2,0,5
43026,8,2,7,5,9,7,8,4,6,9,8
43027,2,3,4,6,8,2,6,8,9,5,6
43028,0,4,3,0,2,0,4,1,4,8,0
43029,2,3,4,6,8,2,6,8,9,5,6
43030,1,7,6,2,0,8,0,9,5,6,5
43031,2,3,4,6,8,2,6,8,9,5,6
43032,6,5,2,7,1,5,9,2,3,2,9
43033,9,9,9,2,7,1,5,7,2,0,5
43034,0,1,3,0,2,0,4,1,4,8,0
43035,9,7,6,2,0,8,0,3,2,6,5
43036,8,2,5,5,9,9,8,4,6,9,2
43037,8,2,7,5,9,7,8,4,6,9,8
43038,5,8,3,1,6,0,7,1,4,4,7
43039,8,2,5,5,9,9,8,4,6,9,8
43040,1,7,6,2,0,8,0,9,5,6,5
43041,8,2,7,5,9,7,8,4,6,9,8
43042,8,2,7,5,9,7,8,4,6,9,8
43043,8,2,4,5,9,2,8,4,6,9,8
43044,9,9,9,2,7,1,5,7,2,0,5
43045,3,0,1,4,5,3,2,6,1,1,1
43046,0,4,5,0,2,9,4,4,6,8,2
43047,6,5,2,7,1,5,9,2,3,2,9
43048,2,7,4,2,8,2,6,3,9,5,6
43049,1,7,6,2,0,8,0,3,5,6,5
43050,2,4,4,6,8,2,6,8,9,5,6
43051,9,9,9,2,7,1,5,7,2,0,5
43052,0,8,3,0,2,0,4,1,4,8,2
43053,9,9,9,2,7,1,5,7,2,0,5
43054,4,5,8,9,3,4,3,3,8,7,3
43055,2,3,4,2,8,2,6,3,2,5,5
43056,0,4,7,0,2,7,4,4,6,8,0
43057,8,2,9,5,9,1,8,7,2,9,8
43058,0,4,6,0,2,8,4,9,5,8,0
43059,2,0,4,4,8,2,6,3,1,5,6
43060,7,1,0,3,4,6,1,5,7,3,4
43061,9,9,9,2,7,1,5,3,2,0,5
43062,7,1,0,3,4,6,1,5,7,3,5
43063,9,9,9,2,7,1,5,3,2,0,5
43064,7,1,0,3,4,6,1,5,7,3,4
43065,2,3,4,6,8,2,6,8,9,5,6
43066,7,1,0,3,4,6,1,5,7,3,4
43067,2,3,4,6,8,2,6,8,9,5,6
43068,5,8,3,1,6,0,7,1,4,4,7
43069,9,9,9,2,7,1,5,7,2,0,5
43070,7,1,0,3,4,6,1,5,7,3,4
43071,9,9,9,2,7,1,5,7,2,0,5
43072,8,2,5,5,9,9,8,4,6,9,8
43073,8,2,7,5,9,7,8,3,6,9,8
43074,3,0,1,4,5,3,2,6,1,1,1
43075,8,2,5,5,9,9,8,4,6,9,2
43076,7,1,0,3,4,6,1,5,7,3,4
43077,6,5,2,7,1,5,9,2,3,2,9
43078,0,8,3,1,6,0,7,1,4,4,0
43079,6,5,2,7,1,5,9,2,3,2,9
43080,5,8,3,1,6,0,7,1,4,4,0
43081,2,3,4,6,8,2,6,8,9,5,6
43082,8,2,5,5,9,9,8,4,6,9,8
43083,2,3,4,6,8,2,6,3,9,5,6
43084,7,1,0,3,4,6,1,8,9,3,6
43085,9,9,9,2,7,1,5,7,2,0,5
43086,0,4,7,0,2,7,4,1,4,8,0
43087,8,2,5,5,9,9,8,4,6,9,2
43088,3,6,1,8,5,3,2,6,0,1,1
43089,9,9,9,2,7,1,5,7,2,0,5
43090,1,7,6,2,0,8,0,9,5,6,5
43091,9,9,9,2,7,1,5,7,2,0,5
43092,3,6,1,8,5,3,2,6,0,1,1
43093,9,2,9,5,9,1,8,7,2,9,8
43094,1,7,7,0,0,7,0,9,5,6,5
43095,9,9,9,2,7,1,5,7,2,0,5
43096,7,1,0,3,4,6,1,5,7,3,4
43097,9,9,9,2,7,1,5,7,2,0,5
43098,8,2,6,2,9,8,8,3,5,9,8
43099,9,9,9,2,7,1,5,7,2,0,5
43100,7,1,0,3,4,6,1,5,7,3,4
43101,6,5,2,7,1,5,9,2,3,2,9
43102,7,1,0,3,4,6,1,5,7,3,4
43103,2,3,4,6,8,2,6,8,9,5,6
43104,0,4,5,0,2,9,4,1,4,8,2
43105,6,5,2,7,1,5,9,2,3,2,9
43106,5,8,7,1,6,7,7,4,6,4,7
43107,1,7,6,2,0,8,0,9,5,6,5
43108,8,2,5,5,9,9,8,4,6,9,2
43109,9,9,9,2,7,1,5,7,2,0,5
43110,2,3,4,6,8,2,6,8,9,5,6
43111,2,7,4,2,8,2,6,3,5,5,5
43112,5,8,3,1,6,0,7,1,4,4,7
43113,6,5,2,7,1,5,9,2,3,2,9
43114,8,2,7,5,9,7,8,4,6,9,8
43115,1,7,6,2,0,8,0,3,5,6,5
43116,1,7,6,2,0,8,0,9,5,6,5
43117,6,5,2,7,1,5,9,2,3,2,9
43118,9,9,9,2,7,1,5,7,2,0,5
43119,8,2,7,5,9,7,8,3,6,9,8
43120,8,2,7,5,9,7,8,4,6,9,8
43121,9,9,9,2,7,1,5,7,2,0,5
43122,1,9,6,2,0,8,0,7,5,6,5
43123,8,2,7,5,9,7,8,3,2,9,8
43124,6,5,2,7,1,5,9,2,3,2,9
43125,1,7,6,2,0,8,0,9,5,6,5
43126,4,1,8,9,3,4,3,0,8,7,3
43127,2,3,4,6,8,2,6,3,9,5,6
43128,9,9,9,2,7,1,5,7,2,0,5
43129,2,0,4,4,8,2,6,3,1,5,6
43130,5,8,3,1,6,0,7,1,4,4,7
43131,9,9,9,2,7,1,5,7,2,0,5
43132,2,3,4,3,8,2,6,5,9,5,6
43133,6,5,2,7,1,5,9,2,3,2,9
43134,3,6,1,8,5,3,2,6,0,1,1
43135,7,1,0,3,4,6,1,5,7,3,4
43136,7,1,0,3,4,6,1,5,7,3,4
43137,8,2,7,5,9,7,8,4,6,9,8
43138,0,4,7,0,2,7,4,1,4,8,0
43139,7,1,0,3,4,6,1,5,7,3,4
43140,1,7,6,0,0,8,0,9,5,6,0
43141,4,5,8,9,3,4,3,0,8,7,3
43142,1,7,6,2,0,8,0,9,5,6,5
43143,8,2,5,5,9,9,8,4,6,9,8
43144,2,3,4,6,8,2,6,8,9,5,6
43145,2,3,4,6,8,2,6,8,9,5,6
43146,5,8,3,1,6,0,7,1,4,4,0
43147,8,2,7,5,9,7,8,4,6,9,8
43148,7,1,0,3,4,6,1,5,7,3,4
43149,2,0,4,4,8,2,6,3,1,5,6
43150,5,8,3,1,6,0,7,1,4,4,7
43151,9,9,9,2,7,1,5,7,2,0,5
43152,5,8,3,1,6,0,7,1,4,4,7
43153,6,5,2,7,1,5,9,2,3,2,9
43154,4,5,8,9,3,4,3,0,8,7,3
43155,2,1,4,3,8,2,6,5,7,5,6
43156,5,8,3,1,6,0,7,1,4,4,7
43157,9,9,7,5,7,7,5,7,2,0,8
43158,0,4,7,0,2,7,4,4,6,8,0
43159,2,3,4,6,8,2,6,8,9,5,6
43160,0,4,3,0,2,0,4,1,4,8,2
43161,4,5,8,9,3,4,3,0,8,7,3
43162,1,7,6,2,0,8,0,9,5,6,5
43163,8,2,5,5,9,9,8,4,6,9,8
43164,4,5,8,9,3,4,3,0,8,7,3
43165,2,3,4,6,8,2,6,8,9,5,6
43166,4,5,8,9,3,4,3,0,8,7,3
43167,8,2,7,5,9,7,8,4,9,9,8
43168,0,4,5,0,2,9,4,1,4,8,2
43169,6,0,2,4,1,5,9,3,1,2,9
43170,3,0,1,4,5,3,2,6,1,1,1
43171,2,3,4,6,8,2,6,8,9,5,6
43172,6,5,2,7,1,5,9,2,3,2,9
43173,8,2,7,5,9,7,8,4,6,9,8
43174,1,7,6,2,0,8,0,9,5,6,5
43175,2,3,4,6,8,2,6,8,9,5,6
43176,7,1,0,3,4,6,1,5,7,3,4
43177,4,5,8,9,3,4,3,0,8,7,3
43178,8,2,5,5,9,9,8,4,6,9,8
43179,8,2,5,5,9,9,8,4,6,9,8
43180,7,1,0,3,4,6,1,5,7,3,4
43181,2,3,4,6,8,2,6,8,9,5,6
43182,2,3,4,6,8,2,6,8,9,5,6
43183,8,2,7,5,9,7,8,4,6,9,8
43184,6,5,2,7,1,5,9,2,3,2,9
43185,0,4,7,0,2,7,4,4,6,8,0
43186,3,0,1,4,5,3,2,6,1,1,1
43187,8,2,5,5,9,9,8,4,6,9,2
43188,3,6,1,8,5,3,2,6,0,1,1
43189,7,1,4,3,8,2,6,5,7,5,6
43190,0,4,5,0,2,9,4,1,4,8,2
43191,6,5,2,7,1,5,9,2,3,2,9
43192,1,7,6,2,0,8,0,3,5,6,6
43193,8,2,7,5,9,7,8,4,6,9,8
43194,2,3,4,6,8,2,6,8,9,5,6
43195,3,0,1,4,5,3,2,6,1,1,1
43196,7,1,0,3,4,6,1,5,7,3,4
43197,9,9,9,2,7,1,5,7,2,0,5
43198,7,1,5,3,4,9,1,5,7,3,2
43199,7,1,0,3,4,6,1,5,7,3,4
43200,7,1,0,3,4,6,1,5,7,3,4
43201,2,3,4,6,8,2,6,8,9,5,6
43202,0,4,5,0,2,9,4,4,6,8,2
43203,2,3,4,6,8,2,6,8,9,5,6
43204,7,1,0,3,4,6,1,5,7,3,4
43205,3,0,1,4,5,3,2,3,1,1,1
43206,7,6,0,8,4,6,1,5,0,3,4
43207,8,3,7,6,9,7,8,4,6,9,8
43208,5,8,3,1,6,0,7,2,3,4,7
43209,2,3,4,6,8,2,6,5,9,5,6
43210,5,8,3,1,6,0,7,1,4,4,7
43211,6,5,2,7,1,5,9,2,3,2,9
43212,7,1,0,3,4,6,1,5,7,3,4
43213,8,4,5,0,2,9,4,4,6,8,2
43214,9,9,9,2,7,1,5,7,2,0,5
43215,2,3,4,6,8,2,6,8,9,5,6
43216,3,0,1,4,5,3,2,6,1,1,1
43217,8,2,7,5,9,7,8,7,2,9,8
43218,2,3,4,6,8,2,6,8,9,5,6
43219,0,4,7,0,2,7,4,1,4,8,0
43220,7,1,0,3,4,6,1,5,7,3,4
43221,2,3,4,6,8,2,6,8,9,5,6
43222,8,4,5,5,9,9,8,4,6,9,2
43223,8,2,7,5,9,7,8,4,6,9,8
43224,7,1,0,3,4,6,1,5,7,3,4
43225,4,5,8,9,3,4,3,0,8,7,3
43226,8,2,7,5,9,7,8,4,2,9,8
43227,9,9,9,2,7,1,5,7,2,0,5
43228,0,4,7,0,2,7,4,1,4,8,0
43229,3,0,1,4,5,3,2,6,1,1,1
43230,7,1,0,3,4,6,1,5,7,3,4
43231,5,2,7,5,9,7,8,4,6,9,7
43232,1,7,6,2,0,8,0,9,5,6,5
43233,7,1,0,3,4,6,1,5,7,3,4
43234,2,3,4,6,8,2,6,8,9,5,6
43235,7,1,0,3,4,6,1,5,7,3,4
43236,3,6,1,8,5,3,2,6,0,1,1
43237,8,2,7,5,9,7,8,4,6,9,0
43238,0,4,5,0,2,9,4,4,6,8,0
43239,8,2,7,5,9,7,8,4,6,9,8
43240,6,5,2,7,1,5,9,2,3,2,9
43241,6,5,2,7,1,5,9,2,3,2,9
43242,2,3,4,6,8,2,6,3,9,5,6
43243,3,0,1,4,5,3,2,6,1,1,1
43244,2,1,4,3,8,2,6,5,7,5,6
43245,2,3,3,6,8,0,6,8,9,5,6
43246,1,7,6,2,0,8,0,9,5,6,5
43247,3,0,1,4,5,3,2,6,1,1,1
43248,7,1,0,3,4,6,1,5,7,3,4
43249,9,9,9,2,7,1,5,7,2,0,5
43250,1,7,6,2,0,8,0,9,5,6,5
43251,4,5,8,9,3,4,3,0,8,7,3
43252,7,1,0,3,4,6,1,5,7,3,4
43253,8,2,9,5,9,1,8,4,2,9,8
43254,9,9,9,2,7,1,5,7,2,0,5
43255,2,3,4,6,8,2,6,8,9,5,6
43256,1,7,6,3,0,8,0,9,5,6,4
43257,6,5,2,7,1,5,9,2,3,2,9
43258,2,3,4,6,8,2,6,3,9,5,6
43259,8,4,7,0,2,7,8,4,6,8,0
43260,4,5,8,9,3,4,3,0,8,7,3
43261,9,9,9,2,7,1,5,7,2,0,5
43262,5,8,3,1,6,0,7,1,4,4,7
43263,4,5,8,9,3,4,3,3,8,7,3
43264,4,5,8,9,3,4,3,0,8,7,7
43265,3,0,1,4,5,3,2,3,1,1,1
43266,3,6,1,8,5,3,2,6,0,1,1
43267,9,9,9,2,7,1,5,7,2,0,5
43268,0,4,3,0,2,0,4,1,4,8,0
43269,9,9,9,2,7,1,5,7,2,0,5
43270,4,5,8,9,3,4,3,0,8,7,3
43271,2,3,4,6,8,2,6,8,9,5,6
43272,0,4,3,0,2,0,4,1,4,8,0
43273,3,0,1,4,5,3,2,3,1,1,1
43274,5,8,3,1,6,0,7,1,4,4,7
43275,8,2,7,5,9,7,8,4,6,9,8
43276,3,0,1,4,5,3,2,3,1,1,1
43277,8,2,5,5,9,9,8,4,6,9,8
43278,5,8,3,1,6,0,7,1,4,4,7
43279,8,2,5,5,9,9,8,4,6,9,8
43280,2,3,4,6,8,2,6,8,9,5,6
43281,4,5,8,9,3,4,3,3,8,7,3
43282,0,4,7,0,2,7,4,8,4,8,0
43283,3,0,1,4,5,3,2,3,1,1,1
43284,1,7,6,2,0,8,0,9,5,6,5
43285,8,2,5,5,9,9,8,4,6,9,8
43286,1,7,6,2,0,8,0,9,5,6,5
43287,2,3,4,6,8,2,6,8,9,5,6
43288,0,4,5,0,2,9,4,4,6,8,2
43289,2,3,4,6,8,2,6,3,9,5,6
43290,0,4,7,0,2,7,4,8,4,8,0
43291,8,2,7,5,9,7,8,4,6,9,8
43292,6,9,2,7,1,5,9,2,3,2,9
43293,6,5,2,7,1,5,9,2,3,2,9
43294,6,5,2,7,1,5,9,2,3,2,9
43295,9,9,7,5,7,7,5,7,2,0,8
43296,1,7,6,2,0,8,0,9,5,6,5
43297,9,9,9,2,7,1,5,7,2,0,5
43298,7,1,0,3,4,6,1,5,7,3,4
43299,2,3,4,6,8,2,6,8,9,5,6
43300,9,9,9,2,7,1,5,7,2,0,5
43301,7,1,0,3,4,6,1,5,7,3,6
43302,5,8,3,1,6,0,7,1,4,4,7
43303,7,3,4,6,4,6,6,8,9,3,6
43304,4,5,8,9,3,4,3,0,8,7,3
43305,4,5,8,9,3,4,3,3,8,7,3
43306,7,3,0,6,4,6,1,8,9,3,6
43307,8,2,5,5,9,9,8,4,6,9,8
43308,2,3,4,6,8,2,6,8,9,5,6
43309,3,0,1,4,5,3,2,3,1,1,1
43310,8,2,7,5,9,7,8,4,6,9,8
43311,4,5,8,9,3,4,3,3,8,7,3
43312,6,5,2,7,1,5,9,2,3,2,9
43313,8,2,7,5,9,9,8,4,6,9,8
43314,6,5,2,7,1,5,9,2,3,2,9
43315,9,9,9,2,7,1,5,7,2,0,5
43316,1,7,6,2,0,8,0,9,5,6,5
43317,6,5,2,7,1,5,9,2,3,2,9
43318,0,4,7,2,2,7,4,9,5,8,5
43319,2,3,4,6,8,2,6,8,9,5,6
43320,4,5,8,9,3,4,3,3,8,7,3
43321,2,3,4,6,8,2,6,8,9,5,6
43322,7,1,0,3,4,6,1,5,7,3,4
43323,9,9,9,2,7,1,5,7,2,0,5
43324,0,4,7,0,2,7,4,9,5,8,0
43325,8,2,7,5,9,7,8,4,6,9,8
43326,1,7,6,2,0,8,0,9,5,6,5
43327,2,3,4,6,8,2,6,8,9,5,6
43328,1,7,6,2,0,8,0,9,5,6,5
43329,2,3,4,6,8,2,6,8,9,5,6
43330,7,1,0,3,4,6,1,5,7,3,4
43331,6,5,2,7,1,5,9,2,3,2,9
43332,9,9,9,2,7,1,5,7,2,0,5
43333,2,3,4,6,8,2,6,8,9,5,6
43334,2,3,4,6,8,2,6,8,9,5,6
43335,2,3,4,6,8,2,6,8,9,5,6
43336,9,9,9,2,7,1,5,7,2,0,5
43337,8,2,5,5,9,9,8,4,6,9,2
43338,6,3,2,7,1,5,9,2,3,2,9
43339,9,9,9,2,7,1,5,7,2,0,5
43340,0,4,3,0,2,0,4,1,4,8,0
43341,8,2,5,5,9,9,8,4,6,9,2
43342,2,3,4,6,8,2,6,8,9,5,6
43343,8,2,7,5,9,7,8,4,6,9,8
43344,1,7,6,2,0,8,0,9,5,6,5
43345,6,5,2,7,1,5,9,2,3,2,9
43346,8,2,5,5,9,9,8,4,6,9,8
43347,3,6,1,8,5,3,2,6,0,1,1
43348,4,5,8,9,3,4,3,0,8,7,3
43349,9,9,9,2,7,1,5,7,2,0,5
43350,9,9,9,2,7,1,5,7,2,0,5
43351,6,5,2,7,1,5,9,2,3,2,9
43352,5,8,3,1,6,0,7,1,4,4,2
43353,2,0,4,4,8,2,6,3,1,5,6
43354,0,4,5,0,2,9,4,1,4,8,2
43355,8,2,7,5,9,7,8,4,6,9,8
43356,0,4,3,0,2,0,4,1,4,8,2
43357,7,1,0,3,4,6,1,5,7,3,4
43358,5,8,3,1,6,0,7,1,4,4,7
43359,4,5,8,9,3,4,3,0,8,7,3
43360,9,9,9,2,7,1,5,7,2,0,5
43361,8,2,5,5,9,9,8,4,6,9,8
43362,0,4,3,0,2,0,4,1,4,8,0
43363,2,3,4,6,8,2,6,8,9,5,6
43364,5,8,3,1,6,0,7,1,4,4,7
43365,8,2,7,5,9,7,8,4,6,9,8
43366,3,0,1,4,5,3,2,3,1,1,1
43367,3,6,1,8,5,3,2,6,0,1,1
43368,7,1,0,3,4,6,1,8,7,3,4
43369,9,9,9,2,7,1,5,7,2,0,5
43370,0,4,3,0,2,0,4,1,4,8,0
43371,6,5,2,7,1,5,9,2,3,2,9
43372,5,8,3,1,6,0,7,1,4,4,7
43373,2,3,4,6,8,2,6,8,9,5,6
43374,0,4,3,0,2,0,4,1,4,8,2
43375,8,2,7,5,9,7,8,4,6,9,8
43376,6,5,2,7,1,5,9,2,3,2,9
43377,2,2,4,5,8,2,6,3,6,5,8
43378,1,7,6,2,0,8,0,9,5,6,5
43379,4,5,8,9,3,4,3,0,8,7,3
43380,7,1,0,3,4,6,1,5,7,3,4
43381,8,2,5,5,9,9,8,4,6,9,8
43382,8,2,5,5,9,9,8,4,6,9,2
43383,2,3,4,6,8,2,6,8,9,5,6
43384,0,8,3,1,6,0,7,1,4,4,2
43385,8,2,7,5,9,7,8,4,6,9,8
43386,4,5,8,9,3,4,3,0,8,7,3
43387,3,6,1,8,5,3,2,6,0,1,1
43388,9,9,9,2,7,1,5,7,2,0,5
43389,9,9,9,2,7,1,5,7,2,0,5
43390,0,4,3,0,2,0,4,1,4,8,2
43391,6,5,2,7,1,5,9,2,3,2,9
43392,0,4,3,0,2,0,4,1,4,8,0
43393,7,1,0,3,4,6,1,5,7,3,4
43394,6,5,2,7,1,5,9,2,3,2,9
43395,8,2,7,5,9,7,8,4,6,9,8
43396,4,5,8,9,3,4,3,0,8,7,3
43397,2,2,4,5,8,2,6,3,6,5,8
43398,0,8,3,1,6,0,7,1,4,4,0
43399,4,5,8,9,3,4,3,0,8,7,3
43400,8,2,5,5,9,9,8,4,6,9,8
43401,8,2,5,5,9,9,8,4,6,9,8
43402,7,1,0,3,4,6,1,5,7,3,4
43403,2,3,4,6,8,2,6,8,9,5,6
43404,3,6,1,8,5,3,2,6,0,1,1
43405,8,2,7,5,9,7,8,4,6,9,8
43406,1,7,6,2,0,8,0,9,5,6,5
43407,6,5,2,7,1,5,9,2,3,2,9
43408,8,2,5,5,9,9,8,4,6,9,8
43409,2,3,4,6,8,2,6,8,9,5,6
43410,7,1,0,3,4,6,1,1,7,3,4
43411,9,9,9,2,7,1,5,7,2,0,5
43412,7,1,0,3,4,6,1,5,7,3,4
43413,4,5,8,9,3,4,3,0,8,7,3
43414,0,4,5,0,2,9,4,4,6,8,2
43415,8,2,7,5,9,7,8,4,6,9,8
43416,1,4,7,0,2,8,0,4,6,8,0
43417,6,0,2,7,1,5,9,3,3,2,9
43418,7,1,0,3,4,6,1,5,7,3,4
43419,8,2,7,5,9,7,8,4,6,9,8
43420,4,7,6,9,0,8,0,9,5,6,3
43421,8,2,7,5,9,7,8,4,6,9,8
43422,3,6,1,8,5,3,2,6,0,1,1
43423,3,0,1,4,5,3,2,6,1,1,1
43424,7,1,0,3,4,6,1,5,7,3,4
43425,5,8,3,1,6,0,7,1,4,4,7
43426,1,7,6,2,0,8,0,9,5,6,5
43427,8,2,5,5,9,9,8,4,6,9,8
43428,7,1,0,3,4,6,1,5,7,3,4
43429,9,9,9,2,7,1,5,7,2,0,5
43430,6,5,2,7,1,5,9,2,3,2,9
43431,4,5,8,9,3,4,3,0,8,7,3
43432,2,0,4,6,8,2,6,3,1,5,8
43433,9,9,9,2,7,1,5,7,2,0,8
43434,8,5,7,5,9,7,8,3,6,9,8
43435,2,3,4,6,8,2,6,5,9,5,6
43436,6,1,2,7,1,5,9,2,3,2,9
43437,4,5,8,9,3,4,3,0,8,7,3
43438,1,7,6,2,0,8,0,9,5,6,5
43439,6,3,2,7,1,5,9,2,3,2,9
43440,4,5,8,9,3,4,3,3,8,7,3
43441,6,5,2,7,1,5,9,2,3,2,9
43442,2,3,4,6,8,2,6,8,9,5,6
43443,3,0,1,4,5,3,2,6,1,1,1
43444,1,7,6,2,0,8,0,9,5,6,5
43445,3,6,1,8,5,3,2,6,0,1,1
43446,1,7,6,2,0,8,0,9,5,6,5
43447,2,3,4,6,8,2,6,8,9,5,6
43448,7,1,0,3,4,6,1,5,7,3,4
43449,6,5,2,7,1,5,9,2,3,2,9
43450,6,5,2,7,1,5,9,2,3,2,9
43451,2,3,4,6,8,2,6,8,9,5,6
43452,5,8,3,1,6,0,7,1,4,4,7
43453,8,2,5,5,9,9,8,4,6,9,8
43454,7,1,0,3,4,6,1,5,7,3,4
43455,2,3,4,6,8,2,6,8,9,5,6
43456,7,1,0,3,4,6,1,5,7,3,4
43457,4,5,8,9,3,4,3,0,8,7,3
43458,1,7,9,2,0,1,5,7,2,6,5
43459,2,3,4,6,8,2,6,8,9,5,6
43460,7,1,0,3,4,6,1,5,7,3,4
43461,8,2,5,5,9,9,8,4,6,9,8
43462,4,5,8,9,3,4,3,0,8,7,3
43463,3,0,1,4,5,3,2,6,1,1,1
43464,7,3,4,6,4,6,6,8,9,3,6
43465,3,0,1,4,5,3,2,6,1,1,1
43466,7,1,0,3,4,6,1,5,7,3,4
43467,8,2,7,5,9,7,8,4,6,9,8
43468,3,6,1,8,5,3,2,6,0,1,1
43469,9,9,9,2,7,1,5,7,2,0,5
43470,1,7,6,2,0,8,0,9,5,6,5
43471,8,4,7,0,2,7,8,4,6,8,2
43472,3,6,1,8,5,3,2,6,0,1,1
43473,8,2,7,5,9,7,8,4,6,9,8
43474,1,7,6,2,0,8,0,9,5,6,5
43475,2,3,4,6,8,2,6,8,9,5,6
43476,1,7,6,2,0,8,0,9,5,6,5
43477,6,5,2,7,1,5,9,2,3,2,9
43478,8,2,5,5,9,9,8,4,6,9,8
43479,6,5,2,7,1,5,9,2,3,2,9
43480,1,7,6,2,0,8,0,9,5,6,5
43481,8,2,7,5,9,7,8,4,6,9,8
43482,2,3,4,6,8,2,6,8,9,5,6
43483,8,2,7,5,9,7,8,4,6,9,8
43484,1,7,6,2,0,8,0,7,5,6,5
43485,4,5,8,9,3,4,3,3,8,7,3
43486,6,3,2,7,1,5,9,2,3,2,9
43487,8,2,7,5,9,7,8,4,6,9,8
43488,7,1,0,3,4,6,1,5,7,3,4
43489,8,2,5,5,9,9,8,4,6,9,2
43490,1,7,6,2,0,8,0,9,5,6,5
43491,8,2,5,5,9,9,8,4,6,9,2
43492,7,1,0,3,4,6,1,5,7,3,4
43493,8,2,5,5,9,9,8,4,6,9,8
43494,7,1,0,3,4,6,1,5,7,3,4
43495,6,5,2,7,1,5,9,2,3,2,9
43496,8,2,5,5,9,9,8,4,6,9,8
43497,3,0,1,4,5,3,2,6,1,1,1
43498,4,5,8,9,3,4,3,0,8,7,3
43499,8,2,7,5,9,7,8,4,6,9,8
43500,1,7,6,2,0,8,0,9,5,6,5
43501,2,3,4,6,8,2,6,8,9,5,6
43502,5,8,3,1,6,0,7,1,4,4,7
43503,2,3,4,6,8,2,6,8,9,5,6
43504,7,1,0,3,4,6,1,5,7,3,4
43505,4,5,8,9,3,4,3,3,8,7,3
43506,7,1,0,3,4,6,1,5,7,3,4
43507,8,2,7,5,9,7,8,4,6,9,8
43508,9,9,9,2,7,1,5,3,2,0,5
43509,7,1,0,3,4,6,1,5,7,3,4
43510,7,1,0,3,4,6,1,5,7,3,4
43511,2,3,4,6,8,2,6,8,9,5,6
43512,0,4,3,0,2,0,4,1,4,8,0
43513,6,5,2,7,1,5,9,2,3,2,9
43514,6,5,2,2,1,5,9,2,3,2,5
43515,2,3,4,6,8,2,6,8,9,5,6
43516,5,8,3,1,6,0,7,1,4,4,0
43517,2,3,4,6,8,2,6,5,9,5,6
43518,5,5,2,1,6,5,7,2,3,4,7
43519,2,3,4,6,8,2,6,8,9,5,6
43520,8,2,5,5,9,9,8,4,6,9,8
43521,8,4,7,5,9,7,8,4,6,9,0
43522,7,1,0,3,4,6,1,5,7,3,4
43523,2,3,4,6,8,2,6,8,9,5,6
43524,7,1,0,3,4,6,1,8,9,3,4
43525,2,3,4,6,8,2,6,8,9,5,6
43526,0,4,3,0,2,0,4,1,4,8,0
43527,2,0,4,4,8,2,6,3,1,5,1
43528,0,4,3,0,2,0,4,1,4,8,2
43529,2,0,4,6,8,2,6,3,9,5,6
43530,5,8,3,1,6,0,7,1,4,4,7
43531,8,2,7,5,9,7,8,4,6,9,8
43532,7,1,0,3,4,6,1,5,7,3,4
43533,8,2,5,5,9,9,8,4,6,9,2
43534,1,7,6,2,0,8,0,9,5,6,5
43535,9,9,9,2,7,1,5,7,2,0,5
43536,3,6,1,8,5,3,2,6,0,1,1
43537,6,0,2,7,1,5,9,3,1,2,9
43538,7,1,0,3,4,6,1,5,7,3,4
43539,9,9,9,2,7,1,5,7,2,0,5
43540,7,1,0,3,4,6,1,5,7,3,4
43541,8,2,5,5,9,9,8,4,6,9,8
43542,0,4,5,0,2,9,4,1,4,8,2
43543,8,2,7,5,9,7,8,4,6,9,8
43544,5,8,3,1,6,0,7,1,4,4,7
43545,4,5,8,9,3,4,3,3,8,7,3
43546,6,5,2,7,1,5,9,2,3,2,9
43547,6,3,4,6,1,5,6,8,9,2,9
43548,7,1,0,3,4,6,1,5,7,3,4
43549,3,6,1,8,5,3,2,6,0,1,1
43550,0,4,7,0,2,7,4,4,6,8,0
43551,8,2,7,5,9,7,8,4,6,9,8
43552,7,1,0,3,4,6,1,5,7,3,4
43553,9,9,9,2,7,1,5,7,2,0,5
43554,3,6,1,8,5,3,2,6,0,1,1
43555,8,2,5,5,9,9,8,4,6,9,8
43556,3,6,1,8,5,3,2,6,0,1,1
43557,2,3,4,6,8,2,6,8,9,5,6
43558,7,1,0,3,4,6,1,5,7,3,4
43559,2,3,4,6,8,2,6,8,9,5,6
43560,7,6,0,8,4,6,1,5,0,3,4
43561,3,0,1,4,5,3,2,6,1,1,1
43562,1,7,6,2,0,8,0,9,5,6,5
43563,2,3,4,6,8,2,6,8,9,5,6
43564,5,5,8,9,3,4,7,0,8,7,7
43565,8,4,7,0,2,7,4,4,6,8,0
43566,6,5,2,7,1,5,9,2,3,2,9
43567,9,9,9,2,7,1,5,7,2,0,5
43568,2,3,4,6,8,2,6,8,9,5,6
43569,4,5,8,9,3,4,3,0,8,7,3
43570,1,7,6,2,0,8,0,9,5,6,5
43571,8,2,7,5,9,7,8,4,6,9,8
43572,4,5,8,9,3,4,3,0,8,7,3
43573,2,3,4,6,8,2,6,3,9,5,6
43574,2,0,4,9,8,2,6,3,8,5,3
43575,6,5,2,7,1,5,9,2,3,2,9
43576,6,5,2,7,1,5,9,2,3,2,9
43577,9,9,9,2,7,1,5,7,2,0,5
43578,1,7,6,2,0,8,0,9,5,6,5
43579,2,3,4,6,8,2,6,8,9,5,6
43580,9,9,9,2,7,1,5,7,2,0,5
43581,4,5,8,9,3,4,3,3,8,7,3
43582,1,7,6,2,0,8,0,3,5,6,5
43583,9,9,9,2,7,1,5,7,2,0,5
43584,0,4,5,0,2,9,4,4,6,8,2
43585,2,3,4,6,8,2,6,3,9,5,6
43586,4,5,8,9,3,4,3,3,8,7,3
43587,2,2,4,6,8,2,6,3,9,5,6
43588,1,5,6,2,0,8,0,9,5,6,5
43589,4,5,8,9,3,4,3,0,8,7,3
43590,6,5,2,7,1,5,9,2,3,2,9
43591,9,9,9,2,7,1,5,3,2,0,5
43592,4,5,8,9,3,4,3,0,8,7,3
43593,3,0,1,4,5,3,2,6,1,1,1
43594,4,5,8,9,3,4,3,0,8,7,3
43595,1,7,6,2,0,8,0,9,5,6,5
43596,0,4,7,0,2,7,4,4,6,8,0
43597,6,5,2,7,1,5,9,2,3,2,9
43598,8,2,5,5,9,9,8,4,6,9,8
43599,2,3,4,6,8,2,6,8,9,5,6
43600,0,8,3,1,6,0,4,1,4,4,0
43601,5,8,7,1,6,7,7,1,4,4,7
43602,3,6,1,8,5,3,2,6,0,1,1
43603,2,3,4,6,8,2,6,8,9,5,6
43604,5,8,3,1,6,0,7,1,4,4,7
43605,4,5,8,9,3,4,3,0,8,7,3
43606,2,3,4,6,8,2,6,8,9,5,6
43607,0,4,5,0,2,9,4,1,4,8,2
43608,5,8,3,1,6,0,7,1,4,4,7
43609,2,3,4,6,8,2,6,8,9,5,6
43610,3,6,1,8,5,3,2,6,0,1,1
43611,0,4,7,0,2,7,4,1,4,8,0
43612,5,8,3,1,6,0,7,1,4,4,7
43613,3,0,1,4,5,3,2,6,1,1,1
43614,5,8,3,1,6,0,7,1,4,4,7
43615,1,7,6,2,0,8,0,9,5,6,5
43616,1,7,6,2,0,8,0,9,5,6,5
43617,6,5,2,7,1,5,9,2,3,2,9
43618,5,6,3,1,6,0,7,1,0,4,7
43619,7,1,0,3,4,6,1,5,7,3,0
43620,4,5,8,9,3,4,3,3,8,7,3
43621,0,4,7,0,2,7,4,1,4,8,0
43622,5,8,3,1,6,0,7,1,4,4,7
43623,2,3,4,6,8,2,6,8,9,5,6
43624,3,6,1,8,5,3,2,6,0,1,1
43625,4,5,8,9,3,4,3,0,8,7,3
43626,5,8,3,1,6,0,7,1,4,4,7
43627,8,2,5,5,9,9,8,4,6,9,8
43628,5,8,3,1,6,0,7,1,4,4,2
43629,2,3,4,6,8,2,6,8,9,5,6
43630,6,5,2,7,1,5,9,2,3,2,9
43631,3,0,1,4,5,3,2,6,1,1,1
43632,6,1,2,7,1,5,9,2,3,2,9
43633,9,9,9,2,7,1,5,7,2,0,5
43634,5,8,3,1,6,0,7,1,4,4,7
43635,6,5,2,7,1,5,9,2,3,2,9
43636,5,8,2,1,6,5,7,2,3,4,7
43637,2,3,4,6,8,2,6,8,9,5,6
43638,7,1,0,3,4,6,1,5,7,3,4
43639,8,2,7,5,9,7,8,4,6,9,0
43640,1,7,6,2,0,8,0,9,5,6,5
43641,2,2,4,6,8,2,6,3,9,5,8
43642,9,9,9,2,7,1,5,7,2,0,5
43643,4,5,8,9,3,4,3,0,8,7,3
43644,7,1,0,3,4,6,1,5,7,3,4
43645,8,2,5,5,9,9,8,4,6,9,2
43646,4,5,8,9,3,4,3,0,8,7,3
43647,2,3,4,6,8,2,6,8,9,5,6
43648,5,1,0,3,4,6,7,5,7,3,7
43649,6,0,2,4,1,5,9,3,1,2,9
43650,5,8,3,1,6,0,7,1,4,4,7
43651,2,3,4,6,8,2,6,8,9,5,6
43652,1,7,6,2,0,8,0,9,5,6,5
43653,9,9,9,2,7,1,5,7,2,0,5
43654,0,4,6,0,2,8,4,9,5,8,0
43655,4,5,8,9,3,4,3,0,8,7,3
43656,7,1,0,3,4,6,1,5,7,3,4
43657,0,4,7,0,2,7,4,1,4,8,0
43658,0,4,7,0,2,7,4,1,4,8,0
43659,7,1,4,3,8,2,6,5,7,5,6
43660,0,4,3,0,2,0,4,1,4,8,0
43661,0,4,7,0,2,7,4,4,6,8,0
43662,3,6,1,8,5,3,2,6,0,1,1
43663,8,2,7,5,9,7,8,4,6,9,8
43664,1,7,6,2,0,8,0,9,5,6,5
43665,3,0,1,4,5,3,2,6,1,1,1
43666,7,1,0,3,4,6,1,5,7,3,4
43667,8,2,7,5,9,7,8,4,6,9,8
43668,4,5,8,9,3,4,3,0,8,7,3
43669,8,2,9,5,9,1,8,4,6,9,8
43670,8,2,5,5,9,9,8,4,6,9,8
43671,9,9,9,2,7,1,5,7,2,0,5
43672,0,4,3,0,2,0,4,1,4,8,2
43673,4,5,8,9,3,4,3,3,8,7,3
43674,7,3,0,6,4,6,1,8,9,3,4
43675,9,2,7,5,9,7,8,7,2,9,8
43676,2,3,4,6,8,2,6,8,9,5,6
43677,2,3,4,6,8,2,6,8,9,5,6
43678,4,5,8,9,3,4,3,0,8,7,3
43679,4,5,8,9,3,4,3,3,8,7,3
43680,7,1,0,3,4,6,1,5,7,3,4
43681,6,5,2,7,1,5,9,2,3,2,9
43682,5,5,8,9,3,4,7,0,8,7,7
43683,6,5,2,7,1,5,9,2,3,2,9
43684,1,7,6,2,0,8,0,9,5,6,5
43685,3,0,1,4,5,3,2,6,1,1,1
43686,5,8,3,1,6,0,7,1,4,4,7
43687,2,3,4,6,8,2,6,8,9,5,6
43688,0,4,3,0,2,0,4,3,4,8,0
43689,6,0,2,7,1,5,9,2,3,2,9
43690,2,3,4,6,8,2,6,8,9,5,0
43691,9,9,9,2,7,1,5,3,2,0,8
43692,2,3,4,6,8,2,6,8,9,5,6
43693,0,4,7,0,2,7,4,1,4,8,0
43694,4,5,8,9,3,4,3,0,8,7,3
43695,2,3,4,6,8,2,6,8,9,5,6
43696,2,3,4,6,8,2,6,8,9,5,6
43697,4,5,8,9,3,4,3,3,8,7,3
43698,4,3,7,6,3,7,3,8,9,7,0
43699,2,3,7,6,8,2,6,8,9,5,6
43700,0,4,3,0,2,0,4,1,4,8,0
43701,3,6,1,4,5,3,2,6,1,1,1
43702,1,7,6,0,0,8,0,3,5,6,5
43703,5,8,7,1,6,7,7,1,4,4,7
43704,1,7,6,2,0,8,0,9,5,6,5
43705,9,9,9,2,7,1,5,7,2,0,5
43706,2,3,4,6,8,2,6,3,9,5,6
43707,8,2,7,5,9,9,8,4,6,9,8
43708,1,7,6,2,0,8,0,9,5,6,5
43709,8,2,7,5,9,7,8,4,6,9,8
43710,8,2,5,5,9,9,8,4,6,9,8
43711,0,4,7,0,2,7,4,8,9,8,0
43712,3,6,1,8,5,3,2,6,0,1,1
43713,9,9,7,1,7,7,5,7,2,0,7
43714,1,7,6,2,0,8,0,9,5,6,5
43715,1,7,6,2,0,8,0,9,5,6,5
43716,5,8,3,1,6,0,7,1,4,4,7
43717,7,1,0,3,4,6,1,5,7,3,4
43718,0,4,3,0,2,0,4,1,4,8,0
43719,8,2,5,5,9,9,8,4,6,9,2
43720,3,6,1,8,5,3,2,6,0,1,7
43721,8,2,7,5,9,7,8,4,6,9,8
43722,0,4,3,0,2,0,4,1,4,8,2
43723,8,2,5,5,9,9,8,4,6,9,8
43724,2,3,4,6,8,2,6,8,9,5,6
43725,8,2,5,5,9,9,8,4,6,9,8
43726,4,7,4,9,8,2,3,3,8,5,3
43727,3,6,1,8,5,3,2,6,0,1,1
43728,3,6,1,8,5,3,2,6,0,1,1
43729,0,8,3,0,2,0,4,1,4,8,0
43730,2,3,4,6,8,2,6,8,9,5,6
43731,9,9,9,2,7,1,5,7,2,0,5
43732,5,8,3,1,6,0,7,1,4,4,7
43733,2,3,4,6,8,2,6,8,9,5,6
43734,0,4,7,0,2,7,4,4,6,8,0
43735,4,5,8,9,3,4,3,3,8,7,3
43736,4,7,6,2,3,8,3,9,5,7,3
43737,8,2,7,5,9,7,8,4,6,9,8
43738,0,4,3,0,2,0,4,1,4,8,0
43739,7,1,0,3,4,6,1,5,7,3,4
43740,5,8,3,1,6,0,7,1,4,4,0
43741,9,9,9,2,7,1,5,7,2,0,5
43742,4,5,8,9,3,4,3,0,8,7,3
43743,6,5,2,7,1,5,9,2,3,2,9
43744,4,5,8,9,3,4,3,0,8,7,3
43745,0,4,5,0,2,9,4,8,9,8,0
43746,1,7,6,2,0,8,0,9,5,6,5
43747,2,3,4,6,8,2,6,8,9,5,6
43748,2,2,4,6,8,2,6,4,9,5,8
43749,2,3,4,6,8,2,6,8,9,5,6
43750,8,2,7,5,9,7,8,4,6,9,0
43751,8,2,7,5,9,7,8,4,6,9,8
43752,4,5,8,9,3,4,3,0,8,7,3
43753,2,3,4,6,8,2,6,8,9,5,6
43754,2,3,4,6,8,2,6,8,9,5,6
43755,2,3,4,6,8,2,6,8,9,5,6
43756,5,8,3,1,6,0,7,1,4,4,7
43757,8,2,7,5,9,7,8,4,6,9,8
43758,7,1,0,3,4,6,1,5,7,3,4
43759,7,1,0,3,4,6,1,5,7,3,4
43760,6,5,2,7,1,5,9,2,3,2,9
43761,9,9,9,2,7,1,5,7,2,0,5
43762,7,1,0,3,4,6,1,5,7,3,4
43763,8,2,5,5,9,9,8,4,6,9,8
43764,1,7,6,2,0,8,0,9,5,6,5
43765,8,2,7,5,9,7,8,4,6,9,8
43766,2,1,4,3,8,2,6,5,7,5,6
43767,2,9,4,6,8,2,6,3,2,5,6
43768,1,5,6,2,0,8,0,9,5,6,5
43769,6,5,2,7,1,5,9,2,3,2,9
43770,1,7,6,2,0,8,0,9,5,6,5
43771,8,2,5,5,9,9,8,4,6,9,8
43772,7,1,0,3,4,6,1,5,7,3,4
43773,7,1,0,3,4,6,1,5,7,3,4
43774,0,4,5,0,2,9,4,4,6,8,2
43775,2,3,4,6,8,2,6,8,9,5,6
43776,7,1,0,3,4,6,1,5,7,3,4
43777,0,4,7,0,2,7,4,4,6,8,0
43778,2,3,4,6,8,2,6,3,9,5,6
43779,9,9,9,2,7,1,5,7,2,0,5
43780,7,8,3,1,6,0,7,1,4,4,4
43781,9,9,9,2,7,1,5,7,2,0,8
43782,2,3,4,6,8,2,6,8,9,5,6
43783,6,5,2,7,1,5,9,2,3,2,9
43784,1,7,6,2,0,8,0,9,5,6,5
43785,0,4,7,0,2,7,4,4,6,8,0
43786,0,4,7,0,2,7,4,4,6,8,0
43787,2,3,4,6,8,2,6,8,9,5,6
43788,9,9,9,2,7,1,5,7,2,0,5
43789,6,5,2,7,1,5,9,2,3,2,9
43790,1,7,6,2,0,8,0,9,5,6,5
43791,9,9,9,2,7,1,5,7,2,0,5
43792,0,4,3,0,2,0,4,1,4,8,0
43793,8,2,5,5,9,9,8,4,6,9,8
43794,7,1,0,3,4,6,1,7,7,3,4
43795,4,5,8,9,3,4,3,3,8,7,3
43796,0,4,6,0,2,8,4,9,5,8,0
43797,8,2,7,5,9,7,8,4,6,9,8
43798,8,2,5,5,9,9,8,4,6,9,2
43799,2,3,4,6,8,2,6,8,9,5,6
43800,5,5,8,1,6,4,7,0,0,4,7
43801,9,9,9,2,7,1,5,7,2,0,5
43802,0,4,3,0,2,0,4,1,4,8,0
43803,2,3,4,6,8,2,6,3,9,5,6
43804,4,5,8,9,3,4,3,0,8,7,3
43805,2,3,4,6,8,2,6,8,9,5,6
43806,6,3,2,7,1,5,9,2,3,2,9
43807,4,5,8,9,3,4,3,0,8,7,3
43808,1,7,6,2,0,8,0,9,5,6,5
43809,8,2,7,5,9,7,8,4,6,9,8
43810,8,2,7,5,9,7,8,4,6,9,8
43811,2,3,4,6,8,2,6,3,9,5,6
43812,0,4,7,0,2,7,4,1,4,8,0
43813,9,9,9,2,7,1,5,7,2,0,5
43814,5,8,3,1,6,0,7,1,4,4,7
43815,6,3,2,7,1,5,9,2,3,2,9
43816,7,1,0,3,4,6,1,5,7,3,4
43817,2,3,4,6,8,2,6,8,9,5,6
43818,7,1,5,3,4,9,1,5,7,3,2
43819,8,2,7,5,9,7,8,4,6,9,8
43820,7,1,0,3,4,6,1,5,7,3,4
43821,8,2,5,5,9,9,8,4,6,9,8
43822,5,5,8,9,3,4,7,0,8,7,7
43823,8,2,7,5,9,7,8,4,2,9,8
43824,9,9,9,2,7,1,5,7,2,0,5
43825,8,2,7,5,9,7,8,4,6,9,8
43826,6,5,2,7,1,5,9,2,3,2,9
43827,2,3,4,6,8,2,6,3,9,5,6
43828,2,3,4,6,8,2,6,8,9,5,6
43829,9,9,9,2,7,1,5,7,2,0,5
43830,5,8,3,1,6,0,7,1,4,4,0
43831,6,5,2,7,1,5,9,2,3,2,9
43832,5,8,3,1,6,0,7,1,4,4,7
43833,2,3,4,6,8,2,6,8,9,5,6
43834,3,6,1,8,5,3,2,6,0,1,1
43835,8,2,7,5,9,7,8,4,6,9,8
43836,1,7,6,2,0,8,0,9,5,6,5
43837,9,9,9,2,7,1,5,7,2,0,5
43838,8,2,7,5,9,7,8,4,6,9,8
43839,4,5,8,9,3,4,3,3,8,7,3
43840,0,4,5,0,2,9,4,4,6,8,2
43841,8,2,5,5,9,9,8,4,6,9,2
43842,1,7,6,2,0,8,0,9,5,6,5
43843,2,3,4,6,8,2,6,8,9,5,6
43844,9,9,9,2,7,1,5,7,2,0,5
43845,8,4,7,0,2,7,4,4,6,8,0
43846,2,3,4,6,8,2,6,8,9,5,6
43847,3,0,1,4,5,3,2,6,1,1,1
43848,2,3,4,6,8,2,6,8,9,5,6
43849,9,9,9,2,7,1,5,7,2,0,5
43850,9,9,9,2,7,1,5,7,2,0,5
43851,6,3,2,7,1,5,9,2,3,2,9
43852,1,7,6,2,0,8,0,9,5,6,5
43853,2,3,4,6,8,2,6,8,9,5,6
43854,6,5,2,7,1,5,9,2,3,2,9
43855,2,0,7,6,8,7,6,3,9,5,8
43856,5,8,3,1,6,0,7,1,4,4,7
43857,4,5,8,9,3,4,3,3,8,7,3
43858,5,4,3,1,6,0,7,1,4,4,7
43859,8,2,7,5,9,7,8,4,6,9,8
43860,8,2,5,5,9,9,8,4,6,9,8
43861,2,3,4,6,8,2,6,8,9,5,8
43862,0,4,3,0,2,0,4,1,4,8,0
43863,8,2,7,5,9,7,8,4,6,9,8
43864,0,4,3,0,2,0,4,1,4,8,0
43865,7,1,0,3,4,6,1,5,7,3,4
43866,4,5,8,9,3,4,3,3,8,7,3
43867,2,3,4,6,8,2,6,3,9,5,6
43868,7,1,0,3,4,6,1,5,7,3,4
43869,7,1,0,3,4,6,1,5,7,3,4
43870,5,8,3,1,6,0,7,1,4,4,7
43871,6,5,2,7,1,5,9,2,3,2,9
43872,9,9,9,2,7,1,5,7,2,0,5
43873,0,4,7,0,2,7,4,4,6,8,0
43874,4,5,8,9,3,4,3,3,8,7,3
43875,2,3,4,6,8,2,6,8,9,5,6
43876,7,1,0,3,4,6,1,5,7,3,4
43877,6,5,2,7,1,5,9,2,3,2,9
43878,7,3,0,3,4,6,1,8,7,3,4
43879,9,9,9,2,7,1,5,7,2,0,5
43880,2,3,4,6,8,2,6,8,9,5,6
43881,0,4,7,0,2,7,4,4,6,8,0
43882,2,3,4,6,8,2,6,8,9,5,6
43883,7,1,0,3,4,6,1,5,7,3,4
43884,3,6,1,8,5,3,2,6,0,1,1
43885,6,5,2,7,1,5,9,2,3,2,9
43886,0,4,5,0,2,9,4,4,6,8,2
43887,9,9,9,2,7,1,5,7,2,0,5
43888,0,4,3,0,2,0,4,1,4,8,0
43889,7,1,0,3,4,6,1,5,7,3,4
43890,8,2,5,5,9,9,8,4,6,9,8
43891,0,4,7,0,2,7,4,4,6,8,0
43892,4,5,8,9,3,4,3,0,8,7,3
43893,8,4,5,5,9,9,8,4,6,9,2
43894,9,7,6,2,7,8,0,9,2,6,5
43895,6,3,2,7,1,5,9,2,3,2,9
43896,0,4,7,0,2,7,4,4,6,8,0
43897,9,7,6,2,7,8,5,3,2,0,5
43898,0,8,3,0,2,0,4,1,4,8,0
43899,6,5,2,7,1,5,9,2,3,2,9
43900,7,1,0,3,4,6,1,5,7,3,4
43901,2,3,4,6,8,2,6,8,9,5,6
43902,7,1,0,3,4,6,1,5,7,3,4
43903,0,4,3,0,2,0,4,1,4,8,0
43904,5,8,3,1,6,0,7,0,4,4,7
43905,9,9,9,2,7,1,5,7,2,0,5
43906,9,9,9,2,7,1,5,7,2,0,5
43907,2,3,4,6,8,2,6,8,9,5,6
43908,4,5,8,9,3,4,3,0,8,7,3
43909,8,2,7,5,9,7,8,4,6,9,8
43910,1,7,9,2,7,1,5,7,5,6,5
43911,8,2,5,5,9,9,8,4,6,9,8
43912,8,4,5,5,9,9,8,4,6,9,2
43913,3,0,1,4,5,3,2,3,1,1,1
43914,4,5,8,9,3,4,3,3,8,7,3
43915,2,0,4,4,8,2,6,3,1,5,6
43916,0,4,7,0,2,7,4,9,5,8,0
43917,8,2,5,5,9,9,8,4,6,9,2
43918,0,4,7,0,2,7,4,1,4,8,0
43919,0,4,5,0,2,9,4,4,6,8,2
43920,5,8,3,1,6,0,7,1,4,4,7
43921,9,3,9,6,7,1,5,7,2,0,6
43922,7,1,0,3,4,6,1,5,7,3,4
43923,8,2,5,5,9,9,8,4,6,9,8
43924,9,9,9,2,7,1,5,7,2,0,5
43925,4,5,8,9,3,4,3,0,8,7,3
43926,0,4,5,0,2,9,4,4,6,8,2
43927,1,7,6,2,0,8,0,9,5,6,5
43928,5,8,3,1,6,0,7,1,4,4,0
43929,8,2,7,5,9,7,8,4,6,9,8
43930,7,1,0,3,4,6,1,5,7,3,4
43931,4,5,8,9,3,4,3,0,8,7,3
43932,3,0,1,4,5,3,2,6,1,1,1
43933,9,9,9,2,7,1,5,7,2,0,5
43934,5,8,3,1,6,0,7,1,4,4,7
43935,6,5,2,7,1,5,9,2,3,2,9
43936,7,1,0,3,4,6,1,5,7,3,4
43937,2,4,7,6,8,7,6,3,9,5,0
43938,8,3,7,6,9,7,8,8,9,9,8
43939,3,0,1,4,5,3,2,6,1,1,1
43940,4,5,8,9,3,4,3,0,8,7,3
43941,2,3,4,6,8,2,6,3,9,5,6
43942,7,1,0,3,4,6,1,5,7,3,4
43943,9,2,9,5,7,1,5,7,2,0,8
43944,7,1,0,3,4,6,1,5,7,3,4
43945,9,9,9,2,7,1,5,7,2,0,5
43946,7,1,0,3,4,6,1,5,7,3,4
43947,9,9,9,2,7,1,5,7,2,0,5
43948,1,7,6,2,0,8,0,9,5,6,5
43949,0,4,7,0,2,7,4,1,4,8,0
43950,7,1,0,3,4,6,1,5,7,3,4
43951,1,7,6,2,0,8,0,9,5,6,5
43952,7,1,0,3,4,6,1,5,7,3,4
43953,8,2,7,5,9,7,8,8,9,9,8
43954,5,8,3,1,6,0,7,1,4,4,7
43955,4,5,8,9,3,4,3,0,8,7,3
43956,1,7,6,2,0,8,0,9,5,6,5
43957,2,3,4,6,8,2,6,3,9,5,6
43958,2,3,4,6,8,2,6,8,9,5,6
43959,8,2,7,5,9,7,8,4,6,9,8
43960,3,6,1,8,5,3,2,6,0,1,1
43961,2,2,4,5,9,2,8,3,6,9,8
43962,7,1,0,3,4,6,1,5,7,3,4
43963,2,0,4,4,8,2,6,3,1,5,6
43964,6,9,2,7,1,5,9,2,3,2,9
43965,2,3,4,6,8,2,6,3,9,5,6
43966,0,4,7,0,2,7,4,1,4,8,0
43967,2,3,4,6,8,2,6,8,9,5,6
43968,2,3,4,6,8,2,6,8,9,5,6
43969,8,2,5,5,9,9,8,4,6,9,8
43970,0,4,7,0,2,7,4,4,6,8,0
43971,9,9,9,2,7,1,5,7,2,0,5
43972,9,9,9,2,7,1,5,7,2,0,5
43973,4,5,8,9,3,4,3,3,8,7,3
43974,6,5,2,7,1,5,9,2,3,2,9
43975,6,3,2,7,1,5,9,2,3,2,9
43976,3,0,1,4,5,3,2,6,1,1,1
43977,4,5,8,9,3,4,3,0,8,7,3
43978,0,8,3,0,6,0,4,1,4,4,4
43979,1,7,6,0,0,8,0,9,5,6,8
43980,1,7,6,2,0,8,0,9,5,6,5
43981,2,0,4,4,8,2,6,3,1,5,6
43982,0,4,3,0,2,0,4,1,4,8,0
43983,0,4,7,2,2,7,4,4,6,8,5
43984,1,7,6,2,0,8,0,9,5,6,5
43985,9,9,9,2,7,1,5,7,2,0,5
43986,6,3,2,7,1,5,9,2,3,2,9
43987,0,4,7,0,2,7,4,4,6,8,0
43988,9,9,9,2,7,1,5,7,2,0,5
43989,9,9,9,2,7,1,5,7,2,0,5
43990,8,2,5,5,9,9,8,4,6,9,2
43991,7,1,0,3,4,6,1,5,7,3,6
43992,0,4,5,0,2,9,4,4,6,8,2
43993,8,2,7,5,9,7,8,8,9,9,8
43994,6,5,2,7,1,5,9,2,3,2,9
43995,4,5,8,9,3,4,3,3,8,7,3
43996,6,5,2,7,1,5,9,2,3,2,9
43997,2,3,4,6,8,2,6,8,9,5,6
43998,5,8,3,1,6,0,7,1,4,4,7
43999,0,4,7,0,2,7,4,1,4,8,0
44000,3,0,1,4,5,3,2,6,1,1,1
44001,0,4,7,0,2,7,4,1,4,8,0
44002,7,1,3,3,4,6,1,1,4,3,4
44003,9,9,9,2,7,1,5,7,2,0,5
44004,7,1,0,3,4,6,1,5,7,3,4
44005,0,4,5,0,2,9,4,4,6,8,2
44006,7,1,0,3,4,6,1,5,7,3,4
44007,9,9,9,2,7,1,5,7,2,0,8
44008,0,4,7,0,2,7,4,1,4,8,0
44009,9,9,9,2,7,1,5,3,2,0,8
44010,0,4,7,0,2,7,4,4,6,8,0
44011,4,5,8,9,3,4,3,0,8,7,3
44012,1,7,6,2,0,8,0,9,5,6,5
44013,5,5,7,1,6,7,7,1,4,4,7
44014,7,1,0,3,4,6,1,5,7,3,4
44015,8,2,5,5,9,9,8,4,6,9,8
44016,0,4,3,0,2,0,4,1,4,8,0
44017,4,5,8,9,3,4,3,0,8,7,3
44018,2,3,4,6,8,2,6,8,9,5,6
44019,6,5,2,7,1,5,9,2,3,2,9
44020,7,1,0,3,4,6,1,5,7,3,4
44021,6,5,2,7,1,5,9,2,3,2,9
44022,5,8,3,1,6,0,7,1,4,4,7
44023,2,0,4,4,8,2,6,3,1,5,6
44024,2,3,4,6,8,2,6,8,9,5,6
44025,8,4,7,0,2,7,8,4,6,8,0
44026,5,8,3,1,6,0,7,1,4,4,7
44027,8,2,7,5,9,7,8,4,6,9,8
44028,1,7,6,2,0,8,0,9,5,6,5
44029,3,0,1,4,5,3,2,3,1,1,1
44030,3,0,1,4,5,3,2,6,1,1,1
44031,9,9,9,2,7,1,5,7,2,0,5
44032,0,8,3,1,6,0,4,1,4,4,0
44033,6,5,2,7,1,5,9,2,3,2,9
44034,7,1,0,3,4,6,1,5,7,3,4
44035,2,3,4,6,8,2,6,8,9,5,6
44036,9,9,9,2,7,1,5,7,2,0,5
44037,8,2,7,5,9,7,8,4,6,9,8
44038,1,7,9,2,0,1,0,7,5,6,5
44039,8,4,5,5,9,9,8,4,6,9,2
44040,3,6,1,8,5,3,2,6,0,1,1
44041,2,3,4,6,8,2,6,8,9,5,6
44042,8,2,5,5,9,9,8,4,6,9,8
44043,8,2,7,5,9,7,8,4,6,9,8
44044,5,8,3,1,6,0,7,1,4,4,7
44045,3,0,1,4,5,3,2,6,1,1,1
44046,1,7,6,2,0,8,0,9,5,6,5
44047,9,9,9,2,7,1,5,7,2,0,5
44048,5,8,3,1,6,0,7,1,4,4,7
44049,6,5,2,7,1,5,9,3,3,2,9
44050,0,4,3,0,2,0,4,1,4,8,2
44051,2,3,4,6,8,2,6,3,9,5,6
44052,5,8,3,1,6,0,7,1,4,4,7
44053,8,2,7,5,9,7,8,4,6,9,8
44054,6,5,2,7,1,5,9,2,3,2,9
44055,2,0,4,4,8,2,6,3,1,5,8
44056,2,3,4,6,8,2,6,8,9,5,6
44057,4,5,8,9,3,4,3,0,8,7,3
44058,1,7,6,2,0,8,0,9,5,6,5
44059,8,2,5,5,9,9,8,4,6,9,2
44060,3,6,1,8,5,3,2,6,0,1,1
44061,2,3,7,6,8,7,6,8,9,5,6
44062,8,2,5,5,9,9,8,4,6,9,8
44063,3,6,1,8,5,3,2,6,0,1,1
44064,8,2,5,5,9,9,8,4,6,9,2
44065,9,9,9,2,7,1,5,7,2,0,5
44066,4,5,8,9,3,4,3,0,8,7,3
44067,8,2,5,5,9,9,8,4,6,9,8
44068,8,2,7,5,9,7,8,4,6,9,8
44069,2,3,4,6,8,2,6,8,9,5,6
44070,4,5,8,9,3,4,3,0,8,7,3
44071,8,2,7,5,9,7,8,4,6,9,8
44072,7,1,0,3,4,6,1,5,7,3,4
44073,4,5,8,9,3,4,3,0,8,7,3
44074,0,4,3,0,2,0,4,1,4,8,0
44075,8,2,7,5,9,7,8,4,6,9,8
44076,3,0,1,4,5,3,2,6,1,1,1
44077,4,5,8,9,3,4,3,0,8,7,3
44078,1,7,6,0,0,8,0,9,5,6,5
44079,9,9,9,2,7,1,5,7,2,0,5
44080,8,2,5,5,9,9,8,4,6,9,2
44081,8,2,7,5,9,7,8,4,6,9,8
44082,1,7,6,2,0,8,0,3,5,6,5
44083,8,2,7,5,9,7,8,4,6,9,8
44084,0,4,3,0,2,0,4,1,4,8,0
44085,0,4,3,0,2,0,4,1,4,8,0
44086,5,8,3,1,6,0,7,1,4,4,7
44087,8,2,7,5,9,7,8,4,6,9,8
44088,5,8,3,1,6,0,7,1,4,4,7
44089,9,9,9,2,7,1,5,7,2,0,5
44090,1,7,6,2,0,8,0,9,5,6,5
44091,8,2,7,5,9,7,8,4,6,9,8
44092,6,5,2,7,1,5,9,2,3,2,9
44093,9,9,9,2,7,1,5,7,2,0,5
44094,3,6,1,8,5,3,2,6,0,1,1
44095,9,2,9,2,7,1,5,3,2,0,8
44096,7,6,0,8,4,6,1,5,0,3,4
44097,8,2,7,5,9,7,8,4,6,9,8
44098,0,4,2,0,2,5,4,1,4,8,0
44099,9,9,9,2,7,1,5,3,2,0,5
44100,5,8,3,1,6,0,7,1,4,4,0
44101,3,3,1,6,5,3,2,8,9,1,6
44102,6,6,2,8,1,5,9,2,0,2,7
44103,4,0,8,4,3,4,3,3,1,7,3
44104,0,4,3,0,2,0,4,1,4,8,0
44105,8,2,7,5,9,7,8,4,6,9,8
44106,3,6,1,8,5,3,2,6,0,1,1
44107,8,2,7,5,9,7,8,4,6,9,8
44108,1,7,6,2,0,8,0,9,5,6,5
44109,9,9,9,2,7,1,5,7,2,0,5
44110,5,8,3,1,6,0,7,1,4,4,7
44111,8,2,5,5,9,9,8,4,6,9,8
44112,7,1,0,3,4,6,1,5,7,3,4
44113,9,9,9,2,7,1,5,7,2,0,5
44114,4,5,8,9,3,4,3,3,8,7,3
44115,2,3,4,6,8,2,6,8,9,5,6
44116,5,8,3,1,6,0,7,1,4,4,7
44117,8,2,5,5,9,9,8,4,6,9,8
44118,7,3,0,6,4,6,1,8,9,3,6
44119,4,5,8,9,3,4,3,0,8,7,3
44120,1,7,6,2,0,8,0,9,5,6,5
44121,3,0,1,4,5,3,2,6,1,1,1
44122,7,1,0,3,4,6,1,5,7,3,4
44123,8,2,7,5,9,7,8,3,6,9,8
44124,0,4,7,0,2,7,4,1,4,8,0
44125,9,9,9,2,7,1,5,7,2,0,5
44126,9,9,9,2,7,1,5,7,2,0,5
44127,3,0,1,4,5,3,2,3,1,1,1
44128,5,8,3,1,6,0,7,1,4,4,7
44129,8,2,7,5,9,7,8,4,6,9,8
44130,7,1,0,3,4,6,1,5,7,3,4
44131,9,9,9,2,7,1,5,7,2,0,5
44132,4,5,8,9,3,4,3,0,8,7,3
44133,5,8,3,1,6,0,7,1,4,4,7
44134,7,1,0,3,4,6,1,5,7,3,4
44135,9,9,9,2,7,1,5,3,2,0,5
44136,1,7,6,2,0,8,0,9,5,6,5
44137,8,2,7,5,9,7,8,4,6,9,8
44138,7,1,0,3,4,6,1,5,7,3,4
44139,8,2,5,5,9,9,8,4,6,9,8
44140,6,5,2,7,1,5,9,2,3,2,9
44141,8,2,9,5,9,1,8,7,2,9,8
44142,7,1,0,3,4,6,1,5,7,3,4
44143,6,5,2,7,1,5,9,3,3,2,9
44144,7,1,0,3,4,6,1,5,7,3,4
44145,8,2,5,5,9,9,8,4,6,9,8
44146,7,1,0,3,4,6,1,5,7,3,4
44147,9,9,9,2,7,1,5,3,2,0,5
44148,7,1,0,3,4,6,1,5,7,3,4
44149,6,5,2,7,1,5,9,3,3,2,8
44150,8,2,5,5,9,9,8,4,6,9,8
44151,9,9,9,2,7,1,5,7,2,0,5
44152,2,2,7,5,8,7,6,3,6,5,8
44153,8,2,7,5,9,7,8,4,6,9,8
44154,0,8,3,1,6,0,7,1,4,4,0
44155,9,9,9,2,7,1,5,7,2,0,5
44156,0,4,5,0,2,9,4,4,6,8,2
44157,8,2,7,5,9,7,8,3,6,9,8
44158,1,7,6,2,0,8,0,9,5,6,5
44159,3,0,1,4,5,3,2,3,1,1,8
44160,1,7,6,2,0,8,0,9,5,6,5
44161,3,0,1,4,5,3,2,6,1,1,1
44162,1,7,6,2,0,8,0,9,5,6,5
44163,9,9,9,5,7,1,5,3,2,0,8
44164,2,1,4,3,8,2,6,5,7,5,6
44165,9,9,9,2,7,1,5,3,2,0,5
44166,6,5,2,7,1,5,9,2,3,2,9
44167,8,2,7,5,9,7,8,4,2,9,8
44168,5,5,8,1,6,4,7,0,8,4,7
44169,8,2,5,5,9,9,8,4,6,9,8
44170,0,4,5,0,2,9,4,1,4,8,2
44171,2,3,4,6,8,2,6,8,9,5,6
44172,7,1,0,3,4,6,1,5,7,3,4
44173,2,3,4,6,8,2,6,8,9,5,6
44174,7,1,0,3,4,6,1,5,7,3,4
44175,8,2,5,5,9,9,8,4,6,9,2
44176,7,1,0,3,4,6,1,5,7,3,4
44177,8,2,7,5,9,7,8,4,6,9,8
44178,8,2,5,5,9,9,8,4,6,9,2
44179,4,0,4,9,8,2,3,3,1,5,3
44180,2,3,4,6,8,2,6,8,9,5,0
44181,2,0,4,4,8,2,6,3,1,5,6
44182,0,4,3,0,2,0,4,1,4,8,0
44183,9,9,9,2,7,1,5,7,2,0,5
44184,3,6,1,8,5,3,2,6,0,1,1
44185,8,2,5,5,9,9,8,4,6,9,8
44186,6,5,2,7,1,5,9,2,3,2,9
44187,8,2,7,5,9,7,8,4,6,9,8
44188,7,1,0,3,4,6,1,5,7,3,4
44189,4,5,8,9,3,4,3,0,8,7,3
44190,0,4,3,0,2,0,4,1,4,8,0
44191,2,2,4,5,9,2,8,3,6,9,8
44192,7,1,0,3,4,6,1,5,7,3,4
44193,2,2,4,6,8,2,6,3,9,5,6
44194,0,4,5,0,2,9,4,4,6,8,2
44195,6,5,2,7,1,5,9,2,3,2,9
44196,7,1,0,3,4,6,1,5,7,3,4
44197,4,5,8,9,3,4,3,0,8,7,3
44198,1,7,6,2,0,8,0,9,5,6,5
44199,3,0,1,4,5,3,2,3,1,1,1
44200,2,3,4,6,8,2,6,8,9,5,6
44201,4,5,8,9,3,4,3,0,8,7,3
44202,7,1,0,3,4,6,1,5,7,3,4
44203,2,3,4,6,8,2,6,8,9,5,6
44204,4,5,8,9,3,4,3,3,8,7,3
44205,3,6,1,8,5,3,2,6,0,1,1
44206,0,4,6,0,2,8,4,9,5,8,0
44207,9,9,9,2,7,1,5,7,2,0,5
44208,7,6,1,8,5,3,1,6,0,1,4
44209,6,5,2,7,1,5,9,2,3,2,9
44210,1,7,6,2,0,8,0,9,5,6,5
44211,6,5,2,7,1,5,9,2,3,2,9
44212,9,9,9,5,7,1,5,7,2,0,8
44213,8,2,7,5,9,7,8,3,6,9,8
44214,5,8,3,1,6,0,7,1,4,4,7
44215,9,9,9,2,7,1,5,3,2,0,5
44216,7,1,0,3,4,6,1,5,7,3,4
44217,4,5,8,9,3,4,3,0,8,7,3
44218,4,5,8,9,3,4,3,3,8,7,3
44219,8,2,9,5,9,1,8,7,2,9,8
44220,9,9,9,2,7,1,5,7,2,0,5
44221,2,3,4,6,8,2,6,8,9,5,6
44222,1,7,6,2,0,8,0,9,5,6,5
44223,8,2,5,5,9,9,8,4,6,9,8
44224,5,8,3,1,6,0,7,1,4,4,0
44225,3,0,1,4,5,3,2,6,1,1,1
44226,6,9,2,7,1,5,9,2,3,2,9
44227,9,9,9,2,7,1,5,7,2,0,9
44228,8,2,7,5,9,7,8,4,6,9,8
44229,6,5,2,7,1,5,9,2,3,2,9
44230,5,8,3,1,6,0,7,1,4,4,7
44231,7,1,0,3,4,6,1,5,7,3,6
44232,0,4,7,0,2,7,4,1,4,8,0
44233,8,2,7,5,9,7,8,4,6,9,8
44234,5,5,2,8,6,5,7,2,0,2,7
44235,2,3,4,6,8,2,6,3,9,5,6
44236,7,1,0,3,4,6,1,5,7,3,4
44237,2,3,4,6,8,2,6,3,9,5,6
44238,3,6,1,8,5,3,2,6,0,1,1
44239,8,2,5,5,9,9,8,4,6,9,2
44240,7,1,0,3,4,6,1,3,7,3,4
44241,2,2,4,6,8,2,6,8,9,9,8
44242,1,7,6,2,0,8,0,9,5,6,5
44243,3,2,1,5,5,3,2,3,1,1,1
44244,0,4,7,0,2,7,4,4,6,8,0
44245,9,9,9,2,7,1,5,7,2,0,5
44246,0,4,5,0,2,9,4,1,4,8,2
44247,6,5,2,7,1,5,9,2,3,2,9
44248,6,5,2,7,1,5,9,2,3,2,9
44249,2,3,4,6,8,2,6,8,9,5,6
44250,5,8,3,1,6,0,7,1,4,4,7
44251,8,2,7,5,9,7,8,4,6,9,0
44252,0,4,7,0,2,7,4,4,6,8,2
44253,9,9,9,2,7,1,5,3,2,0,5
44254,5,8,3,1,6,0,7,1,4,4,2
44255,9,5,2,7,7,5,5,3,2,0,9
44256,5,8,3,1,6,0,7,1,4,4,7
44257,8,2,5,5,9,9,8,4,6,9,8
44258,5,5,8,9,3,4,7,0,8,7,7
44259,2,3,4,6,8,2,6,8,9,5,6
44260,6,5,2,7,1,5,9,2,3,2,9
44261,9,9,9,2,7,1,5,7,2,0,5
44262,7,1,0,3,4,6,1,5,7,3,4
44263,2,3,4,6,8,2,6,3,9,5,6
44264,5,8,3,1,6,0,7,1,4,4,7
44265,6,5,2,7,1,5,9,2,3,2,9
44266,3,6,1,8,5,3,2,6,0,1,1
44267,5,8,3,1,6,0,7,1,4,4,7
44268,3,6,1,8,5,3,2,6,0,1,1
44269,9,9,9,2,7,1,5,7,2,0,5
44270,7,1,0,3,4,6,1,1,4,3,4
44271,9,9,9,5,7,1,5,7,2,0,8
44272,7,1,0,3,4,6,1,5,7,3,4
44273,6,5,2,7,1,5,9,2,3,2,9
44274,1,7,6,2,0,8,0,9,5,6,5
44275,8,2,7,5,9,7,8,4,6,9,8
44276,2,0,4,4,8,2,6,3,1,5,6
44277,9,9,9,2,7,1,5,7,2,0,5
44278,3,6,1,8,5,3,2,6,0,1,1
44279,8,2,7,5,9,7,8,4,6,9,8
44280,2,3,4,6,8,2,6,8,9,5,6
44281,9,9,9,2,7,1,5,7,2,0,5
44282,7,1,0,3,4,6,1,5,7,3,4
44283,8,2,7,5,9,7,8,3,9,9,8
44284,0,8,3,0,2,0,4,1,4,8,0
44285,8,2,7,5,9,7,8,4,6,9,8
44286,7,1,0,3,4,6,1,5,7,3,4
44287,9,9,9,2,7,1,5,3,2,0,5
44288,1,7,6,2,0,8,0,9,5,6,5
44289,8,2,7,5,9,7,8,4,6,9,8
44290,1,7,6,2,0,8,0,9,5,6,5
44291,8,2,7,5,9,7,8,4,6,9,8
44292,2,3,4,6,8,2,6,8,9,5,6
44293,2,3,4,6,8,2,6,3,9,5,6
44294,1,7,6,2,0,8,0,9,5,6,5
44295,7,1,0,3,4,6,1,5,7,3,4
44296,1,7,6,2,0,8,0,9,5,6,5
44297,8,2,5,5,9,9,8,4,6,9,8
44298,9,9,9,7,7,1,5,7,2,0,9
44299,2,3,4,6,8,2,6,8,9,5,6
44300,4,5,8,9,3,4,3,0,8,7,3
44301,8,2,7,5,9,7,8,4,6,9,8
44302,6,5,2,7,1,5,9,2,3,2,9
44303,9,9,9,2,7,1,5,3,2,0,5
44304,7,1,0,3,4,6,1,5,7,3,4
44305,2,3,4,7,8,2,6,2,3,5,6
44306,1,7,6,2,0,8,0,9,5,6,5
44307,2,3,4,7,8,2,6,3,3,5,9
44308,7,1,0,3,4,6,1,5,7,3,4
44309,2,3,4,9,8,2,6,3,9,5,3
44310,2,3,4,6,8,2,6,8,9,5,6
44311,8,2,5,5,9,9,8,4,6,9,8
44312,7,1,0,3,4,6,1,5,7,3,4
44313,3,0,1,4,5,3,2,3,1,1,1
44314,3,6,1,8,5,3,2,6,0,1,1
44315,4,5,8,9,3,4,3,3,8,7,3
44316,6,3,2,7,1,5,9,2,3,2,9
44317,9,9,9,2,7,1,5,7,2,0,5
44318,4,5,8,9,3,4,3,0,8,7,3
44319,4,5,8,9,3,4,3,3,8,7,3
44320,7,1,0,3,4,6,1,5,7,3,4
44321,2,3,4,6,8,2,6,8,9,5,6
44322,0,4,5,0,2,9,4,1,4,8,2
44323,8,2,9,5,9,1,8,7,2,9,8
44324,1,7,6,2,0,8,0,9,5,6,5
44325,3,0,1,4,5,3,2,6,1,1,1
44326,7,6,0,8,4,6,1,6,0,3,4
44327,9,9,9,7,7,1,5,7,2,0,9
44328,2,1,4,3,8,2,6,5,7,5,6
44329,9,2,7,2,7,7,5,3,2,0,8
44330,4,5,8,9,3,4,3,0,8,7,3
44331,4,5,8,9,3,4,3,3,8,7,3
44332,5,8,3,1,6,0,7,1,4,4,0
44333,3,0,1,4,5,3,2,6,1,1,1
44334,6,5,2,7,1,5,9,2,3,2,9
44335,3,0,1,4,5,3,2,6,1,1,1
44336,4,5,8,9,3,4,3,0,8,7,3
44337,9,5,9,2,7,1,5,3,2,0,3
44338,7,1,0,3,4,6,1,5,7,3,4
44339,9,9,9,2,7,1,5,7,2,0,5
44340,1,7,6,2,0,8,0,9,5,6,5
44341,9,9,9,2,7,1,5,7,2,0,5
44342,5,8,3,1,6,0,7,1,4,4,7
44343,2,3,4,6,8,2,6,8,9,5,6
44344,3,6,1,8,5,3,2,6,0,1,1
44345,9,2,9,5,9,1,8,7,2,9,8
44346,4,5,8,9,3,4,3,0,8,7,3
44347,6,5,2,7,1,5,9,2,3,2,9
44348,5,8,3,1,6,0,7,1,4,4,7
44349,2,3,4,6,8,2,6,8,9,5,6
44350,7,1,0,3,4,6,1,5,7,3,4
44351,8,2,7,5,9,7,8,4,6,9,8
44352,5,8,3,1,6,0,7,1,4,4,7
44353,8,2,5,5,9,9,8,4,6,9,8
44354,1,7,6,2,0,8,0,3,5,6,5
44355,4,5,8,9,3,4,3,3,8,7,3
44356,8,2,7,5,9,7,8,4,6,9,8
44357,8,2,7,5,9,7,8,4,6,9,8
44358,4,5,8,9,3,4,3,0,8,7,7
44359,9,9,9,2,7,1,5,7,2,0,5
44360,7,1,0,3,4,6,1,8,9,3,0
44361,9,2,9,5,7,1,5,7,2,0,8
44362,6,5,2,7,1,5,9,2,3,2,9
44363,6,0,2,4,1,5,9,3,1,2,9
44364,4,5,8,9,3,4,3,3,8,7,3
44365,2,5,4,7,8,2,6,3,3,5,6
44366,1,7,6,2,0,8,0,9,5,6,5
44367,9,9,9,5,7,1,5,7,2,0,8
44368,1,7,6,2,0,8,0,9,5,6,5
44369,9,9,9,2,7,1,5,7,2,0,5
44370,1,7,6,2,0,8,0,9,5,6,5
44371,6,5,2,7,1,5,9,2,3,2,9
44372,3,6,1,8,5,3,2,6,0,1,1
44373,2,3,4,6,8,2,6,8,9,5,6
44374,6,5,2,7,1,5,9,2,3,2,9
44375,8,2,7,5,9,7,8,4,6,9,8
44376,0,4,3,0,2,0,4,1,4,8,0
44377,6,5,2,7,1,5,9,2,3,2,9
44378,6,3,2,7,1,5,9,2,3,2,9
44379,8,2,7,5,9,7,8,3,6,9,8
44380,2,1,4,3,8,2,6,5,7,5,6
44381,9,9,9,2,7,1,5,3,2,0,5
44382,5,6,1,8,6,3,7,6,0,4,7
44383,2,3,4,6,8,2,6,3,9,5,6
44384,0,4,5,0,2,9,4,1,4,8,0
44385,2,3,4,6,8,2,6,3,9,5,6
44386,5,8,3,1,6,0,7,1,4,4,7
44387,8,2,7,5,9,9,8,4,6,9,8
44388,7,1,0,3,4,6,1,5,7,3,4
44389,9,9,9,2,7,1,5,7,2,0,9
44390,5,8,3,1,6,0,7,1,4,4,7
44391,2,3,4,6,8,2,6,8,9,5,6
44392,8,2,5,5,9,9,8,4,6,9,2
44393,6,5,2,7,1,5,9,2,3,2,9
44394,4,5,8,9,3,4,3,0,8,7,3
44395,9,5,9,2,7,1,5,2,2,0,5
44396,0,4,3,0,2,0,4,1,4,8,0
44397,2,3,4,6,8,2,6,3,9,5,6
44398,8,2,5,5,9,9,8,4,6,9,8
44399,3,0,1,4,5,3,2,6,1,1,1
44400,0,4,3,0,2,0,4,1,4,8,0
44401,6,5,2,7,1,5,9,2,3,2,9
44402,0,4,7,0,2,7,4,4,6,8,0
44403,8,2,7,5,9,7,8,4,6,9,8
44404,7,1,0,3,4,6,1,5,7,3,4
44405,8,2,7,5,9,7,8,4,6,9,8
44406,2,1,4,3,8,2,6,5,9,5,6
44407,8,2,7,5,9,7,8,4,6,9,8
44408,7,1,0,3,4,6,1,5,7,3,4
44409,8,2,5,5,9,9,8,4,6,9,8
44410,4,7,8,9,3,4,3,3,8,7,3
44411,3,0,1,4,5,3,2,3,1,1,1
44412,6,5,2,7,1,5,9,2,3,2,9
44413,3,0,1,4,5,3,2,3,1,1,1
44414,4,5,8,9,3,4,3,3,8,7,3
44415,6,5,2,7,1,5,9,2,3,2,9
44416,7,1,0,3,4,6,1,5,7,3,4
44417,8,2,5,5,9,9,8,4,6,9,8
44418,1,7,6,2,0,8,0,9,5,6,5
44419,9,2,9,5,9,1,8,3,2,9,8
44420,4,5,8,9,3,4,3,0,8,7,3
44421,8,2,7,5,9,7,8,4,6,9,8
44422,9,9,9,2,7,1,5,7,2,0,5
44423,8,2,7,5,9,7,8,4,6,9,8
44424,9,9,9,2,7,1,5,7,2,0,5
44425,6,5,2,7,1,5,9,2,3,2,9
44426,7,1,0,3,4,6,1,5,7,3,4
44427,2,3,4,6,8,2,6,8,9,5,6
44428,5,8,3,1,6,0,7,0,8,4,7
44429,8,2,7,5,9,7,8,4,6,9,8
44430,0,4,3,0,2,0,4,1,4,8,0
44431,1,7,6,2,0,8,0,9,5,6,5
44432,1,7,6,0,0,8,0,9,5,6,0
44433,8,2,7,5,9,7,8,3,2,9,8
44434,8,2,5,5,9,9,8,4,6,9,8
44435,2,3,4,6,8,2,6,8,9,5,6
44436,1,7,6,2,0,8,0,9,5,6,5
44437,2,3,4,6,8,2,6,3,9,5,6
44438,0,4,3,0,2,0,4,1,4,8,0
44439,2,9,4,7,8,2,6,3,2,5,6
44440,7,1,0,3,4,6,1,5,7,3,4
44441,4,5,8,9,3,4,3,3,8,7,3
44442,3,0,1,4,5,3,2,5,1,1,1
44443,8,2,5,5,9,9,8,4,6,9,8
44444,5,8,8,1,6,4,7,0,8,4,7
44445,3,0,1,4,5,3,2,3,1,1,1
44446,1,7,6,2,0,8,0,9,5,6,5
44447,8,2,7,5,9,7,8,3,2,9,8
44448,3,6,1,8,5,3,2,6,0,1,1
44449,3,0,1,4,5,3,2,3,1,1,1
44450,0,4,7,0,2,7,4,9,6,8,0
44451,3,6,1,8,5,3,2,6,0,1,1
44452,4,5,8,9,3,4,3,0,8,7,3
44453,1,7,6,2,0,8,0,9,5,6,5
44454,1,7,6,2,0,8,0,9,5,6,5
44455,6,5,2,7,1,5,9,2,3,2,9
44456,6,5,2,7,1,5,9,2,3,2,9
44457,7,1,0,3,4,6,1,5,7,3,4
44458,2,3,4,6,8,2,6,8,9,5,6
44459,0,4,3,0,2,0,4,1,4,8,0
44460,1,7,6,2,0,8,0,9,5,6,5
44461,7,1,0,3,4,6,1,5,7,3,4
44462,7,1,0,3,4,6,1,5,7,3,4
44463,4,5,8,9,3,4,3,0,8,7,3
44464,5,8,3,1,6,0,7,1,4,4,7
44465,0,4,5,0,2,9,4,4,6,8,2
44466,5,8,3,1,6,0,7,1,4,4,7
44467,7,3,4,6,4,2,6,8,9,3,6
44468,7,1,0,3,4,6,1,5,7,3,4
44469,5,8,3,1,6,0,7,1,4,4,0
44470,8,2,5,5,9,9,8,4,6,9,2
44471,3,6,1,8,5,3,2,6,0,1,1
44472,5,8,3,1,6,0,7,1,4,4,7
44473,9,9,9,2,7,1,5,7,2,0,5
44474,3,6,1,8,5,3,2,6,0,1,1
44475,6,5,2,7,1,5,9,2,3,2,9
44476,2,3,4,6,8,2,6,8,9,5,6
44477,7,1,0,3,4,6,1,5,7,3,4
44478,2,3,4,6,8,2,6,3,9,5,6
44479,5,8,3,1,6,0,7,1,4,4,7
44480,4,1,0,9,3,6,3,5,7,7,3
44481,2,0,4,4,8,2,6,3,1,5,6
44482,1,7,6,2,0,8,0,9,5,6,5
44483,4,5,8,9,3,4,3,0,8,7,7
44484,2,3,4,7,8,2,6,3,3,5,6
44485,8,2,5,5,9,9,8,4,6,9,2
44486,0,8,3,1,2,0,4,1,4,8,0
44487,2,3,4,6,8,2,6,8,9,5,6
44488,7,1,0,3,4,6,1,5,7,3,4
44489,0,4,7,0,2,7,4,4,6,8,0
44490,2,3,4,6,8,2,6,8,9,5,6
44491,3,6,1,8,5,3,2,6,0,1,1
44492,1,5,6,2,0,8,0,9,5,6,5
44493,1,7,6,2,0,8,0,9,5,6,5
44494,5,8,3,1,6,0,7,1,4,4,0
44495,6,5,2,7,1,5,9,2,3,2,9
44496,5,8,3,1,6,0,7,1,4,4,7
44497,7,1,0,3,4,6,1,5,7,3,4
44498,4,5,8,9,3,4,3,0,8,7,3
44499,5,8,3,1,6,0,7,1,4,4,7
44500,0,4,5,0,2,9,4,4,6,8,0
44501,7,1,0,3,4,6,1,5,7,3,4
44502,7,1,0,3,4,6,1,5,7,3,4
44503,4,5,8,9,3,4,3,0,8,7,3
44504,7,1,0,3,4,6,1,5,7,3,4
44505,8,2,5,5,9,9,8,4,6,9,8
44506,7,1,0,3,4,6,1,5,7,3,4
44507,2,3,4,6,8,2,6,8,9,5,6
44508,5,8,3,1,6,0,7,1,4,4,7
44509,5,8,3,1,6,0,7,1,4,4,7
44510,1,7,6,3,0,8,0,9,5,6,4
44511,9,9,9,2,7,1,5,7,2,0,5
44512,0,4,5,0,2,9,4,1,4,8,2
44513,3,6,1,8,5,3,2,6,0,1,1
44514,7,1,0,3,4,6,1,5,7,3,4
44515,5,8,3,1,6,0,7,1,4,4,7
44516,0,8,3,0,2,0,4,1,4,8,2
44517,4,5,8,9,3,4,3,0,8,7,3
44518,7,6,0,8,4,6,1,5,0,3,4
44519,7,1,0,3,4,6,1,5,7,3,4
44520,6,5,2,7,1,5,9,2,3,2,9
44521,5,8,3,1,6,0,7,1,4,4,7
44522,7,1,0,3,4,6,1,5,7,3,4
44523,0,4,3,0,2,0,4,1,4,8,0
44524,1,7,6,2,0,8,0,9,5,6,5
44525,6,5,2,7,1,5,9,3,3,2,9
44526,0,4,5,0,2,9,4,4,6,8,2
44527,2,3,4,6,8,2,6,8,9,5,6
44528,5,8,3,1,6,0,7,1,4,4,7
44529,9,9,9,2,7,1,5,7,2,0,5
44530,0,4,7,0,2,7,4,1,4,8,0
44531,2,0,4,4,8,2,6,3,1,5,6
44532,2,3,4,6,8,2,6,8,9,5,6
44533,4,5,8,9,3,4,3,0,8,7,3
44534,7,1,0,3,4,6,1,5,7,3,4
44535,5,8,3,1,6,0,7,1,4,4,7
44536,5,8,3,1,6,0,7,1,4,4,7
44537,0,4,3,0,2,0,4,1,4,8,0
44538,0,4,5,0,2,9,4,4,6,8,2
44539,8,2,5,5,9,9,8,4,6,9,2
44540,7,1,0,3,4,6,1,5,7,3,4
44541,6,5,2,7,1,5,9,2,3,2,9
44542,1,7,6,2,0,8,0,9,5,6,5
44543,7,1,0,3,4,6,1,5,7,3,4
44544,5,8,3,1,6,0,7,1,4,4,7
44545,7,1,0,3,4,6,1,5,7,3,4
44546,7,1,0,3,4,6,1,5,7,3,4
44547,0,4,3,0,2,0,4,1,4,8,0
44548,1,7,6,2,0,8,0,9,5,6,5
44549,6,5,2,7,1,5,9,2,3,2,9
44550,5,8,3,1,6,0,7,1,4,4,0
44551,3,6,1,8,5,3,2,6,0,1,1
44552,8,2,9,5,9,1,8,4,2,9,8
44553,5,8,3,1,6,0,7,1,4,4,7
44554,0,8,3,0,2,0,4,1,4,8,0
44555,7,1,0,3,4,6,1,5,7,3,4
44556,1,7,6,2,0,8,0,9,5,6,5
44557,7,1,0,3,4,6,1,5,7,3,4
44558,4,1,8,9,3,4,3,0,8,7,3
44559,0,4,3,0,2,0,4,1,4,8,0
44560,3,6,1,8,5,3,2,6,0,1,1
44561,9,9,9,2,7,1,5,7,2,0,5
44562,5,8,3,1,6,0,7,1,4,4,7
44563,2,3,4,6,8,2,6,8,9,5,6
44564,2,3,4,6,8,2,6,8,9,5,6
44565,6,5,2,7,1,5,9,2,3,2,9
44566,8,2,5,5,9,9,8,4,6,9,2
44567,7,1,0,3,4,6,1,5,7,3,4
44568,7,1,0,3,4,6,1,5,7,3,4
44569,1,7,6,2,0,8,0,9,5,6,5
44570,1,7,6,2,0,8,0,9,5,6,5
44571,4,5,8,9,3,4,3,0,8,7,3
44572,0,4,5,0,2,9,4,1,4,8,2
44573,0,4,5,0,2,9,4,4,6,8,2
44574,8,2,5,2,9,9,8,4,6,9,5
44575,7,1,0,3,4,6,1,5,7,3,4
44576,2,3,4,2,8,2,6,8,9,5,5
44577,8,4,5,0,2,9,8,4,6,8,2
44578,3,6,1,8,5,3,2,6,0,1,1
44579,7,3,4,6,4,2,6,8,9,3,6
44580,7,1,0,3,4,6,1,5,7,3,4
44581,0,4,3,0,2,0,4,1,4,8,0
44582,1,7,6,2,0,8,0,9,5,6,5
44583,3,6,1,8,5,3,2,6,0,1,1
44584,0,8,3,1,6,0,4,1,4,4,0
44585,6,5,2,7,1,5,9,2,3,2,9
44586,0,8,3,1,6,0,7,1,4,4,0
44587,0,8,3,0,2,0,4,1,4,8,0
44588,5,8,3,1,6,0,7,1,4,4,2
44589,3,0,1,4,5,3,2,6,1,1,1
44590,5,8,3,1,6,0,7,1,4,4,7
44591,6,5,2,7,1,5,9,2,3,2,9
44592,0,4,7,0,2,7,4,4,6,8,0
44593,5,8,3,1,6,0,7,1,4,4,7
44594,0,4,3,0,2,0,4,1,4,8,0
44595,0,4,5,0,2,9,4,4,6,8,2
44596,5,8,3,1,6,0,7,1,4,4,0
44597,2,3,4,6,8,2,6,8,9,5,6
44598,3,6,1,8,5,3,2,6,0,1,1
44599,4,0,8,4,3,4,3,3,1,7,3
44600,0,8,3,1,2,0,4,1,4,8,0
44601,0,4,5,0,2,9,4,1,4,8,2
44602,4,5,8,9,3,4,3,0,8,7,3
44603,4,0,1,4,5,3,3,6,1,1,3
44604,7,3,0,3,4,6,1,8,9,3,4
44605,4,5,8,9,3,4,3,0,8,7,3
44606,3,0,1,4,5,3,2,6,1,1,1
44607,0,4,7,0,2,7,4,1,4,8,0
44608,1,7,6,2,0,8,0,3,5,6,5
44609,7,1,0,3,4,6,1,5,7,3,4
44610,0,4,5,0,2,9,4,4,6,8,2
44611,6,5,2,7,1,5,9,2,3,2,9
44612,7,1,0,3,4,6,1,5,7,3,4
44613,0,4,7,0,2,7,4,4,6,8,0
44614,3,6,1,8,5,3,2,6,0,1,1
44615,2,3,4,6,8,2,6,8,9,5,6
44616,7,1,0,3,4,6,1,5,7,3,4
44617,4,5,8,9,3,4,3,0,8,7,3
44618,0,4,7,0,2,7,4,4,6,8,0
44619,3,6,1,8,5,3,2,6,0,1,1
44620,4,5,8,9,3,4,3,1,8,7,3
44621,2,0,4,4,8,2,6,3,1,5,8
44622,9,9,9,2,7,1,5,7,2,0,5
44623,8,2,5,5,9,9,8,4,6,9,2
44624,2,7,4,2,8,2,6,3,5,5,5
44625,4,0,4,4,8,2,3,3,1,5,3
44626,8,2,5,5,9,9,8,4,6,9,8
44627,1,7,6,2,0,8,0,9,5,6,5
44628,1,7,6,2,0,8,0,9,5,6,5
44629,3,0,1,4,5,3,2,3,1,1,1
44630,7,1,0,3,4,6,1,5,7,3,4
44631,2,3,4,6,8,2,6,8,9,5,6
44632,5,8,3,1,6,0,7,1,4,4,7
44633,1,7,6,2,0,8,0,9,5,6,5
44634,7,1,0,3,4,6,1,5,7,3,4
44635,5,5,8,9,3,4,7,0,8,7,7
44636,0,4,7,0,2,7,4,3,4,8,0
44637,5,8,3,1,6,0,7,1,4,4,7
44638,2,3,4,6,8,2,6,8,9,5,6
44639,6,5,2,7,1,5,9,2,3,2,9
44640,8,2,5,5,9,9,8,4,6,9,8
44641,0,8,3,0,2,0,4,1,4,8,0
44642,2,3,4,6,8,2,6,8,9,5,6
44643,8,4,5,0,2,9,4,4,6,8,2
44644,5,5,3,1,6,0,7,0,8,4,7
44645,0,4,7,0,2,7,4,4,6,8,0
44646,5,8,3,1,6,0,7,1,4,4,7
44647,2,0,4,6,8,2,6,3,9,5,6
44648,1,7,6,2,0,8,0,9,5,6,5
44649,4,5,8,9,3,4,3,0,8,7,3
44650,9,9,9,2,7,1,5,7,2,0,5
44651,2,3,4,6,8,2,6,8,9,5,6
44652,8,2,7,5,9,7,8,4,6,9,8
44653,6,5,2,7,1,5,9,2,3,2,9
44654,2,3,4,6,8,2,6,8,9,5,6
44655,4,5,8,9,3,4,3,0,8,7,3
44656,3,6,1,8,5,3,2,6,0,1,1
44657,6,5,2,7,1,5,9,2,3,2,9
44658,0,4,5,0,2,9,4,4,6,8,0
44659,2,3,4,6,8,2,6,8,9,5,6
44660,3,6,1,8,5,3,2,6,0,1,1
44661,9,9,9,2,7,1,5,7,2,0,5
44662,7,1,0,3,4,6,1,5,7,3,4
44663,0,4,5,0,2,9,4,1,4,8,2
44664,2,3,4,6,8,2,6,3,9,5,6
44665,7,1,0,3,4,6,1,5,7,3,4
44666,4,5,8,9,3,4,3,0,8,7,3
44667,2,3,4,6,8,2,6,5,9,5,6
44668,0,4,3,0,2,0,4,1,4,8,0
44669,0,4,5,0,2,9,4,1,4,8,2
44670,8,4,7,5,9,7,8,4,6,9,2
44671,7,1,0,3,4,6,1,5,7,3,4
44672,6,5,2,7,1,5,9,2,3,2,9
44673,2,2,7,5,8,7,6,3,6,5,8
44674,7,6,0,8,4,6,1,5,0,3,4
44675,3,0,1,4,5,3,2,6,1,1,1
44676,7,1,0,3,4,6,1,5,7,3,4
44677,1,7,6,2,0,8,0,9,5,6,5
44678,5,8,3,1,6,0,7,1,4,4,7
44679,9,9,9,2,7,1,5,7,2,0,5
44680,1,7,6,2,0,8,0,9,5,6,5
44681,7,1,0,3,4,6,1,5,7,3,4
44682,1,7,6,2,0,8,0,9,5,6,5
44683,7,1,0,3,4,6,1,8,7,3,4
44684,2,3,9,6,7,1,5,8,9,0,5
44685,5,8,7,1,6,7,7,1,4,4,0
44686,7,1,0,3,4,6,1,5,7,3,4
44687,0,4,7,0,2,7,4,4,6,8,0
44688,5,8,3,1,6,0,7,1,4,4,7
44689,8,2,7,5,9,7,8,4,6,9,8
44690,4,5,8,9,3,4,3,0,8,7,3
44691,2,3,4,6,8,2,6,8,9,5,6
44692,3,6,1,8,5,3,2,6,0,1,1
44693,9,9,9,2,7,1,5,7,2,0,5
44694,0,4,3,0,2,0,4,1,4,8,0
44695,2,3,4,6,8,2,6,8,9,5,6
44696,3,6,1,8,5,3,2,6,0,1,1
44697,4,5,8,9,3,4,3,0,8,7,3
44698,1,7,6,2,0,8,0,9,5,6,5
44699,2,3,4,6,8,2,6,8,9,5,6
44700,3,0,1,4,5,3,2,6,1,1,1
44701,0,4,7,0,2,7,4,4,6,8,0
44702,2,3,6,2,8,8,6,9,5,5,5
44703,7,1,0,3,4,6,1,5,7,3,4
44704,3,6,1,8,5,3,2,6,0,1,1
44705,1,7,6,2,0,8,0,9,5,6,5
44706,5,8,0,1,4,6,1,5,7,3,4
44707,6,5,2,7,1,5,9,2,3,2,9
44708,8,2,5,5,9,9,8,4,6,9,8
44709,7,1,0,3,4,6,1,5,7,3,4
44710,6,5,2,7,1,5,9,2,3,2,9
44711,5,8,3,1,6,0,7,1,4,4,0
44712,5,8,3,1,6,0,7,1,4,4,7
44713,7,1,0,3,4,6,1,5,7,3,4
44714,7,1,0,3,4,6,1,5,7,3,4
44715,4,5,8,9,3,4,3,0,8,7,3
44716,7,1,0,3,4,6,1,5,7,3,4
44717,5,8,3,1,6,0,7,1,4,4,7
44718,7,1,0,3,4,6,1,5,7,3,4
44719,0,4,7,0,2,7,4,8,9,8,0
44720,3,0,1,4,5,3,2,6,1,1,1
44721,5,8,3,1,6,0,7,1,4,4,7
44722,4,5,8,9,3,4,3,0,8,7,3
44723,3,6,1,8,5,3,2,6,0,1,1
44724,1,7,6,2,0,8,0,9,5,6,5
44725,1,7,6,2,0,8,0,9,5,6,5
44726,9,9,6,2,7,8,0,9,5,0,5
44727,6,5,2,7,1,5,9,2,3,2,9
44728,4,5,8,9,3,4,3,3,8,7,3
44729,7,1,0,3,4,6,1,5,7,3,4
44730,2,0,4,4,8,2,6,3,1,5,6
44731,5,8,3,1,6,0,7,1,4,4,7
44732,5,8,8,1,6,4,7,0,8,4,7
44733,7,1,0,3,4,6,1,5,7,3,4
44734,0,4,3,0,2,0,4,1,4,8,2
44735,4,5,8,9,3,4,3,0,8,7,7
44736,7,1,0,3,4,6,1,5,7,3,4
44737,5,8,3,1,6,0,7,1,4,4,7
44738,7,1,0,3,4,6,1,5,7,3,4
44739,8,3,7,6,9,7,8,8,9,9,8
44740,6,5,2,7,1,5,9,2,3,2,9
44741,5,8,3,1,6,0,7,1,4,4,0
44742,4,5,8,9,3,4,3,0,8,7,3
44743,3,6,1,8,5,3,2,6,0,1,1
44744,3,6,1,8,5,3,2,6,0,1,1
44745,1,7,6,2,0,8,0,9,5,6,5
44746,5,8,3,1,6,0,7,1,4,4,7
44747,6,5,2,7,1,5,9,2,3,2,9
44748,7,1,0,3,4,6,1,5,7,3,4
44749,7,1,0,3,4,6,1,5,7,3,4
44750,3,6,1,8,5,3,2,6,0,1,1
44751,5,8,3,1,6,0,7,1,4,4,7
44752,2,3,4,6,8,2,6,8,9,5,6
44753,7,1,0,3,4,6,1,5,7,3,4
44754,4,5,8,9,3,4,3,3,8,7,3
44755,4,5,8,9,3,4,3,0,8,7,3
44756,5,8,3,1,6,0,7,1,4,4,7
44757,5,8,3,1,6,0,7,1,4,4,7
44758,5,5,2,7,6,5,7,3,3,4,7
44759,9,9,9,2,7,1,5,7,2,0,5
44760,7,1,0,3,4,6,1,5,7,3,4
44761,0,4,7,0,2,7,4,1,4,8,0
44762,5,8,3,1,6,0,7,1,4,4,0
44763,0,4,7,0,2,7,4,1,4,8,0
44764,7,1,0,3,4,6,1,5,7,3,4
44765,0,4,7,0,2,7,4,1,6,8,0
44766,2,3,4,6,8,2,6,8,9,5,6
44767,0,4,5,0,2,9,4,4,6,8,2
44768,3,0,1,4,5,3,2,3,1,1,3
44769,0,4,3,0,2,0,4,1,4,8,0
44770,1,7,6,2,0,8,0,9,5,6,5
44771,0,4,3,0,2,0,4,1,4,8,0
44772,0,4,5,0,2,9,4,1,4,8,2
44773,2,3,4,6,8,2,6,8,9,5,6
44774,0,4,5,0,2,9,4,1,4,8,2
44775,9,3,9,6,7,1,5,7,2,0,5
44776,5,8,3,1,6,0,7,1,4,4,7
44777,3,0,1,4,5,3,2,6,1,1,1
44778,8,4,7,5,9,7,8,4,6,9,0
44779,7,1,0,3,4,6,1,5,7,3,4
44780,5,8,3,1,6,0,7,1,4,4,7
44781,7,1,0,3,4,6,1,5,7,3,4
44782,7,1,0,3,4,6,1,5,7,3,4
44783,7,1,0,3,4,6,1,5,7,3,4
44784,6,5,2,7,1,5,9,2,3,2,9
44785,1,7,6,2,0,8,0,9,5,6,5
44786,1,7,6,2,0,8,0,9,5,6,5
44787,0,4,3,0,2,0,4,1,4,8,0
44788,2,0,4,4,8,2,6,3,1,5,6
44789,8,2,7,5,9,7,8,8,9,9,8
44790,4,5,8,9,3,4,3,0,8,7,3
44791,5,8,3,1,6,0,7,1,4,4,0
44792,1,7,6,2,0,8,0,9,5,6,5
44793,7,1,0,3,4,6,1,5,7,3,4
44794,6,9,2,7,1,5,9,2,3,2,9
44795,0,8,3,1,6,0,4,1,4,4,2
44796,3,0,1,4,5,3,2,3,1,1,1
44797,2,3,4,6,8,2,6,8,9,5,6
44798,0,4,7,0,2,7,4,1,4,8,0
44799,7,1,0,3,4,6,1,5,7,3,4
44800,1,7,6,2,0,8,0,9,5,6,5
44801,4,5,8,9,3,4,3,0,8,7,3
44802,2,3,4,6,8,2,6,8,9,5,6
44803,0,4,3,0,2,0,4,1,4,8,2
44804,2,3,4,6,8,2,6,3,9,5,6
44805,5,8,3,1,6,0,7,1,4,4,2
44806,1,7,6,2,0,8,0,9,5,6,5
44807,5,8,3,1,6,0,7,1,4,4,7
44808,4,5,8,9,3,4,3,3,8,7,3
44809,4,5,8,9,3,4,3,0,8,7,3
44810,0,4,4,0,2,2,4,8,9,8,6
44811,2,3,4,6,8,2,6,3,9,5,6
44812,7,1,0,2,4,6,1,9,5,3,5
44813,1,7,6,2,0,8,0,9,5,6,5
44814,4,5,8,9,3,4,3,0,8,7,3
44815,7,1,0,3,4,6,1,5,7,3,4
44816,2,3,4,6,8,2,6,3,9,5,6
44817,4,5,8,9,3,4,3,0,8,7,3
44818,0,4,5,0,2,9,4,1,4,8,2
44819,7,1,0,3,4,6,1,5,7,3,4
44820,2,3,4,6,8,2,6,3,9,5,6
44821,7,1,0,3,4,6,1,5,7,3,4
44822,1,7,6,2,0,8,0,9,5,6,5
44823,6,5,2,7,1,5,9,2,3,2,9
44824,0,4,7,0,2,7,4,4,6,8,0
44825,0,4,3,0,2,0,4,1,4,8,0
44826,3,6,1,8,5,3,2,6,0,1,1
44827,7,1,0,3,4,6,1,5,7,3,4
44828,6,5,2,7,1,5,9,2,3,2,9
44829,1,7,6,2,0,8,0,9,5,6,5
44830,4,5,8,9,3,4,3,0,8,7,3
44831,5,8,3,1,6,0,7,1,4,4,7
44832,0,4,3,0,2,0,4,1,4,8,2
44833,2,3,7,6,8,7,6,8,9,5,0
44834,7,1,0,3,4,6,1,5,7,3,4
44835,5,8,3,1,6,0,7,1,4,4,7
44836,0,4,5,0,2,9,4,1,4,8,2
44837,0,4,3,0,2,0,4,1,4,8,0
44838,3,6,1,8,5,3,2,6,0,1,1
44839,8,2,4,5,9,2,8,4,6,9,8
44840,0,4,3,0,2,0,4,1,4,8,2
44841,6,5,2,7,1,5,9,2,3,2,9
44842,5,8,3,1,6,0,7,1,4,4,7
44843,4,5,8,9,3,4,3,0,8,7,3
44844,4,0,8,9,3,4,3,0,8,7,3
44845,7,1,0,3,4,6,1,5,7,3,4
44846,3,6,1,8,5,3,2,6,0,1,1
44847,6,5,2,7,1,5,9,2,3,2,9
44848,5,8,3,1,6,0,7,1,4,4,7
44849,0,4,5,0,2,9,4,1,4,8,2
44850,5,8,3,1,6,0,7,1,4,4,7
44851,8,2,7,5,9,7,8,4,6,9,8
44852,7,1,0,3,4,6,1,5,7,3,4
44853,5,6,1,8,6,3,7,6,0,4,7
44854,0,4,6,2,2,8,4,9,5,8,0
44855,0,4,7,0,2,7,4,1,4,8,0
44856,1,7,6,2,0,8,0,9,5,6,5
44857,9,9,9,2,7,1,5,7,2,0,5
44858,7,1,0,3,4,6,1,5,7,3,4
44859,3,0,1,4,5,3,2,6,1,1,1
44860,8,2,7,5,9,7,8,4,6,9,8
44861,2,3,4,6,8,2,6,8,9,5,6
44862,7,1,0,3,4,6,1,5,7,3,4
44863,8,4,7,0,9,7,8,4,6,9,0
44864,1,7,6,2,0,8,0,9,5,6,5
44865,3,6,1,8,5,3,2,6,0,1,1
44866,7,8,3,1,4,0,1,8,4,3,4
44867,2,0,4,4,8,2,6,3,1,5,6
44868,8,2,5,5,9,9,8,4,6,9,8
44869,7,1,0,3,4,6,1,5,7,3,4
44870,4,5,8,9,3,4,3,0,8,7,3
44871,3,6,1,8,5,3,2,6,0,1,1
44872,3,6,1,8,5,3,2,6,0,1,1
44873,7,1,0,3,4,6,1,5,7,3,4
44874,7,1,0,3,4,6,1,5,7,3,4
44875,0,4,7,0,2,7,4,4,6,8,0
44876,1,7,6,2,0,8,0,9,5,6,5
44877,5,4,7,5,9,7,7,4,6,9,7
44878,7,1,0,3,4,6,1,1,7,3,0
44879,4,5,8,9,3,4,3,0,8,7,3
44880,2,3,4,6,8,2,6,8,9,5,6
44881,2,3,4,6,8,2,6,3,9,5,6
44882,5,8,1,1,6,3,7,6,0,4,7
44883,2,0,4,4,8,2,6,3,1,5,6
44884,0,4,3,0,2,0,4,1,4,8,0
44885,8,2,7,5,9,7,8,4,6,9,0
44886,1,7,6,2,0,8,0,9,5,6,5
44887,9,9,9,2,7,1,5,7,2,0,5
44888,7,1,0,3,4,6,1,5,7,3,4
44889,0,8,3,0,2,0,4,1,4,8,0
44890,0,4,3,0,2,0,4,1,4,8,0
44891,9,9,9,2,7,1,5,7,2,0,5
44892,0,4,3,0,2,0,4,1,4,8,0
44893,2,0,4,4,8,2,6,3,1,5,6
44894,0,4,3,0,2,0,4,1,4,8,0
44895,0,4,7,0,2,7,4,4,6,8,0
44896,0,4,5,0,2,9,4,1,4,8,2
44897,3,6,1,8,5,3,2,6,0,1,1
44898,5,8,3,1,6,0,7,1,4,4,7
44899,1,7,6,2,0,8,0,9,5,6,5
44900,3,6,1,8,5,3,2,6,0,1,1
44901,5,5,8,9,6,4,7,0,8,4,7
44902,6,5,2,7,1,5,9,2,3,2,9
44903,6,3,2,7,1,5,9,2,3,2,9
44904,0,4,7,0,2,7,4,1,4,8,0
44905,0,4,7,0,2,7,4,1,4,8,0
44906,1,7,6,2,0,8,0,9,5,6,5
44907,4,5,7,9,3,7,3,3,8,7,3
44908,0,4,5,0,2,9,4,4,6,8,2
44909,4,5,8,9,3,4,3,0,8,7,3
44910,2,7,4,2,8,2,6,3,5,5,5
44911,0,4,5,0,2,9,4,1,4,8,2
44912,9,9,9,5,7,1,5,7,2,0,8
44913,2,3,4,6,8,2,6,8,9,5,6
44914,8,2,5,5,9,9,8,4,6,9,2
44915,1,7,6,0,0,8,0,9,5,6,0
44916,2,1,4,3,8,2,6,5,9,5,6
44917,3,6,1,8,5,3,2,6,0,1,1
44918,2,3,4,6,8,2,6,8,9,5,6
44919,9,9,9,2,7,1,5,7,2,0,5
44920,8,2,5,5,9,9,8,4,6,9,2
44921,8,2,7,5,9,7,8,4,6,9,8
44922,0,4,3,0,2,0,4,1,4,8,0
44923,2,3,4,6,8,2,6,8,9,5,6
44924,2,3,4,6,8,2,6,8,9,5,6
44925,4,5,8,9,3,4,3,0,8,7,3
44926,5,8,3,1,6,0,7,1,4,4,7
44927,0,4,5,0,2,9,4,4,6,8,2
44928,7,1,0,3,4,6,1,5,7,3,4
44929,2,3,4,6,8,2,6,8,9,5,6
44930,2,3,4,6,8,2,6,8,9,5,6
44931,0,4,3,0,2,0,4,1,4,8,0
44932,5,5,8,1,6,4,7,0,8,4,7
44933,3,6,1,8,5,3,2,6,0,1,1
44934,6,5,2,7,1,5,9,2,3,2,9
44935,9,9,9,2,7,1,5,7,2,0,5
44936,0,4,7,0,2,7,4,1,4,8,0
44937,8,2,7,5,9,7,8,4,6,9,8
44938,7,1,0,3,4,6,1,5,7,3,4
44939,2,3,4,6,8,2,6,8,9,5,6
44940,5,8,3,1,6,0,7,1,4,4,7
44941,4,5,8,9,3,4,3,0,8,7,3
44942,4,5,8,9,3,4,3,0,8,7,3
44943,8,2,5,5,9,9,8,4,6,9,2
44944,7,6,0,8,4,6,1,5,0,3,4
44945,2,3,4,6,8,2,6,8,9,5,6
44946,0,4,3,0,2,0,4,1,4,8,0
44947,8,4,7,0,2,7,4,4,6,8,0
44948,5,8,3,1,6,0,7,1,4,4,7
44949,8,4,5,0,9,9,8,4,6,9,2
44950,6,5,2,7,1,5,9,2,3,2,9
44951,3,0,1,4,5,3,2,6,1,1,1
44952,5,5,8,1,6,4,7,0,8,4,7
44953,4,5,8,9,3,4,3,0,8,7,3
44954,8,2,7,5,9,7,8,4,6,9,8
44955,3,6,1,8,5,3,2,6,0,1,1
44956,0,4,3,0,2,0,4,1,4,8,0
44957,8,2,5,5,9,9,8,4,6,9,2
44958,3,0,1,4,5,3,2,6,1,1,1
44959,6,3,2,7,1,5,9,2,3,2,9
44960,0,4,7,0,2,7,4,1,4,8,0
44961,8,2,7,5,9,7,8,4,6,9,8
44962,8,2,7,5,9,7,8,4,6,9,8
44963,4,5,8,9,3,4,3,3,8,7,3
44964,8,2,7,5,9,7,8,4,6,9,8
44965,8,4,5,0,2,9,4,4,6,8,2
44966,1,7,6,2,0,8,0,9,5,6,5
44967,9,9,9,2,7,1,5,7,2,0,5
44968,2,3,4,6,8,2,6,8,9,5,6
44969,2,3,4,6,8,2,6,8,9,5,6
44970,2,3,4,6,8,2,6,8,9,5,6
44971,8,2,5,5,9,9,8,4,6,9,2
44972,5,8,3,1,6,0,7,1,4,4,7
44973,0,4,3,0,2,0,4,1,4,8,0
44974,2,3,4,6,8,2,6,8,9,5,6
44975,8,2,5,5,9,9,8,4,6,9,8
44976,2,3,4,6,8,2,6,8,9,5,6
44977,5,8,7,1,6,7,7,4,6,4,7
44978,6,9,2,7,1,5,9,2,3,2,9
44979,3,6,1,8,5,3,2,6,0,1,1
44980,2,3,4,6,8,2,6,8,9,5,6
44981,4,5,8,9,3,4,3,0,8,7,3
44982,0,4,3,0,2,0,4,1,4,8,0
44983,0,4,7,0,2,7,4,1,4,8,0
44984,5,5,8,9,3,4,7,0,8,7,7
44985,0,4,7,0,2,7,4,4,6,8,0
44986,1,7,6,2,0,8,0,9,5,6,5
44987,2,3,4,6,8,2,6,8,9,5,6
44988,9,9,9,2,7,1,5,7,2,0,5
44989,4,5,8,9,3,4,3,3,8,7,3
44990,0,4,7,0,2,7,4,1,4,8,0
44991,7,1,0,3,4,6,1,5,7,3,4
44992,0,4,3,0,2,0,4,1,4,8,0
44993,6,5,2,7,1,5,9,2,3,2,9
44994,1,7,6,2,0,8,0,9,5,6,5
44995,0,4,7,0,2,7,4,4,6,8,0
44996,1,7,6,2,0,8,0,9,5,6,5
44997,1,3,6,6,0,8,0,8,9,6,5
44998,5,5,2,1,6,5,7,0,3,4,7
44999,2,3,4,6,8,2,6,8,9,5,6
45000,7,1,0,3,4,6,1,5,7,3,4
45001,9,9,9,2,7,1,5,7,2,0,5
45002,1,7,6,2,0,8,0,9,5,6,5
45003,2,3,4,6,8,2,6,8,9,5,6
45004,0,4,5,0,2,9,4,4,6,8,2
45005,2,3,4,6,8,2,6,8,9,5,6
45006,1,7,6,2,0,8,0,9,5,6,5
45007,8,2,7,5,9,7,8,4,6,9,8
45008,7,1,0,3,4,6,1,5,7,3,4
45009,8,2,7,5,9,7,8,4,6,9,8
45010,4,5,8,9,3,4,3,0,8,7,3
45011,2,3,4,6,8,2,6,3,9,5,6
45012,4,5,8,9,3,4,3,3,8,7,3
45013,4,5,8,9,3,4,3,3,8,7,3
45014,0,4,5,0,2,9,4,1,4,8,2
45015,7,1,0,3,4,6,1,8,7,3,4
45016,1,7,6,2,0,8,0,9,5,6,5
45017,8,2,7,5,9,7,8,4,6,9,8
45018,7,1,0,3,4,6,1,5,7,3,4
45019,9,9,9,2,7,1,5,7,2,0,5
45020,0,4,5,0,2,9,4,4,6,8,2
45021,3,6,1,8,5,3,2,6,0,1,1
45022,6,5,2,7,1,5,9,2,3,2,9
45023,4,5,8,9,3,4,3,0,8,7,3
45024,7,1,0,3,4,6,1,5,7,3,4
45025,8,2,7,5,9,7,8,4,6,9,8
45026,5,8,3,1,6,0,7,1,4,4,0
45027,2,3,4,6,8,2,6,8,9,5,6
45028,6,5,2,7,1,5,9,2,3,2,9
45029,9,9,9,2,7,1,5,7,2,0,5
45030,5,5,8,9,3,4,3,0,8,7,7
45031,2,3,4,6,8,2,6,8,9,5,6
45032,1,7,6,2,0,8,0,9,5,6,5
45033,8,2,7,5,9,7,8,4,6,9,8
45034,0,4,3,0,2,0,4,1,4,8,0
45035,3,6,1,8,5,3,2,6,0,1,1
45036,2,1,4,3,8,2,6,5,9,5,3
45037,9,9,9,2,7,1,5,7,2,0,5
45038,0,4,7,0,2,7,4,3,4,8,0
45039,0,4,7,0,2,7,4,1,4,8,0
45040,8,2,5,5,9,9,8,4,6,9,8
45041,6,5,2,7,1,5,9,2,3,2,9
45042,3,6,1,8,5,3,2,6,0,1,1
45043,6,3,2,7,1,5,9,2,3,2,9
45044,5,8,3,1,6,0,7,1,4,4,0
45045,8,2,5,5,9,9,8,4,6,9,2
45046,8,2,7,5,9,7,8,4,6,9,8
45047,5,8,3,1,6,0,7,1,4,4,7
45048,5,5,2,1,6,5,7,2,3,4,7
45049,2,3,4,6,8,2,6,3,9,5,6
45050,7,1,0,3,4,6,1,8,9,3,4
45051,9,9,9,2,7,1,5,7,2,0,5
45052,2,2,4,6,8,2,6,3,9,5,6
45053,8,2,5,5,9,9,8,4,6,9,2
45054,0,4,3,0,2,0,4,1,4,8,0
45055,6,5,2,7,1,5,9,2,3,2,9
45056,7,1,0,3,4,6,1,0,7,3,4
45057,9,9,9,6,7,1,5,7,2,0,6
45058,3,6,1,8,5,3,2,6,0,1,1
45059,8,2,5,5,9,9,8,4,6,9,2
45060,0,4,5,0,2,9,4,1,4,8,2
45061,3,0,1,4,5,3,2,6,1,1,1
45062,5,8,3,1,6,0,7,1,4,4,7
45063,9,9,9,2,7,1,5,7,2,0,5
45064,0,4,3,0,2,0,4,1,4,8,0
45065,0,4,3,0,2,0,4,1,4,8,0
45066,3,6,1,8,5,3,2,6,0,1,1
45067,4,5,8,9,3,4,3,0,8,7,3
45068,5,8,3,1,6,0,7,1,4,4,7
45069,9,9,2,7,1,5,5,2,2,2,8
45070,8,2,7,5,9,7,8,4,6,9,8
45071,0,4,7,0,2,7,4,4,6,8,0
45072,8,2,7,5,9,7,8,4,6,9,8
45073,5,5,8,9,6,4,7,1,8,4,7
45074,0,4,6,0,2,8,4,9,5,8,0
45075,9,9,9,2,7,1,5,7,2,0,5
45076,9,9,9,2,7,1,5,7,2,0,5
45077,6,5,2,7,1,5,9,2,3,2,9
45078,1,7,6,2,0,8,0,9,5,6,5
45079,6,3,2,6,1,5,9,8,9,2,9
45080,4,5,8,9,3,4,3,0,8,7,3
45081,8,2,5,5,9,9,8,4,6,9,8
45082,7,1,0,3,4,6,1,8,7,3,4
45083,2,0,4,4,8,2,6,3,1,5,6
45084,5,8,3,1,6,0,7,1,4,4,7
45085,5,5,3,1,6,0,7,0,8,4,7
45086,0,4,3,0,2,0,4,1,4,8,0
45087,9,9,9,2,7,1,5,7,2,0,5
45088,7,1,0,3,4,6,1,5,7,3,4
45089,6,3,2,7,1,5,9,2,3,2,9
45090,4,5,8,9,3,4,3,0,8,7,3
45091,2,3,4,6,8,2,6,8,9,5,6
45092,1,7,6,2,0,8,0,9,5,6,5
45093,6,5,2,7,1,5,9,2,3,2,9
45094,3,0,1,4,5,3,2,6,1,1,1
45095,0,4,7,0,2,7,4,4,6,8,0
45096,6,5,2,7,1,5,9,2,3,2,9
45097,8,2,5,5,9,9,8,4,6,9,8
45098,7,1,0,3,4,6,1,5,7,3,4
45099,5,8,3,1,6,0,7,1,4,4,7
45100,8,2,7,5,9,7,8,4,2,9,8
45101,2,3,4,6,8,2,6,8,9,5,6
45102,0,4,3,0,2,0,4,1,4,8,0
45103,2,3,4,6,8,2,6,8,9,5,8
45104,4,5,8,9,3,4,3,0,8,7,3
45105,9,9,9,2,7,1,5,7,2,0,5
45106,7,1,0,3,4,6,1,5,7,3,4
45107,4,5,8,9,3,4,3,0,8,7,3
45108,7,1,0,3,4,6,1,5,7,3,4
45109,2,3,4,6,8,2,6,8,9,5,6
45110,7,1,0,3,4,6,1,5,7,3,4
45111,2,3,4,6,8,2,6,3,9,5,6
45112,3,0,1,4,5,3,2,6,1,1,1
45113,4,5,8,9,3,4,3,0,8,7,3
45114,5,8,3,1,6,0,7,1,4,4,0
45115,3,0,1,4,5,3,2,6,1,1,1
45116,9,9,9,2,7,1,5,7,2,0,5
45117,8,2,7,5,9,7,8,4,6,9,8
45118,7,1,0,8,4,6,1,5,0,3,4
45119,8,2,7,5,9,7,8,4,6,9,8
45120,0,4,3,0,2,0,4,1,4,8,0
45121,8,2,7,5,9,7,8,4,6,9,8
45122,7,1,0,3,4,6,1,5,7,3,4
45123,0,4,7,0,2,7,4,4,6,8,0
45124,0,4,3,0,2,0,4,1,4,8,0
45125,6,5,2,7,1,5,9,2,3,2,9
45126,2,3,4,6,8,2,6,3,9,5,6
45127,4,5,8,9,3,4,3,3,8,7,3
45128,3,6,1,8,5,3,2,6,0,1,1
45129,3,6,1,8,5,3,2,6,0,1,1
45130,9,9,9,7,7,1,5,2,2,0,9
45131,1,7,6,2,0,8,0,9,5,6,5
45132,2,3,4,6,8,2,6,8,9,5,6
45133,1,7,6,2,0,8,0,9,5,6,5
45134,2,3,4,6,8,2,6,8,9,5,6
45135,7,1,0,3,4,6,1,5,7,3,4
45136,6,5,2,7,1,5,9,2,3,2,9
45137,5,8,3,1,6,0,7,1,4,4,7
45138,1,7,6,2,0,8,0,3,5,6,5
45139,7,1,0,3,4,6,1,5,7,3,4
45140,1,7,6,2,0,8,0,9,5,6,5
45141,4,5,8,9,3,4,3,0,8,7,3
45142,8,2,7,5,9,7,8,4,6,9,8
45143,1,7,6,2,0,8,0,9,5,6,5
45144,5,8,3,1,6,0,7,1,4,4,7
45145,3,6,1,8,5,3,2,6,0,1,1
45146,3,6,1,8,5,3,2,6,0,1,1
45147,1,7,6,2,0,8,0,9,5,6,5
45148,5,8,3,1,6,0,7,1,4,4,7
45149,6,5,2,7,1,5,9,2,3,2,9
45150,7,1,0,3,4,6,1,5,7,3,4
45151,7,1,0,3,4,6,1,5,7,3,4
45152,3,0,1,4,5,3,2,6,1,1,1
45153,5,8,3,1,6,0,7,1,4,4,7
45154,4,5,8,9,3,4,3,0,8,7,7
45155,5,8,7,1,6,7,7,3,4,4,8
45156,7,3,4,6,4,2,6,8,9,3,5
45157,4,5,8,9,3,4,3,0,8,7,3
45158,6,5,2,2,1,5,9,2,3,2,5
45159,5,8,3,1,6,0,7,1,4,4,7
45160,7,1,0,3,4,6,1,5,7,3,4
45161,7,1,0,3,4,6,1,5,7,3,4
45162,2,0,4,4,8,2,6,3,1,5,6
45163,0,4,3,0,2,0,4,1,4,8,0
45164,7,1,0,3,4,6,1,5,7,3,4
45165,3,6,1,8,5,3,2,6,0,1,1
45166,8,2,7,5,9,7,8,4,6,9,8
45167,1,7,6,2,0,8,0,9,5,6,5
45168,5,8,3,1,6,0,7,1,4,4,7
45169,6,5,2,7,1,5,9,2,3,2,9
45170,0,4,5,0,2,9,4,4,6,8,2
45171,7,1,0,3,4,6,1,5,7,3,4
45172,5,8,3,1,6,0,7,1,4,4,7
45173,5,8,3,1,6,0,7,1,4,4,7
45174,0,4,3,0,2,7,4,1,4,8,0
45175,8,2,7,5,9,7,8,3,4,9,8
45176,0,4,7,0,2,7,4,4,6,8,0
45177,4,5,8,9,3,4,3,0,8,7,3
45178,5,8,3,1,6,0,7,1,4,4,7
45179,5,8,3,1,6,0,7,1,4,4,7
45180,8,2,7,5,9,7,8,4,6,9,0
45181,7,1,0,3,4,6,1,5,7,3,4
45182,9,9,9,2,7,1,5,7,2,0,5
45183,0,4,3,0,2,0,4,1,4,8,0
45184,0,4,7,0,2,7,4,1,4,8,0
45185,9,9,9,2,7,1,5,7,2,0,5
45186,1,7,6,2,0,8,0,9,5,6,5
45187,5,8,3,1,6,0,7,1,4,4,2
45188,0,4,3,0,2,0,4,1,4,8,2
45189,3,6,1,8,5,3,2,6,0,1,1
45190,2,0,4,4,8,2,6,8,1,5,6
45191,5,8,3,1,6,0,7,1,4,4,7
45192,8,2,5,5,9,9,8,4,6,9,8
45193,3,6,1,8,5,3,2,6,0,1,1
45194,7,1,0,3,4,6,1,5,7,3,4
45195,7,1,0,3,4,6,1,5,7,3,4
45196,7,1,0,3,4,6,1,5,7,3,4
45197,1,7,6,2,0,8,0,9,5,6,5
45198,5,8,3,1,6,0,7,1,4,4,7
45199,5,1,0,1,6,6,7,5,7,4,7
45200,8,2,5,5,9,9,8,4,6,9,2
45201,5,8,3,1,6,0,7,1,4,4,7
45202,2,3,4,6,8,2,6,8,9,5,6
45203,6,5,2,7,1,5,9,2,3,2,9
45204,1,7,6,2,0,8,0,9,5,6,5
45205,1,7,6,2,0,8,0,9,5,6,5
45206,1,7,6,2,0,8,0,9,5,6,5
45207,7,1,0,3,4,6,1,5,7,3,4
45208,2,3,4,6,8,2,6,8,9,5,6
45209,4,5,8,9,3,4,3,0,8,7,3
45210,5,8,3,1,6,0,7,1,4,4,7
45211,7,1,0,3,4,6,1,5,7,3,4
45212,5,8,3,1,6,0,7,1,4,4,7
45213,5,8,3,1,6,0,7,1,4,4,7
45214,5,8,3,1,6,0,7,1,4,4,7
45215,5,8,3,1,6,0,7,1,4,4,7
45216,6,5,2,7,1,5,9,2,3,2,9
45217,7,1,0,3,4,6,1,5,7,3,4
45218,3,6,1,8,5,3,2,6,0,1,1
45219,5,8,3,1,6,0,7,1,4,4,0
45220,1,7,6,2,0,8,0,9,5,6,5
45221,1,7,6,2,0,8,0,9,5,6,5
45222,9,2,7,5,7,7,5,3,2,0,8
45223,7,1,0,3,4,6,1,5,7,3,4
45224,4,5,8,9,3,4,3,0,8,7,3
45225,4,5,8,9,3,4,3,0,8,7,3
45226,7,1,0,3,4,6,1,5,7,3,4
45227,5,8,3,1,6,0,7,1,4,4,7
45228,5,5,8,9,3,4,3,0,8,7,7
45229,1,7,6,2,0,8,0,9,5,6,5
45230,4,0,1,4,5,3,3,3,1,1,3
45231,0,8,3,1,6,0,7,1,4,4,0
45232,0,4,7,0,2,7,4,4,6,8,0
45233,0,4,7,0,2,0,4,3,4,8,8
45234,0,4,3,0,2,0,4,1,4,8,0
45235,3,6,1,8,5,3,2,6,0,1,1
45236,0,4,3,0,2,0,4,1,4,8,0
45237,1,7,6,2,0,8,0,9,5,6,5
45238,5,8,3,1,6,0,7,1,4,4,7
45239,7,1,0,3,4,6,1,5,7,3,4
45240,1,7,6,2,0,8,0,9,5,6,5
45241,4,5,8,9,3,4,3,0,8,7,3
45242,5,8,3,1,6,0,7,1,4,4,0
45243,5,8,3,1,6,0,7,1,4,4,7
45244,5,8,3,1,6,0,7,1,4,4,7
45245,7,1,0,3,4,6,1,5,7,3,4
45246,7,1,0,3,4,6,1,5,7,3,4
45247,5,8,3,1,6,0,7,1,4,4,0
45248,4,5,8,9,3,4,3,0,8,7,3
45249,7,1,0,3,4,6,1,5,7,3,4
45250,1,7,6,2,0,8,0,9,5,6,5
45251,6,5,2,7,1,5,9,2,3,2,9
45252,0,4,7,0,2,7,4,4,6,8,0
45253,1,7,6,2,0,8,0,9,5,6,5
45254,1,7,6,2,0,8,0,9,5,6,5
45255,3,6,1,8,5,3,2,6,0,1,1
45256,5,8,3,1,6,0,7,1,4,4,7
45257,0,4,5,0,2,9,4,1,4,8,2
45258,9,9,9,2,7,1,5,7,2,0,5
45259,6,5,2,7,1,5,9,2,3,2,9
45260,7,1,0,3,4,6,1,5,7,3,4
45261,2,3,4,6,8,2,6,1,9,5,6
45262,4,5,8,9,3,4,3,0,8,7,3
45263,8,2,7,5,9,7,8,3,6,9,8
45264,7,1,0,3,4,6,1,5,7,3,4
45265,4,5,8,9,3,4,3,0,8,7,3
45266,2,0,4,4,8,2,6,5,1,5,6
45267,4,5,8,9,3,4,3,0,8,7,3
45268,6,5,2,7,1,5,9,2,3,2,9
45269,4,5,8,9,3,4,3,0,8,7,3
45270,2,3,4,6,8,2,6,8,9,5,6
45271,7,1,0,3,4,6,1,5,7,3,4
45272,7,1,0,3,4,6,1,5,7,3,4
45273,7,1,0,3,4,6,1,5,7,3,4
45274,6,6,2,8,1,5,9,2,0,2,9
45275,7,1,0,3,4,6,1,5,7,3,4
45276,3,0,1,4,5,3,2,6,1,1,1
45277,1,7,6,2,0,8,0,9,5,6,5
45278,0,4,7,0,2,7,4,1,4,8,0
45279,0,4,5,0,2,9,4,1,4,8,2
45280,8,2,7,5,9,7,8,4,6,9,8
45281,6,5,2,7,1,5,9,2,3,2,9
45282,4,5,8,9,3,4,3,0,8,7,3
45283,6,5,2,7,1,5,9,2,3,2,9
45284,1,7,6,2,0,8,0,9,5,6,5
45285,0,4,5,0,2,9,4,4,6,8,2
45286,2,3,4,6,8,2,6,8,9,5,6
45287,6,5,2,7,1,5,9,2,3,2,9
45288,3,0,1,4,5,3,2,6,1,1,1
45289,7,1,0,3,4,6,1,5,7,3,4
45290,1,7,6,2,0,8,0,9,5,6,5
45291,4,5,8,9,3,4,3,0,8,7,3
45292,7,1,0,3,4,6,1,5,7,3,4
45293,7,1,0,3,4,6,1,5,7,3,4
45294,4,5,8,9,3,4,3,0,8,7,3
45295,7,8,3,3,4,6,1,5,7,3,4
45296,5,8,3,1,6,0,7,1,4,4,0
45297,1,7,6,2,0,8,0,9,5,6,5
45298,7,1,0,3,4,6,1,5,7,3,4
45299,0,4,3,0,2,0,4,1,4,8,0
45300,5,8,8,1,6,4,7,0,8,4,7
45301,5,8,3,1,6,0,7,1,4,4,0
45302,1,7,6,2,0,8,0,9,5,6,5
45303,3,6,1,8,5,3,2,6,0,1,1
45304,5,8,3,1,6,0,7,1,4,4,7
45305,2,2,4,6,8,2,6,3,4,5,6
45306,7,1,0,3,4,6,1,5,7,3,4
45307,3,6,1,8,5,3,2,6,0,1,1
45308,0,4,7,0,2,7,4,4,6,8,0
45309,4,5,8,9,3,4,3,0,8,7,3
45310,8,2,5,5,9,9,8,4,6,9,8
45311,7,1,0,3,4,6,1,5,7,3,4
45312,7,1,0,3,4,6,1,5,7,3,4
45313,7,1,0,3,4,6,1,5,7,3,4
45314,0,4,3,0,2,0,4,1,4,8,2
45315,3,6,1,8,5,3,2,6,0,1,1
45316,0,4,7,0,2,7,4,4,6,8,0
45317,7,1,0,3,4,6,1,5,7,3,4
45318,5,8,3,1,6,0,7,1,4,4,7
45319,6,5,2,7,1,5,9,2,3,2,5
45320,1,7,6,2,0,8,0,9,5,6,5
45321,7,1,0,3,4,6,1,5,7,3,4
45322,0,4,3,0,2,0,4,1,4,8,0
45323,5,8,3,1,6,0,7,1,4,4,0
45324,4,5,8,9,3,4,3,0,8,7,3
45325,0,4,7,0,2,7,4,1,4,8,0
45326,2,2,4,6,8,2,6,3,2,5,8
45327,7,1,0,3,4,6,1,5,7,3,4
45328,7,1,0,3,4,6,1,5,7,3,4
45329,5,8,3,1,6,0,7,1,4,4,2
45330,5,8,3,1,6,0,7,1,4,4,7
45331,1,7,6,2,0,8,0,9,5,6,5
45332,6,5,2,7,1,5,9,2,3,2,9
45333,0,8,3,1,6,0,7,1,4,4,2
45334,8,4,7,0,9,7,8,4,6,9,8
45335,4,5,8,9,3,4,3,0,8,7,3
45336,7,1,0,3,4,6,1,5,7,3,4
45337,5,8,3,1,6,0,7,1,4,4,7
45338,4,5,8,9,3,4,3,0,8,7,7
45339,5,8,3,1,6,0,7,1,4,4,0
45340,7,1,0,3,4,6,1,5,7,3,4
45341,6,9,2,2,1,5,9,2,3,2,5
45342,6,3,2,7,1,5,9,2,3,2,9
45343,0,4,3,0,2,0,4,1,4,8,0
45344,7,1,0,3,4,6,1,1,4,3,0
45345,0,4,3,0,2,0,4,1,4,8,0
45346,6,5,2,7,1,5,9,2,8,2,9
45347,6,5,2,7,1,5,9,2,3,2,9
45348,7,1,0,3,4,6,1,5,7,3,4
45349,3,6,1,8,5,3,2,6,0,1,1
45350,9,9,9,2,7,1,5,7,2,0,5
45351,2,3,4,6,8,2,6,8,9,5,6
45352,0,4,7,0,2,7,4,4,6,8,0
45353,5,8,3,1,6,0,7,1,4,4,7
45354,3,6,1,8,5,3,2,6,0,1,1
45355,5,8,3,1,6,0,7,1,4,4,7
45356,0,3,4,0,2,7,4,8,9,8,0
45357,0,4,7,0,2,7,4,1,4,8,0
45358,6,1,2,7,1,5,9,2,3,2,9
45359,3,6,1,8,5,3,2,6,0,1,1
45360,2,3,4,6,8,2,6,8,9,5,6
45361,0,8,3,0,2,0,4,1,4,8,2
45362,6,5,2,7,1,5,9,2,3,2,9
45363,1,7,6,2,0,8,0,9,5,6,5
45364,7,1,0,3,4,6,1,5,7,3,4
45365,7,1,0,3,4,6,1,5,7,3,4
45366,1,7,6,2,0,8,0,9,5,6,5
45367,6,5,2,7,1,5,9,2,3,2,9
45368,4,5,8,9,3,4,3,0,8,7,3
45369,0,4,3,0,2,0,4,1,4,8,0
45370,0,4,7,0,2,7,4,1,4,8,0
45371,3,0,1,4,5,3,2,6,1,1,1
45372,1,7,6,2,0,8,0,9,5,6,5
45373,9,9,9,2,7,1,5,7,2,0,5
45374,8,2,5,5,9,9,8,4,6,9,2
45375,6,5,2,7,1,5,9,2,3,2,9
45376,5,8,3,1,6,0,7,0,8,4,7
45377,7,1,0,3,4,6,1,5,7,3,4
45378,6,5,2,7,1,5,9,2,3,2,9
45379,9,7,9,2,7,1,5,9,2,0,5
45380,0,4,3,0,2,0,4,1,4,8,0
45381,8,2,7,5,9,7,8,4,6,9,8
45382,0,4,5,0,2,9,4,4,6,8,2
45383,3,0,1,4,5,3,2,6,1,1,1
45384,3,6,1,8,5,3,2,6,0,1,1
45385,9,9,9,2,7,1,5,7,2,0,5
45386,3,6,1,8,5,3,2,6,0,1,1
45387,6,5,2,7,1,5,9,2,3,2,9
45388,0,4,3,0,2,0,4,1,4,8,0
45389,6,2,2,7,1,5,9,3,3,2,9
45390,7,1,0,3,4,6,1,5,7,3,4
45391,9,9,9,5,7,1,5,7,2,0,8
45392,8,2,7,5,9,7,8,4,6,9,8
45393,2,2,4,2,8,2,6,3,6,5,8
45394,5,8,3,1,6,0,7,1,4,4,7
45395,4,5,8,9,3,4,3,3,8,7,3
45396,1,7,6,2,0,8,0,9,5,6,5
45397,8,2,5,5,9,9,8,4,6,9,8
45398,2,3,4,6,8,2,6,8,9,5,6
45399,2,3,4,6,8,2,6,8,9,5,6
45400,7,1,0,3,4,6,1,5,7,3,4
45401,3,0,1,4,5,3,2,3,1,1,1
45402,3,6,1,8,5,3,2,6,0,1,1
45403,9,9,9,2,7,1,5,7,2,0,5
45404,5,8,3,1,6,0,7,1,4,4,7
45405,6,5,2,7,1,5,9,2,3,2,9
45406,9,9,9,2,7,1,5,7,2,0,5
45407,7,1,0,3,4,6,1,5,7,3,4
45408,7,1,0,3,4,6,1,5,7,3,4
45409,4,5,8,9,3,4,3,3,8,7,3
45410,4,1,8,9,3,4,3,3,8,7,3
45411,8,2,5,5,9,9,8,4,6,9,2
45412,9,9,9,7,7,1,5,7,2,0,9
45413,2,3,4,6,8,2,6,3,9,5,6
45414,8,2,5,5,9,9,8,4,6,9,8
45415,8,2,7,5,9,7,8,4,6,9,8
45416,2,3,4,6,8,2,6,8,9,5,6
45417,3,0,1,4,5,3,2,6,1,1,1
45418,3,6,1,8,5,3,2,6,0,1,1
45419,7,1,0,3,4,6,1,5,7,3,4
45420,6,5,2,2,1,5,9,2,3,2,5
45421,8,2,7,5,9,7,8,4,6,9,8
45422,7,1,0,3,4,6,1,5,7,3,4
45423,1,7,6,2,0,8,0,3,2,6,5
45424,5,8,3,1,6,0,7,1,4,4,7
45425,4,5,8,9,3,4,3,0,8,7,3
45426,2,3,4,6,8,2,6,8,9,5,3
45427,9,3,9,2,7,1,5,9,2,0,5
45428,0,4,5,0,2,7,4,1,4,8,0
45429,8,2,7,5,9,7,8,4,6,9,8
45430,6,3,2,7,1,5,9,2,3,2,9
45431,8,2,7,5,9,7,8,4,6,9,8
45432,2,3,4,6,8,2,6,8,9,5,6
45433,9,9,9,2,7,1,5,7,2,0,5
45434,3,6,1,8,5,3,2,6,0,1,1
45435,8,2,5,5,9,9,8,4,6,9,8
45436,7,1,0,3,4,6,1,5,7,3,4
45437,9,9,9,2,7,1,5,7,2,0,5
45438,1,7,6,2,0,8,0,9,5,6,5
45439,5,8,3,1,6,0,7,1,4,4,7
45440,0,4,5,0,2,9,4,4,6,8,2
45441,9,9,9,2,7,1,5,3,2,0,8
45442,3,0,1,4,5,3,2,6,1,1,1
45443,3,6,1,8,5,3,2,6,0,1,1
45444,1,7,6,2,0,8,0,9,5,6,5
45445,8,2,7,5,9,7,8,4,6,9,8
45446,1,7,6,0,0,8,0,9,5,6,0
45447,4,5,8,9,3,4,3,0,8,7,3
45448,4,5,8,9,3,4,3,0,8,7,3
45449,8,2,7,5,9,7,8,4,6,9,8
45450,0,8,3,1,2,0,4,1,4,4,0
45451,9,9,9,2,7,1,5,7,2,0,5
45452,0,4,3,0,2,6,4,1,4,8,0
45453,6,5,2,7,1,5,9,2,3,2,9
45454,7,1,0,3,4,6,1,5,7,3,4
45455,9,9,9,2,7,1,5,3,2,0,5
45456,0,4,2,0,2,5,4,1,4,8,9
45457,8,2,5,5,9,9,8,4,6,9,8
45458,1,7,6,2,0,8,0,9,5,6,5
45459,6,5,2,7,1,5,9,2,3,2,9
45460,4,5,8,9,3,4,3,0,8,7,3
45461,8,2,7,5,9,7,8,4,6,9,8
45462,1,7,5,0,0,9,0,9,5,6,2
45463,1,7,6,2,0,8,0,9,2,6,5
45464,6,5,2,7,1,5,9,2,3,2,9
45465,8,2,7,5,9,7,8,4,6,9,7
45466,8,2,5,5,9,9,8,4,6,9,2
45467,3,6,1,4,5,3,2,6,1,1,1
45468,7,1,0,3,4,6,1,5,7,3,4
45469,8,2,5,5,9,9,8,4,6,9,2
45470,7,1,0,3,4,6,1,5,7,3,4
45471,9,9,9,2,7,1,5,7,2,0,5
45472,0,4,7,0,2,7,4,1,4,8,0
45473,6,0,2,7,1,5,9,3,3,2,9
45474,7,1,0,3,4,6,1,5,7,3,4
45475,3,6,1,8,5,3,2,6,0,1,1
45476,3,6,1,8,5,3,2,6,0,1,1
45477,2,3,4,6,8,2,6,8,9,5,6
45478,4,5,8,9,3,4,3,0,8,7,3
45479,4,5,8,9,3,4,3,3,8,7,3
45480,2,3,4,6,8,2,6,3,9,5,6
45481,2,3,4,6,8,2,6,8,9,5,6
45482,7,1,0,3,4,6,1,5,7,3,4
45483,8,2,5,5,9,9,8,4,6,9,2
45484,1,7,6,0,0,8,0,9,5,6,5
45485,5,2,7,5,6,7,7,4,6,9,8
45486,5,8,3,1,6,0,7,1,4,4,7
45487,8,2,7,5,9,7,8,4,6,9,8
45488,6,5,2,7,1,5,9,2,3,2,9
45489,8,2,5,5,9,9,8,4,6,9,2
45490,7,1,0,3,4,6,1,5,7,3,4
45491,6,5,2,7,1,5,9,3,3,2,9
45492,8,2,5,5,9,9,8,4,6,9,8
45493,2,3,4,2,8,2,6,9,9,5,5
45494,3,6,1,8,5,3,2,6,0,1,1
45495,9,9,9,2,7,1,5,7,2,0,5
45496,9,7,9,2,7,1,5,9,2,0,5
45497,1,7,6,2,0,8,0,3,5,6,5
45498,6,5,2,7,1,5,9,2,3,2,9
45499,9,9,9,2,7,1,5,7,2,0,5
45500,9,9,9,2,7,1,5,7,2,0,5
45501,1,7,6,2,0,8,0,9,5,6,5
45502,9,9,9,2,7,1,5,7,2,0,5
45503,3,0,1,4,5,3,2,6,1,1,1
45504,3,6,1,8,5,3,2,6,0,1,1
45505,6,5,2,7,1,5,9,2,3,2,9
45506,4,5,8,9,3,4,3,0,8,7,3
45507,5,2,7,5,9,7,7,4,6,9,8
45508,7,1,0,3,4,6,1,5,7,3,4
45509,2,3,4,6,8,2,6,3,9,5,8
45510,4,5,8,9,3,4,3,0,8,7,3
45511,3,0,1,4,5,3,2,6,1,1,1
45512,2,3,4,6,8,2,6,8,9,5,6
45513,3,6,1,8,5,3,2,6,0,1,1
45514,4,5,8,9,3,4,3,0,8,7,3
45515,3,6,1,8,5,3,2,6,0,1,1
45516,1,7,6,2,0,8,0,9,5,6,3
45517,7,1,0,3,4,6,1,5,7,3,4
45518,0,4,5,0,2,9,4,1,4,8,2
45519,2,3,4,6,8,2,6,3,9,5,6
45520,7,1,0,3,4,6,1,5,7,3,4
45521,0,4,3,0,2,0,4,1,4,8,0
45522,3,6,1,8,5,3,2,6,0,1,1
45523,4,5,8,9,3,4,3,0,8,7,3
45524,0,4,5,0,2,9,4,1,4,8,2
45525,8,4,7,5,9,7,8,4,6,9,0
45526,1,7,6,2,0,8,0,3,5,6,5
45527,8,2,7,5,9,7,8,4,6,9,8
45528,5,8,3,1,6,0,7,1,4,4,7
45529,1,7,6,2,0,8,0,9,5,6,5
45530,0,4,3,0,2,0,4,1,4,8,0
45531,6,5,2,7,1,5,9,2,3,2,9
45532,1,7,6,2,0,8,0,9,5,6,5
45533,0,4,5,0,2,9,4,1,4,8,2
45534,2,3,4,6,8,2,6,8,9,5,6
45535,8,2,5,5,9,9,8,4,6,9,2
45536,7,1,0,3,4,6,1,5,7,3,4
45537,9,9,9,2,7,1,5,7,2,0,5
45538,0,4,7,0,2,7,4,4,6,8,0
45539,3,6,1,8,5,3,2,6,0,1,1
45540,4,5,8,9,3,4,3,0,8,7,3
45541,1,7,6,2,0,8,0,9,5,6,5
45542,4,5,8,9,3,4,3,0,8,7,3
45543,6,5,2,7,1,5,9,2,3,2,9
45544,3,6,1,8,5,3,2,6,0,1,1
45545,7,1,0,3,4,6,1,5,7,3,4
45546,1,7,6,2,0,8,0,9,5,6,5
45547,2,1,4,3,8,2,6,5,7,5,6
45548,0,4,3,0,2,0,4,1,4,8,2
45549,4,5,8,9,3,4,3,0,8,7,3
45550,5,8,3,1,6,0,7,1,4,4,7
45551,0,4,5,0,2,9,4,4,6,8,2
45552,4,5,8,9,3,4,3,0,8,7,3
45553,7,1,0,3,4,6,1,5,7,3,4
45554,7,1,0,3,4,6,1,5,7,3,4
45555,0,4,3,0,2,0,4,1,4,8,0
45556,1,7,6,2,0,8,0,9,5,6,5
45557,3,6,1,8,5,3,2,6,0,1,1
45558,5,5,8,9,3,4,7,0,8,7,7
45559,1,7,6,2,0,8,0,9,5,6,5
45560,8,2,7,5,9,7,8,4,6,9,8
45561,6,5,2,7,1,5,9,2,3,2,9
45562,2,3,4,6,8,2,6,3,9,5,6
45563,7,1,0,3,4,6,1,5,7,3,4
45564,0,4,6,0,2,8,4,9,5,8,0
45565,0,4,7,0,2,7,4,4,6,8,0
45566,5,6,2,8,1,5,7,6,0,2,7
45567,2,1,4,6,8,2,6,5,9,5,6
45568,6,5,2,7,1,5,9,2,3,2,9
45569,4,5,8,9,3,4,3,0,8,7,3
45570,1,7,6,2,0,8,0,9,5,6,5
45571,0,4,5,0,2,9,4,1,4,8,2
45572,1,7,6,2,0,8,0,9,5,6,5
45573,7,3,0,3,4,6,1,8,9,3,4
45574,0,4,7,0,2,7,4,4,6,8,0
45575,0,4,3,0,2,0,4,1,4,8,0
45576,1,7,6,2,0,8,0,9,5,6,5
45577,3,6,1,8,5,3,2,6,0,1,1
45578,0,4,7,0,2,7,4,4,6,8,0
45579,1,7,6,2,0,8,0,9,5,6,5
45580,4,5,8,9,3,4,3,0,8,7,3
45581,4,5,8,9,3,4,3,0,8,7,3
45582,1,7,6,2,0,8,0,9,5,6,5
45583,0,4,5,0,2,9,4,1,4,8,2
45584,6,5,2,7,1,5,9,2,8,2,9
45585,7,1,0,3,4,6,1,5,7,3,4
45586,7,1,0,3,4,6,1,5,7,3,4
45587,0,4,3,0,2,0,4,1,4,8,0
45588,9,9,9,2,7,1,5,7,2,0,5
45589,2,1,4,6,8,2,6,8,9,5,6
45590,0,4,7,0,2,7,4,1,4,8,0
45591,7,1,0,3,4,6,1,5,9,3,6
45592,8,2,5,5,9,9,8,4,6,9,8
45593,4,5,8,9,3,4,3,0,8,7,3
45594,0,8,3,0,2,0,4,1,4,8,0
45595,7,3,0,6,4,6,1,8,9,3,4
45596,3,6,1,8,5,3,2,6,0,1,1
45597,7,1,0,3,4,6,1,5,7,3,4
45598,1,7,6,2,0,8,0,9,5,6,5
45599,7,1,0,3,4,6,1,5,7,3,4
45600,5,8,3,1,6,0,7,1,4,4,7
45601,7,1,0,3,4,6,1,5,7,3,4
45602,8,2,7,5,9,7,8,4,6,9,8
45603,0,4,3,0,2,0,4,1,4,8,0
45604,0,4,3,0,2,0,4,1,4,8,0
45605,0,4,7,0,2,7,4,4,6,8,0
45606,0,4,5,0,2,9,4,4,6,8,2
45607,7,1,0,3,4,6,1,5,7,3,4
45608,3,6,1,8,5,3,2,6,0,1,1
45609,4,5,8,9,3,4,3,0,8,7,3
45610,7,1,0,3,4,6,1,5,7,3,4
45611,0,4,3,0,2,0,4,1,4,8,0
45612,7,1,0,3,4,6,1,5,7,3,4
45613,0,4,7,0,2,7,4,1,4,8,0
45614,9,9,9,2,7,1,5,7,2,0,5
45615,5,8,3,1,6,0,7,1,4,4,7
45616,3,6,1,8,5,3,2,6,0,1,1
45617,7,0,0,3,4,6,1,5,7,3,4
45618,0,4,5,0,2,9,4,1,4,8,2
45619,7,1,0,3,4,6,1,5,7,3,4
45620,1,7,6,2,0,8,0,9,5,6,5
45621,5,8,3,1,6,0,7,1,4,4,0
45622,9,9,9,2,7,1,5,9,2,0,5
45623,4,5,8,9,3,4,3,0,8,7,3
45624,7,1,0,3,4,6,1,5,7,3,4
45625,0,4,3,0,2,0,4,1,4,8,0
45626,0,4,5,0,2,9,4,1,4,8,0
45627,1,7,6,2,0,8,0,9,5,6,5
45628,7,1,0,3,4,6,1,5,7,3,4
45629,2,1,4,3,8,2,6,5,7,5,6
45630,4,5,8,9,3,4,3,0,8,7,3
45631,6,5,2,7,1,5,9,2,3,2,9
45632,0,8,3,1,6,0,7,1,4,4,0
45633,4,5,8,9,3,4,3,0,8,7,3
45634,4,5,8,9,3,4,3,0,8,7,3
45635,4,5,8,9,3,4,3,0,8,7,3
45636,7,1,0,3,4,6,1,5,7,3,4
45637,0,4,5,0,2,9,4,4,6,8,2
45638,6,5,2,7,1,5,9,3,3,2,9
45639,7,1,0,3,4,6,1,5,7,3,4
45640,4,5,8,9,3,4,3,0,8,7,3
45641,1,7,6,2,0,8,0,9,5,6,5
45642,7,1,0,3,4,6,1,5,7,3,4
45643,4,5,8,9,3,4,3,0,8,7,3
45644,7,1,0,3,4,6,1,5,7,3,4
45645,0,4,5,0,2,9,4,4,6,8,2
45646,7,1,0,3,4,6,1,5,7,3,4
45647,7,3,0,6,4,6,1,8,9,3,4
45648,6,9,2,7,1,5,9,2,3,2,9
45649,7,1,0,3,4,6,1,5,7,3,4
45650,1,7,6,2,0,8,0,9,5,6,5
45651,1,7,6,2,0,8,0,9,5,6,5
45652,0,4,3,0,2,0,4,1,4,8,0
45653,7,1,0,3,4,6,1,5,7,3,4
45654,1,7,7,2,0,7,0,9,5,6,0
45655,7,1,0,3,4,6,1,5,7,3,4
45656,7,1,0,3,4,6,1,5,7,3,4
45657,0,4,3,0,2,0,4,1,4,8,2
45658,7,1,0,3,4,6,1,5,7,3,4
45659,1,7,6,2,0,8,0,9,5,6,5
45660,2,3,4,6,8,2,6,8,9,5,6
45661,6,5,2,7,1,5,9,2,3,2,9
45662,6,5,2,7,1,5,9,2,3,2,9
45663,0,4,5,0,2,9,4,4,6,8,2
45664,4,5,8,9,3,4,3,3,8,7,3
45665,1,7,6,2,0,8,0,9,5,6,5
45666,1,7,6,2,0,8,0,9,5,6,5
45667,2,3,4,6,8,2,6,3,9,5,6
45668,4,5,4,9,8,2,3,3,8,5,3
45669,4,5,8,9,3,4,3,0,8,7,3
45670,0,4,7,0,2,7,4,1,4,8,0
45671,0,4,3,0,2,0,4,1,4,8,0
45672,6,5,2,7,1,5,9,2,3,2,9
45673,7,1,0,3,4,6,1,5,7,3,4
45674,5,8,3,1,6,0,7,1,4,4,7
45675,7,1,0,3,4,6,1,5,7,3,4
45676,3,6,1,8,5,3,2,6,0,1,1
45677,1,7,6,2,0,8,0,9,5,6,5
45678,2,3,4,6,8,2,6,8,9,5,6
45679,2,3,4,6,8,2,6,8,9,5,0
45680,8,2,5,5,9,9,8,4,6,9,2
45681,0,4,7,0,2,7,4,1,4,8,0
45682,3,6,1,8,5,3,2,6,0,1,1
45683,1,7,6,2,0,8,0,9,5,6,5
45684,7,1,0,3,4,6,1,5,7,3,4
45685,0,4,7,0,2,7,4,1,4,8,0
45686,5,5,8,1,6,4,7,0,8,4,7
45687,7,1,0,3,4,6,1,5,7,3,4
45688,5,8,3,1,6,0,7,1,0,4,7
45689,0,4,7,0,2,7,4,4,6,8,0
45690,1,7,6,2,0,8,0,9,5,6,5
45691,0,4,5,0,2,9,4,4,6,8,2
45692,8,2,7,5,9,7,8,4,6,9,8
45693,1,7,6,2,0,8,0,9,5,6,5
45694,8,2,7,5,9,7,8,4,6,9,8
45695,3,6,1,8,5,3,2,6,0,1,1
45696,7,1,0,3,4,6,1,5,7,3,4
45697,8,2,5,5,9,9,8,4,6,9,8
45698,6,9,2,7,1,5,9,2,3,2,9
45699,7,1,0,3,4,6,1,5,7,3,4
45700,0,4,3,0,2,0,4,1,4,8,0
45701,3,6,1,8,5,3,2,6,0,1,1
45702,4,5,8,9,3,4,3,0,8,7,3
45703,9,9,9,2,7,1,5,7,2,0,5
45704,7,1,0,3,4,6,1,5,7,3,4
45705,6,5,2,7,1,5,9,2,3,2,9
45706,8,2,7,5,9,7,8,4,6,9,8
45707,7,1,0,3,4,6,1,5,7,3,4
45708,0,4,3,0,2,0,4,1,4,8,0
45709,5,8,3,1,6,0,7,1,4,4,7
45710,7,1,0,3,4,6,1,5,7,3,4
45711,9,2,9,2,7,1,5,3,2,0,8
45712,1,7,6,3,0,8,0,9,5,6,5
45713,4,5,8,9,3,4,3,0,8,7,3
45714,9,9,9,2,7,1,5,7,2,0,5
45715,0,4,3,0,2,0,4,1,4,8,2
45716,7,1,0,3,4,6,1,5,7,3,4
45717,0,3,4,6,2,2,6,8,9,8,0
45718,5,8,3,1,6,0,7,1,4,4,7
45719,0,4,7,0,2,7,4,4,6,8,0
45720,8,2,5,5,9,9,8,4,6,9,8
45721,3,6,1,8,5,3,2,6,0,1,1
45722,2,3,4,6,8,2,6,3,9,5,6
45723,9,9,9,2,7,1,5,7,2,0,5
45724,5,8,3,1,6,0,7,1,4,4,0
45725,6,5,2,7,1,5,9,2,3,2,9
45726,7,1,0,3,4,6,1,5,7,3,4
45727,6,5,2,7,1,5,9,2,3,2,9
45728,5,6,3,8,6,0,7,0,0,4,7
45729,0,4,7,0,2,7,4,4,6,8,0
45730,1,7,6,2,0,8,0,9,5,6,5
45731,9,9,9,2,7,1,5,3,2,0,5
45732,7,1,3,3,4,0,1,1,4,3,4
45733,4,5,8,9,3,4,3,3,8,7,3
45734,7,1,0,3,4,6,1,5,7,3,4
45735,8,2,5,5,9,9,8,4,6,9,2
45736,0,8,3,0,2,0,4,1,4,8,0
45737,2,3,4,6,8,2,6,8,9,5,6
45738,2,3,4,6,8,2,6,8,9,5,6
45739,8,2,7,5,9,7,8,4,6,9,8
45740,0,8,3,1,6,0,7,1,4,4,0
45741,3,0,1,4,5,3,2,6,1,1,1
45742,4,5,8,9,3,4,3,0,8,7,3
45743,9,9,9,2,7,1,5,7,2,0,5
45744,5,8,3,1,6,0,7,1,4,4,7
45745,6,0,2,7,1,5,9,2,3,2,9
45746,7,1,0,3,4,6,1,5,7,3,4
45747,7,1,0,3,4,6,1,5,7,3,4
45748,3,6,1,8,5,3,2,6,0,1,1
45749,8,2,7,5,9,7,8,4,6,9,8
45750,4,5,8,9,3,4,3,3,8,7,3
45751,8,2,7,5,9,7,8,4,6,9,8
45752,1,7,6,2,0,8,0,9,5,6,5
45753,3,0,1,4,5,3,2,6,1,1,1
45754,1,7,6,2,0,8,0,9,5,6,5
45755,5,5,8,9,3,4,7,0,8,7,7
45756,0,4,7,0,2,7,4,4,6,8,0
45757,4,0,8,4,3,4,3,3,1,7,3
45758,7,1,0,3,4,6,1,5,7,3,4
45759,7,1,0,3,4,6,1,5,7,3,4
45760,3,0,1,4,5,3,2,6,1,1,1
45761,5,8,3,1,6,0,7,1,4,4,7
45762,0,4,7,0,2,7,4,9,5,8,0
45763,3,0,1,4,5,3,2,2,1,1,1
45764,7,1,0,3,4,6,1,5,7,3,4
45765,2,3,4,6,8,2,6,8,9,5,6
45766,3,6,1,4,5,3,2,6,1,1,1
45767,9,9,9,2,7,1,5,7,2,0,5
45768,1,7,6,2,0,8,0,9,5,6,5
45769,3,0,1,4,5,3,2,3,1,1,1
45770,5,8,3,1,6,0,7,1,4,4,0
45771,4,5,8,9,3,4,3,0,8,7,3
45772,7,1,0,3,4,6,1,5,7,3,4
45773,4,5,8,9,3,4,3,0,8,7,3
45774,7,1,0,3,4,6,1,5,7,3,4
45775,8,2,7,5,9,7,8,4,6,9,8
45776,8,2,5,5,9,9,8,4,6,9,8
45777,8,2,5,5,9,9,8,4,6,9,8
45778,0,8,3,1,6,0,7,1,4,4,0
45779,6,5,2,7,1,5,9,2,3,2,9
45780,2,3,4,6,8,2,6,8,9,5,6
45781,7,1,0,3,4,6,1,5,7,3,4
45782,1,7,6,2,0,8,0,9,5,6,5
45783,7,1,0,3,4,6,1,5,7,3,4
45784,2,3,4,6,8,2,6,8,9,5,6
45785,5,8,3,1,6,0,7,1,4,4,7
45786,7,1,0,3,4,6,1,5,7,3,4
45787,8,2,7,5,9,7,8,4,6,9,8
45788,8,2,7,5,9,7,8,4,6,9,8
45789,7,1,0,3,4,6,1,5,7,3,4
45790,1,7,6,2,0,8,0,9,5,6,5
45791,1,7,6,2,0,8,0,9,5,6,5
45792,7,1,0,3,4,6,1,5,7,3,4
45793,0,4,5,0,2,9,4,1,4,8,2
45794,5,8,3,1,6,0,7,1,4,4,7
45795,9,9,9,2,7,1,5,7,2,0,5
45796,2,3,4,6,8,2,6,8,9,5,6
45797,8,2,9,5,9,1,8,3,2,9,8
45798,2,3,4,6,8,2,6,8,9,5,6
45799,6,5,2,7,1,5,9,2,3,2,9
45800,6,6,2,7,1,5,9,2,3,2,1
45801,7,1,0,3,4,6,1,5,7,3,4
45802,7,3,0,6,4,6,1,8,9,3,4
45803,9,9,9,2,7,1,5,7,2,0,5
45804,8,2,4,5,9,2,8,8,9,9,8
45805,4,5,8,9,3,4,3,0,8,7,3
45806,5,8,3,1,6,0,7,1,4,4,7
45807,8,2,5,5,9,9,8,4,6,9,8
45808,5,8,3,1,6,0,7,1,4,4,0
45809,7,1,0,3,4,6,1,5,7,3,4
45810,0,4,3,0,2,0,4,1,4,8,0
45811,8,2,5,5,9,9,8,4,6,9,2
45812,3,6,1,8,5,3,2,6,0,1,1
45813,7,1,3,3,4,0,1,1,4,3,0
45814,1,7,6,2,0,8,0,9,5,6,5
45815,8,2,7,5,9,7,8,4,6,9,8
45816,9,9,9,2,7,1,5,7,2,0,5
45817,3,0,1,4,5,3,2,3,1,1,1
45818,6,9,2,7,1,5,9,2,3,2,9
45819,6,5,2,7,1,5,9,2,3,2,9
45820,1,7,6,2,0,8,0,9,5,6,5
45821,5,8,7,1,6,7,7,1,4,4,7
45822,7,1,0,3,4,6,1,5,7,3,4
45823,2,3,4,6,8,2,6,3,9,5,6
45824,0,4,3,0,2,0,4,1,4,8,0
45825,6,5,2,7,1,5,9,2,3,2,9
45826,7,6,0,8,4,6,1,5,0,3,4
45827,8,2,7,5,9,7,8,4,6,9,8
45828,0,4,7,0,2,7,4,1,4,8,0
45829,0,4,5,0,2,9,4,4,6,8,2
45830,3,6,1,8,5,3,2,6,0,1,1
45831,2,3,4,6,8,2,6,8,9,5,6
45832,6,5,2,7,1,5,9,2,3,2,9
45833,2,0,4,4,8,2,6,3,1,5,6
45834,0,4,7,0,2,7,4,4,6,8,0
45835,8,2,5,5,9,9,8,4,6,9,8
45836,7,1,0,3,4,6,1,5,7,3,4
45837,2,0,4,4,8,2,6,3,1,5,6
45838,6,5,2,7,1,5,9,2,3,2,9
45839,4,5,8,9,3,4,3,3,8,7,3
45840,3,6,1,8,5,3,2,6,0,1,1
45841,8,2,7,5,9,7,8,4,6,9,2
45842,2,3,4,6,8,2,6,8,9,5,6
45843,2,3,4,6,8,2,6,8,9,5,6
45844,5,8,3,1,6,0,7,1,4,4,7
45845,6,0,2,4,1,5,9,2,3,2,9
45846,2,3,4,6,8,2,6,3,9,5,6
45847,8,2,7,5,9,7,8,4,6,9,8
45848,7,1,0,3,4,6,1,5,7,3,4
45849,8,2,7,5,9,7,8,4,6,9,8
45850,7,1,0,3,4,6,1,5,7,3,4
45851,4,0,8,4,3,4,3,3,1,7,3
45852,6,5,2,7,1,5,9,2,3,2,9
45853,3,0,1,4,5,3,2,6,1,1,1
45854,7,1,0,3,4,6,1,5,7,3,4
45855,9,9,9,2,7,1,5,7,2,0,5
45856,4,5,8,9,3,4,3,0,8,7,3
45857,3,0,1,4,5,3,2,6,1,1,1
45858,1,7,6,2,0,8,0,9,5,6,5
45859,7,1,0,3,4,6,1,5,7,3,4
45860,0,4,3,0,2,0,4,1,4,8,0
45861,9,9,9,2,7,1,5,7,2,0,5
45862,7,1,0,3,4,6,1,5,7,3,4
45863,4,5,8,9,3,4,3,0,8,7,3
45864,5,8,3,1,6,0,7,1,4,4,7
45865,8,2,7,5,9,7,8,4,6,9,8
45866,7,1,0,3,4,6,1,5,7,3,4
45867,6,5,2,7,1,5,9,2,3,2,9
45868,5,8,3,1,6,0,7,1,4,4,7
45869,8,2,7,5,9,7,8,4,6,9,8
45870,2,3,4,6,8,2,6,8,9,5,6
45871,8,2,5,5,9,9,8,4,6,9,8
45872,7,1,0,3,4,6,1,5,7,3,4
45873,8,2,7,5,9,7,8,4,6,9,8
45874,2,3,4,6,8,2,6,8,9,5,6
45875,9,9,9,2,7,1,5,7,2,0,5
45876,4,5,8,9,3,4,3,0,8,7,3
45877,2,3,4,6,8,2,6,8,9,5,6
45878,2,1,4,3,8,2,6,3,7,5,6
45879,8,2,7,5,9,7,8,4,6,9,0
45880,7,1,0,3,4,6,1,5,7,3,4
45881,4,5,8,9,3,4,3,3,8,7,3
45882,2,3,4,6,8,2,6,8,9,5,6
45883,2,3,4,6,8,2,6,8,9,5,6
45884,7,1,0,3,4,6,1,5,7,3,4
45885,6,5,2,7,1,5,9,2,3,2,9
45886,7,1,0,3,4,6,1,5,7,3,4
45887,6,5,2,7,1,5,9,2,3,2,9
45888,2,3,4,6,8,2,6,8,9,5,0
45889,6,5,2,7,1,5,9,2,3,2,9
45890,7,1,0,3,4,6,1,5,7,3,4
45891,2,3,4,6,8,2,6,8,9,5,6
45892,0,4,3,0,2,0,4,1,4,8,0
45893,9,9,9,2,7,1,5,7,2,0,5
45894,7,1,0,3,4,6,1,5,7,3,4
45895,8,2,5,5,9,9,8,4,6,9,8
45896,7,3,0,6,4,6,1,8,9,3,4
45897,2,3,4,6,8,2,6,8,9,5,6
45898,2,3,4,6,8,2,6,8,9,5,6
45899,2,3,4,6,8,2,6,3,9,5,6
45900,1,7,6,2,0,8,0,9,5,6,5
45901,9,9,9,2,7,1,5,7,2,0,5
45902,7,1,0,3,4,6,1,5,7,3,4
45903,7,1,0,3,4,6,1,5,7,3,4
45904,5,5,3,1,6,0,7,1,4,4,7
45905,3,0,1,4,5,3,2,6,1,1,1
45906,6,5,2,7,1,5,9,2,3,2,9
45907,9,9,9,2,7,1,5,7,2,0,5
45908,3,0,1,4,5,3,2,6,1,1,1
45909,9,9,9,2,7,1,5,7,2,0,5
45910,4,5,8,9,3,4,3,3,8,7,3
45911,8,2,5,5,9,9,8,4,6,9,2
45912,5,8,3,1,6,0,7,0,4,4,7
45913,2,3,4,6,8,2,6,8,9,5,6
45914,4,5,8,9,3,4,3,0,8,7,3
45915,5,8,3,1,6,0,7,1,4,4,7
45916,5,8,3,1,6,0,7,1,4,4,0
45917,8,2,7,5,9,7,8,4,6,9,8
45918,7,1,0,3,4,6,1,5,7,3,4
45919,2,3,4,6,8,2,6,8,9,5,6
45920,6,5,2,7,1,5,9,2,3,2,9
45921,9,9,9,2,7,1,5,7,2,0,5
45922,0,8,3,0,2,0,4,1,4,8,0
45923,2,3,4,6,8,2,6,8,9,5,6
45924,2,3,4,6,8,2,6,8,9,5,6
45925,8,2,7,5,9,7,8,4,6,9,8
45926,1,7,6,2,0,8,0,9,5,6,5
45927,9,9,9,2,7,1,5,7,2,0,5
45928,5,8,3,1,6,0,7,1,4,4,7
45929,6,5,2,7,1,5,9,2,3,2,9
45930,8,2,5,5,9,9,8,4,6,9,2
45931,9,9,9,2,7,1,5,7,2,0,5
45932,9,9,9,2,7,1,5,7,2,0,5
45933,2,0,4,4,8,2,6,3,1,5,6
45934,4,5,8,9,3,4,3,0,8,7,3
45935,4,5,8,9,3,4,3,0,8,7,3
45936,5,8,3,1,6,0,7,1,4,4,0
45937,8,2,5,5,9,9,8,4,6,9,2
45938,7,1,0,3,4,6,1,5,7,3,4
45939,3,0,1,4,5,3,2,3,1,1,1
45940,7,1,0,3,4,6,1,5,7,3,4
45941,9,9,9,2,7,1,5,7,2,0,5
45942,3,6,1,8,5,3,2,6,0,1,1
45943,6,5,2,7,1,5,9,2,3,2,9
45944,0,3,7,0,2,7,4,8,9,8,0
45945,7,1,0,3,4,6,1,5,7,3,4
45946,7,1,0,3,4,6,1,5,7,3,4
45947,2,1,4,3,8,2,6,5,7,5,6
45948,7,1,0,3,4,6,1,5,7,3,4
45949,4,5,8,9,3,4,3,0,8,7,3
45950,0,4,7,0,2,7,4,4,6,8,0
45951,8,2,5,5,9,9,8,4,6,9,8
45952,3,0,1,4,5,3,2,6,1,1,1
45953,9,9,9,2,7,1,5,3,2,0,8
45954,8,2,7,5,9,7,8,4,6,9,8
45955,9,9,9,2,7,1,5,7,2,0,5
45956,2,3,4,6,8,2,6,8,9,5,6
45957,6,5,2,7,1,5,9,2,3,2,9
45958,6,5,2,7,1,5,9,2,3,2,9
45959,7,1,0,3,4,6,1,5,7,3,4
45960,3,6,1,8,5,3,2,6,0,1,1
45961,9,9,9,2,7,1,5,7,2,0,5
45962,1,7,6,2,0,8,0,9,5,6,5
45963,7,1,0,3,4,6,1,3,7,3,4
45964,5,5,3,1,6,0,7,1,4,4,7
45965,4,5,8,9,3,4,3,0,8,7,3
45966,3,6,1,8,5,3,2,6,0,1,1
45967,0,4,5,0,2,9,4,4,6,8,2
45968,7,1,0,3,4,6,1,5,7,3,4
45969,8,2,7,5,9,7,8,4,6,9,8
45970,7,1,0,3,4,6,1,5,7,3,4
45971,9,3,9,2,7,1,5,8,9,0,5
45972,7,1,0,3,4,6,1,5,7,3,4
45973,8,2,5,5,9,9,8,4,6,9,2
45974,1,7,6,2,0,8,0,9,5,6,5
45975,3,0,1,4,5,3,2,3,1,1,1
45976,2,3,4,6,8,2,6,8,9,5,6
45977,6,5,2,7,1,5,9,2,3,2,9
45978,5,8,3,1,6,0,7,1,4,4,7
45979,2,3,4,6,8,2,6,3,9,5,6
45980,1,7,6,2,0,8,0,9,5,6,5
45981,8,2,7,5,9,7,8,4,6,9,8
45982,5,0,2,1,6,5,7,3,1,4,7
45983,2,3,4,6,8,2,6,8,9,5,6
45984,4,5,8,9,3,4,3,0,8,7,3
45985,2,3,4,6,8,2,6,8,9,5,6
45986,4,5,8,9,3,4,3,3,8,7,3
45987,9,9,9,2,7,1,5,3,2,0,5
45988,9,9,9,2,7,1,5,7,2,0,5
45989,9,9,9,2,7,1,5,7,2,0,5
45990,7,1,0,3,4,6,1,5,7,3,4
45991,2,1,4,3,8,2,6,5,7,5,6
45992,9,9,9,2,7,1,5,7,2,0,5
45993,6,5,2,7,1,5,9,3,3,2,9
45994,1,7,6,2,0,8,0,9,5,6,5
45995,7,1,0,3,4,6,1,5,7,3,4
45996,1,7,6,2,0,8,0,9,5,6,5
45997,3,0,1,4,5,3,2,6,1,1,1
45998,7,1,0,3,4,6,1,5,7,3,4
45999,9,9,9,2,7,1,5,7,2,0,5
46000,0,4,3,0,2,0,4,1,4,8,0
46001,1,7,6,2,0,8,0,9,5,6,5
46002,9,9,9,2,7,1,5,7,2,0,5
46003,4,5,8,9,3,4,3,0,8,7,3
46004,5,8,3,1,6,0,7,1,4,4,7
46005,2,3,4,6,8,2,6,8,9,5,6
46006,1,7,6,2,0,8,0,9,5,6,5
46007,3,6,1,8,5,3,2,6,0,1,1
46008,5,8,3,1,6,0,7,1,4,4,0
46009,8,2,5,5,9,9,8,4,6,9,2
46010,3,0,1,4,5,3,2,6,1,1,1
46011,6,5,2,7,1,5,9,2,3,2,9
46012,1,7,6,2,0,8,0,9,5,6,5
46013,4,5,8,9,3,4,3,0,8,7,3
46014,3,6,1,8,5,3,2,6,0,1,1
46015,9,9,9,2,7,1,5,7,2,0,5
46016,9,9,9,5,7,1,5,7,2,0,8
46017,6,0,2,4,1,5,9,3,1,2,8
46018,7,1,0,3,4,6,1,5,7,3,4
46019,9,9,9,2,7,1,5,3,2,0,5
46020,0,4,7,0,2,7,4,4,6,8,0
46021,5,8,3,1,6,0,7,1,4,4,8
46022,5,8,3,1,6,0,7,1,4,4,7
46023,8,2,7,5,9,7,8,4,6,9,8
46024,4,5,8,9,3,4,3,0,8,7,3
46025,8,2,7,2,9,7,8,4,6,9,8
46026,1,7,6,2,0,8,0,9,5,6,5
46027,7,3,0,6,4,6,1,8,9,3,4
46028,6,5,2,7,1,5,9,2,3,2,9
46029,9,9,9,2,7,1,5,7,2,0,5
46030,8,2,7,5,9,7,8,4,6,9,8
46031,8,2,5,5,9,9,8,4,6,9,2
46032,1,4,6,0,2,8,0,9,5,8,5
46033,8,2,9,5,9,1,8,4,2,9,8
46034,8,2,7,5,9,7,8,8,6,9,8
46035,0,4,5,0,2,9,4,1,4,8,2
46036,6,0,2,7,1,5,9,2,3,2,9
46037,8,2,7,5,9,7,8,4,6,9,8
46038,0,4,3,0,2,0,4,1,4,8,0
46039,3,0,1,4,5,3,2,6,1,1,1
46040,1,7,6,2,0,8,0,9,5,6,5
46041,9,9,9,2,7,1,5,3,2,0,5
46042,1,4,5,2,2,9,4,4,6,8,2
46043,4,5,8,9,3,4,3,0,8,7,3
46044,9,9,9,2,7,1,5,7,2,0,5
46045,3,5,1,8,5,3,2,6,8,1,1
46046,9,9,9,2,7,1,5,7,2,0,5
46047,6,5,2,7,1,5,9,2,3,2,9
46048,0,4,3,0,2,0,4,1,4,8,2
46049,4,5,8,9,3,4,3,0,8,7,3
46050,6,5,2,7,1,5,9,2,3,2,9
46051,2,3,4,6,8,2,6,8,9,5,6
46052,5,8,3,1,6,0,7,1,4,4,7
46053,8,2,5,5,9,9,8,4,6,9,2
46054,4,0,8,4,3,4,3,3,1,7,3
46055,8,4,5,0,9,9,8,4,6,8,2
46056,6,5,2,7,1,5,9,2,3,2,9
46057,8,2,7,5,9,7,8,4,6,9,8
46058,7,1,6,3,4,8,1,9,5,6,4
46059,8,2,7,5,9,7,8,4,6,9,8
46060,0,4,7,0,2,7,4,1,4,8,0
46061,2,3,4,6,8,2,6,8,9,5,6
46062,2,3,4,6,8,2,6,5,9,5,6
46063,2,3,4,6,8,2,6,8,9,5,6
46064,0,4,7,0,2,7,4,1,4,8,0
46065,0,4,3,0,2,0,4,1,4,8,0
46066,0,4,3,0,2,0,4,1,4,8,0
46067,4,5,8,9,3,4,3,0,8,7,3
46068,7,1,0,3,4,6,1,5,7,3,4
46069,3,0,1,4,5,3,2,6,1,1,1
46070,7,1,0,3,4,6,1,5,7,3,4
46071,9,9,9,2,7,1,5,7,2,0,5
46072,7,1,0,3,4,6,1,5,7,3,4
46073,1,7,6,2,0,8,0,3,5,6,5
46074,4,5,8,9,3,4,3,0,8,7,3
46075,7,1,0,3,4,6,1,5,7,3,4
46076,0,4,5,0,2,9,4,4,6,8,2
46077,9,9,9,2,7,1,5,7,2,0,5
46078,1,7,6,2,0,8,0,9,5,6,5
46079,2,3,4,6,8,2,6,8,9,5,6
46080,8,3,4,6,9,7,8,8,9,9,8
46081,8,2,5,5,9,9,8,4,6,9,2
46082,9,9,9,2,7,1,5,7,2,0,5
46083,6,5,2,7,1,5,9,2,3,2,9
46084,8,2,5,5,9,9,8,4,6,9,2
46085,9,9,9,2,7,1,5,7,2,0,5
46086,7,1,0,3,4,6,1,5,7,3,4
46087,8,2,7,5,9,7,8,4,6,9,8
46088,2,3,4,6,8,2,6,3,9,5,6
46089,9,9,9,2,7,1,5,7,2,0,5
46090,3,6,1,8,5,3,2,6,0,1,1
46091,2,3,4,6,8,2,6,3,9,5,6
46092,9,9,9,2,7,1,5,7,2,0,5
46093,9,9,9,2,7,1,5,7,2,0,5
46094,2,3,4,6,8,2,6,8,9,5,6
46095,8,2,5,5,9,9,8,4,6,9,8
46096,4,5,8,9,3,4,3,3,8,7,3
46097,5,2,7,1,6,7,7,1,4,4,8
46098,7,1,0,3,4,6,1,5,7,3,4
46099,8,2,7,5,9,7,8,8,9,9,8
46100,0,4,3,0,2,0,4,1,4,8,0
46101,4,5,8,9,3,4,3,0,8,7,3
46102,0,4,4,0,2,2,4,8,9,8,0
46103,9,9,9,2,7,1,5,7,2,0,5
46104,5,8,3,1,6,0,7,1,4,4,7
46105,6,5,2,7,1,5,9,2,3,2,9
46106,1,7,6,2,0,8,0,4,6,6,5
46107,9,9,9,2,7,1,5,7,2,0,5
46108,0,4,7,0,2,7,4,1,4,8,0
46109,4,5,8,9,3,4,3,0,8,7,3
46110,1,7,6,2,0,8,0,9,5,6,5
46111,3,6,1,8,5,3,2,6,0,1,1
46112,8,4,7,5,9,7,8,4,6,9,8
46113,9,9,9,2,7,1,5,7,2,0,5
46114,3,6,1,8,5,3,2,6,0,1,1
46115,9,9,9,2,7,1,5,9,2,0,5
46116,7,1,0,3,4,6,1,5,7,3,4
46117,7,1,0,3,4,6,1,5,7,3,4
46118,1,7,6,2,0,8,0,9,5,6,5
46119,8,2,7,5,9,7,8,4,6,9,8
46120,4,5,8,9,3,4,3,3,8,7,3
46121,2,3,4,6,8,2,6,8,9,5,6
46122,7,1,0,3,4,6,1,5,7,3,4
46123,8,2,7,5,9,7,8,4,6,9,8
46124,0,4,7,0,2,7,4,1,4,8,0
46125,3,6,1,8,5,3,2,6,0,1,1
46126,7,1,0,8,4,6,1,5,7,3,4
46127,9,9,9,2,7,1,5,7,2,0,5
46128,5,8,3,1,6,0,7,1,4,4,7
46129,6,3,2,7,1,5,9,2,3,2,9
46130,7,1,0,3,4,6,1,5,7,3,4
46131,9,5,8,2,7,4,3,3,2,7,5
46132,9,9,9,2,7,1,5,9,2,0,5
46133,8,2,5,5,9,9,8,4,6,9,8
46134,7,1,0,3,4,6,1,5,7,3,4
46135,2,3,4,6,8,2,6,8,9,5,6
46136,7,1,0,3,4,6,1,5,7,3,4
46137,0,4,3,0,2,0,4,1,4,8,0
46138,7,1,0,3,4,6,1,5,7,3,4
46139,3,0,1,4,5,3,2,3,1,1,1
46140,5,8,3,1,6,0,7,1,4,4,7
46141,9,9,9,2,7,1,5,7,2,0,5
46142,1,7,6,2,0,8,0,9,5,6,5
46143,6,5,2,7,1,5,9,2,3,2,9
46144,7,1,0,3,4,6,1,5,7,3,4
46145,7,1,0,3,4,6,1,5,7,3,4
46146,0,4,3,0,2,0,4,1,4,8,2
46147,8,2,5,5,9,9,8,4,6,9,2
46148,5,8,3,1,6,0,7,1,4,4,7
46149,2,3,4,6,8,2,6,8,9,5,6
46150,0,4,7,0,2,7,4,4,6,8,0
46151,8,2,5,5,9,9,8,4,6,9,2
46152,7,1,0,3,4,6,1,5,7,3,4
46153,0,4,5,0,2,9,4,4,6,8,2
46154,9,9,9,2,7,1,5,7,2,0,5
46155,0,4,5,0,2,9,4,4,6,8,2
46156,5,8,3,1,6,0,7,1,4,4,7
46157,7,8,3,3,4,0,1,1,4,3,0
46158,1,7,6,2,0,8,0,9,5,6,5
46159,9,9,9,2,7,1,5,7,2,0,5
46160,8,2,5,5,9,9,8,4,6,9,2
46161,8,2,7,5,9,7,8,4,6,9,8
46162,7,3,0,6,4,6,1,8,9,3,6
46163,2,3,4,6,8,2,6,8,9,5,6
46164,5,8,3,1,6,0,7,1,4,4,7
46165,9,9,9,2,7,1,5,7,2,0,5
46166,3,6,1,4,5,3,2,6,1,1,1
46167,2,7,4,2,8,2,6,3,2,5,5
46168,5,8,3,1,6,0,7,1,4,4,7
46169,2,2,7,2,8,7,6,3,6,5,8
46170,1,7,6,2,0,8,0,3,5,6,5
46171,8,2,5,5,9,9,8,4,6,9,2
46172,5,8,3,1,6,0,7,1,4,4,7
46173,1,7,6,2,0,8,0,9,5,6,5
46174,0,4,6,0,2,8,4,9,5,8,0
46175,2,3,4,2,8,2,6,8,9,5,5
46176,0,4,3,0,2,0,4,1,4,8,0
46177,4,5,8,9,3,4,3,0,8,7,3
46178,1,7,6,2,0,8,0,9,5,6,5
46179,0,4,5,0,2,9,4,4,6,8,2
46180,7,1,0,3,4,6,1,5,7,3,4
46181,9,9,9,2,7,1,5,7,2,0,5
46182,7,1,0,3,4,6,1,5,7,3,4
46183,3,0,1,4,5,3,2,6,1,1,1
46184,7,1,0,3,4,6,1,5,7,3,4
46185,9,9,9,2,7,1,5,7,2,0,5
46186,4,5,8,9,3,4,3,3,8,7,3
46187,5,8,3,1,6,0,7,1,4,4,7
46188,7,1,0,3,4,6,1,5,7,3,4
46189,4,5,8,9,3,4,3,0,8,7,3
46190,0,4,5,0,2,9,4,4,6,8,2
46191,2,3,4,6,8,2,6,8,9,5,6
46192,3,6,1,8,5,3,2,6,0,1,1
46193,0,4,7,0,2,7,4,4,6,8,0
46194,5,8,3,1,6,0,7,1,4,4,0
46195,2,3,4,6,8,2,6,3,9,5,6
46196,1,7,6,2,0,8,0,9,5,6,5
46197,6,5,2,7,1,5,9,2,3,2,9
46198,4,5,8,9,3,4,3,0,8,7,3
46199,9,9,9,2,7,1,5,7,2,0,5
46200,0,4,3,0,2,0,4,1,4,8,0
46201,0,4,5,0,2,9,4,4,6,8,2
46202,5,8,3,1,6,0,7,1,4,4,7
46203,5,8,3,1,6,0,7,1,4,4,0
46204,9,9,9,2,7,1,5,7,2,0,5
46205,4,5,8,9,3,4,3,0,8,7,3
46206,0,4,7,0,2,7,4,1,4,8,0
46207,4,5,8,9,3,4,3,0,8,7,3
46208,1,7,6,3,0,8,0,9,5,6,4
46209,4,5,8,9,3,4,3,0,8,7,3
46210,9,9,9,2,7,1,5,7,2,0,5
46211,7,1,0,3,4,6,1,5,7,3,4
46212,8,2,5,5,9,9,8,4,6,9,2
46213,9,9,9,2,7,1,5,7,2,0,5
46214,5,5,3,1,6,0,7,3,4,4,7
46215,0,4,3,0,2,0,4,1,4,8,2
46216,9,7,6,2,7,8,5,9,5,0,0
46217,6,5,2,7,1,5,9,2,3,2,9
46218,4,5,8,9,3,4,3,0,8,7,3
46219,6,5,2,7,1,5,9,2,3,2,9
46220,5,8,3,1,6,0,7,1,4,4,7
46221,7,1,0,3,4,6,1,5,7,3,4
46222,2,3,4,6,8,2,6,8,9,5,0
46223,2,3,4,6,8,2,6,8,9,5,6
46224,6,5,2,7,1,5,9,2,3,2,9
46225,9,9,9,2,7,1,5,7,2,0,5
46226,8,3,7,6,9,7,8,8,9,9,8
46227,3,0,1,4,5,3,2,6,1,1,1
46228,7,1,0,3,4,6,1,5,7,3,4
46229,4,5,8,9,3,4,3,3,8,7,3
46230,0,4,3,0,2,0,4,1,4,8,0
46231,2,3,4,6,8,2,6,8,9,5,6
46232,5,8,3,1,6,0,7,1,4,4,7
46233,2,3,4,6,8,2,6,8,9,5,6
46234,0,4,3,0,2,7,4,1,4,8,0
46235,3,0,1,4,5,3,2,3,1,1,1
46236,1,7,6,2,0,8,0,9,5,6,5
46237,8,2,7,5,9,7,8,4,6,9,8
46238,5,8,3,1,6,0,7,1,4,4,7
46239,6,5,2,7,1,5,9,2,3,2,9
46240,1,7,6,2,0,8,0,9,5,6,5
46241,7,1,0,3,4,6,1,5,7,3,4
46242,2,3,4,6,8,2,6,8,9,5,6
46243,0,0,7,4,2,7,4,3,4,8,0
46244,7,1,0,3,4,6,1,5,7,3,4
46245,8,2,7,5,9,7,8,4,6,9,8
46246,7,1,0,3,4,6,1,5,7,3,4
46247,5,8,3,1,6,0,7,1,4,4,0
46248,0,4,3,0,2,0,4,3,4,8,0
46249,8,2,5,5,9,9,8,4,6,9,2
46250,6,5,2,7,1,5,9,2,3,2,9
46251,9,9,9,2,7,1,5,7,2,0,5
46252,2,3,4,6,8,2,6,8,9,5,6
46253,8,4,5,5,9,9,8,4,6,9,2
46254,1,7,6,2,0,8,0,9,5,6,5
46255,8,4,7,0,2,7,4,4,6,8,0
46256,1,7,6,2,0,8,0,9,5,6,5
46257,8,2,7,5,9,7,8,4,6,9,8
46258,5,8,3,1,6,0,7,8,4,4,7
46259,6,5,2,7,1,5,9,2,3,2,9
46260,8,2,5,5,9,9,8,4,6,9,2
46261,0,8,3,1,2,0,4,1,4,4,0
46262,7,3,0,6,4,6,1,8,9,3,4
46263,0,4,7,0,2,7,4,4,6,8,0
46264,0,4,5,0,2,9,4,4,6,8,2
46265,8,2,5,5,9,9,8,4,6,9,2
46266,7,1,0,3,4,6,1,7,7,3,4
46267,9,9,9,2,7,1,5,7,2,0,5
46268,9,9,9,2,7,1,5,7,2,0,5
46269,5,8,3,1,6,0,7,1,4,4,7
46270,7,1,0,3,4,6,1,5,7,3,4
46271,5,8,3,1,6,0,7,1,1,4,7
46272,5,5,8,9,3,4,7,0,8,7,7
46273,3,0,1,4,5,3,2,6,1,1,1
46274,9,9,9,7,7,1,5,7,2,0,9
46275,9,9,9,2,7,1,5,7,2,0,5
46276,1,7,6,2,0,8,0,9,5,6,5
46277,6,5,2,7,1,5,9,2,3,2,9
46278,0,4,3,0,2,0,4,1,4,8,2
46279,7,1,0,3,4,6,1,5,7,3,4
46280,7,1,0,3,4,6,1,5,7,3,4
46281,8,2,7,5,9,7,8,8,9,9,8
46282,0,4,7,0,2,7,4,4,6,8,0
46283,8,2,5,5,9,9,8,4,6,9,2
46284,5,8,3,1,6,0,7,1,4,4,7
46285,4,5,4,9,3,2,3,8,9,7,3
46286,6,0,2,4,1,5,9,2,1,2,9
46287,8,2,7,5,9,7,8,4,6,9,8
46288,5,5,3,1,6,0,7,1,4,4,7
46289,3,0,1,4,5,3,2,3,1,1,8
46290,7,1,0,3,4,6,1,5,7,3,4
46291,9,9,9,2,7,1,5,7,2,0,5
46292,3,6,1,8,5,3,2,6,0,1,1
46293,6,5,2,7,1,5,9,2,3,2,9
46294,3,0,1,4,5,3,2,6,1,1,1
46295,7,1,0,3,4,6,1,5,7,3,4
46296,9,9,9,2,7,1,5,7,2,0,5
46297,8,2,5,5,9,9,8,4,6,9,8
46298,5,8,3,1,6,0,7,1,4,4,7
46299,2,3,4,6,8,2,6,8,9,5,6
46300,1,7,6,2,0,8,0,9,5,6,5
46301,8,2,7,5,9,7,8,4,6,9,8
46302,9,9,9,2,7,1,5,7,2,0,5
46303,3,0,1,4,5,3,2,6,1,1,1
46304,1,7,6,2,0,8,0,9,5,6,5
46305,8,2,7,5,9,7,8,3,2,9,8
46306,7,1,0,3,4,6,1,5,7,3,4
46307,9,9,9,2,7,1,5,3,2,0,5
46308,0,4,3,0,2,0,4,1,4,8,0
46309,4,5,8,9,3,4,3,3,8,7,3
46310,4,5,8,9,3,4,3,3,8,7,3
46311,8,2,5,5,9,9,8,4,6,9,8
46312,5,8,3,1,6,0,7,1,4,4,0
46313,2,3,4,6,8,2,6,8,9,5,6
46314,0,4,3,0,2,0,4,1,4,8,0
46315,8,2,7,5,9,7,8,3,6,9,8
46316,1,7,6,2,0,8,0,9,5,6,5
46317,6,5,2,7,1,5,9,2,3,2,9
46318,0,4,7,0,2,7,4,1,4,8,0
46319,6,3,2,7,1,5,9,2,3,2,9
46320,7,1,0,3,4,6,1,5,7,3,4
46321,8,2,5,5,9,9,8,4,6,9,8
46322,2,3,4,6,8,2,6,8,9,5,6
46323,4,5,8,9,3,4,3,3,8,7,3
46324,4,5,8,9,3,4,3,1,8,7,3
46325,8,2,7,5,9,7,8,4,6,9,8
46326,1,7,6,2,0,8,0,9,5,6,5
46327,8,2,9,5,9,1,8,7,2,9,8
46328,3,0,1,4,5,3,2,6,1,1,1
46329,2,3,4,6,8,2,6,8,9,5,6
46330,2,3,4,6,8,2,6,8,9,5,6
46331,1,7,6,2,0,8,0,3,5,6,5
46332,3,6,1,8,5,3,2,6,0,1,1
46333,5,8,3,1,6,0,7,1,4,4,7
46334,1,7,6,2,0,8,0,9,5,6,5
46335,9,9,9,2,7,1,5,7,2,0,5
46336,0,4,3,0,2,0,4,1,4,8,0
46337,2,3,4,6,8,2,6,8,9,5,6
46338,6,5,2,7,1,5,9,2,3,2,9
46339,3,0,1,4,5,3,2,3,1,1,1
46340,0,4,3,0,2,0,4,1,4,8,0
46341,8,2,5,5,9,9,8,4,6,9,8
46342,1,7,6,2,0,8,0,9,5,6,5
46343,6,5,2,7,1,5,9,2,3,2,9
46344,3,6,1,8,5,3,2,6,0,1,1
46345,6,3,2,7,1,5,9,2,3,2,9
46346,2,3,4,6,8,2,6,8,9,5,6
46347,9,9,9,2,7,1,5,7,2,0,5
46348,7,1,0,3,4,6,1,5,7,3,4
46349,8,2,5,5,9,9,8,4,6,9,8
46350,7,1,0,3,4,6,1,5,7,3,4
46351,8,2,5,5,9,9,8,4,6,9,8
46352,0,4,7,0,2,7,4,1,4,8,0
46353,8,2,7,5,9,7,8,4,6,9,8
46354,1,7,6,2,0,8,0,9,5,6,5
46355,8,2,7,5,9,7,8,4,6,9,8
46356,8,2,5,5,9,9,8,4,6,9,8
46357,8,2,7,5,9,7,8,4,6,9,8
46358,2,3,4,6,8,2,6,8,9,5,6
46359,4,5,8,9,3,4,3,3,8,7,3
46360,1,7,6,2,0,8,0,9,5,6,5
46361,8,2,5,5,9,9,8,4,6,9,8
46362,5,8,3,1,6,0,7,1,4,4,7
46363,8,2,5,5,9,9,8,4,2,9,8
46364,6,3,2,7,1,5,5,2,3,0,9
46365,1,7,6,2,0,8,0,3,5,6,5
46366,7,6,0,8,4,6,1,5,0,3,4
46367,8,2,7,5,9,7,8,4,6,9,8
46368,7,6,0,8,4,6,1,5,0,3,4
46369,9,9,9,2,7,1,5,7,2,0,5
46370,7,1,0,3,4,6,1,5,7,3,4
46371,3,5,1,4,5,3,2,6,8,1,1
46372,1,7,6,2,0,8,0,9,5,6,5
46373,3,0,1,4,5,3,2,6,1,1,1
46374,5,8,3,1,6,0,7,1,4,4,7
46375,4,0,8,4,3,4,3,3,1,7,3
46376,0,4,5,0,2,9,4,1,4,8,2
46377,2,3,4,6,8,2,6,8,9,5,6
46378,7,1,0,3,4,6,1,5,7,3,4
46379,0,4,7,0,2,7,4,4,6,8,0
46380,7,1,0,3,4,6,1,8,7,3,4
46381,2,3,4,6,8,2,6,8,9,5,6
46382,4,7,6,9,3,8,3,3,8,7,3
46383,9,9,9,2,7,1,5,3,2,0,5
46384,5,8,3,1,6,0,7,1,4,4,7
46385,9,9,9,2,7,1,5,7,2,0,5
46386,7,1,0,3,4,6,1,5,7,3,4
46387,2,3,4,6,8,2,6,8,9,5,6
46388,5,8,3,1,6,0,7,1,4,4,7
46389,4,5,8,9,3,4,3,3,8,7,3
46390,4,5,8,9,3,4,3,0,8,7,3
46391,3,6,1,4,5,3,2,6,1,1,1
46392,1,7,6,2,0,8,0,3,5,6,5
46393,4,5,8,9,3,4,3,3,8,7,3
46394,6,5,2,7,1,5,9,2,3,2,9
46395,2,3,4,6,8,2,6,8,9,5,6
46396,2,3,4,6,8,2,6,8,9,5,6
46397,2,3,4,6,8,2,6,8,9,5,6
46398,3,6,1,8,5,3,2,6,0,1,1
46399,2,3,4,6,8,2,6,8,9,5,6
46400,6,0,2,7,1,5,9,2,3,2,9
46401,8,2,7,5,9,7,8,4,6,9,8
46402,0,4,7,0,2,7,4,4,6,8,0
46403,7,1,0,3,4,6,1,3,7,3,4
46404,1,7,6,2,0,8,0,9,5,6,5
46405,2,3,4,6,8,2,6,8,9,5,6
46406,7,1,0,3,4,6,1,5,7,3,4
46407,9,9,9,2,7,1,5,7,2,0,5
46408,6,5,2,7,1,5,9,2,3,2,9
46409,7,1,0,3,4,6,1,5,7,3,4
46410,3,6,1,8,5,3,2,6,0,1,1
46411,4,5,8,9,3,4,3,3,8,7,3
46412,3,6,1,8,5,3,2,6,0,1,1
46413,8,2,7,5,9,7,8,4,6,9,8
46414,6,5,2,7,1,5,9,2,3,2,9
46415,8,2,7,5,9,7,8,4,6,9,8
46416,1,7,6,2,0,8,0,9,5,6,5
46417,9,9,9,2,7,1,5,7,2,0,5
46418,2,3,4,6,8,2,6,8,9,5,6
46419,6,9,2,7,1,5,9,2,3,2,9
46420,4,5,8,9,3,4,3,0,8,7,3
46421,4,5,8,9,3,4,3,3,8,7,3
46422,8,7,5,2,0,9,0,4,6,6,5
46423,2,2,7,5,8,7,6,4,9,5,8
46424,7,1,0,3,4,6,1,5,7,3,4
46425,2,3,4,6,8,2,6,8,9,5,6
46426,5,8,3,1,6,0,7,1,4,4,7
46427,2,3,4,6,8,2,6,3,9,5,6
46428,7,1,0,3,4,6,1,5,7,3,4
46429,8,2,5,5,9,9,8,4,6,9,8
46430,3,0,1,4,5,3,2,6,1,1,1
46431,8,2,7,5,9,7,8,4,6,9,8
46432,5,5,3,8,6,0,7,1,0,4,7
46433,9,9,9,2,7,1,5,7,2,0,5
46434,1,7,6,2,0,8,0,9,5,6,5
46435,2,2,7,5,8,7,6,3,9,5,8
46436,3,0,1,4,5,3,2,3,1,1,1
46437,9,9,9,2,7,1,5,7,2,0,5
46438,3,0,1,4,5,3,2,6,1,1,1
46439,3,0,1,4,5,3,2,3,1,1,1
46440,4,5,8,9,3,4,3,0,8,7,3
46441,4,0,8,9,3,4,3,3,8,7,3
46442,7,1,0,3,4,6,1,5,7,3,4
46443,3,6,1,4,5,3,2,6,1,1,1
46444,0,4,7,0,2,7,4,1,4,8,0
46445,1,7,6,2,0,8,0,9,5,6,5
46446,3,6,1,4,5,3,2,6,1,1,1
46447,5,8,3,1,6,0,7,1,4,4,7
46448,2,3,7,6,8,7,6,4,9,5,6
46449,7,1,0,3,4,6,1,5,7,3,4
46450,2,3,4,6,8,2,6,8,9,5,6
46451,0,4,3,0,2,0,4,1,4,8,0
46452,1,7,6,2,0,8,0,9,5,6,5
46453,2,1,4,6,8,2,6,5,9,5,6
46454,7,1,0,3,4,6,1,5,7,3,4
46455,4,5,8,9,3,4,3,0,8,7,3
46456,5,8,3,1,6,0,7,1,4,4,7
46457,5,8,3,1,6,0,7,1,4,4,7
46458,2,3,4,6,8,2,6,3,9,5,6
46459,3,0,1,4,5,3,2,6,1,1,1
46460,5,8,3,1,6,0,7,1,4,4,7
46461,1,7,6,2,0,8,0,9,5,6,5
46462,0,4,5,0,2,9,4,4,6,8,2
46463,6,5,2,7,1,5,9,2,3,2,9
46464,6,5,2,7,1,5,9,2,3,2,9
46465,7,1,0,3,4,6,1,5,7,3,4
46466,0,8,3,1,6,0,7,1,4,4,2
46467,0,4,3,0,2,0,4,1,4,8,0
46468,1,7,6,2,0,8,0,9,5,6,5
46469,2,3,4,6,8,2,6,8,9,5,6
46470,1,7,6,2,0,8,0,9,5,6,5
46471,4,5,8,9,3,4,3,0,8,7,3
46472,5,8,3,1,6,0,7,1,4,4,7
46473,5,8,3,1,6,0,7,1,4,4,0
46474,0,4,7,0,2,7,4,1,4,8,0
46475,2,3,4,6,8,2,6,8,9,5,6
46476,7,1,0,3,4,6,1,5,7,3,4
46477,0,4,3,0,2,7,4,1,4,8,0
46478,2,3,4,6,8,2,6,8,9,5,6
46479,3,0,1,4,5,3,2,6,1,1,1
46480,7,1,0,3,4,6,1,8,7,3,4
46481,1,7,6,2,0,8,0,9,5,6,5
46482,5,5,3,1,6,0,7,0,8,4,7
46483,6,5,2,7,1,5,9,2,3,2,9
46484,3,6,1,8,5,3,2,6,0,1,1
46485,7,1,0,3,4,6,1,5,7,3,4
46486,2,3,4,6,8,2,6,8,9,5,6
46487,5,8,3,1,6,0,7,1,4,4,7
46488,3,6,1,8,5,3,2,6,0,1,1
46489,2,3,4,6,8,2,6,8,9,5,6
46490,0,4,7,0,2,7,4,4,6,8,0
46491,4,5,8,9,3,4,3,0,8,7,3
46492,5,8,3,1,6,0,7,1,4,4,7
46493,5,8,3,1,6,0,7,6,0,4,7
46494,3,6,1,8,5,3,2,6,0,1,1
46495,2,3,4,6,8,2,6,8,9,5,6
46496,1,7,6,2,0,8,0,9,5,6,5
46497,0,4,7,0,2,7,4,4,6,8,0
46498,0,4,6,0,2,8,4,9,5,8,0
46499,1,7,6,2,0,8,0,9,5,6,5
46500,2,3,4,6,8,2,6,3,9,5,6
46501,0,4,3,0,2,0,4,1,4,8,0
46502,7,1,0,3,4,6,1,5,7,3,4
46503,0,4,3,0,2,0,4,1,4,8,0
46504,9,9,9,2,7,1,5,7,2,0,5
46505,2,3,4,6,8,2,6,8,9,5,6
46506,0,4,6,0,2,8,4,9,5,8,0
46507,1,7,6,2,0,8,0,9,5,6,5
46508,2,3,4,6,8,2,6,8,9,5,6
46509,2,3,4,6,8,2,6,8,9,5,6
46510,9,9,9,2,7,1,5,7,2,0,5
46511,4,5,8,9,3,4,3,0,8,7,3
46512,9,9,9,2,7,1,5,7,2,0,5
46513,2,3,4,6,8,2,6,8,9,5,6
46514,8,2,5,5,9,9,8,4,6,9,2
46515,0,4,5,0,2,9,4,4,6,8,2
46516,3,6,1,8,5,3,2,6,0,1,1
46517,6,5,2,7,1,5,9,2,3,2,9
46518,9,9,9,2,7,1,5,7,2,0,5
46519,2,3,4,6,8,2,6,8,9,5,6
46520,1,7,6,2,0,8,0,9,5,6,5
46521,4,5,8,9,3,4,3,0,8,7,3
46522,7,1,0,3,4,6,1,5,7,3,4
46523,7,1,0,3,4,6,1,5,7,3,4
46524,5,8,3,1,6,0,7,1,4,4,7
46525,7,1,0,3,4,6,1,5,7,3,4
46526,4,5,8,9,3,4,3,0,8,7,3
46527,7,1,0,3,4,6,1,5,7,3,4
46528,2,3,4,6,8,2,6,8,9,5,6
46529,4,5,8,9,3,4,3,0,8,7,3
46530,5,8,3,1,6,0,7,1,4,4,7
46531,2,3,4,6,8,2,6,8,9,5,6
46532,7,1,0,3,4,6,1,5,7,3,4
46533,5,8,3,1,6,0,7,1,4,4,7
46534,7,1,0,3,4,6,1,5,7,3,4
46535,3,6,1,8,5,3,2,6,0,1,1
46536,4,7,8,9,3,4,3,9,8,7,3
46537,0,4,6,0,2,7,4,9,5,8,0
46538,4,5,8,9,3,4,3,0,8,7,3
46539,1,7,6,2,0,8,0,9,5,6,5
46540,6,5,2,7,1,5,9,2,3,2,9
46541,5,8,3,1,6,0,7,1,4,4,7
46542,1,7,6,2,0,8,0,9,5,6,5
46543,5,8,3,1,6,0,7,1,4,4,7
46544,7,1,0,3,4,6,1,5,7,3,4
46545,0,4,3,0,2,0,4,1,4,8,0
46546,7,1,0,3,4,6,1,5,7,3,4
46547,1,7,6,2,0,8,0,9,5,6,5
46548,7,1,0,3,4,6,1,5,7,3,4
46549,7,1,0,3,4,6,1,5,7,3,4
46550,5,8,3,1,6,0,7,1,4,4,7
46551,6,5,2,7,1,5,9,2,3,2,9
46552,1,7,6,2,0,8,0,9,5,6,5
46553,6,5,2,7,1,5,9,2,3,2,9
46554,7,1,0,3,4,6,1,5,7,3,4
46555,7,1,0,3,4,6,1,5,7,3,4
46556,9,9,9,2,7,1,5,7,2,0,5
46557,2,0,4,4,8,2,6,3,1,5,6
46558,4,5,8,9,3,4,3,0,8,7,3
46559,4,5,8,9,3,4,3,0,8,7,3
46560,3,6,1,8,5,3,2,6,0,1,1
46561,5,8,3,1,6,0,7,1,4,4,7
46562,3,6,1,8,5,3,2,6,0,1,1
46563,7,1,0,3,4,6,1,5,7,3,4
46564,0,4,7,0,2,7,4,4,6,8,0
46565,0,4,3,0,2,0,4,1,4,8,0
46566,7,1,0,3,4,6,1,5,7,3,4
46567,4,5,8,9,3,4,3,0,8,7,3
46568,5,8,3,1,6,0,7,1,4,4,7
46569,0,4,3,0,2,0,4,1,4,8,0
46570,7,1,0,3,4,6,1,5,7,3,4
46571,2,0,4,4,8,2,6,3,1,5,6
46572,0,4,6,0,2,8,4,9,5,8,5
46573,7,1,0,3,4,6,1,5,7,3,4
46574,6,5,2,7,1,5,9,2,3,2,9
46575,1,7,6,2,0,8,0,9,5,6,5
46576,1,7,6,2,0,8,0,9,5,6,5
46577,0,4,3,0,2,0,4,1,4,8,0
46578,0,8,3,0,2,0,4,1,4,8,0
46579,3,0,1,4,5,3,2,6,1,1,1
46580,9,9,9,2,7,1,5,3,2,0,6
46581,4,5,8,9,3,4,3,0,8,7,3
46582,3,0,1,4,5,3,2,6,1,1,1
46583,1,7,6,2,0,8,0,9,5,6,5
46584,1,7,6,2,0,8,0,9,5,6,5
46585,6,5,2,7,1,5,9,2,3,2,9
46586,6,5,2,7,1,5,9,2,3,2,9
46587,4,5,8,9,3,4,3,0,8,7,3
46588,7,1,0,3,4,6,1,5,7,3,4
46589,0,4,7,0,2,7,4,1,4,8,0
46590,4,5,8,9,3,4,3,0,8,7,3
46591,6,5,2,7,1,5,9,2,3,2,9
46592,7,1,6,3,4,8,1,9,5,3,4
46593,6,5,2,7,1,5,9,2,3,2,9
46594,5,5,8,1,6,4,7,0,8,4,7
46595,7,1,0,3,4,6,1,5,7,3,4
46596,2,3,4,6,8,2,6,3,9,5,6
46597,7,1,0,3,4,6,1,5,7,3,4
46598,9,9,9,2,7,1,5,7,2,0,5
46599,2,3,4,6,8,2,6,8,9,5,6
46600,7,1,0,3,4,6,1,5,7,3,4
46601,1,7,6,2,0,8,0,9,5,6,5
46602,0,4,6,0,2,8,4,9,5,8,0
46603,2,0,4,4,8,2,6,3,1,5,6
46604,3,6,1,8,5,3,2,6,0,1,1
46605,8,4,5,0,9,9,8,4,6,9,2
46606,6,5,2,7,1,5,9,2,3,2,9
46607,0,4,5,0,2,9,4,1,4,8,0
46608,7,1,0,3,4,6,1,5,7,3,4
46609,0,4,7,0,2,7,4,1,4,8,0
46610,7,1,0,3,4,6,1,5,7,3,4
46611,4,5,8,9,3,4,3,0,8,7,3
46612,2,3,7,6,8,7,6,3,4,5,0
46613,0,4,7,0,2,7,4,1,4,8,0
46614,2,3,4,6,8,2,6,8,9,5,6
46615,5,8,3,1,6,0,7,1,4,4,7
46616,7,1,0,3,4,6,1,5,7,3,4
46617,3,6,1,8,5,3,2,6,0,1,1
46618,0,4,5,0,2,9,4,4,6,8,2
46619,6,5,2,7,1,5,9,2,3,2,9
46620,1,5,6,2,0,8,0,9,5,6,5
46621,7,1,0,3,4,6,1,5,7,3,4
46622,0,4,7,0,2,7,4,1,4,8,0
46623,0,4,7,0,2,7,4,4,6,8,0
46624,0,4,7,0,2,7,4,4,6,8,0
46625,3,0,1,4,5,3,2,6,1,1,1
46626,5,8,3,1,6,0,7,1,4,4,7
46627,3,0,1,4,5,3,2,6,1,1,1
46628,3,6,1,8,5,3,2,6,0,1,1
46629,2,3,4,6,8,2,6,8,9,5,6
46630,8,2,5,5,9,9,8,4,6,9,2
46631,2,3,4,6,8,2,6,8,9,5,6
46632,5,5,8,8,3,4,7,0,8,7,7
46633,2,3,4,6,8,2,6,8,9,5,6
46634,7,1,0,3,4,6,1,5,7,3,4
46635,2,3,4,6,8,2,6,3,9,5,6
46636,0,4,5,0,2,9,4,4,6,8,2
46637,1,7,6,2,0,8,0,9,5,6,5
46638,0,4,5,0,2,9,4,4,6,8,2
46639,7,1,0,3,4,6,1,5,7,3,4
46640,7,1,0,3,4,6,1,5,7,3,4
46641,0,4,7,0,2,7,4,4,6,8,0
46642,0,4,3,0,2,0,4,1,4,8,2
46643,0,4,7,0,2,7,4,4,6,8,0
46644,0,8,3,1,2,0,4,1,4,4,0
46645,5,8,3,1,6,0,7,1,4,4,0
46646,5,5,8,1,6,4,7,0,8,4,7
46647,7,1,0,3,4,6,1,5,7,3,4
46648,8,2,7,5,9,7,8,4,6,9,8
46649,7,1,0,3,4,6,1,5,7,3,4
46650,2,3,4,6,8,2,6,8,9,5,6
46651,0,4,3,0,2,0,4,1,4,8,0
46652,7,1,0,3,4,6,1,5,7,3,4
46653,3,0,1,4,5,3,2,6,1,1,1
46654,7,1,0,3,4,6,1,5,7,3,4
46655,0,4,3,0,2,0,4,1,4,8,0
46656,9,9,9,2,7,1,5,7,2,0,5
46657,7,1,0,3,4,6,1,5,7,3,4
46658,1,7,6,2,0,8,0,9,5,6,5
46659,0,4,3,0,2,0,4,1,4,8,0
46660,0,4,7,0,2,7,4,1,4,8,0
46661,3,0,1,4,5,3,2,6,1,1,1
46662,0,4,3,0,2,0,4,1,4,8,0
46663,6,5,2,7,1,5,9,2,3,2,9
46664,1,7,6,2,0,8,0,9,5,6,5
46665,4,5,8,9,3,4,3,0,8,7,3
46666,7,1,0,3,4,6,1,5,7,3,4
46667,7,1,0,3,4,6,1,5,7,3,4
46668,5,8,3,1,6,0,7,1,4,4,7
46669,4,5,8,9,3,4,3,0,8,7,3
46670,5,5,8,9,3,4,7,0,8,7,7
46671,8,2,5,5,9,9,8,4,6,9,2
46672,0,4,5,0,2,9,4,4,6,8,2
46673,0,4,7,0,2,7,4,1,4,8,0
46674,7,1,0,3,4,6,1,5,7,3,4
46675,9,9,9,2,7,1,5,3,2,0,5
46676,5,5,3,1,6,0,7,0,8,4,7
46677,5,4,7,0,2,7,4,4,6,8,0
46678,6,5,2,7,1,5,9,2,3,2,9
46679,1,7,6,2,0,8,0,9,5,6,5
46680,7,6,0,8,4,6,1,5,0,3,4
46681,7,1,0,3,4,6,1,5,7,3,4
46682,5,5,8,9,3,4,3,0,8,7,7
46683,3,6,1,8,5,3,2,6,0,1,1
46684,4,5,8,9,3,4,3,3,8,7,3
46685,1,7,6,2,0,8,0,9,5,6,5
46686,8,2,5,5,9,9,8,4,6,9,2
46687,6,5,2,7,1,5,9,2,3,2,9
46688,0,4,5,0,2,9,4,4,6,8,2
46689,6,5,2,7,1,5,9,2,3,2,9
46690,7,1,0,3,4,6,1,5,7,3,4
46691,5,8,3,1,6,0,7,1,4,4,7
46692,7,1,0,3,4,6,1,1,4,3,4
46693,2,3,4,6,8,2,6,8,9,5,6
46694,6,5,2,7,1,5,9,2,3,2,9
46695,4,5,8,9,3,4,3,0,8,7,3
46696,1,7,6,2,0,8,0,9,5,6,5
46697,0,4,3,0,2,0,4,1,4,8,2
46698,2,3,4,6,8,2,6,8,9,5,6
46699,2,3,4,6,8,2,6,8,9,5,6
46700,0,8,3,1,6,0,4,1,4,4,0
46701,0,4,3,0,2,0,4,1,4,8,0
46702,7,1,0,3,4,6,1,5,7,3,4
46703,3,6,1,8,5,3,2,6,0,1,1
46704,4,5,8,9,3,4,3,0,8,7,3
46705,1,7,6,2,0,8,0,9,5,6,5
46706,5,8,3,1,6,0,7,1,4,4,7
46707,6,5,2,7,1,5,9,2,3,2,9
46708,6,5,2,7,1,5,9,2,3,2,9
46709,7,1,0,3,4,6,1,5,7,3,4
46710,6,5,2,7,1,5,9,2,3,2,9
46711,5,8,3,1,6,0,7,1,4,4,7
46712,0,8,3,1,2,0,4,1,4,8,0
46713,2,3,4,6,8,2,6,3,9,5,6
46714,5,8,3,1,6,0,7,1,4,4,7
46715,4,5,8,9,3,4,3,3,8,7,3
46716,9,2,7,5,7,7,5,7,2,0,8
46717,0,4,5,0,2,9,4,1,4,8,2
46718,1,7,6,2,0,8,0,9,5,6,5
46719,2,3,4,6,8,2,6,8,9,5,6
46720,7,1,0,3,4,6,1,5,7,3,4
46721,0,4,3,0,2,0,4,1,4,8,0
46722,1,7,6,2,0,8,0,9,5,6,5
46723,3,6,1,8,5,3,2,6,0,1,1
46724,0,4,5,0,2,9,4,4,6,8,2
46725,1,7,6,2,0,8,0,9,5,6,5
46726,0,4,4,0,2,2,4,8,9,8,0
46727,6,5,2,7,1,5,9,2,3,2,9
46728,5,8,3,1,6,0,7,1,4,4,7
46729,7,1,0,3,4,6,1,5,7,3,4
46730,2,3,4,6,8,2,6,8,9,5,6
46731,5,8,3,1,6,0,7,1,4,4,0
46732,4,5,8,9,3,4,3,0,8,7,3
46733,8,2,7,5,9,7,8,3,6,9,8
46734,9,9,9,2,7,1,5,7,2,0,5
46735,4,5,8,9,3,4,3,0,8,7,3
46736,7,1,0,3,4,6,1,5,7,3,4
46737,0,4,5,0,2,9,4,4,6,8,2
46738,7,1,0,3,4,6,1,8,7,3,4
46739,2,3,4,6,8,2,6,8,9,5,6
46740,3,6,1,8,5,3,2,6,0,1,1
46741,0,8,3,0,2,0,4,1,4,8,0
46742,5,8,3,1,6,0,7,1,4,4,7
46743,7,1,0,3,4,6,1,5,7,3,4
46744,8,2,5,5,9,9,8,4,6,9,8
46745,5,8,3,1,6,0,7,1,4,4,7
46746,5,8,3,1,6,0,7,1,4,4,7
46747,1,7,6,2,0,8,0,9,5,6,5
46748,2,0,4,4,8,2,6,3,1,5,6
46749,5,8,3,1,6,0,7,1,4,4,7
46750,4,5,8,9,3,4,3,0,8,7,3
46751,3,0,1,4,5,3,2,6,1,1,1
46752,0,4,5,0,2,9,4,4,6,8,2
46753,7,1,0,3,4,6,1,8,7,3,4
46754,5,8,3,1,6,0,7,1,4,4,7
46755,4,5,8,9,3,4,3,0,8,7,3
46756,2,3,4,6,8,2,6,8,9,5,6
46757,5,8,3,1,6,0,7,1,4,4,7
46758,7,3,0,6,4,6,1,8,9,3,0
46759,2,3,4,6,8,2,6,8,9,5,6
46760,6,5,2,7,1,5,9,2,3,2,9
46761,5,8,3,1,6,0,7,1,4,4,7
46762,8,2,7,5,9,7,8,4,6,9,8
46763,3,6,1,8,5,3,2,6,0,1,1
46764,7,1,0,3,4,6,1,5,7,3,4
46765,0,4,5,0,2,9,4,1,4,8,2
46766,5,8,3,1,6,0,7,1,4,4,7
46767,0,3,4,6,2,2,4,8,9,8,0
46768,7,1,0,3,4,6,1,5,7,3,4
46769,0,4,5,0,2,9,4,1,4,8,2
46770,5,8,3,1,6,0,7,1,4,4,7
46771,0,4,5,0,2,9,4,4,6,8,2
46772,3,0,1,4,5,3,2,6,1,1,1
46773,0,8,3,1,2,0,4,1,4,4,0
46774,0,4,3,0,2,0,4,1,4,8,0
46775,3,6,1,8,5,3,2,6,0,1,1
46776,0,4,3,0,2,0,4,1,4,8,0
46777,5,8,3,1,6,0,7,1,4,4,7
46778,8,2,7,5,9,7,8,4,6,9,8
46779,8,2,5,5,9,9,8,4,6,9,2
46780,1,7,6,2,0,8,0,9,5,6,5
46781,0,4,3,0,2,0,4,1,4,8,0
46782,9,9,9,2,7,1,5,7,2,0,5
46783,6,5,2,7,1,5,9,2,3,2,9
46784,0,8,3,0,2,0,4,1,4,8,0
46785,3,0,1,4,5,3,2,6,1,1,1
46786,8,2,7,5,9,7,8,4,6,9,8
46787,2,3,4,6,8,2,6,8,9,5,6
46788,4,5,8,9,3,4,3,3,8,7,3
46789,2,3,3,6,8,0,6,8,9,5,6
46790,5,8,3,1,6,0,7,1,4,4,7
46791,2,3,4,6,8,2,6,8,9,5,6
46792,1,7,6,2,0,8,0,9,5,6,5
46793,2,3,4,6,8,2,6,8,9,5,6
46794,2,3,4,6,8,2,6,8,9,5,6
46795,5,8,3,1,6,0,7,1,4,4,7
46796,3,6,1,8,5,3,2,6,0,1,1
46797,3,0,1,4,5,3,2,6,1,1,1
46798,5,8,3,1,6,0,7,1,4,4,7
46799,0,4,5,0,2,9,4,1,4,8,2
46800,5,8,3,1,6,0,7,1,4,4,7
46801,9,9,9,2,7,1,5,7,2,0,5
46802,5,8,3,1,6,0,7,1,4,4,7
46803,7,1,0,3,4,6,1,5,7,3,4
46804,4,5,8,9,3,4,3,3,8,7,3
46805,2,2,7,5,8,7,6,4,6,5,8
46806,0,4,7,0,2,7,4,1,4,8,0
46807,7,1,0,3,4,6,1,5,7,3,4
46808,7,1,0,3,4,6,1,5,7,3,4
46809,1,7,6,2,0,8,0,9,5,6,5
46810,3,6,1,8,5,3,2,6,0,1,1
46811,4,5,8,9,3,4,3,0,8,7,3
46812,3,6,1,8,5,3,2,6,0,1,1
46813,2,3,4,6,8,2,6,3,9,5,6
46814,5,8,3,1,6,0,7,1,4,4,7
46815,7,1,0,3,4,6,1,5,7,3,4
46816,2,3,4,2,8,2,6,8,9,5,5
46817,7,1,0,3,4,6,1,8,7,3,4
46818,2,0,4,4,8,2,6,3,1,5,6
46819,0,4,5,0,2,9,4,4,6,8,2
46820,0,4,5,0,2,9,4,4,6,8,2
46821,7,1,0,3,4,6,1,5,7,3,4
46822,3,6,1,8,5,3,2,6,0,1,1
46823,1,7,6,2,0,8,0,9,5,6,5
46824,2,3,4,6,8,2,6,3,9,5,6
46825,4,5,8,9,3,4,3,0,8,7,3
46826,3,6,1,8,5,3,2,6,0,1,1
46827,2,3,4,6,8,2,6,8,9,5,6
46828,0,4,7,0,2,7,4,9,5,8,0
46829,2,3,4,6,8,2,6,3,9,5,6
46830,6,9,2,7,1,5,9,2,3,2,9
46831,5,8,3,1,6,0,7,1,4,4,7
46832,8,2,7,5,9,7,8,4,2,9,8
46833,6,5,2,7,1,5,9,2,3,2,9
46834,7,1,0,3,4,6,1,5,7,3,4
46835,6,5,2,7,1,5,9,2,3,2,9
46836,8,2,5,5,9,9,8,4,6,9,2
46837,3,6,1,8,5,3,2,6,0,1,1
46838,7,1,0,3,4,6,1,5,7,3,4
46839,0,4,3,0,2,0,4,1,4,8,0
46840,1,7,6,2,0,8,0,9,5,6,5
46841,0,5,2,0,2,5,4,2,3,8,0
46842,1,7,6,2,0,8,0,9,5,6,5
46843,0,4,7,0,2,7,4,4,6,8,0
46844,1,7,6,2,0,8,0,3,5,6,5
46845,4,5,8,9,3,4,3,0,8,7,3
46846,5,8,3,1,6,0,7,1,4,4,7
46847,2,3,4,6,8,2,6,8,9,5,6
46848,7,1,0,3,4,6,1,5,7,3,4
46849,6,5,2,7,1,5,9,2,3,2,9
46850,9,9,9,2,7,1,5,7,2,0,5
46851,0,4,5,0,2,9,4,4,6,8,2
46852,5,8,3,1,6,0,7,1,4,4,7
46853,7,1,0,3,4,6,1,5,7,3,4
46854,7,1,0,3,4,6,1,5,7,3,4
46855,1,7,6,2,0,8,0,9,5,6,5
46856,7,1,0,3,4,6,1,5,7,3,4
46857,7,1,0,3,4,6,1,5,7,3,4
46858,8,2,5,5,9,9,8,4,6,9,8
46859,4,5,8,9,3,4,3,0,8,7,3
46860,2,3,4,6,8,2,6,8,9,5,6
46861,4,5,8,9,3,4,3,0,8,7,3
46862,7,1,0,3,4,6,1,5,7,3,4
46863,6,5,2,7,1,5,9,2,3,2,9
46864,7,3,0,3,4,6,1,8,7,3,4
46865,1,7,6,2,0,8,0,9,5,6,5
46866,5,8,3,1,6,0,7,1,4,4,7
46867,6,5,2,7,1,5,9,2,3,2,9
46868,3,6,1,8,5,3,2,6,0,1,1
46869,5,5,8,1,6,4,7,0,8,4,7
46870,5,8,3,1,6,0,7,1,4,4,7
46871,3,6,1,8,5,3,2,6,0,1,1
46872,7,1,0,3,4,6,1,5,7,3,4
46873,0,4,5,0,2,9,4,4,6,8,2
46874,1,7,6,0,0,8,0,9,5,6,0
46875,8,2,5,5,9,9,8,4,6,9,2
46876,2,3,4,6,8,2,6,8,9,5,6
46877,0,4,3,0,2,0,4,1,4,8,0
46878,7,1,0,3,4,6,1,5,7,3,4
46879,8,2,5,5,9,9,8,4,6,9,2
46880,1,7,6,2,0,8,0,9,5,6,5
46881,8,2,7,5,9,7,8,4,6,9,8
46882,7,1,0,3,4,6,1,5,7,3,4
46883,2,3,4,6,8,2,6,8,9,5,6
46884,0,4,3,0,2,0,4,1,4,8,0
46885,0,4,3,0,2,0,4,1,4,8,0
46886,5,8,3,1,6,0,7,1,4,4,7
46887,6,5,2,7,1,5,9,2,3,2,9
46888,1,7,6,2,0,8,0,9,5,6,5
46889,0,8,3,1,6,0,7,1,4,4,0
46890,7,1,0,3,4,6,1,5,7,3,4
46891,2,3,4,6,8,2,6,8,9,5,6
46892,3,6,1,8,5,3,2,6,0,1,1
46893,1,7,6,2,0,8,0,9,5,6,5
46894,0,4,7,0,2,7,4,4,6,8,0
46895,2,3,4,6,8,2,6,8,9,5,6
46896,3,6,1,8,5,3,2,6,0,1,1
46897,7,1,0,3,4,6,1,5,7,3,4
46898,4,5,8,9,3,4,3,3,8,7,3
46899,7,1,0,3,4,6,1,5,7,3,4
46900,7,1,0,3,4,6,1,5,7,3,4
46901,7,1,0,3,4,6,1,5,7,3,4
46902,0,7,6,0,2,8,4,9,5,8,0
46903,4,5,8,9,3,4,3,0,8,7,3
46904,2,3,7,6,2,7,6,8,9,8,8
46905,3,6,1,8,5,3,2,6,0,1,1
46906,0,4,3,0,2,0,4,1,4,8,0
46907,0,4,3,0,2,0,4,1,4,8,0
46908,7,1,0,3,4,6,1,5,7,3,4
46909,0,4,3,0,2,0,4,1,4,8,0
46910,6,9,2,7,1,5,9,2,3,2,9
46911,7,1,0,3,4,6,1,5,7,3,4
46912,9,9,9,2,7,1,5,7,2,0,5
46913,1,7,6,2,0,8,0,9,5,6,5
46914,7,1,0,3,4,6,1,5,7,3,4
46915,1,7,6,2,0,8,0,9,5,6,5
46916,1,7,6,2,0,8,0,9,5,6,5
46917,3,6,1,8,5,3,2,6,0,1,1
46918,0,4,7,2,2,7,4,4,6,8,5
46919,1,7,6,2,0,8,0,9,5,6,5
46920,0,4,3,0,2,0,4,1,4,8,0
46921,6,5,2,7,1,5,9,2,3,2,9
46922,5,8,3,1,6,0,7,1,4,4,0
46923,7,1,0,3,4,6,1,5,7,3,4
46924,7,1,0,3,4,6,1,5,7,3,4
46925,0,4,7,0,2,7,4,4,6,8,0
46926,3,6,1,8,5,3,2,0,0,1,1
46927,9,9,9,6,7,1,5,7,2,0,5
46928,0,4,5,0,2,9,4,1,4,8,2
46929,8,4,7,5,9,7,8,4,6,9,8
46930,1,7,6,2,0,8,0,9,5,6,5
46931,3,0,1,4,5,3,2,6,1,1,1
46932,7,1,0,3,4,6,1,5,7,3,4
46933,1,7,6,2,0,8,0,9,5,6,5
46934,9,9,9,2,7,1,5,7,2,0,5
46935,6,5,2,7,1,5,9,2,3,2,9
46936,1,7,6,2,0,8,0,9,5,6,5
46937,7,1,0,3,4,6,1,5,7,3,4
46938,9,9,9,2,7,1,5,7,2,0,5
46939,8,2,7,5,9,7,8,4,6,9,0
46940,6,5,2,7,1,5,9,2,3,2,9
46941,8,2,7,2,9,1,8,3,6,9,8
46942,2,3,4,6,8,2,6,8,9,5,6
46943,4,5,8,9,3,4,3,3,8,7,3
46944,3,6,1,8,5,3,2,6,0,1,1
46945,8,2,5,5,9,9,8,4,6,9,2
46946,5,8,3,1,6,0,7,1,4,4,7
46947,3,0,1,4,5,3,2,6,1,1,1
46948,5,8,3,1,6,0,7,1,4,4,7
46949,9,9,9,2,7,1,5,7,2,0,5
46950,1,7,6,2,0,8,0,9,5,6,5
46951,6,5,2,7,1,5,9,2,3,2,9
46952,7,6,0,8,4,6,1,6,0,3,4
46953,3,0,1,4,5,3,2,6,1,1,1
46954,1,7,6,2,0,8,0,9,5,6,5
46955,0,4,7,0,2,7,4,1,4,8,0
46956,6,5,2,7,1,5,9,2,3,2,9
46957,8,4,5,0,2,9,4,4,6,8,2
46958,7,1,0,3,4,6,1,9,7,3,4
46959,2,3,4,6,8,2,6,8,9,5,6
46960,5,8,3,1,6,0,7,1,4,4,7
46961,8,2,7,5,9,7,8,4,6,9,8
46962,3,0,1,4,5,3,2,6,1,1,1
46963,3,0,1,4,5,3,2,6,1,1,1
46964,0,4,3,0,2,0,4,1,4,8,0
46965,2,0,4,4,8,2,6,8,1,5,6
46966,6,9,2,7,1,5,9,2,3,2,9
46967,4,5,8,9,3,4,3,3,8,7,3
46968,2,3,4,6,8,2,6,8,9,5,6
46969,2,3,4,6,8,2,6,8,9,5,6
46970,0,4,7,0,2,7,4,1,6,8,0
46971,7,1,0,3,4,6,1,5,7,3,4
46972,0,8,3,1,6,0,4,1,4,4,0
46973,8,4,7,0,2,7,4,4,6,8,0
46974,6,5,2,7,1,5,9,2,3,2,9
46975,3,0,1,4,5,3,2,6,1,1,1
46976,1,7,6,2,0,8,0,9,5,6,5
46977,6,5,2,7,1,5,9,2,3,2,9
46978,7,1,0,3,4,6,1,5,7,3,4
46979,7,1,0,3,4,6,1,5,7,3,4
46980,3,0,1,4,5,3,2,3,1,1,1
46981,7,1,0,3,4,6,1,5,7,3,4
46982,4,5,7,9,3,7,3,0,8,7,0
46983,7,1,0,3,4,6,1,5,7,3,4
46984,1,7,6,2,0,8,0,9,5,6,5
46985,0,4,3,0,2,0,4,1,4,8,0
46986,1,7,6,2,0,8,0,9,5,6,5
46987,0,4,7,0,2,7,4,1,4,8,0
46988,8,2,7,2,9,7,8,4,6,9,8
46989,9,9,9,2,7,1,5,7,2,0,5
46990,7,1,0,3,4,6,1,5,7,3,4
46991,4,5,8,9,3,4,3,3,8,7,3
46992,3,6,1,8,5,3,2,6,0,1,1
46993,5,4,7,1,6,7,7,1,4,4,7
46994,4,5,8,9,3,4,3,0,8,7,3
46995,8,2,7,5,9,7,8,4,6,9,8
46996,7,1,0,3,4,6,1,5,7,3,4
46997,6,5,2,7,1,5,9,2,3,2,9
46998,7,1,0,3,4,6,1,5,7,3,4
46999,9,9,9,2,7,1,5,3,2,0,8
47000,3,6,1,8,5,3,2,6,0,1,1
47001,8,2,7,5,9,7,8,4,6,9,8
47002,5,8,3,1,6,0,7,1,4,4,0
47003,8,2,5,5,9,9,8,4,6,9,2
47004,1,7,6,2,0,8,0,9,5,6,5
47005,6,0,2,4,8,2,9,3,1,5,9
47006,5,5,8,9,3,4,7,0,8,7,7
47007,7,1,0,3,4,6,1,5,7,3,4
47008,7,1,0,3,4,6,1,5,7,3,4
47009,0,4,7,0,2,7,4,1,4,8,0
47010,0,4,7,0,2,7,4,4,6,8,0
47011,4,5,8,9,3,4,3,3,8,7,3
47012,1,7,6,2,0,8,0,9,5,6,5
47013,2,3,4,6,8,2,6,8,9,5,6
47014,4,5,8,9,3,4,3,3,8,7,3
47015,8,2,5,5,9,9,8,4,6,9,2
47016,7,1,0,3,4,6,1,5,7,3,4
47017,0,4,7,0,2,7,4,4,6,8,0
47018,4,5,8,9,3,4,3,0,8,7,3
47019,9,9,9,2,7,1,5,7,2,0,5
47020,5,8,3,1,6,0,7,1,4,4,7
47021,9,2,9,2,7,1,5,3,2,0,8
47022,1,7,6,2,0,8,0,9,5,6,5
47023,6,5,2,7,1,5,9,2,3,2,9
47024,6,5,2,7,1,5,9,2,3,2,9
47025,4,5,8,9,3,4,3,0,8,7,3
47026,5,5,8,9,3,4,7,0,8,7,7
47027,7,1,0,3,4,6,1,5,7,3,4
47028,5,8,3,1,6,0,7,0,4,4,7
47029,8,2,7,5,9,7,8,4,6,9,8
47030,1,7,6,2,0,8,0,9,5,6,5
47031,3,0,1,4,5,3,2,3,1,1,1
47032,4,7,6,9,0,8,3,3,5,6,3
47033,8,2,7,5,9,7,8,4,6,9,8
47034,1,7,6,2,0,8,0,9,5,6,5
47035,9,9,9,2,7,1,5,7,2,0,5
47036,4,5,8,9,3,4,3,3,8,7,3
47037,9,5,9,9,7,1,5,3,2,0,3
47038,5,4,7,1,6,7,7,1,4,4,0
47039,9,2,7,5,9,7,8,3,2,9,8
47040,0,4,7,0,2,7,4,1,4,8,0
47041,9,9,9,2,7,1,5,7,2,0,5
47042,3,6,1,8,5,3,2,6,0,1,1
47043,6,5,2,7,1,5,9,2,3,2,9
47044,5,8,3,1,6,0,7,1,4,4,7
47045,4,5,8,9,3,4,3,3,8,7,3
47046,3,6,1,8,5,3,2,6,0,1,1
47047,4,5,8,9,3,4,3,3,8,7,3
47048,8,2,7,5,9,7,8,4,6,9,8
47049,0,4,5,0,2,9,4,4,6,8,2
47050,1,7,6,2,0,8,0,9,5,6,5
47051,2,3,4,6,8,2,6,8,9,5,6
47052,7,3,0,6,4,6,1,8,9,3,0
47053,2,3,4,6,8,2,6,8,9,5,6
47054,9,9,9,2,7,1,5,7,2,0,5
47055,9,9,9,2,7,1,5,7,2,0,5
47056,5,8,3,1,6,0,7,1,4,4,7
47057,2,3,4,6,8,2,6,8,9,5,6
47058,5,8,3,1,6,0,7,1,4,4,0
47059,7,1,0,3,4,6,1,5,7,3,4
47060,7,1,0,3,4,6,1,5,7,3,4
47061,8,2,5,5,9,9,8,4,6,9,2
47062,9,9,9,2,7,1,5,7,2,0,8
47063,9,9,9,2,7,1,5,7,2,0,5
47064,4,5,8,9,3,4,3,0,8,7,3
47065,6,5,2,7,1,5,9,2,3,2,9
47066,2,3,4,6,8,2,6,8,9,5,6
47067,8,2,5,5,9,9,8,4,6,9,2
47068,0,4,3,0,2,0,4,1,4,8,0
47069,3,0,1,4,5,3,2,6,1,1,1
47070,0,4,7,0,2,7,4,4,6,8,0
47071,8,2,5,5,9,9,8,4,6,9,8
47072,3,0,1,4,5,3,2,6,1,1,1
47073,3,6,1,8,5,3,2,6,0,1,1
47074,7,1,0,3,4,6,1,5,7,3,4
47075,9,9,9,2,7,1,5,7,2,0,5
47076,7,1,0,3,4,6,1,5,7,3,4
47077,9,9,9,2,7,1,5,7,2,0,5
47078,3,6,1,8,5,3,2,6,0,1,1
47079,3,0,1,4,5,3,2,6,1,1,1
47080,7,1,0,3,4,6,1,5,7,3,4
47081,9,9,9,2,7,1,5,3,2,0,5
47082,0,4,7,0,2,7,4,4,6,8,0
47083,6,5,2,7,1,5,9,2,3,2,9
47084,4,5,8,9,3,4,3,0,8,7,3
47085,2,3,4,6,8,2,6,8,9,5,6
47086,5,8,3,1,6,0,7,1,4,4,7
47087,3,0,1,4,5,3,2,6,1,1,1
47088,6,5,2,7,1,5,9,2,3,2,9
47089,9,9,9,2,7,1,5,7,2,0,8
47090,7,1,0,3,4,6,1,5,7,3,4
47091,8,2,7,5,9,7,8,4,6,9,8
47092,5,8,3,1,6,0,7,1,4,4,7
47093,2,3,4,6,8,2,6,8,9,5,6
47094,5,8,3,1,6,0,7,1,4,4,0
47095,7,1,0,3,4,6,1,5,7,3,4
47096,3,6,1,8,5,3,2,6,0,1,1
47097,9,9,9,2,7,1,5,7,2,0,5
47098,9,2,7,2,7,7,5,3,2,0,8
47099,2,3,4,6,8,2,6,8,9,5,6
47100,7,1,0,3,4,6,1,5,7,3,4
47101,6,5,2,7,1,5,9,2,3,2,9
47102,6,5,2,7,1,5,9,2,3,2,9
47103,0,4,7,0,2,7,4,4,6,8,0
47104,2,3,4,6,8,2,6,3,9,5,6
47105,8,2,7,5,9,7,8,4,6,9,8
47106,4,5,8,9,3,4,3,0,8,7,3
47107,2,0,4,4,8,2,6,3,1,5,6
47108,1,7,6,2,0,8,0,9,5,6,5
47109,8,4,7,0,2,7,8,4,6,8,0
47110,8,2,5,5,9,9,8,4,6,9,8
47111,2,3,4,6,8,2,6,8,9,5,6
47112,4,5,8,9,3,4,3,0,8,7,3
47113,6,5,2,7,1,5,9,2,3,2,9
47114,6,5,2,7,1,5,9,2,3,2,9
47115,9,9,9,2,7,1,5,3,2,0,5
47116,1,7,3,2,0,0,0,1,4,6,5
47117,0,4,5,0,2,9,4,4,6,8,2
47118,1,7,6,2,0,8,0,9,5,6,5
47119,9,9,9,2,7,1,5,7,2,0,5
47120,5,8,3,1,6,0,7,1,4,4,0
47121,8,2,7,5,9,7,8,4,6,9,0
47122,7,1,0,3,4,6,1,5,7,3,4
47123,7,1,0,3,4,6,1,5,7,3,4
47124,3,6,1,8,5,3,2,6,0,1,1
47125,0,4,7,0,2,7,4,4,6,8,0
47126,8,2,7,5,9,7,8,4,6,9,8
47127,8,2,5,5,9,9,8,4,6,9,8
47128,5,8,3,1,6,0,7,1,4,4,7
47129,9,9,9,2,7,1,5,7,2,0,5
47130,7,1,0,3,4,6,1,5,7,3,4
47131,6,5,2,7,1,5,9,2,3,2,9
47132,7,1,0,3,4,6,1,5,7,3,4
47133,4,5,8,9,3,4,3,3,8,7,3
47134,5,8,3,1,6,0,7,1,4,4,7
47135,3,0,1,4,5,3,2,6,1,1,1
47136,2,3,4,6,8,2,6,8,9,5,6
47137,8,2,5,5,9,9,8,4,6,9,8
47138,2,1,4,6,8,2,6,3,9,5,6
47139,3,0,1,4,5,3,2,6,1,1,1
47140,4,5,8,9,3,4,3,0,8,7,3
47141,1,7,6,2,0,8,0,9,5,6,5
47142,1,7,6,2,0,8,0,9,5,6,5
47143,6,5,2,7,1,5,9,2,3,2,9
47144,2,3,4,6,8,2,6,8,9,5,6
47145,7,1,0,3,4,6,1,5,7,3,4
47146,7,1,0,3,4,6,1,5,7,3,4
47147,4,5,8,9,3,4,3,0,8,7,3
47148,0,4,7,0,2,7,4,1,4,8,0
47149,0,4,5,0,2,9,4,4,6,8,2
47150,2,3,4,6,8,2,6,3,9,5,6
47151,2,3,4,6,8,2,6,8,9,5,6
47152,2,3,4,6,8,2,6,3,9,5,6
47153,9,9,9,2,7,1,5,7,2,0,5
47154,7,3,0,6,4,6,1,8,9,3,4
47155,6,5,2,7,1,5,9,2,3,2,9
47156,3,6,1,8,5,3,2,6,0,1,1
47157,7,1,0,3,4,6,1,5,7,3,4
47158,1,7,6,2,0,8,0,9,5,6,5
47159,4,5,8,9,3,4,3,0,8,7,3
47160,5,8,3,1,6,0,7,1,4,4,7
47161,0,4,5,0,2,9,4,1,4,8,2
47162,4,5,8,9,3,4,3,0,8,7,3
47163,2,3,4,6,8,2,6,8,9,5,6
47164,6,3,2,7,1,5,9,2,3,2,9
47165,0,4,3,0,2,0,4,1,4,8,0
47166,3,6,1,8,5,3,2,6,0,1,1
47167,3,0,1,4,5,3,2,3,1,1,1
47168,0,4,5,0,2,9,4,4,6,8,2
47169,9,9,9,2,7,1,5,7,2,0,5
47170,8,2,5,5,9,9,8,4,6,9,8
47171,6,0,2,7,1,5,9,2,3,2,9
47172,7,1,0,3,4,6,1,5,7,3,4
47173,7,1,0,3,4,6,1,5,7,3,4
47174,3,6,1,8,5,3,2,6,0,1,1
47175,0,4,7,0,2,7,4,4,6,8,0
47176,7,1,0,3,4,6,1,5,7,3,4
47177,7,1,0,3,4,6,1,5,7,3,4
47178,0,4,3,0,2,0,4,1,4,8,0
47179,4,5,8,9,3,4,3,0,8,7,3
47180,5,8,3,1,6,0,7,1,4,4,7
47181,8,2,5,5,9,9,8,4,6,9,8
47182,0,4,5,0,2,9,4,1,4,8,2
47183,9,9,9,2,7,1,5,7,2,0,5
47184,0,4,5,0,2,9,4,4,6,8,2
47185,8,2,7,5,9,7,8,4,6,9,8
47186,3,0,1,4,5,3,2,6,1,1,1
47187,1,7,6,2,0,8,0,9,5,6,5
47188,2,3,4,6,8,2,6,8,9,5,6
47189,6,5,2,7,1,5,9,2,3,2,9
47190,3,6,1,8,5,3,2,6,0,1,1
47191,4,5,8,9,3,4,3,0,8,7,3
47192,7,1,0,3,4,6,1,5,7,3,4
47193,2,3,4,9,8,2,6,3,9,5,6
47194,1,7,6,2,0,8,0,9,5,6,5
47195,7,1,0,3,4,6,1,5,7,3,4
47196,0,4,3,0,2,0,4,1,4,8,0
47197,3,0,1,4,5,3,2,6,1,1,1
47198,0,8,3,0,2,0,4,1,4,8,0
47199,6,5,2,7,1,5,9,2,3,2,9
47200,1,7,6,2,0,8,0,9,5,6,5
47201,2,3,4,6,8,2,6,8,9,5,6
47202,3,6,1,8,5,3,2,6,0,1,1
47203,0,4,5,0,2,9,4,4,6,8,2
47204,2,3,4,6,8,2,6,8,9,5,6
47205,3,6,1,8,5,3,2,6,0,1,1
47206,0,4,3,0,2,0,4,1,4,8,2
47207,1,7,6,2,0,8,0,9,5,6,5
47208,9,2,9,2,7,1,5,3,2,0,8
47209,4,5,8,9,3,4,3,0,8,7,3
47210,5,8,3,1,6,0,7,1,4,4,7
47211,5,8,3,1,6,0,7,1,4,4,7
47212,2,3,4,6,8,2,6,8,9,5,6
47213,1,7,6,2,0,8,0,9,5,6,5
47214,5,5,8,1,6,4,7,0,0,4,7
47215,4,5,8,9,3,4,3,0,8,7,3
47216,9,9,9,2,7,1,5,7,2,0,5
47217,5,8,3,2,6,0,7,1,4,4,5
47218,1,7,6,3,0,8,0,9,5,6,5
47219,4,5,8,9,3,4,3,0,8,7,3
47220,6,5,2,7,1,5,9,2,3,2,9
47221,1,4,5,0,2,9,4,4,6,8,5
47222,1,7,6,2,0,8,0,9,5,6,5
47223,6,5,2,7,1,5,9,2,3,2,9
47224,1,7,6,2,0,8,0,9,5,6,5
47225,7,1,0,3,4,6,1,5,7,3,4
47226,9,9,9,2,7,1,5,7,2,0,5
47227,0,4,3,0,2,0,4,1,4,8,0
47228,6,5,2,7,1,5,9,2,3,2,9
47229,9,9,9,2,7,1,5,7,2,0,5
47230,2,3,4,6,8,2,6,8,9,5,6
47231,6,5,2,7,1,5,9,2,3,2,9
47232,0,4,5,0,2,9,4,4,6,8,2
47233,1,7,6,2,0,8,0,9,5,6,5
47234,1,7,6,2,0,8,0,9,5,6,5
47235,4,5,8,9,3,4,3,3,8,7,3
47236,1,7,6,2,0,8,0,9,5,6,5
47237,0,4,3,0,2,0,4,1,4,8,0
47238,1,7,6,2,0,8,0,9,5,6,5
47239,4,5,8,9,3,4,3,0,8,7,3
47240,5,8,3,1,6,0,7,1,4,4,7
47241,4,0,8,9,3,4,3,3,8,7,3
47242,8,2,5,5,9,9,8,4,6,9,8
47243,1,7,6,2,0,8,0,9,5,6,5
47244,0,4,3,0,2,0,4,1,4,8,0
47245,7,1,0,3,4,6,1,5,7,3,4
47246,3,5,1,9,5,3,2,3,8,1,7
47247,7,1,0,3,4,6,1,5,7,3,4
47248,0,4,5,0,2,9,4,4,6,8,2
47249,6,1,2,7,1,5,9,2,3,2,9
47250,8,2,7,5,9,7,8,4,6,9,8
47251,1,7,6,2,0,8,0,9,5,6,5
47252,5,8,3,1,6,0,7,1,4,4,7
47253,0,4,5,0,2,9,4,1,4,8,2
47254,6,5,2,7,1,5,9,2,3,2,9
47255,2,3,4,6,8,2,6,3,9,5,6
47256,2,3,4,6,8,2,6,8,9,5,6
47257,0,4,7,0,2,7,4,1,4,8,0
47258,7,1,0,3,4,6,1,5,7,3,4
47259,9,9,9,2,7,1,5,7,2,0,5
47260,6,5,2,7,1,5,9,2,3,2,7
47261,5,8,3,1,6,0,7,1,4,4,7
47262,0,4,3,0,2,0,4,1,4,8,2
47263,2,5,4,7,8,2,6,3,3,5,6
47264,1,7,6,2,0,8,0,9,5,6,5
47265,4,5,8,9,3,4,3,0,8,7,3
47266,0,4,5,0,2,9,4,4,6,8,2
47267,3,6,1,8,5,3,2,6,0,1,1
47268,1,7,6,2,0,8,0,9,5,6,5
47269,4,5,8,9,3,4,3,0,8,7,3
47270,6,5,2,7,1,5,9,2,3,2,9
47271,3,0,1,4,5,3,2,6,1,1,1
47272,1,7,6,2,0,8,0,9,5,6,5
47273,6,5,2,7,1,5,9,2,3,2,9
47274,8,2,7,5,9,7,8,3,6,9,8
47275,3,0,1,4,5,3,2,6,1,1,1
47276,5,8,3,1,6,0,7,1,4,4,7
47277,4,5,8,9,3,4,3,0,8,7,3
47278,5,8,3,1,6,0,7,1,4,4,4
47279,9,9,9,2,7,1,5,7,2,0,5
47280,7,1,0,3,4,6,1,5,7,3,4
47281,0,4,7,0,2,7,4,3,6,8,0
47282,5,8,3,1,6,0,7,1,4,4,7
47283,2,3,4,6,8,2,6,8,9,5,8
47284,2,3,4,6,8,2,6,8,9,5,6
47285,5,8,3,1,6,0,7,1,4,4,7
47286,0,4,3,0,2,0,4,1,4,8,2
47287,7,1,0,3,4,6,1,5,7,3,4
47288,4,5,8,9,3,4,3,8,8,7,3
47289,3,0,1,4,5,3,2,6,1,1,1
47290,7,1,0,3,4,6,1,5,7,3,4
47291,1,7,6,0,0,8,0,9,5,6,5
47292,0,4,6,0,2,8,4,9,5,8,0
47293,5,8,7,1,6,7,7,4,6,4,7
47294,3,6,1,8,5,3,2,6,0,1,1
47295,2,3,4,6,8,2,6,8,9,5,0
47296,1,7,6,2,0,8,0,9,5,6,5
47297,1,7,6,5,0,8,0,4,6,6,5
47298,2,3,4,6,8,2,6,8,9,5,6
47299,0,8,3,1,6,0,4,1,4,4,0
47300,5,5,8,1,6,4,7,0,8,4,7
47301,2,7,6,6,8,8,6,9,5,5,6
47302,6,5,2,7,1,5,9,2,3,2,9
47303,5,8,3,1,6,0,7,1,4,4,7
47304,2,3,4,6,8,2,6,8,9,5,6
47305,7,1,0,3,4,6,1,5,7,3,4
47306,6,9,2,7,1,5,9,2,3,2,9
47307,8,2,9,5,9,1,8,4,6,9,8
47308,0,4,7,0,2,7,4,1,4,8,0
47309,1,7,6,2,0,8,0,9,5,6,5
47310,1,7,6,2,0,8,0,9,5,6,5
47311,7,1,0,3,4,6,1,5,7,3,4
47312,1,7,6,2,0,8,0,9,5,6,5
47313,0,4,7,0,2,7,4,1,4,8,0
47314,7,1,0,3,4,6,1,5,7,3,4
47315,2,3,4,6,8,2,6,8,9,5,6
47316,3,6,1,4,5,3,2,6,1,1,1
47317,9,9,9,2,7,1,5,7,2,0,5
47318,5,8,3,1,6,0,7,1,4,4,7
47319,7,1,0,3,4,6,1,5,7,3,4
47320,0,4,7,6,2,7,4,8,6,8,0
47321,4,5,2,7,1,5,3,3,3,2,3
47322,5,8,2,7,1,5,7,2,3,2,7
47323,0,4,7,0,2,7,4,1,4,8,0
47324,3,6,1,8,5,3,2,6,0,1,1
47325,0,4,5,0,2,9,4,4,6,8,2
47326,0,4,3,0,2,0,4,1,4,8,0
47327,9,9,9,2,7,1,5,7,2,0,5
47328,2,3,4,6,8,2,6,3,9,5,6
47329,7,1,0,3,4,6,1,5,7,3,4
47330,0,4,3,0,2,0,4,1,4,8,0
47331,2,3,4,6,8,2,6,8,9,5,6
47332,0,4,3,0,2,0,4,1,4,8,0
47333,9,9,9,2,7,1,5,7,2,0,5
47334,5,8,7,1,6,7,7,1,4,4,7
47335,2,0,4,4,8,2,6,3,1,5,6
47336,0,4,7,0,2,7,4,1,4,8,0
47337,0,4,3,0,2,0,4,1,4,8,2
47338,1,7,6,2,0,8,0,9,5,6,5
47339,7,1,0,3,4,6,1,5,7,3,4
47340,0,4,7,0,2,7,4,9,5,8,0
47341,0,4,7,0,2,7,4,4,6,8,0
47342,4,5,8,9,3,4,3,0,8,7,3
47343,4,5,8,2,3,4,3,3,2,7,5
47344,3,6,1,8,5,3,2,6,0,1,7
47345,8,2,7,5,9,7,8,4,6,9,8
47346,4,1,8,9,3,4,3,5,8,7,3
47347,8,2,7,5,9,7,8,4,6,9,8
47348,7,1,0,3,4,6,1,5,7,3,4
47349,1,7,6,2,0,8,0,9,5,6,5
47350,1,7,6,2,0,8,0,9,5,6,5
47351,0,4,5,0,2,9,4,1,4,8,2
47352,0,4,6,0,2,8,4,9,5,8,0
47353,8,2,7,5,9,7,8,4,2,9,8
47354,9,9,9,2,7,1,5,7,2,0,5
47355,0,4,7,0,2,7,4,1,4,8,0
47356,7,1,0,3,4,6,1,5,7,3,4
47357,7,1,0,3,4,6,1,5,7,3,4
47358,2,3,4,6,8,2,6,3,9,5,6
47359,2,3,4,6,8,2,6,8,9,5,6
47360,1,7,6,2,0,8,0,9,5,6,5
47361,0,3,3,6,2,0,4,8,4,8,0
47362,8,2,5,5,9,9,8,4,6,9,8
47363,0,4,7,0,2,7,4,4,6,8,0
47364,1,7,6,2,0,8,0,9,5,6,5
47365,4,5,8,9,3,4,3,0,8,7,3
47366,7,1,0,3,4,6,1,5,7,3,4
47367,7,1,0,3,4,6,1,5,7,3,4
47368,5,8,3,1,6,0,7,1,4,4,7
47369,6,5,2,7,1,5,9,2,3,2,9
47370,3,6,1,8,5,3,2,6,0,1,1
47371,3,0,1,4,5,3,2,6,1,1,1
47372,3,6,1,8,5,3,2,6,0,1,1
47373,9,9,9,2,7,1,5,7,2,0,5
47374,0,4,5,0,2,9,4,1,4,8,2
47375,6,5,2,7,1,5,9,2,3,2,9
47376,1,7,6,6,0,8,0,9,5,6,6
47377,2,3,4,6,8,2,6,8,9,5,6
47378,6,5,2,7,1,5,9,2,3,2,9
47379,8,2,7,5,9,7,8,0,8,9,8
47380,7,1,0,3,4,6,1,5,7,3,4
47381,9,9,9,2,7,1,5,3,2,0,5
47382,1,7,6,2,0,8,0,9,5,6,5
47383,3,0,1,4,5,3,2,3,1,1,1
47384,9,9,9,2,7,1,5,7,2,0,5
47385,8,2,7,5,9,1,8,4,6,9,8
47386,3,6,1,8,5,3,2,6,0,1,1
47387,2,3,4,7,8,2,6,3,3,5,9
47388,1,7,6,2,0,8,0,9,5,6,5
47389,3,0,1,4,5,3,2,3,1,1,1
47390,0,4,3,0,2,0,4,1,4,8,0
47391,9,9,9,7,7,1,5,7,2,0,9
47392,2,3,4,6,8,2,6,8,9,5,6
47393,6,5,2,7,1,5,9,2,3,2,9
47394,1,7,6,2,0,8,0,9,5,6,5
47395,2,3,4,6,8,2,6,8,9,5,6
47396,3,0,1,4,5,3,2,6,1,1,1
47397,8,2,7,5,9,7,8,4,6,9,8
47398,8,2,7,5,9,7,8,4,6,9,8
47399,8,2,5,5,9,9,8,4,6,9,8
47400,1,7,6,2,0,8,0,9,5,6,5
47401,9,9,9,6,7,1,5,7,2,0,5
47402,8,2,5,5,9,9,8,4,6,9,8
47403,9,2,9,5,7,1,5,3,2,0,8
47404,4,5,8,9,3,4,3,3,8,7,3
47405,3,0,1,4,5,3,2,6,1,1,1
47406,3,0,1,4,5,3,2,6,1,1,1
47407,9,9,9,2,7,1,5,7,2,0,5
47408,9,9,9,2,7,1,5,7,2,0,5
47409,6,3,2,7,1,5,9,2,3,2,9
47410,0,4,7,0,2,7,4,1,4,8,0
47411,7,1,0,3,4,6,1,5,7,3,4
47412,2,3,4,6,8,2,6,8,9,5,0
47413,8,2,7,5,9,7,8,4,6,9,8
47414,2,3,4,6,8,2,6,5,9,5,6
47415,4,5,8,9,3,4,3,3,8,7,3
47416,0,4,5,0,2,9,4,4,6,8,0
47417,8,2,7,5,9,7,8,3,6,9,8
47418,4,5,8,9,3,4,3,0,8,7,3
47419,2,0,4,4,8,2,6,3,1,5,6
47420,7,1,0,3,4,6,1,5,7,3,4
47421,9,9,9,2,7,1,5,7,2,0,5
47422,3,0,1,4,5,3,2,6,1,1,1
47423,8,2,7,5,9,7,8,4,6,9,8
47424,7,1,0,3,4,6,1,5,7,3,0
47425,2,3,4,6,8,2,6,7,9,5,6
47426,7,1,0,3,4,6,1,5,7,3,4
47427,8,2,7,5,9,7,8,4,6,9,8
47428,7,1,0,3,4,6,1,5,7,3,4
47429,9,9,9,2,7,1,5,7,2,0,5
47430,4,5,8,9,3,4,3,0,8,7,3
47431,8,2,7,5,9,7,8,4,6,9,8
47432,5,5,3,2,6,0,7,1,4,4,7
47433,2,3,4,6,8,2,6,3,9,5,6
47434,1,7,6,2,0,8,0,9,5,6,5
47435,9,9,9,2,7,1,5,7,2,0,5
47436,4,5,8,9,3,4,3,0,8,7,3
47437,4,5,8,9,3,4,3,0,8,7,3
47438,2,3,7,6,8,7,6,3,9,5,8
47439,8,2,5,5,9,9,8,4,6,9,2
47440,1,7,6,2,0,8,0,9,5,6,5
47441,7,1,0,3,4,6,1,5,7,3,4
47442,1,7,6,2,0,8,0,9,5,6,5
47443,6,8,2,7,1,5,9,2,3,2,9
47444,2,3,4,6,8,2,6,8,9,5,6
47445,8,2,7,5,9,7,8,3,2,9,8
47446,1,7,6,2,0,8,0,9,5,6,5
47447,3,0,1,4,5,3,2,3,1,1,1
47448,3,6,1,8,5,3,2,6,0,1,1
47449,9,9,9,2,7,1,5,3,2,0,5
47450,5,5,8,1,6,4,7,0,8,4,7
47451,4,5,8,9,3,4,3,3,8,7,3
47452,4,0,8,9,3,4,3,0,1,7,3
47453,8,2,5,5,9,9,8,4,6,9,8
47454,4,5,8,9,3,4,3,0,8,7,7
47455,2,3,4,6,8,2,6,3,9,5,6
47456,0,4,7,0,2,7,4,9,5,8,0
47457,8,2,7,5,9,7,8,4,6,9,8
47458,2,3,4,6,8,2,6,3,9,5,6
47459,8,2,7,5,9,7,8,4,6,9,8
47460,6,9,2,7,1,5,9,2,3,2,9
47461,2,3,4,6,8,2,6,8,9,5,6
47462,5,3,3,6,6,0,7,8,9,4,7
47463,6,3,2,7,1,5,9,2,3,2,9
47464,0,4,5,0,2,9,4,1,4,8,2
47465,9,9,9,2,7,1,5,7,2,0,5
47466,3,6,1,8,5,3,2,6,0,1,1
47467,6,3,2,7,1,5,9,2,3,2,9
47468,7,1,0,3,4,6,1,5,7,3,4
47469,2,3,4,6,8,2,6,8,9,5,6
47470,3,6,1,8,5,3,2,6,0,1,1
47471,9,9,9,2,7,1,5,3,2,0,8
47472,9,9,9,2,7,1,5,3,2,0,5
47473,5,0,2,4,6,5,7,3,1,4,8
47474,4,5,8,9,3,4,3,0,8,7,7
47475,2,0,4,4,8,2,6,3,1,5,6
47476,3,6,1,8,5,3,2,6,0,1,1
47477,8,2,7,5,9,7,8,4,6,9,8
47478,7,3,4,6,4,6,1,8,9,3,6
47479,5,5,2,1,6,5,7,3,3,4,8
47480,7,1,0,3,4,6,1,5,7,3,4
47481,2,3,4,6,8,2,6,3,9,5,6
47482,4,0,8,9,3,4,3,0,8,7,3
47483,8,2,7,5,9,7,8,4,6,9,8
47484,7,1,0,3,4,6,1,5,7,3,4
47485,0,4,5,0,2,9,4,1,4,8,2
47486,4,5,8,9,3,4,3,0,8,7,3
47487,0,4,5,0,2,9,4,4,6,8,2
47488,2,0,4,4,8,2,6,3,1,5,6
47489,0,4,7,0,2,7,4,1,4,8,0
47490,1,7,6,2,0,8,0,9,5,6,5
47491,0,4,3,0,2,0,4,1,4,8,0
47492,4,5,8,2,3,4,3,0,8,7,5
47493,2,3,4,6,8,2,6,8,9,5,6
47494,5,8,3,1,6,0,7,1,4,4,0
47495,8,2,5,5,9,9,8,4,6,9,2
47496,7,1,0,3,4,6,1,5,7,3,4
47497,4,5,8,9,3,4,3,3,8,7,3
47498,9,9,9,2,7,1,5,7,2,0,5
47499,4,5,8,9,3,4,3,2,8,7,3
47500,0,4,3,0,2,0,4,1,4,8,0
47501,9,9,9,2,7,1,5,7,2,0,5
47502,1,7,6,2,0,8,0,9,5,6,5
47503,9,2,9,2,7,1,5,3,2,0,8
47504,0,4,5,0,2,9,4,1,4,8,0
47505,2,3,4,6,8,2,6,8,9,5,6
47506,0,4,0,0,2,6,4,1,7,8,0
47507,8,2,7,5,9,7,8,3,6,9,8
47508,1,7,6,2,0,8,0,9,5,6,5
47509,4,5,8,4,3,4,3,3,1,7,3
47510,7,1,0,3,4,6,1,5,7,3,4
47511,8,2,7,5,9,7,8,4,6,9,8
47512,2,3,4,6,8,2,6,8,9,5,6
47513,3,0,1,4,5,3,2,6,1,1,1
47514,7,1,6,3,4,8,1,5,7,3,5
47515,6,9,2,7,1,5,9,2,3,2,9
47516,1,7,6,2,0,8,0,9,5,6,5
47517,8,2,7,5,9,7,8,4,6,9,8
47518,5,8,3,1,6,0,7,1,4,4,7
47519,2,3,4,6,8,2,6,3,9,5,6
47520,5,8,3,1,6,0,7,1,4,4,4
47521,8,2,7,5,9,7,8,3,2,9,8
47522,1,7,6,2,0,8,0,9,5,6,5
47523,8,2,7,5,9,7,8,4,6,9,8
47524,4,5,8,9,3,4,3,3,8,7,3
47525,2,3,4,6,8,2,6,8,9,5,6
47526,2,3,4,6,8,2,6,8,9,5,0
47527,9,9,9,2,7,1,5,7,2,0,5
47528,2,4,7,6,8,7,6,3,9,5,8
47529,6,5,2,7,1,5,9,2,3,2,9
47530,6,5,2,7,1,5,9,2,3,2,9
47531,6,5,2,7,1,5,9,2,3,2,9
47532,0,4,3,0,2,0,4,1,4,8,0
47533,7,0,0,4,4,6,1,5,1,3,4
47534,6,0,2,7,1,5,9,3,3,2,9
47535,9,9,9,2,7,1,5,7,2,0,5
47536,8,2,5,5,9,9,8,4,6,9,8
47537,8,2,5,5,9,9,8,4,6,9,8
47538,7,1,0,3,4,6,1,5,7,3,4
47539,2,3,4,6,8,2,6,3,9,5,6
47540,0,4,6,0,2,8,4,9,5,8,0
47541,8,2,7,5,9,7,8,4,6,9,8
47542,1,7,6,2,0,8,0,9,5,6,5
47543,2,2,4,6,8,2,6,3,9,5,8
47544,8,4,5,5,9,9,8,4,6,9,2
47545,9,9,9,2,7,1,5,7,2,0,5
47546,7,1,0,3,4,6,1,5,7,3,4
47547,8,2,7,5,9,7,8,4,6,9,8
47548,2,3,4,6,8,2,6,8,9,5,6
47549,2,3,4,6,8,2,6,8,9,5,6
47550,7,1,0,3,4,6,1,5,7,3,4
47551,9,9,9,2,7,1,5,7,2,0,5
47552,3,6,1,8,5,3,2,6,0,1,1
47553,9,9,9,2,7,1,5,7,2,0,5
47554,7,1,0,3,4,6,1,5,7,3,4
47555,3,0,1,4,5,3,2,6,1,1,1
47556,0,4,7,0,2,7,4,4,6,8,0
47557,6,9,2,7,1,5,9,2,3,2,9
47558,5,8,3,1,6,0,7,0,4,4,7
47559,8,2,5,5,9,9,8,4,6,9,8
47560,3,6,1,8,5,3,2,6,0,1,1
47561,4,5,8,9,3,4,3,3,8,7,3
47562,2,5,4,6,8,2,6,3,9,5,6
47563,2,3,4,6,8,2,6,8,9,5,6
47564,4,5,8,9,3,4,3,0,8,7,3
47565,6,9,2,7,1,5,9,2,3,2,9
47566,8,2,7,5,9,7,8,4,6,9,8
47567,2,3,4,6,8,2,6,8,9,5,6
47568,9,9,5,2,7,9,5,4,6,0,5
47569,8,2,7,5,9,7,8,4,6,9,8
47570,1,7,6,2,0,8,0,9,5,6,5
47571,8,2,7,5,9,7,8,4,6,9,8
47572,3,6,1,8,5,3,2,6,0,1,1
47573,6,5,2,7,1,5,9,2,3,2,9
47574,4,5,8,9,3,4,3,0,8,7,3
47575,6,5,2,7,1,5,9,2,3,2,9
47576,9,9,9,2,7,1,5,7,2,0,5
47577,2,3,4,6,8,2,6,8,9,5,6
47578,6,5,2,7,1,5,9,2,3,2,9
47579,3,0,1,4,5,3,2,6,1,1,1
47580,1,7,6,2,0,8,0,9,5,6,5
47581,3,6,1,8,5,3,2,6,0,1,1
47582,2,3,4,6,8,2,6,8,9,5,6
47583,1,7,6,2,0,8,0,9,5,6,5
47584,4,5,8,9,3,4,3,0,8,7,3
47585,6,5,2,7,1,5,9,2,3,2,9
47586,7,1,0,3,4,6,1,5,7,3,4
47587,7,1,0,3,4,6,1,5,7,3,4
47588,5,8,3,1,6,0,7,1,4,4,7
47589,0,8,3,0,2,0,4,1,4,8,0
47590,1,7,6,2,0,8,0,9,5,6,5
47591,2,3,4,6,8,2,6,8,9,5,6
47592,7,1,0,3,4,6,1,5,7,3,4
47593,4,5,8,9,3,4,3,0,8,7,3
47594,0,8,3,1,6,0,7,1,4,4,0
47595,0,4,3,0,2,0,4,1,4,8,0
47596,0,4,5,0,2,9,4,1,4,8,2
47597,4,5,8,9,3,4,3,0,8,7,7
47598,7,1,0,3,4,6,1,5,7,3,4
47599,3,6,1,8,5,3,2,6,0,1,1
47600,0,4,3,0,2,0,4,1,4,8,0
47601,1,7,6,2,0,8,0,9,5,6,5
47602,7,1,0,3,4,6,1,5,7,3,4
47603,1,7,6,2,0,8,0,9,5,6,5
47604,0,4,3,0,2,0,4,1,4,8,2
47605,7,1,0,3,4,6,1,5,7,3,4
47606,5,8,3,1,6,0,7,1,4,4,7
47607,5,8,3,1,6,0,7,1,4,4,7
47608,5,8,7,1,6,7,7,0,8,4,7
47609,4,0,8,4,3,4,3,3,1,7,3
47610,6,5,2,7,1,5,9,2,3,2,9
47611,5,8,3,1,6,0,7,0,4,4,7
47612,6,5,2,7,1,5,9,2,3,2,9
47613,5,8,3,1,6,0,7,1,4,4,7
47614,1,5,5,2,0,9,0,9,5,6,2
47615,3,6,1,8,5,3,2,6,0,1,1
47616,3,6,1,8,5,3,2,6,0,1,1
47617,0,4,3,0,2,0,4,1,4,8,0
47618,7,1,0,3,4,6,1,5,7,3,4
47619,3,6,1,8,5,3,2,6,0,1,1
47620,7,1,0,3,4,6,1,5,7,3,4
47621,1,7,6,2,0,8,0,9,5,6,5
47622,2,3,4,6,8,2,6,8,9,5,6
47623,9,9,9,2,7,1,5,9,2,0,5
47624,7,1,0,3,4,6,1,5,7,3,4
47625,7,1,0,3,4,6,1,5,7,3,4
47626,3,6,1,8,5,3,2,6,0,1,1
47627,0,4,7,0,2,7,4,1,4,8,0
47628,7,1,0,3,4,6,1,5,7,3,4
47629,4,0,8,4,3,4,3,3,1,7,3
47630,7,1,0,3,4,6,1,5,7,3,4
47631,5,8,3,1,6,0,7,0,4,4,7
47632,7,1,0,3,4,6,1,5,7,3,4
47633,0,4,3,0,2,0,4,1,4,8,2
47634,0,4,0,0,2,6,4,8,9,8,0
47635,3,0,1,4,5,3,2,6,1,1,1
47636,5,8,2,1,6,5,7,1,0,4,7
47637,0,4,3,0,2,0,4,1,4,8,0
47638,1,7,6,2,0,8,0,9,5,6,5
47639,3,0,1,4,5,3,2,6,1,1,1
47640,0,4,5,0,2,8,4,9,5,8,0
47641,2,3,4,6,8,2,6,8,9,5,6
47642,1,7,6,2,0,8,0,7,5,6,5
47643,7,1,0,3,4,6,1,5,7,3,4
47644,1,7,6,2,0,8,0,9,5,6,5
47645,0,8,3,0,2,0,4,1,4,8,0
47646,0,4,7,0,2,7,4,1,4,8,0
47647,3,6,1,8,5,3,2,6,0,1,1
47648,2,3,4,6,8,2,6,8,9,5,6
47649,6,5,2,7,1,5,9,2,3,2,9
47650,6,3,2,7,1,5,9,2,3,2,9
47651,7,1,0,8,4,6,1,5,7,3,4
47652,7,1,0,2,4,6,1,7,7,3,4
47653,7,1,0,3,4,6,1,5,7,3,4
47654,7,1,0,3,4,6,1,5,7,3,4
47655,7,1,0,3,4,6,1,5,7,3,4
47656,7,1,0,3,4,6,1,5,7,3,4
47657,5,8,3,1,6,0,7,1,4,4,7
47658,6,5,2,7,1,5,9,2,3,2,9
47659,5,8,3,1,6,0,7,1,4,4,7
47660,7,1,0,3,4,6,1,5,7,3,4
47661,9,5,7,2,7,7,5,3,2,0,8
47662,5,8,3,1,6,0,7,1,4,4,7
47663,4,5,8,9,3,4,3,0,8,7,3
47664,5,8,3,1,6,0,7,1,4,4,0
47665,0,4,3,0,2,0,4,1,4,8,0
47666,0,4,3,0,2,0,4,1,4,8,2
47667,6,5,2,7,1,5,9,2,3,2,9
47668,1,7,6,2,0,8,0,9,5,6,5
47669,7,1,0,3,4,6,1,5,7,3,4
47670,1,7,6,2,0,8,0,9,5,6,5
47671,5,8,3,1,6,0,7,1,4,4,7
47672,1,7,6,2,0,8,0,9,5,6,5
47673,4,5,8,9,3,4,3,0,8,7,3
47674,5,8,3,1,6,0,7,1,4,4,7
47675,7,3,0,6,4,6,1,8,9,3,6
47676,7,1,0,3,4,6,1,5,7,3,4
47677,0,4,6,0,2,8,4,9,5,8,2
47678,2,3,4,6,8,2,6,8,9,5,6
47679,0,4,3,0,2,0,4,1,4,8,0
47680,5,8,3,1,6,0,7,1,4,4,7
47681,1,7,6,2,0,8,0,9,5,6,5
47682,0,8,3,1,6,0,7,1,4,4,7
47683,2,0,4,5,8,2,6,3,1,5,8
47684,7,1,0,3,4,6,1,5,7,3,4
47685,5,5,2,1,6,5,7,2,3,4,7
47686,6,5,2,7,1,5,9,2,3,2,9
47687,5,5,8,1,6,4,7,0,8,4,7
47688,6,5,2,7,1,5,9,2,3,2,9
47689,7,6,0,8,4,6,1,5,0,3,4
47690,2,3,4,6,8,2,6,8,9,5,6
47691,0,4,7,0,2,7,4,1,4,8,0
47692,1,7,6,2,0,8,0,9,5,6,5
47693,3,6,1,8,5,3,2,6,0,1,1
47694,4,5,8,9,3,4,3,3,8,7,3
47695,0,4,7,0,2,7,4,1,4,8,0
47696,4,5,8,9,3,4,3,0,8,7,3
47697,1,7,6,2,0,8,0,9,5,6,5
47698,0,4,3,0,2,0,4,1,4,8,0
47699,4,5,8,9,3,4,3,0,8,7,3
47700,8,4,5,0,2,9,4,4,6,8,2
47701,0,4,3,0,2,0,4,1,4,8,0
47702,1,7,6,2,0,8,0,9,5,6,5
47703,0,4,7,0,2,7,4,1,4,8,0
47704,3,6,1,8,5,3,2,6,0,1,1
47705,3,6,1,8,5,3,2,6,0,1,1
47706,6,5,2,7,1,5,9,2,3,2,9
47707,8,2,7,5,9,7,8,3,6,9,8
47708,8,2,7,5,9,7,8,4,6,9,8
47709,1,7,6,2,0,8,0,9,5,6,5
47710,7,1,0,3,4,6,1,5,7,3,4
47711,6,5,2,7,1,5,9,2,3,2,9
47712,5,8,3,1,6,0,7,1,4,4,7
47713,4,5,8,9,3,4,3,0,8,7,3
47714,3,6,1,8,5,3,2,6,0,1,1
47715,5,5,8,1,6,4,7,0,8,4,7
47716,3,6,1,8,5,3,2,6,0,1,1
47717,0,4,3,0,2,0,4,1,4,8,2
47718,1,7,6,2,0,8,0,3,5,6,5
47719,5,5,3,1,6,0,7,8,9,4,7
47720,7,1,0,3,4,6,1,5,7,3,4
47721,1,7,6,2,0,8,0,9,5,6,5
47722,3,6,1,8,5,3,2,6,0,1,1
47723,3,6,1,8,5,3,2,6,0,1,1
47724,7,1,0,3,4,6,1,5,7,3,4
47725,7,1,0,3,4,6,1,5,7,3,4
47726,2,3,4,6,8,2,6,8,9,5,6
47727,0,4,5,0,2,9,4,1,4,8,2
47728,7,1,0,3,4,6,1,5,7,3,4
47729,1,7,6,2,0,8,0,9,5,6,5
47730,2,3,4,6,8,2,6,8,9,5,6
47731,9,9,9,2,7,1,5,2,2,0,5
47732,1,7,6,0,0,8,0,9,5,6,0
47733,0,4,5,0,2,9,4,1,4,8,2
47734,1,7,6,2,0,8,0,9,5,6,5
47735,1,7,6,2,0,8,0,9,5,6,5
47736,3,6,1,8,5,3,2,6,0,1,1
47737,9,9,9,2,7,1,5,7,2,0,5
47738,4,5,8,9,3,4,3,0,8,7,3
47739,3,0,1,4,5,3,2,6,1,1,1
47740,3,0,1,4,5,3,2,6,1,1,1
47741,4,0,5,4,3,9,3,3,1,7,2
47742,7,1,0,3,4,6,1,5,7,3,4
47743,5,8,3,1,6,0,7,1,4,4,7
47744,0,4,3,0,2,0,4,1,4,8,0
47745,0,8,3,1,6,0,4,1,4,4,0
47746,7,1,0,3,4,6,1,5,7,3,4
47747,7,1,0,3,4,6,1,5,7,3,4
47748,2,3,4,6,8,2,6,8,9,5,6
47749,7,1,0,3,4,6,1,5,7,3,4
47750,5,8,3,1,6,0,7,1,4,4,7
47751,1,7,6,2,0,8,0,9,5,6,5
47752,3,6,1,8,5,3,2,6,0,1,1
47753,7,6,0,8,4,6,1,5,0,3,4
47754,6,5,2,7,1,5,9,2,3,2,9
47755,5,8,3,1,6,0,7,1,4,4,7
47756,3,6,1,8,5,3,2,6,0,1,1
47757,9,9,9,2,7,1,5,3,2,0,5
47758,1,7,6,2,0,8,0,9,5,6,5
47759,3,0,1,4,5,3,2,6,1,1,1
47760,7,1,0,3,4,6,1,5,7,3,4
47761,4,5,8,9,3,4,3,0,8,7,3
47762,1,7,6,2,0,8,0,9,5,6,5
47763,5,8,3,1,6,0,7,1,4,4,0
47764,5,8,3,1,6,0,7,1,4,4,7
47765,2,3,4,6,8,2,6,8,9,5,0
47766,0,4,3,0,2,0,4,1,4,8,0
47767,6,6,2,7,1,5,9,2,3,2,9
47768,0,4,7,0,2,7,4,4,6,8,0
47769,9,2,7,2,7,7,5,3,2,0,8
47770,1,7,6,2,0,8,0,9,5,6,5
47771,0,4,3,0,2,0,4,1,4,8,0
47772,4,5,8,9,3,4,3,0,8,7,3
47773,1,7,6,2,0,8,0,9,5,6,5
47774,4,5,8,9,3,4,3,0,8,7,3
47775,0,4,5,0,2,9,4,1,4,8,2
47776,1,7,6,2,0,8,0,9,5,6,5
47777,1,7,6,2,0,8,0,9,5,6,5
47778,4,5,8,9,3,4,3,0,8,7,3
47779,0,4,3,0,2,0,4,1,4,8,0
47780,6,5,5,7,1,9,9,2,3,2,9
47781,7,1,0,3,4,6,1,5,7,3,4
47782,7,1,0,3,4,6,1,7,7,3,4
47783,0,4,3,0,2,0,4,1,4,8,0
47784,1,7,6,2,0,8,0,9,5,6,5
47785,1,7,6,2,0,8,0,9,5,6,5
47786,3,0,1,4,5,3,2,6,1,1,1
47787,6,5,2,7,1,5,9,0,8,2,7
47788,8,2,7,5,9,7,8,4,6,9,8
47789,5,5,8,1,6,4,7,0,8,4,7
47790,9,9,9,2,7,1,5,7,2,0,5
47791,3,6,1,8,5,3,2,6,0,1,1
47792,9,9,9,2,7,1,5,3,2,0,5
47793,0,4,5,0,2,9,4,4,6,8,2
47794,4,5,8,9,3,4,3,0,8,7,3
47795,7,1,0,3,4,6,1,5,7,3,4
47796,9,9,9,2,7,1,5,7,2,0,5
47797,3,6,1,4,5,3,2,6,1,1,1
47798,4,5,8,9,3,4,3,0,8,7,3
47799,9,9,9,2,7,1,5,7,2,0,5
47800,8,2,5,5,9,9,8,4,6,9,8
47801,6,5,2,7,1,5,9,2,3,2,9
47802,7,1,0,3,4,6,1,5,7,3,4
47803,2,0,4,3,8,2,6,5,7,5,6
47804,4,5,8,9,3,4,3,0,8,7,3
47805,8,2,7,5,9,7,8,4,6,9,8
47806,1,4,6,0,0,8,0,9,5,6,2
47807,4,5,8,9,3,4,3,3,8,7,3
47808,4,5,8,9,3,4,3,0,8,7,3
47809,0,4,5,0,2,9,4,1,4,8,2
47810,4,5,8,9,3,4,3,0,8,7,3
47811,2,3,4,6,8,2,6,8,9,5,8
47812,3,6,1,8,5,3,2,6,0,1,1
47813,0,4,7,0,2,7,4,4,6,8,0
47814,5,8,3,1,6,0,7,1,4,4,7
47815,2,0,4,4,8,2,6,3,1,5,6
47816,3,6,1,8,5,3,2,6,0,1,1
47817,9,9,9,2,7,1,5,7,2,0,5
47818,7,1,0,3,4,6,1,5,7,3,4
47819,6,5,2,7,1,5,9,2,3,2,9
47820,3,6,1,8,5,3,2,6,0,1,1
47821,7,1,0,3,4,6,1,5,7,3,4
47822,3,6,1,8,5,3,2,6,0,1,1
47823,5,4,7,1,6,7,7,4,6,4,7
47824,4,5,8,9,3,4,3,0,8,7,3
47825,2,0,4,4,8,2,6,3,1,5,8
47826,0,4,7,0,2,7,4,1,4,8,0
47827,4,5,8,9,3,4,3,3,8,7,3
47828,5,8,3,1,6,0,7,1,4,4,7
47829,8,2,5,5,9,9,8,4,6,9,8
47830,1,7,6,2,0,8,0,9,5,6,5
47831,2,3,4,6,8,2,6,8,9,5,6
47832,7,1,0,3,4,6,1,5,7,3,4
47833,8,2,7,5,9,7,8,4,6,9,8
47834,7,1,0,3,4,6,1,5,7,3,4
47835,3,0,1,4,5,3,2,6,1,1,1
47836,1,7,7,5,0,7,0,4,6,6,8
47837,9,9,9,2,7,1,5,7,2,0,5
47838,7,1,0,3,4,6,1,5,7,3,4
47839,6,5,2,7,1,5,9,2,3,2,9
47840,5,5,8,1,6,4,7,0,8,4,7
47841,7,1,0,3,4,6,1,5,7,3,4
47842,6,5,2,7,1,5,9,2,3,2,9
47843,8,2,7,5,9,7,8,4,6,9,8
47844,1,7,6,2,0,8,0,9,5,6,5
47845,2,0,7,4,8,2,6,3,1,5,8
47846,2,3,4,6,8,2,6,8,9,5,6
47847,4,5,8,9,3,4,3,3,8,7,3
47848,0,4,6,0,2,8,4,9,5,8,0
47849,8,2,7,5,9,7,8,4,6,9,8
47850,1,7,6,2,0,8,0,9,5,6,5
47851,2,3,4,6,8,2,6,8,9,5,6
47852,0,4,5,0,2,9,4,1,4,8,2
47853,8,2,7,5,9,7,8,4,6,9,8
47854,0,4,4,0,2,2,4,1,9,8,0
47855,2,0,4,4,8,2,6,3,1,5,6
47856,0,4,7,0,2,7,4,1,4,8,0
47857,2,3,4,6,8,2,6,8,9,5,6
47858,0,4,7,0,2,7,4,4,6,8,0
47859,8,2,5,5,9,9,8,4,6,9,2
47860,3,6,1,8,5,3,2,6,0,1,1
47861,2,3,4,6,8,2,6,8,9,5,6
47862,1,7,6,2,0,8,0,9,5,6,5
47863,8,2,7,5,9,7,8,4,6,9,8
47864,4,5,8,9,3,4,3,0,8,7,3
47865,8,2,7,5,9,7,8,4,6,9,8
47866,5,8,3,1,6,0,7,1,4,4,4
47867,3,0,1,4,5,3,2,3,1,1,1
47868,1,7,6,2,0,8,0,9,5,6,5
47869,9,9,9,2,7,1,5,7,2,0,5
47870,5,8,3,1,6,0,7,1,4,4,7
47871,8,2,7,5,9,7,8,4,6,9,8
47872,7,1,0,3,4,6,1,5,7,3,4
47873,9,9,9,2,7,1,5,3,2,0,8
47874,0,4,7,0,2,7,4,1,4,8,0
47875,9,9,9,2,7,1,5,7,2,0,5
47876,7,1,0,3,4,6,1,5,7,3,4
47877,4,5,8,9,3,4,3,0,8,7,3
47878,0,4,3,0,2,0,4,1,4,8,0
47879,8,2,7,5,9,7,8,4,6,9,8
47880,1,7,6,2,0,8,0,9,5,6,5
47881,2,1,4,3,8,2,6,5,7,5,6
47882,7,1,0,3,4,6,1,8,9,3,4
47883,6,0,2,4,1,5,9,3,1,2,9
47884,5,8,3,1,6,0,7,1,4,4,0
47885,8,2,7,5,9,7,8,4,6,9,8
47886,7,3,0,3,4,6,1,8,9,3,4
47887,2,0,4,4,8,2,6,3,1,5,6
47888,2,3,4,6,8,2,6,3,9,5,6
47889,2,0,7,5,8,2,6,3,1,5,8
47890,1,7,6,2,0,8,0,9,5,6,5
47891,4,5,8,9,3,4,3,0,8,7,3
47892,9,9,9,2,7,1,5,9,2,0,5
47893,8,2,5,5,9,9,8,4,6,9,2
47894,8,2,7,5,9,7,8,4,6,9,8
47895,2,3,4,6,8,2,6,8,9,5,6
47896,2,3,4,6,8,2,6,8,9,5,6
47897,0,4,7,0,2,7,4,4,6,8,0
47898,0,4,5,0,2,9,4,4,6,8,2
47899,8,2,7,5,9,7,8,4,6,9,8
47900,6,5,2,7,1,5,9,2,3,2,9
47901,6,0,2,7,1,5,9,2,3,2,9
47902,3,0,1,4,5,3,2,6,1,1,1
47903,2,3,4,6,8,2,6,8,9,5,6
47904,1,7,6,2,0,8,0,9,5,6,5
47905,9,9,9,2,7,1,5,7,2,0,5
47906,0,4,5,0,2,9,4,4,6,8,2
47907,6,5,2,7,1,5,9,2,3,2,9
47908,1,7,6,2,0,8,0,9,5,6,5
47909,8,2,7,5,9,7,8,4,6,9,8
47910,9,9,9,2,7,1,5,7,2,0,5
47911,4,5,8,9,3,4,3,0,8,7,3
47912,4,5,8,9,3,4,3,0,8,7,3
47913,6,0,2,4,1,5,9,2,1,2,9
47914,3,6,1,8,5,3,2,6,0,1,1
47915,2,0,4,4,8,2,6,3,1,5,3
47916,4,5,8,9,3,4,3,0,8,7,3
47917,3,0,1,4,5,3,2,3,1,1,1
47918,8,2,5,5,9,9,8,4,6,9,8
47919,2,0,4,4,8,2,6,3,1,5,6
47920,7,1,0,3,4,6,1,5,7,3,4
47921,8,2,7,5,9,7,8,4,6,9,8
47922,9,9,9,2,7,1,5,7,2,0,5
47923,3,0,1,4,5,3,2,3,1,1,1
47924,6,5,2,7,1,5,9,2,3,2,9
47925,6,0,2,7,1,5,9,2,3,2,9
47926,5,8,3,1,6,0,7,1,4,4,0
47927,8,2,7,5,9,7,8,4,6,9,8
47928,1,7,6,2,0,8,0,9,5,6,5
47929,8,2,5,5,9,9,8,4,6,9,8
47930,1,7,6,2,0,8,0,9,5,6,5
47931,8,4,5,5,9,9,8,4,6,9,2
47932,4,5,8,9,3,4,3,0,8,7,3
47933,8,2,7,5,9,7,8,4,6,9,8
47934,0,8,3,0,2,0,4,1,4,8,0
47935,9,9,9,2,7,1,5,7,2,0,5
47936,7,1,0,3,4,6,1,5,7,3,4
47937,8,2,7,5,9,7,8,4,6,9,8
47938,7,1,0,3,4,6,1,5,7,3,4
47939,6,0,2,7,1,5,9,2,3,2,9
47940,1,7,6,2,0,8,0,9,5,6,5
47941,8,2,5,5,9,9,8,4,6,9,2
47942,2,3,4,6,8,2,6,8,9,5,6
47943,4,5,8,9,3,4,3,3,8,7,3
47944,7,1,0,3,4,6,1,8,9,3,4
47945,6,5,2,7,1,5,9,2,3,2,9
47946,1,7,6,0,0,8,0,9,5,6,0
47947,9,9,9,2,7,1,5,7,2,0,5
47948,2,3,4,2,8,2,6,8,9,5,5
47949,9,9,9,2,7,1,5,7,2,0,5
47950,7,1,0,3,4,6,1,5,7,3,4
47951,4,0,7,4,9,7,8,3,1,9,8
47952,7,1,0,3,4,6,1,5,7,3,4
47953,3,0,1,4,5,3,2,3,1,1,1
47954,4,5,8,9,3,4,3,0,8,7,3
47955,9,9,9,2,7,1,5,7,2,0,5
47956,6,5,2,7,1,5,9,2,3,2,9
47957,3,0,1,4,5,3,2,6,1,1,1
47958,0,4,7,0,2,7,4,1,4,8,0
47959,2,3,4,6,8,2,6,8,9,5,6
47960,9,9,9,2,7,1,5,7,2,0,5
47961,8,2,7,5,9,7,8,4,6,9,8
47962,5,5,8,1,6,4,7,0,0,4,7
47963,4,5,8,9,3,4,3,3,8,7,3
47964,2,3,4,6,8,2,6,8,9,5,6
47965,6,0,2,4,1,5,9,2,1,2,9
47966,1,7,6,2,0,8,0,9,5,6,5
47967,2,3,4,6,8,2,6,8,9,5,6
47968,2,3,4,6,8,2,6,8,9,5,6
47969,9,9,9,2,7,1,5,7,2,0,5
47970,7,1,0,3,4,6,1,5,7,3,4
47971,6,5,2,4,1,5,9,2,3,2,9
47972,8,2,7,5,9,7,8,3,6,9,8
47973,6,5,2,7,1,5,9,2,3,2,9
47974,1,7,6,0,0,8,0,9,5,6,0
47975,7,1,4,3,8,2,6,5,7,5,6
47976,3,6,1,8,5,3,2,6,0,1,1
47977,9,9,9,2,7,1,5,7,2,0,5
47978,0,4,5,0,2,9,4,4,6,8,2
47979,6,0,2,4,1,5,9,2,1,2,9
47980,4,5,8,9,3,4,3,0,8,7,3
47981,8,2,7,5,9,7,8,4,6,9,8
47982,1,7,6,2,0,8,0,9,5,6,5
47983,2,0,4,4,8,2,6,3,1,5,8
47984,9,9,9,2,7,1,5,7,2,0,5
47985,9,9,9,2,7,1,5,7,2,0,5
47986,1,7,6,2,0,8,0,9,5,6,5
47987,8,2,7,5,9,7,8,4,6,9,8
47988,1,7,6,2,0,8,0,9,5,6,5
47989,2,3,4,6,8,2,6,8,9,5,6
47990,6,5,2,7,1,5,9,2,3,2,9
47991,9,9,9,2,7,1,5,7,2,0,5
47992,7,1,0,3,4,6,1,5,7,3,4
47993,9,9,9,2,7,1,5,7,2,0,5
47994,1,7,6,2,0,8,0,9,5,6,5
47995,2,0,4,4,8,2,6,3,1,5,6
47996,5,8,3,1,6,0,7,1,4,4,7
47997,3,0,1,4,5,3,2,6,1,1,1
47998,1,7,6,2,0,8,0,9,5,6,5
47999,6,0,2,7,1,5,9,2,3,2,9
48000,0,4,3,0,2,0,4,1,4,8,0
48001,8,2,5,5,9,9,8,4,6,9,8
48002,7,1,0,3,4,6,1,5,7,3,4
48003,2,3,4,6,8,2,6,8,9,5,6
48004,7,1,0,3,4,6,1,5,7,3,4
48005,4,5,8,9,3,4,3,3,8,7,3
48006,3,6,1,8,5,3,2,6,0,1,1
48007,2,3,4,6,8,2,6,8,9,5,6
48008,6,5,2,7,1,5,9,2,3,2,9
48009,6,5,2,7,1,5,9,2,3,2,9
48010,5,8,3,1,6,0,7,1,4,4,2
48011,2,3,4,6,8,2,6,8,9,5,6
48012,2,0,4,4,8,2,6,3,1,5,6
48013,8,2,7,5,9,7,8,4,6,9,8
48014,7,1,0,3,4,6,1,5,7,3,4
48015,8,2,7,5,9,7,8,4,6,9,8
48016,7,1,0,3,4,6,1,5,7,3,4
48017,6,5,2,7,1,5,9,2,3,2,9
48018,5,8,3,1,6,0,7,1,4,4,7
48019,6,5,2,7,1,5,9,2,3,2,9
48020,0,4,7,0,2,7,4,4,6,8,0
48021,2,3,4,6,8,2,6,8,9,5,6
48022,9,9,9,2,7,1,5,7,2,0,5
48023,3,0,1,4,5,3,2,6,1,1,1
48024,1,7,6,2,0,8,0,9,5,6,5
48025,3,6,1,8,5,3,2,6,0,1,1
48026,3,6,1,8,5,3,2,6,0,1,1
48027,1,7,6,2,0,8,0,9,5,6,5
48028,2,3,4,6,8,2,6,8,9,5,6
48029,6,5,2,7,1,5,9,2,3,2,9
48030,5,8,3,1,6,0,7,1,4,4,7
48031,7,1,0,3,4,6,1,8,7,3,4
48032,4,5,8,9,3,4,3,0,8,7,3
48033,4,5,8,9,3,4,3,0,8,7,3
48034,9,9,9,2,7,1,5,7,2,0,5
48035,8,2,5,5,9,9,8,4,6,9,2
48036,0,4,7,0,2,7,4,4,6,8,0
48037,2,3,4,6,8,2,6,8,9,5,6
48038,7,1,0,3,4,6,1,5,7,3,4
48039,3,6,1,8,5,3,2,6,0,1,1
48040,9,9,9,2,7,1,5,7,2,0,5
48041,1,7,6,2,0,8,0,9,5,6,5
48042,0,4,3,0,2,0,4,1,4,8,0
48043,6,5,2,7,1,5,9,2,3,2,9
48044,1,7,6,2,0,8,0,9,5,6,5
48045,7,1,0,3,4,6,1,8,7,3,4
48046,2,3,4,6,8,2,6,8,9,5,6
48047,0,4,7,0,2,7,4,4,6,8,0
48048,5,8,3,1,6,0,7,1,4,4,5
48049,7,1,0,3,4,6,1,5,7,3,4
48050,0,4,3,0,2,0,4,1,4,8,2
48051,4,5,8,9,3,4,3,0,8,7,3
48052,4,5,8,9,3,4,3,0,8,7,3
48053,0,4,5,0,2,9,4,1,4,8,2
48054,4,5,8,9,3,4,3,0,8,7,3
48055,2,3,4,6,8,2,6,8,9,5,6
48056,5,8,3,1,6,0,7,1,4,4,7
48057,8,2,9,2,9,1,8,4,2,9,5
48058,2,0,7,4,8,2,6,3,1,5,8
48059,3,6,1,8,5,3,2,6,0,1,1
48060,2,3,4,6,8,2,6,8,9,5,6
48061,1,7,6,2,0,8,0,9,5,6,5
48062,7,1,0,3,4,6,1,5,7,3,4
48063,6,5,2,7,1,5,9,2,3,2,9
48064,7,1,0,3,4,6,1,5,7,3,4
48065,1,7,6,2,0,8,0,9,5,6,5
48066,4,5,8,9,3,4,3,3,8,7,3
48067,8,2,7,5,9,7,8,4,6,9,0
48068,5,8,3,1,6,0,7,1,4,4,7
48069,2,3,4,6,8,2,6,8,9,5,6
48070,8,2,5,5,9,9,8,4,6,9,8
48071,4,5,8,9,3,4,3,0,8,7,3
48072,5,8,3,1,6,0,7,1,4,4,7
48073,8,2,5,5,9,9,8,4,6,9,2
48074,1,7,6,2,0,8,0,9,5,6,5
48075,2,3,4,6,8,2,6,8,9,5,6
48076,2,3,4,6,8,2,6,8,9,5,6
48077,1,7,6,2,0,8,0,9,5,6,5
48078,5,8,3,1,6,0,7,1,4,4,0
48079,1,7,6,2,0,8,0,9,5,6,5
48080,8,2,5,5,9,9,8,4,6,9,8
48081,2,3,4,6,8,2,6,8,9,5,6
48082,4,5,8,9,3,4,3,0,8,7,3
48083,4,5,8,9,3,4,3,0,8,7,3
48084,8,2,7,5,9,7,8,4,6,9,8
48085,1,7,6,2,0,8,0,7,5,6,5
48086,4,5,8,9,3,4,3,0,8,7,3
48087,8,2,7,5,9,7,8,4,6,9,8
48088,7,1,0,3,4,6,1,5,7,3,4
48089,8,4,7,0,2,7,4,4,6,8,0
48090,2,3,4,6,8,2,6,3,9,5,6
48091,2,3,4,6,8,2,6,8,9,5,6
48092,2,3,4,6,8,2,6,8,9,5,6
48093,8,2,5,5,9,9,8,4,6,9,2
48094,7,1,0,3,4,6,1,5,7,3,4
48095,8,2,5,5,9,9,8,4,6,9,8
48096,0,4,3,0,2,0,4,1,4,8,0
48097,8,4,7,0,2,7,4,4,6,8,8
48098,5,8,3,1,6,0,7,1,4,4,7
48099,1,7,6,2,0,8,0,9,5,6,5
48100,8,2,5,5,9,9,8,4,6,9,2
48101,2,3,4,6,8,2,6,8,9,5,6
48102,7,1,0,3,4,6,1,5,7,3,4
48103,8,2,7,5,9,7,8,4,6,9,8
48104,2,3,4,6,8,2,6,8,9,5,6
48105,8,2,5,5,9,9,8,4,6,9,8
48106,2,3,4,6,8,2,6,8,9,5,6
48107,6,5,2,7,1,5,9,2,3,2,9
48108,8,2,5,5,9,9,8,4,6,9,2
48109,6,5,2,7,1,5,9,2,3,2,9
48110,2,3,4,6,8,2,6,8,9,5,6
48111,3,0,1,4,5,3,2,6,1,1,1
48112,1,7,6,2,0,8,0,9,5,6,5
48113,2,3,4,6,8,2,6,3,9,5,6
48114,1,7,6,2,0,8,0,9,5,6,5
48115,2,3,4,6,8,2,6,8,9,5,6
48116,4,5,8,9,3,4,3,0,8,7,3
48117,4,5,8,9,3,4,3,0,8,7,3
48118,6,5,2,7,1,5,9,2,3,2,9
48119,1,7,6,2,0,8,0,9,5,6,5
48120,5,8,3,1,6,0,7,1,4,4,7
48121,3,0,1,4,5,3,2,6,1,1,1
48122,0,4,5,0,2,9,4,1,4,8,2
48123,5,8,7,1,6,7,7,1,4,4,7
48124,9,9,9,5,7,1,5,7,2,0,8
48125,8,2,5,5,9,9,8,4,6,9,8
48126,1,7,6,2,0,8,0,9,5,6,5
48127,1,7,6,2,0,8,0,9,5,6,5
48128,3,6,1,8,5,3,2,6,0,1,1
48129,6,5,2,7,1,5,9,2,3,2,9
48130,1,4,6,0,2,8,0,9,5,8,0
48131,1,7,6,2,0,8,0,9,5,6,5
48132,7,1,0,3,4,6,1,5,7,3,4
48133,4,5,8,9,3,4,3,3,8,7,3
48134,2,2,7,2,8,7,6,3,6,5,8
48135,0,4,3,0,2,0,4,1,4,8,2
48136,3,6,1,8,5,3,2,6,0,1,1
48137,2,3,4,6,8,2,6,5,9,5,6
48138,7,3,0,6,4,6,1,8,9,3,6
48139,7,1,0,3,4,6,1,5,7,3,4
48140,7,1,0,3,4,6,1,5,7,3,4
48141,4,5,8,9,3,4,3,0,8,7,3
48142,3,0,1,4,5,3,2,6,1,1,1
48143,2,3,4,6,8,2,6,8,9,5,6
48144,0,4,5,0,2,9,4,1,4,8,2
48145,4,5,8,9,3,4,3,0,8,7,3
48146,8,2,5,5,9,9,8,4,6,9,8
48147,6,5,2,7,1,5,9,2,3,2,9
48148,0,4,7,0,2,7,4,4,6,8,0
48149,2,3,4,6,8,2,6,8,9,5,6
48150,7,1,0,3,4,6,1,5,7,3,4
48151,8,2,5,5,9,9,8,4,6,9,8
48152,4,5,8,9,3,4,3,0,8,7,3
48153,4,5,8,9,3,4,3,0,8,7,3
48154,2,3,4,6,8,2,6,8,9,5,6
48155,7,1,0,3,4,6,1,5,7,3,4
48156,1,7,6,2,0,8,0,9,5,6,5
48157,0,4,3,0,2,0,4,1,4,8,0
48158,6,5,2,7,1,5,9,2,3,2,9
48159,0,4,3,0,2,0,4,1,4,8,0
48160,7,3,0,6,4,6,1,8,9,3,4
48161,7,1,0,3,4,6,1,5,7,3,4
48162,7,1,0,3,4,6,1,5,7,3,4
48163,2,3,4,6,8,2,6,8,9,5,6
48164,7,1,0,3,4,6,1,5,7,3,4
48165,8,4,5,0,2,9,4,4,6,8,2
48166,0,5,3,0,2,0,4,1,4,8,0
48167,3,0,1,4,5,3,2,6,1,1,1
48168,3,6,1,8,5,3,2,6,0,1,1
48169,4,5,8,9,3,4,3,0,8,7,3
48170,5,8,3,1,6,0,7,1,4,4,7
48171,0,4,7,0,2,7,4,4,6,8,0
48172,5,8,3,1,6,0,7,1,4,4,7
48173,3,0,1,4,5,3,2,6,1,1,1
48174,7,1,0,3,4,6,1,5,7,3,4
48175,9,9,9,2,7,1,5,7,2,0,5
48176,3,6,1,8,5,3,2,6,0,1,1
48177,9,9,9,2,7,1,5,7,2,0,5
48178,9,9,9,2,7,1,5,7,2,0,5
48179,2,3,4,6,8,2,6,8,9,5,6
48180,3,6,1,8,5,3,2,6,0,1,1
48181,6,5,2,7,1,5,9,2,3,2,9
48182,0,4,3,0,2,0,4,1,4,8,0
48183,9,9,9,2,7,1,5,7,2,0,5
48184,1,7,6,2,0,8,0,9,5,6,5
48185,2,0,4,4,8,2,6,3,1,5,6
48186,0,4,7,0,2,7,4,1,4,8,0
48187,3,0,1,4,5,3,2,6,1,1,1
48188,4,5,8,9,3,4,3,0,8,7,3
48189,9,9,9,2,7,1,5,7,2,0,5
48190,8,2,5,5,9,9,8,4,6,9,8
48191,6,5,2,7,1,5,9,2,3,2,9
48192,2,3,4,6,8,2,6,8,9,5,6
48193,2,1,4,3,8,2,6,3,7,5,6
48194,0,4,3,0,2,0,4,1,4,8,0
48195,5,8,3,1,6,0,7,1,4,4,0
48196,3,0,1,4,5,3,2,6,1,1,1
48197,2,3,4,6,8,2,6,3,9,5,6
48198,0,4,7,0,2,7,4,1,4,8,0
48199,4,5,8,9,3,4,3,0,8,7,3
48200,3,6,1,8,5,3,2,6,0,1,1
48201,8,2,5,5,9,9,8,4,6,9,2
48202,0,4,3,0,2,0,4,1,4,8,0
48203,2,3,4,6,8,2,6,8,9,5,6
48204,2,3,4,6,8,2,6,8,9,5,6
48205,0,4,3,0,2,0,4,1,4,8,0
48206,0,4,3,0,2,0,4,1,4,8,0
48207,3,6,1,8,5,3,2,6,0,1,1
48208,0,4,5,0,2,9,4,4,6,8,2
48209,9,9,9,2,7,1,5,7,2,0,5
48210,4,5,8,9,3,4,3,0,8,7,3
48211,6,5,2,7,1,5,9,2,3,2,9
48212,6,5,2,7,1,5,9,2,3,2,9
48213,7,1,0,3,4,6,1,5,7,3,4
48214,2,3,4,6,8,2,6,8,9,5,6
48215,0,4,7,0,2,7,4,4,6,8,0
48216,5,8,3,1,6,0,7,0,4,4,7
48217,9,2,7,5,9,7,8,3,2,9,8
48218,3,6,1,8,5,3,2,6,0,1,1
48219,4,5,8,9,3,4,3,0,8,7,3
48220,6,5,2,7,1,5,9,1,4,2,0
48221,8,2,5,5,9,9,8,4,6,9,2
48222,0,4,3,0,2,0,4,1,4,8,0
48223,2,3,4,6,8,2,6,8,9,5,6
48224,1,7,6,2,0,8,0,9,5,6,5
48225,0,4,7,0,2,7,4,4,6,8,0
48226,1,7,6,2,0,8,0,9,5,6,5
48227,3,0,1,4,5,3,2,6,1,1,1
48228,9,9,9,2,7,1,5,7,2,0,5
48229,9,9,9,2,7,1,5,7,2,0,5
48230,7,6,0,8,4,6,1,6,0,3,4
48231,6,5,2,7,1,5,9,2,3,2,9
48232,1,7,6,2,0,8,0,9,5,6,5
48233,7,1,0,3,4,6,1,5,7,3,4
48234,5,8,3,1,6,0,7,1,4,4,7
48235,5,8,3,1,6,0,7,1,4,4,7
48236,1,7,6,2,0,8,0,9,5,6,5
48237,2,2,7,5,8,7,6,8,9,9,8
48238,6,5,2,7,1,5,9,2,3,2,9
48239,4,5,8,9,3,4,3,0,8,7,3
48240,5,8,3,1,6,0,7,1,4,4,7
48241,5,8,3,1,6,0,7,1,4,4,7
48242,8,2,5,5,9,9,8,4,6,9,8
48243,2,3,4,6,8,2,6,8,9,5,6
48244,5,8,3,1,6,0,7,1,4,4,7
48245,0,4,7,0,2,7,4,1,4,8,0
48246,6,5,2,7,1,5,9,2,3,2,9
48247,8,2,5,5,9,9,8,4,6,9,2
48248,6,1,2,7,1,5,9,2,3,2,9
48249,2,3,4,6,8,2,6,8,9,5,6
48250,8,2,5,5,9,9,8,4,6,9,8
48251,2,3,4,6,8,2,6,3,9,5,6
48252,0,4,7,0,2,7,4,1,4,8,0
48253,1,7,6,2,0,8,0,9,5,6,5
48254,1,7,6,2,0,8,0,9,5,6,5
48255,0,8,3,1,6,0,4,1,4,4,0
48256,2,3,4,6,8,2,6,8,9,5,6
48257,0,4,3,0,2,0,4,1,4,8,0
48258,7,1,0,3,4,6,1,5,7,3,4
48259,0,4,5,0,2,9,4,1,4,8,2
48260,4,1,8,9,3,4,3,0,8,7,3
48261,1,7,6,2,0,8,0,9,5,6,5
48262,4,5,8,9,3,4,3,0,8,7,3
48263,3,6,1,8,5,3,2,6,0,1,1
48264,7,1,0,3,4,6,1,5,7,3,4
48265,5,8,3,1,6,0,7,1,4,4,0
48266,1,7,6,2,0,8,0,9,5,6,5
48267,3,0,1,4,5,3,2,6,1,1,1
48268,3,6,1,8,5,3,2,6,0,1,1
48269,2,0,4,4,8,2,6,3,1,5,6
48270,7,1,0,3,4,6,1,5,7,3,4
48271,5,8,3,1,6,0,7,1,4,4,7
48272,7,1,0,3,4,6,1,5,7,3,4
48273,1,7,6,2,0,8,0,9,5,6,5
48274,3,6,1,8,5,3,2,6,0,1,1
48275,0,4,3,0,2,0,4,1,4,8,2
48276,4,5,8,9,3,4,3,3,8,7,3
48277,4,5,8,9,3,4,3,0,8,7,3
48278,5,8,3,1,6,0,7,0,4,4,7
48279,4,5,8,9,3,4,3,0,8,7,3
48280,7,1,0,3,4,6,1,5,7,3,4
48281,7,1,0,3,4,6,1,5,7,3,4
48282,0,4,7,0,2,7,4,1,4,8,0
48283,4,5,8,9,3,4,3,0,8,7,3
48284,3,6,1,8,5,3,2,6,0,1,7
48285,8,3,7,5,9,7,8,8,9,9,8
48286,5,8,3,1,6,0,7,1,4,4,7
48287,3,6,1,8,5,3,2,6,0,1,1
48288,0,4,7,0,2,7,4,1,6,8,0
48289,2,3,4,6,8,2,6,8,9,5,6
48290,8,2,7,5,9,7,8,4,6,9,8
48291,7,1,0,3,4,6,1,5,7,3,4
48292,9,9,9,2,7,1,5,7,2,0,5
48293,6,5,2,7,1,5,9,2,3,2,9
48294,6,5,2,7,1,5,9,2,3,2,9
48295,3,6,1,8,5,3,2,6,0,1,1
48296,7,1,0,3,4,6,1,5,7,3,4
48297,0,4,7,0,2,7,4,1,4,8,0
48298,0,4,5,0,2,9,4,1,4,8,2
48299,3,0,1,4,5,3,2,6,1,1,1
48300,2,3,4,6,8,2,6,8,9,5,6
48301,4,5,8,9,3,4,3,0,8,7,3
48302,7,1,0,3,4,6,1,5,7,3,4
48303,9,9,9,2,7,1,5,7,2,0,5
48304,0,4,7,0,2,7,4,4,6,8,0
48305,8,4,5,0,2,9,4,4,6,8,2
48306,1,7,6,2,0,8,0,9,5,6,5
48307,2,3,4,6,8,2,6,8,9,5,6
48308,0,8,3,1,6,0,7,1,4,4,2
48309,2,3,4,6,8,2,6,8,9,5,6
48310,5,8,3,1,6,0,7,1,4,4,7
48311,7,1,0,3,4,6,1,5,7,3,4
48312,7,3,0,6,4,6,1,8,9,3,4
48313,5,8,7,1,6,7,7,1,4,4,7
48314,0,4,7,0,2,7,4,1,4,8,0
48315,8,2,5,5,9,9,8,4,6,9,2
48316,5,8,3,1,6,0,7,1,4,4,7
48317,4,5,8,9,3,4,3,0,8,7,3
48318,1,7,6,2,0,8,0,9,5,6,5
48319,4,5,8,9,3,4,3,0,8,7,3
48320,6,5,2,7,1,5,9,2,3,2,9
48321,4,5,8,9,3,4,3,3,8,7,3
48322,3,6,1,8,5,3,2,6,0,1,1
48323,4,5,8,9,3,4,3,0,8,7,3
48324,7,1,0,3,4,6,1,5,7,3,4
48325,7,1,0,3,4,6,1,5,7,3,4
48326,1,7,6,2,0,8,0,9,5,6,5
48327,0,4,3,0,2,0,4,1,4,8,0
48328,4,5,8,8,3,4,3,0,0,7,7
48329,0,3,4,6,2,2,4,8,9,8,0
48330,0,4,6,0,2,8,4,9,5,8,0
48331,2,3,4,6,8,2,6,8,9,5,6
48332,6,5,2,7,1,5,9,2,3,2,9
48333,0,4,3,0,2,0,4,1,4,8,2
48334,6,5,2,7,1,5,9,2,3,2,9
48335,1,7,6,2,0,8,0,9,5,6,5
48336,1,7,6,2,0,8,0,9,5,6,5
48337,3,6,1,8,5,3,2,6,0,1,1
48338,4,5,8,9,3,4,3,0,8,7,3
48339,2,3,7,6,8,7,6,8,9,5,6
48340,4,5,8,9,3,4,3,0,8,7,3
48341,5,8,3,1,6,0,7,1,4,4,2
48342,5,8,3,1,6,0,7,1,4,4,7
48343,0,8,3,1,6,0,4,1,4,4,2
48344,9,9,9,2,7,1,5,7,2,0,8
48345,2,3,4,6,8,2,6,8,9,5,6
48346,2,7,4,2,8,2,6,3,5,5,5
48347,5,8,3,1,6,0,7,1,4,4,7
48348,2,3,4,6,8,2,6,8,9,5,6
48349,4,5,8,9,3,4,3,0,8,7,3
48350,3,6,1,8,5,3,2,6,0,1,1
48351,2,3,4,6,8,2,6,8,9,5,6
48352,7,1,0,3,4,6,1,5,7,3,4
48353,2,3,4,6,8,2,6,8,9,5,6
48354,8,2,7,5,9,7,8,4,6,9,8
48355,7,1,0,3,4,6,1,5,7,3,4
48356,3,0,1,4,5,3,2,6,1,1,1
48357,0,4,7,0,2,7,4,1,4,8,0
48358,7,1,0,3,4,6,1,5,7,3,4
48359,4,5,8,9,3,4,3,0,8,7,3
48360,4,5,8,9,3,4,3,0,8,7,3
48361,1,7,6,2,0,8,0,7,5,6,5
48362,1,7,6,2,0,8,0,3,2,6,5
48363,1,7,6,2,0,8,0,9,5,6,5
48364,4,1,8,9,3,4,3,5,8,7,3
48365,0,4,7,0,2,7,4,4,6,8,0
48366,4,5,8,9,3,4,3,0,8,7,3
48367,2,3,4,6,8,2,6,8,9,5,6
48368,1,7,6,2,0,8,0,7,5,6,5
48369,2,3,4,6,8,2,6,8,9,5,6
48370,1,7,6,2,0,8,0,9,5,6,5
48371,3,6,1,8,5,3,2,6,0,1,1
48372,7,5,0,3,4,6,1,0,7,3,4
48373,5,8,3,1,6,0,7,1,4,4,7
48374,0,4,3,0,2,2,4,1,4,8,6
48375,0,3,7,6,2,7,4,8,9,8,0
48376,0,8,3,1,6,0,4,1,4,4,0
48377,0,4,5,0,2,9,4,1,4,8,2
48378,2,3,4,6,8,2,6,8,9,5,6
48379,5,8,3,1,6,0,7,1,4,4,7
48380,3,6,1,8,5,3,2,6,0,1,1
48381,0,4,7,0,2,7,4,1,4,8,0
48382,5,6,3,8,6,0,7,0,0,4,7
48383,6,5,2,7,1,5,9,2,3,2,9
48384,3,1,1,3,5,3,2,6,7,1,1
48385,7,1,0,3,4,6,1,5,7,3,4
48386,7,1,0,3,4,6,1,5,7,3,4
48387,4,5,8,9,3,4,3,0,8,7,3
48388,0,4,7,0,2,7,4,1,4,8,0
48389,0,4,3,0,2,7,4,1,4,8,0
48390,1,7,6,2,0,8,0,9,5,6,5
48391,6,5,2,7,1,5,9,2,3,2,9
48392,7,1,0,3,4,6,1,5,7,3,4
48393,0,4,7,0,2,7,4,4,6,8,0
48394,2,3,4,6,8,2,6,8,9,5,6
48395,9,9,9,2,7,1,5,7,2,0,5
48396,7,1,0,3,4,6,1,5,7,3,4
48397,4,5,8,9,3,4,3,0,8,7,3
48398,4,5,8,9,3,4,3,0,8,7,3
48399,5,8,3,1,6,0,7,1,4,4,7
48400,2,7,4,2,8,2,6,3,2,5,5
48401,6,5,2,7,1,5,9,2,3,2,9
48402,0,8,3,1,6,0,7,1,4,4,0
48403,3,0,1,4,5,3,2,6,1,1,1
48404,0,4,5,0,2,9,4,4,6,8,2
48405,0,4,7,0,2,7,4,1,4,8,0
48406,8,3,7,6,9,7,8,8,9,9,0
48407,2,3,4,6,8,2,6,8,9,5,6
48408,7,1,0,3,4,6,1,5,7,3,4
48409,4,5,8,9,3,4,3,0,8,7,3
48410,5,8,3,1,6,0,7,1,4,4,0
48411,1,7,6,2,0,8,0,7,5,6,5
48412,3,6,1,8,5,3,2,6,0,1,1
48413,5,8,3,1,6,0,7,1,4,4,0
48414,3,0,1,6,5,3,2,6,9,1,1
48415,7,1,0,3,4,6,1,5,7,3,4
48416,0,4,5,0,2,9,4,4,6,8,2
48417,6,5,2,7,1,5,9,2,3,2,9
48418,5,8,3,1,6,0,7,1,4,4,7
48419,3,6,1,8,5,3,2,6,0,1,1
48420,6,5,2,7,1,5,9,2,3,2,9
48421,3,6,1,8,5,3,2,6,0,1,1
48422,5,8,3,1,6,0,7,1,4,4,7
48423,6,5,2,7,1,5,9,2,3,2,9
48424,7,1,0,3,4,6,1,5,7,3,4
48425,2,3,4,6,8,2,6,8,9,5,6
48426,7,1,0,3,4,6,1,5,7,3,4
48427,4,5,8,9,3,4,3,0,8,7,3
48428,2,3,4,6,8,2,6,8,9,5,6
48429,0,4,3,0,2,0,4,1,4,8,0
48430,4,5,8,9,3,4,3,0,8,7,3
48431,7,1,0,3,4,6,1,5,7,3,4
48432,8,2,5,5,9,9,8,4,6,9,8
48433,4,5,8,9,3,4,3,0,8,7,3
48434,4,0,8,9,3,4,3,0,8,7,3
48435,7,1,0,3,4,6,1,5,7,3,4
48436,0,4,7,0,2,7,4,4,6,8,0
48437,5,5,2,7,1,5,7,0,3,2,7
48438,3,6,1,8,5,3,2,6,0,1,1
48439,3,6,1,8,5,3,2,6,0,1,1
48440,2,2,7,5,8,7,6,3,6,5,8
48441,9,9,9,2,7,1,5,7,2,0,5
48442,0,4,3,0,2,0,4,1,4,8,0
48443,6,5,2,7,1,5,9,2,3,2,9
48444,1,7,6,2,0,8,0,9,5,6,5
48445,7,1,0,3,4,6,1,5,7,3,4
48446,6,9,2,7,1,5,9,2,3,2,9
48447,8,2,7,5,9,7,8,4,6,9,8
48448,0,8,3,0,2,0,4,1,4,8,0
48449,7,1,0,3,4,6,1,5,7,3,4
48450,0,4,3,0,2,0,4,1,4,8,2
48451,4,5,8,9,3,4,3,0,8,7,3
48452,8,2,5,5,9,9,8,4,6,9,2
48453,0,4,5,0,2,9,4,4,6,8,2
48454,1,7,6,2,0,8,0,9,5,6,5
48455,2,3,4,6,8,2,6,8,9,5,6
48456,1,7,6,2,0,8,0,9,5,6,5
48457,0,8,3,1,6,0,7,1,4,4,0
48458,1,7,6,2,0,8,0,9,5,6,5
48459,3,6,1,8,5,3,2,6,0,1,1
48460,6,9,2,7,1,5,9,2,3,2,9
48461,1,7,9,2,0,1,0,7,2,6,5
48462,6,5,2,7,1,5,9,2,3,2,9
48463,6,5,2,7,1,5,9,2,3,2,9
48464,1,7,6,2,0,8,0,9,5,6,5
48465,2,3,4,6,8,2,6,8,9,5,6
48466,0,4,7,0,2,7,4,4,6,8,0
48467,0,4,3,1,2,0,4,1,4,8,0
48468,1,7,6,2,0,8,0,9,5,6,5
48469,2,3,4,6,8,2,6,3,9,5,6
48470,1,7,6,2,0,8,0,9,5,6,5
48471,1,7,6,2,0,8,0,3,5,6,5
48472,2,3,4,6,8,2,6,8,9,5,6
48473,8,2,5,5,9,9,8,4,6,9,8
48474,6,5,2,7,1,5,9,2,3,2,9
48475,2,3,4,6,8,2,6,3,9,5,6
48476,6,1,2,7,1,5,9,2,3,2,9
48477,0,8,3,0,2,0,4,1,4,8,0
48478,5,8,3,1,6,0,7,1,4,4,7
48479,3,6,1,8,5,3,2,6,0,1,1
48480,1,7,6,2,0,8,0,9,5,6,5
48481,9,9,9,2,7,1,5,7,2,0,5
48482,7,1,0,3,4,6,1,5,7,3,4
48483,6,5,2,7,1,5,9,2,3,2,9
48484,5,8,3,1,6,0,7,1,4,4,7
48485,2,3,4,6,8,2,6,3,9,5,6
48486,0,4,6,0,2,8,4,9,5,8,0
48487,5,8,3,1,6,0,7,1,4,4,7
48488,2,0,4,4,8,2,6,8,1,5,6
48489,7,1,0,3,4,6,1,5,7,3,4
48490,0,4,5,0,2,9,4,4,6,8,2
48491,4,5,8,9,3,4,3,0,8,7,3
48492,4,5,8,9,3,4,3,0,8,7,3
48493,4,5,8,9,3,4,3,0,8,7,3
48494,8,2,7,5,9,7,8,4,6,9,8
48495,2,3,4,6,8,2,6,8,9,5,6
48496,5,8,3,1,6,0,7,1,4,4,7
48497,6,5,2,7,1,5,9,2,3,2,9
48498,7,1,0,3,4,6,1,5,7,3,4
48499,7,1,0,3,4,6,1,5,7,3,4
48500,7,7,6,3,4,8,1,9,5,3,4
48501,8,2,5,5,9,9,8,4,6,9,2
48502,6,9,2,7,1,5,9,2,3,2,9
48503,2,3,4,6,8,2,6,8,9,5,6
48504,5,8,3,1,6,0,7,1,4,4,0
48505,4,5,8,9,3,4,3,0,8,7,3
48506,1,7,6,2,0,8,0,9,5,6,5
48507,4,0,8,9,3,4,3,3,1,7,3
48508,8,4,7,5,2,7,8,4,6,8,0
48509,2,3,4,6,8,2,6,8,9,5,6
48510,1,7,6,2,0,8,0,9,5,6,5
48511,3,6,1,8,5,3,2,6,0,1,1
48512,4,5,8,9,3,4,3,0,8,7,7
48513,9,9,9,7,7,1,5,7,2,0,9
48514,0,4,7,0,2,7,4,4,6,8,0
48515,8,2,5,5,9,9,8,4,6,9,8
48516,6,9,2,7,1,5,9,2,3,2,9
48517,9,9,9,2,7,1,5,7,2,0,5
48518,1,7,6,2,0,8,0,9,5,6,5
48519,0,4,5,0,2,9,4,4,6,8,2
48520,0,4,3,0,2,0,4,1,4,8,0
48521,9,9,9,7,7,1,5,3,2,0,8
48522,0,4,7,0,2,7,4,4,6,8,0
48523,3,0,1,4,5,3,2,6,1,1,1
48524,2,0,4,4,8,2,6,8,1,5,6
48525,6,5,2,7,1,5,9,2,3,2,9
48526,3,6,1,8,5,3,2,6,0,1,1
48527,6,5,2,7,1,5,9,2,3,2,9
48528,2,3,4,6,8,2,6,8,9,5,6
48529,3,0,1,4,5,3,2,6,1,1,1
48530,5,8,3,1,6,0,7,1,4,4,7
48531,6,0,2,7,1,5,9,2,3,2,9
48532,3,6,1,8,5,3,2,6,0,1,1
48533,7,1,0,3,4,6,1,5,7,3,4
48534,1,7,6,2,0,8,0,9,5,6,5
48535,8,2,7,5,9,7,8,4,6,9,8
48536,6,5,2,7,1,5,9,2,3,2,9
48537,9,9,9,2,7,1,5,7,2,0,5
48538,4,5,8,9,3,4,3,3,8,7,3
48539,4,5,8,9,3,4,3,3,8,7,3
48540,7,1,0,3,4,6,1,5,7,3,4
48541,2,0,4,6,8,2,6,3,1,5,6
48542,3,6,1,8,5,3,2,6,0,1,1
48543,9,9,9,2,7,1,5,7,2,0,5
48544,7,1,0,3,4,6,1,5,7,3,4
48545,6,5,2,7,1,5,9,2,3,2,9
48546,0,4,6,0,2,8,4,9,5,8,0
48547,3,0,1,4,5,3,2,6,1,1,1
48548,7,1,0,3,4,6,1,5,7,3,4
48549,6,5,2,7,1,5,9,2,3,2,9
48550,6,5,2,7,1,5,9,2,3,2,9
48551,7,1,0,3,4,6,1,5,7,3,4
48552,7,1,0,3,4,6,1,8,9,3,4
48553,8,2,7,5,9,7,8,4,6,9,8
48554,3,0,1,4,5,3,2,6,1,1,1
48555,8,2,7,5,9,7,8,4,6,9,8
48556,1,7,6,2,0,8,0,9,5,6,5
48557,7,1,0,3,4,6,1,5,7,3,4
48558,5,8,3,1,6,0,7,1,4,4,7
48559,2,3,4,6,8,2,6,8,9,5,6
48560,2,3,4,6,8,2,6,8,9,5,6
48561,7,1,0,3,4,6,1,5,7,3,4
48562,5,8,3,1,6,0,7,1,4,4,7
48563,7,1,0,3,4,6,1,5,7,3,4
48564,9,9,9,2,7,1,5,7,2,0,5
48565,4,5,8,9,3,4,3,3,8,7,3
48566,5,8,3,1,6,0,7,1,4,4,0
48567,7,1,0,3,4,6,1,5,7,3,4
48568,4,5,8,9,3,4,3,3,8,7,3
48569,0,4,7,0,2,7,4,4,6,8,0
48570,4,5,8,9,3,4,3,0,8,7,3
48571,2,3,4,6,8,2,6,8,9,5,6
48572,7,1,0,3,4,6,1,5,7,3,4
48573,9,9,9,2,7,1,5,7,2,0,5
48574,3,6,1,8,5,3,2,6,0,1,1
48575,8,2,5,5,9,9,8,4,6,9,2
48576,2,3,4,6,8,2,6,8,9,5,6
48577,8,2,7,5,9,7,8,4,6,9,8
48578,3,6,1,8,5,3,2,6,0,1,1
48579,2,3,4,7,8,2,6,3,3,5,8
48580,0,4,3,0,2,0,4,1,4,8,0
48581,8,2,7,5,9,7,8,4,6,9,8
48582,5,8,3,1,6,0,7,1,4,4,7
48583,9,9,9,2,7,1,5,7,2,0,5
48584,0,4,3,0,2,0,4,1,4,8,0
48585,8,2,5,5,9,9,8,4,6,9,8
48586,7,1,0,3,4,6,1,5,7,3,4
48587,2,3,4,6,8,2,6,8,9,5,6
48588,9,9,9,2,7,1,5,7,2,0,5
48589,8,2,7,5,9,7,8,4,6,9,8
48590,4,7,6,9,3,8,3,9,8,7,3
48591,4,5,8,9,3,4,3,3,8,7,3
48592,1,7,6,2,0,8,0,9,5,6,5
48593,8,2,5,5,9,9,8,4,6,9,8
48594,7,1,0,3,4,6,1,5,7,3,4
48595,8,2,7,5,9,7,8,4,6,9,8
48596,0,4,7,2,2,7,4,9,5,8,0
48597,8,2,7,5,9,7,8,4,6,9,2
48598,6,5,2,7,1,5,9,2,3,2,9
48599,7,8,3,3,4,0,1,1,4,3,4
48600,1,7,6,2,0,8,0,9,5,6,5
48601,3,0,1,4,5,3,2,6,1,1,1
48602,3,0,1,4,5,3,2,6,1,1,1
48603,0,4,7,0,2,7,4,1,4,8,0
48604,2,3,4,6,8,2,6,3,9,5,6
48605,4,5,8,9,3,4,3,0,8,7,3
48606,8,4,7,0,2,7,4,4,6,8,0
48607,3,6,1,8,5,3,2,6,0,1,1
48608,5,8,3,1,6,0,7,1,4,4,7
48609,4,5,8,9,3,4,3,0,8,7,3
48610,0,4,5,0,2,9,4,9,5,8,2
48611,9,9,9,2,7,1,5,7,2,0,5
48612,3,6,1,8,5,3,2,6,0,1,1
48613,2,0,4,6,8,2,6,3,1,5,6
48614,0,4,3,0,2,0,4,1,4,8,0
48615,7,1,0,3,4,6,1,5,7,3,4
48616,0,4,3,0,2,0,4,1,4,8,0
48617,2,3,4,6,8,2,6,8,9,5,6
48618,0,4,5,0,2,9,4,4,6,8,2
48619,6,2,2,7,1,5,9,2,3,2,9
48620,5,5,8,1,6,4,7,0,8,4,7
48621,6,5,2,7,1,5,9,2,3,2,9
48622,0,4,5,0,2,9,4,4,6,8,2
48623,1,7,6,2,0,8,0,3,5,6,5
48624,6,5,2,7,1,5,9,2,3,2,9
48625,9,9,9,2,7,1,5,7,2,0,5
48626,7,1,6,2,4,8,1,9,5,3,5
48627,3,0,1,4,5,3,2,6,1,1,1
48628,7,1,0,3,4,6,1,5,7,3,4
48629,9,9,9,2,7,1,5,7,2,0,5
48630,4,5,8,9,3,4,3,0,8,7,3
48631,3,6,1,8,5,3,2,6,0,1,1
48632,4,0,8,9,3,4,3,3,8,7,3
48633,0,8,3,1,6,0,7,1,4,4,0
48634,0,4,3,0,2,0,4,1,4,8,0
48635,8,2,7,5,9,7,8,4,6,9,8
48636,4,5,8,9,3,4,3,0,8,7,3
48637,7,1,0,3,4,6,1,5,7,3,4
48638,3,6,1,8,5,3,2,6,0,1,1
48639,0,4,5,0,2,9,4,4,6,8,2
48640,6,5,2,7,1,5,9,2,3,2,9
48641,3,6,1,8,5,3,2,6,0,1,1
48642,7,1,0,3,4,6,1,5,7,3,4
48643,6,5,2,7,1,5,9,2,3,2,7
48644,7,1,0,3,4,6,1,5,7,3,4
48645,9,9,9,2,7,1,5,7,2,0,5
48646,0,4,3,0,2,0,4,1,4,8,0
48647,8,2,7,5,9,7,8,4,6,9,8
48648,5,8,3,1,6,0,7,1,4,4,7
48649,3,0,1,4,5,3,2,6,1,1,1
48650,1,7,6,2,0,8,0,9,5,6,5
48651,8,2,5,5,9,9,8,4,6,9,8
48652,2,3,4,6,8,2,6,8,9,5,5
48653,8,2,7,5,9,7,8,4,6,9,8
48654,5,8,3,1,6,0,7,1,4,4,7
48655,2,3,4,6,8,2,6,8,9,5,6
48656,5,5,8,9,3,4,7,0,8,7,7
48657,2,3,4,6,8,2,6,8,9,5,6
48658,7,1,0,3,4,6,1,5,7,3,4
48659,9,9,9,2,7,1,5,7,2,0,5
48660,0,4,3,0,2,0,4,1,4,8,0
48661,3,6,1,8,5,3,2,6,0,1,1
48662,7,1,0,3,4,6,1,5,7,3,4
48663,1,7,6,2,0,8,0,9,5,6,5
48664,1,7,6,2,0,8,0,9,5,6,5
48665,2,3,4,6,8,2,6,2,9,5,6
48666,7,1,0,3,4,6,1,5,7,3,4
48667,7,1,0,3,4,6,1,5,7,3,4
48668,7,1,0,3,4,6,1,5,7,3,7
48669,0,4,3,0,2,0,4,1,4,8,0
48670,3,6,1,8,5,3,2,6,0,1,1
48671,2,3,4,6,8,2,6,3,9,5,6
48672,8,2,5,5,9,9,8,4,6,9,2
48673,4,5,8,9,3,4,3,0,8,7,3
48674,6,5,2,7,1,5,9,2,3,2,9
48675,8,2,5,5,9,9,8,4,6,9,8
48676,3,6,1,8,5,3,2,6,0,1,1
48677,3,6,1,8,5,3,2,6,0,1,1
48678,0,4,5,0,2,9,4,4,6,8,2
48679,1,7,6,2,0,8,0,9,5,6,5
48680,7,1,0,3,4,6,1,5,7,3,4
48681,3,0,1,4,5,3,2,6,1,1,1
48682,7,1,0,3,4,6,1,5,7,3,4
48683,7,1,0,3,4,6,1,5,7,3,4
48684,2,3,4,6,8,2,6,8,9,5,6
48685,5,8,3,1,6,0,7,1,4,4,7
48686,6,5,2,7,1,5,9,2,3,2,9
48687,4,0,4,4,8,2,3,3,1,5,3
48688,7,1,0,3,4,6,1,5,7,3,4
48689,4,5,8,9,3,4,3,0,8,7,3
48690,0,8,3,1,2,0,4,1,4,8,0
48691,0,4,5,0,2,9,4,4,6,8,2
48692,1,7,6,2,0,8,0,3,5,6,5
48693,2,3,4,6,8,2,6,8,9,5,6
48694,8,2,5,5,9,9,8,4,6,9,8
48695,3,6,1,8,5,3,2,6,0,1,1
48696,7,9,0,2,4,6,1,7,5,3,5
48697,1,7,6,2,0,8,0,9,5,6,5
48698,6,5,2,7,1,5,9,2,3,2,9
48699,2,5,4,6,8,2,6,2,9,5,6
48700,7,1,0,3,4,6,1,5,7,3,4
48701,7,1,0,3,4,6,1,5,7,3,4
48702,7,1,0,3,4,6,1,5,7,3,4
48703,5,8,3,1,6,0,7,1,4,4,7
48704,1,7,6,2,0,8,0,9,5,6,5
48705,2,0,4,4,8,2,6,3,1,5,6
48706,3,6,1,8,5,3,2,6,0,1,1
48707,4,5,8,9,3,4,3,0,8,7,3
48708,1,7,6,2,0,8,0,9,5,6,5
48709,8,2,5,5,9,9,8,4,6,9,2
48710,5,8,3,1,6,0,7,1,4,4,7
48711,2,3,4,6,8,2,6,8,9,5,6
48712,0,4,5,0,2,9,4,4,6,8,2
48713,0,4,7,0,2,7,4,4,6,8,0
48714,4,5,8,9,3,4,3,0,8,7,3
48715,3,6,1,8,5,3,2,6,0,1,1
48716,7,1,0,3,4,6,1,5,7,3,4
48717,0,4,5,0,2,9,4,1,4,8,2
48718,8,4,7,0,9,7,8,4,6,9,8
48719,3,6,1,8,5,3,2,6,0,1,1
48720,9,9,9,2,7,1,5,7,2,0,5
48721,0,4,5,0,2,9,4,1,4,8,2
48722,1,7,6,3,0,8,0,9,5,6,4
48723,2,3,7,6,8,7,6,8,9,5,0
48724,8,2,5,5,9,9,8,4,6,9,2
48725,7,1,0,3,4,6,1,5,7,3,4
48726,2,1,4,3,8,2,6,3,7,5,6
48727,3,0,1,4,5,3,2,6,1,1,1
48728,8,2,7,5,9,7,8,4,6,9,8
48729,3,6,1,8,5,3,2,6,0,1,1
48730,5,8,3,1,6,0,7,1,4,4,0
48731,4,0,4,4,3,2,3,5,1,7,3
48732,7,1,0,3,4,6,1,5,7,3,4
48733,7,1,0,3,4,6,1,5,7,3,4
48734,7,1,0,3,4,6,1,5,7,3,4
48735,7,1,0,3,4,6,1,5,7,3,4
48736,0,4,6,0,2,8,4,9,5,8,0
48737,2,3,4,6,8,2,6,8,9,5,6
48738,6,5,2,7,1,5,9,2,3,2,9
48739,2,3,4,6,8,2,6,8,9,5,6
48740,4,5,8,9,3,4,3,0,8,7,3
48741,1,7,6,2,0,8,0,9,5,6,5
48742,3,6,1,8,5,3,2,6,0,1,1
48743,7,3,0,6,4,6,1,8,9,3,0
48744,4,5,8,9,3,4,3,0,8,7,3
48745,5,8,3,1,6,0,7,1,4,4,7
48746,7,1,0,3,4,6,1,5,7,3,4
48747,0,8,3,1,6,0,4,1,4,4,0
48748,6,0,2,7,1,5,9,2,3,2,1
48749,4,5,8,9,3,4,3,0,8,7,3
48750,8,2,7,5,9,7,8,4,6,9,8
48751,9,9,9,2,7,1,5,7,2,0,5
48752,7,1,0,3,4,6,1,5,7,3,4
48753,2,2,7,6,8,7,6,3,9,5,8
48754,0,4,7,0,2,7,4,4,6,8,0
48755,3,0,1,4,5,3,2,6,1,1,1
48756,2,3,4,6,8,2,6,8,9,5,6
48757,6,0,2,7,1,5,9,2,3,2,9
48758,0,4,7,0,2,7,4,8,9,8,0
48759,0,4,5,0,2,9,4,1,4,8,2
48760,6,6,8,8,1,4,9,0,0,2,9
48761,7,1,0,3,4,6,1,5,7,3,4
48762,9,9,9,2,7,1,5,7,2,0,5
48763,0,4,7,0,2,7,4,4,6,8,0
48764,5,8,3,1,6,0,7,1,4,4,7
48765,1,7,6,2,0,8,0,9,5,6,5
48766,5,8,3,1,6,0,7,1,4,4,7
48767,2,3,4,6,8,2,6,8,9,5,6
48768,0,4,5,0,2,9,4,1,4,8,2
48769,2,3,4,6,8,2,6,3,9,5,6
48770,1,7,6,2,0,8,0,3,5,6,5
48771,5,8,3,1,6,0,7,1,4,4,7
48772,1,7,6,2,0,8,0,9,5,6,3
48773,2,3,4,6,8,2,6,8,9,5,6
48774,7,1,0,3,4,6,1,5,7,3,4
48775,5,8,3,1,6,0,7,1,4,4,7
48776,5,5,8,9,3,4,7,0,8,7,7
48777,7,1,0,3,4,6,1,5,7,3,4
48778,4,5,8,9,3,4,3,0,8,7,3
48779,5,8,3,1,6,0,7,1,4,4,7
48780,3,6,1,8,5,3,2,6,0,1,1
48781,7,1,0,3,4,6,1,5,7,3,4
48782,0,4,7,0,2,7,4,1,4,8,0
48783,7,1,0,3,4,6,1,5,7,3,4
48784,9,9,9,2,7,1,5,7,2,0,5
48785,5,8,3,1,6,0,7,1,4,4,7
48786,0,4,7,0,2,7,4,4,6,8,0
48787,8,2,5,5,9,9,8,4,6,9,2
48788,2,3,4,6,8,2,6,8,9,5,6
48789,5,8,3,1,6,0,7,1,4,4,7
48790,3,6,1,8,5,3,2,6,0,1,1
48791,3,0,1,4,5,3,2,6,1,1,1
48792,6,6,2,8,1,5,9,0,0,2,9
48793,1,7,6,2,0,8,0,9,5,6,5
48794,7,1,0,3,4,6,1,5,7,3,4
48795,0,4,3,0,2,0,4,1,4,8,0
48796,2,3,7,6,8,7,6,8,9,5,8
48797,1,7,6,2,0,8,0,9,5,6,5
48798,1,7,6,2,0,8,0,9,5,6,5
48799,6,5,2,7,1,5,9,2,3,2,9
48800,2,3,4,6,8,2,6,3,9,5,6
48801,0,4,3,0,2,0,4,1,4,8,2
48802,3,0,1,4,5,3,2,6,1,1,1
48803,0,4,3,0,2,0,4,1,4,8,0
48804,8,2,7,5,9,7,8,4,6,9,8
48805,1,7,6,2,0,8,0,9,5,6,5
48806,1,7,6,2,0,8,0,9,5,6,5
48807,3,0,1,4,5,3,2,6,1,1,1
48808,3,6,1,8,5,3,2,6,0,1,1
48809,4,5,8,9,3,4,3,0,8,7,3
48810,4,5,8,9,3,4,3,3,8,7,3
48811,2,3,4,6,8,2,6,3,9,5,6
48812,8,2,7,5,9,7,8,3,6,9,8
48813,5,8,3,1,6,0,7,1,4,4,7
48814,7,1,0,3,4,6,1,5,7,3,4
48815,3,0,1,4,5,3,2,3,1,1,1
48816,0,4,3,0,2,0,4,1,4,8,0
48817,7,1,0,3,4,6,1,5,7,3,4
48818,5,8,3,1,6,0,7,1,4,4,7
48819,5,8,7,1,6,7,7,1,4,4,7
48820,1,7,6,2,0,8,0,9,5,6,5
48821,4,5,8,9,3,4,3,0,8,7,3
48822,7,1,0,7,4,6,1,2,7,3,4
48823,4,5,8,9,3,4,3,0,8,7,3
48824,9,9,9,2,7,1,5,7,2,0,5
48825,7,1,0,3,4,6,1,5,7,3,4
48826,9,9,9,2,7,1,5,3,2,0,8
48827,4,5,8,9,3,4,3,0,8,7,3
48828,2,3,4,6,8,2,6,8,9,5,5
48829,0,4,5,0,2,9,4,4,6,8,2
48830,3,6,1,8,5,3,2,6,0,1,1
48831,1,7,6,2,0,8,0,9,5,6,5
48832,0,4,5,0,2,9,4,1,4,8,2
48833,5,8,3,1,6,0,7,1,4,4,7
48834,3,0,1,4,5,3,2,6,1,1,1
48835,5,8,3,1,6,0,7,1,4,4,7
48836,0,8,3,1,6,0,4,1,4,4,0
48837,6,0,2,7,1,5,9,3,3,2,9
48838,3,6,1,8,5,3,2,6,0,1,1
48839,4,5,8,9,3,4,3,0,8,7,3
48840,0,4,7,0,2,7,4,4,6,8,0
48841,6,5,2,7,1,5,9,2,3,2,9
48842,2,3,4,6,8,2,6,8,9,5,6
48843,5,8,3,1,6,0,7,1,4,4,7
48844,1,7,6,2,0,8,0,9,5,6,5
48845,1,7,6,2,0,8,0,9,5,6,5
48846,5,8,3,1,6,0,7,1,4,4,7
48847,2,3,4,6,8,2,6,8,9,5,6
48848,9,9,9,2,7,1,5,7,2,0,5
48849,7,1,0,3,4,6,1,5,7,3,4
48850,2,3,4,6,8,2,6,8,9,5,6
48851,1,7,6,2,0,8,0,9,5,6,5
48852,1,7,6,2,0,8,0,9,5,6,5
48853,8,2,7,5,9,7,8,4,6,9,0
48854,1,7,7,0,0,7,0,3,6,6,0
48855,2,3,4,6,8,2,6,8,9,5,6
48856,2,3,4,6,8,2,6,3,9,5,6
48857,4,5,8,9,3,4,3,0,8,7,3
48858,4,5,8,9,3,4,3,0,8,7,3
48859,7,1,0,3,4,6,1,5,7,3,4
48860,1,7,6,2,0,8,0,9,5,6,5
48861,0,4,5,0,2,9,4,4,6,8,2
48862,1,7,6,6,0,8,0,9,5,6,5
48863,3,0,1,4,5,3,2,6,1,1,1
48864,4,5,8,9,3,4,3,0,8,7,7
48865,4,5,8,9,3,4,3,0,8,7,3
48866,0,4,5,0,2,9,4,4,6,8,2
48867,4,5,8,9,3,4,3,0,8,7,3
48868,7,1,0,3,4,6,1,5,7,3,4
48869,0,4,5,0,2,9,4,4,6,8,2
48870,0,4,7,0,2,7,4,1,4,8,0
48871,1,7,9,2,0,1,0,7,5,6,5
48872,5,8,3,1,6,0,7,1,4,4,7
48873,7,1,0,3,4,6,1,5,7,3,4
48874,0,4,5,0,2,9,4,1,4,8,2
48875,2,3,7,6,8,7,6,8,9,5,6
48876,0,4,7,0,2,7,4,1,4,8,0
48877,6,5,2,7,1,5,9,2,3,2,9
48878,0,4,5,0,2,9,4,1,4,8,2
48879,4,5,8,9,3,4,3,0,8,7,3
48880,5,8,3,1,6,0,7,1,4,4,7
48881,6,0,2,4,1,5,9,3,1,2,9
48882,8,2,7,5,9,7,8,4,6,9,8
48883,4,5,8,9,3,4,3,0,8,7,3
48884,6,5,2,7,1,5,9,2,3,2,9
48885,5,8,3,1,6,0,7,1,4,4,7
48886,4,5,8,9,3,4,3,0,8,7,3
48887,4,5,8,9,3,4,3,3,8,7,3
48888,5,8,3,1,6,0,7,1,4,4,7
48889,0,4,5,0,2,9,4,4,6,8,2
48890,4,5,8,9,3,4,3,0,8,7,3
48891,2,3,4,6,8,2,6,8,9,5,6
48892,0,4,3,0,2,0,4,1,4,8,0
48893,8,2,5,5,9,9,8,4,6,9,8
48894,5,8,3,1,6,0,7,1,4,4,7
48895,3,6,1,8,5,3,2,6,0,1,1
48896,1,7,6,2,0,8,0,9,5,6,5
48897,9,9,9,2,7,1,5,7,2,0,5
48898,6,5,2,7,1,5,9,2,3,2,9
48899,7,1,0,3,4,6,1,5,7,3,4
48900,1,7,6,2,0,8,0,9,5,6,0
48901,7,1,0,3,4,6,1,5,7,3,4
48902,1,7,6,2,0,8,0,9,5,6,5
48903,0,4,7,0,2,7,4,4,6,8,0
48904,2,3,4,6,8,2,6,8,9,5,0
48905,8,2,7,5,9,7,8,3,6,9,8
48906,2,3,4,6,8,2,6,8,9,5,6
48907,4,5,8,9,3,4,3,3,8,7,3
48908,1,7,6,2,0,8,0,9,5,6,5
48909,8,2,5,5,9,9,8,4,6,9,8
48910,0,4,5,0,2,9,4,1,4,8,2
48911,3,6,1,8,5,3,2,6,0,1,1
48912,9,9,9,2,7,1,5,7,2,0,5
48913,9,9,9,2,7,1,5,7,2,0,5
48914,0,4,5,0,2,9,4,4,6,8,2
48915,6,9,2,7,1,5,9,3,2,2,9
48916,1,7,6,2,0,8,0,9,5,6,5
48917,2,3,4,6,8,2,6,3,9,5,6
48918,4,5,8,9,3,4,3,3,8,7,3
48919,8,2,7,5,9,7,8,4,6,9,8
48920,3,6,1,8,5,3,2,6,0,1,1
48921,9,9,9,2,7,1,5,3,2,0,8
48922,1,7,6,2,0,8,0,9,5,6,5
48923,8,2,5,5,9,9,8,4,6,9,8
48924,0,4,3,0,2,0,4,1,4,8,0
48925,1,7,6,2,0,8,0,9,5,6,5
48926,6,1,2,7,1,5,9,2,3,2,9
48927,9,9,9,2,7,1,5,7,2,0,8
48928,0,8,3,0,2,0,4,1,4,8,0
48929,3,0,1,4,5,3,2,6,1,1,1
48930,0,4,3,0,2,0,4,1,4,8,0
48931,9,9,9,2,7,1,5,7,2,0,5
48932,7,1,0,3,4,6,1,5,7,3,4
48933,2,3,4,6,8,2,6,8,9,5,8
48934,6,5,2,7,1,5,9,2,3,2,9
48935,2,3,4,6,8,2,6,8,9,5,6
48936,5,8,3,1,6,0,7,1,4,4,7
48937,0,4,3,0,2,0,4,1,4,8,0
48938,8,2,7,5,9,7,8,4,6,9,8
48939,9,9,9,2,7,1,5,3,2,0,8
48940,5,8,3,1,6,0,7,1,4,4,7
48941,4,5,8,9,3,4,3,3,8,7,3
48942,0,8,3,1,6,0,4,1,4,4,0
48943,9,9,9,2,7,1,5,7,2,0,5
48944,1,7,6,2,0,8,0,9,5,6,5
48945,1,7,6,2,0,8,0,3,5,6,5
48946,1,7,6,2,0,8,0,9,5,6,5
48947,3,6,1,8,5,3,2,6,0,1,1
48948,0,8,3,1,6,0,4,1,4,4,0
48949,9,9,9,2,7,1,5,7,2,0,5
48950,8,2,7,5,9,7,8,3,6,9,8
48951,6,5,2,7,1,5,9,2,3,2,9
48952,0,4,6,0,2,8,4,9,5,8,0
48953,9,9,9,2,7,1,5,7,2,0,5
48954,6,5,2,7,1,5,9,2,3,2,9
48955,8,2,5,5,9,9,8,4,6,9,2
48956,1,7,6,2,0,8,0,9,5,6,5
48957,8,2,6,2,9,8,8,4,6,9,5
48958,4,5,8,9,3,4,3,0,8,7,3
48959,9,9,9,2,7,1,5,7,2,0,5
48960,4,5,8,9,3,4,3,0,8,7,3
48961,8,2,7,5,9,7,8,4,6,9,0
48962,0,4,7,0,2,7,4,4,6,8,0
48963,2,0,4,4,8,2,6,3,1,5,6
48964,0,4,3,0,2,0,4,1,4,8,0
48965,7,1,0,3,4,6,1,5,7,3,4
48966,8,2,7,5,9,7,8,4,6,9,8
48967,2,3,4,6,8,2,6,8,9,5,6
48968,5,8,3,1,6,0,7,1,4,4,7
48969,8,2,5,5,9,9,8,4,6,9,8
48970,5,8,3,1,6,0,7,1,4,4,7
48971,9,9,9,2,7,1,5,7,2,0,5
48972,5,8,3,1,6,0,7,1,4,4,0
48973,3,1,1,3,5,3,2,5,7,1,4
48974,2,1,4,3,8,2,6,3,7,5,6
48975,7,1,0,3,4,6,1,5,7,3,4
48976,8,2,5,5,9,9,8,4,6,9,2
48977,1,7,6,2,0,8,0,9,5,6,5
48978,7,1,0,3,4,6,1,5,7,3,4
48979,8,2,5,5,9,9,8,4,6,9,2
48980,0,4,7,0,2,7,4,4,6,8,0
48981,2,3,4,6,8,2,6,8,9,5,6
48982,6,5,2,7,1,5,9,2,3,2,9
48983,9,9,9,2,7,1,5,7,2,0,5
48984,5,8,3,1,6,0,7,1,4,4,7
48985,8,2,7,5,9,7,8,3,6,9,8
48986,6,5,2,7,1,5,9,2,3,2,9
48987,8,2,7,5,9,7,8,4,6,9,8
48988,5,8,3,1,6,0,7,1,4,4,0
48989,9,9,9,2,7,1,5,7,2,0,5
48990,8,2,7,5,9,7,8,4,6,9,8
48991,8,2,5,5,9,9,8,4,6,9,8
48992,0,4,5,0,2,9,4,4,6,8,2
48993,9,9,9,2,7,1,5,7,2,0,5
48994,9,9,9,2,7,1,5,7,2,0,5
48995,7,1,0,3,4,6,1,5,7,3,4
48996,5,8,3,1,6,0,7,1,4,4,7
48997,7,1,0,3,4,6,1,5,7,3,4
48998,7,1,0,3,4,6,1,5,7,3,4
48999,4,5,8,9,3,4,3,3,8,7,3
49000,0,4,7,0,2,7,4,1,4,8,0
49001,0,4,7,0,2,7,4,1,4,8,0
49002,1,7,6,2,0,8,0,9,5,6,5
49003,8,2,7,5,9,7,8,4,6,9,8
49004,1,7,6,9,0,8,0,9,5,6,3
49005,8,2,7,5,9,7,8,4,6,9,8
49006,7,1,0,3,4,6,1,5,7,3,4
49007,8,2,7,5,9,7,8,4,6,9,8
49008,1,7,6,2,0,8,0,9,5,6,5
49009,2,3,4,6,8,2,6,8,9,5,6
49010,1,7,6,5,0,8,0,9,5,6,8
49011,2,3,4,6,8,2,6,3,9,5,6
49012,1,7,6,2,0,8,0,9,5,6,5
49013,2,0,4,6,8,2,6,3,9,5,6
49014,2,2,4,6,8,2,6,3,2,5,8
49015,8,2,7,5,9,7,8,4,6,9,8
49016,7,1,0,3,4,6,1,5,7,3,4
49017,9,9,7,2,7,7,5,4,2,0,8
49018,1,7,6,2,0,8,0,9,5,6,5
49019,1,7,6,2,0,8,0,3,5,6,5
49020,7,1,0,3,4,6,1,5,7,3,4
49021,0,4,5,0,2,9,4,4,6,8,0
49022,4,5,8,9,3,4,3,3,8,7,3
49023,9,2,6,2,7,8,5,3,2,0,8
49024,8,2,5,5,9,9,8,4,6,9,2
49025,8,2,7,5,9,7,8,4,6,9,8
49026,4,5,8,9,3,4,3,0,8,7,3
49027,2,0,4,4,8,2,6,3,1,5,6
49028,6,1,2,7,1,5,9,2,3,2,9
49029,8,2,5,5,9,9,8,4,6,9,8
49030,0,4,7,0,2,7,4,4,6,8,0
49031,4,5,8,9,3,4,3,3,8,7,3
49032,2,3,4,6,8,2,6,8,9,5,6
49033,2,3,4,6,8,2,6,8,9,5,6
49034,2,3,4,6,8,2,6,8,9,5,6
49035,9,9,9,2,7,1,5,7,2,0,5
49036,4,5,8,9,3,4,3,0,8,7,3
49037,9,9,9,2,7,1,5,7,2,0,5
49038,7,1,0,3,4,6,1,5,7,3,4
49039,9,9,9,2,7,1,5,7,2,0,8
49040,0,4,3,0,2,0,4,1,4,8,0
49041,1,7,6,2,0,8,0,9,5,6,5
49042,1,7,6,2,0,8,0,9,5,6,5
49043,4,5,6,2,0,8,3,3,5,6,3
49044,2,3,4,6,8,2,6,8,9,5,6
49045,8,2,5,5,9,9,8,4,6,9,2
49046,7,1,0,3,4,6,1,8,7,3,4
49047,4,5,8,9,3,4,3,3,8,7,3
49048,7,1,0,3,4,6,1,5,7,3,4
49049,1,7,6,9,0,8,0,3,5,6,3
49050,5,8,3,1,6,0,7,1,4,4,7
49051,2,3,4,6,8,2,6,8,9,5,6
49052,2,3,4,6,8,2,6,8,9,5,6
49053,8,2,5,5,9,9,8,4,6,9,8
49054,7,1,0,3,4,6,1,5,7,3,4
49055,7,1,0,3,4,6,1,5,7,3,4
49056,9,9,9,7,7,1,5,7,2,0,9
49057,2,3,4,6,8,2,6,1,4,5,6
49058,5,8,3,1,6,0,7,1,4,4,7
49059,3,0,1,4,5,3,2,6,1,1,1
49060,5,5,8,9,3,4,3,0,8,7,7
49061,9,2,7,2,7,1,5,3,2,0,8
49062,0,7,6,0,0,8,0,9,5,6,0
49063,8,2,5,5,9,9,8,4,6,9,8
49064,5,8,3,1,6,0,7,1,4,4,7
49065,3,0,1,4,5,3,2,6,1,1,1
49066,5,8,3,1,6,0,7,1,4,4,7
49067,4,5,8,9,3,4,3,0,8,7,3
49068,1,7,6,2,0,8,0,9,5,6,5
49069,8,2,5,5,9,9,8,4,6,9,8
49070,9,9,9,2,7,1,5,7,2,0,5
49071,8,2,5,5,9,9,8,4,6,9,8
49072,5,8,3,1,6,0,7,1,4,4,7
49073,2,3,4,6,8,2,6,8,9,5,6
49074,6,5,2,7,1,5,9,2,3,2,9
49075,3,0,1,4,5,3,2,6,1,1,1
49076,1,7,6,2,0,8,0,9,5,6,5
49077,7,1,0,3,4,6,1,5,7,3,4
49078,0,8,3,1,6,0,4,1,4,4,0
49079,9,2,9,5,7,1,5,3,2,0,8
49080,7,1,0,3,4,6,1,5,7,3,4
49081,7,1,0,3,4,6,1,5,7,3,4
49082,0,4,5,0,2,9,4,5,7,8,2
49083,4,7,6,2,0,8,3,3,5,6,3
49084,4,1,8,9,3,4,3,0,8,7,3
49085,3,0,1,4,5,3,2,6,1,1,1
49086,3,0,1,4,5,3,2,6,1,1,1
49087,9,9,9,2,7,1,5,7,2,0,5
49088,2,3,7,6,8,7,6,8,9,5,5
49089,6,5,2,7,1,5,9,2,3,2,9
49090,6,5,2,7,1,5,9,2,3,2,9
49091,3,0,1,4,5,3,2,6,1,1,1
49092,5,8,3,1,6,0,7,1,4,4,7
49093,8,2,5,5,9,9,8,4,6,9,8
49094,8,2,9,5,9,1,8,4,6,9,8
49095,2,3,4,6,8,2,6,8,9,5,6
49096,9,9,9,2,7,1,5,9,2,0,5
49097,3,0,1,4,5,3,2,3,1,1,1
49098,6,9,2,7,1,5,9,2,3,2,9
49099,9,9,9,7,7,1,5,7,2,0,9
49100,7,1,0,3,4,6,1,5,7,3,4
49101,6,0,2,4,1,5,9,2,1,2,9
49102,5,8,3,1,6,0,7,1,4,4,7
49103,2,0,4,4,8,2,6,3,1,5,6
49104,1,7,6,2,0,8,0,3,5,6,5
49105,8,2,7,5,9,7,8,3,6,9,8
49106,8,2,5,5,4,9,1,4,6,3,2
49107,9,9,9,2,7,1,5,3,2,0,5
49108,7,1,0,3,4,6,1,5,7,3,4
49109,6,5,2,7,1,5,9,3,3,2,9
49110,3,6,1,8,5,3,2,6,0,1,1
49111,6,0,2,4,1,5,9,3,1,2,9
49112,0,4,7,0,2,7,4,4,6,8,0
49113,9,9,9,2,7,1,5,7,2,0,5
49114,7,1,0,3,4,6,1,5,7,3,4
49115,6,5,2,7,1,5,9,2,3,2,9
49116,8,2,5,5,9,9,8,4,6,9,2
49117,7,1,0,3,4,6,1,5,7,3,4
49118,1,7,6,2,0,8,0,9,5,6,5
49119,8,2,5,5,9,9,8,4,6,9,2
49120,5,8,3,1,6,0,7,1,4,4,7
49121,8,2,7,5,9,7,8,4,6,9,8
49122,7,1,0,3,4,6,1,5,7,3,4
49123,9,9,9,2,7,1,5,7,2,0,5
49124,3,6,1,8,5,3,2,6,0,1,1
49125,8,2,5,5,9,9,8,4,6,9,8
49126,9,9,9,2,7,1,5,7,2,0,5
49127,4,5,7,9,3,7,3,3,8,7,3
49128,5,8,3,1,6,0,7,1,4,4,7
49129,2,3,4,6,8,2,6,8,9,5,6
49130,5,8,3,1,6,0,7,1,4,4,7
49131,9,9,9,2,7,1,5,7,2,0,5
49132,9,9,9,2,7,1,5,7,2,0,5
49133,4,5,8,9,3,4,3,3,8,7,3
49134,1,7,6,2,0,8,0,9,5,6,5
49135,2,3,4,6,8,2,6,5,7,5,6
49136,8,2,5,5,9,9,8,4,6,9,2
49137,2,0,4,4,8,2,6,3,1,5,6
49138,5,8,3,1,6,0,7,0,4,4,7
49139,4,5,8,9,3,4,3,0,8,7,3
49140,7,1,0,3,4,6,1,5,7,3,4
49141,9,9,9,2,7,1,5,3,2,0,5
49142,7,1,0,3,4,6,1,5,7,3,4
49143,8,2,7,5,9,7,8,4,6,9,8
49144,5,8,3,1,6,0,7,1,4,4,7
49145,9,9,9,2,7,1,5,7,2,0,5
49146,5,8,3,1,6,0,7,1,4,4,0
49147,7,1,0,3,4,6,1,5,7,3,4
49148,6,9,2,7,1,5,9,2,3,2,9
49149,2,0,4,4,8,2,6,3,1,5,8
49150,3,6,1,8,5,3,2,6,0,1,1
49151,3,0,1,4,5,3,2,3,1,1,1
49152,7,1,0,3,4,6,1,5,7,3,4
49153,4,5,8,9,3,4,3,0,8,7,3
49154,1,7,6,2,0,8,0,9,5,6,5
49155,8,2,7,5,9,7,8,4,6,9,8
49156,7,1,0,3,4,6,1,5,7,3,4
49157,7,1,0,3,4,6,1,5,7,3,4
49158,6,5,2,7,1,5,9,2,3,2,9
49159,8,2,5,5,9,9,8,4,6,9,8
49160,4,5,8,9,3,4,3,3,8,7,3
49161,4,5,8,9,3,4,3,3,8,7,3
49162,0,4,7,0,2,7,4,4,6,8,0
49163,8,2,7,5,9,7,8,4,6,9,8
49164,4,5,8,9,3,4,3,0,8,7,3
49165,2,3,4,6,8,2,6,8,9,5,6
49166,7,1,0,3,4,6,1,5,7,3,4
49167,9,9,9,2,7,1,5,7,2,0,5
49168,9,9,9,2,7,1,5,7,2,0,5
49169,8,2,7,5,9,7,8,4,6,9,8
49170,2,3,4,6,8,2,6,8,9,5,6
49171,3,0,1,4,5,3,2,3,1,1,1
49172,8,2,7,5,9,7,8,4,6,9,7
49173,4,5,8,9,3,4,3,3,8,7,3
49174,0,4,5,0,2,9,4,4,6,8,2
49175,4,5,8,9,3,4,3,0,8,7,3
49176,2,3,4,6,8,2,6,8,9,5,6
49177,8,2,7,5,9,7,8,4,6,9,8
49178,4,5,8,9,3,4,3,0,8,7,3
49179,3,0,1,4,5,3,2,3,1,1,1
49180,5,8,3,1,6,0,7,1,4,4,7
49181,6,5,2,7,1,5,9,2,3,2,9
49182,5,8,3,1,6,0,7,1,4,4,7
49183,7,1,0,3,4,6,1,5,7,3,4
49184,0,8,3,1,6,0,4,1,4,4,2
49185,6,0,2,7,1,5,9,3,3,2,9
49186,1,7,6,2,0,8,0,9,5,6,5
49187,8,2,9,5,9,1,8,8,2,9,8
49188,3,5,1,8,5,3,2,6,0,1,1
49189,6,5,2,7,1,5,9,2,3,2,9
49190,7,1,0,3,4,6,1,5,7,3,4
49191,6,0,2,7,1,5,9,2,3,2,9
49192,8,2,5,5,9,9,8,4,6,9,8
49193,2,3,4,6,8,2,6,5,7,5,6
49194,1,7,6,2,0,8,0,9,5,6,5
49195,8,2,7,5,9,7,8,4,6,9,8
49196,6,5,8,9,3,4,9,0,8,7,7
49197,6,0,2,4,1,5,9,3,1,2,9
49198,9,9,9,2,7,1,5,7,2,0,5
49199,6,0,2,4,1,5,9,3,1,2,9
49200,3,6,1,8,5,3,2,6,0,1,1
49201,2,3,4,6,8,2,6,8,9,5,8
49202,7,1,0,3,4,6,1,0,7,3,4
49203,9,9,9,2,7,1,5,7,2,0,5
49204,5,8,3,1,6,0,7,1,4,4,7
49205,9,9,9,2,7,1,5,7,2,0,5
49206,0,4,7,0,2,7,4,4,6,8,0
49207,3,0,1,4,5,3,2,5,1,1,1
49208,5,1,0,1,4,6,7,5,7,3,7
49209,8,2,5,5,9,9,8,4,6,9,8
49210,1,7,6,2,0,8,0,9,5,6,5
49211,8,2,7,5,9,7,8,4,6,9,8
49212,0,4,0,0,2,6,4,5,7,8,4
49213,8,2,7,5,9,7,8,4,6,9,8
49214,3,6,1,8,5,3,2,6,0,1,1
49215,2,2,4,6,8,2,6,3,2,5,8
49216,4,5,8,9,3,4,3,3,8,7,3
49217,8,2,4,5,9,2,8,8,9,9,8
49218,3,6,1,8,5,3,2,6,0,1,1
49219,8,2,7,5,9,7,8,3,6,9,8
49220,3,6,1,8,5,3,2,6,0,1,1
49221,9,0,2,4,7,5,5,3,1,0,9
49222,7,1,0,3,4,6,1,5,7,3,4
49223,8,2,7,5,9,7,8,4,6,9,8
49224,3,6,1,8,5,3,2,6,0,1,1
49225,2,3,4,6,8,2,6,8,9,5,6
49226,7,1,0,3,4,6,1,5,7,3,4
49227,8,2,7,5,9,7,8,4,6,9,8
49228,7,1,0,3,4,6,1,5,7,3,4
49229,6,0,2,4,1,5,9,3,1,2,9
49230,2,3,4,6,8,2,6,8,9,5,6
49231,6,5,2,7,1,5,9,2,3,2,9
49232,1,7,6,2,0,8,0,9,5,6,5
49233,4,5,8,9,3,4,3,0,8,7,3
49234,7,1,0,3,4,6,1,5,7,3,4
49235,8,2,5,5,9,9,8,4,6,9,8
49236,9,9,9,2,7,1,5,3,2,0,5
49237,8,2,7,5,9,7,8,4,6,9,8
49238,7,1,0,3,4,6,1,5,7,3,4
49239,8,2,5,5,9,9,8,4,6,9,8
49240,1,7,6,2,0,8,0,9,5,6,5
49241,9,9,9,2,7,1,5,7,2,0,5
49242,8,4,5,0,2,9,4,4,6,8,7
49243,3,6,1,8,5,3,2,6,0,1,1
49244,3,0,1,4,5,3,2,3,1,1,1
49245,1,7,6,2,0,8,0,9,5,6,5
49246,9,9,9,2,7,1,5,7,2,0,5
49247,6,1,2,7,1,5,9,2,3,2,9
49248,6,0,2,7,1,5,9,2,3,2,9
49249,7,1,0,3,4,6,1,5,7,3,4
49250,1,7,6,2,0,8,0,9,5,6,5
49251,5,8,3,1,6,0,7,1,4,4,7
49252,1,7,6,2,0,8,0,9,5,6,5
49253,2,3,4,6,8,2,6,8,9,5,6
49254,7,1,0,3,4,6,1,5,7,3,4
49255,4,5,8,9,3,4,3,0,8,7,3
49256,5,8,3,1,6,0,7,1,4,4,7
49257,8,4,5,5,9,9,8,4,6,9,2
49258,4,5,8,9,3,4,3,0,8,7,3
49259,0,3,7,6,2,7,4,8,9,8,0
49260,1,7,6,2,0,8,0,9,5,6,5
49261,5,8,3,1,6,0,7,1,4,4,7
49262,0,4,3,0,2,0,4,1,4,8,0
49263,3,0,1,4,5,3,2,6,1,1,1
49264,1,7,6,2,0,8,0,9,5,6,5
49265,1,7,6,2,0,8,0,9,5,6,5
49266,7,3,0,6,4,6,1,8,9,3,4
49267,6,1,2,7,1,5,9,2,3,2,9
49268,3,6,1,8,5,3,2,6,0,1,1
49269,7,1,0,3,4,6,1,5,7,3,4
49270,2,3,4,6,8,2,6,3,9,5,6
49271,5,8,3,1,6,0,7,1,4,4,7
49272,0,4,3,0,2,0,4,1,4,8,0
49273,7,1,0,3,4,6,1,5,7,3,4
49274,0,8,3,1,6,0,7,1,4,4,0
49275,4,5,8,9,3,4,3,0,8,7,3
49276,7,1,0,3,4,6,1,5,7,3,4
49277,8,2,5,5,9,9,8,4,6,9,2
49278,7,1,0,3,4,6,1,5,7,3,4
49279,2,3,4,6,8,2,6,8,9,5,6
49280,2,3,4,6,8,2,6,3,9,5,6
49281,3,6,1,8,5,3,2,6,0,1,1
49282,9,9,9,2,7,1,5,7,2,0,5
49283,9,9,9,2,7,1,5,7,2,0,5
49284,1,7,6,2,0,8,0,9,5,6,5
49285,6,1,2,7,1,5,9,2,3,2,9
49286,7,1,0,3,4,6,1,5,7,3,4
49287,7,1,0,3,4,6,1,5,7,3,4
49288,7,1,0,3,4,6,1,5,7,3,4
49289,5,8,3,1,6,0,7,1,4,4,7
49290,1,7,6,2,0,8,0,9,5,6,5
49291,2,3,4,6,8,2,6,3,9,5,6
49292,1,7,6,2,0,8,0,9,5,6,5
49293,4,5,8,9,3,4,3,0,8,7,3
49294,2,3,4,7,8,2,6,3,3,5,6
49295,2,3,4,6,8,2,6,8,9,5,6
49296,4,5,8,9,3,4,3,0,8,7,3
49297,2,1,4,3,8,2,6,3,7,5,6
49298,8,2,7,5,9,7,8,4,6,9,8
49299,5,8,3,1,6,0,7,1,4,4,0
49300,2,3,4,6,8,2,6,8,9,5,6
49301,0,4,5,0,2,9,4,4,6,8,2
49302,7,1,0,3,4,6,1,5,7,3,4
49303,2,3,4,6,8,2,6,8,9,5,6
49304,3,6,1,8,5,3,2,6,0,1,1
49305,4,5,8,9,3,4,3,0,8,7,3
49306,3,6,1,8,5,3,2,6,0,1,1
49307,7,1,0,3,4,6,1,5,7,3,4
49308,1,7,9,2,0,1,0,7,5,6,5
49309,8,2,7,5,9,7,8,4,6,9,8
49310,2,0,4,4,8,2,6,3,1,5,6
49311,3,0,1,4,5,3,2,6,1,1,1
49312,7,1,0,3,4,6,1,5,7,3,4
49313,0,4,7,0,2,7,4,4,6,8,0
49314,6,5,2,7,1,5,9,2,3,2,9
49315,8,2,5,5,9,9,8,4,6,9,2
49316,7,1,0,3,4,6,1,5,7,3,4
49317,9,9,9,2,7,1,5,7,2,0,5
49318,1,7,6,2,0,8,0,9,5,6,5
49319,8,2,7,5,9,7,8,4,6,9,8
49320,8,2,5,5,9,9,8,4,6,9,2
49321,7,1,0,3,4,6,1,5,7,3,4
49322,3,6,1,8,5,3,2,6,0,1,1
49323,2,3,4,6,8,2,6,8,9,5,6
49324,7,1,0,3,4,6,1,5,7,3,4
49325,0,4,7,0,2,7,4,1,4,8,0
49326,1,7,6,2,0,8,0,9,5,6,5
49327,8,2,5,5,9,9,8,4,6,9,2
49328,4,5,8,9,3,4,3,3,8,7,3
49329,2,1,4,7,8,2,6,3,3,5,6
49330,8,2,5,5,9,9,8,4,6,9,8
49331,3,6,1,8,5,3,2,6,0,1,1
49332,7,3,4,6,4,6,6,8,9,3,6
49333,8,2,7,5,9,7,8,4,6,9,8
49334,7,1,0,3,4,6,1,5,7,3,4
49335,5,8,3,1,6,0,7,1,4,4,7
49336,3,6,1,8,5,3,2,6,0,1,1
49337,4,5,8,9,3,4,3,3,8,7,3
49338,1,7,6,2,0,8,0,7,5,6,5
49339,1,7,6,2,0,8,0,9,5,6,5
49340,6,5,2,7,1,5,9,2,3,2,9
49341,0,4,7,0,2,7,4,1,4,8,0
49342,2,3,4,6,8,2,6,3,9,5,6
49343,2,3,4,6,8,2,6,8,9,5,6
49344,4,5,8,9,3,4,3,0,8,7,3
49345,0,4,7,0,2,7,4,4,6,8,0
49346,4,5,8,9,3,4,3,3,8,7,3
49347,4,5,8,9,3,4,3,0,8,7,3
49348,5,8,3,1,6,0,7,1,4,4,7
49349,6,5,2,7,1,5,9,2,3,2,9
49350,1,7,6,2,0,8,0,9,5,6,5
49351,3,0,1,4,5,3,2,6,1,1,1
49352,7,8,0,1,4,6,1,5,7,3,4
49353,4,5,8,9,3,4,3,0,8,7,3
49354,3,6,1,8,5,3,2,6,0,1,1
49355,9,9,9,2,7,1,5,7,2,0,5
49356,8,2,5,5,9,9,8,4,6,9,2
49357,9,9,9,2,7,1,5,7,2,0,5
49358,0,4,7,0,2,7,4,1,4,8,0
49359,9,9,9,2,7,1,5,7,2,0,5
49360,2,3,4,6,8,2,6,8,9,5,6
49361,8,2,5,5,9,9,8,4,6,9,2
49362,1,7,6,2,0,8,0,9,5,6,5
49363,6,5,2,7,1,5,9,2,3,2,9
49364,5,8,3,1,6,0,7,1,4,4,7
49365,8,2,5,5,9,9,8,4,6,9,8
49366,9,9,9,2,7,1,5,7,2,0,0
49367,2,3,4,6,8,2,6,8,9,5,6
49368,1,7,6,2,0,8,0,9,5,6,5
49369,6,5,2,7,1,5,9,2,3,2,9
49370,3,6,1,8,5,3,2,6,0,1,1
49371,5,8,3,1,6,0,7,1,4,4,0
49372,0,4,5,0,2,9,4,4,6,8,2
49373,5,8,3,1,6,0,7,1,4,4,7
49374,3,6,1,8,5,3,2,6,0,1,7
49375,8,2,7,5,9,7,8,4,6,9,8
49376,7,1,0,3,4,6,1,5,7,3,4
49377,2,3,4,6,8,2,6,8,9,5,6
49378,7,1,0,3,4,6,1,5,7,3,4
49379,0,4,7,0,2,7,4,4,6,8,0
49380,1,7,6,2,0,8,0,9,5,6,5
49381,6,5,2,7,1,5,9,2,3,2,9
49382,5,8,3,1,6,0,7,1,4,4,7
49383,0,4,7,0,2,7,4,4,6,8,0
49384,1,7,6,2,0,8,0,9,5,6,5
49385,8,2,5,5,9,9,8,4,6,9,8
49386,0,4,7,0,2,7,4,4,6,8,0
49387,3,0,1,4,5,3,2,6,1,1,1
49388,0,8,3,1,2,0,4,1,4,4,0
49389,3,0,1,4,5,3,2,6,1,1,1
49390,7,1,0,3,4,6,1,8,7,3,4
49391,8,2,5,5,9,9,8,4,6,9,2
49392,9,9,9,2,7,1,5,7,2,0,5
49393,8,2,7,5,9,7,8,3,6,9,8
49394,4,5,8,9,3,4,3,0,8,7,3
49395,9,9,9,2,7,1,5,7,2,0,8
49396,4,5,8,9,3,4,3,3,8,7,3
49397,9,9,9,2,7,1,5,7,2,0,5
49398,0,4,3,0,2,0,4,1,4,8,0
49399,8,2,5,5,9,9,8,4,6,9,2
49400,1,7,6,2,0,8,0,9,5,6,5
49401,4,5,8,9,3,4,3,3,8,7,3
49402,7,1,0,3,4,6,1,5,7,3,4
49403,4,0,8,4,3,4,3,0,1,7,3
49404,7,1,0,3,4,6,1,5,7,3,4
49405,4,5,8,9,3,4,3,0,8,7,3
49406,0,8,3,1,6,0,7,1,4,4,0
49407,2,3,4,6,8,2,6,8,9,5,6
49408,6,5,2,7,1,5,9,2,3,2,9
49409,6,5,2,7,1,5,9,2,3,2,9
49410,7,1,0,3,4,6,1,5,7,3,4
49411,6,5,2,7,1,5,9,2,3,2,9
49412,9,9,9,2,7,1,5,4,6,0,5
49413,0,4,5,0,2,9,4,4,6,8,2
49414,7,1,0,3,4,6,1,5,7,3,4
49415,8,2,5,5,9,9,8,4,6,9,2
49416,1,7,6,2,0,8,0,9,5,6,5
49417,0,4,7,0,2,7,4,4,6,8,0
49418,5,8,8,1,6,4,7,0,8,4,7
49419,3,0,1,4,5,3,2,6,1,1,1
49420,1,7,6,2,0,8,0,9,5,6,5
49421,6,5,2,7,1,5,9,2,3,2,9
49422,7,1,0,3,4,6,1,5,7,3,4
49423,8,2,7,5,9,7,8,4,6,9,8
49424,7,1,0,3,4,6,1,5,7,3,4
49425,4,5,8,9,3,4,3,9,8,7,3
49426,4,5,8,9,3,4,3,0,8,7,3
49427,1,7,6,2,0,8,0,3,5,6,5
49428,9,9,9,2,7,1,5,3,2,0,5
49429,3,6,1,8,5,3,2,6,0,1,1
49430,6,5,2,7,1,5,9,2,3,2,9
49431,7,1,0,3,4,6,1,5,7,3,4
49432,5,8,3,1,6,0,7,1,4,4,7
49433,7,1,0,3,4,6,1,5,7,3,4
49434,6,5,2,7,1,5,9,2,3,2,9
49435,7,1,0,3,4,6,1,5,7,3,4
49436,4,5,8,9,3,4,3,3,8,7,3
49437,9,9,9,2,7,1,5,7,2,0,5
49438,8,2,5,5,9,9,8,4,6,9,8
49439,2,3,4,6,8,2,6,8,9,5,6
49440,1,7,6,2,0,8,0,9,5,6,5
49441,9,9,9,2,7,1,5,7,2,0,5
49442,1,7,6,2,0,8,0,9,5,6,5
49443,3,0,1,4,5,3,2,6,1,1,1
49444,5,8,3,1,6,0,7,1,4,4,2
49445,7,1,0,3,4,6,1,8,9,3,4
49446,7,1,0,3,4,6,1,5,7,3,4
49447,0,4,3,0,2,0,4,1,4,8,0
49448,5,5,8,9,3,4,7,0,8,7,7
49449,4,5,8,9,3,4,3,0,8,7,3
49450,7,1,0,3,4,6,1,5,7,3,4
49451,8,2,5,5,9,9,8,4,6,9,2
49452,6,5,2,7,1,5,9,2,3,2,9
49453,2,3,4,6,8,2,6,8,9,5,6
49454,6,5,2,7,1,5,9,2,3,2,9
49455,2,1,4,3,8,2,6,5,9,5,6
49456,4,5,8,9,3,4,3,0,8,7,3
49457,2,3,4,6,8,2,6,8,9,5,6
49458,8,2,5,5,9,9,8,4,6,9,2
49459,3,0,1,4,5,3,2,6,1,1,1
49460,7,1,0,3,4,6,1,5,7,3,4
49461,6,5,2,7,1,5,9,2,3,2,9
49462,5,8,3,1,6,0,7,1,4,4,7
49463,3,6,1,8,5,3,2,6,8,1,1
49464,1,7,6,2,0,8,0,9,5,6,5
49465,2,3,4,6,8,2,6,8,9,5,6
49466,0,4,3,0,2,0,4,1,4,8,0
49467,7,1,0,3,4,6,1,3,7,3,4
49468,0,4,3,0,2,0,4,1,4,8,0
49469,8,2,7,5,9,7,8,4,6,9,8
49470,7,1,0,3,4,6,1,5,7,3,4
49471,3,0,1,4,5,3,2,3,1,1,1
49472,0,4,3,0,2,0,4,1,4,8,0
49473,9,9,9,7,7,1,5,7,2,0,9
49474,6,4,2,0,1,5,9,2,3,2,2
49475,5,5,7,1,6,7,7,1,4,4,0
49476,0,4,7,0,2,7,4,1,4,8,0
49477,2,3,4,6,8,2,6,8,9,5,6
49478,4,5,8,9,3,4,3,0,8,7,3
49479,8,2,7,5,9,7,8,4,6,9,8
49480,9,9,7,2,7,7,5,4,2,0,8
49481,9,9,9,2,7,1,5,3,2,0,8
49482,1,7,6,2,0,8,0,9,5,6,5
49483,4,5,8,9,3,4,3,3,8,7,3
49484,4,5,8,9,3,4,3,0,8,7,3
49485,8,2,5,5,9,9,8,4,6,9,8
49486,6,5,2,7,1,5,9,2,3,2,9
49487,9,2,9,5,9,1,8,3,2,9,8
49488,1,7,6,2,0,8,0,9,5,6,5
49489,9,9,9,5,7,1,5,7,2,0,8
49490,7,1,0,3,4,6,1,5,7,3,4
49491,8,2,7,5,9,7,8,4,6,9,8
49492,5,8,3,1,6,0,7,1,4,4,7
49493,9,2,9,5,7,1,5,3,2,0,8
49494,7,1,0,3,4,6,1,5,7,3,4
49495,8,2,7,5,9,7,8,4,6,9,8
49496,2,3,4,6,8,2,6,8,9,5,6
49497,9,0,9,4,7,1,5,3,1,0,8
49498,5,5,0,3,4,6,7,5,7,3,7
49499,9,9,9,2,7,1,5,7,2,0,5
49500,7,6,0,8,4,6,1,5,0,3,4
49501,5,5,7,1,7,1,7,3,2,0,7
49502,2,3,4,6,8,2,6,8,9,5,6
49503,4,5,8,9,3,4,3,3,1,7,3
49504,1,7,6,2,0,8,0,9,5,6,5
49505,4,5,8,9,3,4,3,3,8,7,3
49506,8,2,7,5,9,7,8,4,6,9,8
49507,8,2,5,5,9,9,8,4,6,9,8
49508,7,1,0,3,4,6,1,5,7,3,4
49509,8,0,7,4,9,7,8,3,1,9,8
49510,4,5,8,9,3,4,3,0,8,7,3
49511,8,2,9,5,9,1,8,4,2,9,8
49512,1,7,6,2,0,8,0,9,5,6,5
49513,8,2,7,5,9,7,8,3,2,9,8
49514,0,4,7,0,2,7,4,9,5,8,0
49515,6,5,2,7,1,5,9,3,3,2,8
49516,0,4,5,0,2,9,4,4,6,8,2
49517,9,9,9,2,7,1,5,3,2,0,5
49518,3,6,1,8,5,3,2,6,0,1,1
49519,9,9,9,7,7,1,5,7,2,0,9
49520,0,3,4,6,8,2,6,8,9,5,0
49521,9,9,9,7,7,1,5,7,2,0,9
49522,2,3,4,6,8,2,6,8,9,5,6
49523,8,2,7,5,9,7,8,4,2,9,8
49524,1,7,6,2,0,8,0,9,5,6,5
49525,4,5,2,7,3,5,3,3,1,7,8
49526,1,7,6,9,0,8,0,3,5,6,3
49527,9,9,9,2,7,1,5,7,2,0,5
49528,4,5,8,9,3,4,3,0,8,7,3
49529,9,2,9,5,7,1,5,4,2,0,8
49530,7,1,0,3,4,6,1,5,7,3,4
49531,8,2,9,5,9,1,8,4,2,9,8
49532,2,3,4,6,8,2,6,8,9,5,6
49533,3,0,1,4,5,3,2,3,1,1,1
49534,1,7,6,2,0,8,0,9,5,6,5
49535,3,0,1,4,5,3,2,6,1,1,1
49536,5,8,3,1,6,0,7,1,4,4,0
49537,3,6,1,8,5,3,2,6,0,1,1
49538,1,7,6,2,0,8,0,9,5,6,5
49539,4,5,8,9,3,4,3,3,8,7,3
49540,0,4,6,0,2,8,4,9,5,8,5
49541,8,2,7,5,9,7,8,4,6,9,8
49542,8,2,7,5,9,7,8,4,6,9,8
49543,2,0,4,4,8,2,6,3,1,5,8
49544,5,8,3,1,6,0,7,1,4,4,7
49545,8,2,7,5,9,7,8,3,1,9,8
49546,0,4,3,0,2,0,4,1,4,8,0
49547,8,2,7,5,9,7,8,4,6,9,8
49548,2,3,4,6,8,2,6,8,9,5,6
49549,8,2,7,5,9,7,8,4,6,9,8
49550,4,5,8,9,3,4,3,0,8,7,3
49551,8,2,7,5,9,7,8,4,6,9,8
49552,5,8,3,1,6,0,7,1,4,4,7
49553,8,2,5,5,9,9,8,4,6,9,8
49554,1,7,5,2,0,9,0,4,6,6,5
49555,5,8,3,2,6,0,7,1,4,4,5
49556,1,7,6,2,0,8,0,9,5,6,5
49557,9,9,9,2,7,1,5,7,2,0,5
49558,7,1,0,3,4,6,1,8,9,3,4
49559,9,9,9,2,7,1,5,7,2,0,5
49560,7,1,0,3,4,6,1,5,7,3,4
49561,3,0,1,4,5,3,2,3,1,1,1
49562,5,8,3,1,6,0,7,1,4,4,7
49563,9,9,9,5,7,1,5,3,2,0,8
49564,0,4,3,0,2,0,4,1,4,8,0
49565,8,2,7,5,9,7,8,4,6,9,8
49566,1,7,6,2,0,8,0,9,5,6,5
49567,6,5,2,7,1,5,9,3,3,2,9
49568,7,1,0,3,4,6,1,5,7,3,4
49569,9,9,9,2,7,1,5,7,2,0,5
49570,7,1,0,3,4,6,1,5,7,3,4
49571,8,2,9,5,9,1,8,4,2,9,8
49572,7,1,0,3,4,6,1,5,7,3,4
49573,5,8,6,2,6,8,7,9,2,4,5
49574,5,8,3,1,6,0,7,1,4,4,7
49575,3,0,1,4,8,3,2,3,1,5,1
49576,3,6,1,8,5,3,2,6,0,1,1
49577,9,5,9,7,7,1,5,3,2,0,3
49578,1,7,6,2,0,8,0,9,5,6,5
49579,9,9,9,6,8,1,5,3,2,0,8
49580,6,5,2,7,1,5,9,2,3,2,9
49581,9,9,9,2,7,1,5,3,2,0,5
49582,2,0,4,4,8,2,6,3,1,5,6
49583,3,0,1,4,5,3,2,3,1,1,1
49584,9,9,9,2,7,1,5,7,2,0,5
49585,2,3,4,6,8,2,6,8,9,5,6
49586,7,1,0,3,4,6,1,5,7,3,4
49587,9,9,9,2,7,1,5,7,2,0,8
49588,1,7,6,2,0,8,0,9,5,6,5
49589,2,3,4,6,8,2,6,8,9,5,6
49590,5,8,3,1,6,0,7,1,4,4,7
49591,8,2,7,5,9,7,8,4,6,9,8
49592,1,7,6,2,0,8,0,7,5,6,5
49593,4,0,8,9,3,4,3,3,8,7,3
49594,3,6,1,8,5,3,2,6,0,1,1
49595,9,0,9,4,7,1,5,3,1,0,8
49596,3,6,1,8,5,3,2,6,0,1,1
49597,4,5,8,9,3,4,3,3,8,7,3
49598,7,1,0,3,4,6,1,5,7,3,4
49599,8,2,7,5,9,7,8,4,6,9,8
49600,1,7,6,2,0,8,0,9,5,6,5
49601,3,0,1,4,5,3,2,3,1,1,1
49602,7,1,0,3,4,6,1,5,7,3,4
49603,9,9,9,2,7,1,5,7,2,0,5
49604,7,1,0,3,4,6,1,5,7,3,4
49605,6,5,2,7,1,5,9,2,3,2,9
49606,1,7,6,2,0,8,0,9,5,6,5
49607,4,5,8,9,3,4,3,3,8,7,3
49608,0,4,7,0,2,7,4,1,4,8,0
49609,0,4,7,0,2,7,4,3,4,8,0
49610,1,7,6,2,0,8,0,9,5,6,5
49611,2,3,4,6,8,2,6,3,9,5,6
49612,1,7,6,2,0,8,0,9,5,6,5
49613,4,5,7,2,3,7,3,3,8,7,8
49614,7,1,0,3,4,6,1,5,7,3,4
49615,8,2,5,5,9,9,8,4,6,9,2
49616,5,8,3,1,6,0,7,1,4,4,7
49617,2,3,4,6,8,2,6,8,9,5,6
49618,7,1,0,3,4,6,1,5,7,3,4
49619,0,4,7,0,2,7,4,4,6,8,0
49620,2,3,4,6,8,2,6,8,9,5,6
49621,2,0,1,4,8,2,6,3,1,5,1
49622,7,6,1,8,4,3,1,6,0,3,4
49623,9,9,9,2,7,1,5,7,2,0,5
49624,5,5,8,9,3,4,3,0,8,7,7
49625,6,9,2,7,1,5,9,2,3,2,9
49626,4,5,8,9,3,4,3,0,8,7,3
49627,7,1,0,3,4,6,1,5,7,3,4
49628,1,7,6,2,0,8,0,9,5,6,5
49629,0,4,7,0,2,7,4,1,4,8,0
49630,7,1,0,3,4,6,1,5,7,3,6
49631,8,2,7,5,9,7,8,3,2,9,8
49632,2,3,4,6,8,2,6,8,9,5,6
49633,4,5,8,9,3,4,3,0,8,7,1
49634,8,4,7,0,2,7,4,4,6,8,0
49635,8,2,5,5,9,9,8,4,6,9,8
49636,1,7,6,6,0,8,0,9,5,6,6
49637,2,3,4,6,8,2,6,8,9,5,6
49638,7,1,0,3,4,6,1,5,7,3,4
49639,3,0,1,4,5,3,2,3,1,1,1
49640,0,4,3,0,2,0,4,1,4,8,0
49641,9,9,9,2,7,1,5,7,2,0,5
49642,6,5,2,7,1,5,9,2,3,2,9
49643,6,5,2,7,1,5,9,2,3,2,9
49644,0,4,5,0,2,9,4,4,6,8,2
49645,2,3,4,6,8,2,6,5,9,5,6
49646,1,7,6,2,0,8,0,3,5,6,5
49647,9,9,9,2,7,1,5,7,2,0,8
49648,7,1,0,3,4,6,1,5,7,3,4
49649,2,3,4,6,8,2,6,3,9,5,6
49650,7,1,0,3,4,6,1,5,7,3,4
49651,4,5,8,9,3,4,3,0,8,7,3
49652,7,1,0,3,4,6,1,5,7,3,4
49653,8,2,7,5,9,7,8,4,6,9,8
49654,7,3,0,3,4,6,1,8,9,3,4
49655,2,2,4,6,8,2,6,3,9,5,6
49656,7,1,0,3,4,6,1,5,7,3,4
49657,2,0,4,4,8,2,6,3,1,5,6
49658,5,8,3,1,6,0,7,1,4,4,0
49659,4,5,8,9,3,4,3,0,8,7,3
49660,7,1,0,3,4,6,1,5,7,3,4
49661,2,3,4,6,8,2,6,8,9,5,6
49662,6,9,2,7,1,5,9,2,3,2,9
49663,8,2,7,5,9,7,8,4,6,9,8
49664,1,7,6,2,0,8,0,9,5,6,5
49665,8,2,7,5,9,7,8,3,2,9,8
49666,0,8,3,0,2,0,4,1,4,8,0
49667,9,9,9,2,7,1,5,7,2,0,5
49668,7,1,0,3,4,6,1,5,7,3,4
49669,8,2,7,5,9,7,8,4,6,9,8
49670,7,1,0,3,4,6,1,5,7,3,4
49671,2,2,4,5,8,2,6,3,6,5,8
49672,0,4,3,0,2,0,4,1,4,8,0
49673,7,1,0,3,4,6,1,5,7,3,4
49674,8,2,5,5,9,9,8,4,6,9,8
49675,3,0,1,4,5,3,2,3,1,1,1
49676,0,4,3,0,2,0,4,1,4,8,0
49677,2,3,4,6,8,2,6,8,9,5,6
49678,7,1,0,3,4,6,1,5,7,3,4
49679,8,2,7,5,9,7,8,4,6,9,8
49680,1,7,6,2,0,8,0,9,5,6,5
49681,9,9,9,2,7,1,5,7,2,0,5
49682,7,1,0,3,4,6,1,5,7,3,4
49683,8,2,7,5,9,7,8,3,6,9,8
49684,7,1,0,3,4,6,1,5,7,3,4
49685,3,0,1,4,5,3,2,6,1,1,1
49686,7,1,0,3,4,6,1,5,7,3,4
49687,8,2,7,5,9,7,8,3,6,9,8
49688,5,8,3,1,6,0,7,1,4,4,0
49689,2,0,4,4,8,2,6,3,1,5,8
49690,1,7,6,2,0,8,0,9,5,6,5
49691,8,2,9,5,9,1,8,4,6,9,8
49692,0,4,3,0,2,0,4,1,4,8,0
49693,3,5,8,8,3,4,3,0,0,7,1
49694,0,4,5,0,2,9,4,1,4,8,0
49695,3,6,1,8,5,3,2,6,0,1,1
49696,5,8,3,1,6,0,7,1,4,4,7
49697,9,9,9,2,7,1,5,7,2,0,5
49698,0,4,3,0,2,0,4,1,4,8,0
49699,4,0,8,4,3,4,3,3,1,7,3
49700,5,2,7,5,9,7,7,4,6,9,7
49701,2,3,4,6,8,2,6,8,9,5,6
49702,9,9,9,2,7,1,5,9,2,0,5
49703,8,2,7,5,9,7,8,4,6,9,8
49704,2,3,4,6,8,2,6,8,9,5,6
49705,8,2,7,5,9,7,8,3,6,9,8
49706,1,7,6,2,0,8,0,9,5,6,5
49707,9,9,9,2,7,1,5,7,2,0,8
49708,2,3,4,6,8,2,6,8,9,5,6
49709,8,2,9,5,9,1,8,4,6,9,8
49710,5,8,3,1,6,0,7,1,4,4,7
49711,4,5,8,9,3,4,3,3,8,7,3
49712,0,4,3,0,2,0,4,1,4,8,0
49713,8,0,4,4,9,2,8,3,1,9,8
49714,0,4,3,0,2,0,4,1,4,8,0
49715,2,3,4,6,8,2,6,8,9,5,6
49716,3,6,1,8,5,3,2,6,0,1,1
49717,9,9,9,2,7,1,5,7,2,0,5
49718,4,5,8,9,3,4,3,0,8,7,3
49719,8,2,5,5,9,9,8,4,6,9,8
49720,3,0,1,4,5,3,2,6,1,1,1
49721,8,2,5,5,9,9,8,4,6,9,8
49722,5,8,3,1,6,0,7,1,4,4,7
49723,9,9,9,2,7,1,5,7,2,0,5
49724,2,3,4,6,8,2,6,8,9,5,6
49725,7,1,0,3,4,6,1,5,7,3,4
49726,0,8,3,0,2,0,4,1,4,4,0
49727,6,5,2,7,1,5,9,2,3,2,9
49728,7,1,0,3,4,6,1,5,7,3,4
49729,7,1,0,3,4,6,1,5,7,3,4
49730,0,4,3,0,2,0,4,1,4,8,0
49731,9,9,9,2,7,1,5,7,2,0,5
49732,7,1,0,3,4,6,1,5,7,3,4
49733,0,4,7,0,2,7,4,4,6,8,0
49734,5,8,3,1,6,0,7,1,4,4,7
49735,6,5,2,7,1,5,9,2,3,2,9
49736,8,2,5,5,9,9,8,4,6,9,2
49737,3,6,1,8,5,3,2,6,0,1,1
49738,0,4,5,0,2,9,4,1,4,8,2
49739,3,6,1,8,5,3,2,6,0,1,1
49740,5,8,3,1,6,0,7,1,4,4,7
49741,8,2,7,5,9,7,8,4,6,9,8
49742,0,4,5,0,2,9,4,4,6,8,2
49743,4,5,8,9,3,4,3,3,8,7,3
49744,1,7,6,2,0,8,0,9,5,6,5
49745,9,9,9,5,7,1,5,7,2,0,8
49746,7,1,0,3,4,6,1,8,7,3,4
49747,0,4,7,0,2,7,4,1,4,8,0
49748,7,1,0,3,4,6,1,5,7,3,4
49749,7,1,0,3,4,6,1,5,7,3,4
49750,2,0,4,4,8,2,6,6,1,5,6
49751,2,3,4,6,8,2,6,8,9,5,6
49752,0,4,3,0,2,0,4,1,4,8,0
49753,0,4,7,0,2,7,4,1,4,8,0
49754,0,4,3,0,2,0,4,1,4,8,0
49755,8,2,5,5,9,9,8,4,6,9,8
49756,7,1,0,3,4,6,1,8,7,3,4
49757,6,5,2,7,1,5,9,2,3,2,9
49758,9,9,9,5,7,1,5,7,2,0,8
49759,7,1,0,3,4,6,1,5,7,3,4
49760,7,6,0,8,4,6,1,5,0,3,4
49761,4,5,8,8,3,4,3,0,8,7,7
49762,9,9,9,2,7,1,5,7,2,0,5
49763,7,1,0,3,4,6,1,5,7,3,4
49764,0,4,7,0,2,7,4,1,4,8,0
49765,5,5,8,9,3,4,3,0,8,7,7
49766,2,3,4,6,8,2,6,8,9,5,6
49767,8,2,7,5,9,7,8,4,6,9,8
49768,9,9,9,2,7,1,5,7,2,0,5
49769,3,6,1,8,5,3,2,6,0,1,1
49770,7,1,0,3,4,6,1,5,7,3,4
49771,7,1,0,3,4,6,1,5,7,3,4
49772,5,8,3,1,6,0,7,0,8,4,7
49773,6,5,2,7,1,5,9,2,3,2,9
49774,3,6,1,8,5,3,2,6,0,1,1
49775,6,3,2,7,1,5,9,2,3,2,9
49776,6,5,2,7,1,5,9,2,3,2,9
49777,9,9,9,2,7,1,5,7,2,0,5
49778,6,5,2,7,1,5,9,2,3,2,9
49779,5,6,1,8,5,3,2,0,0,1,7
49780,3,0,1,4,5,3,2,6,1,1,1
49781,6,5,2,7,1,5,9,2,3,2,9
49782,6,5,2,7,1,5,9,2,3,2,9
49783,7,1,0,3,4,6,1,5,7,3,4
49784,5,8,3,1,6,0,7,1,4,4,7
49785,2,3,4,6,8,2,6,8,9,5,6
49786,1,7,6,2,0,8,0,9,5,6,5
49787,1,7,6,2,0,8,0,9,5,6,5
49788,7,1,0,3,4,6,1,5,7,3,4
49789,7,1,0,3,4,6,1,5,7,3,4
49790,5,2,5,1,6,9,7,3,4,4,7
49791,7,1,0,3,4,6,1,5,7,3,4
49792,5,5,3,1,6,0,7,1,4,4,7
49793,8,2,7,5,9,7,8,4,6,9,8
49794,7,1,0,3,4,6,1,5,7,3,4
49795,6,5,2,7,1,5,9,2,3,2,9
49796,1,7,6,2,0,8,0,9,5,6,5
49797,2,0,4,4,8,2,6,3,1,5,6
49798,0,4,3,0,2,0,4,1,4,8,0
49799,8,2,5,5,9,9,8,4,6,9,8
49800,3,6,1,8,5,3,2,6,0,1,1
49801,0,4,7,0,2,7,4,8,6,8,0
49802,4,5,8,9,3,4,3,0,8,7,7
49803,2,3,4,6,8,2,6,8,9,5,6
49804,9,9,7,2,7,7,5,9,2,0,0
49805,6,3,2,6,1,5,9,8,9,2,9
49806,0,4,5,0,2,9,4,4,6,8,2
49807,9,9,9,2,7,1,5,7,2,0,5
49808,1,3,6,6,0,8,0,8,9,6,5
49809,4,5,8,9,3,4,3,0,8,7,3
49810,7,1,0,3,4,6,1,5,7,3,4
49811,9,9,9,2,7,1,5,7,2,0,5
49812,0,4,5,0,2,9,4,4,6,8,2
49813,4,5,8,9,3,4,3,3,8,7,3
49814,7,1,0,3,4,6,1,5,7,3,4
49815,3,6,1,8,5,3,2,6,0,1,1
49816,4,5,8,9,3,4,3,0,8,7,3
49817,1,7,6,2,0,8,0,9,5,6,5
49818,0,4,5,0,2,9,4,1,4,8,2
49819,7,1,0,3,4,6,1,5,7,3,4
49820,7,1,0,3,4,6,1,5,7,3,4
49821,7,1,0,3,4,6,1,5,7,3,4
49822,5,8,3,1,6,0,7,1,4,4,7
49823,0,4,3,0,2,0,4,1,4,8,0
49824,7,1,0,3,4,6,1,5,7,3,4
49825,7,1,0,3,4,6,1,5,7,3,4
49826,7,1,0,3,4,6,1,5,7,3,4
49827,4,5,8,9,3,4,3,0,8,7,3
49828,4,5,8,9,3,4,3,0,8,7,3
49829,5,8,3,1,6,0,7,1,4,4,7
49830,7,1,0,3,4,6,1,1,7,3,4
49831,7,1,0,3,4,6,1,5,7,3,4
49832,1,7,6,2,0,8,0,9,5,6,5
49833,5,8,3,1,6,0,7,1,4,4,7
49834,1,7,6,2,0,8,0,9,5,6,5
49835,7,6,0,8,4,6,1,5,0,3,4
49836,5,8,3,1,6,0,7,1,4,4,0
49837,1,7,6,2,0,8,0,9,5,6,5
49838,5,5,2,1,6,5,7,2,3,4,7
49839,6,5,2,7,1,5,9,2,3,2,9
49840,1,7,6,2,0,8,0,9,5,6,5
49841,4,5,8,9,3,4,3,0,8,7,3
49842,2,4,4,0,8,2,6,3,9,5,2
49843,5,8,3,1,6,0,7,1,4,4,0
49844,0,4,3,0,2,0,4,1,4,8,0
49845,7,1,0,3,4,6,1,5,7,3,4
49846,8,2,9,5,9,1,8,4,6,9,8
49847,4,5,8,9,3,4,3,0,8,7,3
49848,3,6,1,8,5,3,2,6,0,1,1
49849,5,8,3,1,6,0,7,1,4,4,7
49850,5,8,3,1,6,0,7,1,4,4,7
49851,2,3,4,6,8,2,6,8,9,5,5
49852,9,9,9,2,7,1,5,7,2,0,5
49853,3,6,1,8,5,3,2,6,0,1,1
49854,8,2,7,5,9,7,8,4,6,9,8
49855,1,7,6,2,0,8,0,9,5,6,5
49856,6,5,2,7,1,5,9,2,3,2,9
49857,6,5,2,7,1,5,9,2,3,2,9
49858,5,8,3,1,6,0,7,1,4,4,7
49859,4,5,8,9,3,4,3,0,8,7,3
49860,1,7,6,2,0,8,0,9,5,6,5
49861,0,8,3,1,6,0,7,1,4,4,0
49862,8,2,5,5,9,9,8,4,6,9,8
49863,7,1,0,3,4,6,1,5,7,3,4
49864,7,1,0,3,4,6,1,5,7,3,4
49865,4,5,8,9,3,4,3,0,8,7,3
49866,0,4,3,0,2,0,4,1,4,8,0
49867,5,8,3,1,6,0,7,1,4,4,7
49868,7,1,0,3,4,6,1,5,7,3,4
49869,7,1,0,3,4,6,1,5,7,3,4
49870,5,8,3,1,6,0,7,1,4,4,7
49871,5,8,3,1,6,0,7,1,4,4,0
49872,2,0,4,3,8,2,6,5,1,5,6
49873,6,5,2,7,1,5,9,2,3,2,9
49874,0,4,7,0,2,7,4,1,4,8,0
49875,6,5,2,7,1,5,9,2,3,2,9
49876,1,7,6,2,0,8,0,9,5,6,5
49877,5,8,3,1,6,0,7,1,4,4,7
49878,1,7,6,2,0,8,0,9,5,6,5
49879,4,5,8,9,3,4,3,0,8,7,3
49880,5,8,3,1,6,0,7,6,0,4,7
49881,0,4,3,0,2,0,4,1,4,8,0
49882,7,1,0,3,4,6,1,5,7,3,4
49883,3,6,1,8,5,3,2,6,0,1,1
49884,1,7,6,2,0,8,0,9,5,6,5
49885,7,1,0,3,4,6,1,5,7,3,4
49886,5,5,8,9,3,4,7,0,8,7,7
49887,7,1,0,0,4,6,1,8,4,3,0
49888,1,7,6,2,0,8,0,9,5,6,5
49889,2,3,4,6,8,2,6,8,9,5,6
49890,5,8,3,1,6,0,7,1,4,4,7
49891,5,8,3,1,6,0,7,1,4,4,7
49892,5,8,3,1,6,0,7,1,4,4,7
49893,4,5,8,9,3,4,3,0,8,7,3
49894,3,6,1,8,5,3,2,6,0,1,1
49895,7,1,0,3,4,6,1,5,7,3,4
49896,7,1,0,3,4,6,1,5,7,3,4
49897,0,8,3,1,6,0,7,1,4,4,0
49898,5,8,3,1,6,0,7,1,4,4,0
49899,1,7,6,2,0,8,0,9,5,6,5
49900,4,5,8,9,3,4,3,0,8,7,3
49901,2,3,4,6,8,2,6,8,9,5,6
49902,1,7,6,2,0,8,0,9,5,6,5
49903,4,5,8,9,3,4,3,3,8,7,3
49904,5,8,3,1,6,0,7,1,4,4,0
49905,7,1,0,3,4,6,1,5,7,3,4
49906,0,4,5,0,2,9,4,4,6,8,0
49907,6,5,2,7,1,5,9,2,3,2,9
49908,9,9,9,7,7,1,5,7,2,0,9
49909,0,4,3,0,2,0,4,1,4,8,0
49910,1,7,6,2,0,8,0,9,5,6,5
49911,6,5,2,7,1,5,9,2,3,2,9
49912,7,1,0,3,4,6,1,3,7,3,4
49913,7,1,0,3,4,6,1,5,7,3,4
49914,6,5,2,7,1,5,9,2,3,2,9
49915,4,5,8,9,3,4,3,0,8,7,3
49916,6,3,2,7,1,5,9,2,3,2,9
49917,6,5,2,7,1,5,9,2,3,2,9
49918,1,7,6,2,0,8,0,9,5,6,5
49919,1,7,6,2,0,8,0,9,5,6,5
49920,8,2,7,5,9,7,8,4,6,9,8
49921,5,8,3,1,6,0,7,1,4,4,0
49922,7,1,0,3,4,6,1,5,7,3,4
49923,0,8,3,1,6,0,7,1,4,4,0
49924,3,6,1,8,5,3,2,6,0,1,7
49925,0,4,3,0,2,0,4,1,4,8,0
49926,7,1,0,3,4,6,1,5,7,3,4
49927,1,7,6,2,0,8,0,9,5,6,5
49928,3,4,1,0,5,3,2,1,4,1,1
49929,6,5,2,7,1,5,9,2,3,2,9
49930,4,5,8,9,3,4,3,0,8,7,3
49931,4,5,8,9,3,4,3,0,8,7,3
49932,1,7,6,2,0,8,0,9,5,6,5
49933,5,8,3,1,6,0,7,1,4,4,7
49934,5,8,3,1,6,0,7,1,4,4,7
49935,7,1,0,3,4,6,1,5,7,3,4
49936,6,5,2,7,1,5,9,2,3,2,9
49937,0,4,3,0,2,0,4,1,4,8,0
49938,7,1,0,3,4,6,1,5,7,3,4
49939,3,6,1,8,5,3,2,6,0,1,1
49940,5,8,3,1,6,0,7,1,4,4,0
49941,1,7,6,2,0,8,0,9,5,6,5
49942,5,8,3,1,6,0,7,1,4,4,7
49943,1,7,6,2,0,8,0,9,5,6,5
49944,0,4,3,0,2,0,4,1,4,8,0
49945,0,4,3,0,2,0,4,1,4,8,0
49946,7,1,0,3,4,6,1,5,7,3,4
49947,7,1,0,3,4,6,1,8,7,3,4
49948,7,1,0,3,4,6,1,5,7,3,4
49949,7,6,0,8,4,6,1,6,0,3,4
49950,7,1,0,3,4,6,1,5,7,3,4
49951,6,5,2,7,1,5,9,2,3,2,9
49952,2,0,4,4,8,2,6,3,1,5,6
49953,3,6,1,8,5,3,2,6,0,1,1
49954,3,6,1,8,5,3,2,6,0,1,1
49955,4,5,8,9,3,4,3,0,8,7,3
49956,0,8,3,1,6,0,4,1,4,4,0
49957,7,1,0,3,4,6,1,5,7,3,4
49958,5,8,3,1,6,0,7,1,4,4,7
49959,4,5,8,9,3,4,3,0,8,7,3
49960,0,5,3,9,3,0,3,1,4,7,0
49961,1,7,6,2,0,8,0,9,5,6,5
49962,6,5,2,7,1,5,9,2,3,2,3
49963,7,3,4,6,4,6,6,8,9,3,6
49964,1,7,6,2,0,8,0,9,5,6,5
49965,4,5,8,9,3,4,3,0,8,7,7
49966,7,1,0,3,4,6,1,5,7,3,4
49967,5,8,3,1,6,0,7,1,4,4,7
49968,0,4,6,0,2,8,4,8,9,8,0
49969,5,5,8,1,6,4,7,0,8,4,7
49970,4,5,8,9,3,4,3,0,8,7,3
49971,3,6,1,8,5,3,2,6,0,1,1
49972,9,9,9,2,7,1,5,7,2,0,5
49973,0,8,3,0,2,0,4,1,4,8,0
49974,7,6,0,8,5,3,1,6,0,1,4
49975,1,5,6,2,0,8,0,9,5,6,5
49976,6,5,2,7,1,5,9,2,3,2,9
49977,4,5,8,9,3,4,3,0,8,7,3
49978,0,4,5,0,2,9,4,1,4,8,2
49979,0,4,6,0,2,8,4,1,4,8,0
49980,0,4,5,0,2,9,4,1,4,8,2
49981,7,1,0,3,4,6,1,5,7,3,4
49982,0,4,3,0,2,0,4,1,4,8,0
49983,5,8,3,1,6,0,7,1,4,4,7
49984,5,8,3,1,6,0,7,1,4,4,0
49985,4,5,8,9,3,4,3,0,8,7,3
49986,8,2,5,5,9,9,8,4,6,9,2
49987,4,5,8,9,3,4,3,3,8,7,3
49988,0,4,7,0,2,7,4,4,6,8,0
49989,3,6,1,8,5,3,2,6,0,1,1
49990,7,1,0,3,4,6,1,5,7,3,4
49991,7,1,0,3,4,6,1,5,7,3,4
49992,5,1,0,1,4,6,7,5,7,3,7
49993,6,5,2,7,1,5,9,2,3,2,9
49994,5,8,3,1,6,0,7,1,4,4,7
49995,7,1,0,3,4,6,1,5,7,3,4
49996,3,6,1,8,5,3,2,6,0,1,1
49997,7,1,0,3,4,6,1,5,7,3,4
49998,0,4,3,0,2,0,4,1,4,8,0
49999,7,1,0,3,4,6,1,5,7,3,4
50000,1,1,6,2,0,8,0,9,5,6,5
50001,7,1,0,3,4,6,1,5,7,3,4
50002,4,5,8,9,3,4,3,0,8,7,3
50003,5,8,3,1,6,0,7,1,4,4,0
50004,4,5,8,9,3,4,3,0,8,7,3
50005,0,4,3,0,2,0,4,1,4,8,0
50006,8,2,7,5,9,7,8,4,6,9,8
50007,7,1,0,3,4,6,1,5,7,3,4
50008,2,3,4,6,8,8,6,8,9,5,6
50009,0,4,3,0,2,0,4,1,4,8,0
50010,2,3,3,6,8,0,6,8,4,5,0
50011,6,5,2,7,1,5,9,2,3,2,9
50012,7,1,0,3,4,6,1,5,7,3,4
50013,7,1,0,3,4,6,1,8,7,3,4
50014,0,4,7,0,2,7,4,1,4,8,0
50015,2,3,4,6,8,2,6,8,9,5,0
50016,1,7,6,2,0,8,0,9,5,6,5
50017,7,1,0,3,4,6,1,5,7,3,4
50018,3,6,1,8,5,3,2,6,0,1,1
50019,7,1,0,3,4,6,1,5,7,3,4
50020,8,2,5,5,9,9,8,4,6,9,8
50021,0,4,5,0,2,9,4,1,4,8,0
50022,0,4,3,0,2,0,4,1,4,8,0
50023,1,7,6,2,0,8,0,9,5,6,5
50024,3,6,1,8,5,3,2,6,0,1,1
50025,7,1,0,3,4,6,1,5,7,3,4
50026,7,6,0,8,4,6,1,5,0,3,4
50027,4,5,8,9,3,4,3,0,8,7,3
50028,6,1,2,7,1,5,9,2,3,2,9
50029,5,8,3,1,6,0,7,1,4,4,7
50030,0,4,7,0,2,7,4,1,4,8,0
50031,5,8,3,1,6,0,7,1,4,4,0
50032,1,7,6,2,0,8,0,9,5,6,5
50033,7,1,0,3,4,6,1,5,7,3,4
50034,4,5,8,9,3,4,3,0,8,7,7
50035,9,9,9,2,7,1,5,8,2,0,5
50036,3,0,1,4,5,3,2,6,1,1,1
50037,0,4,3,0,2,0,4,1,4,8,0
50038,8,2,9,5,9,1,8,4,6,9,8
50039,4,5,8,9,3,4,3,0,8,7,3
50040,7,1,0,3,4,6,1,5,7,3,4
50041,0,8,3,0,2,0,4,1,4,8,0
50042,3,6,1,8,5,3,2,6,0,1,1
50043,7,1,0,3,4,6,1,5,7,3,4
50044,8,2,7,5,9,7,8,4,6,9,8
50045,7,1,0,3,4,6,1,5,7,3,4
50046,6,2,5,7,1,9,9,2,3,2,9
50047,0,4,3,0,2,0,4,1,4,8,0
50048,7,1,0,3,4,6,1,5,7,3,4
50049,1,7,6,2,0,8,0,9,5,6,5
50050,0,4,7,0,2,7,4,1,4,8,0
50051,1,7,6,2,0,8,0,9,5,6,5
50052,6,0,2,4,1,5,9,3,1,2,9
50053,5,8,3,1,6,0,7,1,4,4,7
50054,2,3,4,6,8,2,6,8,9,5,6
50055,1,7,6,2,0,8,0,9,5,6,5
50056,1,7,6,2,0,8,0,9,5,6,5
50057,3,6,1,8,5,3,2,6,0,1,1
50058,4,5,8,9,3,4,3,0,8,7,3
50059,5,8,3,1,6,0,7,0,8,4,7
50060,2,3,4,6,8,2,6,8,9,5,0
50061,3,6,1,8,5,3,2,6,0,1,1
50062,1,7,6,2,0,8,0,9,5,6,5
50063,1,7,6,2,0,8,0,9,5,6,5
50064,0,4,5,0,2,9,4,1,4,8,2
50065,9,9,9,2,7,1,5,7,2,0,5
50066,8,2,5,5,9,9,8,4,6,9,2
50067,2,3,4,6,8,2,6,8,9,5,6
50068,1,7,6,2,0,8,0,9,5,6,5
50069,5,8,3,1,6,0,7,1,4,4,0
50070,3,6,1,8,5,3,2,6,0,1,1
50071,2,3,4,6,8,2,6,3,9,5,6
50072,3,6,1,8,5,3,2,6,0,1,1
50073,4,5,8,2,3,4,3,3,8,7,3
50074,9,9,7,2,7,7,5,7,2,0,5
50075,9,9,9,2,7,1,5,7,2,0,5
50076,4,5,8,9,3,4,3,0,8,7,3
50077,2,3,4,6,8,2,6,8,9,5,6
50078,2,3,4,6,8,2,6,8,9,5,6
50079,0,4,7,0,2,7,4,1,4,8,0
50080,5,8,3,1,6,0,7,1,4,4,7
50081,3,0,1,4,5,3,2,6,1,1,1
50082,5,1,8,9,3,4,7,0,8,7,7
50083,9,9,9,2,7,1,5,7,2,0,5
50084,5,8,3,1,6,0,7,1,4,4,7
50085,6,1,2,7,1,5,9,2,3,2,9
50086,4,5,8,9,3,4,3,3,8,7,3
50087,2,3,4,6,8,2,6,8,9,5,6
50088,9,9,9,2,7,1,5,7,2,0,5
50089,5,8,3,1,6,0,7,1,4,4,7
50090,0,7,6,0,0,8,4,9,5,6,0
50091,8,2,7,5,9,7,8,4,2,9,8
50092,4,5,8,9,3,4,3,0,8,7,3
50093,4,5,8,9,3,4,3,3,8,7,3
50094,1,7,6,2,0,8,0,9,5,6,5
50095,8,2,5,5,9,9,8,4,6,9,2
50096,6,5,2,7,1,5,9,2,3,2,9
50097,2,3,4,6,8,2,6,8,9,5,6
50098,4,5,8,9,3,4,3,0,8,7,3
50099,0,4,5,0,2,9,4,4,6,8,2
50100,0,4,5,0,2,9,4,4,6,8,2
50101,3,0,1,4,5,3,2,6,1,1,1
50102,8,2,7,5,9,7,8,4,6,9,8
50103,1,7,6,2,0,8,0,9,5,6,5
50104,4,5,8,9,3,4,3,0,8,7,3
50105,6,9,2,7,1,5,9,2,3,2,9
50106,7,1,0,3,4,6,1,5,7,3,4
50107,2,3,4,6,8,2,6,8,9,5,6
50108,4,5,8,9,3,4,3,0,8,7,3
50109,4,5,8,9,3,4,3,1,8,7,3
50110,8,2,7,5,9,7,8,4,6,9,8
50111,2,3,4,6,8,2,6,3,9,5,6
50112,7,3,0,3,4,6,1,8,9,3,4
50113,4,5,8,9,3,4,3,3,8,7,3
50114,1,7,6,2,0,8,0,9,5,6,5
50115,8,2,5,5,9,9,8,4,6,9,2
50116,7,1,0,3,4,6,1,5,7,3,4
50117,2,3,4,6,8,2,6,8,9,5,6
50118,4,5,8,9,3,4,3,0,8,7,3
50119,0,4,7,0,2,7,4,4,6,8,0
50120,8,2,7,2,9,7,8,4,6,9,8
50121,0,4,5,0,2,9,4,4,6,8,2
50122,4,5,8,9,3,4,3,0,8,7,3
50123,3,0,1,4,5,3,2,6,1,1,1
50124,5,8,3,1,6,0,7,1,4,4,7
50125,4,5,8,9,3,4,3,0,8,7,3
50126,5,8,3,1,6,0,7,1,4,4,7
50127,3,0,1,4,5,3,2,6,1,1,1
50128,0,4,3,0,2,0,4,1,4,8,0
50129,0,4,5,0,2,9,4,4,6,8,2
50130,9,9,9,2,7,1,5,7,2,0,5
50131,7,1,0,3,4,6,1,5,7,3,4
50132,4,5,8,2,3,4,3,3,2,7,5
50133,2,3,4,6,8,2,6,8,9,5,6
50134,0,4,7,0,2,7,4,4,6,8,0
50135,9,9,9,2,7,1,5,3,2,0,5
50136,9,9,9,2,7,1,5,7,2,0,5
50137,8,2,5,5,9,9,8,4,6,9,2
50138,2,3,4,6,8,2,6,3,9,5,6
50139,1,7,6,2,0,8,0,9,5,6,5
50140,7,1,0,3,4,6,1,5,7,3,4
50141,2,3,4,6,8,2,6,8,9,5,6
50142,9,2,7,2,9,8,8,3,2,9,8
50143,0,4,5,0,2,9,4,1,4,8,2
50144,8,2,7,5,9,7,8,4,6,9,8
50145,0,4,7,0,2,7,4,1,4,8,0
50146,4,5,8,9,3,4,3,0,8,7,3
50147,8,4,5,0,2,9,4,4,6,8,2
50148,7,1,0,3,4,6,1,5,7,3,4
50149,5,5,8,9,3,4,7,0,8,7,7
50150,1,7,6,2,0,8,0,9,5,6,5
50151,3,0,1,4,5,3,2,6,1,1,1
50152,5,8,3,1,6,0,7,1,4,4,7
50153,6,9,2,7,1,5,9,2,3,2,9
50154,5,8,3,1,6,0,7,1,4,4,7
50155,2,0,4,6,8,2,6,3,7,5,6
50156,3,0,1,4,5,3,2,6,1,1,1
50157,3,0,1,4,5,3,2,6,1,1,1
50158,9,9,9,2,7,1,5,7,2,0,5
50159,4,5,8,9,3,4,3,3,8,7,3
50160,4,5,8,9,3,4,3,0,8,7,3
50161,5,8,3,1,6,0,7,1,4,4,7
50162,9,9,9,2,7,1,5,7,2,0,5
50163,0,4,7,0,2,7,4,4,6,8,0
50164,5,8,3,1,6,0,7,1,4,4,7
50165,4,5,8,9,3,4,3,3,8,7,3
50166,2,3,4,6,8,2,6,3,9,5,6
50167,6,5,2,7,1,5,9,2,3,2,9
50168,4,5,8,9,3,4,3,0,8,7,3
50169,0,4,3,0,2,0,4,1,4,8,0
50170,2,3,4,6,8,2,6,8,9,5,5
50171,2,3,4,6,8,2,6,8,9,5,6
50172,2,3,4,6,8,2,6,8,9,5,6
50173,2,3,4,6,8,2,6,8,9,5,6
50174,8,4,5,0,2,9,4,4,6,8,2
50175,7,1,0,3,4,6,1,5,7,3,4
50176,7,1,0,3,4,6,1,5,7,3,4
50177,0,4,3,0,2,0,4,1,4,8,0
50178,1,7,6,2,0,8,0,9,5,6,5
50179,2,3,4,6,8,2,6,8,9,5,6
50180,8,2,7,5,9,7,8,4,6,9,8
50181,6,9,2,7,1,5,9,2,3,2,9
50182,5,8,3,1,6,0,7,1,4,4,7
50183,4,5,7,9,3,7,3,0,8,7,0
50184,7,1,0,3,4,6,1,5,7,3,4
50185,3,0,1,4,5,3,2,6,1,1,1
50186,0,8,3,0,2,0,4,1,4,8,0
50187,2,3,4,6,8,2,6,3,9,5,6
50188,5,8,3,1,6,0,7,1,4,4,7
50189,0,4,3,0,2,0,4,1,4,8,0
50190,1,7,6,2,0,8,0,9,5,6,5
50191,2,3,4,6,8,2,6,8,9,5,6
50192,3,0,1,4,5,3,2,6,1,1,1
50193,4,5,8,9,3,4,3,3,8,7,3
50194,1,7,6,2,0,8,0,9,5,6,5
50195,2,3,4,6,8,2,6,8,9,5,6
50196,1,7,6,2,0,8,0,9,5,6,5
50197,3,0,1,4,5,3,2,6,1,1,1
50198,2,3,4,6,8,2,6,8,9,5,6
50199,4,5,8,9,3,4,3,3,8,7,3
50200,3,0,1,4,5,3,2,6,1,1,1
50201,2,3,4,6,8,2,6,8,9,5,6
50202,5,8,3,1,6,0,7,1,4,4,0
50203,0,4,7,0,2,7,4,0,8,8,0
50204,8,2,7,5,9,7,8,4,6,9,8
50205,3,0,1,4,5,3,2,3,1,1,1
50206,7,1,0,3,4,6,1,5,7,3,4
50207,1,7,6,2,0,8,0,9,5,6,5
50208,3,6,1,8,5,3,2,6,0,1,1
50209,8,4,7,5,9,7,8,4,6,9,0
50210,2,3,4,6,4,6,6,8,9,3,6
50211,6,5,2,7,1,5,9,2,3,2,9
50212,7,8,3,3,4,0,1,1,4,3,4
50213,7,1,0,3,4,6,1,5,7,3,4
50214,7,1,0,3,4,6,1,5,7,3,4
50215,8,2,5,5,9,9,8,4,6,9,8
50216,5,8,3,1,6,0,7,1,4,4,7
50217,0,4,7,0,2,7,4,4,6,8,0
50218,6,5,2,7,1,5,9,2,3,2,9
50219,9,9,9,2,7,1,5,7,2,0,5
50220,4,5,8,9,3,4,3,0,8,7,3
50221,6,5,2,7,1,5,9,2,3,2,9
50222,1,7,6,2,0,8,0,9,5,6,5
50223,0,8,3,0,2,0,4,1,4,8,0
50224,0,4,6,0,2,8,4,1,4,8,0
50225,1,7,6,2,0,8,0,9,5,6,5
50226,0,4,3,0,2,0,4,1,4,8,0
50227,8,4,5,0,9,9,8,4,6,9,2
50228,3,0,1,4,5,3,2,6,1,1,1
50229,8,2,5,5,9,9,8,4,6,9,8
50230,6,5,2,7,1,5,9,2,3,2,9
50231,8,2,5,5,9,9,8,4,6,9,2
50232,1,7,6,2,0,8,0,9,5,6,5
50233,5,8,3,1,6,0,7,1,4,4,7
50234,8,2,5,5,9,9,8,4,6,9,8
50235,4,0,8,4,3,4,3,3,1,7,3
50236,2,3,4,6,8,2,6,3,9,5,6
50237,1,7,6,2,0,8,0,9,5,6,5
50238,2,3,4,6,8,2,6,8,9,5,6
50239,3,6,1,8,5,3,2,6,0,1,1
50240,3,6,1,8,5,3,2,6,0,1,1
50241,4,5,8,9,3,4,3,0,8,7,3
50242,4,5,8,9,3,4,3,0,8,7,3
50243,8,2,7,5,9,7,8,4,6,9,8
50244,8,2,5,5,9,9,8,4,6,9,8
50245,0,4,3,0,2,0,4,1,4,8,0
50246,1,7,6,2,0,8,0,9,5,6,5
50247,9,9,9,2,7,1,5,7,2,0,5
50248,5,8,3,1,6,0,7,1,4,4,7
50249,1,7,6,2,0,8,0,9,5,6,5
50250,7,1,0,3,4,6,1,5,7,3,4
50251,9,9,9,7,7,1,5,7,2,0,4
50252,2,2,7,6,8,7,6,4,6,5,8
50253,7,1,0,3,4,6,1,5,7,3,4
50254,0,4,5,0,2,9,4,1,4,8,2
50255,8,2,5,5,9,9,8,4,6,9,2
50256,2,3,4,6,8,2,6,3,9,5,6
50257,3,0,1,4,5,3,2,3,1,1,1
50258,7,1,0,3,4,6,1,5,7,3,4
50259,6,9,2,7,1,5,9,2,3,2,9
50260,1,7,6,2,0,8,0,9,5,6,5
50261,1,7,6,2,0,8,0,9,5,6,5
50262,7,1,0,3,4,6,1,5,7,3,4
50263,2,1,4,3,8,2,6,5,7,5,6
50264,1,7,6,2,0,8,0,9,5,6,5
50265,7,1,0,3,4,6,1,5,7,3,4
50266,4,5,8,9,3,4,3,0,8,7,3
50267,5,8,3,1,6,0,7,1,4,4,7
50268,2,3,4,6,8,2,6,8,9,5,6
50269,5,8,3,1,6,0,7,1,4,4,2
50270,4,5,8,9,3,4,3,0,8,7,3
50271,6,9,2,7,1,5,9,2,3,2,9
50272,7,1,0,3,4,6,1,5,7,3,4
50273,1,7,6,2,0,8,0,9,5,6,5
50274,2,3,4,6,8,2,6,8,9,5,6
50275,4,5,8,9,3,4,3,3,8,7,3
50276,4,5,8,9,3,4,3,0,8,7,3
50277,2,3,4,6,8,2,6,8,9,5,6
50278,8,2,5,5,9,9,8,4,6,9,2
50279,0,8,3,0,2,0,4,1,4,8,0
50280,4,5,8,9,3,4,3,0,8,7,7
50281,3,0,1,4,5,3,2,6,1,1,1
50282,5,8,3,1,6,0,7,1,4,4,7
50283,2,3,4,6,8,2,6,8,9,5,6
50284,8,2,7,5,9,7,8,4,6,9,8
50285,0,4,7,0,2,7,4,4,6,8,0
50286,7,1,0,3,4,6,1,5,7,3,4
50287,6,5,2,7,1,5,9,2,3,2,9
50288,7,1,0,3,4,6,1,5,7,3,4
50289,4,5,8,9,3,4,3,3,8,7,3
50290,6,1,2,7,1,5,9,2,3,2,9
50291,3,6,1,8,5,3,2,6,0,1,1
50292,1,7,6,2,0,8,0,9,5,6,5
50293,1,7,6,2,0,8,0,9,5,6,5
50294,6,6,2,8,1,5,9,2,3,2,7
50295,6,5,2,7,1,5,9,2,3,2,9
50296,7,1,0,3,4,6,1,5,7,3,4
50297,7,1,0,3,4,6,1,5,7,3,4
50298,3,6,1,8,5,3,2,6,0,1,1
50299,5,8,3,1,6,0,7,1,4,4,7
50300,7,1,0,3,4,6,1,5,7,3,4
50301,2,3,4,6,8,2,6,8,9,5,6
50302,2,3,4,6,8,2,6,8,9,5,6
50303,4,5,8,9,3,4,3,3,8,7,3
50304,5,8,3,1,6,0,7,1,4,4,7
50305,0,4,5,0,2,9,4,1,4,8,2
50306,7,1,0,3,4,6,1,5,7,3,4
50307,2,2,4,6,8,2,6,3,9,5,8
50308,3,6,1,8,5,3,2,6,0,1,1
50309,0,4,3,0,2,0,4,1,4,8,0
50310,3,6,1,4,5,3,2,6,1,1,1
50311,3,6,1,8,5,3,2,6,0,1,1
50312,1,7,6,3,0,8,0,9,5,6,4
50313,9,9,9,2,7,1,5,7,2,0,5
50314,0,4,3,0,2,0,4,1,4,8,0
50315,6,5,2,7,1,5,9,2,3,2,9
50316,9,9,9,2,7,1,5,3,2,0,8
50317,7,1,0,3,4,6,1,5,7,3,4
50318,8,2,7,5,9,7,8,4,6,9,8
50319,5,8,3,1,6,0,7,1,4,4,7
50320,3,1,1,3,5,3,2,6,7,1,1
50321,2,3,4,6,8,2,6,8,9,5,6
50322,7,1,0,3,4,6,1,5,7,3,4
50323,4,5,8,9,3,4,3,3,8,7,3
50324,3,6,1,8,5,3,2,6,0,1,1
50325,0,4,3,0,2,0,4,1,4,8,2
50326,1,7,6,2,0,8,0,9,5,6,5
50327,8,2,7,5,9,7,8,8,9,9,8
50328,2,0,4,4,8,2,6,3,1,5,6
50329,0,4,5,0,2,9,4,4,6,8,2
50330,7,1,0,3,4,6,1,5,7,3,4
50331,3,0,1,4,5,3,2,6,1,1,1
50332,8,2,7,5,9,7,8,3,6,9,8
50333,9,9,9,2,7,1,5,7,2,0,5
50334,6,5,2,7,1,5,9,2,3,2,9
50335,6,5,2,7,1,5,9,2,3,2,9
50336,7,1,0,3,4,6,1,5,7,3,4
50337,7,1,0,3,4,6,1,5,7,3,4
50338,9,9,9,2,7,1,5,7,2,0,5
50339,8,2,7,5,9,7,8,4,6,9,8
50340,6,5,2,7,1,5,9,2,3,2,9
50341,2,3,4,6,8,2,6,8,9,5,6
50342,7,1,0,3,4,6,1,5,7,3,4
50343,9,9,9,2,7,1,5,3,2,0,6
50344,3,6,1,8,5,3,2,6,0,1,1
50345,0,4,5,0,2,9,4,4,6,8,2
50346,9,9,9,2,7,1,5,7,2,0,8
50347,2,3,4,6,8,2,6,8,9,5,6
50348,5,8,3,1,6,0,7,1,4,4,7
50349,8,2,5,5,9,9,8,4,6,9,2
50350,1,7,6,2,0,8,0,9,5,6,5
50351,5,8,3,1,6,0,7,1,4,4,7
50352,5,8,3,1,6,0,7,1,4,4,2
50353,2,0,4,4,8,2,6,3,1,5,6
50354,3,6,1,8,5,3,2,6,0,1,1
50355,9,9,9,2,7,1,5,7,2,0,5
50356,1,7,6,2,0,8,0,9,5,6,5
50357,2,0,4,4,8,2,6,3,1,5,6
50358,5,8,3,1,6,0,7,1,4,4,0
50359,9,9,9,2,7,1,5,7,2,0,5
50360,0,4,5,0,2,9,4,1,4,8,2
50361,7,1,0,3,4,6,1,5,7,3,4
50362,1,7,6,2,0,8,0,9,5,6,5
50363,1,7,6,2,0,8,0,9,5,6,5
50364,7,1,0,3,4,6,1,5,7,3,4
50365,0,4,5,0,2,9,4,4,6,8,2
50366,0,4,3,0,2,0,4,1,4,8,0
50367,1,7,6,2,0,8,0,9,5,6,5
50368,1,7,6,2,0,8,0,9,5,6,5
50369,0,4,3,0,2,0,4,1,4,8,0
50370,5,8,3,1,6,0,7,1,4,4,7
50371,3,0,1,4,5,3,2,6,1,1,1
50372,7,1,0,3,4,6,1,5,7,3,4
50373,0,4,7,0,2,7,4,1,4,8,0
50374,7,1,0,3,4,6,1,5,7,3,4
50375,8,4,5,0,2,9,4,4,6,8,2
50376,0,4,3,0,2,0,4,1,4,8,2
50377,0,4,7,0,2,7,4,1,4,8,7
50378,7,1,0,3,4,6,1,5,7,3,4
50379,3,0,1,4,5,3,2,6,1,1,1
50380,8,2,5,5,9,9,8,4,6,9,2
50381,6,5,2,7,1,5,9,2,3,2,9
50382,0,4,5,0,2,9,4,4,6,8,0
50383,9,9,9,2,7,1,5,3,2,0,5
50384,5,8,3,1,6,0,7,1,4,4,0
50385,3,0,1,4,5,3,2,6,1,1,1
50386,0,4,7,0,2,7,4,1,4,8,0
50387,2,5,4,9,8,2,6,3,9,5,6
50388,5,8,3,1,6,0,7,1,4,4,7
50389,5,8,3,1,6,0,7,1,4,4,7
50390,3,6,1,8,5,3,2,6,0,1,1
50391,5,8,3,1,6,0,7,1,4,4,7
50392,0,4,5,0,2,9,4,4,6,8,2
50393,9,9,7,5,7,7,5,7,2,0,8
50394,2,3,4,6,8,2,6,8,9,5,5
50395,2,3,4,6,8,2,6,3,9,5,6
50396,1,7,6,9,0,8,0,9,5,6,3
50397,1,7,6,2,0,8,0,9,5,6,5
50398,2,3,4,6,8,2,6,8,9,5,6
50399,2,3,4,6,8,2,6,3,9,5,6
50400,9,9,9,2,7,1,5,7,2,0,5
50401,2,1,4,3,8,2,6,5,7,5,6
50402,4,7,8,9,3,4,3,3,8,7,3
50403,5,8,3,1,6,0,7,1,4,4,7
50404,1,7,6,2,0,8,0,9,5,6,5
50405,8,2,7,5,9,7,8,4,6,9,7
50406,7,1,0,3,4,6,1,5,7,3,4
50407,3,0,1,4,5,3,2,6,1,1,1
50408,5,8,3,1,6,0,7,1,4,4,0
50409,2,2,4,2,8,2,6,3,2,5,8
50410,7,1,0,3,4,6,1,5,7,3,4
50411,8,2,7,5,9,7,8,4,6,9,8
50412,7,1,0,3,4,6,1,5,7,3,4
50413,9,7,9,2,7,1,5,9,2,0,5
50414,7,1,0,3,4,6,1,5,7,3,4
50415,4,5,8,9,3,4,3,3,8,7,3
50416,5,8,3,1,6,0,7,1,4,4,7
50417,2,3,4,6,8,2,6,8,9,5,6
50418,5,8,3,1,6,0,7,1,4,4,7
50419,8,2,7,5,9,7,8,4,6,9,8
50420,7,1,0,3,4,6,1,5,7,3,6
50421,1,7,6,2,0,8,0,9,5,6,5
50422,7,1,0,3,4,6,1,5,7,3,4
50423,3,0,1,4,5,3,2,3,1,1,1
50424,4,5,8,9,3,4,3,0,8,7,3
50425,9,9,4,2,8,2,5,3,2,5,5
50426,9,9,9,2,7,1,5,7,2,0,5
50427,8,2,7,5,9,7,8,4,6,9,8
50428,4,5,8,9,3,4,3,3,8,7,3
50429,9,9,9,6,7,1,5,7,2,0,8
50430,2,3,4,6,8,2,6,8,9,5,6
50431,0,4,3,0,2,0,4,1,4,8,0
50432,5,8,3,1,6,0,7,1,4,4,7
50433,8,2,7,5,9,7,8,4,6,9,8
50434,3,6,1,8,5,3,2,6,0,1,1
50435,3,0,1,4,5,3,2,6,1,1,1
50436,0,4,3,0,2,0,4,1,4,8,0
50437,9,9,9,2,7,1,5,7,2,0,5
50438,0,4,3,0,2,0,4,1,4,8,2
50439,0,4,7,0,2,7,4,1,4,8,0
50440,0,4,5,0,2,9,4,9,5,8,2
50441,6,5,2,7,1,5,9,2,3,2,9
50442,7,1,0,3,4,6,1,5,7,3,4
50443,3,8,1,1,5,3,2,6,4,1,1
50444,3,6,1,8,5,3,2,6,0,1,1
50445,0,4,7,0,2,7,4,4,6,8,0
50446,6,3,2,7,1,5,9,2,3,2,9
50447,9,9,9,2,7,1,5,7,2,0,5
50448,2,3,4,6,8,2,6,8,9,5,6
50449,6,5,2,7,1,5,9,2,3,2,9
50450,0,4,7,0,2,7,4,1,4,8,0
50451,2,3,4,6,8,2,6,8,9,5,6
50452,6,9,2,7,1,5,9,2,3,2,9
50453,1,7,6,2,0,8,0,9,5,6,5
50454,2,3,4,6,8,2,6,8,9,5,6
50455,8,4,5,0,2,9,4,4,6,8,2
50456,9,9,9,2,7,1,5,3,2,0,8
50457,6,5,2,7,1,5,9,2,3,2,9
50458,0,8,3,1,6,0,7,1,4,4,0
50459,9,9,7,2,7,7,5,7,2,0,8
50460,2,3,4,6,8,2,6,8,9,5,6
50461,0,4,1,0,2,3,4,1,4,8,2
50462,0,4,5,0,2,9,4,4,6,8,7
50463,3,6,1,4,5,3,2,6,1,1,1
50464,0,4,5,0,2,9,4,4,6,8,2
50465,9,9,9,2,7,1,5,7,2,0,5
50466,5,8,3,1,6,0,7,1,4,4,7
50467,0,4,3,0,2,0,4,1,4,8,0
50468,0,4,5,0,2,9,4,1,4,8,2
50469,9,9,9,2,7,1,5,3,2,0,5
50470,7,1,0,3,4,6,1,5,7,3,4
50471,8,2,7,5,9,7,8,4,6,9,8
50472,1,7,9,2,0,1,5,7,2,6,5
50473,0,4,3,0,2,0,4,1,4,8,0
50474,6,5,2,7,1,5,9,2,3,2,9
50475,6,5,2,7,1,5,9,2,3,2,9
50476,4,0,4,4,8,2,6,3,1,5,3
50477,9,9,9,2,7,1,5,7,2,0,5
50478,6,5,2,7,1,5,9,2,3,2,9
50479,6,5,2,7,1,5,9,2,3,2,9
50480,7,1,0,3,4,6,1,5,7,3,4
50481,7,1,0,3,4,6,1,5,7,3,4
50482,9,9,9,2,7,1,5,7,2,0,5
50483,0,4,5,0,2,9,4,1,4,8,2
50484,2,3,4,6,8,2,6,9,9,5,6
50485,2,0,4,4,8,2,6,3,1,5,6
50486,0,4,7,0,2,7,4,1,4,8,0
50487,6,5,2,7,1,5,9,2,3,2,9
50488,0,4,5,0,2,9,4,1,4,8,2
50489,9,9,9,2,7,1,5,7,2,0,5
50490,0,8,3,0,2,0,4,1,4,8,0
50491,7,1,0,3,4,6,1,5,7,3,4
50492,3,0,1,4,5,3,2,6,1,1,1
50493,9,9,9,2,7,1,5,7,2,0,5
50494,2,3,4,6,8,2,6,3,9,5,6
50495,6,5,2,7,1,5,9,2,3,2,9
50496,6,5,2,7,1,5,9,2,3,2,9
50497,9,9,9,2,7,1,5,3,2,0,5
50498,9,9,9,2,7,1,5,7,2,0,5
50499,1,7,6,2,0,8,0,9,5,6,5
50500,3,1,1,3,5,3,2,6,7,1,1
50501,9,9,9,2,7,1,5,7,2,0,5
50502,5,8,3,1,6,0,7,1,4,4,7
50503,4,5,8,9,3,4,3,3,8,7,3
50504,6,5,2,7,1,5,9,2,3,2,9
50505,9,9,9,2,7,1,5,7,2,0,8
50506,2,3,4,6,8,2,6,3,9,5,6
50507,8,2,7,5,9,7,8,3,6,9,8
50508,6,5,2,7,1,5,9,2,3,2,9
50509,9,9,9,2,7,1,5,3,2,0,6
50510,5,8,3,1,6,0,7,1,4,4,7
50511,3,0,1,4,5,3,2,6,1,1,1
50512,2,3,4,6,8,2,6,8,9,5,6
50513,9,9,9,2,7,1,5,3,2,0,5
50514,7,1,0,3,4,6,1,5,7,3,4
50515,0,4,7,0,2,7,4,4,6,8,0
50516,7,1,0,3,4,6,1,5,7,3,4
50517,8,2,7,5,9,7,8,4,6,9,8
50518,3,6,1,8,5,3,2,6,0,1,1
50519,8,2,7,5,9,7,8,4,6,9,0
50520,0,4,3,0,2,0,4,1,4,8,0
50521,6,5,2,7,1,5,9,2,3,2,9
50522,1,7,6,2,0,8,0,9,5,6,5
50523,3,6,1,8,5,3,2,6,0,1,1
50524,2,3,4,6,8,2,6,8,9,5,6
50525,1,7,6,2,0,8,0,9,5,6,5
50526,3,6,1,8,5,3,2,6,0,1,1
50527,6,5,2,7,1,5,9,2,3,2,9
50528,5,8,3,1,6,0,7,1,4,4,7
50529,7,1,0,3,4,6,1,5,7,3,4
50530,0,3,3,6,6,0,4,8,9,4,0
50531,5,8,3,1,6,0,7,1,4,4,7
50532,2,3,4,6,8,2,6,8,9,5,6
50533,7,1,0,3,4,6,1,5,7,3,4
50534,3,6,1,8,5,3,2,6,0,1,1
50535,1,7,6,3,0,8,0,9,5,6,4
50536,5,8,3,1,6,0,7,1,4,4,7
50537,5,8,3,1,6,0,7,1,4,4,7
50538,6,3,2,7,1,5,9,2,3,2,9
50539,3,6,1,8,5,3,2,6,0,1,1
50540,7,1,0,3,4,6,1,5,7,3,4
50541,1,7,6,2,0,8,0,9,5,6,5
50542,3,6,1,8,5,3,2,6,0,1,1
50543,6,5,2,7,1,5,9,2,3,2,9
50544,5,8,3,1,6,0,7,1,4,4,7
50545,7,1,0,3,4,6,1,5,7,3,4
50546,7,1,0,3,4,6,1,5,7,3,4
50547,5,8,3,1,6,0,7,1,4,4,7
50548,7,1,0,3,4,6,1,5,7,3,4
50549,7,1,0,3,4,6,1,5,7,3,4
50550,9,9,9,2,7,1,5,7,2,0,5
50551,4,5,8,9,3,4,3,0,8,7,3
50552,2,3,4,6,8,2,6,8,9,5,0
50553,1,7,6,0,0,8,0,9,5,6,5
50554,1,7,6,2,0,8,0,9,5,6,5
50555,7,1,0,3,4,6,1,5,7,3,4
50556,5,8,8,1,6,4,7,0,8,4,7
50557,5,8,3,1,6,0,7,1,4,4,7
50558,0,8,3,1,6,0,7,1,4,4,0
50559,3,6,1,8,5,3,2,6,0,1,1
50560,7,1,0,3,4,6,1,5,7,3,4
50561,1,7,6,2,0,8,0,9,5,6,5
50562,8,2,7,5,9,7,8,4,6,9,8
50563,6,5,2,7,1,5,9,2,3,2,9
50564,0,4,3,0,2,0,4,1,4,8,0
50565,7,1,0,3,4,6,1,5,7,3,4
50566,3,6,1,8,5,3,2,6,0,1,1
50567,5,8,3,1,6,0,7,1,4,4,7
50568,5,5,2,7,1,5,7,2,3,2,7
50569,7,8,3,3,4,0,1,1,4,3,0
50570,7,1,0,3,4,6,1,5,7,3,4
50571,0,8,3,1,2,0,4,1,4,4,0
50572,8,2,5,5,9,9,8,4,6,9,2
50573,7,1,0,3,4,6,1,5,7,3,4
50574,4,5,8,9,3,4,3,0,8,7,3
50575,6,5,2,7,1,5,9,2,3,2,9
50576,4,5,8,9,3,4,3,0,8,7,3
50577,1,7,6,2,0,8,0,9,5,6,5
50578,0,4,6,0,2,8,4,9,5,8,0
50579,0,4,5,0,2,9,4,1,4,8,2
50580,4,5,8,9,3,4,3,0,8,7,7
50581,6,5,2,7,1,5,9,2,3,2,9
50582,1,7,6,2,0,8,0,9,5,6,5
50583,0,4,3,0,2,0,4,1,4,8,0
50584,5,6,1,8,6,3,7,6,0,4,7
50585,1,7,6,2,0,8,0,9,5,6,5
50586,7,1,0,3,4,6,1,5,7,3,4
50587,0,4,7,0,2,7,4,1,4,8,0
50588,4,5,8,9,3,4,3,0,8,7,3
50589,1,7,6,2,0,8,0,9,5,6,5
50590,1,7,6,2,0,8,0,9,5,6,5
50591,0,4,6,0,2,8,4,1,4,8,0
50592,7,1,0,3,4,6,1,5,7,3,4
50593,0,8,3,1,6,0,4,1,4,4,0
50594,4,5,8,9,3,4,3,0,8,7,3
50595,4,5,8,9,3,4,3,0,8,7,3
50596,0,3,6,6,2,8,4,8,9,8,5
50597,7,1,0,3,4,6,1,8,7,3,4
50598,4,5,8,9,3,4,3,0,8,7,3
50599,5,8,3,1,6,0,7,1,4,4,7
50600,1,7,6,2,0,8,0,9,5,6,5
50601,7,8,3,3,4,0,1,5,7,3,4
50602,7,1,0,3,4,6,1,5,7,3,4
50603,7,1,0,3,4,6,1,5,7,3,4
50604,7,3,0,6,4,6,1,8,9,3,4
50605,0,4,6,0,2,8,4,9,5,8,0
50606,5,8,3,1,6,0,7,1,4,4,7
50607,0,4,3,0,2,0,4,1,4,8,0
50608,1,7,6,2,0,8,0,9,5,6,5
50609,5,8,3,1,6,0,7,1,4,4,7
50610,4,1,8,9,3,4,3,5,8,7,3
50611,7,1,0,3,4,6,1,5,7,3,4
50612,2,3,4,6,8,2,6,3,9,5,6
50613,7,1,0,3,4,6,1,5,7,3,4
50614,0,4,5,0,2,9,4,4,6,8,2
50615,7,1,0,3,4,6,1,5,7,3,4
50616,5,5,8,1,6,4,7,0,8,4,7
50617,3,6,1,8,5,3,2,6,0,1,1
50618,1,7,6,2,0,8,0,3,5,6,5
50619,4,5,8,9,3,4,3,0,8,7,3
50620,8,2,5,5,9,9,8,4,6,9,2
50621,1,7,6,2,0,8,0,9,5,6,5
50622,5,5,8,7,1,4,7,0,8,2,7
50623,4,5,8,9,3,4,3,0,8,7,3
50624,2,3,4,6,8,2,6,8,9,5,0
50625,7,1,0,3,4,6,1,5,7,3,4
50626,7,1,0,3,4,6,1,5,7,3,4
50627,0,4,5,0,2,9,4,1,4,8,2
50628,3,6,1,8,5,3,2,6,0,1,1
50629,3,6,1,8,5,3,2,6,0,1,1
50630,3,6,1,8,5,3,2,6,0,1,1
50631,1,7,6,2,0,8,0,9,5,6,5
50632,2,3,5,6,8,9,6,4,9,5,6
50633,7,1,0,3,4,6,1,5,7,3,4
50634,0,4,3,0,2,0,4,9,4,8,0
50635,4,5,8,9,3,4,3,0,8,7,3
50636,5,8,3,1,6,0,7,1,4,4,7
50637,3,6,1,8,5,3,2,6,0,1,1
50638,3,6,1,8,5,3,2,6,0,1,1
50639,8,2,5,5,9,9,8,4,6,9,2
50640,6,9,2,7,1,5,9,2,3,2,9
50641,7,1,0,3,4,6,1,5,7,3,4
50642,9,9,9,2,7,1,5,7,2,0,5
50643,3,6,1,8,5,3,2,6,0,1,1
50644,1,7,6,2,0,8,0,9,5,6,5
50645,4,5,8,9,3,4,3,0,8,7,7
50646,1,7,6,2,0,8,0,9,5,6,5
50647,1,7,6,2,0,8,0,9,5,6,5
50648,0,4,7,0,2,7,4,4,6,8,0
50649,7,1,0,3,4,6,1,5,7,3,4
50650,1,7,6,2,0,8,0,9,5,6,5
50651,7,3,0,3,4,6,1,8,9,3,4
50652,1,7,6,2,0,8,0,9,5,6,5
50653,0,4,7,0,2,7,4,1,4,8,0
50654,3,6,1,8,5,3,2,6,0,1,1
50655,0,4,5,0,2,9,4,4,6,8,2
50656,0,4,7,0,2,7,4,4,6,8,0
50657,5,5,8,9,3,4,7,0,8,7,7
50658,7,1,0,3,4,6,1,5,7,3,4
50659,5,8,3,1,6,0,7,1,4,4,7
50660,2,3,4,6,8,2,6,8,9,5,6
50661,1,7,6,2,0,8,0,9,5,6,5
50662,7,1,0,3,4,6,1,5,7,3,4
50663,5,8,3,1,6,0,7,1,4,4,7
50664,5,8,3,1,6,0,7,1,4,4,7
50665,0,4,5,0,2,9,4,4,6,8,2
50666,4,5,8,9,3,4,3,0,8,7,7
50667,1,7,6,2,0,8,0,9,5,6,5
50668,5,8,3,1,6,0,7,1,4,4,7
50669,6,5,2,7,1,5,9,2,3,2,9
50670,1,7,6,2,0,8,0,3,5,6,5
50671,7,1,0,3,4,6,1,5,7,3,4
50672,7,1,0,3,4,6,1,5,7,3,4
50673,0,8,3,1,6,0,4,1,4,4,0
50674,6,5,2,7,1,5,9,2,3,2,9
50675,7,1,0,3,4,6,1,5,7,3,4
50676,6,1,2,7,1,5,9,2,3,2,9
50677,7,1,0,3,4,6,1,5,7,3,4
50678,1,7,6,2,0,8,0,9,5,6,5
50679,7,1,0,3,4,6,1,5,7,3,4
50680,7,1,0,3,4,6,1,5,7,3,4
50681,0,4,5,0,2,9,4,1,4,8,2
50682,9,9,9,2,7,1,5,7,2,0,5
50683,7,1,0,3,4,6,1,5,7,3,4
50684,3,6,1,8,5,3,2,6,0,1,1
50685,1,7,6,2,0,8,0,9,5,6,5
50686,0,4,6,0,2,8,4,9,5,8,0
50687,5,8,3,1,6,0,7,1,4,4,7
50688,7,1,0,3,4,6,1,5,7,3,4
50689,6,1,2,7,1,5,9,2,3,2,9
50690,5,8,3,1,6,0,7,1,4,4,7
50691,5,8,3,1,6,0,7,1,4,4,7
50692,0,4,7,0,2,7,4,8,9,8,0
50693,7,1,0,3,4,6,1,5,7,3,4
50694,5,8,3,1,6,0,7,1,4,4,0
50695,6,5,2,7,1,5,9,2,3,2,9
50696,3,6,1,8,5,3,2,6,0,1,1
50697,8,4,5,0,2,9,8,4,6,8,2
50698,5,8,3,1,6,0,7,1,4,4,7
50699,0,4,3,0,2,0,4,1,4,8,0
50700,1,7,6,2,0,8,0,9,5,6,5
50701,5,8,3,1,6,0,7,1,4,4,7
50702,7,1,0,3,4,6,1,5,7,3,4
50703,5,8,3,1,6,0,7,1,4,4,7
50704,5,8,3,1,6,0,7,1,4,4,7
50705,6,5,2,7,1,5,9,2,3,2,9
50706,0,8,3,1,6,0,4,1,4,4,2
50707,7,3,0,3,4,6,1,8,9,3,4
50708,8,2,5,5,9,9,8,4,6,9,8
50709,1,7,6,2,0,8,0,9,5,6,5
50710,0,4,3,0,2,0,4,1,4,8,0
50711,7,1,0,3,4,6,1,5,7,3,4
50712,0,4,7,0,2,7,4,1,4,8,0
50713,7,1,0,3,4,6,1,5,7,3,4
50714,7,1,0,3,4,6,1,5,7,3,4
50715,7,3,0,6,4,6,1,8,9,3,4
50716,2,3,4,6,8,2,6,8,9,5,6
50717,7,1,0,3,4,6,1,5,7,3,4
50718,0,4,5,0,2,9,4,1,4,8,2
50719,5,5,8,1,6,4,7,0,8,4,7
50720,9,9,9,2,7,1,5,7,2,0,5
50721,0,4,5,0,2,9,4,9,5,8,2
50722,6,5,2,7,1,5,9,2,3,2,9
50723,3,6,1,8,5,3,2,6,0,1,1
50724,8,4,7,5,9,7,8,4,6,9,0
50725,0,4,3,0,2,0,4,1,4,8,0
50726,7,1,0,3,4,6,1,5,7,3,4
50727,3,6,1,8,5,3,2,6,0,1,1
50728,7,1,0,3,4,6,1,5,7,3,4
50729,7,1,0,3,4,6,1,5,7,3,4
50730,8,2,5,5,9,9,8,4,6,9,8
50731,1,7,6,2,0,8,0,9,5,6,5
50732,8,2,5,5,9,9,8,4,6,9,2
50733,6,1,2,7,1,5,9,2,3,2,9
50734,5,8,3,1,6,0,7,1,4,4,0
50735,7,1,0,3,4,6,1,5,7,3,4
50736,7,1,0,3,4,6,1,5,7,3,4
50737,0,4,7,0,2,7,4,1,4,8,0
50738,7,1,0,3,4,6,1,5,7,3,4
50739,7,1,0,3,4,6,1,5,7,3,4
50740,5,6,3,8,6,6,7,8,0,4,7
50741,4,5,8,9,3,4,3,0,8,7,3
50742,0,4,5,0,2,9,4,4,6,8,2
50743,9,9,9,2,7,1,5,7,2,0,5
50744,6,5,2,7,1,5,9,2,3,2,9
50745,2,3,4,6,8,2,6,8,9,5,6
50746,0,4,7,0,2,7,4,4,6,8,0
50747,0,4,4,0,2,2,4,8,9,8,0
50748,7,1,0,3,4,6,1,5,7,3,4
50749,3,0,1,4,5,3,2,6,1,1,1
50750,3,0,1,4,8,3,2,3,1,1,1
50751,1,7,6,2,0,8,0,9,5,6,5
50752,5,8,3,1,6,0,7,1,4,4,7
50753,6,1,2,7,1,5,9,2,3,2,9
50754,0,4,7,0,2,7,4,4,6,8,0
50755,7,1,0,3,4,6,1,5,7,3,4
50756,0,4,5,0,2,9,4,4,6,8,2
50757,0,4,7,0,2,7,4,9,5,8,0
50758,5,8,3,1,6,0,7,1,4,4,0
50759,2,3,4,6,8,2,6,8,9,5,6
50760,0,4,5,0,2,9,4,4,6,8,2
50761,4,5,8,9,3,4,3,0,8,7,3
50762,2,3,7,6,8,7,6,8,9,5,0
50763,8,2,5,5,9,9,8,4,6,9,8
50764,8,2,7,5,9,7,8,4,6,9,8
50765,7,1,0,3,4,6,1,8,7,3,4
50766,0,4,7,0,2,7,4,4,6,8,0
50767,0,4,4,6,2,2,4,8,9,8,0
50768,2,3,4,6,8,2,6,8,9,5,0
50769,3,0,1,4,5,3,2,6,1,1,1
50770,7,1,0,3,4,6,1,5,7,3,4
50771,1,7,6,2,0,8,0,9,5,6,5
50772,1,7,6,2,0,8,0,9,5,6,5
50773,7,1,0,3,4,6,1,5,7,3,4
50774,3,6,1,8,5,3,2,6,0,1,1
50775,7,1,0,3,4,6,1,5,7,3,4
50776,4,5,8,9,3,4,3,9,8,7,3
50777,0,4,7,0,2,7,4,4,6,8,0
50778,2,3,4,6,8,2,6,3,9,5,6
50779,2,3,4,6,8,2,6,8,9,5,6
50780,4,5,8,9,3,4,3,0,8,7,3
50781,4,5,8,9,3,4,3,0,8,7,3
50782,5,8,3,1,6,0,7,1,4,4,7
50783,8,2,5,5,9,9,8,4,6,9,8
50784,5,8,3,1,6,0,7,1,4,4,7
50785,2,3,4,6,8,2,6,8,9,5,6
50786,7,1,0,3,4,6,1,5,7,3,4
50787,0,4,7,0,2,7,4,8,9,8,0
50788,9,9,9,2,7,1,5,7,2,0,5
50789,1,7,6,2,0,8,0,9,5,6,5
50790,7,1,0,3,4,6,1,5,7,3,4
50791,7,1,0,3,4,6,1,5,7,3,4
50792,0,4,5,0,2,9,4,4,6,8,2
50793,4,5,8,9,3,4,3,0,8,7,3
50794,5,8,3,1,6,0,7,1,4,4,7
50795,0,4,5,0,2,9,4,4,6,8,2
50796,0,4,3,0,2,0,4,1,4,8,0
50797,1,7,6,2,0,8,0,9,5,6,5
50798,0,4,3,0,2,0,4,1,4,8,0
50799,1,7,6,2,0,8,0,9,5,6,5
50800,0,4,7,0,2,7,4,1,4,8,0
50801,0,4,7,0,2,7,4,1,9,8,0
50802,7,1,0,3,4,6,1,5,7,3,4
50803,7,1,0,3,4,6,1,5,7,3,4
50804,3,6,1,8,5,3,2,6,0,1,1
50805,1,7,6,2,0,8,0,9,5,6,5
50806,5,8,3,1,6,0,7,1,4,4,7
50807,0,4,7,0,2,7,4,1,4,8,0
50808,3,6,1,8,5,3,2,6,0,1,1
50809,7,1,0,3,4,6,1,5,7,3,4
50810,4,5,8,9,3,4,3,0,8,7,3
50811,4,5,8,9,3,4,3,0,8,7,3
50812,6,5,2,7,1,5,9,2,3,2,9
50813,4,0,4,4,8,2,3,3,1,5,3
50814,2,5,4,7,8,2,6,3,3,5,6
50815,7,1,0,3,4,6,1,5,7,3,4
50816,5,8,3,1,6,0,7,1,4,4,7
50817,4,5,8,9,3,4,3,0,8,7,3
50818,4,5,8,9,3,4,3,0,8,7,3
50819,0,4,7,0,2,7,4,4,6,8,0
50820,3,6,1,8,5,3,2,6,0,1,1
50821,0,4,4,0,2,2,4,8,9,8,0
50822,0,4,5,0,2,9,4,4,6,8,2
50823,4,5,8,9,3,4,3,0,8,7,3
50824,7,1,0,3,4,6,1,5,7,3,4
50825,4,5,8,9,3,4,3,3,8,7,3
50826,7,1,0,3,4,6,1,5,7,3,4
50827,1,7,6,2,0,8,0,9,5,6,5
50828,2,0,4,4,8,2,6,3,1,5,8
50829,1,7,6,2,0,8,0,9,5,6,5
50830,9,9,9,2,7,1,5,7,2,0,5
50831,2,3,4,6,8,2,6,8,9,5,6
50832,0,4,7,0,2,7,4,4,6,8,0
50833,0,4,3,0,2,0,4,1,4,8,0
50834,7,1,0,3,4,6,1,5,7,3,4
50835,1,4,6,0,2,8,0,9,5,8,0
50836,5,5,8,1,6,4,7,0,8,4,7
50837,4,5,8,9,3,4,3,3,8,7,3
50838,1,7,6,2,0,8,0,7,5,6,5
50839,3,0,1,4,5,3,2,6,1,1,1
50840,6,5,2,7,1,5,9,2,3,2,9
50841,0,4,6,0,2,8,4,9,5,8,0
50842,1,7,6,2,0,8,0,9,5,6,5
50843,4,5,8,9,3,4,3,0,8,7,3
50844,5,8,3,1,6,0,7,1,4,4,7
50845,0,4,3,0,2,0,4,1,4,8,0
50846,5,8,3,1,6,0,7,1,4,4,7
50847,1,7,6,2,0,8,0,9,5,6,5
50848,9,9,9,2,7,1,5,3,2,0,8
50849,8,2,5,5,9,9,8,4,6,9,2
50850,1,7,6,2,0,8,0,9,5,6,5
50851,0,4,7,0,2,7,4,1,4,8,0
50852,3,6,1,8,5,3,2,6,0,1,1
50853,2,3,4,6,8,2,6,8,9,5,6
50854,0,4,3,0,2,0,4,1,4,8,0
50855,1,7,6,2,0,8,0,9,5,6,5
50856,4,0,8,4,3,4,3,3,1,7,3
50857,1,7,6,2,0,8,0,9,5,6,5
50858,8,2,7,5,9,7,8,4,6,9,8
50859,0,4,7,0,2,7,4,1,4,8,0
50860,1,3,6,2,0,8,0,8,9,6,5
50861,2,3,4,6,8,2,6,8,9,5,6
50862,3,6,1,8,5,3,2,6,0,1,1
50863,4,5,8,9,3,4,3,0,8,7,3
50864,1,7,6,2,0,8,0,9,5,6,5
50865,4,5,8,9,3,4,3,3,8,7,3
50866,4,5,8,9,3,4,3,3,8,7,3
50867,0,4,3,0,2,0,4,1,4,8,0
50868,0,4,5,0,2,9,4,1,4,8,2
50869,2,3,4,6,8,2,6,8,9,5,6
50870,4,5,8,9,3,4,3,0,8,7,3
50871,7,1,0,3,4,6,1,5,7,3,4
50872,8,2,5,5,9,9,8,4,6,9,8
50873,2,3,4,6,8,2,6,8,9,5,6
50874,0,4,5,0,2,9,4,1,4,8,2
50875,6,5,2,7,1,5,9,2,3,2,9
50876,3,0,1,4,5,3,2,6,1,1,1
50877,1,7,5,0,0,9,0,4,6,6,5
50878,3,6,1,8,5,3,2,6,0,1,2
50879,0,4,7,0,2,7,4,1,4,8,0
50880,1,7,6,2,0,8,0,3,5,6,5
50881,7,1,0,3,4,6,1,5,7,3,4
50882,0,8,3,0,2,0,4,1,4,8,0
50883,7,1,0,3,4,6,1,5,7,3,4
50884,0,4,5,0,2,9,4,4,6,8,2
50885,7,1,0,3,4,6,1,5,7,3,4
50886,0,4,6,0,2,8,4,8,5,8,0
50887,2,3,4,6,8,2,6,8,9,5,6
50888,4,5,8,9,3,4,3,0,8,7,3
50889,0,4,7,0,2,7,4,1,9,8,0
50890,6,5,8,7,1,4,9,0,8,2,9
50891,8,9,9,2,0,1,0,7,5,6,5
50892,7,1,0,3,4,6,1,5,7,3,4
50893,4,5,8,9,3,4,3,0,8,7,3
50894,8,2,5,5,9,9,8,4,6,9,8
50895,2,1,4,3,8,2,6,5,7,5,6
50896,5,8,3,1,6,0,7,1,4,4,7
50897,6,3,4,2,8,2,6,8,9,5,5
50898,7,1,0,3,4,6,1,3,7,3,4
50899,6,1,2,7,1,5,9,2,3,2,9
50900,7,1,0,3,4,6,1,8,9,3,4
50901,6,9,2,7,1,5,9,2,3,2,9
50902,7,1,0,3,4,6,1,5,7,3,4
50903,8,4,5,0,9,9,8,4,6,9,2
50904,0,4,4,0,2,2,4,5,7,8,0
50905,9,9,9,2,7,1,5,7,2,0,5
50906,7,1,0,3,4,6,1,5,7,3,4
50907,1,7,6,2,0,8,0,9,5,6,5
50908,7,1,0,3,4,6,1,5,7,3,4
50909,2,0,4,4,8,2,6,3,1,5,6
50910,5,8,3,1,6,0,7,1,4,4,7
50911,9,9,9,2,7,1,5,7,2,0,5
50912,5,5,8,1,6,4,7,0,8,4,7
50913,6,5,2,7,1,5,9,2,3,2,9
50914,1,7,6,2,0,8,0,9,5,6,5
50915,7,1,0,3,4,6,1,5,7,3,4
50916,5,8,3,1,6,0,7,1,4,4,7
50917,8,4,7,5,9,7,8,4,6,9,8
50918,9,9,9,2,7,1,5,7,2,0,5
50919,4,5,8,9,3,4,3,3,8,7,3
50920,0,4,5,0,2,9,4,4,6,8,2
50921,4,5,8,9,3,4,3,0,8,7,3
50922,7,1,0,3,4,6,1,5,7,3,4
50923,0,4,5,0,2,9,4,4,6,8,2
50924,3,6,1,8,5,3,2,6,0,1,1
50925,2,3,4,6,8,2,6,8,9,5,6
50926,7,1,0,3,4,6,1,5,7,3,4
50927,0,4,7,0,2,7,4,4,6,8,0
50928,1,7,6,2,0,8,0,9,5,6,5
50929,3,0,1,4,5,3,2,6,1,1,1
50930,5,6,1,8,6,3,7,6,0,4,7
50931,9,9,9,2,7,1,5,7,2,0,5
50932,4,5,8,9,3,4,3,0,8,7,3
50933,6,5,2,7,1,5,9,2,3,2,9
50934,4,5,8,9,3,4,3,0,8,7,3
50935,7,1,0,3,4,6,1,5,7,3,4
50936,7,1,0,3,4,6,1,5,7,3,4
50937,0,4,7,0,2,7,4,3,6,8,0
50938,4,5,8,9,3,4,3,0,8,7,3
50939,2,0,4,6,8,2,6,3,9,5,6
50940,7,1,0,3,4,6,1,5,7,3,4
50941,4,5,8,9,3,4,3,0,8,7,3
50942,1,7,6,2,0,8,0,9,5,6,5
50943,8,2,5,5,9,9,8,4,6,9,2
50944,2,3,4,6,8,2,6,3,9,5,6
50945,2,3,4,6,8,2,6,8,9,5,6
50946,7,1,0,3,4,6,1,5,7,3,4
50947,0,4,7,0,2,7,4,4,6,8,0
50948,5,8,3,1,6,0,7,1,4,4,7
50949,3,0,1,4,5,3,2,6,1,1,1
50950,7,1,0,3,4,6,1,5,7,3,4
50951,9,9,9,2,7,1,5,7,2,0,5
50952,9,9,9,2,7,1,5,7,2,0,5
50953,6,5,2,7,1,5,9,2,3,2,9
50954,2,3,4,6,8,2,6,8,9,5,6
50955,7,1,0,3,4,6,1,5,7,3,4
50956,1,7,6,2,0,8,0,9,5,6,5
50957,8,2,7,5,9,7,8,3,6,9,8
50958,3,6,1,8,5,3,2,6,0,1,1
50959,2,3,4,6,8,2,6,3,9,5,6
50960,7,1,0,3,4,6,1,5,7,3,4
50961,4,5,8,9,3,4,3,0,8,7,3
50962,6,5,2,7,1,5,9,2,3,2,9
50963,0,4,5,0,2,9,4,1,4,8,2
50964,7,1,0,3,4,6,1,5,7,3,4
50965,2,3,4,6,8,2,6,8,9,5,6
50966,6,5,2,7,1,5,9,2,3,2,9
50967,0,4,7,0,2,7,4,4,6,8,0
50968,3,6,1,8,5,3,2,6,0,1,1
50969,7,1,0,3,4,6,1,5,7,3,4
50970,2,3,4,6,8,2,6,8,9,5,6
50971,6,9,2,7,1,5,9,2,3,2,9
50972,0,4,6,0,2,8,4,9,5,8,0
50973,0,4,7,0,2,7,4,1,4,8,0
50974,3,6,1,8,5,3,2,6,0,1,1
50975,7,1,0,3,4,6,1,5,7,3,4
50976,7,1,0,3,4,6,1,5,7,3,4
50977,6,3,2,7,1,5,9,2,3,2,9
50978,8,2,5,5,9,9,8,4,6,9,2
50979,9,9,9,2,7,1,5,7,2,0,5
50980,5,8,3,1,6,0,7,1,4,4,0
50981,1,7,6,2,0,8,0,9,5,6,5
50982,2,3,4,6,8,2,6,8,9,5,6
50983,2,5,4,9,8,2,6,3,8,5,3
50984,8,2,5,5,9,9,8,4,6,9,8
50985,2,0,4,4,8,2,6,3,1,5,6
50986,6,5,2,7,1,5,9,2,3,2,9
50987,6,5,2,7,1,5,9,2,3,2,9
50988,2,3,4,6,8,2,6,8,9,5,6
50989,7,1,0,3,4,6,1,5,7,3,4
50990,5,6,1,8,5,3,7,6,0,1,7
50991,6,5,2,7,1,5,9,2,3,2,9
50992,1,7,6,2,0,8,0,9,5,6,5
50993,9,9,9,2,7,1,5,7,2,0,5
50994,0,4,6,0,2,8,4,9,5,8,2
50995,7,1,0,3,4,6,1,5,7,3,4
50996,2,3,4,6,8,2,6,8,9,5,6
50997,8,2,7,5,9,7,8,4,6,9,8
50998,5,8,3,1,6,0,7,1,4,4,7
50999,8,2,5,5,9,9,8,4,6,9,2
51000,0,4,3,0,2,0,4,1,4,8,2
51001,6,5,2,7,1,5,9,2,3,2,9
51002,2,3,4,6,8,2,6,3,9,5,6
51003,9,9,9,2,7,1,5,7,2,0,5
51004,1,7,6,0,0,8,0,9,5,6,0
51005,1,7,9,2,0,1,0,7,5,6,5
51006,3,6,1,8,5,3,2,6,0,1,1
51007,2,3,4,6,8,2,6,8,9,5,6
51008,0,4,6,0,2,8,4,8,9,8,0
51009,2,3,4,6,8,2,6,8,9,5,6
51010,1,7,6,2,0,8,0,9,5,6,5
51011,8,4,5,0,2,9,4,4,6,8,2
51012,0,4,7,0,2,7,4,1,4,8,0
51013,2,3,4,6,8,2,6,8,9,5,6
51014,2,3,4,6,8,2,6,8,9,5,6
51015,1,7,9,2,0,1,0,7,5,6,5
51016,6,5,2,7,1,5,9,2,3,2,9
51017,2,0,4,4,8,2,6,3,1,5,6
51018,0,4,7,0,2,7,4,9,5,8,0
51019,2,0,4,4,8,2,6,3,1,5,6
51020,0,4,3,0,2,0,4,1,4,8,0
51021,4,5,8,9,3,4,3,0,8,7,3
51022,0,4,3,0,2,0,4,1,4,8,0
51023,0,4,5,0,2,9,4,1,4,8,2
51024,3,6,1,8,5,3,2,6,0,1,1
51025,8,2,5,5,9,9,8,4,6,9,2
51026,0,4,7,0,2,7,4,1,4,8,0
51027,2,0,4,6,8,2,6,3,9,5,6
51028,0,4,7,0,2,7,4,1,6,8,0
51029,3,0,1,4,5,3,2,6,1,1,1
51030,7,1,0,3,4,6,1,5,7,3,4
51031,4,5,8,9,3,4,3,0,8,7,3
51032,0,4,7,0,2,7,4,4,6,8,0
51033,9,9,9,2,7,1,5,7,2,0,5
51034,8,2,5,5,9,9,8,4,6,9,2
51035,9,9,9,2,7,1,5,7,2,0,5
51036,0,4,7,0,2,7,4,4,6,8,0
51037,6,3,2,7,1,5,9,2,3,2,9
51038,0,4,7,0,2,7,4,8,9,8,0
51039,2,0,4,6,8,2,6,3,9,5,6
51040,7,1,0,3,4,6,1,5,7,3,4
51041,3,0,1,4,5,3,2,6,1,1,1
51042,0,8,3,1,6,0,4,1,4,4,0
51043,8,2,5,5,9,9,8,4,6,9,8
51044,3,6,1,8,5,3,2,6,0,1,1
51045,2,0,4,4,8,2,6,3,1,5,6
51046,0,4,7,0,2,7,4,4,6,8,0
51047,0,4,7,0,2,7,4,3,6,8,0
51048,1,7,6,2,0,8,0,9,5,6,5
51049,0,4,7,0,2,7,4,3,4,8,0
51050,2,3,4,6,8,2,6,8,9,5,6
51051,9,9,9,2,7,1,5,7,2,0,5
51052,3,6,1,8,5,3,2,6,0,1,1
51053,2,3,4,6,8,2,6,8,9,5,6
51054,1,7,6,2,0,8,0,9,5,6,5
51055,4,5,8,9,3,4,3,0,8,7,3
51056,0,4,3,0,2,0,4,1,4,8,0
51057,2,0,4,4,8,2,6,3,1,5,6
51058,9,9,9,2,7,1,5,7,2,0,5
51059,3,0,1,4,5,3,2,6,1,1,1
51060,1,7,6,2,0,8,0,9,5,6,5
51061,2,0,4,4,8,2,6,3,1,5,6
51062,0,4,5,0,2,9,4,4,6,8,2
51063,7,1,0,3,4,6,1,5,7,3,4
51064,9,9,9,2,7,1,5,7,2,0,5
51065,8,2,5,5,9,9,8,4,6,9,2
51066,4,4,7,9,3,7,3,0,8,7,0
51067,9,9,9,2,7,1,5,7,2,0,5
51068,0,4,5,0,2,9,4,1,4,8,2
51069,4,5,8,9,3,4,3,0,8,7,3
51070,9,9,9,2,7,1,5,7,2,0,5
51071,0,4,7,0,2,7,4,1,4,8,0
51072,2,3,4,6,8,2,6,8,9,5,6
51073,2,3,4,6,8,2,6,8,9,5,6
51074,0,4,5,0,2,9,4,1,4,8,2
51075,4,5,8,9,3,4,3,0,8,7,3
51076,8,2,7,5,9,7,8,4,6,9,8
51077,0,4,7,0,2,7,4,1,4,8,0
51078,2,3,4,6,8,2,6,8,9,5,6
51079,4,0,8,9,3,4,3,3,1,7,3
51080,0,4,6,0,2,8,4,9,5,8,0
51081,0,4,7,0,2,7,4,4,6,8,0
51082,0,8,3,1,6,0,4,1,4,4,0
51083,9,9,9,2,7,1,5,7,2,0,5
51084,8,2,5,5,9,9,8,4,6,9,2
51085,7,1,0,3,4,6,1,5,7,3,4
51086,7,1,0,3,4,6,1,5,7,3,4
51087,2,3,4,6,8,2,6,8,9,5,6
51088,0,4,3,0,2,0,4,1,4,8,2
51089,4,5,8,9,3,4,3,0,8,7,3
51090,6,9,2,7,1,5,9,2,3,2,9
51091,7,1,0,3,4,6,1,5,7,3,4
51092,7,1,0,3,4,6,1,5,7,3,4
51093,0,4,7,0,2,7,4,4,6,8,0
51094,7,8,3,1,4,0,1,1,4,3,4
51095,8,4,7,0,2,7,4,4,6,8,0
51096,4,5,8,9,3,4,3,3,8,7,3
51097,2,0,4,6,8,2,6,3,9,5,6
51098,5,8,3,1,6,0,7,1,4,4,7
51099,0,4,7,0,2,7,4,4,6,8,0
51100,9,9,9,2,7,1,5,7,2,0,5
51101,7,1,0,3,4,6,1,5,7,3,4
51102,9,3,9,6,7,1,5,8,2,0,6
51103,8,4,5,0,2,9,4,4,6,8,2
51104,7,1,0,3,4,6,1,5,7,3,4
51105,2,3,4,6,8,2,6,8,9,5,6
51106,7,1,0,3,4,6,1,5,7,3,4
51107,2,3,4,6,8,2,6,3,9,5,6
51108,7,6,0,8,4,6,1,5,0,3,4
51109,4,5,8,9,3,4,3,0,8,7,3
51110,1,7,6,2,0,8,0,9,5,6,5
51111,0,4,7,0,2,7,4,4,6,8,0
51112,9,9,9,2,7,1,5,7,2,0,5
51113,8,2,5,5,9,9,8,4,6,9,2
51114,5,8,3,1,6,0,7,1,4,4,7
51115,4,5,8,9,3,4,3,0,8,7,3
51116,7,1,0,3,4,6,1,5,7,3,4
51117,6,3,2,7,1,5,9,2,3,2,9
51118,1,7,6,2,0,8,0,9,5,6,5
51119,6,3,2,7,1,5,9,2,3,2,9
51120,1,7,6,2,0,8,0,9,5,6,5
51121,3,0,1,4,5,3,2,6,1,1,1
51122,3,6,1,8,5,3,2,6,0,1,1
51123,0,4,7,0,2,7,4,4,6,8,0
51124,9,9,9,2,7,1,5,3,2,0,8
51125,8,2,7,5,9,7,8,4,6,9,0
51126,0,4,3,0,2,0,4,1,4,8,2
51127,3,0,1,4,5,3,2,3,1,1,1
51128,7,3,0,6,4,6,1,8,9,3,4
51129,9,9,9,2,7,1,5,7,2,0,5
51130,4,1,8,9,3,6,3,5,7,7,3
51131,6,5,2,7,1,5,9,2,3,2,9
51132,0,4,7,0,2,7,4,1,4,8,0
51133,2,3,4,6,8,2,6,5,9,5,6
51134,7,1,0,3,4,6,1,5,7,3,4
51135,5,2,7,1,6,7,7,4,6,4,7
51136,1,7,6,2,0,8,0,9,5,6,5
51137,2,3,4,6,8,2,6,3,9,5,6
51138,8,2,5,5,9,9,8,4,6,9,8
51139,4,0,8,4,3,4,3,3,1,7,3
51140,0,4,7,0,2,7,4,1,4,8,0
51141,8,2,5,5,9,9,8,4,6,9,8
51142,7,1,0,3,4,6,1,5,7,3,4
51143,2,3,4,6,8,2,6,8,9,5,6
51144,5,8,3,1,6,0,7,1,4,4,7
51145,8,2,7,5,9,7,8,4,6,9,8
51146,5,8,3,1,6,0,7,1,4,4,0
51147,3,0,1,4,5,3,2,6,1,1,1
51148,2,3,4,6,8,2,6,3,9,5,6
51149,9,9,9,2,7,1,5,7,2,0,5
51150,3,6,1,8,5,3,2,6,0,1,1
51151,6,5,2,7,1,5,9,2,3,2,9
51152,4,5,8,9,3,4,3,0,8,7,3
51153,6,5,2,7,1,5,9,2,3,2,9
51154,7,1,0,3,4,6,1,5,7,3,4
51155,5,2,7,5,6,7,7,0,6,4,7
51156,5,8,3,1,6,0,7,1,4,4,7
51157,2,3,4,6,8,2,6,3,9,5,6
51158,4,5,8,9,3,4,3,0,8,7,3
51159,4,5,8,9,3,4,3,3,8,7,3
51160,2,3,4,6,8,2,6,8,9,5,6
51161,8,2,5,5,9,9,8,4,6,9,2
51162,0,4,3,0,2,0,4,1,4,8,0
51163,2,3,4,6,8,2,6,8,9,5,6
51164,5,8,3,1,6,0,7,1,4,4,0
51165,8,2,7,5,9,7,8,4,6,9,8
51166,0,4,5,0,2,9,4,1,4,8,2
51167,3,0,1,4,5,3,2,6,1,1,1
51168,0,4,3,0,2,0,4,1,4,8,0
51169,9,9,9,2,7,1,5,7,2,0,5
51170,5,8,3,1,6,0,7,1,4,4,7
51171,6,5,2,7,1,5,9,2,3,2,9
51172,9,9,9,2,7,1,5,7,2,0,5
51173,6,5,2,7,1,5,9,2,3,2,9
51174,0,8,3,1,6,0,7,1,4,4,0
51175,5,5,7,1,6,7,7,0,3,4,7
51176,5,8,3,1,6,0,7,1,4,4,7
51177,2,0,4,4,8,2,6,3,1,5,6
51178,8,2,5,5,9,9,8,4,6,9,8
51179,4,5,8,9,3,4,3,0,8,7,3
51180,5,8,3,1,6,0,7,1,4,4,7
51181,8,2,5,5,9,9,8,4,6,9,8
51182,5,8,3,1,6,0,7,1,4,4,0
51183,2,3,4,6,8,2,6,3,9,5,6
51184,2,3,4,6,8,2,6,8,9,5,6
51185,8,2,7,5,9,7,8,4,6,9,8
51186,3,0,1,4,5,3,2,6,1,1,1
51187,9,9,9,2,7,1,5,7,2,0,5
51188,1,7,6,2,0,8,0,9,5,6,5
51189,2,3,4,6,8,2,6,8,9,5,6
51190,1,7,6,2,0,8,0,9,5,6,5
51191,4,0,8,4,3,4,3,3,1,7,3
51192,5,8,3,1,6,0,7,1,4,4,0
51193,8,2,5,5,9,9,8,4,6,9,8
51194,7,1,0,3,4,6,1,5,7,3,4
51195,9,9,9,2,7,1,5,7,2,0,5
51196,7,1,0,3,4,6,1,5,7,3,4
51197,9,9,9,2,7,1,5,7,2,0,5
51198,8,2,5,5,9,9,8,4,6,9,8
51199,8,2,7,5,9,7,8,4,6,9,8
51200,1,7,6,2,0,8,0,9,5,6,5
51201,6,3,2,7,1,5,9,3,3,2,9
51202,5,8,3,1,6,0,7,1,4,4,7
51203,8,2,5,5,9,9,8,4,6,9,8
51204,8,2,5,5,9,9,8,4,6,9,8
51205,8,2,5,5,9,9,8,4,6,9,2
51206,1,7,6,2,0,8,0,9,5,6,5
51207,2,3,4,6,8,2,6,3,2,5,6
51208,2,3,4,6,8,2,6,8,9,5,6
51209,8,2,7,5,9,7,8,4,6,9,8
51210,3,6,1,8,5,3,2,6,0,1,1
51211,6,3,2,7,1,5,9,2,3,2,9
51212,7,1,0,3,4,6,1,5,7,3,4
51213,4,5,8,9,3,4,3,0,8,7,3
51214,6,5,2,7,1,5,9,2,3,2,9
51215,3,0,1,4,5,3,2,3,1,1,1
51216,6,5,2,7,1,5,9,2,3,2,9
51217,6,3,2,7,1,5,9,2,3,2,9
51218,2,3,4,6,8,2,6,8,9,5,6
51219,4,5,8,9,3,4,3,0,8,7,3
51220,4,5,8,9,3,4,3,0,8,7,3
51221,5,8,7,1,6,7,7,4,6,4,7
51222,7,1,0,3,4,6,1,5,7,3,4
51223,2,3,4,6,8,2,6,8,9,5,6
51224,2,3,4,6,8,2,6,8,9,5,6
51225,8,2,7,5,9,7,8,4,6,9,8
51226,3,6,1,8,5,3,2,6,0,1,1
51227,6,3,2,7,8,2,9,3,3,5,9
51228,3,6,1,8,5,3,2,6,0,1,1
51229,8,2,5,5,9,9,8,4,6,9,2
51230,9,7,6,2,0,8,0,9,2,6,5
51231,9,9,9,2,7,1,5,3,2,0,8
51232,4,5,8,9,3,4,3,0,8,7,3
51233,4,5,8,9,3,4,3,0,8,7,3
51234,0,4,4,0,2,2,4,4,9,8,0
51235,3,6,1,8,5,3,2,6,0,1,1
51236,8,2,7,5,9,7,8,4,6,9,8
51237,2,3,4,7,8,2,6,2,3,5,6
51238,1,7,6,2,0,8,0,9,5,6,5
51239,8,2,4,5,9,2,8,8,9,9,8
51240,0,4,0,0,2,6,4,8,9,8,0
51241,6,5,2,7,1,5,9,2,3,2,9
51242,7,1,0,3,4,6,1,5,7,3,4
51243,2,3,4,6,8,2,6,8,9,5,6
51244,2,3,4,6,8,2,6,8,9,5,6
51245,6,5,2,7,1,5,9,2,3,2,9
51246,4,5,8,9,3,4,3,0,8,7,3
51247,9,9,9,2,7,1,5,7,2,0,5
51248,5,8,3,1,6,0,7,1,4,4,7
51249,9,9,9,2,7,1,5,7,2,0,5
51250,9,9,9,2,7,1,5,7,2,0,5
51251,9,9,9,2,7,1,5,3,2,0,5
51252,1,7,6,2,0,8,0,9,5,6,5
51253,8,2,7,5,9,7,8,4,6,9,8
51254,9,9,9,5,7,1,5,3,2,0,8
51255,8,2,7,5,9,7,8,0,8,9,8
51256,6,5,2,7,1,5,9,2,3,2,9
51257,2,3,4,6,8,2,6,8,9,5,6
51258,7,1,0,3,4,6,1,5,7,3,4
51259,3,0,1,4,5,3,2,6,1,1,1
51260,7,1,0,3,4,6,1,5,7,3,4
51261,9,9,9,9,7,1,5,3,2,0,8
51262,6,5,2,7,1,5,9,2,3,2,9
51263,4,5,7,9,3,7,3,3,8,7,8
51264,0,4,7,0,2,7,4,4,6,8,0
51265,3,0,1,4,5,3,2,6,1,1,1
51266,9,9,9,2,7,1,5,7,2,0,5
51267,8,2,7,5,9,7,8,4,6,9,8
51268,1,7,6,2,0,8,0,9,5,6,5
51269,4,5,8,9,3,4,3,3,8,7,3
51270,5,8,3,1,6,0,7,1,4,4,7
51271,8,2,7,5,9,7,8,4,6,9,8
51272,2,3,4,6,8,2,6,8,9,5,6
51273,6,5,2,7,1,5,9,2,3,2,9
51274,5,8,3,1,6,0,7,1,4,4,0
51275,6,5,2,7,1,5,9,2,3,2,9
51276,5,5,8,9,3,4,3,0,8,7,7
51277,9,9,9,2,7,1,5,7,2,0,5
51278,7,1,0,3,4,6,1,5,7,3,4
51279,8,2,5,5,9,9,8,4,6,9,8
51280,1,7,6,2,0,8,0,9,5,6,5
51281,8,2,7,5,9,7,8,4,6,9,8
51282,0,4,5,0,2,9,4,4,6,8,2
51283,9,9,9,2,7,1,5,3,2,0,9
51284,5,8,3,1,6,0,7,1,4,4,7
51285,9,9,9,2,7,1,5,7,2,0,5
51286,2,3,4,6,8,2,6,3,9,5,6
51287,9,9,9,2,7,1,5,7,2,0,5
51288,5,8,3,1,6,0,7,1,4,4,7
51289,8,2,7,5,9,7,8,4,6,9,8
51290,3,6,1,8,5,3,2,6,0,1,1
51291,2,3,4,6,8,2,6,8,9,5,6
51292,0,4,5,0,2,9,4,9,5,8,2
51293,4,5,8,9,3,4,3,3,8,7,3
51294,0,4,7,0,2,7,4,1,4,8,0
51295,4,5,8,9,3,4,3,0,8,7,3
51296,2,2,4,5,8,2,6,3,6,5,8
51297,0,4,7,0,2,7,4,4,6,8,0
51298,1,7,6,6,0,8,0,9,5,6,6
51299,3,0,1,4,5,3,2,3,1,1,1
51300,1,7,6,2,0,8,0,9,5,6,5
51301,3,0,1,4,5,3,2,6,1,1,1
51302,9,9,9,2,7,1,5,8,2,0,5
51303,3,0,1,4,5,3,2,6,1,1,1
51304,8,2,7,5,9,7,8,4,6,9,8
51305,9,9,9,2,7,1,5,7,2,0,5
51306,8,2,5,5,9,9,8,4,6,9,8
51307,2,3,4,6,8,2,6,8,9,5,6
51308,3,0,1,4,5,3,2,6,1,1,1
51309,8,2,7,5,9,7,8,4,6,9,8
51310,4,5,8,9,3,4,3,0,8,7,3
51311,4,5,8,9,3,4,3,0,8,7,3
51312,0,4,7,0,2,7,4,1,4,8,0
51313,2,3,4,6,8,2,6,8,9,5,6
51314,5,6,3,8,6,0,7,5,0,4,7
51315,9,9,9,2,7,1,5,7,2,0,5
51316,5,8,3,1,6,0,7,1,4,4,7
51317,6,5,2,7,1,5,9,2,3,2,9
51318,5,8,3,1,6,0,7,1,4,4,0
51319,4,5,8,9,3,4,3,0,8,7,3
51320,4,5,8,9,3,4,3,3,8,7,3
51321,6,3,2,7,1,5,9,2,3,2,9
51322,1,7,6,2,0,8,0,9,5,6,5
51323,6,5,2,7,1,5,9,2,3,2,9
51324,2,3,4,6,8,2,6,8,9,5,6
51325,8,2,7,5,9,7,8,4,6,9,8
51326,2,3,4,6,8,2,6,8,9,5,5
51327,3,0,1,4,5,3,2,6,1,1,1
51328,0,4,7,0,2,7,4,4,6,8,0
51329,8,2,7,5,9,7,8,4,6,9,8
51330,2,3,4,6,8,2,6,8,9,5,6
51331,3,0,1,4,5,3,2,6,1,1,1
51332,7,1,0,3,4,6,1,5,7,3,4
51333,2,3,4,2,8,2,6,3,9,5,5
51334,0,8,3,0,2,0,4,1,4,8,0
51335,8,2,5,5,9,9,8,4,6,9,8
51336,3,6,1,8,5,3,2,6,0,1,1
51337,5,9,9,1,7,1,7,7,2,0,7
51338,5,8,3,1,6,0,7,1,4,4,7
51339,2,3,4,6,8,2,6,3,9,5,6
51340,6,5,2,7,1,5,9,2,3,2,9
51341,2,3,4,6,8,2,6,8,9,5,6
51342,7,1,0,3,4,6,1,5,7,3,4
51343,6,9,2,7,1,5,9,2,3,2,9
51344,8,2,5,5,9,9,8,4,6,9,2
51345,2,3,4,6,8,2,6,3,9,5,6
51346,0,4,3,0,2,0,4,1,4,8,0
51347,2,3,4,6,8,2,6,8,9,5,6
51348,3,6,1,8,5,3,2,6,0,1,1
51349,9,9,9,7,7,1,5,3,2,0,9
51350,5,8,3,1,6,0,7,1,4,4,7
51351,8,2,7,5,9,7,8,4,6,9,8
51352,3,6,1,8,5,3,2,6,0,1,1
51353,8,2,5,5,9,9,8,4,6,9,8
51354,5,6,2,8,6,5,7,2,0,4,7
51355,4,5,8,9,3,4,3,3,8,7,3
51356,9,9,9,7,7,1,5,7,2,0,9
51357,6,5,2,7,1,5,9,2,3,2,9
51358,8,2,5,5,9,9,8,4,6,9,2
51359,6,5,2,7,1,5,9,2,3,2,9
51360,8,2,7,5,9,7,8,4,6,9,8
51361,8,2,5,5,9,9,8,4,6,9,8
51362,3,6,1,8,5,3,2,6,0,1,1
51363,8,2,5,5,9,9,8,4,6,9,8
51364,8,2,6,2,9,8,8,3,6,9,8
51365,3,0,1,4,5,3,2,6,1,1,1
51366,2,2,7,5,8,7,6,4,9,5,8
51367,2,3,4,6,8,2,6,3,9,5,6
51368,4,5,3,1,6,0,7,1,4,4,3
51369,9,9,9,2,7,1,5,7,2,0,5
51370,4,5,8,9,3,4,3,0,8,7,3
51371,6,5,2,7,1,5,9,3,3,2,9
51372,1,7,6,2,0,8,0,9,5,6,5
51373,6,9,2,7,1,5,9,2,3,2,9
51374,8,2,7,5,9,7,8,4,6,9,8
51375,3,6,1,8,5,3,2,6,0,1,1
51376,7,1,0,3,4,6,1,5,7,3,4
51377,1,7,6,2,0,8,0,9,5,6,5
51378,5,5,8,9,6,4,7,0,8,4,7
51379,6,1,2,7,1,5,9,2,3,2,9
51380,7,1,0,3,4,6,1,5,7,3,4
51381,7,1,0,3,4,6,1,5,7,3,4
51382,0,4,3,0,2,0,4,1,4,8,0
51383,5,8,3,1,6,0,7,1,4,4,7
51384,0,4,5,0,2,9,4,9,5,8,2
51385,7,1,0,3,4,6,1,5,7,3,4
51386,4,5,8,9,3,4,3,3,8,7,3
51387,4,5,8,9,3,4,3,0,8,7,7
51388,1,7,6,2,0,8,0,9,5,6,5
51389,0,4,5,0,2,9,4,1,4,8,2
51390,1,7,6,2,0,8,0,9,5,6,5
51391,2,3,4,6,8,2,6,8,9,5,6
51392,7,1,0,3,4,6,1,5,7,3,4
51393,5,8,3,1,6,0,7,1,4,4,7
51394,2,3,4,6,8,2,6,3,9,5,6
51395,3,6,1,8,5,3,2,6,0,1,1
51396,5,8,3,1,6,0,7,1,4,4,7
51397,1,7,6,2,0,8,0,9,5,6,5
51398,6,5,2,7,1,5,9,2,3,2,9
51399,6,5,2,7,1,5,9,2,3,2,9
51400,4,5,8,9,3,4,3,3,8,7,3
51401,7,1,0,3,4,6,1,5,7,3,4
51402,4,5,8,9,3,4,3,0,8,7,3
51403,5,8,3,1,6,0,7,1,4,4,7
51404,7,6,0,8,4,6,1,5,0,3,4
51405,7,1,0,3,4,6,1,5,7,3,4
51406,1,7,6,2,0,8,0,9,5,6,5
51407,5,5,8,1,6,4,7,0,8,4,7
51408,5,5,8,2,6,4,7,0,8,4,7
51409,0,4,5,0,2,9,4,1,4,8,2
51410,4,5,8,9,3,4,3,0,8,7,7
51411,2,3,4,6,8,2,6,8,9,5,6
51412,2,3,4,6,8,2,6,8,9,5,6
51413,0,4,7,0,2,7,4,1,4,8,0
51414,2,3,4,6,8,2,6,8,9,5,6
51415,3,6,1,8,5,3,2,6,0,1,1
51416,2,3,4,6,8,2,6,3,9,5,6
51417,1,7,6,2,0,8,0,9,5,6,5
51418,6,5,2,7,1,5,9,2,3,2,9
51419,6,5,2,7,1,5,9,2,3,2,9
51420,8,2,5,5,9,9,8,4,6,9,2
51421,7,1,0,3,4,6,1,5,7,3,4
51422,3,6,1,4,5,3,2,6,0,1,1
51423,5,8,3,1,6,0,7,1,4,4,7
51424,2,3,4,6,8,2,6,8,9,5,5
51425,7,1,0,3,4,6,1,5,7,3,4
51426,1,7,6,2,0,8,0,9,5,6,5
51427,5,5,8,9,3,4,7,0,8,7,7
51428,7,1,0,3,4,6,1,5,7,3,4
51429,0,4,5,0,2,9,4,1,4,8,2
51430,0,4,3,0,2,0,4,1,4,8,0
51431,2,3,4,6,8,2,6,8,9,5,6
51432,1,7,6,1,0,8,0,9,5,6,0
51433,7,1,0,3,4,6,1,5,7,3,4
51434,3,6,1,8,5,3,2,6,0,1,1
51435,7,3,0,6,4,6,1,8,9,3,4
51436,1,7,6,2,0,8,0,9,5,6,5
51437,7,3,0,6,4,6,1,8,9,3,4
51438,5,8,3,1,6,0,7,0,4,4,7
51439,1,7,6,2,0,8,0,9,5,6,5
51440,7,1,0,3,4,6,1,5,7,3,4
51441,8,2,5,5,9,9,8,4,6,9,2
51442,0,4,6,0,2,8,4,9,5,8,0
51443,6,5,2,7,1,5,9,2,3,2,9
51444,7,1,0,3,4,6,1,5,7,3,4
51445,5,8,3,1,6,0,7,1,4,4,0
51446,5,5,3,1,6,0,7,0,4,4,7
51447,1,7,6,2,0,8,0,9,5,6,5
51448,6,5,2,7,1,5,9,2,3,2,9
51449,0,8,3,1,6,0,7,1,4,4,0
51450,2,3,4,6,8,2,6,8,9,5,6
51451,1,7,6,2,0,8,0,9,5,6,5
51452,0,4,5,0,2,9,4,1,4,8,2
51453,0,4,3,0,2,0,4,1,4,8,0
51454,9,2,7,5,7,7,5,7,2,0,8
51455,5,8,3,1,6,0,7,1,4,4,7
51456,4,5,8,9,3,4,3,0,8,7,3
51457,5,5,8,1,6,4,7,0,8,4,7
51458,6,5,2,7,1,5,9,2,3,2,9
51459,2,3,4,6,8,2,6,8,9,5,6
51460,0,4,5,0,2,9,4,1,4,8,2
51461,7,1,0,3,4,6,1,5,7,3,4
51462,7,1,0,3,4,6,1,5,7,3,4
51463,7,1,0,3,4,6,1,5,7,3,4
51464,6,0,2,7,1,5,9,3,3,2,9
51465,5,8,3,1,6,0,7,1,4,4,2
51466,3,0,1,4,5,3,2,6,1,1,1
51467,2,3,4,6,8,2,6,8,9,5,6
51468,1,7,6,2,0,8,0,9,5,6,5
51469,7,1,0,3,4,6,1,5,7,3,4
51470,0,8,3,1,6,0,7,1,4,4,0
51471,7,1,0,3,4,6,1,5,7,3,4
51472,5,8,3,1,6,0,7,1,4,4,0
51473,7,1,0,3,4,6,1,5,9,3,4
51474,7,1,0,3,4,6,1,5,7,3,4
51475,4,5,8,9,3,4,3,0,8,7,3
51476,4,5,8,9,3,4,3,0,8,7,3
51477,0,4,5,0,2,9,4,1,4,8,2
51478,3,6,1,8,5,3,2,6,0,1,1
51479,3,6,1,8,5,3,2,6,0,1,1
51480,4,5,8,9,3,4,3,3,8,7,3
51481,4,5,8,9,3,4,3,0,8,7,3
51482,5,8,3,1,6,0,7,1,4,4,7
51483,1,7,6,2,0,8,0,9,5,6,5
51484,7,1,0,3,4,6,1,5,7,3,4
51485,5,5,8,9,3,4,3,0,8,7,7
51486,7,1,0,3,4,6,1,5,7,3,4
51487,2,3,4,6,8,2,6,8,9,5,6
51488,2,3,4,6,8,2,6,8,9,5,0
51489,0,4,5,0,2,9,4,1,4,8,2
51490,3,6,1,8,5,3,2,6,0,1,1
51491,3,6,1,8,5,3,2,6,0,1,1
51492,7,1,0,3,4,6,1,5,7,3,4
51493,1,7,6,2,0,8,0,9,5,6,5
51494,7,1,0,3,4,6,1,5,7,3,4
51495,7,1,0,3,4,6,1,5,7,3,4
51496,0,4,5,0,2,9,4,4,6,8,2
51497,5,5,2,7,1,5,7,0,8,2,7
51498,7,1,0,3,4,6,1,5,7,3,4
51499,3,6,1,8,5,3,2,6,0,1,1
51500,0,4,5,0,2,9,4,4,6,8,2
51501,2,3,4,6,8,2,6,8,9,5,6
51502,0,4,3,0,2,0,4,1,4,8,0
51503,7,1,0,3,4,6,1,5,7,3,4
51504,2,3,4,6,8,2,6,8,9,5,6
51505,3,6,1,8,5,3,2,6,0,1,1
51506,6,5,2,7,1,5,9,2,3,2,9
51507,5,5,8,9,3,4,7,0,8,7,7
51508,1,7,6,2,0,8,0,9,5,6,5
51509,1,7,6,2,0,8,0,9,5,6,5
51510,2,3,4,6,8,2,6,8,9,5,6
51511,7,1,0,3,4,6,1,5,7,3,4
51512,5,8,3,1,6,0,7,1,4,4,7
51513,2,3,4,6,8,2,6,8,9,5,6
51514,4,5,8,9,3,4,3,0,8,7,3
51515,5,8,3,1,6,0,7,1,4,4,0
51516,0,4,7,0,2,7,4,4,6,8,0
51517,6,5,2,7,1,5,9,2,3,2,9
51518,4,5,8,9,3,4,3,0,8,7,3
51519,7,1,0,3,4,6,1,5,7,3,4
51520,3,6,1,8,5,3,2,6,0,1,1
51521,0,8,3,0,2,0,4,1,4,8,0
51522,0,4,6,0,2,8,4,9,5,8,0
51523,5,8,3,1,6,0,7,1,4,4,2
51524,0,1,3,3,4,0,1,1,4,3,0
51525,4,5,8,9,3,4,3,0,8,7,3
51526,9,9,9,2,7,1,5,7,2,0,5
51527,0,4,3,0,2,0,4,1,4,8,0
51528,5,5,8,9,3,4,3,0,8,7,7
51529,1,7,6,2,0,8,0,9,5,6,5
51530,1,7,6,2,0,8,0,9,5,6,5
51531,5,8,3,1,6,0,7,1,4,4,7
51532,0,4,5,0,2,0,4,1,4,8,2
51533,3,6,1,8,5,3,2,6,0,1,1
51534,7,1,0,3,4,6,1,5,7,3,4
51535,4,5,8,9,3,4,3,0,8,7,3
51536,7,1,0,3,4,6,1,5,7,3,4
51537,0,4,5,0,2,9,4,1,4,8,2
51538,5,5,8,9,3,4,7,0,8,7,7
51539,1,7,6,2,0,8,0,9,5,6,5
51540,9,7,9,2,7,1,5,7,2,0,5
51541,6,5,2,7,1,5,9,2,3,2,9
51542,7,1,0,3,4,6,1,5,7,3,4
51543,7,1,0,3,4,6,1,5,7,3,4
51544,7,8,3,3,4,0,7,1,4,3,4
51545,0,4,3,0,2,0,4,1,4,8,0
51546,3,6,1,8,5,3,2,6,0,1,1
51547,6,5,2,7,1,5,9,2,3,2,9
51548,1,7,6,2,0,8,0,9,5,6,5
51549,0,4,3,0,2,0,4,1,4,8,0
51550,6,5,2,7,1,5,9,2,3,2,9
51551,7,1,0,3,4,6,1,5,7,3,4
51552,5,8,3,1,6,0,7,1,4,4,7
51553,7,1,0,3,4,6,1,5,7,3,4
51554,1,7,6,2,0,8,0,9,5,6,5
51555,7,1,0,3,4,6,1,5,7,3,4
51556,1,7,6,2,0,8,0,9,5,6,5
51557,5,8,3,1,6,0,7,1,4,4,2
51558,8,2,9,5,9,1,8,4,2,9,8
51559,7,1,0,3,4,6,1,5,7,3,4
51560,0,4,5,0,2,9,4,4,6,8,2
51561,7,1,0,3,4,6,1,5,7,3,4
51562,7,1,0,3,4,6,1,5,7,3,4
51563,1,7,6,2,0,8,0,9,5,6,5
51564,1,7,6,2,0,8,0,9,5,6,5
51565,2,3,4,6,8,2,6,8,9,5,6
51566,1,7,6,2,0,8,0,9,5,6,5
51567,6,5,2,7,1,5,9,2,3,2,9
51568,0,4,5,0,2,9,4,4,6,8,2
51569,6,5,2,7,1,5,9,2,3,2,9
51570,5,5,8,9,3,4,7,0,8,7,7
51571,7,1,0,3,4,6,1,5,7,3,4
51572,7,1,0,3,4,6,1,5,7,3,4
51573,3,6,1,8,5,3,2,6,0,1,1
51574,0,4,7,0,2,7,4,1,4,8,0
51575,6,5,2,7,1,5,9,2,3,2,9
51576,7,1,0,3,4,6,1,5,7,3,4
51577,0,4,7,0,2,7,4,1,4,8,0
51578,7,1,0,3,4,6,1,5,7,3,4
51579,0,4,7,0,2,7,4,1,4,8,0
51580,9,9,9,7,7,1,5,7,2,0,5
51581,0,4,7,0,2,7,4,1,4,8,0
51582,0,4,3,0,2,0,4,1,4,8,0
51583,0,4,5,0,2,9,4,4,6,8,2
51584,5,8,3,1,6,0,7,1,4,4,7
51585,3,6,1,8,5,3,2,6,0,1,1
51586,8,2,5,2,9,9,8,4,6,9,2
51587,3,6,1,8,5,3,2,6,0,1,1
51588,7,3,0,6,4,6,1,8,9,3,4
51589,6,5,2,7,1,5,9,2,3,2,9
51590,0,4,3,0,2,0,4,1,4,8,0
51591,0,4,5,0,2,9,4,1,4,8,2
51592,8,2,7,5,9,7,8,4,6,9,8
51593,5,8,3,1,6,0,7,1,4,4,0
51594,1,7,6,2,0,8,0,9,5,6,5
51595,5,8,3,1,6,0,7,1,4,4,7
51596,4,5,8,9,3,4,3,0,8,7,7
51597,5,8,3,1,6,0,7,1,4,4,7
51598,3,0,1,4,5,3,2,6,1,1,1
51599,1,5,6,2,0,8,0,9,5,6,5
51600,5,8,3,1,6,0,7,1,4,4,7
51601,7,3,0,6,4,6,1,8,9,3,4
51602,4,5,8,9,3,4,3,0,8,7,3
51603,1,7,6,2,0,8,0,9,5,6,5
51604,0,4,3,0,2,0,4,1,4,8,0
51605,7,1,0,3,4,6,1,5,7,3,4
51606,1,7,6,2,0,8,0,9,5,6,5
51607,4,5,8,9,3,4,3,0,8,7,3
51608,6,5,2,7,1,5,9,2,3,2,9
51609,0,4,3,0,2,0,4,1,4,8,0
51610,7,1,0,3,4,6,1,5,7,3,4
51611,7,3,0,6,4,6,1,8,9,3,6
51612,9,9,9,2,7,1,5,7,2,0,5
51613,7,1,0,3,4,6,1,5,7,3,4
51614,6,5,2,7,1,5,9,3,3,2,3
51615,2,3,4,6,8,2,6,8,9,5,6
51616,7,1,0,3,4,6,1,5,7,3,4
51617,7,1,0,3,4,6,1,5,7,3,4
51618,4,5,4,9,3,2,3,8,9,5,3
51619,4,5,8,9,3,4,3,0,8,7,3
51620,3,6,1,8,5,3,2,6,0,1,7
51621,0,4,5,0,2,9,4,4,6,8,2
51622,0,4,7,1,2,7,4,1,4,8,0
51623,3,6,1,8,5,3,2,6,0,1,1
51624,4,5,8,9,3,4,3,0,8,7,3
51625,0,8,3,0,2,0,4,1,4,8,0
51626,7,1,0,3,4,6,1,5,7,3,4
51627,3,6,1,8,5,3,2,6,0,1,1
51628,4,6,8,8,3,4,3,0,0,7,7
51629,3,0,1,4,5,3,2,6,1,1,1
51630,9,9,9,2,7,1,5,7,2,0,5
51631,9,9,9,2,7,1,5,7,2,0,5
51632,5,8,3,1,6,0,7,1,4,4,7
51633,6,5,2,7,1,5,9,2,3,2,9
51634,0,4,5,0,2,9,4,1,4,8,2
51635,7,1,0,3,4,6,1,5,7,3,4
51636,8,2,5,5,9,9,8,4,6,9,2
51637,8,2,7,5,9,7,8,4,6,9,8
51638,3,6,1,8,5,3,2,6,0,1,1
51639,9,9,9,2,7,1,5,3,2,0,5
51640,7,1,3,3,4,0,1,1,4,3,4
51641,4,5,8,9,3,4,3,0,8,7,3
51642,6,5,2,7,1,5,9,2,3,2,9
51643,8,2,5,5,9,9,8,4,6,9,2
51644,0,4,6,0,2,8,4,9,5,8,0
51645,2,3,4,6,8,2,6,8,9,5,6
51646,2,3,4,6,8,2,6,8,9,5,6
51647,8,2,7,5,9,7,8,4,6,9,8
51648,4,5,8,9,3,4,3,0,8,7,3
51649,3,0,1,4,5,3,2,3,1,1,1
51650,0,4,3,0,2,0,4,1,4,8,2
51651,9,9,9,2,7,1,5,7,2,0,5
51652,0,5,8,0,2,4,4,1,8,8,0
51653,6,5,2,7,1,5,9,2,3,2,9
51654,8,2,7,5,9,7,8,4,6,9,8
51655,7,1,0,3,4,6,1,5,7,3,6
51656,1,7,6,2,0,8,0,9,5,6,5
51657,8,2,7,5,9,7,8,4,6,9,8
51658,6,5,2,7,1,5,9,2,3,2,9
51659,9,9,9,2,7,1,5,7,2,0,5
51660,6,5,2,7,1,5,9,2,3,2,9
51661,4,5,8,9,3,4,3,0,8,7,3
51662,4,5,8,9,3,4,3,0,8,7,3
51663,8,2,5,5,9,9,8,4,6,9,8
51664,4,5,8,9,3,4,3,0,8,7,3
51665,2,3,4,6,8,2,6,8,9,5,6
51666,1,7,6,2,0,8,0,9,5,6,5
51667,8,2,7,5,9,7,8,4,6,9,8
51668,7,1,0,3,4,6,1,5,7,3,4
51669,3,0,1,4,5,3,2,6,1,1,1
51670,2,3,4,6,8,2,6,8,9,5,6
51671,9,9,9,2,7,1,5,7,2,0,5
51672,1,7,6,2,0,8,0,9,5,6,5
51673,6,5,2,7,1,5,9,2,3,2,9
51674,7,1,0,3,4,6,1,5,7,3,4
51675,0,4,7,0,2,7,4,8,9,8,0
51676,4,5,8,9,3,4,3,0,8,7,3
51677,8,2,7,5,9,7,8,4,6,9,8
51678,5,8,3,1,6,0,7,1,4,4,0
51679,2,0,4,7,8,2,6,3,3,5,9
51680,7,1,0,3,4,6,1,5,7,3,4
51681,9,9,9,6,7,1,5,3,2,0,6
51682,6,9,2,7,1,5,9,2,3,2,9
51683,8,2,5,5,9,9,8,4,6,9,2
51684,8,2,7,5,9,7,8,4,6,9,8
51685,3,0,1,4,5,3,2,6,1,1,1
51686,2,3,4,6,8,2,6,8,9,5,6
51687,4,5,8,9,3,4,3,3,8,7,3
51688,0,4,7,0,2,7,4,4,6,8,0
51689,8,2,7,5,9,7,8,4,6,9,8
51690,4,5,8,9,3,4,3,0,8,7,3
51691,8,2,5,5,9,9,8,4,6,9,8
51692,7,1,0,3,4,6,1,5,7,3,4
51693,8,2,7,5,9,7,8,4,6,9,8
51694,5,8,3,1,6,0,7,1,4,4,7
51695,2,3,4,6,8,2,6,8,9,5,6
51696,4,5,8,9,3,4,3,0,8,7,3
51697,4,5,8,9,3,4,3,3,8,7,3
51698,0,4,3,0,2,0,4,1,4,8,2
51699,6,5,2,7,1,5,9,2,3,2,9
51700,4,5,8,9,3,4,3,3,8,7,3
51701,2,3,4,6,8,2,6,8,9,5,6
51702,6,5,2,7,1,5,9,2,3,2,9
51703,8,2,7,5,9,7,8,3,6,9,8
51704,5,8,3,1,6,0,7,1,4,4,2
51705,2,3,4,6,8,2,6,8,9,5,6
51706,7,1,0,3,4,6,1,5,7,3,4
51707,8,2,5,5,9,9,8,4,6,9,2
51708,5,8,3,1,6,0,7,1,4,4,7
51709,2,3,4,6,8,2,6,8,9,5,6
51710,1,7,6,2,0,8,0,9,5,6,5
51711,4,5,8,9,3,4,3,3,8,7,3
51712,5,8,3,1,6,0,7,1,4,4,0
51713,8,2,7,5,9,7,8,4,6,9,8
51714,1,7,6,2,0,8,0,9,5,6,5
51715,2,3,4,6,8,2,6,8,9,5,6
51716,0,4,7,0,2,7,4,1,4,8,0
51717,2,3,4,6,8,2,6,8,9,5,6
51718,7,3,3,6,4,0,1,8,9,3,0
51719,6,5,2,7,1,5,9,2,3,2,9
51720,8,2,4,5,9,2,8,3,9,9,8
51721,6,5,2,7,1,5,9,2,3,2,9
51722,0,4,4,0,2,2,4,3,5,8,0
51723,8,2,7,5,9,7,8,4,6,9,8
51724,1,7,6,2,0,8,0,9,5,6,5
51725,2,3,4,6,8,2,6,8,9,5,6
51726,7,1,0,3,4,6,1,5,7,3,4
51727,2,3,4,6,8,2,6,3,2,5,6
51728,5,5,8,1,6,4,7,0,8,4,7
51729,9,5,6,2,7,8,5,3,2,0,5
51730,5,8,3,1,6,0,7,6,4,4,7
51731,9,9,9,2,7,1,5,3,2,0,5
51732,7,1,0,3,4,6,1,5,7,3,4
51733,3,0,1,4,5,3,2,3,1,1,1
51734,4,5,8,9,3,4,3,0,8,7,3
51735,6,5,2,7,1,5,9,2,3,2,9
51736,4,5,8,9,3,4,3,0,8,7,3
51737,3,0,1,4,5,3,2,6,1,1,1
51738,9,9,9,2,7,1,5,3,2,0,5
51739,9,9,9,2,7,1,5,7,2,0,5
51740,9,2,9,2,7,1,5,4,2,0,5
51741,9,9,9,2,7,1,5,7,2,0,5
51742,9,9,9,2,7,1,5,7,2,0,5
51743,6,5,2,7,1,5,9,2,3,2,9
51744,7,1,0,3,4,6,1,5,7,3,4
51745,4,5,8,9,3,4,3,3,8,7,3
51746,9,3,9,2,7,1,5,8,9,0,5
51747,2,3,4,6,8,2,6,8,9,5,6
51748,6,5,2,7,1,5,9,2,3,2,9
51749,9,9,9,2,7,1,5,7,2,0,5
51750,1,7,6,2,0,8,0,9,5,6,5
51751,6,5,2,7,1,5,9,2,3,2,9
51752,8,4,5,0,2,9,4,4,6,8,2
51753,2,0,4,4,8,2,6,3,1,5,6
51754,2,3,4,6,8,2,6,8,9,5,6
51755,9,9,9,2,7,1,5,3,2,0,5
51756,7,1,0,3,4,6,1,5,7,3,4
51757,8,2,7,5,9,7,8,4,6,9,8
51758,2,0,4,4,8,2,6,3,1,5,6
51759,8,2,7,5,9,7,8,4,6,9,8
51760,6,5,2,7,1,5,9,2,3,2,9
51761,5,8,3,1,6,0,7,1,4,4,7
51762,7,1,0,3,4,6,1,5,7,3,4
51763,2,3,4,6,8,2,6,8,9,5,6
51764,4,5,8,9,3,4,3,0,8,7,3
51765,8,2,5,5,9,9,8,4,6,9,8
51766,1,7,6,0,0,8,0,9,5,6,2
51767,9,9,9,2,7,1,5,7,2,0,5
51768,7,1,0,3,4,6,1,5,7,3,4
51769,9,9,9,6,7,1,5,7,2,0,6
51770,5,8,3,1,6,0,7,1,4,4,7
51771,2,3,4,6,8,2,6,3,9,5,6
51772,1,7,6,2,0,8,0,9,5,6,5
51773,2,3,4,6,8,2,6,8,9,5,6
51774,3,6,1,8,5,3,2,6,0,1,1
51775,9,9,9,2,7,1,5,3,2,0,5
51776,7,1,0,3,4,6,1,5,7,3,4
51777,3,0,1,4,5,3,2,6,1,1,1
51778,4,5,8,9,3,4,3,3,8,7,3
51779,9,9,9,2,7,1,5,7,2,0,5
51780,0,4,3,0,2,0,4,1,4,8,0
51781,9,9,9,2,7,1,5,7,2,0,5
51782,7,1,0,3,4,6,1,5,7,3,4
51783,8,2,7,5,9,7,8,4,6,9,0
51784,1,7,6,2,0,8,0,9,5,6,5
51785,9,3,9,6,7,1,5,7,2,0,6
51786,6,3,2,7,1,5,9,2,3,2,9
51787,6,5,2,7,1,5,9,2,3,2,9
51788,4,5,8,9,3,4,3,0,8,7,7
51789,3,0,1,4,5,3,2,3,1,1,1
51790,7,1,0,3,4,6,1,5,7,3,4
51791,8,2,7,5,9,7,8,4,6,9,8
51792,7,1,0,3,4,6,1,8,7,3,4
51793,9,9,9,2,7,1,5,3,2,0,5
51794,8,2,4,5,9,2,8,4,6,9,6
51795,9,9,9,2,7,2,5,3,2,0,5
51796,0,4,7,0,2,7,4,1,4,8,0
51797,3,0,1,4,5,3,2,3,1,1,1
51798,2,3,4,6,8,2,6,8,9,5,6
51799,2,3,4,6,8,2,6,8,9,5,6
51800,0,4,7,0,2,7,4,1,4,8,0
51801,9,9,9,2,7,1,5,7,2,0,5
51802,0,4,5,0,2,9,4,4,6,8,2
51803,9,9,9,2,7,1,5,7,2,0,5
51804,5,5,2,7,1,5,7,2,3,2,7
51805,4,5,8,9,3,4,3,0,8,7,3
51806,0,4,5,0,2,9,4,4,6,8,2
51807,8,2,5,5,9,9,8,4,6,9,7
51808,6,5,2,7,1,5,9,2,3,2,9
51809,3,0,1,4,5,3,2,6,1,1,1
51810,6,5,2,7,1,5,9,2,3,2,9
51811,7,1,0,3,4,6,1,5,7,3,4
51812,5,8,3,1,6,0,7,1,4,4,0
51813,9,9,9,2,7,1,5,7,2,0,5
51814,5,8,3,1,6,0,7,1,4,4,7
51815,3,0,1,4,5,3,2,6,1,1,1
51816,7,1,0,3,4,6,1,5,7,3,4
51817,9,9,7,5,7,7,5,7,2,0,8
51818,7,1,0,3,4,6,1,5,7,3,4
51819,3,0,1,4,5,3,2,6,1,1,1
51820,5,8,3,1,6,0,7,1,4,4,7
51821,1,7,6,2,0,8,0,3,5,6,8
51822,7,1,0,3,4,6,1,5,7,3,4
51823,8,2,7,5,9,7,8,4,6,9,8
51824,3,6,1,8,5,3,2,6,0,1,1
51825,8,2,5,5,9,9,8,4,6,9,8
51826,2,3,4,6,8,2,6,3,9,5,6
51827,8,2,7,5,9,7,8,4,6,9,8
51828,7,1,0,3,4,6,1,5,7,3,4
51829,0,4,5,0,2,9,4,1,4,8,2
51830,7,1,0,3,4,6,1,5,7,3,4
51831,3,6,1,8,5,3,2,6,0,1,1
51832,9,9,9,2,7,1,5,7,2,0,5
51833,9,9,9,2,7,1,5,7,2,0,5
51834,3,6,1,8,5,3,2,6,0,1,1
51835,6,5,2,7,1,5,9,2,3,2,9
51836,1,7,6,2,0,8,0,9,5,6,5
51837,7,1,0,3,4,6,1,5,7,3,4
51838,0,4,7,0,2,7,4,1,4,8,0
51839,0,4,5,0,2,9,4,4,6,8,2
51840,1,7,6,2,0,8,0,9,5,6,5
51841,2,3,4,6,8,2,6,8,9,5,6
51842,5,8,3,1,6,0,7,1,4,4,7
51843,8,2,7,5,9,7,8,4,6,9,0
51844,2,3,4,6,8,2,6,8,9,5,6
51845,3,6,1,8,5,3,2,6,0,1,1
51846,7,1,0,3,4,6,1,5,7,3,4
51847,9,9,9,2,7,1,5,7,2,0,5
51848,1,7,6,2,0,8,0,9,5,6,5
51849,6,5,2,7,1,5,9,2,3,2,9
51850,2,3,4,6,8,2,6,8,9,5,6
51851,7,1,0,3,4,6,1,5,7,3,4
51852,0,4,7,0,2,7,4,1,4,8,0
51853,5,2,7,5,9,7,8,4,6,9,8
51854,5,8,3,1,6,0,7,1,4,4,0
51855,2,0,4,6,8,2,6,3,9,5,6
51856,9,9,9,2,7,1,5,7,2,0,5
51857,4,5,8,9,3,4,3,0,8,7,3
51858,8,2,5,5,9,9,8,4,6,9,8
51859,0,4,5,0,2,9,4,4,6,8,2
51860,5,8,3,1,6,0,7,1,4,4,7
51861,2,5,4,6,8,2,6,8,9,5,6
51862,1,7,6,2,0,8,0,9,5,6,5
51863,8,2,7,5,9,7,8,4,2,9,8
51864,7,1,0,3,4,6,1,8,7,3,4
51865,3,6,1,8,5,3,2,6,0,1,1
51866,3,6,1,8,5,3,2,6,0,1,1
51867,9,9,9,2,7,1,5,7,2,0,5
51868,0,4,3,0,2,0,4,1,4,8,0
51869,6,5,2,7,1,5,9,2,3,2,9
51870,6,5,2,7,1,5,9,2,3,2,9
51871,7,1,0,3,4,6,1,5,7,3,4
51872,9,5,9,2,7,2,5,3,2,0,3
51873,8,2,7,5,9,7,8,4,6,9,8
51874,2,3,4,6,8,2,6,8,9,5,6
51875,9,9,9,2,7,1,5,3,2,0,5
51876,1,7,6,2,0,8,0,9,5,6,5
51877,4,5,8,9,3,4,3,0,8,7,3
51878,2,3,4,6,8,2,6,8,9,5,6
51879,0,4,5,0,2,9,4,4,6,8,2
51880,2,3,4,6,8,2,6,8,9,5,6
51881,2,3,4,6,8,2,6,8,9,5,6
51882,1,7,6,2,0,8,0,9,5,6,5
51883,3,6,1,8,5,3,2,6,0,1,1
51884,6,5,2,7,1,5,9,2,3,2,9
51885,8,2,5,5,9,9,8,4,6,9,8
51886,1,7,6,2,0,8,0,9,5,6,5
51887,2,3,4,6,8,2,6,3,9,5,6
51888,1,7,6,2,0,8,0,9,5,6,5
51889,3,0,1,4,5,3,2,6,1,1,1
51890,7,1,0,3,4,6,1,5,7,3,4
51891,2,3,4,6,8,2,6,8,9,5,6
51892,2,0,4,6,8,2,6,3,9,5,6
51893,8,2,7,5,9,7,8,4,6,9,8
51894,5,8,3,1,6,0,7,1,4,4,0
51895,9,9,9,2,7,1,5,7,2,0,5
51896,7,1,0,3,4,6,1,5,7,3,4
51897,2,3,4,6,8,2,6,8,9,5,6
51898,1,7,6,2,0,8,0,9,5,6,5
51899,2,3,4,6,8,2,6,8,9,5,6
51900,9,9,9,2,7,1,5,7,2,0,5
51901,9,9,9,2,7,1,5,7,2,0,5
51902,5,8,3,1,6,0,7,1,4,4,0
51903,7,1,0,3,4,6,1,5,7,3,4
51904,7,1,0,3,4,6,1,5,7,3,4
51905,1,7,6,2,0,8,0,9,5,6,5
51906,2,3,3,6,8,0,6,8,9,5,0
51907,2,3,4,6,8,2,6,8,9,5,6
51908,1,7,6,2,0,8,0,9,5,6,5
51909,7,1,0,3,4,6,1,5,7,3,4
51910,5,8,3,1,6,0,7,1,4,4,7
51911,0,4,5,0,2,9,4,4,6,8,2
51912,4,5,8,9,3,4,3,0,8,7,3
51913,0,4,7,0,2,7,4,4,6,8,0
51914,8,2,7,5,9,7,8,4,6,9,8
51915,6,1,2,7,1,5,9,2,3,2,9
51916,8,2,5,5,9,9,8,4,6,9,2
51917,3,6,1,8,5,3,2,6,0,1,1
51918,7,1,0,3,4,6,1,5,7,3,4
51919,0,4,7,0,2,7,4,4,6,8,0
51920,4,5,8,9,3,4,3,0,8,7,3
51921,8,2,7,5,9,7,8,4,6,9,8
51922,6,5,2,7,1,5,9,2,3,2,9
51923,0,4,7,0,2,7,4,4,6,8,0
51924,9,9,9,2,7,1,5,3,2,0,5
51925,3,0,1,4,5,3,2,6,1,1,1
51926,5,8,3,1,6,0,7,1,4,4,0
51927,8,2,5,5,9,9,8,4,6,9,2
51928,2,1,4,3,8,2,6,5,7,5,6
51929,5,8,3,1,6,0,7,1,4,4,7
51930,0,4,3,0,2,0,4,1,4,8,0
51931,6,5,2,7,1,5,9,2,3,2,9
51932,1,7,6,2,0,8,0,7,5,6,5
51933,2,3,4,6,8,2,6,8,9,5,6
51934,7,1,0,3,4,6,1,5,7,3,4
51935,8,2,5,5,9,9,8,4,6,9,2
51936,1,7,6,2,0,8,0,9,5,6,5
51937,6,5,2,7,1,5,9,2,3,2,9
51938,5,8,3,1,6,0,7,1,4,4,7
51939,8,2,7,5,9,7,8,4,6,9,8
51940,7,1,0,3,4,6,1,5,7,3,4
51941,0,4,5,0,2,9,4,1,4,8,2
51942,0,4,6,0,2,8,4,4,6,8,0
51943,2,3,4,6,8,2,6,8,9,5,6
51944,0,4,7,0,2,7,4,4,6,8,0
51945,8,4,7,5,9,7,8,4,6,9,0
51946,7,1,0,3,4,6,1,5,7,3,4
51947,7,1,0,3,4,6,1,5,7,3,4
51948,7,3,0,6,4,6,1,8,9,3,4
51949,9,9,9,2,7,1,5,7,2,0,5
51950,2,1,4,3,8,2,6,5,9,5,6
51951,5,8,7,1,6,7,7,1,4,4,7
51952,1,7,6,2,0,8,0,9,5,6,5
51953,4,5,8,9,3,4,3,0,8,7,3
51954,0,4,5,0,2,9,4,8,6,8,0
51955,4,5,8,9,3,4,3,3,8,7,3
51956,5,8,3,1,6,0,7,1,4,4,7
51957,6,5,2,7,1,5,9,2,3,2,9
51958,9,9,9,2,7,1,5,7,2,0,5
51959,6,5,2,7,1,5,9,2,3,2,9
51960,4,5,8,9,3,4,3,3,8,7,3
51961,6,5,2,7,1,5,9,2,3,2,9
51962,0,4,7,0,2,7,4,4,6,8,0
51963,4,5,8,9,3,4,3,3,8,7,3
51964,8,2,5,5,9,9,8,4,6,9,8
51965,4,5,8,9,3,4,3,0,8,7,3
51966,5,8,3,1,6,0,7,1,4,4,7
51967,8,2,5,5,9,9,8,4,6,9,2
51968,7,1,0,3,4,6,1,5,7,3,4
51969,2,3,4,6,8,2,6,8,9,5,6
51970,2,9,4,2,8,2,6,3,2,5,6
51971,0,4,5,0,2,9,4,4,6,8,2
51972,7,1,0,3,4,6,1,5,7,3,4
51973,2,3,4,6,8,2,6,3,9,5,6
51974,5,8,3,1,6,0,7,1,4,4,2
51975,9,9,9,2,7,1,5,7,2,0,5
51976,7,1,0,7,4,6,1,2,3,3,4
51977,4,5,8,9,3,4,3,0,8,7,3
51978,3,6,1,8,5,3,2,6,0,1,1
51979,5,8,3,1,6,0,7,1,4,4,7
51980,3,0,1,4,5,3,2,3,1,1,1
51981,8,2,7,5,9,7,8,4,6,9,8
51982,5,8,3,1,6,0,7,1,4,4,7
51983,6,5,2,7,1,5,9,2,3,2,9
51984,8,2,5,5,9,9,8,4,6,9,2
51985,8,2,7,5,9,7,8,4,6,9,8
51986,3,0,1,4,5,3,2,6,1,1,1
51987,6,5,2,7,1,5,9,3,3,2,9
51988,1,7,6,0,0,8,0,9,5,6,0
51989,9,9,9,2,7,1,5,3,2,0,5
51990,7,1,0,3,4,6,1,5,7,3,4
51991,2,3,4,7,8,2,6,2,3,5,6
51992,3,6,1,8,5,3,2,6,0,1,1
51993,4,5,8,9,3,4,3,0,8,7,3
51994,7,1,0,3,4,6,1,5,7,3,4
51995,4,5,8,9,3,4,3,0,8,7,3
51996,0,4,5,0,2,9,4,1,4,8,2
51997,3,0,1,4,5,3,2,6,1,1,1
51998,1,7,6,2,0,8,0,9,5,6,5
51999,3,6,1,8,5,3,2,6,0,1,1
52000,4,5,8,9,3,4,3,3,8,7,3
52001,6,5,2,7,1,5,9,2,3,2,9
52002,1,7,6,2,0,8,0,9,5,6,5
52003,2,3,4,6,8,2,6,8,9,5,6
52004,3,0,1,4,5,3,2,6,1,1,1
52005,4,5,8,9,3,4,3,0,8,7,3
52006,3,0,1,4,5,3,2,6,1,1,1
52007,8,2,7,5,9,7,8,4,6,9,8
52008,0,4,3,0,2,0,4,1,4,8,2
52009,0,4,7,0,2,7,4,4,6,8,0
52010,0,4,5,0,2,9,4,4,6,8,2
52011,6,5,2,7,1,5,9,2,3,2,9
52012,7,1,0,3,4,6,1,5,7,3,4
52013,0,4,5,0,2,9,4,1,4,8,2
52014,9,9,9,2,7,1,5,7,2,0,5
52015,8,2,7,5,9,7,8,4,6,9,0
52016,6,5,2,7,1,5,9,2,3,2,9
52017,0,4,5,0,2,9,4,4,6,8,2
52018,0,4,7,0,2,7,4,4,6,8,0
52019,2,3,4,6,8,2,6,3,9,5,6
52020,1,7,6,2,0,8,0,9,5,6,5
52021,2,0,4,4,8,2,6,3,1,5,6
52022,1,7,6,2,0,8,0,9,5,6,5
52023,6,5,2,7,1,5,9,2,3,2,9
52024,5,8,3,1,6,0,7,1,4,4,7
52025,6,5,2,7,1,5,9,2,3,2,9
52026,8,2,7,5,9,7,8,3,6,9,8
52027,7,1,0,3,4,6,1,5,7,3,4
52028,3,6,1,8,5,3,2,6,0,1,1
52029,4,5,8,9,3,4,3,3,8,7,3
52030,5,8,3,1,6,0,7,1,4,4,0
52031,9,9,9,2,7,1,5,7,2,0,5
52032,1,7,6,2,0,8,0,9,5,6,5
52033,2,3,7,6,8,7,6,8,9,5,8
52034,0,4,6,0,2,8,4,9,5,8,0
52035,6,1,2,7,1,5,9,2,3,2,9
52036,3,6,1,8,5,3,2,6,0,1,1
52037,2,3,4,6,8,2,6,8,9,5,6
52038,7,1,0,3,4,6,1,5,7,3,4
52039,4,0,8,4,3,4,3,3,1,7,3
52040,9,9,9,2,7,1,5,3,2,0,5
52041,7,1,0,3,4,6,1,5,7,3,4
52042,1,7,6,2,0,8,0,9,5,6,5
52043,2,2,4,5,8,2,6,3,6,5,8
52044,2,1,4,3,8,2,6,5,7,5,6
52045,3,6,1,8,5,3,2,6,0,1,1
52046,1,7,6,2,0,8,0,9,5,6,5
52047,3,6,1,8,5,3,2,6,0,1,1
52048,4,5,8,9,3,4,3,0,8,7,7
52049,4,5,8,9,3,4,3,0,8,7,3
52050,2,3,4,6,8,2,6,8,9,5,6
52051,9,9,9,2,7,1,5,7,2,0,5
52052,5,8,3,1,6,0,7,1,4,4,7
52053,6,5,2,7,1,5,9,0,3,2,7
52054,4,5,8,9,3,4,3,0,8,7,3
52055,0,4,7,0,2,7,4,1,4,8,0
52056,1,7,6,2,0,8,0,9,5,6,5
52057,2,3,4,6,8,2,6,8,9,5,6
52058,1,7,6,2,0,8,0,9,5,6,5
52059,6,9,2,7,1,5,9,3,2,2,9
52060,0,4,7,0,2,7,4,4,6,8,0
52061,0,4,3,0,2,0,4,1,4,8,0
52062,1,7,6,2,0,8,0,9,5,6,5
52063,8,2,7,5,9,7,8,4,6,9,8
52064,2,0,4,4,8,2,6,8,1,5,6
52065,8,2,5,5,9,9,8,3,6,9,8
52066,4,5,8,9,3,4,3,0,8,7,3
52067,2,3,4,6,8,2,6,8,9,5,6
52068,9,9,9,2,7,1,5,7,5,0,5
52069,4,5,8,9,3,4,3,0,8,7,3
52070,1,7,6,2,0,8,0,9,5,6,5
52071,0,4,5,0,2,9,4,4,6,8,2
52072,2,3,4,6,8,2,6,8,9,5,6
52073,9,9,9,2,7,1,5,7,2,0,5
52074,5,8,3,1,6,0,7,1,4,4,7
52075,9,9,9,2,7,1,5,7,2,0,5
52076,4,5,8,9,3,4,3,3,8,7,3
52077,0,4,3,0,2,0,4,1,4,8,2
52078,1,7,6,2,0,8,0,9,5,6,5
52079,3,0,1,4,5,3,2,3,1,1,1
52080,7,3,0,6,4,6,1,8,9,3,4
52081,9,9,9,2,7,1,5,7,2,0,5
52082,1,7,6,2,0,8,0,9,5,6,5
52083,5,8,3,1,6,0,7,1,4,4,0
52084,1,7,6,2,0,8,0,9,5,6,5
52085,2,3,4,6,8,2,6,8,9,5,6
52086,5,8,3,1,6,0,7,1,4,4,7
52087,5,5,7,1,7,7,7,3,2,0,8
52088,1,7,6,2,0,8,0,9,5,6,5
52089,9,9,9,2,7,1,5,7,2,0,5
52090,7,1,0,3,4,6,1,5,7,3,4
52091,9,9,9,5,7,1,5,3,2,0,8
52092,5,8,3,1,6,0,7,1,4,4,7
52093,8,2,7,5,9,7,8,4,6,9,8
52094,5,8,3,1,6,0,7,1,4,4,7
52095,8,2,7,5,9,7,8,3,6,9,8
52096,7,1,0,3,4,6,1,5,7,3,4
52097,9,9,9,2,7,1,5,7,2,0,5
52098,7,1,0,3,4,6,1,5,7,3,4
52099,5,8,3,1,6,0,7,1,4,4,7
52100,1,5,6,2,3,8,0,9,8,6,5
52101,2,3,4,6,8,2,6,8,9,5,6
52102,4,5,8,9,3,4,3,0,8,7,3
52103,8,2,7,5,9,7,8,4,6,9,8
52104,7,1,0,3,4,6,1,5,7,3,4
52105,9,0,9,4,7,1,5,3,1,0,8
52106,3,6,1,8,5,3,2,6,0,1,1
52107,9,9,9,2,7,1,5,7,2,0,5
52108,7,8,3,1,4,0,1,1,4,3,4
52109,5,8,3,1,6,0,7,1,4,4,0
52110,1,7,5,2,0,9,0,9,5,6,5
52111,2,3,4,6,8,2,6,3,9,5,6
52112,0,4,7,0,2,7,4,4,6,8,0
52113,9,9,9,2,7,1,5,7,2,0,8
52114,3,6,1,8,5,3,2,6,0,1,1
52115,9,9,9,2,7,1,5,7,2,0,5
52116,7,1,0,3,4,6,1,5,7,3,4
52117,8,2,7,5,9,7,8,4,9,9,8
52118,6,5,2,7,1,5,9,2,3,2,9
52119,9,9,9,2,7,1,5,7,2,0,5
52120,1,7,6,2,0,8,0,9,5,6,5
52121,9,9,9,2,7,1,5,7,2,0,5
52122,0,4,4,0,2,2,4,8,9,8,0
52123,8,2,7,5,9,7,8,4,6,9,8
52124,0,4,5,0,2,9,4,4,6,8,2
52125,9,9,9,2,7,1,5,3,2,0,3
52126,2,3,4,6,8,2,6,8,9,5,6
52127,8,2,7,5,9,7,8,4,6,9,8
52128,5,8,3,1,6,0,7,1,4,4,0
52129,9,9,9,2,7,1,5,7,2,0,5
52130,3,6,1,8,5,3,2,6,0,1,1
52131,9,9,9,2,7,1,5,7,2,0,5
52132,7,1,0,3,4,6,1,5,7,3,4
52133,8,0,7,4,9,7,8,3,1,9,8
52134,2,1,4,3,8,2,6,3,7,5,6
52135,8,0,7,4,9,7,8,3,1,9,8
52136,1,7,6,2,0,8,0,9,5,6,5
52137,8,2,7,5,9,7,8,4,6,9,8
52138,0,4,6,0,2,8,4,9,5,8,0
52139,8,2,7,5,9,7,8,4,6,9,8
52140,8,2,7,5,9,7,8,4,6,9,8
52141,9,9,9,2,7,1,5,3,2,0,5
52142,1,7,6,2,0,8,0,9,5,6,5
52143,9,9,9,2,7,1,5,7,2,0,5
52144,5,5,5,1,6,9,7,0,8,4,7
52145,4,5,8,9,3,4,3,3,8,7,3
52146,5,8,3,1,6,0,7,1,4,4,7
52147,8,2,5,5,9,9,8,4,6,9,8
52148,5,8,3,1,6,0,7,1,4,4,7
52149,8,2,7,5,9,7,8,4,6,9,8
52150,9,9,9,2,7,1,5,3,2,0,5
52151,8,2,7,5,9,7,8,4,6,9,8
52152,8,2,5,5,9,9,8,4,6,9,8
52153,6,5,2,7,1,5,9,2,3,2,9
52154,2,0,4,4,8,2,6,3,1,5,6
52155,8,2,7,5,9,7,8,3,6,9,8
52156,4,5,8,9,3,4,3,3,8,7,3
52157,2,3,4,6,8,2,6,8,9,5,6
52158,8,2,7,5,9,7,8,4,6,9,8
52159,9,9,9,2,7,1,5,3,2,0,8
52160,7,1,0,3,4,6,1,5,7,3,4
52161,3,0,1,4,5,3,2,3,1,1,1
52162,8,2,5,2,9,9,8,4,6,9,5
52163,9,9,9,2,7,1,5,3,2,0,8
52164,7,1,0,3,4,6,1,5,7,3,4
52165,9,2,7,5,9,7,8,7,2,9,8
52166,0,4,7,0,2,7,4,1,4,8,0
52167,9,9,9,2,7,1,5,7,2,0,5
52168,7,1,0,3,4,6,1,5,7,3,4
52169,5,8,3,1,6,0,7,1,4,4,7
52170,7,1,0,3,4,6,1,5,7,3,4
52171,2,3,4,6,8,2,6,3,2,5,8
52172,0,4,7,0,2,7,4,1,4,8,0
52173,9,9,9,2,7,1,5,7,2,0,5
52174,1,7,6,2,0,8,0,9,5,6,5
52175,9,9,9,7,7,1,5,7,2,0,9
52176,8,2,5,5,9,9,8,4,6,9,8
52177,9,9,9,2,7,1,5,7,2,0,5
52178,8,2,5,5,9,9,8,4,6,9,2
52179,3,0,1,4,5,3,2,3,1,1,8
52180,0,4,7,0,2,7,4,1,4,8,0
52181,8,2,5,5,9,9,8,4,6,9,8
52182,3,6,1,8,5,3,2,6,0,1,1
52183,4,5,8,9,3,4,3,3,8,7,3
52184,5,8,3,1,6,0,7,1,4,4,7
52185,3,0,1,4,5,3,2,6,1,1,1
52186,9,9,9,3,7,1,5,7,2,0,4
52187,9,9,9,2,7,1,5,7,2,0,5
52188,1,7,6,2,0,8,0,9,5,6,5
52189,9,9,9,7,7,1,5,7,2,0,9
52190,7,1,0,3,4,6,1,5,7,3,4
52191,2,9,4,2,8,2,6,3,2,5,5
52192,7,1,0,3,4,6,1,5,7,3,4
52193,8,2,7,5,9,7,8,4,6,9,8
52194,4,5,8,9,3,4,3,0,8,7,3
52195,8,2,4,5,9,2,8,3,6,9,8
52196,8,4,5,0,2,9,4,4,6,8,2
52197,9,9,9,2,7,1,5,7,2,0,5
52198,4,5,8,9,3,4,3,3,8,7,3
52199,8,2,5,5,9,9,8,4,6,9,5
52200,5,8,3,1,6,0,7,1,4,4,7
52201,9,3,9,2,7,1,5,7,2,0,5
52202,3,6,1,8,5,3,2,6,0,1,1
52203,8,2,6,2,9,8,8,4,6,9,8
52204,5,6,1,8,5,3,7,6,0,1,7
52205,9,9,9,2,7,1,5,7,2,0,5
52206,5,5,8,1,6,4,7,0,8,4,7
52207,6,5,2,7,1,5,9,2,3,2,9
52208,6,3,2,6,1,5,9,8,9,2,9
52209,7,1,0,3,4,6,1,5,7,3,6
52210,0,4,7,0,2,7,4,1,4,8,0
52211,8,2,7,5,9,7,8,4,6,9,8
52212,4,5,8,9,3,4,3,0,8,7,3
52213,2,3,4,6,8,2,6,3,2,5,6
52214,0,4,3,0,2,0,4,1,4,8,0
52215,1,7,6,2,0,8,0,3,5,6,5
52216,5,8,3,1,6,0,7,1,4,4,7
52217,8,2,5,5,9,9,8,4,6,9,8
52218,4,1,8,9,3,4,3,0,8,7,3
52219,9,9,9,2,7,1,5,7,2,0,8
52220,9,9,9,2,7,1,5,7,2,0,5
52221,2,0,4,4,8,2,6,3,1,5,1
52222,5,8,3,1,6,0,7,1,4,4,0
52223,9,9,9,2,7,1,5,7,2,0,5
52224,6,5,2,7,1,5,9,2,3,2,9
52225,5,5,7,1,6,7,7,1,4,4,0
52226,3,0,1,4,5,3,2,6,1,1,1
52227,2,1,4,3,8,2,6,5,7,5,6
52228,7,1,0,3,4,6,1,5,7,3,4
52229,8,2,7,5,9,7,8,4,6,9,8
52230,0,4,7,0,2,7,4,4,6,8,0
52231,2,3,4,6,8,2,6,3,9,5,6
52232,8,2,9,5,9,1,8,7,2,9,8
52233,1,7,6,2,0,8,0,9,5,6,5
52234,1,7,6,2,0,8,0,9,5,6,5
52235,8,2,5,5,9,9,8,4,6,9,2
52236,5,8,3,1,6,0,7,1,4,4,7
52237,9,9,9,2,7,1,5,7,2,0,5
52238,3,6,1,8,5,3,2,6,0,1,1
52239,8,4,7,0,2,7,8,4,6,8,0
52240,7,1,0,3,4,6,1,5,7,3,4
52241,2,3,7,6,8,7,6,8,9,5,0
52242,7,1,0,3,4,6,1,5,7,3,4
52243,9,9,9,2,7,1,5,9,2,0,5
52244,1,7,6,2,0,8,0,9,5,6,5
52245,8,2,4,5,8,2,8,3,6,5,8
52246,0,4,7,0,2,7,4,9,5,8,0
52247,2,3,4,6,8,2,6,3,9,5,6
52248,1,7,6,2,0,8,0,9,5,6,5
52249,0,4,5,0,2,9,4,4,6,8,2
52250,2,3,4,6,8,2,6,8,9,5,6
52251,6,5,2,7,1,5,9,2,3,2,9
52252,7,1,0,3,4,6,1,5,7,3,4
52253,4,7,6,2,3,8,3,3,8,7,3
52254,1,7,6,2,0,8,0,9,5,6,5
52255,9,9,9,2,7,1,5,7,2,0,5
52256,0,4,5,0,2,9,4,1,4,8,2
52257,9,9,9,2,7,1,5,3,2,0,5
52258,0,4,3,0,2,0,4,1,4,8,0
52259,9,9,9,2,7,1,5,7,2,0,5
52260,0,4,3,0,2,0,4,1,4,8,0
52261,8,2,5,5,9,9,8,4,6,9,8
52262,9,9,9,2,7,1,5,7,2,0,5
52263,4,5,8,9,3,4,3,3,8,7,3
52264,7,1,0,3,4,6,1,5,7,3,4
52265,9,7,6,2,7,8,5,3,2,0,5
52266,2,3,4,6,8,2,6,8,9,5,6
52267,8,2,7,5,9,7,8,4,6,9,8
52268,9,9,9,2,7,1,5,7,2,0,5
52269,2,3,4,6,8,2,6,5,9,5,6
52270,0,4,3,0,2,0,4,1,4,8,0
52271,6,9,2,7,1,5,9,2,3,2,9
52272,7,1,0,3,4,6,1,5,7,3,4
52273,4,7,8,9,3,4,3,3,8,7,3
52274,5,8,3,1,6,0,7,1,4,4,7
52275,9,9,9,2,7,1,5,7,2,0,5
52276,3,6,1,8,5,3,2,6,0,1,1
52277,0,4,7,0,2,7,4,4,6,8,0
52278,1,7,6,2,0,8,0,9,5,6,5
52279,1,7,6,2,0,8,0,9,5,6,5
52280,8,3,4,6,9,2,8,8,9,9,6
52281,7,1,0,3,4,6,1,5,7,3,9
52282,4,5,8,9,3,4,3,0,8,7,3
52283,2,3,4,6,8,2,6,8,9,5,6
52284,2,3,4,6,8,2,6,8,9,5,6
52285,2,3,4,6,8,2,6,8,9,5,6
52286,5,8,3,1,6,0,7,1,4,4,7
52287,6,5,2,7,1,5,9,3,3,2,9
52288,3,6,1,8,5,3,2,6,0,1,1
52289,3,0,1,4,5,3,2,3,1,1,1
52290,1,7,6,2,0,8,0,9,5,6,5
52291,9,9,9,2,7,1,5,7,2,0,5
52292,1,7,6,0,0,8,0,9,5,6,0
52293,8,2,7,5,9,7,8,4,6,9,8
52294,5,6,8,8,6,4,7,0,0,4,7
52295,2,3,4,6,8,2,6,8,9,5,6
52296,7,3,0,6,4,6,1,8,9,3,4
52297,4,5,8,9,3,4,3,3,8,7,3
52298,7,8,3,3,6,0,1,1,4,4,4
52299,0,4,7,0,2,7,4,1,4,8,0
52300,7,1,0,3,4,6,1,5,7,3,4
52301,0,4,5,0,2,9,4,4,6,8,2
52302,8,2,5,5,9,9,8,4,6,9,2
52303,2,3,4,6,8,2,6,8,9,5,6
52304,8,2,5,5,9,9,8,4,6,9,8
52305,3,0,1,4,5,3,2,6,1,1,1
52306,5,8,2,1,6,5,7,2,3,4,7
52307,7,1,0,3,4,6,1,5,7,3,4
52308,5,8,3,1,6,0,7,1,4,4,7
52309,9,9,9,2,7,1,5,7,2,0,5
52310,2,3,4,6,8,2,6,8,9,5,6
52311,0,4,7,0,2,7,4,4,6,8,0
52312,3,6,1,8,5,3,2,6,0,1,1
52313,3,0,1,4,5,3,2,6,1,1,1
52314,7,1,0,3,4,6,1,5,7,3,4
52315,0,4,7,0,2,7,4,4,6,8,0
52316,9,9,9,2,7,1,5,7,2,0,5
52317,9,9,9,2,7,1,5,7,2,0,5
52318,3,0,1,4,5,3,2,6,1,1,1
52319,6,5,7,7,1,7,9,3,3,2,9
52320,3,0,1,4,5,3,2,6,1,1,1
52321,8,2,5,5,9,9,8,4,6,9,2
52322,5,8,3,1,6,0,7,1,4,4,7
52323,3,6,1,4,5,3,2,6,1,1,1
52324,0,4,5,0,2,9,4,1,4,8,2
52325,9,9,9,2,7,1,5,7,2,0,5
52326,7,1,0,3,4,6,1,5,7,3,4
52327,7,1,0,3,4,6,1,5,7,3,4
52328,0,4,7,0,2,7,4,1,4,8,0
52329,2,3,4,6,8,2,6,8,9,5,6
52330,0,4,5,0,2,9,4,1,4,8,2
52331,6,3,2,7,1,5,9,2,3,2,9
52332,7,1,0,3,4,6,1,5,7,3,4
52333,8,2,7,5,9,7,8,4,6,9,8
52334,9,9,9,2,7,1,5,7,2,0,5
52335,6,5,2,7,1,5,9,2,3,2,9
52336,2,0,4,4,8,2,6,3,1,5,6
52337,8,2,5,5,9,9,8,4,6,9,8
52338,4,5,8,9,3,4,3,0,8,7,3
52339,0,4,5,0,2,9,4,4,6,8,2
52340,0,4,7,0,2,7,4,4,6,8,0
52341,0,4,7,0,2,7,4,4,6,8,0
52342,1,7,6,2,0,8,0,9,5,6,5
52343,9,9,9,2,7,1,5,7,2,0,8
52344,0,4,7,0,2,7,4,4,6,8,0
52345,6,5,2,7,1,5,9,2,3,2,9
52346,5,8,3,1,6,0,7,1,4,4,7
52347,2,0,4,2,8,2,6,3,9,5,6
52348,5,8,3,1,6,0,7,1,4,4,7
52349,2,3,4,6,8,2,6,8,9,5,6
52350,7,1,0,3,4,6,1,5,7,3,4
52351,1,7,6,2,0,8,0,3,5,6,5
52352,2,3,4,6,8,2,6,8,9,5,6
52353,1,7,6,2,0,8,0,3,5,6,5
52354,3,0,1,4,5,3,2,6,1,1,1
52355,8,2,7,5,9,7,8,4,6,9,8
52356,5,8,3,1,6,0,7,1,4,4,0
52357,0,4,7,0,2,7,4,4,6,8,0
52358,5,8,3,1,6,0,7,1,4,4,7
52359,9,9,9,2,7,1,5,7,2,0,5
52360,9,9,9,2,7,1,5,7,2,0,5
52361,9,9,9,2,7,1,5,7,2,0,5
52362,1,7,6,2,0,8,0,9,5,6,5
52363,8,2,5,5,9,9,8,4,6,9,2
52364,2,3,4,6,8,2,6,8,9,5,6
52365,4,5,8,9,3,4,3,0,8,7,3
52366,6,5,2,7,1,5,9,2,3,2,9
52367,0,4,7,0,2,7,4,4,6,8,0
52368,1,7,6,2,0,8,0,9,5,6,5
52369,9,9,9,2,7,1,5,7,2,0,5
52370,6,5,2,7,1,5,9,2,3,2,9
52371,6,0,2,7,1,5,9,3,3,2,9
52372,5,8,3,1,6,0,7,1,4,4,7
52373,6,5,2,7,1,5,9,2,3,2,9
52374,4,5,8,9,3,4,3,0,8,7,3
52375,7,1,0,3,4,6,1,5,7,3,4
52376,1,7,6,2,0,8,0,9,5,6,5
52377,5,4,3,1,2,0,7,1,4,4,7
52378,7,1,0,3,4,6,1,8,9,3,4
52379,9,9,9,2,7,1,5,3,2,0,5
52380,4,5,8,9,3,4,3,0,8,7,3
52381,9,9,9,2,7,1,5,7,2,0,5
52382,1,7,6,2,0,8,0,9,5,6,5
52383,8,2,7,5,9,7,8,4,6,9,8
52384,5,8,3,1,6,0,7,1,4,4,7
52385,7,1,0,3,4,6,1,5,7,3,4
52386,7,1,0,3,4,6,1,5,7,3,4
52387,4,5,8,9,3,4,3,3,8,7,3
52388,7,1,0,3,4,6,1,5,7,3,4
52389,2,3,4,6,8,2,6,8,9,5,6
52390,7,1,0,3,4,6,1,5,7,3,4
52391,8,4,5,0,2,9,8,4,6,8,2
52392,0,4,6,0,2,8,4,9,5,8,0
52393,3,0,1,4,5,3,2,6,1,1,1
52394,7,1,0,3,4,6,1,5,7,3,4
52395,9,9,9,2,7,1,5,7,2,0,5
52396,4,5,8,9,3,4,3,0,8,7,3
52397,3,0,1,4,5,3,2,6,1,1,1
52398,2,3,4,6,8,2,6,8,9,5,6
52399,9,9,9,2,7,1,5,7,2,0,5
52400,6,1,2,7,1,5,9,2,3,2,9
52401,2,3,4,6,8,2,6,8,9,5,6
52402,5,8,3,1,6,0,7,1,4,4,7
52403,6,5,2,7,1,5,9,2,3,2,9
52404,7,1,0,3,4,6,1,5,7,3,4
52405,8,2,5,5,9,9,8,4,6,9,2
52406,0,4,7,0,2,7,4,1,4,8,0
52407,0,4,5,0,2,9,4,4,6,8,2
52408,6,5,2,7,1,5,9,2,3,2,9
52409,3,0,1,4,5,3,2,6,1,1,1
52410,9,9,9,7,7,1,5,7,2,0,9
52411,1,7,6,2,0,8,0,9,5,6,5
52412,4,5,8,9,3,4,3,0,8,7,3
52413,6,5,2,7,1,5,9,2,3,2,9
52414,0,4,3,0,2,0,4,1,4,8,0
52415,7,1,0,3,4,6,1,5,7,3,4
52416,1,7,6,2,0,8,0,9,5,6,5
52417,0,4,3,0,2,0,4,1,4,8,0
52418,1,7,6,2,0,8,0,9,5,6,5
52419,5,8,3,1,6,0,7,3,4,4,7
52420,4,5,8,9,3,4,3,0,8,7,3
52421,4,5,8,9,3,4,3,0,8,7,3
52422,1,7,6,2,0,8,0,9,5,6,5
52423,8,4,5,0,2,9,8,4,6,8,2
52424,5,8,3,1,6,0,7,1,4,4,7
52425,2,3,4,6,8,2,6,8,9,5,6
52426,4,5,8,9,3,4,3,3,8,7,3
52427,5,8,3,1,6,0,7,1,4,4,0
52428,3,0,1,4,5,3,2,3,1,1,1
52429,3,6,1,8,5,3,2,6,0,1,1
52430,7,7,6,2,4,8,1,9,5,3,5
52431,1,7,6,2,0,8,0,9,5,6,5
52432,7,1,0,3,4,6,1,5,7,3,4
52433,6,5,2,7,1,5,9,2,3,2,9
52434,4,5,8,9,3,4,3,0,8,7,3
52435,7,1,0,3,4,6,1,5,7,3,4
52436,0,4,5,0,2,9,4,1,4,8,2
52437,5,8,3,1,6,0,7,1,4,4,7
52438,3,6,1,8,5,3,2,6,0,1,1
52439,8,2,7,5,9,7,8,3,6,9,8
52440,6,5,2,7,1,5,9,2,3,2,9
52441,4,5,8,9,3,4,3,0,8,7,3
52442,5,8,3,1,6,0,7,1,4,4,0
52443,5,8,3,1,6,0,7,1,4,4,2
52444,1,7,6,2,0,8,0,9,5,6,5
52445,2,3,4,6,8,2,6,8,9,5,6
52446,2,3,4,6,8,2,6,8,9,5,6
52447,0,4,3,0,2,0,4,1,4,8,0
52448,5,8,3,1,6,0,7,1,4,4,0
52449,3,6,1,8,5,3,2,6,0,1,1
52450,9,9,9,2,7,1,5,7,2,0,5
52451,1,7,6,2,0,8,0,9,5,6,5
52452,7,1,0,3,4,6,1,5,7,3,4
52453,6,5,2,7,1,5,9,2,3,2,9
52454,1,7,6,2,0,8,0,9,5,6,5
52455,7,1,0,3,4,6,1,5,7,3,4
52456,9,9,9,2,7,1,5,7,2,0,5
52457,5,8,3,1,6,0,7,1,4,4,7
52458,2,3,4,6,8,2,6,3,9,5,6
52459,2,3,4,6,8,2,6,8,9,5,6
52460,9,9,9,2,7,1,5,7,2,0,5
52461,4,5,8,9,3,4,3,0,8,7,3
52462,5,8,3,1,6,0,7,1,4,4,7
52463,8,2,5,5,9,9,8,4,6,9,2
52464,6,5,2,7,1,5,9,2,3,2,9
52465,6,1,2,7,1,6,9,2,3,2,9
52466,8,2,9,5,9,1,8,7,2,9,8
52467,0,4,3,0,2,0,4,1,4,8,0
52468,2,3,4,6,8,2,6,8,9,5,6
52469,2,3,4,6,8,2,6,8,9,5,6
52470,3,6,1,8,5,3,2,6,0,1,1
52471,0,4,5,0,2,9,4,4,6,8,2
52472,1,7,6,2,0,8,0,3,5,6,5
52473,8,2,7,5,9,7,8,4,6,9,8
52474,7,1,0,3,4,6,1,5,7,3,4
52475,8,4,5,0,9,9,8,4,6,9,2
52476,7,1,0,2,4,6,1,3,7,3,5
52477,8,2,5,5,9,9,8,4,6,9,8
52478,2,3,4,6,8,2,6,8,9,5,6
52479,7,1,0,3,4,6,1,5,7,3,4
52480,8,2,5,5,9,9,8,4,6,9,2
52481,0,4,7,0,2,7,4,4,6,8,0
52482,4,7,6,9,0,8,0,9,5,6,3
52483,2,3,4,6,8,7,6,8,9,5,6
52484,8,2,9,5,9,1,8,4,6,9,8
52485,2,3,4,6,8,2,6,8,9,5,6
52486,8,2,5,5,9,9,8,4,6,9,8
52487,7,1,0,3,4,6,1,5,7,3,4
52488,6,5,2,7,1,5,9,2,3,2,9
52489,1,9,9,2,0,1,0,7,5,6,5
52490,0,4,5,0,2,9,4,1,4,8,2
52491,2,3,4,6,8,2,6,3,9,5,6
52492,9,9,9,2,7,1,5,7,2,0,5
52493,2,3,4,6,8,2,6,8,9,5,6
52494,4,5,8,9,3,4,3,0,8,7,7
52495,6,5,2,7,1,5,9,2,3,2,9
52496,7,1,0,3,4,6,1,5,7,3,4
52497,8,4,5,5,9,9,8,4,6,9,2
52498,1,7,6,2,0,8,0,9,5,6,5
52499,8,2,7,5,9,7,8,4,6,9,8
52500,5,8,3,1,6,0,7,1,4,4,7
52501,6,5,2,7,1,5,9,2,3,2,9
52502,4,5,8,9,3,4,3,0,8,7,3
52503,4,5,8,9,3,4,3,0,8,7,3
52504,4,5,8,9,3,4,3,0,8,7,3
52505,1,7,6,2,0,8,0,9,5,6,5
52506,0,8,3,0,2,0,4,1,4,8,0
52507,2,3,4,6,8,2,6,8,9,5,6
52508,3,6,1,8,5,3,2,6,0,1,7
52509,2,3,4,6,8,2,6,8,9,5,6
52510,0,4,7,0,2,7,4,1,4,8,0
52511,2,3,4,6,8,2,6,8,9,5,6
52512,6,5,2,7,1,5,9,2,3,2,9
52513,4,5,8,9,3,4,3,0,8,7,3
52514,5,5,2,1,6,5,7,0,3,4,7
52515,8,2,7,5,9,7,8,4,6,9,8
52516,4,5,8,9,3,4,3,3,8,7,3
52517,8,2,7,5,9,7,8,4,6,9,8
52518,4,5,8,9,3,4,3,0,8,7,3
52519,8,2,7,5,9,7,8,4,6,9,8
52520,3,6,1,8,5,3,2,6,0,1,1
52521,9,9,9,2,7,1,5,7,2,0,5
52522,0,8,3,1,2,0,4,1,4,8,0
52523,2,3,4,6,8,2,6,8,9,5,6
52524,9,9,5,2,7,9,5,7,2,0,5
52525,0,4,5,0,2,9,4,4,6,8,2
52526,3,6,1,8,5,3,2,6,0,1,1
52527,2,3,4,6,8,2,6,8,9,5,6
52528,8,2,5,5,9,9,8,4,6,9,8
52529,2,3,4,6,8,2,6,8,9,5,6
52530,1,7,6,2,0,8,0,9,5,6,5
52531,9,9,9,2,7,1,5,7,2,0,5
52532,5,8,3,1,6,0,7,1,4,4,7
52533,2,3,4,6,8,2,6,8,9,5,6
52534,4,5,8,9,3,4,3,0,8,7,3
52535,0,4,7,0,2,7,4,4,6,8,0
52536,5,8,3,1,6,6,7,1,4,4,7
52537,1,7,6,2,0,8,0,9,5,6,5
52538,5,8,3,1,6,0,7,1,4,4,7
52539,7,1,0,3,4,6,1,5,7,3,4
52540,2,3,4,6,8,2,6,3,9,5,6
52541,4,5,8,9,3,4,3,0,8,7,3
52542,4,5,8,9,3,4,3,0,8,7,3
52543,7,1,0,3,4,6,1,5,7,3,4
52544,6,5,2,7,1,5,9,2,3,2,7
52545,7,1,0,3,4,6,1,5,7,3,4
52546,0,4,3,0,2,0,4,1,4,8,0
52547,6,5,2,7,1,5,9,2,3,2,9
52548,1,7,6,2,0,8,0,9,5,6,5
52549,6,5,2,7,1,5,9,2,3,2,9
52550,7,3,0,6,4,6,1,8,9,3,4
52551,4,5,8,9,3,4,3,0,8,7,3
52552,1,7,6,2,0,8,0,9,5,6,5
52553,0,4,3,0,2,0,4,1,4,8,0
52554,3,6,1,8,5,3,2,6,0,1,1
52555,0,4,7,0,2,7,4,1,4,8,0
52556,0,8,3,1,6,0,4,1,4,4,0
52557,4,5,8,9,3,4,3,0,8,7,3
52558,3,6,1,8,5,3,2,6,0,1,1
52559,2,3,4,6,8,2,6,8,9,5,6
52560,4,5,8,9,3,4,3,0,8,7,7
52561,2,3,4,6,8,2,6,8,9,5,6
52562,1,7,6,2,0,8,0,9,5,6,5
52563,7,1,0,3,4,6,1,5,7,3,6
52564,5,8,3,1,6,0,7,1,4,4,7
52565,7,1,0,3,4,6,1,5,7,3,4
52566,5,8,3,1,6,0,7,1,4,4,7
52567,2,3,4,6,8,2,6,8,9,5,6
52568,0,4,5,0,2,9,4,4,6,8,2
52569,1,7,6,2,0,8,0,9,5,6,5
52570,1,7,7,0,0,8,0,9,5,6,5
52571,4,5,8,9,3,4,3,0,8,7,3
52572,0,4,3,0,2,0,4,1,4,8,0
52573,2,3,4,6,8,2,6,8,9,5,6
52574,6,5,2,7,1,5,9,2,3,2,9
52575,1,7,6,2,0,8,0,9,5,6,5
52576,0,4,3,0,2,0,4,1,4,8,0
52577,5,8,3,1,6,0,7,1,4,4,7
52578,5,8,8,1,6,4,7,0,8,4,7
52579,0,4,5,0,2,9,4,1,4,8,2
52580,0,8,3,0,2,0,4,1,4,8,0
52581,4,5,8,9,3,4,3,0,8,7,3
52582,9,9,9,2,7,1,5,7,2,0,5
52583,2,3,4,6,8,2,6,8,9,5,6
52584,4,7,8,9,3,4,3,3,8,7,3
52585,7,1,0,3,4,6,1,5,7,3,4
52586,1,7,6,2,0,8,0,9,5,6,5
52587,8,2,5,5,9,9,8,4,6,9,2
52588,0,4,5,0,2,9,4,4,6,8,2
52589,0,4,7,0,2,7,4,4,6,8,0
52590,7,1,0,3,4,6,1,5,7,3,4
52591,8,4,5,5,9,9,8,4,6,9,2
52592,0,4,7,0,2,7,4,8,9,8,0
52593,3,6,1,8,5,3,2,6,0,1,1
52594,1,9,6,2,0,8,0,9,5,6,5
52595,0,4,7,0,2,7,4,1,4,8,0
52596,3,0,1,4,5,3,2,6,1,1,1
52597,3,6,1,8,5,3,2,6,0,1,1
52598,4,5,8,9,3,4,3,0,8,7,3
52599,3,6,1,8,5,3,2,6,0,1,1
52600,5,8,3,1,6,0,7,1,4,4,0
52601,7,1,0,3,4,6,1,5,7,3,4
52602,6,5,2,7,1,5,9,2,3,2,9
52603,8,2,5,5,9,9,8,4,6,9,8
52604,0,4,3,0,2,0,4,1,4,8,0
52605,0,4,7,0,2,7,4,4,6,8,0
52606,0,4,5,0,2,9,4,4,6,8,2
52607,2,3,4,6,8,2,6,3,9,5,6
52608,0,8,3,1,6,0,4,1,4,4,0
52609,3,0,1,4,5,3,2,6,1,1,1
52610,9,7,6,2,0,8,0,9,2,6,5
52611,6,5,2,7,1,5,9,2,3,2,9
52612,2,3,4,6,8,2,6,8,9,5,6
52613,3,6,1,8,5,3,2,6,0,1,1
52614,1,7,6,2,0,8,0,9,5,6,5
52615,9,9,9,2,7,1,5,7,2,0,5
52616,9,9,9,2,7,1,5,7,2,0,5
52617,3,0,1,4,5,3,2,6,1,1,1
52618,0,4,3,0,2,0,4,1,4,8,0
52619,1,7,6,2,0,8,0,9,5,6,5
52620,4,5,8,9,3,4,3,0,8,7,3
52621,3,6,1,8,5,3,2,6,0,1,1
52622,1,7,6,2,0,8,0,9,5,6,5
52623,8,2,7,5,9,7,8,4,6,9,0
52624,1,7,6,1,0,8,0,9,5,6,0
52625,3,6,1,8,5,3,2,6,0,1,1
52626,4,5,8,9,3,4,3,0,8,7,3
52627,9,9,9,2,7,1,5,7,2,0,5
52628,7,1,0,3,4,6,1,5,7,3,4
52629,3,0,1,4,5,3,2,6,1,1,1
52630,7,1,0,7,4,6,1,2,3,3,9
52631,5,8,3,1,6,0,7,1,4,4,0
52632,1,7,6,2,0,8,0,9,5,6,5
52633,8,2,5,5,9,9,8,4,6,9,8
52634,6,5,2,7,1,5,9,2,3,2,9
52635,0,4,7,0,2,7,4,4,6,8,0
52636,7,1,0,3,4,6,1,5,7,3,4
52637,6,5,2,7,1,5,9,2,3,2,9
52638,0,4,4,0,2,2,4,8,9,8,0
52639,3,6,1,8,5,3,2,6,0,1,1
52640,4,5,8,9,3,4,3,0,8,7,3
52641,4,5,8,9,3,4,3,0,8,7,3
52642,5,8,3,1,6,0,7,1,4,4,7
52643,6,5,2,7,1,5,9,2,3,2,9
52644,9,9,9,2,7,1,5,7,2,0,5
52645,4,5,8,9,3,4,3,0,8,7,3
52646,0,4,3,0,2,0,4,1,4,8,0
52647,6,5,2,7,1,5,9,2,3,2,9
52648,1,7,6,2,0,8,0,9,5,6,5
52649,6,5,2,7,1,5,9,2,3,2,9
52650,3,0,1,4,5,3,2,3,1,1,1
52651,0,4,3,0,2,0,4,1,4,8,0
52652,5,8,3,1,6,0,7,1,4,4,7
52653,0,4,5,0,2,9,4,4,6,8,0
52654,1,7,6,2,0,8,0,9,5,6,5
52655,3,0,1,4,5,3,2,6,1,1,1
52656,1,7,6,2,0,8,0,9,5,6,5
52657,9,9,9,2,7,1,5,7,2,0,5
52658,5,8,3,1,6,0,7,1,4,4,7
52659,6,5,2,7,1,5,9,2,3,2,9
52660,6,5,2,7,1,5,9,2,3,2,9
52661,2,3,4,6,8,2,6,8,9,5,6
52662,1,7,6,2,0,8,0,9,5,6,0
52663,8,2,7,5,9,7,8,4,6,9,8
52664,2,3,4,6,8,2,6,8,9,5,6
52665,2,3,4,6,8,2,6,3,9,5,6
52666,5,8,3,1,6,0,7,1,4,4,7
52667,4,5,8,9,3,4,3,3,8,7,3
52668,1,7,6,2,0,8,0,9,5,6,5
52669,8,2,9,5,9,1,8,7,2,9,8
52670,8,2,5,5,9,9,8,4,6,9,2
52671,9,9,9,2,7,1,5,7,2,0,5
52672,5,8,3,1,6,0,7,1,4,4,7
52673,3,0,1,4,5,3,2,6,1,1,1
52674,2,3,4,6,8,2,6,3,9,5,6
52675,9,9,9,2,7,1,5,7,2,0,5
52676,7,1,0,3,4,6,1,5,7,3,4
52677,6,5,2,7,1,5,9,2,3,2,9
52678,1,7,6,2,0,8,0,3,5,6,5
52679,7,1,0,3,8,2,1,3,7,5,4
52680,8,2,5,5,9,9,8,4,6,9,2
52681,8,2,7,5,9,7,8,4,6,9,8
52682,5,8,3,1,6,0,7,1,4,4,7
52683,9,9,9,2,7,1,5,7,2,0,5
52684,6,5,2,7,1,5,9,2,3,2,9
52685,4,5,8,9,3,4,3,0,8,7,3
52686,5,8,3,1,6,0,7,1,4,4,0
52687,9,9,9,2,7,1,5,7,2,0,5
52688,4,5,8,9,3,4,3,0,8,7,3
52689,9,9,9,2,7,1,5,7,2,0,5
52690,7,1,0,3,4,6,1,5,7,3,4
52691,2,0,4,4,8,2,6,3,1,5,6
52692,1,7,6,3,0,8,0,9,5,6,4
52693,9,9,9,2,7,1,5,7,2,0,5
52694,1,5,6,2,0,8,0,9,5,6,5
52695,6,5,2,7,1,5,9,2,3,2,9
52696,3,0,1,4,5,3,2,3,1,1,1
52697,7,1,0,3,4,6,1,5,7,3,4
52698,2,0,4,4,8,2,6,3,1,5,8
52699,9,9,9,2,7,1,5,7,2,0,5
52700,7,1,0,3,4,6,1,5,7,3,4
52701,8,2,5,5,9,9,8,4,6,9,8
52702,7,1,0,3,4,6,1,5,7,3,4
52703,8,2,7,5,9,7,8,4,6,9,8
52704,5,8,3,1,6,0,7,1,4,4,7
52705,8,2,5,5,9,9,8,4,6,9,2
52706,8,2,7,5,9,7,8,3,2,9,8
52707,8,2,7,5,9,7,8,4,6,9,8
52708,5,8,3,1,6,0,7,1,4,4,7
52709,8,2,7,5,9,7,8,4,6,9,8
52710,1,7,6,2,0,8,0,9,5,6,5
52711,9,9,9,2,7,1,5,7,2,0,5
52712,5,8,3,1,6,0,7,1,4,4,7
52713,6,0,2,4,1,5,9,3,1,2,9
52714,0,8,3,0,2,0,4,1,4,8,0
52715,9,9,9,2,7,1,5,7,2,0,5
52716,4,5,4,9,3,2,3,3,8,7,3
52717,2,9,4,2,8,2,6,3,2,5,8
52718,0,8,3,0,2,0,4,1,4,8,0
52719,9,9,9,2,7,1,5,7,2,0,5
52720,3,0,1,4,5,3,2,6,1,1,1
52721,9,9,9,2,7,1,5,7,2,0,8
52722,2,3,4,6,8,2,6,8,9,5,6
52723,6,5,2,7,1,5,9,2,3,2,9
52724,4,5,8,9,3,4,3,0,8,7,3
52725,4,5,8,9,3,4,3,3,8,7,3
52726,6,5,2,7,1,5,9,2,3,2,9
52727,4,5,8,9,3,4,3,0,8,7,3
52728,3,6,1,8,5,3,2,6,0,1,1
52729,8,2,7,5,9,7,8,4,6,9,8
52730,0,4,5,0,2,0,4,1,4,8,2
52731,9,9,9,2,7,1,5,7,2,0,5
52732,0,4,5,0,2,9,4,1,4,8,2
52733,2,3,4,6,8,2,6,3,9,5,6
52734,0,4,3,0,2,0,4,1,4,8,0
52735,9,9,9,2,7,1,5,7,2,0,5
52736,0,4,5,0,2,9,4,1,4,8,2
52737,2,3,4,6,8,2,6,3,9,5,6
52738,6,9,2,7,1,5,9,2,3,2,9
52739,2,3,4,6,8,2,6,3,9,5,6
52740,0,4,4,0,2,2,4,8,9,8,0
52741,9,9,9,2,7,1,5,7,2,0,5
52742,4,5,8,9,3,4,3,0,8,7,3
52743,8,2,7,5,9,7,8,4,6,9,0
52744,1,7,6,2,0,8,0,9,5,6,5
52745,9,9,9,2,7,1,5,7,2,0,5
52746,2,3,4,6,8,2,6,8,9,5,6
52747,6,0,2,4,1,5,9,3,1,2,9
52748,5,8,3,1,6,0,7,1,4,4,7
52749,4,5,8,9,3,4,3,0,8,7,3
52750,8,2,5,5,9,9,8,4,6,9,8
52751,9,9,2,7,1,5,9,3,2,2,9
52752,5,8,3,1,6,0,7,1,4,4,7
52753,6,5,2,7,1,5,9,3,3,2,9
52754,1,7,6,2,0,8,0,3,5,6,5
52755,6,5,2,7,1,5,9,2,3,2,9
52756,0,4,3,0,2,0,4,1,4,8,0
52757,6,5,2,7,1,5,9,2,3,2,9
52758,1,7,6,2,0,8,0,9,5,6,5
52759,4,5,8,9,3,4,3,3,8,7,3
52760,0,4,5,0,2,9,4,1,4,8,2
52761,9,9,9,2,7,1,5,7,2,0,8
52762,9,9,9,2,7,1,5,7,2,0,5
52763,8,2,7,5,9,7,8,4,6,9,8
52764,0,3,6,2,0,8,0,8,9,6,0
52765,4,5,8,9,3,4,3,3,8,7,3
52766,2,3,4,6,8,2,6,3,9,5,6
52767,9,9,9,2,7,1,5,3,2,0,5
52768,4,7,8,9,3,4,3,9,8,7,3
52769,9,9,9,2,7,1,5,7,2,0,5
52770,5,8,3,1,6,0,7,1,4,4,7
52771,3,0,1,4,5,3,2,6,1,1,1
52772,0,4,3,0,2,0,4,1,4,8,0
52773,7,1,0,3,4,6,1,5,7,3,4
52774,6,5,2,7,1,5,9,2,3,2,9
52775,2,3,4,6,8,2,6,8,9,5,6
52776,2,3,4,6,8,2,6,8,9,5,6
52777,9,9,9,2,7,1,5,7,2,0,5
52778,7,1,0,3,4,6,1,5,7,3,4
52779,8,2,5,5,9,9,8,4,6,9,2
52780,1,7,6,2,0,8,0,9,5,6,5
52781,4,7,8,9,3,4,3,3,8,7,3
52782,7,3,0,6,4,6,1,8,9,3,4
52783,2,3,4,6,8,2,6,8,9,5,6
52784,6,5,2,7,1,5,9,2,3,2,9
52785,3,0,1,4,5,3,2,3,1,1,1
52786,0,4,5,0,2,9,4,4,6,8,2
52787,8,2,9,5,9,1,8,4,6,9,8
52788,4,5,8,9,3,4,3,3,8,7,3
52789,8,2,7,5,9,7,8,4,6,9,8
52790,7,1,0,3,4,6,1,5,7,3,4
52791,9,9,9,2,7,1,5,7,2,0,5
52792,7,1,0,3,4,6,1,5,7,3,4
52793,2,0,4,6,8,2,6,3,9,5,6
52794,7,1,0,3,4,6,1,5,7,3,4
52795,0,4,7,0,2,7,4,4,6,8,0
52796,6,5,2,7,1,5,9,2,3,2,9
52797,2,0,4,4,8,2,6,3,1,5,6
52798,7,1,0,3,4,6,1,5,7,3,4
52799,3,0,1,4,5,3,2,6,1,1,1
52800,7,1,0,3,4,6,1,5,7,3,4
52801,6,5,2,7,1,5,9,2,3,2,9
52802,1,7,6,2,0,8,0,9,5,6,5
52803,8,2,5,5,9,9,8,4,6,9,2
52804,3,6,1,8,5,3,2,6,0,1,1
52805,4,4,7,9,3,7,3,1,8,7,0
52806,1,7,6,2,0,8,0,9,5,6,5
52807,9,9,9,2,7,1,5,7,2,0,5
52808,6,5,2,7,1,5,9,2,3,2,9
52809,2,3,4,6,8,2,6,3,9,5,6
52810,7,1,0,3,4,6,1,5,7,3,4
52811,9,9,9,2,7,1,5,7,2,0,5
52812,8,2,5,5,9,9,8,4,6,9,2
52813,2,0,4,4,8,2,6,3,1,5,6
52814,7,1,0,3,4,6,1,5,7,3,4
52815,9,9,9,2,7,1,5,7,2,0,8
52816,7,1,0,3,4,6,1,5,7,3,4
52817,8,2,7,5,9,7,8,3,6,9,8
52818,7,1,0,3,4,6,1,5,7,3,4
52819,9,9,9,2,7,1,5,7,2,0,5
52820,9,9,9,2,7,1,5,3,2,0,5
52821,3,0,1,4,5,3,2,6,1,1,1
52822,9,9,9,2,7,1,5,7,2,0,5
52823,9,9,9,5,7,1,5,7,2,0,8
52824,0,4,6,0,2,8,4,9,5,8,0
52825,8,2,9,5,9,1,8,7,2,9,8
52826,2,3,4,6,8,2,6,8,9,5,6
52827,0,4,7,0,2,7,4,4,6,8,0
52828,1,7,6,2,0,8,0,9,5,6,5
52829,6,5,2,7,1,5,9,2,3,2,9
52830,2,3,4,6,8,2,6,8,9,5,6
52831,2,0,4,4,8,2,6,3,1,5,6
52832,3,0,1,4,5,3,2,6,1,1,1
52833,4,5,8,9,3,4,3,3,8,7,3
52834,9,9,9,2,7,1,5,7,2,0,5
52835,6,5,2,7,1,5,9,2,3,2,9
52836,3,6,1,8,5,3,2,6,0,1,1
52837,4,5,8,9,3,4,3,3,8,7,3
52838,5,8,3,1,6,0,7,1,4,4,7
52839,6,5,2,7,1,5,9,2,3,2,9
52840,6,9,2,7,1,5,9,2,3,2,9
52841,6,5,2,7,1,5,9,2,3,2,9
52842,9,9,9,2,7,1,5,7,2,0,5
52843,8,2,7,5,9,7,8,4,6,9,8
52844,4,5,8,9,3,4,3,0,8,7,3
52845,0,4,7,0,2,7,4,1,4,8,0
52846,0,4,3,0,2,0,4,1,4,8,0
52847,3,0,1,4,5,3,2,6,1,1,1
52848,7,1,0,3,4,6,1,8,7,3,4
52849,1,7,9,2,0,1,0,7,5,6,5
52850,9,9,9,2,7,1,5,7,2,0,5
52851,6,3,2,7,1,5,9,2,3,2,9
52852,5,8,3,1,6,0,7,3,4,4,0
52853,2,3,4,6,8,2,6,8,9,5,6
52854,1,7,6,2,0,8,0,9,5,6,5
52855,5,8,3,1,6,0,7,1,4,4,7
52856,4,5,8,9,3,4,3,0,8,7,3
52857,2,3,4,6,8,2,6,8,9,5,6
52858,4,5,8,9,3,4,3,0,8,7,3
52859,4,5,8,9,3,4,3,0,8,7,3
52860,2,3,4,6,8,2,6,8,9,5,6
52861,0,4,5,0,2,9,4,4,6,8,2
52862,5,6,0,8,6,6,7,6,0,4,7
52863,7,1,0,3,4,6,1,8,7,3,4
52864,2,1,4,3,8,2,6,5,7,5,6
52865,3,6,1,4,5,3,2,6,1,1,1
52866,5,8,3,1,6,0,7,1,4,4,7
52867,9,9,9,2,7,1,5,7,2,0,5
52868,1,7,6,2,0,8,0,9,5,6,5
52869,8,2,7,5,9,7,8,4,6,9,8
52870,9,9,9,2,7,1,5,9,2,0,5
52871,7,1,0,3,4,6,1,8,7,3,4
52872,1,7,6,2,0,8,0,9,5,6,5
52873,8,3,7,6,9,7,8,8,9,9,0
52874,6,5,2,7,1,5,9,2,3,2,9
52875,2,3,4,2,8,2,6,3,9,5,6
52876,0,4,3,0,2,0,4,1,4,8,0
52877,4,5,8,9,3,4,3,0,8,7,3
52878,1,7,6,2,0,8,0,9,5,6,5
52879,8,2,5,5,9,9,8,4,6,9,2
52880,4,5,8,9,3,4,3,0,8,7,3
52881,2,3,4,6,8,2,6,8,9,5,6
52882,1,7,6,2,0,8,0,9,5,6,5
52883,0,4,7,0,2,7,4,4,6,8,0
52884,1,7,6,2,0,8,0,9,5,6,5
52885,3,6,1,8,5,3,2,6,0,1,1
52886,0,4,6,0,2,8,4,9,5,8,0
52887,9,9,9,2,7,1,5,7,2,0,5
52888,1,7,6,2,0,8,0,9,5,6,5
52889,6,5,2,7,1,5,9,2,3,2,9
52890,2,3,4,6,8,2,6,8,9,5,6
52891,2,3,4,6,8,2,6,8,9,5,6
52892,7,1,0,3,4,6,1,5,7,3,4
52893,8,2,7,5,9,7,8,4,6,9,8
52894,9,9,9,2,7,1,5,7,2,0,5
52895,2,2,7,5,9,7,8,3,6,9,8
52896,5,8,3,1,6,0,7,1,4,4,7
52897,4,5,8,9,3,4,3,0,8,7,3
52898,6,5,2,7,1,5,9,2,3,2,9
52899,2,3,4,6,8,2,6,8,9,5,6
52900,7,1,0,3,4,6,1,5,7,3,4
52901,2,3,4,6,8,2,6,8,9,5,6
52902,7,1,0,3,4,6,1,5,7,3,4
52903,0,4,3,0,2,0,4,1,4,8,0
52904,2,3,4,6,8,2,6,3,9,5,6
52905,2,3,4,6,8,2,6,8,9,5,6
52906,1,7,6,2,0,8,0,9,5,6,5
52907,2,3,4,6,8,2,6,8,9,5,6
52908,4,5,8,9,3,4,3,0,8,7,3
52909,5,8,3,1,6,0,7,1,4,4,7
52910,3,6,1,8,5,3,2,6,0,1,1
52911,8,2,5,5,9,9,8,4,6,9,8
52912,4,5,8,9,3,4,3,3,8,7,3
52913,2,3,4,6,8,2,6,8,9,5,6
52914,7,1,0,3,4,6,1,5,7,3,4
52915,4,5,8,9,3,4,3,0,8,7,3
52916,1,7,6,2,0,8,0,9,5,6,5
52917,2,3,4,6,8,2,6,8,9,5,6
52918,5,5,8,2,6,4,7,0,8,4,7
52919,5,8,3,1,6,0,7,1,4,4,7
52920,5,8,3,1,6,0,7,1,4,4,7
52921,3,6,1,8,5,3,2,6,0,1,1
52922,0,4,3,0,2,0,4,1,4,8,0
52923,5,8,3,1,6,0,7,1,4,4,7
52924,7,1,0,3,4,6,1,5,7,3,4
52925,8,2,5,5,9,9,8,4,6,9,2
52926,0,4,5,0,2,9,4,4,6,8,2
52927,1,7,6,2,0,8,0,9,5,6,5
52928,2,3,4,6,8,2,6,8,9,5,6
52929,8,4,7,0,2,7,4,4,6,8,0
52930,3,6,1,8,5,3,2,6,0,1,1
52931,2,3,4,6,8,2,6,8,9,5,6
52932,6,3,2,7,1,5,9,2,3,2,9
52933,2,3,4,6,8,2,6,8,9,5,6
52934,3,0,1,4,8,3,2,6,1,1,1
52935,0,4,3,1,2,0,4,1,4,8,7
52936,7,1,0,3,4,6,1,5,7,3,4
52937,8,3,5,6,9,9,8,8,9,9,6
52938,8,3,5,6,9,9,8,8,9,9,2
52939,2,3,4,6,8,2,6,8,9,5,6
52940,9,9,9,2,7,1,5,7,2,0,5
52941,3,6,1,8,5,3,2,6,0,1,1
52942,6,5,2,7,1,5,9,2,3,2,9
52943,0,8,3,1,6,0,4,1,4,4,0
52944,7,1,0,3,4,6,1,5,7,3,4
52945,8,2,7,5,9,7,8,4,6,9,8
52946,4,5,8,9,3,4,3,0,8,7,3
52947,9,9,9,2,7,1,5,3,2,0,5
52948,0,8,3,1,6,0,4,1,4,4,0
52949,0,4,7,0,2,7,4,1,4,8,0
52950,2,3,4,6,8,2,6,8,9,5,6
52951,4,5,8,9,3,4,3,0,8,7,3
52952,9,9,9,2,7,1,5,7,2,0,5
52953,2,3,4,6,8,2,6,8,9,5,8
52954,2,3,4,6,8,2,6,8,9,5,6
52955,3,6,1,8,5,3,2,6,0,1,1
52956,6,5,2,7,1,5,9,2,3,2,9
52957,4,5,8,9,3,4,3,0,8,7,3
52958,5,8,3,1,6,0,7,1,4,4,7
52959,8,2,7,5,9,7,8,4,6,9,8
52960,0,4,5,0,2,0,4,1,4,8,2
52961,1,7,6,2,0,8,0,9,5,6,5
52962,7,1,0,3,4,6,1,5,7,3,4
52963,9,9,9,2,7,1,5,7,2,0,5
52964,8,2,5,5,9,9,8,4,6,9,2
52965,9,9,9,2,7,1,5,7,2,0,5
52966,7,1,0,3,4,6,1,5,7,3,4
52967,9,9,9,2,7,1,5,7,2,0,5
52968,6,9,2,7,1,5,9,2,3,2,9
52969,8,2,5,5,9,9,8,4,6,9,2
52970,2,3,4,6,8,2,6,8,9,5,6
52971,8,2,4,5,9,2,8,4,1,9,8
52972,7,1,0,3,4,6,1,5,7,3,4
52973,0,4,7,0,2,7,4,4,6,8,0
52974,7,1,0,3,4,6,1,5,7,3,4
52975,2,3,4,6,8,2,6,3,9,5,8
52976,4,0,8,9,3,4,3,3,1,7,3
52977,0,4,7,0,2,7,4,4,6,8,0
52978,7,1,0,3,4,6,1,5,7,3,4
52979,8,2,7,5,9,7,8,4,6,9,7
52980,7,1,0,3,4,6,1,5,7,3,4
52981,9,9,9,2,7,1,5,3,2,0,8
52982,6,9,2,7,1,5,9,2,3,2,9
52983,2,3,4,6,8,2,6,8,9,5,6
52984,1,7,6,2,0,8,0,9,5,6,5
52985,8,2,7,5,9,7,8,4,6,9,8
52986,5,8,3,1,6,0,7,0,4,4,7
52987,6,3,2,7,1,5,9,2,3,2,9
52988,0,4,3,0,2,0,4,1,4,8,0
52989,0,4,7,0,2,7,4,4,6,8,0
52990,1,7,6,2,0,8,0,9,5,6,5
52991,8,4,5,0,2,9,4,4,6,8,2
52992,0,4,3,0,2,0,4,1,4,8,2
52993,3,6,1,8,5,3,2,6,0,1,1
52994,7,1,0,3,4,6,1,5,7,3,4
52995,3,6,1,8,5,3,2,6,0,1,1
52996,8,2,7,5,9,7,8,4,6,9,8
52997,8,2,5,5,9,9,8,4,6,9,8
52998,5,8,3,1,6,0,7,1,4,4,2
52999,2,2,4,6,8,2,6,3,2,5,8
53000,2,3,4,6,8,2,6,8,9,5,6
53001,9,9,9,2,7,1,5,7,2,0,5
53002,2,3,4,6,8,2,6,3,9,5,6
53003,8,2,5,5,9,9,8,4,6,9,2
53004,9,9,9,2,7,1,5,7,2,0,5
53005,4,5,8,9,3,4,3,3,8,7,3
53006,5,1,0,1,4,6,7,5,7,3,7
53007,4,5,8,9,3,4,3,0,8,7,3
53008,6,5,2,7,1,5,9,2,3,2,9
53009,4,5,8,9,3,4,3,3,8,7,3
53010,0,4,3,0,2,0,4,1,4,8,2
53011,2,3,4,6,8,2,6,8,9,5,6
53012,1,7,6,2,0,8,0,9,5,6,5
53013,2,3,4,6,8,2,6,8,9,5,9
53014,3,6,1,8,5,3,2,6,0,1,1
53015,2,7,4,2,8,2,6,3,2,5,5
53016,1,7,6,2,0,8,0,9,5,6,5
53017,2,3,4,6,9,2,8,8,9,9,8
53018,1,7,6,2,0,8,0,9,5,6,5
53019,8,2,2,5,9,5,8,4,6,9,8
53020,5,8,3,1,6,0,7,1,4,4,0
53021,0,4,5,0,2,9,4,4,6,8,2
53022,5,8,3,1,6,0,7,1,4,4,7
53023,8,2,5,5,9,9,8,4,6,9,2
53024,7,1,0,3,4,6,1,5,7,3,4
53025,8,2,7,5,9,7,8,4,6,9,7
53026,6,0,2,7,1,5,9,2,3,2,9
53027,3,6,1,8,5,3,2,6,0,1,1
53028,2,3,4,6,8,2,6,8,9,5,6
53029,8,2,5,5,9,9,8,4,6,9,8
53030,3,6,1,8,5,3,2,6,0,1,1
53031,5,8,3,1,6,0,7,1,4,4,7
53032,0,4,7,0,2,7,4,4,6,8,0
53033,6,5,2,7,1,5,9,2,3,2,9
53034,6,5,2,7,1,5,9,2,3,2,9
53035,2,3,4,6,8,2,6,8,9,5,6
53036,8,2,5,5,9,9,8,4,6,9,8
53037,2,3,4,6,8,2,6,8,9,5,6
53038,3,6,1,8,5,3,2,6,0,1,1
53039,2,3,4,6,8,2,6,8,9,5,6
53040,1,7,6,2,0,8,0,9,5,6,5
53041,9,9,9,2,7,1,5,7,2,0,5
53042,7,1,0,3,4,6,1,5,7,3,4
53043,2,3,4,6,8,2,6,8,9,5,6
53044,0,1,3,3,4,0,1,1,4,3,4
53045,8,2,7,5,9,7,8,4,6,9,2
53046,7,6,0,8,4,6,1,5,0,3,4
53047,4,5,8,9,3,4,3,0,8,7,3
53048,7,1,0,3,4,6,1,5,7,3,4
53049,9,9,9,2,7,1,5,7,2,0,5
53050,7,1,0,3,4,6,1,5,7,3,4
53051,3,6,1,4,5,3,2,6,1,1,1
53052,0,4,7,0,2,7,4,1,4,8,0
53053,2,2,4,6,8,2,6,3,9,5,8
53054,2,3,4,6,8,2,6,3,9,5,6
53055,0,4,7,0,2,7,4,4,6,8,0
53056,6,5,2,7,1,5,9,2,3,2,9
53057,4,5,8,9,3,4,3,0,8,7,3
53058,1,7,6,2,0,8,0,9,5,6,5
53059,0,4,7,0,2,7,4,4,6,8,0
53060,8,2,5,5,9,9,8,4,6,9,2
53061,2,3,4,6,8,2,6,8,9,5,6
53062,4,8,3,9,6,0,3,1,4,4,3
53063,2,3,4,6,8,2,6,3,9,5,6
53064,7,1,0,3,4,6,1,5,7,3,4
53065,2,3,4,6,8,2,6,8,9,5,6
53066,8,2,5,5,9,9,8,4,6,9,2
53067,2,3,4,6,8,2,6,3,9,5,6
53068,4,5,8,9,3,4,3,0,8,7,3
53069,2,3,4,6,8,2,6,3,9,5,6
53070,5,8,3,1,6,0,7,1,4,4,0
53071,2,3,4,6,8,2,6,8,9,5,6
53072,6,5,2,7,1,5,9,2,3,2,9
53073,3,6,1,8,5,3,2,6,0,1,1
53074,8,2,5,5,9,9,8,4,6,9,8
53075,2,3,4,6,8,2,6,8,9,5,6
53076,6,5,5,7,1,9,9,2,3,2,2
53077,3,6,1,8,5,3,2,6,0,1,1
53078,8,2,7,5,9,7,8,4,6,9,8
53079,2,3,4,6,8,2,6,8,9,5,6
53080,1,7,6,2,0,8,0,9,5,6,5
53081,4,5,8,9,3,4,3,0,8,7,3
53082,7,1,0,3,4,6,1,8,7,3,4
53083,2,3,4,6,4,2,6,8,9,5,6
53084,7,1,0,3,4,6,1,5,7,3,4
53085,3,0,1,4,5,3,2,6,1,1,1
53086,2,3,4,6,8,2,6,8,9,5,6
53087,9,9,9,2,7,1,5,7,2,0,5
53088,6,5,2,7,1,5,9,2,3,2,9
53089,6,5,2,7,1,5,9,2,3,2,9
53090,9,9,9,2,7,1,5,7,2,0,8
53091,2,3,4,6,8,2,6,8,9,5,6
53092,2,3,4,6,8,2,6,3,9,5,6
53093,8,2,7,5,9,7,8,4,6,9,8
53094,8,2,5,5,9,9,8,4,6,9,2
53095,4,5,8,9,3,4,3,3,8,7,3
53096,2,4,7,0,8,7,6,3,9,5,0
53097,8,2,5,5,9,9,8,4,6,9,2
53098,1,7,6,0,0,8,0,9,5,6,0
53099,2,3,4,6,8,2,6,8,9,5,6
53100,7,1,0,3,4,6,1,5,7,3,4
53101,3,6,1,8,5,3,2,6,0,1,1
53102,5,8,3,1,6,0,7,1,4,4,7
53103,9,9,9,2,7,1,5,7,2,0,5
53104,7,1,0,3,4,6,1,5,7,3,4
53105,6,3,2,7,1,5,9,2,3,2,9
53106,4,5,8,9,3,4,3,3,8,7,3
53107,2,3,4,6,8,2,6,8,9,5,6
53108,7,1,0,3,4,6,1,5,7,3,4
53109,5,2,7,5,9,7,7,4,6,9,7
53110,2,3,4,2,8,2,6,8,9,5,5
53111,4,5,8,9,3,4,3,0,8,7,3
53112,2,3,4,6,8,2,6,8,9,5,6
53113,8,2,7,5,9,7,8,4,6,9,8
53114,7,1,0,3,4,6,1,5,7,3,4
53115,8,2,7,5,9,7,8,4,6,9,8
53116,5,6,0,8,4,6,7,5,0,3,7
53117,3,0,1,4,5,3,2,6,1,1,1
53118,3,6,1,8,5,3,2,6,0,1,1
53119,9,9,9,2,7,1,5,7,2,0,5
53120,5,8,3,1,6,0,7,1,4,4,7
53121,6,0,2,7,1,5,9,2,3,2,9
53122,2,3,4,6,8,2,6,3,9,5,6
53123,2,3,4,6,8,2,6,8,9,5,6
53124,4,5,4,9,3,2,3,3,8,7,3
53125,8,2,7,5,9,7,8,4,6,9,8
53126,5,8,3,1,6,0,7,1,4,4,0
53127,4,5,8,9,3,4,3,0,8,7,3
53128,2,3,4,6,8,2,6,8,9,5,6
53129,8,2,5,5,9,9,8,4,6,9,8
53130,5,8,3,1,6,0,7,1,4,4,7
53131,2,3,4,6,8,2,6,8,9,5,6
53132,6,5,2,7,1,5,9,2,3,2,9
53133,2,3,4,6,8,2,6,8,9,5,8
53134,8,2,7,5,9,7,8,4,6,9,8
53135,9,9,9,2,7,1,5,7,2,0,5
53136,2,3,4,6,8,2,6,8,9,5,6
53137,8,2,5,5,9,9,8,4,6,9,8
53138,6,5,2,7,1,5,9,2,3,2,9
53139,6,5,2,7,1,5,9,2,3,2,9
53140,1,7,6,2,0,8,0,9,5,6,5
53141,8,2,7,5,9,7,8,4,6,9,8
53142,0,8,3,1,6,0,7,1,4,4,0
53143,9,9,9,2,7,1,5,7,2,0,5
53144,8,2,7,5,9,7,8,4,6,9,8
53145,8,2,7,5,9,7,8,4,6,9,8
53146,0,4,7,0,2,7,4,4,6,8,8
53147,9,9,9,2,7,1,5,7,2,0,5
53148,9,7,6,2,7,8,5,9,2,0,5
53149,8,2,7,5,9,7,8,4,6,9,8
53150,7,1,0,3,4,6,1,5,7,3,4
53151,8,2,7,5,9,7,8,4,6,9,8
53152,4,5,8,9,3,4,3,0,8,7,3
53153,4,5,8,9,3,4,3,3,8,7,3
53154,0,4,3,0,2,0,4,1,4,8,0
53155,2,3,4,6,8,2,6,8,9,5,6
53156,5,8,3,1,6,0,7,1,4,4,7
53157,8,2,7,5,9,7,8,4,6,9,8
53158,1,7,6,2,0,8,0,3,5,6,5
53159,8,2,5,5,9,9,8,4,6,9,8
53160,1,7,6,2,0,8,0,9,5,6,5
53161,2,3,4,6,8,2,6,8,9,5,6
53162,1,7,6,2,0,8,0,9,5,6,5
53163,8,2,7,5,9,7,8,1,6,9,8
53164,0,4,5,0,2,9,4,4,6,8,2
53165,2,9,4,6,8,2,6,3,2,5,6
53166,0,4,7,0,2,7,4,1,4,8,0
53167,2,3,4,6,8,2,6,8,9,5,6
53168,1,7,6,2,0,8,0,9,5,6,5
53169,4,5,8,9,3,4,3,0,8,7,3
53170,5,8,3,1,6,0,7,1,4,4,7
53171,8,2,7,5,9,7,8,4,6,9,8
53172,7,1,0,3,4,6,1,5,7,3,4
53173,3,0,1,4,5,3,2,3,1,1,1
53174,3,0,1,4,5,3,2,6,1,1,1
53175,4,5,8,9,3,4,3,0,8,7,3
53176,1,7,6,2,0,8,0,9,5,6,5
53177,9,9,9,2,7,1,5,7,2,0,5
53178,1,7,6,2,0,8,0,9,5,6,5
53179,4,5,8,9,3,4,3,0,8,7,3
53180,1,7,6,2,0,8,0,9,5,6,5
53181,8,2,7,5,9,7,8,4,6,9,8
53182,7,1,0,3,4,6,1,5,7,3,4
53183,8,2,5,5,9,9,8,4,6,9,8
53184,7,1,0,3,4,6,1,5,7,3,4
53185,3,0,1,4,5,3,2,6,1,1,1
53186,2,3,4,6,8,2,6,8,9,5,0
53187,9,9,9,2,7,1,5,7,2,0,5
53188,8,2,5,5,9,9,8,4,6,9,8
53189,3,0,1,4,5,3,2,6,1,1,1
53190,0,4,5,0,2,9,4,4,6,8,2
53191,2,3,4,6,8,2,6,8,9,5,6
53192,5,8,3,1,6,0,7,1,4,4,7
53193,9,9,9,2,7,1,5,7,2,0,5
53194,1,7,6,2,0,8,0,9,5,6,5
53195,3,0,1,4,5,3,2,6,1,1,1
53196,1,7,6,2,0,8,0,9,5,6,5
53197,4,5,8,9,3,4,3,0,8,7,3
53198,4,1,8,9,3,4,3,5,8,7,3
53199,9,9,9,2,7,1,5,7,2,0,5
53200,2,3,4,6,8,2,6,8,9,5,6
53201,9,9,9,2,7,1,5,3,2,0,5
53202,0,4,7,0,2,7,4,1,4,8,0
53203,2,3,4,6,8,2,6,8,9,5,6
53204,5,8,3,1,6,0,7,1,4,4,7
53205,9,9,7,1,7,7,5,7,2,0,8
53206,1,7,6,2,0,8,0,9,5,6,5
53207,6,5,2,7,1,5,9,2,3,2,9
53208,2,3,4,6,8,2,6,8,9,5,5
53209,2,3,4,6,8,2,6,3,9,5,6
53210,0,4,3,0,2,0,4,1,4,8,0
53211,8,2,7,5,9,7,8,4,6,9,8
53212,3,0,1,4,5,3,2,6,1,1,1
53213,8,2,5,5,9,9,8,4,6,9,8
53214,0,4,3,0,2,0,4,1,4,8,2
53215,4,5,8,9,3,4,3,0,8,7,3
53216,3,0,1,4,5,3,2,6,1,1,1
53217,8,2,7,5,9,7,8,4,6,9,8
53218,6,5,2,7,1,5,9,2,3,2,9
53219,3,0,1,4,5,3,2,6,1,1,1
53220,4,1,8,9,3,4,3,5,8,7,3
53221,4,5,8,9,3,4,3,0,8,7,3
53222,0,4,7,0,2,7,4,1,4,8,0
53223,2,3,4,6,8,2,6,8,9,5,6
53224,9,9,9,7,7,1,5,7,2,0,4
53225,2,3,4,6,8,2,6,3,9,5,6
53226,8,4,7,0,2,7,4,4,6,8,0
53227,8,2,5,5,9,9,8,4,6,9,8
53228,1,7,6,2,0,8,0,9,5,6,5
53229,9,9,9,2,7,1,5,3,2,0,5
53230,4,5,8,9,3,4,3,0,8,7,3
53231,2,3,4,6,8,2,6,8,9,5,6
53232,0,4,5,0,2,9,4,4,6,8,2
53233,9,9,9,2,7,1,5,7,2,0,5
53234,8,4,5,0,2,9,4,4,6,8,2
53235,2,3,4,6,8,2,6,8,9,5,6
53236,0,4,4,0,2,2,4,8,9,8,0
53237,6,5,2,7,1,5,9,2,3,2,9
53238,5,8,3,1,6,0,7,1,4,4,7
53239,6,5,2,7,1,5,9,2,3,2,9
53240,2,3,4,6,8,2,6,8,9,5,6
53241,2,3,4,6,8,2,6,3,9,5,6
53242,5,8,3,1,6,0,7,1,4,4,2
53243,3,0,1,4,5,3,2,6,1,1,1
53244,0,4,7,0,2,7,4,1,4,8,0
53245,2,3,4,7,8,2,6,2,3,5,6
53246,2,3,4,6,8,2,6,8,9,5,6
53247,8,2,7,5,9,7,8,4,6,9,8
53248,8,2,7,5,9,7,8,4,6,9,8
53249,9,9,9,5,7,1,5,7,2,0,8
53250,8,2,7,5,9,7,8,4,6,9,8
53251,8,2,7,5,9,7,8,4,6,9,8
53252,7,1,0,3,4,6,1,5,7,3,4
53253,8,2,5,5,9,9,8,4,6,9,8
53254,0,4,3,0,2,0,4,1,4,8,0
53255,3,0,1,4,5,3,2,3,1,1,1
53256,3,6,1,8,5,3,2,6,0,1,1
53257,3,0,1,4,5,3,2,6,1,1,1
53258,0,8,3,1,6,0,4,1,4,4,2
53259,6,5,2,7,1,5,9,3,3,2,9
53260,0,4,3,0,2,0,4,1,4,8,0
53261,8,2,5,5,9,9,8,4,6,9,8
53262,7,1,0,3,4,6,1,5,7,3,4
53263,8,2,7,5,9,7,8,4,6,9,8
53264,5,8,3,1,6,0,7,1,4,4,7
53265,8,2,7,5,9,7,8,4,6,9,8
53266,1,7,6,2,0,8,0,9,5,6,5
53267,8,2,7,5,9,7,8,4,6,9,8
53268,2,3,4,6,8,2,6,8,9,5,6
53269,6,5,2,7,1,5,9,2,3,2,9
53270,3,6,1,8,5,3,2,6,0,1,1
53271,2,3,4,6,8,2,6,8,9,5,6
53272,0,4,7,0,2,7,4,8,9,8,0
53273,9,9,9,2,7,1,5,7,2,0,5
53274,0,4,5,0,2,9,4,4,6,8,2
53275,9,9,9,2,7,1,5,3,2,0,5
53276,8,4,7,0,2,7,4,4,6,8,0
53277,4,5,8,9,3,4,3,3,8,7,3
53278,1,7,6,2,0,8,0,9,5,6,5
53279,8,2,7,5,9,7,8,4,6,9,8
53280,5,8,3,1,6,0,7,1,4,4,7
53281,2,3,4,6,8,2,6,8,9,5,6
53282,7,1,0,3,4,6,1,5,7,3,4
53283,2,3,4,6,8,2,6,3,9,5,6
53284,6,5,2,7,1,5,9,2,3,2,9
53285,2,3,4,6,8,2,6,8,9,5,6
53286,7,1,0,3,4,6,1,5,7,3,4
53287,2,3,4,6,8,2,6,3,9,5,6
53288,8,4,7,0,2,7,4,4,6,8,0
53289,4,5,8,9,3,4,3,3,8,7,3
53290,3,6,1,8,5,3,2,6,0,1,1
53291,8,2,5,5,9,9,8,4,6,9,8
53292,7,1,0,3,4,6,1,5,7,3,4
53293,3,0,1,4,5,3,2,3,1,1,1
53294,2,3,4,6,8,2,6,8,9,5,6
53295,5,2,7,5,6,7,7,2,3,9,8
53296,7,1,0,3,4,6,1,5,7,3,4
53297,3,0,1,4,5,3,2,6,1,1,1
53298,3,6,1,8,5,3,2,6,0,1,1
53299,3,6,1,8,5,3,2,6,0,1,1
53300,5,8,3,1,6,0,7,1,4,4,0
53301,9,9,9,2,7,1,5,7,2,0,5
53302,8,2,5,5,9,9,8,4,6,9,8
53303,1,7,6,2,0,8,0,9,5,6,5
53304,1,7,6,2,0,8,0,9,5,6,5
53305,7,1,0,3,4,6,1,5,7,3,4
53306,7,1,0,3,4,6,1,5,7,3,4
53307,5,8,3,1,6,0,7,1,4,4,0
53308,1,7,6,2,0,8,0,9,5,6,5
53309,5,8,3,1,6,0,7,1,4,4,7
53310,1,7,6,2,0,8,0,9,5,6,5
53311,4,5,8,9,3,4,3,0,8,7,3
53312,2,3,4,6,8,2,6,8,9,5,6
53313,0,4,5,0,2,9,4,4,6,8,2
53314,1,7,6,2,0,8,0,9,5,6,5
53315,2,3,4,6,8,2,6,8,9,5,6
53316,4,5,8,9,3,4,3,0,8,7,3
53317,0,4,7,0,2,7,4,4,6,8,0
53318,4,5,8,9,3,4,3,0,8,7,3
53319,3,6,1,8,5,3,2,6,0,1,1
53320,2,3,4,6,8,2,6,3,9,5,6
53321,9,9,9,2,7,1,5,7,2,0,5
53322,6,9,2,7,1,5,9,2,3,2,9
53323,6,5,2,7,1,5,9,2,3,2,9
53324,0,4,3,0,2,0,4,1,4,8,0
53325,7,1,0,3,4,6,1,5,7,3,4
53326,1,7,6,2,0,8,0,9,5,6,5
53327,5,8,3,1,6,0,7,1,4,4,7
53328,3,6,1,8,5,3,2,6,0,1,1
53329,0,8,3,0,2,0,4,1,4,8,0
53330,1,7,6,2,0,8,0,9,5,6,5
53331,4,5,8,9,3,4,3,0,8,7,3
53332,7,1,0,3,4,6,1,5,7,3,4
53333,8,2,5,5,9,9,8,4,6,9,2
53334,5,8,3,1,6,0,7,1,4,4,2
53335,2,3,4,6,8,2,6,8,9,5,6
53336,5,5,8,9,3,4,7,0,8,7,7
53337,0,4,7,0,2,7,4,1,6,8,0
53338,8,2,5,5,9,9,8,4,6,9,8
53339,3,0,1,4,5,3,2,6,1,1,1
53340,6,5,2,7,1,5,9,2,3,2,9
53341,9,9,9,2,7,1,5,7,2,0,5
53342,5,8,3,1,6,0,7,1,4,4,7
53343,6,9,2,7,1,5,9,2,3,2,5
53344,5,6,8,1,6,4,7,0,0,4,7
53345,7,1,0,3,4,6,1,5,7,3,4
53346,0,4,7,0,2,7,4,4,6,8,0
53347,5,8,3,1,6,0,7,1,4,4,7
53348,1,7,6,2,0,8,0,9,5,6,5
53349,8,4,7,0,2,7,8,4,6,8,0
53350,3,6,1,8,5,3,2,6,0,1,7
53351,9,9,9,2,7,1,5,7,2,0,5
53352,7,1,0,3,4,6,1,5,7,3,4
53353,3,0,1,4,5,3,2,6,1,1,1
53354,3,6,1,8,5,3,2,6,0,1,1
53355,3,6,1,4,5,3,2,6,1,1,1
53356,2,3,4,6,8,2,6,3,9,5,6
53357,7,1,0,3,4,6,1,5,7,3,4
53358,7,1,0,3,4,6,1,5,7,3,4
53359,4,5,8,9,3,4,3,0,8,7,3
53360,3,6,1,8,5,3,2,6,0,1,1
53361,9,9,9,2,7,1,5,7,2,0,5
53362,5,8,3,1,6,0,7,1,4,4,0
53363,5,8,3,1,6,0,7,1,4,4,7
53364,0,4,3,0,2,0,4,1,4,8,0
53365,7,1,0,3,4,6,1,5,7,3,4
53366,1,7,6,2,0,8,0,9,5,6,5
53367,6,5,2,7,1,5,9,2,3,2,9
53368,8,4,5,0,2,9,4,4,6,8,2
53369,0,4,7,0,2,7,4,1,4,8,0
53370,5,8,3,1,6,0,7,1,4,4,7
53371,9,9,9,2,7,1,5,7,2,0,5
53372,0,4,5,0,2,9,4,4,6,8,2
53373,6,5,2,7,1,5,9,2,3,2,9
53374,7,1,0,3,4,6,1,5,7,3,4
53375,9,9,9,2,7,1,5,7,2,0,5
53376,7,1,0,3,4,6,1,5,7,3,4
53377,6,5,2,7,1,5,9,2,3,2,9
53378,5,8,3,1,6,0,7,1,4,4,7
53379,5,8,3,1,6,0,7,1,4,4,7
53380,3,6,1,8,5,3,2,6,0,1,1
53381,2,0,4,4,8,2,6,3,1,5,6
53382,7,1,0,3,4,6,1,5,7,3,4
53383,9,9,9,2,7,1,5,7,2,0,5
53384,0,4,6,0,2,8,4,3,5,8,0
53385,7,1,0,3,4,6,1,5,7,3,4
53386,5,8,3,1,6,0,7,1,4,4,7
53387,3,0,1,4,5,3,2,6,1,1,1
53388,6,5,2,7,1,5,9,2,3,2,9
53389,4,5,8,9,3,4,3,0,8,7,3
53390,6,5,2,7,1,5,9,2,3,2,9
53391,6,1,2,7,1,5,9,2,3,2,9
53392,0,8,3,1,6,0,4,1,4,4,2
53393,0,4,7,0,2,7,4,4,6,8,0
53394,1,7,6,2,0,8,0,9,5,6,5
53395,1,7,6,2,0,8,0,9,5,6,5
53396,0,4,7,0,2,7,4,4,6,8,0
53397,0,4,3,0,2,0,4,1,4,8,0
53398,5,8,3,1,6,0,7,1,4,4,7
53399,2,0,4,9,8,2,6,3,1,5,3
53400,2,3,4,6,8,2,6,8,9,5,6
53401,4,0,8,4,3,4,3,3,1,7,3
53402,7,1,0,3,4,6,1,5,7,3,4
53403,3,0,1,4,5,3,2,6,1,1,1
53404,2,3,4,6,8,2,6,8,9,5,6
53405,9,9,9,2,7,1,5,7,2,0,5
53406,4,5,8,9,3,4,3,0,8,7,3
53407,3,0,1,4,5,3,2,6,1,1,1
53408,7,1,0,3,4,6,1,5,7,3,4
53409,9,9,9,2,7,1,5,7,2,0,5
53410,2,3,4,6,8,2,6,8,9,5,6
53411,8,2,7,5,9,7,8,4,6,9,8
53412,7,1,0,3,4,6,1,5,7,3,4
53413,2,3,4,6,8,2,6,8,9,5,6
53414,2,3,4,6,8,2,6,3,9,5,6
53415,0,4,5,0,2,9,4,1,4,8,2
53416,4,5,8,9,3,4,3,0,8,7,3
53417,2,3,4,6,8,2,6,8,9,5,6
53418,8,2,5,5,9,9,8,4,6,9,2
53419,7,1,0,3,4,6,1,5,7,3,4
53420,7,1,0,3,4,6,1,5,7,3,4
53421,0,4,7,0,2,7,4,1,4,8,0
53422,1,7,6,9,0,8,0,3,5,6,3
53423,0,4,3,0,2,0,4,1,4,8,2
53424,0,4,3,0,2,0,4,1,4,8,0
53425,9,9,9,2,7,1,5,7,2,0,5
53426,5,8,3,1,6,0,7,1,4,4,7
53427,1,7,6,2,0,8,0,9,5,6,5
53428,2,3,4,6,8,2,6,8,9,5,6
53429,3,6,1,8,5,3,2,6,0,1,1
53430,9,9,9,7,7,1,5,7,2,0,9
53431,0,4,5,0,2,9,4,4,6,8,2
53432,3,6,1,8,5,3,2,6,0,1,1
53433,0,4,3,0,2,0,4,1,4,8,0
53434,1,5,6,2,0,8,0,9,5,6,5
53435,0,4,7,0,2,7,4,4,6,8,0
53436,1,7,6,2,0,8,0,9,5,6,5
53437,0,4,3,0,2,0,4,1,4,8,0
53438,0,4,7,0,2,7,4,1,4,8,0
53439,8,4,7,0,2,7,8,4,6,8,0
53440,2,3,4,6,8,2,6,8,9,5,6
53441,5,8,3,1,6,0,7,1,4,4,7
53442,0,4,7,0,2,7,4,1,4,8,0
53443,7,1,0,3,4,6,1,5,7,3,4
53444,3,6,1,8,5,3,2,6,0,1,1
53445,2,3,4,6,8,2,6,8,9,5,6
53446,0,4,3,0,2,0,4,1,4,8,0
53447,7,1,0,3,4,6,1,5,7,3,4
53448,9,9,9,2,7,1,5,7,2,0,5
53449,0,4,7,0,2,7,4,1,6,8,0
53450,0,4,7,0,2,7,4,4,6,8,0
53451,5,8,3,1,6,0,7,1,4,4,7
53452,5,8,3,1,6,0,7,1,4,4,7
53453,7,1,0,3,4,6,1,5,7,3,4
53454,3,6,1,8,5,3,2,6,0,1,1
53455,4,5,8,9,3,4,3,3,8,7,3
53456,5,8,3,1,6,0,7,1,4,4,0
53457,7,1,0,3,4,6,1,5,7,3,4
53458,5,8,7,1,6,7,7,1,4,4,0
53459,8,2,7,5,9,7,8,4,6,9,8
53460,7,6,0,8,4,6,1,5,0,3,4
53461,0,4,7,0,2,7,4,4,6,8,0
53462,0,4,7,0,2,7,4,4,6,8,0
53463,4,5,8,9,3,4,3,0,8,7,3
53464,7,3,0,6,4,6,1,8,9,3,4
53465,8,2,5,5,9,9,8,4,6,9,8
53466,7,1,0,3,4,6,1,5,7,3,4
53467,1,7,6,2,0,8,0,9,5,6,5
53468,1,7,6,2,0,8,0,9,5,6,5
53469,3,0,1,4,8,2,2,6,1,5,1
53470,8,2,7,2,9,7,8,4,6,9,5
53471,9,9,9,2,7,1,5,7,2,0,5
53472,4,5,8,9,3,4,3,0,8,7,3
53473,3,0,1,4,5,3,2,2,1,1,1
53474,7,1,0,3,4,6,1,5,7,3,4
53475,7,1,0,3,4,6,1,5,7,3,4
53476,1,7,6,2,0,8,0,9,5,6,5
53477,8,2,7,5,9,7,8,4,6,9,8
53478,1,7,6,2,0,8,0,9,5,6,5
53479,8,2,7,5,9,7,8,4,6,9,8
53480,7,1,0,3,4,6,1,5,7,3,4
53481,4,5,8,9,3,4,3,0,8,7,3
53482,9,9,9,2,7,1,5,7,2,0,5
53483,0,4,5,0,2,9,4,4,6,8,2
53484,1,7,6,2,0,8,0,9,5,6,5
53485,2,3,4,6,8,2,6,8,9,5,6
53486,7,1,0,3,4,6,1,5,7,3,4
53487,3,6,1,8,5,3,2,6,0,1,1
53488,7,1,0,3,4,6,1,5,7,3,4
53489,9,9,9,2,7,1,5,7,2,0,5
53490,0,4,5,0,2,9,4,4,6,8,2
53491,5,8,3,1,6,0,7,1,4,4,7
53492,0,4,3,0,2,0,4,1,4,8,0
53493,7,1,0,3,4,6,1,5,7,3,4
53494,6,5,2,7,1,5,9,2,3,2,9
53495,8,2,7,5,9,7,8,4,6,9,8
53496,1,7,6,2,0,8,0,9,5,6,5
53497,8,2,7,5,9,7,8,4,6,9,8
53498,1,7,6,2,0,8,0,9,5,6,5
53499,4,5,8,9,3,4,3,3,8,7,3
53500,9,9,9,2,7,1,5,7,2,0,5
53501,8,2,5,5,9,9,8,4,6,9,2
53502,3,6,1,8,5,3,2,6,0,1,1
53503,2,0,4,4,8,2,6,3,1,5,6
53504,7,1,0,3,4,6,1,2,7,3,4
53505,5,8,3,1,6,0,7,1,4,4,7
53506,2,3,4,6,8,2,6,8,9,5,6
53507,0,4,3,0,2,0,4,1,4,8,0
53508,8,2,7,5,9,7,8,4,6,9,8
53509,7,1,0,3,4,6,1,5,7,3,4
53510,8,2,5,5,9,9,8,4,6,9,2
53511,0,4,3,0,2,0,4,1,4,8,0
53512,9,9,9,2,7,1,5,2,2,0,5
53513,2,3,4,6,8,2,6,8,9,5,6
53514,1,7,6,3,4,8,0,9,5,6,5
53515,0,4,3,0,2,0,4,1,4,8,0
53516,4,5,8,9,3,4,3,0,8,7,3
53517,7,1,0,3,4,6,1,5,7,3,4
53518,9,9,9,2,7,1,5,7,2,0,5
53519,5,8,3,1,6,0,7,1,4,4,7
53520,7,1,0,3,4,6,1,5,7,3,4
53521,1,7,6,2,0,8,0,9,5,6,5
53522,2,0,1,4,8,3,2,3,1,5,1
53523,0,4,5,0,2,9,4,4,6,8,2
53524,3,0,1,4,5,3,2,6,1,1,1
53525,0,4,3,0,2,0,4,1,4,8,2
53526,4,5,8,9,3,4,3,0,8,7,3
53527,7,1,0,3,4,6,1,5,7,3,4
53528,5,8,3,1,6,0,7,1,4,4,7
53529,8,2,7,5,9,7,8,4,6,9,8
53530,5,8,3,1,6,0,7,1,4,4,7
53531,9,9,9,2,7,1,5,7,2,0,5
53532,5,8,3,1,6,0,7,1,4,4,7
53533,3,0,1,4,5,3,2,6,1,1,1
53534,4,5,8,9,3,4,3,0,8,7,7
53535,3,0,1,4,5,3,2,6,1,1,1
53536,3,6,1,8,5,3,2,6,0,1,1
53537,3,0,1,4,5,3,2,6,1,1,1
53538,2,3,4,6,8,2,6,8,9,5,6
53539,9,9,9,2,7,1,5,7,2,0,5
53540,4,5,8,9,3,4,3,0,8,7,3
53541,6,5,2,7,1,5,9,2,3,2,9
53542,7,1,0,3,4,6,1,5,7,3,4
53543,4,5,8,9,3,4,3,0,8,7,3
53544,5,8,3,1,6,0,7,1,4,4,7
53545,2,3,4,6,8,2,6,8,9,5,6
53546,0,4,7,0,2,7,4,9,5,8,0
53547,5,8,3,1,6,0,7,1,4,4,7
53548,8,2,9,2,9,1,8,4,6,9,5
53549,8,2,5,5,9,9,8,4,6,9,2
53550,5,8,3,1,6,0,7,1,4,4,7
53551,8,2,7,5,9,7,8,4,6,9,8
53552,7,1,0,3,4,6,1,5,7,3,4
53553,4,5,8,9,3,4,3,0,8,7,3
53554,0,4,3,0,2,0,4,8,4,8,0
53555,4,5,8,9,3,4,3,0,8,7,3
53556,7,1,0,3,4,6,1,5,7,3,4
53557,4,5,8,9,3,4,3,3,8,7,3
53558,5,8,3,1,6,0,7,8,4,4,7
53559,8,2,7,5,9,7,8,4,6,9,8
53560,7,1,0,3,4,6,1,5,7,3,4
53561,8,2,7,5,9,7,8,4,6,9,8
53562,3,6,1,8,5,3,2,6,0,1,1
53563,9,9,9,2,7,1,5,7,2,0,5
53564,9,9,9,2,7,1,5,7,2,0,5
53565,0,4,3,0,2,0,4,1,4,8,0
53566,7,1,0,3,4,6,1,5,7,3,4
53567,0,4,3,0,2,0,4,1,4,8,0
53568,2,1,4,3,8,2,6,5,7,5,6
53569,2,3,4,6,8,2,6,8,9,5,6
53570,1,7,6,2,0,8,0,9,5,6,5
53571,6,5,2,7,1,5,9,2,3,2,9
53572,7,1,0,3,4,6,1,5,7,3,4
53573,3,6,1,8,5,3,2,6,0,1,1
53574,7,1,0,3,4,6,1,5,7,3,4
53575,3,6,1,8,5,3,2,6,0,1,1
53576,0,4,3,0,2,0,4,1,4,8,0
53577,9,9,9,2,7,1,5,7,2,0,5
53578,2,3,4,6,8,2,6,8,9,5,6
53579,8,2,5,5,9,9,8,4,6,9,8
53580,2,3,4,6,8,2,6,8,9,5,6
53581,4,5,8,9,3,4,3,3,8,7,3
53582,0,4,3,0,2,0,4,1,4,8,0
53583,2,3,4,6,8,2,6,8,9,5,6
53584,1,7,6,2,0,8,0,9,5,6,5
53585,5,8,3,1,6,0,7,1,4,4,7
53586,7,1,0,3,4,6,1,5,7,3,4
53587,9,9,9,2,7,1,5,7,2,0,5
53588,4,5,8,9,3,4,3,0,8,7,3
53589,0,4,5,0,2,9,4,4,6,8,2
53590,0,4,7,0,2,7,4,4,6,8,8
53591,0,4,5,0,2,9,4,4,6,8,2
53592,5,8,3,1,6,0,7,1,4,4,0
53593,1,7,9,2,0,1,0,7,5,6,5
53594,1,7,6,2,0,8,0,9,5,6,5
53595,7,1,0,3,4,6,1,5,7,3,4
53596,0,4,7,0,2,7,4,1,4,8,0
53597,8,2,7,5,9,7,8,4,6,9,8
53598,7,1,0,3,4,6,1,5,7,3,4
53599,9,9,9,2,7,1,5,7,2,0,5
53600,1,7,6,2,0,8,0,9,5,6,5
53601,8,2,5,5,9,9,8,4,6,9,2
53602,5,8,3,1,6,0,7,1,4,4,7
53603,4,5,8,9,3,4,3,0,8,7,3
53604,9,9,9,2,7,1,5,7,2,0,5
53605,1,7,6,2,0,8,0,9,5,6,5
53606,4,5,8,9,3,4,3,3,8,7,3
53607,5,8,3,1,6,0,7,1,4,4,7
53608,6,5,2,7,1,5,9,2,3,2,9
53609,2,3,4,6,8,2,6,8,9,5,6
53610,1,7,6,2,0,8,0,9,5,6,5
53611,9,9,9,2,7,1,5,7,2,0,5
53612,5,8,3,1,6,0,7,1,4,4,7
53613,5,8,3,1,6,0,7,1,4,4,7
53614,0,4,5,0,2,9,4,4,6,8,2
53615,3,0,1,4,5,3,2,6,1,1,1
53616,0,4,7,0,2,7,4,4,6,8,0
53617,9,2,9,2,7,1,5,3,2,0,8
53618,0,4,3,0,2,0,4,1,4,8,0
53619,0,3,4,6,2,6,4,8,9,8,0
53620,1,7,6,2,0,8,0,9,5,6,5
53621,4,5,8,9,3,4,3,3,8,7,3
53622,5,8,3,1,6,0,7,1,4,4,7
53623,8,2,5,5,9,9,8,4,6,9,8
53624,8,2,5,5,9,9,8,4,6,9,8
53625,4,5,8,9,3,4,3,0,8,7,3
53626,7,1,0,3,4,6,1,5,7,3,4
53627,9,9,9,2,7,1,5,7,2,0,5
53628,6,3,2,7,1,5,9,2,3,2,9
53629,8,2,5,5,9,9,8,4,6,9,2
53630,7,1,0,3,4,6,1,5,7,3,4
53631,5,8,3,1,6,0,7,1,4,4,7
53632,3,6,1,8,5,3,2,6,0,1,1
53633,5,8,3,1,6,0,7,1,4,4,7
53634,2,3,4,6,8,2,6,8,9,5,6
53635,8,2,5,5,9,9,8,4,6,9,2
53636,9,9,9,2,7,1,5,7,2,0,5
53637,6,5,2,7,1,5,9,2,3,2,9
53638,7,1,0,3,4,6,1,5,7,3,4
53639,6,5,2,7,1,5,9,2,3,2,9
53640,2,3,4,6,8,2,6,8,9,5,6
53641,8,2,7,5,9,7,8,4,6,9,8
53642,7,1,0,3,4,6,1,5,7,3,4
53643,8,2,5,5,9,9,8,4,6,9,8
53644,6,5,2,7,1,5,9,2,3,2,9
53645,8,2,5,5,9,9,8,4,6,9,8
53646,4,5,8,9,3,4,3,0,8,7,3
53647,2,7,4,6,8,2,6,9,9,5,6
53648,7,1,0,3,4,6,1,8,7,3,4
53649,8,2,7,5,9,7,8,4,6,9,8
53650,6,5,2,7,1,5,9,2,3,2,9
53651,2,3,4,6,8,2,6,8,9,5,6
53652,4,7,6,9,3,8,3,3,5,7,3
53653,2,3,4,6,8,2,6,8,9,5,6
53654,0,4,7,0,2,7,4,9,5,8,0
53655,8,2,7,5,9,7,8,4,6,9,8
53656,1,7,6,2,0,8,0,9,5,6,5
53657,3,0,1,4,5,3,2,3,1,1,1
53658,6,3,2,7,1,5,9,2,3,2,9
53659,2,3,4,6,8,2,6,8,9,5,6
53660,2,3,4,6,8,2,6,8,9,5,6
53661,0,4,3,0,2,0,4,1,4,8,0
53662,1,7,6,2,0,8,0,9,5,6,5
53663,0,4,6,0,2,8,4,9,5,8,0
53664,1,7,6,2,0,8,0,9,5,6,5
53665,3,6,1,4,5,3,2,6,1,1,1
53666,5,8,3,1,6,0,7,1,4,4,7
53667,9,9,9,2,7,1,5,7,2,0,5
53668,1,7,6,2,0,8,0,9,5,6,5
53669,6,5,2,7,1,5,9,2,3,2,9
53670,3,6,1,8,5,3,2,6,0,1,1
53671,7,1,0,3,4,6,1,5,7,3,4
53672,2,3,4,6,8,2,6,8,9,5,6
53673,0,4,7,0,2,7,4,1,4,8,0
53674,5,8,3,1,6,0,7,1,4,4,7
53675,2,0,4,6,8,2,6,3,1,5,6
53676,0,8,3,1,6,0,4,1,4,4,0
53677,4,5,8,9,3,4,3,0,8,7,3
53678,3,0,1,4,5,3,2,6,1,1,1
53679,8,2,5,5,9,9,8,4,6,9,2
53680,0,4,3,0,2,0,4,1,4,8,0
53681,2,3,4,6,8,2,6,8,9,5,6
53682,5,8,3,1,6,0,7,1,4,4,7
53683,0,4,7,0,2,7,4,4,6,8,0
53684,3,0,1,4,5,3,2,6,1,1,1
53685,3,6,1,8,5,3,2,6,0,1,1
53686,1,7,6,2,0,8,0,9,5,6,5
53687,9,9,9,2,7,1,5,7,2,0,5
53688,7,1,0,3,4,6,1,5,7,3,4
53689,6,5,2,7,1,5,9,2,3,2,9
53690,7,1,0,3,4,6,1,5,7,3,4
53691,7,1,0,3,4,6,1,5,7,3,4
53692,6,5,2,7,1,5,9,2,3,2,9
53693,0,8,3,1,6,0,7,1,4,4,0
53694,8,2,5,5,9,9,8,4,6,9,8
53695,2,3,4,6,8,2,6,3,9,5,6
53696,7,1,0,3,4,6,1,5,7,3,4
53697,4,5,8,9,3,4,3,0,8,7,3
53698,0,4,7,0,2,7,4,8,9,8,0
53699,8,2,5,5,9,9,8,4,6,9,2
53700,0,4,3,0,2,7,4,1,4,8,0
53701,2,3,4,6,8,2,6,8,9,5,6
53702,0,4,5,0,2,9,4,4,6,8,2
53703,0,4,5,0,2,9,4,4,6,8,2
53704,7,1,0,3,4,6,1,5,7,3,4
53705,3,6,1,8,5,3,2,6,0,1,1
53706,4,5,8,9,3,4,3,3,8,7,3
53707,9,9,9,2,7,1,5,7,2,0,5
53708,6,5,2,7,1,5,9,2,3,2,9
53709,6,5,2,7,1,5,9,2,3,2,9
53710,5,8,3,1,6,0,7,1,4,4,7
53711,7,1,0,3,4,6,1,5,7,3,4
53712,7,1,0,3,4,6,1,5,7,3,4
53713,0,4,7,0,2,7,4,1,4,8,0
53714,9,9,9,2,7,1,5,7,2,0,5
53715,9,9,9,2,7,1,5,3,2,0,8
53716,7,1,0,3,4,6,1,5,7,3,4
53717,4,5,8,9,3,4,3,0,8,7,3
53718,7,1,0,3,4,6,1,5,7,3,4
53719,0,4,5,0,2,9,4,4,6,8,2
53720,1,7,6,2,0,8,0,9,5,6,5
53721,2,3,4,6,8,2,6,8,9,5,6
53722,7,1,0,3,4,6,1,5,7,3,4
53723,8,2,5,5,9,9,8,4,6,9,8
53724,7,1,0,3,4,6,1,5,7,3,4
53725,0,4,5,0,2,9,4,4,6,8,2
53726,1,7,6,2,0,8,0,9,5,6,5
53727,6,5,2,7,1,5,9,2,3,2,9
53728,7,1,0,3,4,6,1,5,7,3,4
53729,0,4,7,0,2,7,4,4,6,8,0
53730,7,3,4,6,4,6,6,8,9,3,6
53731,0,8,3,1,6,0,7,1,4,4,0
53732,7,1,0,3,4,6,1,5,7,3,4
53733,6,5,2,7,1,5,9,2,3,2,9
53734,3,6,1,8,5,3,2,6,0,1,1
53735,0,4,5,0,2,9,4,4,6,8,2
53736,9,9,9,2,7,1,5,7,2,0,5
53737,2,3,4,6,8,2,6,8,9,5,6
53738,5,8,3,1,6,0,7,1,4,4,7
53739,0,4,7,0,2,7,4,4,6,8,0
53740,1,7,6,3,0,8,0,5,5,6,4
53741,2,0,4,4,8,2,6,3,1,5,6
53742,6,5,2,7,1,5,9,2,3,2,9
53743,2,3,4,6,8,2,6,8,9,5,6
53744,6,5,2,7,1,5,9,2,3,2,9
53745,2,3,4,6,8,2,6,8,9,5,6
53746,1,7,6,2,0,8,0,9,5,6,5
53747,3,6,1,8,5,3,2,6,0,1,1
53748,1,7,6,2,0,8,0,9,5,6,5
53749,7,1,0,3,4,6,1,5,7,3,4
53750,1,7,6,2,0,8,0,9,5,6,5
53751,2,3,4,6,8,2,6,3,9,5,6
53752,0,4,5,0,2,9,4,4,6,8,0
53753,5,8,3,1,6,0,7,1,4,4,7
53754,2,0,4,4,8,2,6,3,1,5,6
53755,7,1,0,3,4,6,1,5,7,3,4
53756,2,3,4,6,8,2,6,8,9,5,6
53757,7,1,0,3,4,6,1,5,7,3,4
53758,7,1,0,3,4,6,1,5,7,3,4
53759,4,5,7,9,3,7,3,3,8,7,8
53760,0,4,3,0,2,0,4,1,4,8,0
53761,9,9,9,2,7,1,5,7,2,0,5
53762,6,5,2,7,1,5,9,2,3,2,9
53763,0,4,5,0,2,9,4,4,6,8,2
53764,0,4,7,0,2,7,4,4,6,8,0
53765,2,3,4,6,8,2,6,8,9,5,6
53766,0,4,5,0,2,9,4,4,6,8,2
53767,0,4,7,0,2,7,4,1,4,8,0
53768,5,8,3,1,6,0,7,1,4,4,7
53769,7,1,0,3,4,6,1,5,7,3,4
53770,0,8,3,0,2,0,4,1,4,8,2
53771,0,4,5,0,2,9,4,4,6,8,2
53772,6,3,2,7,1,5,9,2,3,2,9
53773,6,5,2,7,1,5,9,2,3,2,9
53774,2,3,4,6,8,2,6,8,9,5,6
53775,4,5,8,9,3,4,3,0,8,7,3
53776,5,8,3,1,6,0,7,1,4,4,7
53777,4,5,8,9,3,4,3,0,8,7,3
53778,0,4,3,0,2,0,4,1,4,8,0
53779,8,2,5,5,9,9,8,4,6,9,2
53780,1,7,6,2,0,8,0,9,5,6,5
53781,0,4,5,0,2,9,4,4,6,8,2
53782,7,8,3,2,4,0,1,1,4,3,5
53783,8,2,5,5,9,9,8,4,6,9,2
53784,0,4,3,0,2,0,4,1,4,8,0
53785,3,0,1,4,5,3,2,6,1,1,1
53786,2,3,4,6,8,2,6,8,9,5,6
53787,9,9,9,2,7,1,5,7,2,0,5
53788,3,6,1,8,5,3,2,6,0,1,1
53789,3,0,1,4,5,3,2,6,1,1,1
53790,9,9,9,2,7,1,5,7,2,0,5
53791,9,9,9,2,7,1,5,7,2,0,5
53792,1,7,6,2,0,8,0,9,5,6,5
53793,4,5,8,9,3,4,3,0,8,7,7
53794,2,3,4,6,8,2,6,3,9,5,6
53795,2,0,4,4,8,2,6,3,1,5,6
53796,7,1,0,3,4,6,1,5,7,3,4
53797,2,3,4,6,8,2,6,3,9,5,6
53798,1,7,6,2,0,8,0,9,5,6,5
53799,6,5,2,7,1,5,9,2,3,2,9
53800,3,6,1,8,5,3,2,6,0,1,1
53801,8,2,7,5,9,7,8,4,6,9,8
53802,7,1,0,3,4,6,1,5,7,3,4
53803,7,1,0,3,4,6,1,5,7,3,4
53804,1,7,6,2,0,8,0,9,5,6,5
53805,9,9,9,2,7,1,5,7,2,0,5
53806,8,2,7,5,9,7,8,4,6,9,8
53807,0,4,7,0,2,7,4,1,6,8,0
53808,0,4,7,0,2,7,4,4,6,8,0
53809,2,3,4,6,8,2,6,8,9,5,6
53810,5,8,3,1,6,0,7,1,4,4,0
53811,2,3,4,6,8,2,6,8,9,5,6
53812,7,1,0,3,4,6,1,5,7,3,4
53813,8,2,5,2,9,9,8,4,6,9,5
53814,3,6,1,8,5,3,2,6,0,1,1
53815,7,1,0,3,4,6,1,5,7,3,4
53816,1,7,6,2,0,8,0,9,5,6,5
53817,2,3,4,6,8,2,6,8,9,5,8
53818,4,5,8,9,3,4,3,0,8,7,3
53819,6,5,2,7,1,5,9,2,3,2,9
53820,8,2,7,2,9,7,8,4,2,9,8
53821,5,8,3,1,6,0,7,1,4,4,7
53822,8,2,9,5,9,1,8,4,6,9,8
53823,9,9,9,2,7,1,5,7,2,0,5
53824,9,9,9,2,7,1,5,7,2,0,5
53825,6,5,2,7,1,5,9,2,3,2,9
53826,7,1,0,3,4,6,1,5,7,3,4
53827,4,5,8,9,3,4,3,0,8,7,3
53828,1,7,6,2,0,8,0,9,5,6,5
53829,2,2,7,2,8,7,6,3,2,5,8
53830,4,5,8,9,3,4,3,0,8,7,3
53831,0,4,7,0,2,7,4,4,6,8,0
53832,9,9,9,2,7,1,5,7,2,0,5
53833,9,9,9,2,7,1,5,7,2,0,5
53834,0,4,3,0,2,0,4,1,4,8,0
53835,6,5,2,7,1,5,9,2,3,2,9
53836,0,4,5,0,2,9,4,1,4,8,2
53837,6,5,2,7,1,5,9,2,3,2,9
53838,7,1,0,3,4,6,1,5,7,3,4
53839,8,2,5,5,9,9,8,4,6,9,8
53840,4,5,8,9,3,4,3,0,8,7,3
53841,0,4,7,0,2,7,4,4,6,8,0
53842,9,9,9,2,7,1,5,7,2,0,5
53843,8,2,5,5,9,9,8,4,6,9,2
53844,7,6,0,8,4,6,1,5,0,3,4
53845,0,4,3,0,2,0,4,1,4,8,0
53846,7,1,0,3,4,6,1,5,7,3,4
53847,0,4,7,0,2,7,4,4,6,8,0
53848,2,3,4,6,8,2,6,8,9,5,0
53849,9,9,9,2,7,1,5,7,2,0,5
53850,0,8,3,1,6,0,7,1,4,4,0
53851,3,0,1,4,5,3,2,6,1,1,1
53852,0,4,7,0,2,7,4,4,6,8,0
53853,0,4,3,0,2,0,4,1,4,8,0
53854,5,8,3,1,6,0,7,1,4,4,0
53855,8,2,5,5,9,9,8,4,6,9,2
53856,8,7,7,5,0,7,0,4,6,6,8
53857,3,0,1,4,5,3,2,6,1,1,1
53858,0,4,7,0,2,7,4,4,6,8,2
53859,4,0,8,4,3,4,3,3,1,7,3
53860,0,8,3,0,6,0,4,1,4,4,0
53861,3,6,1,8,5,3,2,6,0,1,1
53862,6,5,2,7,1,5,9,2,3,2,9
53863,7,1,0,3,4,6,1,5,7,3,4
53864,2,3,4,6,8,2,6,8,9,5,6
53865,2,3,4,6,8,2,6,8,9,5,6
53866,5,8,3,1,6,0,7,1,4,4,2
53867,0,4,7,0,2,7,4,1,4,8,0
53868,0,8,3,1,6,0,4,1,4,4,0
53869,4,5,8,9,3,4,3,0,8,7,3
53870,1,7,6,2,0,8,0,9,5,6,5
53871,9,9,9,2,7,1,5,7,2,0,5
53872,5,8,3,1,6,0,7,1,4,4,7
53873,0,4,7,0,2,7,4,1,4,8,0
53874,1,7,6,2,0,8,0,9,5,6,5
53875,7,1,0,3,4,6,1,5,7,3,4
53876,6,5,2,7,1,5,9,2,3,2,9
53877,4,5,8,9,3,4,3,3,8,7,3
53878,6,5,2,7,1,5,9,2,3,2,9
53879,6,5,2,7,1,5,9,2,3,2,9
53880,3,6,1,8,5,3,2,6,0,1,1
53881,3,6,1,8,5,3,2,6,0,1,1
53882,5,8,3,1,6,0,7,1,4,4,0
53883,0,4,7,0,2,7,4,4,6,8,0
53884,6,0,2,4,1,5,9,3,1,2,9
53885,2,3,4,6,8,2,6,8,9,5,6
53886,8,2,5,5,9,9,8,4,6,9,8
53887,9,9,9,2,7,1,5,7,2,0,5
53888,0,4,7,0,2,7,4,1,4,8,0
53889,7,1,0,3,4,6,1,5,7,3,4
53890,8,4,5,0,2,9,4,4,6,8,2
53891,9,9,9,2,7,1,5,7,2,0,5
53892,4,5,8,9,3,4,3,0,8,7,7
53893,3,6,1,8,5,3,2,6,0,1,1
53894,3,6,1,8,5,3,2,6,0,1,1
53895,8,2,7,5,9,7,8,4,6,9,8
53896,1,7,6,2,0,8,0,9,5,6,5
53897,3,0,1,4,5,3,2,6,1,1,1
53898,5,8,3,1,6,0,7,1,4,4,7
53899,9,9,9,2,7,1,5,7,2,0,5
53900,2,9,4,6,8,2,6,3,2,5,6
53901,6,0,2,4,1,5,9,3,1,2,9
53902,0,4,3,0,2,0,4,1,4,8,0
53903,2,0,4,4,8,2,6,8,1,5,6
53904,1,7,6,2,0,8,0,9,5,6,5
53905,8,2,7,5,9,7,8,4,6,9,8
53906,1,7,6,2,0,8,0,9,5,6,5
53907,9,9,9,2,7,1,5,3,2,0,5
53908,1,7,6,2,0,8,0,9,5,6,5
53909,3,6,1,8,5,3,2,6,0,1,1
53910,1,7,6,2,0,8,0,9,5,6,5
53911,5,2,5,5,9,9,8,4,6,9,7
53912,5,5,2,1,6,5,7,2,3,4,7
53913,2,3,4,6,8,2,6,8,9,5,6
53914,0,4,7,0,2,7,4,9,5,8,0
53915,8,2,7,5,9,7,8,4,6,9,8
53916,3,0,1,4,5,3,2,6,1,1,1
53917,3,0,1,4,5,3,2,3,1,1,1
53918,4,5,8,9,3,4,3,0,8,7,3
53919,9,9,9,2,7,1,5,7,2,0,5
53920,1,7,6,2,0,8,0,9,5,6,5
53921,6,5,2,7,1,5,9,2,3,2,9
53922,0,8,3,1,6,0,4,1,4,4,0
53923,7,1,0,3,4,6,1,5,7,3,4
53924,3,6,1,8,5,3,2,6,0,1,1
53925,8,2,7,5,9,7,8,4,6,9,8
53926,1,5,6,2,0,8,0,9,5,6,5
53927,2,3,4,6,8,2,6,8,9,5,6
53928,2,3,4,2,8,2,6,3,9,5,6
53929,4,5,8,9,3,4,3,0,8,7,3
53930,1,7,6,2,0,8,0,9,5,6,5
53931,8,2,5,5,9,9,8,4,6,9,8
53932,3,0,1,4,5,3,2,6,1,1,1
53933,2,3,4,6,8,2,6,8,9,5,6
53934,3,6,1,8,5,3,2,6,0,1,1
53935,8,2,7,5,9,7,8,4,6,9,8
53936,3,6,1,8,5,3,2,6,0,1,1
53937,9,0,1,4,7,3,5,3,1,0,1
53938,7,1,0,3,4,6,1,5,7,3,4
53939,9,9,9,2,7,1,5,7,2,0,5
53940,2,3,4,6,8,2,6,3,9,5,6
53941,6,5,2,7,1,5,9,2,3,2,9
53942,7,1,0,3,4,6,1,5,7,3,4
53943,2,3,4,6,8,2,6,8,9,5,6
53944,0,4,3,0,2,0,4,1,4,8,2
53945,8,2,7,5,9,7,8,4,6,9,8
53946,7,1,0,3,4,6,1,5,7,3,4
53947,9,9,9,2,7,1,5,3,2,0,8
53948,5,8,3,1,6,0,7,1,4,4,0
53949,4,0,1,4,3,4,3,3,1,7,3
53950,0,4,7,0,2,7,4,1,4,8,0
53951,8,2,7,5,9,1,8,4,2,9,8
53952,2,3,4,6,8,2,6,8,9,5,6
53953,2,3,4,6,8,2,6,3,9,5,6
53954,7,1,3,3,4,6,1,1,4,3,4
53955,8,2,7,5,9,7,8,4,6,9,8
53956,5,8,3,1,6,0,7,1,4,4,7
53957,3,6,1,8,5,3,2,6,0,1,1
53958,7,1,0,3,4,6,1,5,7,3,4
53959,3,0,1,4,5,3,2,6,1,1,1
53960,7,1,0,3,4,6,1,5,7,3,4
53961,8,2,5,5,9,9,8,4,6,9,8
53962,8,2,5,5,9,9,8,4,6,9,2
53963,6,5,2,7,1,5,9,2,3,2,9
53964,0,8,3,1,2,0,4,1,4,8,0
53965,8,2,7,5,9,7,8,4,6,9,8
53966,1,7,6,2,0,8,0,9,5,6,5
53967,6,5,2,7,1,5,9,2,3,2,9
53968,9,2,9,2,7,1,8,3,2,9,8
53969,4,5,8,9,3,4,3,0,8,7,3
53970,8,2,7,5,9,7,8,4,6,9,8
53971,2,0,4,4,8,2,6,3,1,5,6
53972,1,7,6,2,0,8,0,9,5,6,5
53973,2,3,4,6,8,2,6,3,9,5,6
53974,0,4,7,0,2,7,4,1,4,8,0
53975,7,1,0,3,4,6,1,5,7,3,4
53976,3,6,1,8,5,3,2,6,0,1,1
53977,8,2,5,5,9,9,8,4,6,9,8
53978,1,7,6,2,0,8,0,9,5,6,5
53979,2,0,4,4,8,2,6,3,1,5,6
53980,1,7,6,2,0,8,0,9,5,6,5
53981,4,5,8,9,3,4,3,0,8,7,3
53982,3,6,1,8,5,3,2,6,0,1,1
53983,4,5,8,9,3,4,3,3,8,7,3
53984,1,5,6,2,0,8,0,9,8,6,5
53985,8,2,7,5,9,7,8,4,6,9,8
53986,0,4,5,0,2,9,4,9,5,8,0
53987,7,1,0,3,4,6,1,5,7,3,4
53988,8,2,7,5,9,7,8,4,6,9,8
53989,6,5,2,7,1,5,9,2,3,2,9
53990,5,8,3,1,6,0,7,1,4,4,7
53991,4,5,8,9,3,4,3,3,8,7,3
53992,2,2,7,5,9,2,8,3,6,9,8
53993,4,5,8,9,3,4,3,0,8,7,3
53994,7,1,0,3,4,6,1,5,7,3,4
53995,7,1,0,3,4,6,1,5,7,3,4
53996,2,3,4,6,8,2,6,8,9,5,6
53997,2,0,4,4,8,2,6,8,1,5,6
53998,0,4,3,0,2,0,4,8,4,8,0
53999,2,0,4,4,8,2,6,3,1,5,6
54000,7,1,0,3,4,6,1,5,7,3,4
54001,2,3,4,6,8,2,6,8,9,5,6
54002,7,6,0,8,4,6,1,5,0,3,4
54003,3,0,1,4,5,3,2,6,1,1,1
54004,3,5,1,7,5,3,2,2,3,1,1
54005,9,9,9,2,7,1,5,7,2,0,5
54006,2,1,4,2,8,2,6,5,9,5,5
54007,9,9,9,5,7,1,5,7,2,0,8
54008,2,3,4,6,8,2,6,8,9,5,6
54009,8,2,7,5,9,7,8,4,6,9,8
54010,2,3,4,9,8,2,6,3,9,5,3
54011,8,5,5,5,9,9,8,2,3,9,2
54012,3,6,1,4,5,3,2,6,1,1,1
54013,7,1,0,3,4,6,1,5,7,3,4
54014,7,1,0,3,4,6,1,5,7,3,4
54015,2,2,7,5,8,7,6,3,6,5,8
54016,7,1,0,3,4,6,1,5,7,3,4
54017,8,2,7,5,9,7,8,4,6,9,8
54018,4,5,8,9,3,4,3,0,8,7,3
54019,9,9,9,2,7,1,5,7,2,0,5
54020,7,1,0,3,4,6,1,5,7,3,4
54021,8,2,7,5,9,7,8,4,6,9,8
54022,8,2,5,5,9,9,8,4,6,9,2
54023,9,9,9,2,7,1,5,7,2,0,5
54024,7,1,0,3,4,6,1,5,7,3,4
54025,6,5,2,7,1,5,9,2,3,2,9
54026,5,8,5,1,6,9,7,1,4,4,7
54027,9,9,9,2,7,1,5,7,2,0,5
54028,1,7,6,6,0,8,0,9,5,6,6
54029,7,1,0,3,4,6,1,5,7,3,4
54030,0,4,5,0,2,9,4,4,6,8,2
54031,8,2,7,5,9,7,8,4,6,9,8
54032,4,5,8,9,3,4,3,3,8,7,3
54033,6,5,2,7,1,5,9,2,3,2,9
54034,2,3,3,6,8,0,6,8,9,5,6
54035,8,2,5,5,9,9,8,4,6,9,8
54036,1,7,6,0,0,8,0,9,5,6,5
54037,8,2,5,5,9,9,8,4,6,9,8
54038,5,8,3,1,6,0,7,1,4,4,7
54039,8,2,7,5,9,7,8,4,6,9,8
54040,7,3,0,6,4,6,1,8,9,3,4
54041,8,2,7,5,9,7,8,4,6,9,8
54042,5,8,3,1,6,0,7,1,4,4,7
54043,6,5,2,7,1,5,9,2,3,2,9
54044,7,1,0,3,4,6,1,5,7,3,4
54045,2,0,7,4,8,7,6,3,1,5,8
54046,5,8,3,1,6,0,7,1,4,4,7
54047,2,3,4,6,8,2,6,3,9,5,6
54048,5,8,3,1,6,0,7,1,4,4,7
54049,4,5,8,9,3,4,3,3,8,7,3
54050,8,2,7,5,9,7,8,4,6,9,8
54051,4,5,8,9,3,4,3,3,8,7,3
54052,6,5,2,7,1,5,9,2,3,2,9
54053,2,5,4,6,8,2,6,3,9,5,6
54054,2,3,4,6,8,2,6,8,9,5,6
54055,8,2,7,5,9,7,8,4,6,9,8
54056,7,1,0,3,4,6,1,5,7,3,4
54057,8,2,7,5,9,7,8,4,6,9,8
54058,6,3,2,7,1,5,9,2,3,2,9
54059,9,9,9,2,7,1,5,7,2,0,5
54060,7,1,0,3,4,6,1,5,7,3,4
54061,9,9,9,2,7,1,5,7,2,0,5
54062,7,1,0,3,4,6,1,5,7,3,4
54063,8,2,7,5,9,7,8,3,6,9,8
54064,5,8,3,1,6,0,7,1,4,4,7
54065,6,5,5,5,1,9,9,2,3,2,2
54066,5,8,3,1,6,0,7,1,4,4,7
54067,9,9,9,2,7,1,5,3,2,0,5
54068,4,6,8,8,3,4,3,0,0,7,3
54069,8,2,7,5,9,7,8,4,6,9,8
54070,1,7,6,2,0,8,0,9,5,6,5
54071,9,9,9,2,7,1,5,7,2,0,5
54072,0,4,5,0,2,9,4,4,6,8,2
54073,7,1,0,3,4,6,1,5,7,3,4
54074,3,0,1,4,5,3,2,3,1,1,1
54075,6,5,2,7,1,5,9,2,3,2,9
54076,0,4,7,0,2,7,4,4,6,8,0
54077,2,0,4,4,8,2,6,3,1,5,6
54078,6,5,2,7,1,5,9,2,3,2,9
54079,9,9,9,2,7,1,5,7,2,0,5
54080,3,6,1,8,5,3,2,6,0,1,1
54081,5,8,3,1,6,0,7,1,4,4,7
54082,5,8,3,1,6,0,7,0,4,4,7
54083,3,0,1,4,5,3,2,3,1,1,1
54084,1,7,6,3,0,8,0,9,5,6,4
54085,8,2,7,5,9,7,8,4,6,9,8
54086,1,7,6,9,0,8,0,9,5,6,3
54087,9,9,9,2,7,1,5,7,2,0,5
54088,7,1,0,3,4,6,1,5,7,3,4
54089,3,0,1,4,5,3,2,6,1,1,1
54090,6,3,2,7,1,5,9,2,3,2,9
54091,9,9,9,2,7,1,5,7,2,0,5
54092,2,3,4,6,8,2,6,8,9,5,6
54093,2,3,4,6,8,2,6,8,9,5,6
54094,9,9,9,2,7,1,5,7,2,0,5
54095,6,5,2,7,1,5,9,2,3,2,9
54096,0,4,5,0,2,9,4,4,6,8,2
54097,8,2,7,5,9,7,8,4,6,9,8
54098,0,4,3,0,2,0,4,1,4,8,0
54099,8,2,7,5,9,7,8,4,6,9,8
54100,1,7,6,2,0,8,0,9,5,6,5
54101,3,6,1,8,5,3,2,6,0,1,1
54102,7,6,0,8,4,6,1,5,0,3,4
54103,9,9,9,2,7,1,5,7,2,0,5
54104,2,3,4,6,8,2,6,3,9,5,6
54105,6,5,2,7,1,5,9,2,3,2,9
54106,0,4,3,0,2,0,4,1,4,8,0
54107,7,1,0,3,4,6,1,5,7,3,4
54108,3,6,1,8,5,3,2,6,0,1,1
54109,0,4,7,0,2,7,4,4,6,8,0
54110,6,5,2,7,1,5,9,2,3,2,9
54111,2,1,4,6,8,2,6,5,9,5,6
54112,8,2,7,5,9,7,8,4,6,9,8
54113,4,5,8,9,3,4,3,0,8,7,3
54114,0,4,5,0,2,9,4,4,6,8,2
54115,0,4,5,0,2,9,4,4,6,8,2
54116,5,8,3,1,6,0,7,1,4,4,7
54117,7,1,0,3,4,6,1,5,7,3,4
54118,0,4,3,0,2,0,4,1,4,8,0
54119,0,8,3,1,6,0,4,1,4,4,0
54120,2,3,4,6,8,2,6,8,9,5,6
54121,3,6,1,8,5,3,2,6,0,1,1
54122,1,7,6,2,0,8,0,9,5,6,5
54123,1,7,6,2,0,8,0,9,5,6,5
54124,4,5,8,9,3,4,3,0,8,7,3
54125,6,5,2,7,1,5,9,2,3,2,9
54126,1,7,6,2,0,8,0,9,5,6,5
54127,7,1,0,3,4,6,1,5,7,3,4
54128,6,9,2,7,1,5,9,2,3,2,9
54129,8,2,7,5,9,7,8,4,6,9,8
54130,1,7,6,2,0,8,0,9,5,6,0
54131,2,3,4,6,8,2,6,3,9,5,6
54132,2,3,4,6,8,2,6,8,9,5,6
54133,4,5,8,9,3,4,3,0,8,7,3
54134,1,7,6,2,0,8,0,9,5,6,5
54135,8,2,5,5,9,9,8,4,6,9,8
54136,7,1,0,3,4,6,1,5,7,3,4
54137,2,3,4,6,8,2,6,8,9,5,6
54138,0,8,3,0,2,0,4,1,4,8,0
54139,5,8,3,1,6,0,7,1,4,4,7
54140,7,1,0,3,4,6,1,5,7,3,4
54141,3,6,1,8,5,3,2,6,0,1,1
54142,0,4,3,0,2,0,4,1,4,8,0
54143,1,7,6,2,0,8,0,9,5,6,5
54144,0,4,7,0,2,7,4,1,4,8,0
54145,6,5,2,7,1,5,9,2,3,2,9
54146,5,8,3,1,6,0,7,1,4,4,7
54147,7,1,0,3,4,6,1,5,7,3,4
54148,0,4,5,0,2,9,4,4,6,8,2
54149,5,8,3,1,6,0,7,1,4,4,7
54150,4,5,8,9,3,4,3,0,8,7,3
54151,7,1,0,3,4,6,1,5,7,3,4
54152,8,2,5,5,9,9,8,4,6,9,2
54153,4,5,8,9,3,4,3,0,8,7,3
54154,0,4,3,0,2,0,4,1,4,8,0
54155,0,4,5,0,2,9,4,4,6,8,2
54156,0,4,3,0,2,0,4,1,4,8,0
54157,7,1,0,3,4,6,1,8,7,3,4
54158,5,8,3,1,6,0,7,1,4,4,7
54159,2,3,4,6,8,2,6,3,9,5,6
54160,7,3,4,6,4,6,6,8,9,3,6
54161,4,5,8,9,3,4,3,0,8,7,3
54162,7,1,0,3,4,6,1,5,7,3,4
54163,2,3,4,6,8,2,6,8,9,5,6
54164,1,7,6,2,0,8,0,9,5,6,5
54165,9,9,9,2,7,1,5,7,2,0,5
54166,5,8,3,1,6,0,7,1,4,4,7
54167,8,4,5,0,2,9,4,4,6,8,2
54168,6,5,2,7,1,5,9,2,3,2,9
54169,6,5,2,7,1,5,9,2,3,2,9
54170,0,4,3,0,2,0,4,1,4,8,0
54171,5,8,3,1,6,0,7,1,4,4,7
54172,4,3,8,9,3,4,3,8,8,7,3
54173,1,7,6,2,0,8,0,7,5,6,5
54174,7,1,0,3,4,6,1,5,7,3,4
54175,5,8,3,1,6,0,7,1,4,4,7
54176,8,2,5,5,9,9,8,4,6,9,2
54177,9,9,9,2,7,1,5,7,2,0,5
54178,8,2,7,5,9,7,8,4,6,9,8
54179,8,2,7,5,9,7,8,4,6,9,0
54180,7,1,0,3,4,6,1,5,7,3,4
54181,8,2,7,5,9,7,8,4,6,9,8
54182,1,7,6,2,0,8,0,9,5,6,5
54183,4,5,8,9,3,4,3,0,8,7,3
54184,2,3,4,6,8,2,6,8,9,5,6
54185,7,1,0,3,4,6,1,8,7,3,4
54186,9,9,9,2,7,1,5,7,2,0,5
54187,8,2,7,5,9,7,8,4,6,9,8
54188,2,3,4,6,8,2,6,3,9,5,6
54189,2,3,4,6,8,2,6,3,9,5,6
54190,1,7,6,0,0,8,0,9,5,6,0
54191,2,5,4,6,8,2,6,5,7,5,6
54192,2,3,4,6,8,2,6,8,9,5,6
54193,8,2,5,5,9,9,8,4,6,9,8
54194,3,0,1,4,5,3,2,6,1,1,1
54195,7,1,0,3,4,6,1,5,7,3,4
54196,4,5,8,9,3,4,3,0,8,7,3
54197,5,8,3,1,6,0,7,1,4,4,7
54198,7,1,0,3,4,6,1,5,7,3,4
54199,1,7,6,3,0,8,0,9,5,6,5
54200,4,5,8,9,3,4,3,3,8,7,3
54201,7,1,0,3,4,6,1,5,7,3,4
54202,2,3,3,6,8,0,6,1,9,5,0
54203,2,3,4,6,8,2,6,5,9,5,6
54204,5,5,8,9,3,4,3,0,8,7,7
54205,4,5,8,9,3,4,3,0,8,7,3
54206,4,5,8,9,3,4,3,0,8,7,7
54207,8,2,5,5,9,9,8,4,6,9,8
54208,1,1,6,3,0,8,0,5,7,6,4
54209,2,0,4,4,8,2,6,3,1,5,6
54210,1,7,6,2,0,8,0,9,5,6,5
54211,4,5,8,9,3,4,3,0,8,7,3
54212,5,8,3,1,6,0,7,1,4,4,7
54213,1,7,6,2,0,8,0,9,5,6,5
54214,3,6,1,8,5,3,2,6,0,1,1
54215,4,5,8,9,3,4,3,3,8,7,3
54216,2,3,4,6,8,2,6,8,9,5,6
54217,2,3,4,6,8,2,6,8,9,5,6
54218,0,4,6,0,2,8,4,9,5,8,0
54219,8,2,5,5,9,9,8,4,6,9,2
54220,6,5,2,7,1,5,9,2,3,2,9
54221,3,0,1,4,5,3,2,6,1,1,1
54222,0,4,3,0,2,0,4,1,4,8,0
54223,1,7,6,2,0,8,0,9,5,6,5
54224,4,5,8,9,3,4,3,0,8,7,3
54225,7,1,0,3,4,6,1,5,7,3,4
54226,2,3,4,6,8,2,6,3,9,5,6
54227,4,5,8,9,3,4,3,3,8,7,3
54228,7,1,0,3,4,6,1,5,7,3,4
54229,3,0,1,4,5,3,2,6,1,1,1
54230,7,1,0,3,4,6,1,5,7,3,4
54231,2,3,4,6,8,2,6,8,9,5,6
54232,3,0,1,4,5,3,2,3,1,1,1
54233,7,1,0,3,4,6,1,5,7,3,4
54234,0,4,7,0,2,7,4,4,6,8,0
54235,3,6,1,8,5,3,2,6,0,1,1
54236,1,7,6,2,0,8,0,9,5,6,5
54237,4,5,8,9,3,4,3,0,8,7,3
54238,6,5,2,7,1,5,9,2,3,2,9
54239,1,7,6,2,0,8,0,9,5,6,5
54240,1,7,6,2,0,8,0,9,5,6,5
54241,7,1,0,3,4,6,1,5,7,3,4
54242,7,1,0,3,4,6,1,5,7,3,4
54243,2,3,4,6,8,2,6,8,9,5,6
54244,0,4,3,0,2,0,4,1,4,8,0
54245,0,4,7,0,2,7,4,4,6,8,0
54246,2,3,4,6,8,2,6,8,9,5,6
54247,6,5,2,7,1,5,9,2,3,2,9
54248,7,1,3,3,4,0,1,1,4,3,4
54249,7,1,0,3,4,6,1,5,7,3,4
54250,1,7,6,2,0,8,0,3,5,6,5
54251,0,4,7,0,2,7,4,1,4,8,0
54252,4,5,8,9,3,4,3,0,8,7,3
54253,8,2,5,5,9,9,8,4,6,9,8
54254,1,7,6,2,0,8,0,9,5,6,5
54255,4,5,8,9,3,4,3,0,8,7,3
54256,0,4,5,0,2,9,4,1,4,8,2
54257,0,4,7,0,2,7,4,4,6,8,0
54258,2,3,4,6,8,2,6,8,9,5,6
54259,9,9,9,2,7,1,5,7,2,0,5
54260,7,1,0,3,4,6,1,5,7,3,4
54261,8,2,7,5,9,7,8,4,6,9,8
54262,5,5,3,7,1,0,7,1,4,2,9
54263,3,0,1,4,5,3,2,6,1,1,1
54264,1,7,6,2,0,8,0,9,5,6,0
54265,4,5,8,9,3,4,3,0,8,7,3
54266,5,4,5,1,2,9,4,1,4,4,2
54267,8,2,5,5,9,9,8,4,6,9,2
54268,1,7,6,2,0,8,0,9,5,6,5
54269,1,7,6,2,0,8,0,9,5,6,5
54270,7,1,0,3,4,6,1,5,7,3,4
54271,6,5,2,7,1,5,9,2,3,2,9
54272,3,6,1,8,5,3,2,6,0,1,1
54273,7,1,0,3,4,6,1,5,7,3,4
54274,0,4,5,0,2,9,4,1,4,8,2
54275,0,4,3,0,2,0,4,1,4,8,0
54276,8,2,7,2,9,7,8,4,6,9,8
54277,6,5,2,7,1,5,9,2,3,2,9
54278,5,8,3,1,6,0,7,1,4,4,7
54279,0,4,7,0,2,7,4,1,4,8,0
54280,2,3,4,6,8,2,6,8,9,5,6
54281,2,3,4,6,8,2,6,8,9,5,6
54282,2,3,4,6,8,2,6,3,9,5,6
54283,2,3,4,6,8,2,6,5,9,5,6
54284,0,4,8,0,2,4,4,1,4,8,0
54285,2,3,4,6,8,2,6,8,9,5,6
54286,6,3,2,7,1,5,9,2,3,2,9
54287,8,2,5,5,9,9,8,4,6,9,2
54288,5,5,8,1,6,4,7,0,8,4,7
54289,2,3,4,6,8,2,6,5,9,5,6
54290,3,6,1,8,5,3,2,6,0,1,1
54291,7,1,0,3,4,6,1,5,7,3,4
54292,6,5,2,7,1,5,9,2,3,2,9
54293,9,9,9,2,7,1,5,7,2,0,5
54294,8,2,7,5,9,7,8,4,6,9,8
54295,2,3,4,6,8,2,6,8,9,5,6
54296,7,3,0,6,4,6,1,8,9,3,4
54297,6,5,2,7,1,5,9,2,3,2,9
54298,4,5,8,9,3,4,3,0,8,7,3
54299,6,5,2,7,1,5,9,2,3,2,9
54300,0,4,3,0,2,0,4,1,4,8,0
54301,7,1,0,3,4,6,1,5,7,3,4
54302,2,3,4,6,8,2,6,8,9,5,6
54303,3,5,8,9,5,4,2,0,8,1,1
54304,7,1,0,3,4,6,1,5,7,3,4
54305,6,5,2,7,1,5,9,2,3,2,9
54306,6,5,2,7,1,5,9,2,3,2,9
54307,0,4,7,0,2,7,4,4,6,8,0
54308,2,3,4,6,8,2,6,8,9,5,6
54309,5,8,3,1,6,0,7,1,4,4,7
54310,1,7,6,2,0,8,0,9,5,6,5
54311,8,2,7,5,9,7,8,4,6,9,8
54312,5,8,3,1,6,0,7,1,4,4,7
54313,3,0,1,4,5,3,2,6,1,1,1
54314,1,7,6,2,0,8,0,9,5,6,5
54315,6,5,2,7,1,5,9,2,3,2,9
54316,4,5,8,9,3,4,3,0,8,7,7
54317,0,4,5,0,2,9,4,1,6,8,2
54318,1,7,6,2,0,8,0,9,5,6,5
54319,0,4,7,0,2,7,4,1,4,8,0
54320,3,0,1,4,5,3,2,6,1,1,1
54321,0,4,7,0,2,7,4,4,6,8,0
54322,1,7,6,2,0,8,0,9,5,6,5
54323,0,4,3,0,2,7,4,1,4,8,0
54324,8,2,7,5,9,7,8,4,6,9,8
54325,6,5,2,7,1,5,9,2,3,2,9
54326,6,5,2,7,1,5,9,2,3,2,9
54327,2,3,4,6,8,2,6,8,9,5,6
54328,7,0,0,4,4,6,1,5,1,3,4
54329,9,9,9,2,7,1,5,7,2,0,5
54330,6,5,2,7,1,5,9,2,3,2,9
54331,7,1,0,3,4,6,1,5,7,3,4
54332,4,5,8,9,3,4,3,0,8,7,3
54333,4,5,8,9,3,4,3,0,8,7,3
54334,0,4,7,0,2,7,4,4,6,8,0
54335,0,4,7,0,2,7,4,9,5,8,0
54336,7,1,0,3,4,6,1,5,7,3,4
54337,2,3,4,6,8,2,6,8,9,5,6
54338,6,5,2,7,1,5,9,2,3,2,9
54339,7,1,0,3,4,6,1,5,7,3,4
54340,1,7,6,2,0,8,0,9,5,6,5
54341,2,3,4,6,8,2,6,8,9,5,6
54342,1,7,6,2,0,8,0,9,5,6,5
54343,7,1,0,3,4,6,1,5,7,3,4
54344,2,3,4,6,8,2,6,8,9,5,6
54345,4,5,8,9,3,4,3,3,8,7,3
54346,2,3,4,6,8,2,6,8,9,5,6
54347,8,2,7,5,9,7,8,4,6,9,8
54348,4,5,8,9,3,4,3,0,8,7,3
54349,3,0,1,4,8,3,2,3,1,1,1
54350,7,1,0,3,4,6,1,5,7,3,4
54351,3,0,1,4,5,3,2,6,1,1,1
54352,9,9,9,2,7,1,5,7,2,0,5
54353,1,7,6,2,0,8,0,9,5,6,5
54354,3,6,1,8,5,3,2,6,0,1,1
54355,6,5,2,7,1,5,9,2,3,2,9
54356,3,6,1,8,5,3,2,6,0,1,1
54357,7,1,0,3,4,6,1,5,7,3,4
54358,0,4,7,0,2,7,4,1,4,8,0
54359,5,8,3,1,6,0,7,1,4,4,7
54360,5,5,8,1,6,4,7,0,8,4,7
54361,7,1,0,3,4,6,1,5,7,3,4
54362,2,3,4,6,8,2,6,8,9,5,6
54363,4,5,8,9,3,4,3,0,8,7,3
54364,8,2,5,5,9,9,8,4,6,9,2
54365,0,4,5,0,2,9,4,4,6,8,2
54366,7,1,0,3,4,6,1,5,7,3,4
54367,2,3,4,6,8,2,6,8,9,5,6
54368,3,6,1,8,5,3,2,6,0,1,1
54369,8,2,7,5,9,7,8,4,6,9,8
54370,4,5,8,9,3,4,3,0,8,7,3
54371,3,6,1,8,5,3,2,6,0,1,1
54372,0,4,5,0,2,9,4,1,4,8,2
54373,1,7,6,2,0,8,0,9,5,6,5
54374,8,2,7,5,9,7,8,4,6,9,8
54375,6,5,2,7,1,5,9,2,3,2,9
54376,5,8,3,1,6,0,7,1,4,4,7
54377,7,1,0,3,4,6,1,8,7,3,4
54378,1,7,6,2,0,8,0,9,5,6,5
54379,5,8,3,1,6,0,7,1,4,4,7
54380,1,7,6,2,0,8,0,7,5,6,5
54381,7,1,0,3,4,6,1,5,7,3,4
54382,5,8,3,1,6,0,7,1,4,4,7
54383,4,5,8,9,3,4,3,0,8,7,3
54384,1,7,6,2,0,8,0,9,5,6,5
54385,0,4,5,0,2,9,4,4,6,8,2
54386,0,4,7,0,2,7,4,8,9,8,0
54387,2,3,4,6,8,2,6,8,9,5,6
54388,1,7,6,0,0,8,0,9,5,6,5
54389,0,4,7,0,2,7,4,4,6,8,0
54390,4,5,8,9,3,4,3,0,8,7,3
54391,3,6,1,8,5,3,2,6,0,1,1
54392,3,0,1,4,5,3,2,6,1,1,1
54393,1,7,6,2,0,8,0,9,5,6,5
54394,1,7,6,2,0,8,0,3,5,6,5
54395,5,5,8,9,3,4,7,0,8,7,7
54396,0,4,5,0,2,9,4,4,6,8,2
54397,7,1,0,3,4,6,1,5,7,3,4
54398,7,3,6,2,4,8,1,8,9,3,5
54399,0,8,3,0,2,0,4,1,4,8,0
54400,7,1,0,3,4,6,1,5,7,3,4
54401,7,1,0,3,4,6,1,5,7,3,4
54402,1,7,6,0,0,8,0,9,5,6,5
54403,5,5,8,1,6,4,7,0,8,4,7
54404,3,6,1,8,5,3,2,6,0,1,1
54405,0,4,5,0,2,9,4,1,4,8,2
54406,7,1,0,3,4,6,1,5,7,3,4
54407,2,3,4,6,8,2,6,8,9,5,6
54408,6,1,2,7,1,5,9,2,3,2,9
54409,4,5,8,9,3,4,3,0,8,7,3
54410,8,2,7,5,9,7,8,4,6,9,8
54411,2,0,4,4,8,2,6,3,1,5,6
54412,0,4,7,0,2,7,4,4,6,8,0
54413,7,1,0,3,4,6,1,5,7,3,4
54414,3,6,1,8,5,3,2,6,0,1,1
54415,5,8,3,1,6,0,7,1,4,4,7
54416,1,7,6,2,0,8,0,9,5,6,5
54417,1,7,6,2,0,8,0,9,5,6,5
54418,1,7,6,2,0,8,0,9,5,6,5
54419,5,8,3,1,6,0,7,1,4,4,7
54420,4,5,8,9,3,4,3,0,8,7,3
54421,3,6,1,8,5,3,2,6,0,1,1
54422,5,8,3,1,6,0,7,1,4,4,7
54423,2,3,4,6,8,2,6,8,9,5,6
54424,6,5,2,7,1,5,9,2,3,2,9
54425,5,5,8,1,6,4,7,0,8,4,7
54426,0,4,3,0,2,0,4,1,4,8,2
54427,0,8,3,0,2,0,4,1,4,8,0
54428,1,7,6,2,0,8,0,9,5,6,5
54429,7,1,0,3,4,6,1,5,7,3,4
54430,0,4,3,0,2,0,4,1,4,8,0
54431,5,8,3,1,6,0,7,1,4,4,7
54432,6,1,2,7,1,5,9,2,3,2,9
54433,4,5,8,9,3,4,3,3,8,7,3
54434,1,7,6,2,0,8,0,9,5,6,5
54435,8,2,5,5,9,9,8,4,6,9,2
54436,0,4,3,0,2,0,4,1,4,8,5
54437,2,3,4,6,8,2,6,8,9,5,6
54438,1,7,6,2,0,8,0,9,5,6,5
54439,0,4,5,0,2,9,4,4,6,8,2
54440,6,1,2,7,1,5,9,2,3,2,9
54441,0,4,5,0,2,9,4,1,4,8,2
54442,2,3,4,6,8,2,6,3,9,5,6
54443,0,4,7,0,2,7,4,4,6,8,0
54444,7,1,0,3,4,6,1,5,7,3,4
54445,3,0,1,4,5,3,2,6,1,1,1
54446,7,1,0,3,4,6,1,5,7,3,4
54447,0,4,7,0,2,7,4,4,6,8,0
54448,7,3,0,3,4,6,1,8,7,3,4
54449,0,4,3,0,2,0,4,1,4,8,0
54450,2,3,4,6,8,2,6,8,9,5,6
54451,0,4,7,0,2,7,4,1,4,8,0
54452,1,7,6,2,0,8,0,9,5,6,5
54453,8,2,5,5,9,9,8,4,6,9,2
54454,6,5,2,7,1,5,9,2,3,2,9
54455,5,8,3,1,6,0,7,1,4,4,0
54456,6,5,2,7,1,5,9,2,3,2,9
54457,6,5,2,7,1,5,9,2,3,2,9
54458,1,7,6,2,0,8,0,9,5,6,5
54459,3,6,1,8,5,3,2,6,0,1,1
54460,7,1,0,3,4,6,1,5,7,3,4
54461,7,1,0,3,4,6,1,5,7,3,4
54462,4,5,8,9,3,4,3,3,8,7,3
54463,2,3,4,6,8,2,6,8,9,5,6
54464,3,6,1,8,5,3,2,6,0,1,1
54465,7,1,0,3,4,6,1,5,7,3,4
54466,5,8,3,1,6,0,7,1,4,4,7
54467,0,4,7,0,2,7,4,1,4,8,0
54468,1,7,6,2,0,8,0,9,5,6,5
54469,7,1,0,3,4,6,1,5,7,3,4
54470,1,7,6,2,0,8,0,9,5,6,5
54471,2,3,4,6,8,2,6,8,9,5,6
54472,5,8,3,1,6,0,7,1,4,4,7
54473,5,8,3,1,6,0,7,1,4,4,7
54474,3,6,1,8,5,3,2,6,0,1,1
54475,4,0,8,4,3,4,3,0,1,7,3
54476,7,1,0,3,4,6,1,5,7,3,4
54477,0,4,3,0,2,0,4,1,4,8,0
54478,0,4,5,0,2,9,4,4,6,8,2
54479,1,7,6,2,0,8,0,9,5,6,5
54480,6,5,2,7,1,5,9,2,3,2,9
54481,7,1,0,3,4,6,1,5,7,3,4
54482,0,4,5,0,2,9,4,9,5,8,2
54483,7,1,0,3,4,6,1,5,7,3,4
54484,6,5,2,7,1,5,9,2,3,2,9
54485,1,7,6,2,0,8,0,9,5,6,5
54486,3,6,1,8,5,3,2,6,0,1,1
54487,7,1,0,3,4,6,1,5,7,3,4
54488,7,1,0,3,4,6,1,1,7,3,4
54489,1,7,6,2,0,8,0,9,5,6,5
54490,4,5,8,9,3,4,3,0,8,7,3
54491,7,1,0,3,4,6,1,5,7,3,4
54492,7,3,0,6,4,6,1,8,9,3,3
54493,7,1,0,3,4,6,1,8,7,3,4
54494,0,4,5,0,2,9,4,4,6,8,2
54495,2,3,4,6,8,2,6,8,9,5,6
54496,4,5,8,9,3,4,3,0,8,7,3
54497,8,2,5,5,9,9,8,4,6,9,2
54498,0,3,7,6,2,7,4,8,9,8,0
54499,7,1,0,3,4,6,1,5,7,3,4
54500,7,1,0,3,4,6,1,5,7,3,4
54501,9,9,9,2,7,1,5,7,2,0,5
54502,7,6,0,8,4,6,1,5,0,3,4
54503,4,5,8,9,3,4,3,0,8,7,3
54504,0,4,7,0,2,7,4,4,6,8,0
54505,2,3,4,6,8,2,6,8,9,5,6
54506,1,7,6,2,0,8,0,9,5,6,5
54507,7,1,0,3,4,6,1,5,7,3,4
54508,1,7,6,2,0,8,0,9,5,6,5
54509,5,8,3,1,6,0,7,1,4,4,7
54510,8,2,7,5,9,7,8,4,6,9,8
54511,6,5,2,7,1,5,9,2,3,2,9
54512,3,0,1,4,5,3,2,6,1,1,1
54513,6,5,2,7,1,5,9,2,3,2,9
54514,7,1,0,3,4,6,1,5,7,3,4
54515,3,6,1,8,5,3,2,6,0,1,1
54516,7,1,0,3,4,6,1,5,7,3,4
54517,0,4,3,0,2,0,4,1,4,8,0
54518,4,5,8,9,3,4,3,0,8,7,3
54519,6,5,2,7,1,5,9,2,3,2,9
54520,7,1,0,3,4,6,1,5,7,3,4
54521,8,2,7,5,9,1,8,4,2,9,8
54522,0,4,5,0,2,9,4,4,6,8,2
54523,4,5,8,9,3,4,3,0,8,7,3
54524,2,7,4,3,8,2,6,3,5,5,6
54525,7,1,0,3,4,6,1,8,9,3,6
54526,7,1,0,3,4,6,1,5,7,3,4
54527,6,5,2,7,1,5,9,2,3,2,9
54528,7,1,0,3,4,6,1,5,7,3,4
54529,0,4,3,0,2,0,4,1,4,8,2
54530,2,3,6,2,8,8,6,8,9,5,5
54531,7,1,0,3,4,6,1,5,7,3,4
54532,1,7,6,2,0,8,0,9,5,6,5
54533,1,7,6,2,0,8,0,9,5,6,5
54534,7,1,0,3,4,6,1,5,7,3,4
54535,7,1,0,3,4,6,1,5,7,3,4
54536,5,8,3,1,6,0,7,1,4,4,2
54537,4,5,8,9,3,4,3,0,8,7,3
54538,0,8,3,0,2,0,4,1,4,8,0
54539,5,5,8,9,3,4,3,0,8,7,7
54540,0,4,3,0,2,0,4,1,4,8,2
54541,6,5,2,7,1,5,9,2,3,2,9
54542,0,4,3,0,2,0,4,1,4,8,0
54543,1,7,6,2,0,8,0,9,5,6,5
54544,9,9,9,2,7,1,5,7,2,0,5
54545,6,5,2,7,1,5,9,2,3,2,9
54546,0,4,3,0,2,0,4,1,4,8,0
54547,5,5,8,9,3,4,3,0,8,7,7
54548,0,4,7,0,2,7,4,1,4,8,0
54549,3,6,1,8,5,3,2,6,0,1,1
54550,7,1,0,3,4,6,1,5,7,3,4
54551,2,3,4,6,8,2,6,8,9,5,6
54552,1,7,6,2,0,8,0,9,5,6,5
54553,6,5,2,7,1,5,9,2,3,2,9
54554,9,9,9,2,7,1,5,7,2,0,5
54555,0,4,5,0,2,9,4,1,4,8,2
54556,4,8,8,9,3,4,3,0,8,7,7
54557,9,9,9,2,7,1,5,7,2,0,5
54558,8,2,7,5,9,7,8,4,6,9,8
54559,7,1,0,3,4,6,1,5,7,3,4
54560,7,1,0,3,4,6,1,5,7,3,4
54561,8,4,5,0,2,9,4,4,6,8,2
54562,7,1,0,3,4,6,1,5,7,3,4
54563,8,2,7,5,9,7,8,4,6,9,0
54564,2,3,4,6,8,2,6,8,9,5,6
54565,8,2,5,5,9,9,8,4,6,9,2
54566,7,1,0,3,4,6,1,5,7,3,4
54567,8,2,7,5,9,7,8,4,6,9,8
54568,7,1,0,3,4,6,1,5,7,3,4
54569,2,3,4,6,8,2,6,8,9,5,6
54570,4,5,8,8,3,4,3,0,8,7,3
54571,0,8,3,0,2,0,4,1,4,8,0
54572,4,5,8,9,3,4,3,0,8,7,3
54573,6,1,2,7,1,5,9,2,3,2,9
54574,4,5,8,9,3,4,3,3,8,7,3
54575,0,4,7,0,2,7,4,1,4,8,0
54576,1,7,6,2,0,8,0,9,5,6,5
54577,7,1,0,3,4,6,1,5,7,3,4
54578,5,8,3,1,6,0,7,1,4,4,7
54579,1,7,6,2,0,8,0,9,5,6,5
54580,1,7,6,2,0,8,0,9,5,6,5
54581,7,1,0,3,4,6,1,5,7,3,4
54582,0,4,3,0,2,0,4,1,4,8,0
54583,4,5,8,9,3,4,3,0,8,7,3
54584,5,8,3,1,6,0,7,1,4,4,7
54585,2,3,4,6,8,2,6,8,9,5,6
54586,1,7,6,2,0,8,0,9,5,6,5
54587,7,1,0,3,4,6,1,5,7,3,4
54588,5,8,3,1,6,0,7,1,4,4,7
54589,7,1,0,3,4,6,1,5,7,3,6
54590,9,9,9,2,7,1,5,7,2,0,5
54591,4,5,8,9,3,4,3,0,8,7,3
54592,5,8,3,1,6,0,7,1,4,4,7
54593,2,3,4,6,8,2,6,8,9,5,6
54594,7,3,4,6,4,6,1,8,9,3,6
54595,3,0,1,4,5,3,2,6,1,1,1
54596,7,1,0,3,4,6,1,5,7,3,4
54597,3,6,1,8,5,3,2,6,0,1,1
54598,7,1,0,3,4,6,1,5,7,3,4
54599,0,4,3,0,2,0,4,1,4,8,0
54600,3,6,1,8,5,3,2,6,0,1,1
54601,0,4,7,0,2,7,4,1,4,8,0
54602,2,3,4,9,8,2,6,3,9,5,3
54603,7,1,0,3,4,6,1,5,7,3,4
54604,7,1,0,3,4,6,1,5,7,3,4
54605,1,7,6,2,0,8,0,9,5,6,5
54606,8,2,7,5,9,7,8,4,6,9,2
54607,1,7,6,2,0,8,0,9,5,6,5
54608,7,1,0,3,4,6,1,5,7,3,4
54609,3,6,1,8,5,3,2,6,0,1,1
54610,4,5,8,9,3,4,3,0,8,7,3
54611,1,7,6,2,0,8,0,9,5,6,5
54612,5,8,3,1,6,0,7,1,4,4,7
54613,6,5,2,7,1,5,9,2,3,2,9
54614,1,7,6,2,0,8,0,9,5,6,5
54615,7,1,0,3,4,6,1,5,7,3,4
54616,7,1,0,3,4,6,1,5,7,3,4
54617,0,4,3,0,2,0,4,1,4,8,0
54618,4,5,8,9,3,4,3,0,8,7,3
54619,2,3,4,6,8,2,6,8,9,5,6
54620,3,6,1,8,5,3,2,6,0,1,1
54621,4,5,8,9,3,4,3,3,8,7,3
54622,7,1,0,3,4,6,1,5,7,3,4
54623,0,4,5,0,2,9,4,4,6,8,2
54624,7,1,0,3,4,6,1,5,7,3,4
54625,2,3,4,6,8,2,6,8,9,5,6
54626,7,1,0,3,4,6,1,5,7,3,4
54627,0,4,7,0,2,7,4,1,4,8,0
54628,1,7,6,2,0,8,0,9,5,6,5
54629,3,6,1,8,5,3,2,6,0,1,1
54630,4,5,8,9,3,4,3,0,8,7,3
54631,1,7,6,2,0,8,0,9,5,6,5
54632,8,2,5,5,9,9,8,4,6,9,2
54633,6,5,2,7,1,5,9,2,3,2,9
54634,0,8,3,1,6,0,4,1,4,4,0
54635,7,1,0,3,4,6,1,5,7,3,4
54636,2,3,4,6,8,2,6,8,9,5,6
54637,0,4,3,0,2,0,4,1,4,8,0
54638,0,4,5,0,2,9,4,1,4,8,2
54639,2,2,4,6,8,2,6,3,9,5,8
54640,7,1,0,3,4,6,1,5,7,3,4
54641,4,5,8,9,3,4,3,3,8,7,3
54642,3,6,1,8,5,3,2,6,0,1,1
54643,8,2,5,5,9,9,8,4,6,9,2
54644,8,2,5,5,9,9,8,4,6,9,2
54645,2,3,4,6,8,2,6,8,9,5,6
54646,5,5,2,7,1,5,9,0,8,2,7
54647,0,4,7,0,2,7,4,4,6,8,0
54648,7,1,0,3,4,6,1,5,7,3,4
54649,3,0,1,4,5,3,2,6,1,1,1
54650,0,4,7,0,2,7,4,4,6,8,0
54651,1,7,6,2,0,8,0,9,5,6,5
54652,4,5,8,9,3,4,3,0,8,7,3
54653,6,5,2,7,1,5,9,2,3,2,9
54654,2,3,4,6,8,2,6,3,9,5,6
54655,7,1,0,3,4,6,1,5,7,3,4
54656,2,3,4,6,8,2,6,8,9,5,6
54657,0,4,7,0,2,7,4,1,4,8,0
54658,7,1,0,3,4,6,1,5,7,3,4
54659,2,3,4,6,8,2,6,8,9,5,6
54660,7,1,0,3,4,6,1,5,7,3,4
54661,4,5,8,9,3,4,3,0,8,7,3
54662,4,5,8,9,3,4,3,0,8,7,3
54663,0,4,5,0,2,9,4,4,6,8,2
54664,1,7,6,2,0,8,0,9,5,6,5
54665,2,3,4,6,8,2,6,8,9,5,6
54666,0,4,3,0,2,0,4,1,4,8,0
54667,0,4,3,0,2,0,4,1,4,8,0
54668,5,8,3,1,6,0,7,1,4,4,0
54669,0,4,5,0,2,9,4,4,6,8,2
54670,2,3,4,6,8,2,6,8,9,5,6
54671,2,3,4,6,8,2,6,3,9,5,6
54672,5,8,3,1,6,0,7,1,4,4,7
54673,2,2,7,5,9,2,8,3,6,9,8
54674,7,3,0,6,4,6,1,8,9,3,4
54675,9,9,9,2,7,1,5,7,2,0,5
54676,1,7,6,2,0,8,0,9,5,6,5
54677,0,4,3,0,2,0,4,1,4,8,0
54678,1,7,6,0,0,8,0,9,5,6,5
54679,0,4,7,0,2,7,4,1,4,8,0
54680,6,5,2,7,1,5,9,2,3,2,9
54681,0,4,5,0,2,9,4,4,6,8,2
54682,5,8,3,1,6,0,7,1,4,4,4
54683,9,9,9,2,7,1,5,7,2,0,5
54684,7,1,0,3,4,6,1,5,7,3,4
54685,2,0,4,4,8,2,6,3,1,5,6
54686,5,8,3,1,6,0,7,1,4,4,7
54687,8,2,7,5,9,7,8,4,6,9,8
54688,0,4,3,0,2,0,4,1,4,8,2
54689,3,0,1,4,5,3,2,3,1,1,1
54690,7,6,0,8,4,6,1,5,0,3,4
54691,0,4,5,0,2,9,4,4,6,8,2
54692,9,9,9,2,7,1,5,7,2,0,5
54693,9,9,9,2,7,1,5,7,2,0,5
54694,2,3,4,2,8,2,6,9,9,5,6
54695,8,2,5,5,9,9,8,4,6,9,2
54696,0,4,5,0,2,9,4,4,6,8,2
54697,7,1,0,3,4,6,1,5,7,3,4
54698,5,8,3,1,6,0,7,1,4,4,0
54699,4,5,8,9,3,4,3,0,8,7,3
54700,7,1,0,3,4,6,1,5,7,3,4
54701,8,2,4,5,9,2,8,4,6,9,8
54702,5,8,3,1,6,0,7,1,4,4,7
54703,2,0,4,4,8,2,6,3,1,5,6
54704,7,1,0,3,4,6,1,5,7,3,4
54705,2,3,4,6,8,2,6,8,9,5,6
54706,7,1,0,3,4,6,1,5,7,3,4
54707,7,1,0,3,4,6,1,5,7,3,4
54708,9,9,9,2,7,1,5,7,2,0,5
54709,6,5,2,7,1,5,9,2,3,2,9
54710,5,8,3,1,6,0,7,1,4,4,7
54711,2,3,4,6,8,2,6,3,9,5,6
54712,2,3,4,6,8,2,6,8,9,5,6
54713,0,4,3,0,2,0,4,1,4,8,0
54714,6,5,2,7,1,5,9,2,3,2,9
54715,3,0,1,4,5,3,2,6,1,1,1
54716,1,7,6,2,0,8,0,9,5,6,5
54717,4,5,8,9,3,4,3,0,8,7,3
54718,0,4,7,0,2,7,4,4,6,8,0
54719,1,7,6,2,0,8,0,9,5,6,5
54720,9,9,9,2,7,1,5,7,2,0,5
54721,0,4,5,0,2,9,4,1,4,8,2
54722,2,3,4,6,8,2,6,8,9,5,6
54723,9,9,9,2,7,1,5,3,2,0,8
54724,7,1,0,3,4,6,1,5,7,3,4
54725,2,3,4,6,8,2,6,8,9,5,6
54726,2,3,4,6,8,2,6,8,9,5,6
54727,2,3,4,6,8,2,6,8,9,5,6
54728,3,0,1,4,5,3,2,6,1,1,1
54729,5,8,3,1,6,0,7,1,4,4,7
54730,7,1,0,3,4,6,1,5,7,3,4
54731,8,2,5,5,9,9,8,4,6,9,2
54732,0,4,5,0,2,9,4,4,6,8,2
54733,4,5,8,9,3,4,3,0,8,7,3
54734,0,4,5,0,2,9,4,4,6,8,2
54735,2,3,4,6,8,2,6,8,9,5,6
54736,7,1,0,3,4,6,1,5,7,3,4
54737,6,5,2,7,1,5,9,2,3,2,9
54738,0,4,3,0,2,0,4,1,4,8,0
54739,7,1,0,3,4,6,1,5,7,3,4
54740,8,2,9,5,9,1,8,7,2,9,8
54741,2,3,4,6,8,2,6,8,9,5,6
54742,8,2,7,5,9,7,8,4,6,9,8
54743,0,4,7,0,2,7,4,4,6,8,0
54744,1,7,7,2,0,7,0,9,5,6,0
54745,0,4,7,0,2,7,4,1,4,8,0
54746,7,1,0,3,4,6,1,5,7,3,4
54747,2,3,4,6,8,2,6,8,9,5,6
54748,5,8,3,1,6,0,7,1,4,4,7
54749,2,3,4,6,8,2,6,8,9,5,6
54750,2,3,4,6,8,2,6,8,9,5,6
54751,0,4,5,0,2,9,4,1,4,8,2
54752,1,7,6,2,0,8,0,9,5,6,5
54753,9,9,9,2,7,1,5,7,2,0,5
54754,7,9,0,3,4,6,5,7,7,0,4
54755,3,0,1,4,5,3,2,3,1,1,1
54756,1,7,6,2,0,8,0,9,5,6,5
54757,2,3,4,6,8,2,6,8,9,5,6
54758,9,9,9,2,7,1,5,7,2,0,5
54759,0,4,5,0,2,9,4,4,6,8,2
54760,8,4,5,0,2,9,4,4,6,8,2
54761,8,4,5,5,9,9,8,4,6,9,2
54762,5,8,3,1,6,0,7,1,4,4,7
54763,8,2,7,5,9,7,8,4,6,9,8
54764,3,6,1,8,5,3,2,6,0,1,1
54765,6,5,2,7,1,5,9,2,3,2,9
54766,5,8,3,1,6,0,7,1,4,4,7
54767,2,3,4,6,8,2,6,8,9,5,6
54768,6,5,2,7,1,5,9,2,3,2,9
54769,8,2,7,5,9,7,8,4,6,9,8
54770,5,8,3,1,6,0,7,1,4,4,7
54771,4,5,8,9,3,4,3,0,8,7,3
54772,7,1,0,3,4,6,1,5,7,3,4
54773,9,9,9,2,7,1,5,7,2,0,5
54774,2,3,4,6,8,2,6,8,9,5,6
54775,9,9,9,2,7,1,5,7,2,0,5
54776,4,5,8,9,3,4,3,3,8,7,3
54777,0,4,7,0,2,7,4,4,6,8,0
54778,1,7,6,2,0,8,0,9,5,6,0
54779,9,9,9,2,7,1,5,3,2,0,8
54780,7,1,0,3,4,6,1,5,7,3,4
54781,9,9,9,2,7,1,5,3,2,0,8
54782,6,0,2,7,1,5,9,2,3,2,9
54783,3,0,1,4,5,3,2,6,1,1,1
54784,9,9,9,2,7,1,5,7,2,0,5
54785,0,4,7,0,2,7,4,4,6,8,0
54786,1,7,6,2,0,8,0,9,5,6,5
54787,2,3,4,6,8,2,6,8,9,5,6
54788,5,8,3,1,6,0,7,0,4,4,7
54789,8,4,5,0,2,9,8,4,6,8,2
54790,6,5,2,7,1,5,9,2,3,2,9
54791,8,2,7,5,9,7,8,4,6,9,8
54792,0,4,5,0,2,9,4,9,6,8,2
54793,8,4,7,5,9,7,8,4,6,9,8
54794,1,7,6,2,0,8,0,9,5,6,5
54795,6,5,2,7,1,5,9,2,3,2,9
54796,6,5,2,7,1,5,9,2,3,2,9
54797,7,1,0,3,4,6,1,5,7,3,4
54798,7,1,0,3,4,6,1,5,7,3,4
54799,4,5,8,9,3,4,3,0,8,7,3
54800,3,0,1,4,5,3,2,6,1,1,1
54801,0,4,7,0,2,7,4,4,6,8,0
54802,5,5,8,1,6,4,7,0,8,4,7
54803,1,7,6,2,0,8,0,9,5,6,5
54804,3,6,1,8,5,3,2,6,0,1,1
54805,6,3,2,7,1,5,9,2,3,2,9
54806,6,5,2,7,1,5,9,2,3,2,9
54807,0,4,7,0,2,7,4,1,4,8,0
54808,3,6,1,8,5,3,2,6,0,1,1
54809,1,7,6,2,0,8,0,9,5,6,5
54810,7,1,0,3,4,6,1,5,7,3,4
54811,2,2,7,5,8,7,8,3,6,9,8
54812,3,0,1,4,5,3,2,6,1,1,1
54813,5,8,3,1,6,0,7,1,4,4,7
54814,6,5,2,7,1,5,9,3,3,2,9
54815,6,5,2,7,1,5,9,2,3,2,9
54816,1,7,6,2,0,8,0,9,5,6,5
54817,3,0,1,4,5,3,2,3,1,1,1
54818,0,4,5,0,2,9,4,1,4,8,2
54819,8,2,7,5,9,7,8,4,6,9,8
54820,4,5,8,9,3,4,3,0,8,7,3
54821,2,3,4,6,8,2,6,8,9,5,6
54822,3,6,1,8,5,3,2,6,0,1,1
54823,4,5,8,9,3,4,3,0,8,7,3
54824,1,7,6,2,0,8,0,9,5,6,5
54825,9,9,9,2,7,1,5,7,2,0,5
54826,0,4,7,0,2,7,4,1,4,8,0
54827,8,2,7,5,9,7,8,4,6,9,8
54828,7,1,0,3,4,6,1,5,7,3,4
54829,2,3,4,6,8,2,6,8,9,5,6
54830,4,5,8,9,3,4,3,0,8,7,3
54831,6,5,2,7,1,5,9,2,3,2,9
54832,3,6,1,8,5,3,2,6,0,1,1
54833,3,0,1,4,5,3,2,3,1,1,1
54834,1,7,6,2,0,8,0,9,5,6,5
54835,3,0,1,4,5,3,2,3,1,1,1
54836,2,3,4,6,8,2,6,3,9,5,6
54837,6,5,2,7,1,5,9,2,3,2,9
54838,6,5,2,7,1,5,9,2,3,2,9
54839,2,2,4,5,8,2,6,3,9,5,8
54840,6,5,2,7,1,5,9,2,3,2,9
54841,4,5,8,9,3,4,3,0,8,7,3
54842,2,3,4,6,8,2,6,8,9,5,6
54843,0,4,5,0,2,9,4,4,6,8,2
54844,3,6,1,8,5,3,2,6,0,1,1
54845,7,1,0,3,4,6,1,5,7,3,4
54846,2,3,4,6,8,2,6,8,9,5,6
54847,4,5,8,9,3,4,3,0,8,7,3
54848,1,7,6,2,0,8,0,9,5,6,5
54849,2,3,4,6,8,2,6,8,9,5,6
54850,0,4,3,0,2,0,4,1,4,8,0
54851,4,5,8,9,3,4,3,3,8,7,3
54852,8,2,7,5,9,7,8,4,6,9,8
54853,3,0,1,4,5,3,2,6,1,1,1
54854,6,5,2,7,1,5,9,2,3,2,9
54855,9,9,9,2,7,1,5,7,2,0,5
54856,1,7,6,2,0,8,0,9,5,6,5
54857,6,5,2,7,1,5,9,2,3,2,9
54858,7,1,0,3,4,6,1,5,7,3,4
54859,2,3,4,6,8,2,6,8,9,5,6
54860,5,8,3,1,6,0,7,1,4,4,7
54861,8,2,7,5,9,7,8,3,2,9,8
54862,2,3,4,6,8,2,6,8,9,5,6
54863,8,2,5,5,9,9,8,4,6,9,8
54864,1,7,6,2,0,8,0,9,5,6,5
54865,3,0,1,4,5,3,2,3,1,1,1
54866,6,5,2,7,1,5,9,2,3,2,9
54867,2,3,4,6,8,2,6,8,9,5,6
54868,7,6,0,8,4,6,1,5,0,3,4
54869,8,2,7,5,9,7,8,3,6,9,8
54870,1,7,6,2,0,8,0,9,5,6,5
54871,8,2,7,5,9,9,8,4,6,9,8
54872,1,7,6,2,0,8,0,9,5,6,5
54873,3,0,1,4,5,3,2,3,1,1,1
54874,0,4,6,0,2,8,4,9,5,8,0
54875,9,9,9,2,7,1,5,7,2,0,5
54876,1,7,6,2,0,8,0,9,5,6,5
54877,6,5,2,7,1,5,9,3,3,2,8
54878,0,4,6,0,2,8,4,9,5,8,0
54879,2,2,7,5,9,2,8,3,6,9,8
54880,5,8,3,1,6,0,7,1,4,4,7
54881,8,2,7,5,9,7,8,3,8,9,8
54882,5,8,3,1,6,0,7,1,4,4,2
54883,9,9,9,2,7,1,5,7,2,0,5
54884,2,3,4,6,8,2,6,8,9,5,6
54885,6,5,2,7,1,5,9,3,1,2,9
54886,1,7,6,2,0,8,0,9,5,6,5
54887,8,2,7,5,9,7,8,4,6,9,8
54888,2,3,4,6,8,2,6,3,9,5,6
54889,2,3,4,6,8,2,6,8,9,5,6
54890,8,2,5,5,9,9,8,4,6,9,8
54891,8,2,5,5,9,9,8,4,6,9,8
54892,7,1,0,3,4,6,1,5,7,3,4
54893,6,5,2,7,1,5,9,2,3,2,9
54894,6,5,2,7,1,5,9,2,3,2,9
54895,8,2,7,5,9,7,8,4,6,9,8
54896,8,2,7,5,9,7,8,4,6,9,8
54897,9,9,9,2,7,1,5,7,2,0,5
54898,0,4,3,0,2,0,4,1,4,8,0
54899,9,9,7,5,7,7,5,7,2,0,8
54900,2,0,4,4,8,2,6,3,1,5,6
54901,9,9,9,2,7,1,5,7,2,0,5
54902,7,1,0,3,4,6,1,5,7,3,4
54903,8,2,7,5,9,7,8,4,6,9,8
54904,9,2,7,2,7,7,5,3,2,0,8
54905,8,2,7,5,9,7,8,4,6,9,8
54906,5,8,3,1,6,0,7,1,4,4,7
54907,4,5,8,9,3,4,3,3,8,7,3
54908,9,9,9,2,7,1,5,7,2,0,5
54909,9,9,9,2,7,1,5,7,2,0,5
54910,7,1,0,3,4,6,1,5,7,3,4
54911,9,9,9,2,7,1,5,7,2,0,8
54912,0,4,5,0,2,9,4,4,6,8,2
54913,9,9,9,2,7,1,5,7,2,0,5
54914,2,3,4,6,8,2,6,8,9,5,6
54915,2,3,4,6,8,2,6,8,9,5,6
54916,5,8,3,1,6,0,7,1,4,4,7
54917,9,9,9,2,7,1,5,7,2,0,5
54918,0,4,3,0,2,0,4,1,4,8,0
54919,1,7,6,2,0,8,0,9,5,6,5
54920,2,3,4,6,8,2,6,8,9,5,6
54921,8,2,7,5,9,7,8,4,6,9,8
54922,3,6,1,8,5,3,2,6,0,1,1
54923,4,5,8,9,3,4,3,3,8,7,3
54924,6,5,2,7,1,5,9,2,3,2,9
54925,8,2,7,5,9,9,8,4,6,9,8
54926,9,9,9,2,7,1,5,7,2,0,5
54927,3,0,1,4,5,3,2,6,1,1,1
54928,0,4,7,0,2,7,4,1,4,8,0
54929,4,5,8,9,3,4,3,3,8,7,3
54930,7,1,0,3,4,6,1,5,7,3,4
54931,9,9,9,2,7,1,5,7,2,0,5
54932,4,5,8,9,3,4,3,0,8,7,3
54933,9,5,9,7,7,1,5,3,2,0,9
54934,7,1,0,3,4,6,1,5,7,3,4
54935,9,9,9,2,7,1,5,3,2,0,5
54936,1,7,6,2,0,8,0,9,5,6,0
54937,8,2,9,5,9,1,8,4,2,9,8
54938,8,2,7,5,9,7,8,4,6,9,8
54939,3,0,1,4,5,3,2,6,1,1,1
54940,5,8,3,1,6,0,7,1,4,4,7
54941,3,0,1,4,5,3,2,6,1,1,1
54942,7,1,0,3,4,6,1,5,7,3,4
54943,6,0,2,4,1,5,9,3,1,2,9
54944,5,8,3,1,6,0,7,1,4,4,7
54945,4,5,8,9,3,4,3,3,8,7,3
54946,1,7,6,2,0,8,0,9,5,6,5
54947,9,9,9,2,7,1,5,7,2,0,5
54948,5,5,8,1,6,4,7,0,8,4,7
54949,9,9,9,2,7,1,5,7,2,0,5
54950,7,3,0,6,4,6,1,8,9,3,4
54951,6,9,2,7,1,5,9,3,3,2,9
54952,7,1,0,3,4,6,1,5,7,3,4
54953,2,3,4,6,8,2,6,8,9,5,6
54954,6,5,2,7,1,5,9,2,3,2,9
54955,8,2,7,5,9,7,8,4,6,9,8
54956,9,9,9,2,7,1,5,7,2,0,5
54957,8,2,9,5,9,1,8,4,2,9,8
54958,8,2,7,5,9,7,8,4,6,9,8
54959,4,5,8,9,3,4,3,3,8,7,3
54960,5,8,3,1,6,0,7,1,4,4,7
54961,8,2,7,5,9,7,8,4,6,9,8
54962,0,4,3,0,2,0,4,1,4,8,0
54963,9,9,9,2,7,1,5,7,2,0,5
54964,0,4,5,0,2,9,4,4,6,8,2
54965,8,2,7,5,9,7,8,4,6,9,8
54966,5,8,3,1,6,0,7,1,4,4,7
54967,3,0,1,4,5,3,2,3,1,1,1
54968,1,7,6,2,0,8,0,9,5,6,5
54969,4,0,8,9,3,4,3,3,8,7,3
54970,0,8,3,1,6,0,7,1,4,4,0
54971,8,2,7,5,9,9,8,4,6,9,8
54972,7,1,0,3,4,6,1,5,7,3,4
54973,5,8,2,1,6,5,7,2,3,4,7
54974,1,7,6,2,0,8,0,9,5,6,5
54975,9,9,9,2,7,1,5,7,2,0,5
54976,2,3,4,6,8,2,6,8,9,5,6
54977,2,3,2,7,8,5,6,3,3,5,9
54978,6,5,2,7,1,5,9,2,3,2,9
54979,9,9,9,2,7,1,5,7,2,0,5
54980,3,6,1,8,5,3,2,6,0,1,1
54981,5,8,3,2,6,0,7,1,4,4,0
54982,3,6,1,8,5,3,2,6,0,1,1
54983,2,3,4,6,8,2,6,3,9,5,6
54984,0,4,3,0,2,0,4,1,4,8,0
54985,3,6,1,8,5,3,2,6,0,1,1
54986,1,7,6,2,0,8,0,9,5,6,5
54987,6,5,2,7,1,5,9,2,3,2,9
54988,7,1,0,3,4,6,1,5,7,3,4
54989,8,2,7,5,9,7,8,4,6,9,8
54990,2,3,4,6,8,2,6,8,9,5,6
54991,8,2,7,5,9,7,8,4,2,9,8
54992,4,5,8,9,3,4,3,0,8,7,3
54993,8,2,7,5,9,7,8,4,6,9,8
54994,5,5,8,1,6,4,7,0,8,4,7
54995,8,2,5,5,9,9,8,4,6,9,8
54996,0,4,3,0,2,0,4,1,4,8,0
54997,3,0,1,4,5,3,2,6,1,1,1
54998,0,4,7,0,2,7,4,1,4,8,0
54999,3,0,1,4,5,3,2,6,1,1,1
55000,9,9,9,2,7,1,5,7,2,0,5
55001,6,5,2,7,1,5,9,3,3,2,9
55002,7,1,0,3,4,6,1,5,7,3,4
55003,8,2,5,5,9,9,8,4,6,9,8
55004,0,4,7,0,2,7,4,4,6,8,0
55005,9,5,7,5,9,7,8,3,2,9,8
55006,3,6,1,8,5,3,2,6,0,1,1
55007,8,2,7,5,9,7,8,4,6,9,8
55008,7,1,0,3,4,6,1,5,7,3,4
55009,8,2,7,5,9,7,8,4,6,9,8
55010,2,3,4,6,8,2,6,8,9,5,6
55011,5,7,3,1,6,0,7,1,4,4,0
55012,4,5,8,9,3,4,3,0,8,7,3
55013,8,2,7,5,9,7,8,4,6,9,8
55014,9,9,9,2,7,1,5,7,2,0,5
55015,9,9,9,2,7,1,5,7,2,0,5
55016,4,5,8,9,3,4,3,0,8,7,3
55017,2,3,4,6,8,2,6,8,9,5,6
55018,1,7,6,9,0,8,0,3,5,6,3
55019,6,5,2,7,1,5,9,3,3,2,9
55020,2,3,4,6,8,2,6,8,9,5,6
55021,8,2,7,5,9,9,8,4,6,9,8
55022,9,9,6,2,7,8,0,9,5,6,5
55023,3,0,1,4,5,3,2,6,1,1,1
55024,5,8,3,1,6,0,7,1,4,4,7
55025,8,2,7,5,9,7,8,3,2,9,8
55026,2,3,4,6,8,2,6,8,9,5,6
55027,3,0,1,4,5,3,2,6,1,1,1
55028,7,1,0,3,4,6,1,5,7,3,4
55029,3,0,1,4,5,3,2,6,1,1,1
55030,3,6,1,4,5,3,2,6,0,1,1
55031,1,7,6,2,0,8,0,9,5,6,5
55032,6,5,2,7,1,5,9,2,3,2,9
55033,6,5,2,7,1,5,9,2,3,2,9
55034,8,2,5,5,9,9,8,4,6,9,8
55035,7,1,0,3,4,6,1,5,7,3,4
55036,1,7,6,2,0,8,0,9,5,6,5
55037,5,8,3,1,6,0,7,1,4,4,7
55038,7,1,0,3,4,6,1,5,7,3,4
55039,4,5,8,9,3,4,3,0,8,7,3
55040,6,5,2,7,1,5,9,2,3,2,9
55041,0,4,5,0,2,9,4,1,4,8,2
55042,5,1,0,3,4,6,1,5,7,3,7
55043,2,3,4,6,8,2,6,8,9,5,6
55044,1,7,6,2,0,8,0,9,5,6,5
55045,3,6,1,8,5,3,2,6,0,1,1
55046,9,9,9,2,7,1,5,7,2,0,5
55047,1,7,6,2,0,8,0,9,5,6,5
55048,3,6,1,8,5,3,2,6,0,1,1
55049,6,5,2,7,1,5,9,2,3,2,9
55050,7,1,0,3,4,6,1,5,7,3,4
55051,7,1,0,3,4,6,1,5,7,3,4
55052,1,7,6,0,0,8,0,9,5,6,5
55053,5,8,3,1,6,0,7,1,4,4,7
55054,2,4,4,0,8,2,6,3,7,5,2
55055,8,2,9,5,9,1,8,3,2,9,8
55056,3,6,1,8,5,3,2,6,0,1,1
55057,4,5,8,9,3,4,3,0,8,7,3
55058,2,3,4,6,8,2,6,8,9,5,6
55059,0,4,5,0,2,9,4,4,6,8,2
55060,7,1,0,3,4,6,1,5,7,3,4
55061,2,3,4,6,8,2,6,8,9,5,6
55062,7,1,0,3,4,6,1,5,7,3,4
55063,8,4,7,5,9,7,8,4,6,9,2
55064,5,8,3,1,6,0,7,1,4,4,7
55065,3,0,1,4,5,3,2,6,1,1,1
55066,4,5,8,9,3,4,3,0,8,7,3
55067,9,9,9,2,7,1,5,7,2,0,5
55068,5,8,3,1,6,0,7,1,4,4,7
55069,6,5,2,7,1,5,9,2,3,2,9
55070,6,5,2,7,1,5,9,2,3,2,9
55071,7,1,0,3,4,6,1,5,7,3,4
55072,5,8,3,1,6,0,7,1,4,4,7
55073,0,4,7,0,2,7,4,1,4,8,0
55074,5,8,3,1,6,0,7,1,4,4,7
55075,9,9,9,2,7,1,5,3,2,0,8
55076,0,8,3,0,2,0,4,1,4,8,0
55077,4,5,8,9,3,4,3,0,8,7,3
55078,5,8,3,1,6,0,7,1,4,4,7
55079,8,2,5,5,9,9,8,4,6,9,2
55080,1,7,6,2,0,8,0,9,5,6,5
55081,2,3,4,6,8,2,6,8,9,5,6
55082,9,9,9,2,7,1,5,7,2,0,5
55083,1,7,6,2,0,8,0,9,5,6,5
55084,0,4,3,0,2,0,4,1,4,8,2
55085,5,8,3,1,6,0,7,1,4,4,0
55086,8,2,5,5,9,9,8,4,6,9,2
55087,0,4,7,0,2,7,4,4,6,8,0
55088,0,4,5,0,2,9,4,9,5,8,2
55089,6,5,2,7,1,5,9,2,3,2,9
55090,9,9,9,5,7,1,5,7,2,0,8
55091,7,1,0,3,4,6,1,5,7,3,4
55092,0,4,7,0,2,7,4,1,4,8,0
55093,7,1,0,3,4,6,1,5,7,3,4
55094,8,4,5,0,2,9,8,4,6,8,2
55095,3,0,1,4,5,3,2,6,1,1,1
55096,4,5,8,9,3,4,3,0,8,7,3
55097,5,8,3,1,6,0,7,1,4,4,0
55098,0,4,3,0,2,0,4,1,4,8,0
55099,2,3,4,6,8,2,6,3,9,5,6
55100,6,5,2,7,1,5,9,2,3,2,9
55101,5,8,7,1,6,7,7,1,4,4,0
55102,5,8,3,1,6,0,7,1,4,4,7
55103,9,9,9,2,7,1,5,3,2,0,5
55104,7,1,0,3,4,6,1,5,7,3,4
55105,3,0,1,4,5,3,2,6,1,1,1
55106,7,1,0,3,4,6,1,5,7,3,4
55107,2,3,4,6,8,2,6,8,9,5,6
55108,0,4,4,0,2,2,4,8,9,8,0
55109,5,8,3,1,6,0,7,1,4,4,7
55110,3,6,1,8,5,3,2,6,0,1,1
55111,4,5,8,9,3,4,3,3,8,7,3
55112,4,5,8,9,3,4,3,0,8,7,3
55113,8,2,5,5,9,9,8,4,6,9,2
55114,8,2,7,5,9,7,8,4,6,9,8
55115,3,0,1,4,5,3,2,6,1,1,1
55116,4,0,8,9,3,4,3,3,8,7,3
55117,8,2,5,5,9,9,8,4,6,9,2
55118,2,3,4,6,8,2,6,8,9,5,0
55119,0,4,5,0,2,9,4,4,6,8,2
55120,0,4,3,0,2,0,4,1,4,8,0
55121,1,7,6,2,0,8,0,9,5,6,5
55122,7,1,0,3,4,6,1,5,7,3,4
55123,4,5,8,9,3,4,3,0,8,7,3
55124,5,8,3,1,6,0,7,1,4,4,7
55125,0,4,7,0,2,7,4,4,6,8,0
55126,8,2,7,5,9,7,8,4,6,9,8
55127,9,9,9,2,7,1,5,7,2,0,5
55128,3,6,1,8,5,3,2,6,0,1,4
55129,6,5,2,7,1,5,9,2,3,2,9
55130,3,0,1,4,5,3,2,6,1,1,1
55131,0,4,7,0,2,7,4,4,6,8,0
55132,2,3,4,6,8,2,6,8,9,5,6
55133,2,3,4,6,8,2,6,8,9,5,6
55134,4,5,8,9,3,4,3,0,8,7,3
55135,4,5,8,9,3,4,3,0,8,7,3
55136,0,8,3,1,2,0,4,1,4,8,0
55137,6,5,2,7,1,5,9,2,3,2,9
55138,4,5,8,9,3,4,3,0,8,7,3
55139,7,1,0,3,4,6,1,5,7,3,4
55140,9,9,9,2,7,1,5,7,2,0,5
55141,0,4,7,0,2,7,4,1,4,8,7
55142,1,7,6,2,0,8,0,9,5,6,5
55143,4,5,8,9,3,4,3,0,8,7,3
55144,7,1,0,3,4,6,1,5,7,3,4
55145,7,3,0,6,4,6,1,8,9,3,6
55146,1,3,6,2,0,8,0,8,9,6,5
55147,8,2,5,5,9,9,8,4,6,9,2
55148,2,3,7,6,8,7,6,3,4,5,0
55149,6,5,2,7,1,5,9,2,3,2,9
55150,1,7,6,2,0,8,0,9,5,6,5
55151,2,3,4,6,8,2,6,8,9,5,6
55152,3,6,1,8,5,3,2,6,0,1,1
55153,8,2,7,5,9,7,8,4,6,9,8
55154,4,5,8,9,3,4,3,0,8,7,3
55155,9,9,9,2,7,1,5,7,2,0,5
55156,7,1,0,3,4,6,1,5,7,3,4
55157,6,5,2,7,1,5,9,2,3,2,9
55158,6,5,2,7,1,5,9,2,3,2,9
55159,5,8,3,1,6,0,7,1,4,4,7
55160,0,8,3,1,2,0,4,1,4,4,0
55161,2,3,4,6,8,2,6,3,9,5,8
55162,4,7,8,9,3,4,3,3,8,7,3
55163,6,3,2,7,1,5,9,2,3,2,9
55164,7,1,0,3,4,6,1,5,7,3,4
55165,9,3,9,6,7,1,5,8,9,0,5
55166,4,5,8,9,3,4,3,0,8,7,3
55167,8,2,5,5,9,9,8,4,6,9,2
55168,4,1,8,9,3,4,3,0,8,7,3
55169,9,9,9,2,7,1,5,7,2,0,5
55170,7,9,0,3,4,6,1,8,7,3,4
55171,8,2,5,5,9,9,8,4,6,9,2
55172,6,9,2,7,1,5,9,2,3,2,9
55173,9,9,9,2,7,1,5,7,2,0,5
55174,0,4,5,0,2,9,4,4,6,8,2
55175,9,9,9,2,7,1,5,7,2,0,5
55176,6,3,2,7,1,5,9,2,3,2,9
55177,3,0,1,4,5,3,2,3,1,1,1
55178,5,8,3,1,6,0,7,1,4,4,7
55179,2,3,4,6,8,2,6,8,9,5,6
55180,8,2,5,5,9,9,8,4,6,9,8
55181,8,2,7,5,9,7,8,4,6,9,8
55182,2,3,4,6,8,2,6,8,9,5,6
55183,6,5,2,7,1,5,9,2,3,2,9
55184,0,4,3,0,2,0,4,1,4,8,0
55185,4,5,8,9,3,4,3,0,8,7,3
55186,6,5,2,7,1,5,9,2,3,2,9
55187,8,2,7,5,9,7,8,4,6,9,8
55188,5,5,8,9,3,4,3,3,8,7,7
55189,8,2,5,5,9,9,8,4,6,9,2
55190,1,7,6,2,0,8,0,9,5,6,5
55191,0,4,7,0,2,7,4,1,4,8,0
55192,7,1,0,3,4,6,1,8,7,3,4
55193,6,5,2,7,1,5,9,2,3,2,9
55194,6,5,2,7,1,5,9,2,3,2,9
55195,8,2,5,5,9,9,8,4,6,9,8
55196,4,5,8,9,3,4,3,0,8,7,3
55197,8,2,7,5,9,7,8,4,6,9,8
55198,7,1,0,3,4,6,1,5,7,3,4
55199,6,5,2,7,1,5,9,2,3,2,9
55200,0,8,3,0,2,0,4,1,4,8,0
55201,0,4,7,0,2,7,4,1,4,8,0
55202,1,7,6,7,0,8,0,9,5,6,9
55203,6,5,2,7,1,5,9,2,3,2,9
55204,7,1,0,3,4,6,1,5,7,3,4
55205,8,2,5,5,9,9,8,4,6,9,2
55206,4,5,8,9,3,4,3,0,8,7,3
55207,0,4,3,0,2,0,4,1,4,8,2
55208,1,7,6,2,0,8,0,9,5,6,5
55209,6,5,2,7,1,5,9,2,3,2,9
55210,8,2,5,5,9,9,8,4,6,9,8
55211,2,3,4,6,8,2,6,8,9,5,6
55212,7,1,0,3,4,6,1,1,4,3,4
55213,4,5,8,9,3,4,3,0,8,7,3
55214,9,9,9,2,7,1,5,7,2,0,5
55215,9,9,9,2,7,1,5,7,2,0,5
55216,8,2,5,5,9,9,8,4,6,9,2
55217,3,0,1,4,5,3,2,3,1,1,1
55218,2,0,4,4,8,2,6,8,1,5,6
55219,4,5,8,9,3,4,3,0,8,7,3
55220,6,5,2,7,1,5,9,2,3,2,9
55221,2,3,4,6,8,2,6,8,9,5,6
55222,1,7,6,2,0,8,0,9,5,6,5
55223,2,3,4,6,8,2,6,8,9,5,6
55224,0,4,7,0,2,7,4,4,6,8,0
55225,2,3,4,2,8,2,6,3,2,5,8
55226,4,5,8,9,3,4,3,0,8,7,3
55227,3,0,1,4,5,3,2,6,1,1,1
55228,6,5,2,7,1,5,9,2,3,2,9
55229,2,3,4,6,8,2,6,8,9,5,6
55230,1,7,6,2,0,8,0,9,5,6,5
55231,7,1,0,3,4,6,1,5,7,3,4
55232,1,7,6,2,0,8,0,9,5,6,5
55233,9,9,9,2,7,1,5,3,2,0,5
55234,7,1,0,3,4,6,1,8,7,3,4
55235,0,4,7,0,2,7,4,4,6,8,0
55236,1,7,6,2,0,8,0,9,5,6,5
55237,8,2,5,5,9,9,8,4,6,9,8
55238,8,2,9,5,9,1,8,4,2,9,8
55239,4,4,7,9,3,7,3,1,4,7,0
55240,0,4,7,0,2,7,4,1,4,8,0
55241,2,3,4,6,8,2,6,8,9,5,6
55242,3,0,1,4,5,3,2,3,1,1,1
55243,8,2,7,5,9,7,8,4,6,9,8
55244,5,8,3,1,6,0,7,1,4,4,7
55245,4,5,8,9,3,4,3,3,8,7,3
55246,3,6,1,8,5,3,2,6,0,1,1
55247,0,4,5,0,2,9,4,4,6,8,2
55248,7,1,0,3,4,6,1,5,7,3,4
55249,2,9,4,2,8,2,6,5,2,5,5
55250,7,1,0,3,4,6,1,5,7,3,4
55251,3,6,1,8,5,3,2,6,0,1,1
55252,4,5,8,9,3,4,3,0,8,7,3
55253,3,0,1,4,5,3,2,6,1,1,1
55254,3,6,1,8,5,3,2,6,0,1,1
55255,4,5,8,9,3,4,3,0,8,7,3
55256,7,1,0,3,4,6,1,5,7,3,4
55257,7,1,0,3,4,6,1,5,7,3,4
55258,0,4,7,0,2,7,4,4,6,8,0
55259,3,0,1,4,5,3,2,3,1,1,1
55260,9,9,6,2,7,8,5,3,2,0,5
55261,9,9,9,2,7,1,5,3,2,0,8
55262,1,7,6,2,0,8,0,9,5,6,5
55263,6,3,2,7,1,5,9,2,3,2,9
55264,9,9,9,2,7,1,5,7,2,0,5
55265,0,4,7,0,2,7,4,1,4,8,0
55266,0,4,5,0,2,9,4,4,6,8,2
55267,9,9,9,2,7,1,5,7,2,0,5
55268,7,1,0,3,4,6,1,5,7,3,4
55269,2,3,4,6,8,2,6,8,9,5,6
55270,0,4,5,0,2,9,4,4,6,8,2
55271,9,9,9,2,7,1,5,7,2,0,5
55272,7,1,0,3,4,6,1,5,7,3,4
55273,4,5,8,9,3,4,3,0,8,7,3
55274,9,9,4,2,7,2,5,3,2,0,5
55275,3,0,1,4,5,3,2,6,1,1,1
55276,0,4,5,0,2,0,4,1,4,8,2
55277,3,0,1,4,5,3,2,6,1,1,1
55278,6,0,2,7,1,5,9,2,3,2,9
55279,1,7,6,2,0,8,0,9,5,6,5
55280,5,8,3,1,6,0,7,1,4,4,7
55281,9,9,9,2,7,1,5,7,2,0,5
55282,5,8,3,1,6,0,7,1,4,4,7
55283,2,3,4,6,8,2,6,8,9,5,6
55284,2,3,4,6,8,2,6,8,9,5,6
55285,0,4,7,0,2,7,4,1,4,8,0
55286,1,7,6,2,0,8,0,9,5,6,5
55287,2,3,4,6,8,2,6,8,9,5,6
55288,7,6,0,8,4,6,1,6,0,3,7
55289,4,5,8,9,3,4,3,0,8,7,3
55290,3,6,1,8,5,3,2,6,0,1,1
55291,8,2,5,5,9,9,8,4,6,9,2
55292,7,1,0,3,4,6,1,5,7,3,4
55293,8,2,4,5,9,2,8,8,9,9,8
55294,0,4,3,0,2,0,4,1,4,8,0
55295,0,4,7,0,2,7,4,4,6,8,0
55296,9,9,9,2,7,1,5,7,2,0,5
55297,4,5,4,9,3,2,3,3,8,7,3
55298,0,4,5,0,2,9,4,1,9,8,0
55299,9,9,9,2,7,1,5,7,2,0,5
55300,6,5,2,7,1,5,9,2,3,2,9
55301,2,3,4,6,8,2,6,5,9,5,6
55302,7,6,0,8,4,6,1,5,0,3,4
55303,8,2,7,5,9,7,8,4,6,9,8
55304,1,7,6,2,0,8,0,9,5,6,5
55305,2,3,4,6,8,2,6,8,9,5,6
55306,1,7,6,2,0,8,0,9,5,6,5
55307,4,5,8,9,3,4,3,0,8,7,3
55308,7,1,0,3,4,6,1,5,7,3,4
55309,8,2,5,5,9,9,8,4,6,9,8
55310,1,7,6,0,0,8,0,9,5,6,0
55311,8,2,7,5,9,7,8,4,6,9,8
55312,6,3,2,7,1,5,9,2,3,2,9
55313,0,4,7,0,2,7,4,4,6,8,0
55314,4,5,8,9,3,4,3,0,8,7,3
55315,3,0,1,4,5,3,2,6,1,1,1
55316,7,5,0,7,4,6,1,2,7,3,4
55317,9,9,9,2,7,1,5,7,2,0,5
55318,0,4,3,0,2,0,4,1,4,8,0
55319,9,9,9,7,7,1,5,7,2,0,9
55320,5,8,3,1,6,0,7,1,4,4,0
55321,2,3,4,6,8,2,6,8,9,5,6
55322,7,1,0,3,4,6,1,5,7,3,4
55323,8,2,7,5,9,7,8,4,6,9,8
55324,9,9,9,2,7,1,5,7,2,0,5
55325,2,3,4,6,8,2,6,8,9,5,6
55326,6,9,2,2,1,5,9,2,3,2,5
55327,4,5,8,9,3,4,3,0,8,7,3
55328,0,4,7,0,2,7,4,1,4,8,0
55329,5,8,3,1,6,0,7,1,4,4,2
55330,7,6,0,8,4,6,1,5,0,3,4
55331,2,3,4,6,8,2,6,8,9,5,8
55332,5,8,3,1,6,0,7,1,4,4,7
55333,0,4,7,0,2,7,4,4,6,8,0
55334,7,1,0,3,4,6,1,5,7,3,4
55335,1,7,6,2,0,8,0,9,5,6,5
55336,7,1,0,3,4,6,1,5,7,3,4
55337,0,4,7,0,2,7,4,4,6,8,0
55338,1,7,6,2,0,8,0,9,5,6,5
55339,0,4,7,0,2,7,4,4,6,8,0
55340,1,7,6,2,0,8,0,9,5,6,5
55341,2,3,4,6,8,2,6,8,9,5,6
55342,2,3,4,6,8,2,6,8,9,5,6
55343,7,1,0,3,4,6,1,5,7,3,4
55344,8,2,5,5,9,9,8,4,6,9,2
55345,3,0,1,4,5,3,2,6,1,1,1
55346,0,4,5,0,2,9,4,1,4,8,2
55347,8,2,7,5,9,7,8,4,6,9,8
55348,4,5,8,9,3,4,3,0,8,7,3
55349,2,3,4,6,8,2,6,8,9,5,6
55350,4,1,8,9,3,4,3,0,8,7,3
55351,8,2,7,5,9,7,8,4,6,9,0
55352,9,5,2,2,7,5,5,3,2,0,8
55353,2,3,4,6,8,2,6,8,9,5,6
55354,3,6,1,8,5,3,2,6,0,1,1
55355,3,0,1,4,5,3,2,6,1,1,1
55356,7,1,0,3,4,6,1,8,9,3,4
55357,2,3,4,6,8,2,6,8,9,5,6
55358,1,7,6,2,0,8,0,9,5,6,5
55359,8,2,7,5,9,7,8,4,6,9,8
55360,6,5,2,7,1,5,9,2,3,2,9
55361,3,0,1,4,5,3,2,3,1,1,1
55362,4,5,8,9,3,4,3,0,8,7,3
55363,8,2,5,5,9,9,8,4,6,9,8
55364,5,8,3,1,6,0,7,1,4,4,0
55365,8,2,5,5,9,9,8,4,6,9,2
55366,2,0,4,4,8,2,6,3,1,5,6
55367,4,5,8,9,3,4,3,0,8,7,3
55368,9,9,9,2,7,1,5,7,2,0,5
55369,0,4,7,0,2,7,4,4,6,8,0
55370,0,4,3,0,2,0,4,1,4,8,0
55371,1,7,6,2,0,8,0,9,5,6,5
55372,4,5,8,9,3,4,3,0,8,7,3
55373,6,5,2,7,1,5,9,2,3,2,9
55374,0,4,5,0,2,9,4,4,6,8,2
55375,0,4,7,0,2,7,4,1,4,8,0
55376,7,1,0,3,4,6,1,5,7,3,4
55377,2,3,4,6,8,2,6,8,9,5,6
55378,7,1,0,3,4,6,1,5,7,3,4
55379,4,5,8,9,3,4,3,0,8,7,3
55380,9,9,9,2,7,1,5,7,2,0,5
55381,6,5,2,7,1,5,9,2,3,2,9
55382,4,5,8,9,3,4,3,0,8,7,3
55383,2,3,4,6,8,2,6,8,9,5,6
55384,8,4,5,0,2,9,4,4,6,8,2
55385,5,2,7,5,9,7,7,4,6,9,7
55386,9,9,9,2,7,1,5,7,2,0,5
55387,4,5,8,9,3,4,3,0,8,7,3
55388,7,1,0,3,4,6,1,5,7,3,4
55389,2,3,4,6,8,2,6,8,9,5,6
55390,4,5,8,9,3,4,3,0,8,7,7
55391,6,5,2,7,1,5,9,2,3,2,9
55392,7,1,0,3,4,6,1,5,7,3,4
55393,2,3,4,6,8,2,6,8,9,5,6
55394,2,1,4,6,8,2,6,5,9,5,0
55395,9,9,9,2,7,1,5,7,2,0,5
55396,2,0,4,4,8,2,6,3,1,5,6
55397,9,9,9,2,7,1,5,7,2,0,5
55398,2,0,4,4,8,2,6,8,1,5,6
55399,6,5,2,7,1,5,9,2,3,2,9
55400,3,0,1,4,5,3,2,6,1,1,1
55401,0,4,7,0,2,7,4,1,4,8,0
55402,3,6,1,8,5,3,2,6,0,1,1
55403,2,3,4,6,8,2,6,3,9,5,6
55404,1,7,6,2,0,8,0,9,5,6,5
55405,2,3,4,6,8,2,6,8,9,5,6
55406,0,4,3,0,2,0,4,1,4,8,0
55407,2,3,4,6,8,2,6,8,9,5,6
55408,3,6,1,8,5,3,2,6,0,1,1
55409,0,4,5,0,2,9,4,4,6,8,2
55410,3,0,1,4,5,3,2,6,1,1,1
55411,1,7,6,2,0,8,0,9,5,6,5
55412,1,7,6,2,0,8,0,9,5,6,5
55413,8,2,5,5,9,9,8,4,6,9,2
55414,7,1,0,3,4,6,1,5,7,3,4
55415,9,9,9,2,7,1,5,7,2,0,5
55416,0,8,3,0,2,0,4,1,4,8,0
55417,9,9,9,2,7,1,5,7,2,0,5
55418,0,4,7,0,2,7,4,9,5,8,0
55419,2,3,4,6,8,2,6,8,9,5,6
55420,4,5,8,9,3,4,3,0,8,7,3
55421,8,2,7,5,9,7,8,4,6,9,8
55422,0,4,5,0,2,9,4,1,4,8,2
55423,8,2,7,5,9,7,8,4,6,9,8
55424,0,4,7,0,2,7,4,4,6,8,0
55425,0,4,3,0,2,0,4,1,4,8,0
55426,0,4,3,0,2,0,4,1,4,8,2
55427,8,2,7,5,9,7,8,4,6,9,8
55428,7,1,0,3,4,6,1,5,7,3,4
55429,6,3,2,7,1,5,9,3,3,2,9
55430,2,3,4,6,8,2,6,8,9,5,6
55431,9,9,9,5,7,1,5,7,2,0,8
55432,7,1,0,3,4,6,1,5,7,3,4
55433,6,9,2,7,1,5,9,2,3,2,9
55434,7,1,0,3,4,6,1,5,7,3,4
55435,0,4,7,0,2,7,4,4,6,8,0
55436,7,3,0,3,4,6,1,8,9,3,4
55437,6,5,2,7,1,5,9,2,3,2,9
55438,5,8,3,1,6,0,7,1,4,4,0
55439,8,2,5,5,9,9,8,4,6,9,2
55440,7,1,0,3,4,6,1,5,7,3,4
55441,0,4,7,0,2,7,4,4,6,8,0
55442,2,3,4,6,8,2,6,8,9,5,6
55443,6,5,2,7,1,5,9,2,3,2,9
55444,0,4,5,0,2,9,4,4,6,8,2
55445,2,3,4,6,8,2,6,8,9,5,6
55446,8,2,5,5,9,9,8,4,6,9,8
55447,4,5,8,9,3,4,3,0,8,7,3
55448,9,9,9,2,7,1,5,7,2,0,5
55449,9,9,9,2,7,1,5,7,2,0,5
55450,5,8,3,1,6,0,7,1,4,4,7
55451,2,3,4,6,8,2,6,8,9,5,6
55452,9,9,9,2,7,1,5,9,2,0,5
55453,2,3,4,6,8,2,6,8,9,5,6
55454,0,4,3,0,2,0,4,1,4,8,0
55455,2,3,4,6,8,2,6,8,9,5,6
55456,1,7,6,2,0,8,0,9,5,6,5
55457,3,0,1,4,5,3,2,6,1,1,1
55458,5,8,3,1,6,0,7,1,4,4,7
55459,2,3,4,6,8,2,6,3,9,5,6
55460,7,1,0,3,4,6,1,5,7,3,4
55461,1,7,6,2,0,8,0,3,5,6,5
55462,2,3,4,6,8,2,6,8,9,5,5
55463,2,3,4,6,8,2,6,8,9,5,6
55464,5,8,3,1,6,0,7,1,4,4,7
55465,0,4,7,0,2,7,4,4,6,8,0
55466,0,4,5,0,2,9,4,1,4,8,2
55467,0,4,5,0,2,9,4,4,6,8,2
55468,5,8,3,1,6,0,7,1,4,4,7
55469,0,4,7,0,2,7,4,1,4,8,0
55470,7,1,0,3,4,6,1,5,7,3,4
55471,2,3,4,6,8,2,6,8,9,5,6
55472,7,1,0,3,4,6,1,5,7,3,4
55473,5,8,3,1,6,0,7,1,4,4,7
55474,7,1,0,3,4,6,1,5,7,3,4
55475,1,7,6,2,0,8,0,9,5,6,5
55476,0,4,3,0,2,0,4,1,4,8,2
55477,0,4,7,0,2,7,4,4,6,8,0
55478,1,7,6,2,0,8,0,9,5,6,5
55479,3,0,1,4,5,3,2,6,1,1,1
55480,0,4,6,0,2,8,4,9,5,8,0
55481,2,0,4,4,8,2,6,3,1,5,6
55482,7,1,0,3,4,6,1,5,7,3,4
55483,4,5,8,9,3,4,3,3,8,7,3
55484,2,0,4,4,8,2,6,3,1,5,6
55485,2,3,4,6,8,2,6,8,9,5,6
55486,9,9,9,2,7,1,5,7,2,0,8
55487,3,6,1,8,5,3,2,6,0,1,1
55488,1,7,6,2,0,8,0,9,5,6,5
55489,9,2,9,2,7,1,5,3,2,0,8
55490,5,8,3,1,6,0,7,1,4,4,7
55491,2,3,4,6,8,2,6,8,9,5,6
55492,5,8,3,1,6,0,7,1,4,4,7
55493,0,4,3,0,2,0,4,1,4,8,0
55494,8,2,5,5,9,9,8,4,6,9,8
55495,1,7,6,2,0,8,0,7,5,6,5
55496,3,6,1,8,5,3,2,6,0,1,7
55497,2,3,4,6,8,2,6,8,9,5,6
55498,2,3,4,6,8,2,6,8,9,5,6
55499,9,9,9,2,7,1,5,7,2,0,5
55500,1,7,6,2,0,8,0,9,5,6,5
55501,3,6,1,8,5,3,2,6,0,1,1
55502,1,7,6,2,0,8,0,9,5,6,5
55503,5,5,1,1,5,3,7,6,8,1,7
55504,6,1,2,7,1,5,9,2,3,2,9
55505,9,9,9,6,7,1,5,7,2,0,6
55506,8,2,7,5,9,7,8,3,6,9,8
55507,6,5,2,7,1,5,9,2,3,2,9
55508,6,5,2,7,1,5,9,2,3,2,9
55509,2,3,4,6,8,2,6,8,9,5,6
55510,5,8,3,1,6,0,7,1,4,4,7
55511,8,2,7,5,9,7,8,3,6,9,8
55512,4,5,8,9,3,4,3,0,8,7,3
55513,3,0,1,4,5,3,2,2,1,1,1
55514,0,8,3,1,6,0,4,1,4,4,2
55515,4,5,8,9,3,4,3,0,8,7,3
55516,5,8,3,1,6,0,7,1,4,4,7
55517,8,2,5,5,9,9,8,4,6,9,2
55518,0,8,3,0,2,0,4,1,4,8,2
55519,2,3,4,6,8,2,6,8,9,5,6
55520,4,7,6,2,8,8,3,3,5,5,3
55521,3,6,1,8,5,3,2,6,0,1,1
55522,5,8,3,1,6,0,7,1,4,4,0
55523,9,9,9,2,7,1,5,7,2,0,5
55524,1,7,6,2,0,8,0,9,5,6,5
55525,6,5,8,9,1,4,9,2,8,2,9
55526,7,1,0,3,4,6,1,8,7,3,4
55527,2,3,4,6,8,2,6,8,9,5,6
55528,6,5,2,7,1,5,9,2,3,2,9
55529,8,2,7,5,9,7,8,4,6,9,8
55530,1,7,6,2,0,8,0,9,5,6,5
55531,2,0,4,4,8,2,6,3,1,5,6
55532,0,4,3,0,2,0,4,1,4,8,0
55533,4,5,8,9,3,4,3,0,8,7,3
55534,7,1,0,3,4,6,1,5,7,3,4
55535,8,2,5,5,9,9,8,4,6,9,2
55536,4,5,8,9,3,4,3,3,8,7,3
55537,2,3,4,6,8,2,6,8,9,5,6
55538,0,4,7,0,2,7,4,3,6,8,0
55539,0,4,7,0,2,7,4,4,6,8,0
55540,7,9,0,2,4,6,1,7,7,3,5
55541,3,0,1,4,5,3,2,6,1,1,1
55542,6,5,2,7,1,5,9,2,3,2,9
55543,9,9,9,2,7,1,5,7,2,0,5
55544,8,2,5,5,9,9,8,7,2,9,8
55545,4,5,8,9,3,4,3,0,8,7,3
55546,5,8,3,1,6,0,7,1,4,4,7
55547,6,0,2,4,1,5,9,2,1,2,9
55548,7,1,0,3,4,6,1,5,7,3,4
55549,5,8,7,1,6,7,7,1,4,4,7
55550,7,1,0,3,4,6,1,5,7,3,4
55551,4,5,8,9,3,4,3,0,8,7,3
55552,5,8,3,1,6,0,7,1,4,4,0
55553,0,4,5,0,2,9,4,4,6,8,2
55554,7,1,0,3,4,6,1,5,7,3,4
55555,7,1,0,3,4,6,1,8,7,3,4
55556,3,6,1,8,5,3,2,6,0,1,1
55557,2,3,4,6,8,2,6,8,9,5,6
55558,4,5,8,9,3,4,3,3,8,7,3
55559,4,5,8,9,3,4,3,2,8,7,3
55560,0,4,3,0,2,0,4,1,4,8,0
55561,4,5,8,9,3,4,3,0,8,7,3
55562,0,4,3,0,2,0,4,1,4,8,2
55563,8,2,7,5,9,7,8,4,6,9,2
55564,5,8,3,1,6,0,7,1,4,4,7
55565,4,5,8,9,3,4,3,3,8,7,3
55566,7,1,0,3,4,6,1,5,7,3,4
55567,9,9,9,2,7,1,5,7,2,0,5
55568,0,4,3,0,2,0,4,1,4,8,0
55569,0,4,3,0,2,0,4,1,4,8,0
55570,5,8,3,1,6,0,7,1,4,4,0
55571,0,4,3,0,2,0,4,1,4,8,0
55572,7,1,0,3,4,6,1,5,7,3,4
55573,0,4,7,0,2,7,4,1,4,8,0
55574,1,7,6,2,0,8,0,9,5,6,5
55575,5,8,3,1,6,0,7,1,4,4,7
55576,3,6,1,8,5,3,2,6,0,1,1
55577,5,8,7,1,6,7,7,1,4,4,7
55578,1,7,6,2,0,8,0,9,5,6,5
55579,2,3,4,6,8,2,6,8,9,5,6
55580,1,7,6,2,0,8,0,9,5,6,5
55581,2,3,4,6,8,2,6,8,9,5,6
55582,3,0,1,4,5,3,2,6,1,1,1
55583,1,7,6,2,0,8,0,7,5,6,5
55584,4,5,8,9,3,4,3,0,8,7,7
55585,0,4,3,0,2,0,4,1,4,8,0
55586,0,4,3,0,2,0,4,1,4,8,0
55587,9,9,9,2,7,1,5,7,2,0,5
55588,2,3,4,6,8,2,6,3,9,5,6
55589,6,5,2,7,1,5,9,2,3,2,9
55590,4,5,8,9,3,4,3,3,8,7,3
55591,9,9,9,2,7,1,5,7,2,0,5
55592,7,1,0,3,4,6,1,5,7,3,4
55593,3,0,1,4,5,3,2,6,1,1,1
55594,1,7,6,2,0,8,0,9,5,6,5
55595,0,4,3,0,2,0,4,1,4,8,0
55596,1,7,6,2,0,8,0,9,5,6,5
55597,0,4,7,0,2,7,4,1,4,8,0
55598,0,4,7,0,2,7,4,4,6,8,0
55599,0,4,7,0,2,7,4,1,4,8,0
55600,5,8,3,1,6,0,7,1,4,4,7
55601,9,9,9,2,7,1,5,7,2,0,5
55602,2,3,4,6,8,2,6,3,9,5,6
55603,0,4,5,0,2,9,4,4,6,8,2
55604,1,7,6,2,0,8,0,9,5,6,5
55605,0,4,7,0,2,7,4,4,6,8,0
55606,1,7,6,2,0,8,0,9,5,6,5
55607,8,2,7,5,9,7,8,4,6,9,8
55608,0,4,3,0,2,0,4,1,4,8,2
55609,9,9,9,2,7,1,5,7,2,0,5
55610,2,3,4,6,8,2,6,8,9,5,6
55611,2,3,4,6,8,2,6,8,9,5,6
55612,7,1,0,3,4,6,1,5,7,3,4
55613,0,4,5,0,2,9,4,4,6,8,2
55614,2,3,4,6,8,2,6,8,9,5,6
55615,5,5,8,9,3,4,3,0,8,7,7
55616,5,8,8,1,6,4,7,0,8,4,7
55617,3,6,1,8,5,3,2,6,0,1,1
55618,2,3,4,6,8,2,6,8,9,5,6
55619,2,3,4,6,8,2,6,8,9,5,6
55620,9,3,9,6,7,1,5,8,2,0,8
55621,9,9,9,2,7,1,5,7,2,0,5
55622,3,0,1,4,5,3,2,6,1,1,1
55623,2,3,4,6,8,2,6,8,9,5,6
55624,3,6,1,8,5,3,2,6,0,1,1
55625,6,5,2,7,1,5,9,2,3,2,9
55626,5,6,1,8,6,3,7,6,0,4,7
55627,4,5,8,9,3,4,3,0,8,7,3
55628,2,3,4,6,8,2,6,8,9,5,0
55629,6,5,8,7,1,4,9,2,8,2,9
55630,5,8,3,1,6,0,7,1,4,4,7
55631,3,6,1,4,5,3,2,6,1,1,1
55632,2,3,4,6,8,2,6,8,9,5,0
55633,5,8,3,1,6,0,7,1,4,4,7
55634,1,7,6,2,0,8,0,9,5,6,5
55635,9,9,9,2,7,1,5,7,2,0,5
55636,0,4,3,0,2,0,4,1,4,8,0
55637,6,5,2,7,1,5,9,2,3,2,9
55638,1,7,6,2,0,8,0,3,5,6,5
55639,9,9,9,2,7,1,5,7,2,0,5
55640,7,1,0,3,4,6,1,5,7,3,4
55641,8,2,7,5,9,7,8,4,6,9,8
55642,5,8,3,1,6,0,7,1,4,4,7
55643,9,9,9,2,7,1,5,7,2,0,5
55644,1,7,6,2,0,8,0,9,5,6,5
55645,4,5,8,9,3,4,3,0,8,7,3
55646,3,6,1,8,5,3,2,6,0,1,1
55647,8,2,5,5,9,9,8,4,6,9,2
55648,5,8,2,1,6,5,7,2,3,4,7
55649,2,3,4,6,8,2,6,8,9,5,6
55650,1,7,6,2,0,8,0,9,5,6,5
55651,3,6,1,8,5,3,2,6,0,1,1
55652,0,4,7,0,2,7,4,4,6,8,0
55653,6,5,2,7,1,5,9,2,3,2,9
55654,5,8,3,1,6,0,7,1,4,4,7
55655,6,5,2,7,1,5,9,2,3,2,9
55656,3,0,1,4,5,3,2,6,1,1,1
55657,6,5,2,7,1,5,9,2,3,2,9
55658,8,2,7,5,9,7,8,4,6,9,8
55659,0,4,5,0,2,9,4,4,6,8,2
55660,4,5,8,9,3,4,3,0,8,7,3
55661,9,9,9,5,7,1,5,3,2,0,8
55662,6,5,2,7,1,5,9,2,3,2,9
55663,3,6,1,8,5,3,2,6,0,1,1
55664,3,0,1,4,5,3,2,3,1,1,1
55665,2,3,4,6,8,2,6,8,9,5,6
55666,3,6,1,8,5,3,2,6,0,1,1
55667,9,9,9,6,7,1,5,3,2,0,6
55668,8,2,5,5,9,9,8,4,6,9,2
55669,6,5,2,7,1,5,9,2,3,2,9
55670,4,5,8,9,3,4,3,0,8,7,3
55671,9,9,9,2,7,1,5,7,2,0,5
55672,7,1,0,3,4,6,1,5,7,3,4
55673,4,5,8,9,3,4,3,0,8,7,3
55674,2,3,4,6,8,2,6,8,9,5,6
55675,5,8,7,1,6,7,7,1,4,4,0
55676,0,4,7,0,2,7,4,1,4,8,0
55677,2,3,4,6,8,2,6,8,9,5,6
55678,6,9,2,7,1,5,9,2,3,2,9
55679,3,6,1,8,5,3,2,6,0,1,1
55680,3,6,1,8,5,3,2,6,0,1,1
55681,3,6,1,8,5,3,2,6,0,1,1
55682,3,6,1,8,5,3,2,6,0,1,1
55683,2,3,4,6,8,2,6,8,9,5,6
55684,0,4,3,0,2,0,4,1,4,8,0
55685,2,0,4,6,8,2,6,3,9,5,6
55686,1,7,6,2,0,8,0,9,5,6,5
55687,8,2,7,5,9,7,8,4,6,9,8
55688,7,1,0,3,4,6,1,5,7,3,4
55689,8,4,5,0,2,9,4,4,6,8,2
55690,9,9,7,2,7,7,5,7,2,0,5
55691,0,4,7,0,2,7,4,1,4,8,0
55692,6,5,2,7,1,5,9,2,3,2,9
55693,8,2,5,5,9,9,8,4,6,9,2
55694,7,3,0,6,4,6,1,8,9,3,4
55695,2,3,4,6,8,2,6,8,9,5,6
55696,7,1,0,3,4,6,1,5,7,3,4
55697,2,3,4,6,8,2,6,8,9,5,6
55698,7,1,0,3,4,6,1,5,7,3,4
55699,8,2,5,5,9,9,8,4,6,9,2
55700,0,4,5,0,2,9,4,4,6,8,2
55701,8,2,5,5,9,9,8,4,6,9,8
55702,8,2,7,5,9,7,8,4,6,9,8
55703,4,5,8,9,3,4,3,0,8,7,3
55704,6,5,2,7,1,5,9,2,3,2,9
55705,2,3,4,6,8,2,6,8,9,5,6
55706,2,3,4,6,8,2,6,8,9,5,6
55707,9,9,9,2,7,1,5,7,2,0,5
55708,8,2,7,5,9,7,8,4,6,9,8
55709,8,2,5,5,9,9,8,4,6,9,2
55710,1,7,6,2,0,8,0,9,5,6,5
55711,0,4,7,0,2,7,4,4,6,8,0
55712,7,1,0,3,4,6,1,5,7,3,4
55713,4,5,8,9,3,4,3,0,8,7,3
55714,1,7,6,2,0,8,0,9,5,6,5
55715,2,3,4,6,8,2,6,8,9,5,6
55716,1,7,6,2,0,8,0,9,5,6,5
55717,2,3,4,6,8,2,6,8,9,5,6
55718,0,4,3,0,2,0,4,1,4,8,0
55719,9,9,9,2,7,1,5,7,2,0,5
55720,4,5,8,9,3,4,3,0,8,7,7
55721,3,0,1,4,5,3,2,6,1,1,1
55722,2,3,4,6,8,2,6,8,9,5,6
55723,6,5,2,7,1,5,9,2,3,2,9
55724,0,4,3,0,2,0,4,1,4,8,0
55725,4,5,8,9,3,4,3,0,8,7,3
55726,7,1,0,3,4,6,1,5,7,3,4
55727,3,6,1,8,5,3,2,6,0,1,1
55728,7,1,0,3,4,6,1,5,7,3,4
55729,2,0,4,4,8,2,6,3,1,5,6
55730,0,8,3,0,2,0,4,1,4,8,0
55731,4,5,8,9,3,4,3,0,8,7,3
55732,7,1,0,3,4,6,1,5,7,3,4
55733,2,3,4,6,8,2,6,8,9,5,6
55734,7,1,0,3,4,6,1,5,7,3,4
55735,8,2,5,5,9,9,8,4,6,9,2
55736,5,8,3,1,6,0,7,1,4,4,0
55737,2,3,4,6,8,2,6,3,9,5,6
55738,5,5,2,7,1,5,9,2,3,2,7
55739,6,5,2,7,1,5,9,2,3,2,9
55740,1,7,6,2,0,8,0,9,5,6,5
55741,2,3,4,6,8,2,6,8,9,5,6
55742,4,5,8,9,3,4,3,0,8,7,3
55743,2,3,4,6,8,2,6,3,9,5,6
55744,0,4,5,0,2,9,4,1,4,8,2
55745,3,6,1,8,5,3,2,6,0,1,1
55746,7,1,0,3,4,6,1,5,7,3,4
55747,1,7,6,2,0,8,0,9,5,6,5
55748,5,8,3,1,6,0,7,1,4,4,0
55749,6,3,2,7,1,5,9,2,3,2,9
55750,8,2,5,5,9,9,8,4,6,9,2
55751,7,1,0,3,4,6,1,5,7,3,4
55752,2,3,4,6,8,2,6,8,9,5,6
55753,8,2,7,5,9,7,8,4,6,9,7
55754,5,5,8,1,6,4,7,0,8,4,7
55755,2,0,4,4,8,2,6,3,1,5,6
55756,0,4,3,0,2,0,4,1,4,8,2
55757,4,5,8,9,3,4,3,0,8,7,3
55758,1,7,6,2,0,8,0,9,5,6,5
55759,8,2,5,5,9,9,8,4,6,9,8
55760,9,9,4,2,8,2,5,3,2,5,6
55761,2,3,4,6,8,2,6,8,9,5,6
55762,6,3,2,7,1,5,9,2,3,2,9
55763,0,4,7,0,2,7,4,8,9,8,0
55764,1,9,6,2,0,8,0,9,5,6,5
55765,3,6,1,8,5,3,2,6,0,1,1
55766,2,3,4,6,8,2,6,8,9,5,6
55767,1,7,6,2,0,8,0,9,5,6,5
55768,1,7,6,2,0,8,0,9,5,6,5
55769,6,5,2,7,1,5,9,2,3,2,9
55770,4,5,8,9,3,4,3,0,8,7,3
55771,7,1,0,3,4,6,1,5,7,3,4
55772,7,1,0,3,4,6,1,5,7,3,4
55773,8,2,7,5,9,7,8,4,6,9,8
55774,5,8,2,1,6,5,7,2,3,4,7
55775,2,0,4,4,8,2,6,3,1,5,6
55776,5,8,3,1,6,0,7,1,4,4,0
55777,4,5,8,9,3,4,3,0,8,7,3
55778,5,8,3,1,6,0,7,1,4,4,0
55779,0,4,5,0,2,9,4,4,6,8,2
55780,0,4,3,0,2,0,4,1,4,8,0
55781,2,3,4,6,8,2,6,8,9,5,6
55782,6,1,2,7,1,5,9,2,3,2,9
55783,0,4,7,0,2,7,4,4,6,8,0
55784,1,7,6,2,0,8,0,9,5,6,5
55785,3,6,1,8,5,3,2,6,0,1,1
55786,1,7,6,2,0,8,0,9,5,6,5
55787,1,7,6,2,0,8,0,9,5,6,5
55788,5,8,3,1,6,0,7,1,4,4,7
55789,6,1,2,7,1,5,9,2,3,2,9
55790,6,3,2,7,1,5,9,2,3,2,9
55791,2,1,4,3,8,2,6,5,7,5,6
55792,7,1,0,3,4,6,1,8,7,3,4
55793,8,2,7,5,9,7,8,4,6,9,8
55794,7,1,0,3,4,6,1,5,7,3,4
55795,9,5,9,2,7,1,5,3,2,0,8
55796,7,1,0,3,4,6,1,5,7,3,4
55797,4,5,8,9,3,4,3,0,8,7,3
55798,4,5,8,9,3,4,3,0,8,7,3
55799,8,2,5,5,9,9,8,4,6,9,2
55800,7,1,0,3,4,6,1,5,7,3,4
55801,2,3,4,6,8,2,6,8,9,5,6
55802,0,4,3,0,2,0,4,1,4,8,0
55803,0,4,7,0,2,7,4,4,6,8,0
55804,5,8,3,1,6,0,7,1,4,4,7
55805,3,6,1,8,5,3,2,6,0,1,1
55806,3,0,1,4,5,3,2,6,1,1,1
55807,0,3,7,6,9,7,4,8,9,9,0
55808,6,5,2,7,1,5,9,2,3,2,9
55809,0,4,5,0,2,9,4,4,6,8,2
55810,5,8,3,1,6,0,7,1,4,4,0
55811,7,1,0,3,4,6,1,8,7,3,4
55812,5,8,3,1,6,0,7,1,4,4,7
55813,0,4,7,0,2,7,4,1,4,8,0
55814,8,2,7,5,9,7,8,4,6,9,8
55815,0,4,7,0,2,7,4,1,4,8,0
55816,6,5,2,7,1,5,9,2,3,2,9
55817,3,6,1,8,5,3,2,6,0,1,1
55818,2,1,4,3,8,2,6,5,7,5,6
55819,1,7,9,2,0,1,0,7,5,6,5
55820,2,3,4,6,8,2,6,3,9,5,6
55821,8,2,7,5,9,7,8,4,6,9,8
55822,3,6,1,8,5,3,2,6,0,1,1
55823,2,0,4,4,8,2,6,3,1,5,6
55824,4,5,8,9,3,4,3,0,8,7,3
55825,9,9,9,2,7,1,5,7,2,0,5
55826,0,4,3,0,2,0,4,1,4,8,0
55827,4,5,8,9,3,4,3,0,8,7,3
55828,0,4,3,0,2,0,4,1,4,8,0
55829,8,2,5,5,9,9,8,4,6,9,2
55830,2,3,4,6,8,2,6,3,9,5,6
55831,7,1,0,3,4,6,1,5,7,3,4
55832,9,9,9,2,7,1,5,7,2,0,5
55833,6,5,2,7,1,5,9,2,3,2,9
55834,2,2,4,6,8,2,6,3,9,5,6
55835,0,4,7,0,2,7,4,1,4,8,0
55836,0,5,5,2,3,9,4,4,8,7,2
55837,3,6,1,8,5,3,2,6,0,1,1
55838,0,4,3,0,2,0,4,1,4,8,0
55839,2,0,4,4,8,2,6,3,1,5,6
55840,3,6,1,8,5,3,2,6,0,1,1
55841,4,5,8,9,3,4,3,0,8,7,3
55842,0,4,3,0,2,0,4,1,4,8,2
55843,8,2,5,5,9,9,8,4,6,9,8
55844,9,9,9,2,7,1,5,7,2,0,5
55845,2,3,4,6,8,2,6,8,9,5,6
55846,1,7,6,2,0,8,0,9,5,6,5
55847,0,4,7,0,2,7,4,4,6,8,0
55848,0,4,5,0,2,9,4,4,6,8,2
55849,0,4,7,0,2,7,4,4,6,8,0
55850,9,9,9,2,7,1,5,9,2,0,5
55851,2,0,4,4,8,2,6,5,1,5,6
55852,2,3,4,6,8,2,6,8,9,5,6
55853,2,3,4,6,8,2,6,8,9,5,6
55854,0,4,5,0,2,9,4,1,4,8,2
55855,1,7,6,2,0,8,0,9,5,6,5
55856,8,4,7,5,9,7,8,4,6,9,8
55857,6,5,2,7,1,5,9,2,3,2,9
55858,7,1,0,3,4,6,1,5,7,3,4
55859,8,2,7,5,9,7,8,4,6,9,0
55860,5,8,3,1,6,0,7,1,4,4,7
55861,4,5,8,9,3,4,3,3,8,7,3
55862,5,8,3,2,6,0,7,1,4,4,0
55863,8,4,5,5,9,9,8,4,6,9,2
55864,7,1,0,3,4,6,1,5,7,3,4
55865,2,0,4,4,8,2,6,3,1,5,6
55866,7,1,0,3,4,6,1,5,7,3,4
55867,4,5,8,9,3,4,3,0,8,7,3
55868,2,3,4,6,8,2,6,8,9,5,6
55869,7,1,0,3,4,6,1,5,7,3,4
55870,1,7,6,2,0,8,0,9,5,6,5
55871,2,0,4,4,8,2,6,3,1,5,6
55872,8,2,7,5,9,7,8,4,2,9,8
55873,3,6,1,8,5,3,2,6,0,1,1
55874,7,1,0,3,4,6,1,5,7,3,4
55875,3,0,1,4,5,3,2,6,1,1,1
55876,7,1,0,3,4,6,1,5,7,3,4
55877,8,2,7,5,9,7,8,4,6,9,8
55878,8,2,7,5,9,7,8,3,6,9,8
55879,3,6,1,8,5,3,2,6,0,1,1
55880,7,1,0,3,4,6,1,8,7,3,4
55881,3,0,1,4,5,3,2,6,1,1,1
55882,0,4,5,0,2,9,4,4,6,8,2
55883,8,2,7,5,9,7,8,4,6,9,8
55884,5,8,3,1,6,0,7,1,4,4,7
55885,8,2,5,5,9,9,8,4,6,9,2
55886,7,1,0,3,4,6,1,5,7,3,4
55887,8,2,5,5,9,9,8,4,6,9,8
55888,1,7,6,2,0,8,0,9,5,6,5
55889,0,4,7,0,2,7,4,4,6,8,0
55890,7,6,0,8,4,6,1,5,0,3,4
55891,9,9,9,2,7,1,5,3,2,0,8
55892,3,6,1,8,5,3,2,6,0,1,1
55893,6,0,2,7,1,5,9,2,3,2,9
55894,7,1,0,3,4,6,1,5,7,3,4
55895,8,2,5,5,9,9,8,4,6,9,8
55896,0,4,2,0,2,5,4,2,3,8,0
55897,4,5,8,9,3,4,3,3,8,7,3
55898,5,8,3,1,6,0,7,1,8,4,3
55899,6,1,2,7,1,5,9,2,3,2,9
55900,4,7,8,9,3,4,3,3,8,7,3
55901,9,9,9,2,7,1,5,7,2,0,5
55902,0,1,3,0,2,0,4,1,4,8,0
55903,2,0,4,4,8,2,6,3,1,5,6
55904,4,5,8,9,3,4,3,3,8,7,3
55905,7,1,0,3,4,6,1,5,7,3,4
55906,2,3,4,6,8,2,6,3,9,5,6
55907,3,6,1,8,5,3,2,6,0,1,1
55908,2,3,4,6,8,2,6,3,9,5,6
55909,2,0,4,4,8,2,6,3,1,5,6
55910,2,3,4,6,8,2,6,8,9,5,6
55911,3,6,1,8,5,3,2,6,0,1,1
55912,1,5,6,2,0,8,0,9,5,6,5
55913,4,5,8,9,3,4,3,0,8,7,3
55914,1,7,6,2,0,8,0,9,5,6,5
55915,8,2,5,5,9,9,8,4,6,9,8
55916,0,4,5,0,2,9,4,1,4,8,2
55917,3,0,1,4,5,3,2,6,1,1,1
55918,0,4,7,0,2,7,4,4,6,8,5
55919,6,5,2,7,1,5,9,2,3,2,9
55920,1,7,6,2,0,8,0,9,5,6,5
55921,8,2,7,5,9,7,8,4,6,9,0
55922,3,0,1,4,5,3,2,6,1,1,1
55923,7,1,0,3,4,6,1,5,7,3,4
55924,5,8,3,1,6,0,7,1,4,4,7
55925,8,2,7,5,9,7,8,4,6,9,8
55926,7,1,0,3,4,6,1,5,7,3,4
55927,8,2,7,5,9,7,8,4,6,9,8
55928,0,4,5,0,2,9,4,1,4,8,2
55929,2,3,4,6,8,2,6,8,9,5,6
55930,5,8,3,1,6,0,7,1,4,4,7
55931,9,9,9,2,7,1,5,7,2,0,5
55932,7,1,0,3,4,6,1,5,7,3,4
55933,6,5,2,7,1,5,9,2,3,2,9
55934,0,4,5,0,2,9,4,1,4,8,0
55935,6,5,2,7,1,5,9,2,3,2,9
55936,4,5,8,9,3,4,3,3,8,7,3
55937,7,1,0,3,4,6,1,5,7,3,4
55938,0,4,7,0,2,7,4,1,4,8,0
55939,9,9,9,2,7,1,5,7,2,0,5
55940,7,1,0,3,4,6,1,5,7,3,4
55941,7,1,0,3,4,6,1,5,7,3,4
55942,4,5,8,9,3,4,3,3,8,7,3
55943,4,5,8,9,3,4,3,0,8,7,3
55944,8,2,7,5,9,7,8,4,6,9,8
55945,0,4,5,0,2,9,4,4,6,8,2
55946,7,1,0,3,4,6,1,5,7,3,4
55947,6,0,2,7,1,5,9,2,1,2,9
55948,0,4,7,0,2,7,4,4,6,8,0
55949,8,2,7,5,9,7,8,4,6,9,8
55950,9,9,9,2,7,1,5,7,2,0,5
55951,4,5,8,9,3,4,3,0,8,7,3
55952,1,7,6,2,0,8,0,9,5,6,5
55953,2,0,4,4,8,2,6,3,1,5,6
55954,5,8,3,1,6,0,7,1,4,4,0
55955,9,9,9,2,7,1,5,7,2,0,5
55956,4,5,8,9,3,4,3,0,8,7,3
55957,8,4,7,0,2,7,8,4,6,8,0
55958,7,8,0,3,4,6,1,5,7,3,4
55959,2,3,4,6,8,2,6,8,9,5,6
55960,7,1,0,3,4,6,1,5,7,3,4
55961,9,9,9,2,7,1,5,7,2,0,5
55962,7,1,0,3,4,6,1,5,7,3,4
55963,1,7,6,2,0,8,0,9,5,6,5
55964,5,8,3,1,6,0,7,1,4,4,7
55965,2,0,4,6,8,2,6,3,9,5,6
55966,7,1,0,3,4,6,1,5,7,3,4
55967,3,6,1,8,5,3,2,6,0,1,1
55968,2,3,4,6,8,7,6,8,9,5,8
55969,6,5,2,7,1,5,9,2,3,2,9
55970,5,8,3,1,6,0,7,1,4,4,7
55971,8,2,5,5,9,9,8,4,6,9,8
55972,6,5,2,7,1,5,9,2,3,2,9
55973,2,3,4,6,8,2,6,8,9,5,6
55974,1,7,6,2,0,8,0,9,5,6,5
55975,4,5,8,9,3,4,3,0,8,7,3
55976,5,8,3,1,6,0,7,1,4,4,7
55977,4,5,8,9,3,4,3,0,8,7,3
55978,0,4,7,0,2,7,4,1,4,8,0
55979,2,3,4,6,8,2,6,8,9,5,6
55980,7,1,0,3,4,6,1,5,7,3,4
55981,8,2,7,5,9,7,8,4,6,9,8
55982,6,5,2,7,1,5,9,2,3,2,9
55983,8,2,7,5,9,7,8,4,6,9,8
55984,4,5,8,9,3,4,3,0,8,7,3
55985,6,5,2,7,1,5,9,2,3,2,9
55986,3,0,1,4,5,3,2,6,1,1,1
55987,6,5,2,7,1,5,9,2,3,2,9
55988,9,9,9,2,7,1,5,7,2,0,5
55989,2,3,4,6,8,2,6,8,9,5,6
55990,5,8,3,1,6,0,7,1,4,4,0
55991,3,6,1,8,5,3,2,6,0,1,1
55992,0,8,3,1,6,0,7,1,4,4,0
55993,3,0,1,4,5,3,2,6,1,1,1
55994,4,5,8,9,3,4,3,0,8,7,3
55995,9,9,9,2,7,1,5,7,2,0,5
55996,6,5,2,7,1,5,9,2,3,2,9
55997,6,5,2,7,1,5,9,2,3,2,9
55998,7,1,0,3,4,6,1,5,7,3,4
55999,7,1,0,3,4,6,1,5,7,3,4
56000,9,9,9,2,7,1,5,7,2,0,5
56001,2,3,4,6,8,2,6,8,9,5,6
56002,7,1,0,3,4,6,1,5,7,3,4
56003,0,4,7,0,2,7,4,4,6,8,0
56004,5,8,3,1,6,0,7,8,4,4,7
56005,3,6,1,8,5,3,2,6,0,1,1
56006,1,7,6,2,0,8,0,9,5,6,5
56007,9,9,9,2,7,1,5,7,2,0,5
56008,7,1,0,3,4,6,1,5,7,3,4
56009,6,5,2,7,1,5,9,2,3,2,9
56010,9,9,9,2,7,1,5,7,2,0,5
56011,8,2,7,5,9,7,8,4,6,9,8
56012,7,1,0,3,4,6,1,5,7,3,4
56013,8,2,7,5,9,7,8,3,6,9,8
56014,2,5,4,7,8,2,6,3,3,5,6
56015,4,5,8,9,3,4,3,0,8,7,3
56016,9,9,9,2,7,1,5,7,2,0,5
56017,8,2,5,5,9,9,8,4,6,9,8
56018,5,8,3,1,6,0,7,1,4,4,0
56019,2,3,4,6,8,2,6,8,9,5,6
56020,1,7,6,2,0,8,0,9,5,6,5
56021,0,4,5,0,2,9,4,4,6,8,2
56022,4,5,8,9,3,4,3,0,8,7,7
56023,3,6,1,8,5,3,2,6,0,1,1
56024,0,4,7,0,2,7,4,8,9,8,0
56025,9,9,9,2,7,1,5,7,2,0,5
56026,7,1,0,3,4,6,1,9,5,3,4
56027,6,5,2,7,1,5,9,2,3,2,9
56028,0,4,5,0,2,9,4,4,6,8,2
56029,7,1,0,3,4,6,1,5,7,3,4
56030,0,4,3,0,2,0,4,1,4,8,2
56031,8,2,7,5,9,7,8,4,6,9,8
56032,7,1,0,3,4,6,1,5,7,3,4
56033,2,0,4,4,8,2,6,3,1,5,8
56034,8,2,5,5,9,9,8,4,6,9,8
56035,4,5,8,9,3,4,3,3,8,7,3
56036,7,1,0,3,4,6,1,5,7,3,4
56037,8,2,5,5,9,9,8,4,6,9,2
56038,2,3,4,6,8,2,6,8,9,5,6
56039,2,3,4,6,8,2,6,8,9,5,6
56040,5,5,3,2,6,0,7,1,4,4,5
56041,8,2,7,5,9,7,8,4,6,9,8
56042,0,4,5,0,2,9,4,4,6,8,2
56043,7,1,0,3,4,6,1,5,7,3,4
56044,4,5,8,9,3,4,3,0,8,7,3
56045,7,1,0,3,4,6,1,8,7,3,4
56046,1,7,6,2,0,8,0,9,5,6,5
56047,2,0,4,4,8,2,6,5,1,5,6
56048,1,7,6,2,0,8,0,9,5,6,5
56049,6,5,2,7,1,5,9,2,3,2,9
56050,4,5,8,9,3,4,3,3,8,7,3
56051,0,4,7,0,2,7,4,4,6,8,0
56052,0,4,3,0,2,0,4,1,4,8,2
56053,7,1,0,3,4,6,1,5,7,3,4
56054,5,8,3,1,6,0,7,1,4,4,7
56055,6,5,2,7,1,5,9,2,3,2,9
56056,0,3,7,6,2,7,4,8,9,8,0
56057,9,9,9,2,7,1,5,7,2,0,5
56058,0,8,3,0,2,0,4,1,4,8,2
56059,9,9,9,5,7,1,5,7,2,0,8
56060,5,8,3,1,6,0,7,1,4,4,7
56061,8,2,7,5,9,7,8,3,6,9,8
56062,0,8,3,0,2,0,4,1,4,8,0
56063,2,0,4,6,8,2,6,3,9,5,6
56064,5,8,3,1,6,0,7,1,4,4,7
56065,6,5,2,7,1,5,9,2,3,2,9
56066,1,7,6,2,0,8,0,9,5,6,5
56067,7,1,0,3,4,6,1,5,7,3,4
56068,2,3,4,6,8,2,6,8,9,5,6
56069,6,5,2,7,1,5,9,2,3,2,9
56070,1,7,6,2,0,8,0,9,5,6,5
56071,9,9,9,2,7,1,5,7,2,0,5
56072,5,8,3,1,6,0,7,1,4,4,7
56073,2,3,4,6,8,2,6,8,9,5,6
56074,0,4,5,0,2,9,4,4,6,8,2
56075,0,4,3,0,2,0,4,1,4,8,0
56076,1,7,6,2,0,8,0,9,5,6,5
56077,8,2,5,5,9,9,8,4,6,9,8
56078,5,8,3,1,6,0,7,1,4,4,7
56079,6,5,2,7,1,5,9,2,3,2,9
56080,5,8,3,1,6,0,7,1,4,4,7
56081,9,9,9,2,7,1,5,7,2,0,5
56082,1,7,6,2,0,8,0,9,5,6,5
56083,6,5,2,7,1,5,9,2,3,2,9
56084,8,2,7,5,9,7,8,4,6,9,8
56085,2,3,4,6,8,2,6,8,9,5,6
56086,5,8,3,1,6,0,7,1,4,4,7
56087,8,2,7,5,9,7,8,4,6,9,8
56088,9,9,9,2,7,1,5,2,2,0,5
56089,9,9,9,2,7,1,5,7,2,0,5
56090,0,4,6,0,2,8,4,9,5,8,0
56091,2,3,4,6,8,2,6,8,9,5,6
56092,0,4,3,0,2,0,4,1,4,8,0
56093,2,3,4,6,8,2,6,8,9,5,6
56094,5,8,3,1,6,0,7,1,4,4,7
56095,8,2,9,5,9,1,8,7,2,9,8
56096,0,4,6,0,2,8,4,9,5,8,5
56097,2,3,4,6,8,2,6,8,9,5,6
56098,5,5,8,1,6,4,7,0,8,4,7
56099,9,9,9,2,7,1,5,7,2,0,5
56100,6,5,2,7,1,5,9,2,3,2,9
56101,3,6,1,8,5,3,2,6,0,1,1
56102,5,8,3,1,6,0,7,1,4,4,0
56103,3,0,1,4,8,3,2,3,1,1,1
56104,6,5,2,7,1,5,9,2,3,2,9
56105,4,5,8,9,3,4,3,0,8,7,3
56106,9,9,7,2,7,7,5,7,2,0,5
56107,0,4,5,0,2,9,4,4,6,8,2
56108,7,1,0,3,4,6,1,5,7,3,4
56109,8,2,5,5,9,9,8,4,6,9,2
56110,1,7,6,2,0,8,0,9,5,6,5
56111,8,2,5,5,9,9,8,4,6,9,2
56112,0,4,5,0,2,9,4,1,4,8,2
56113,2,3,4,6,8,2,6,3,9,5,6
56114,1,7,6,2,0,8,0,9,5,6,5
56115,4,5,8,9,3,4,3,3,8,7,3
56116,5,8,3,1,6,0,7,1,4,4,4
56117,9,9,9,2,7,1,5,7,2,0,5
56118,0,4,5,0,2,9,4,1,4,8,0
56119,7,1,0,3,4,6,1,5,7,3,4
56120,6,5,2,7,1,5,9,2,3,2,9
56121,8,2,5,5,9,9,8,4,6,9,8
56122,0,4,3,0,2,0,4,1,4,8,0
56123,9,9,9,2,7,1,5,7,2,0,5
56124,3,0,1,4,5,3,2,6,1,1,1
56125,6,5,2,7,1,5,9,2,3,2,9
56126,2,3,4,6,8,2,6,8,9,5,6
56127,9,9,9,2,7,1,5,3,2,0,8
56128,7,1,0,3,4,6,1,5,7,3,4
56129,3,0,1,4,5,3,2,3,1,1,1
56130,4,0,8,4,3,4,3,3,1,7,3
56131,8,2,5,5,9,9,8,4,6,9,8
56132,0,4,5,0,2,9,4,4,6,8,2
56133,8,2,7,5,9,7,8,4,6,9,8
56134,1,7,6,2,0,8,0,9,5,6,5
56135,8,2,7,5,9,7,8,4,6,9,8
56136,7,1,0,3,4,6,1,5,7,3,4
56137,3,0,1,4,5,3,2,6,1,1,1
56138,1,7,6,2,0,8,0,9,5,6,5
56139,2,1,4,3,8,2,6,5,7,5,6
56140,3,6,1,8,5,3,2,6,0,1,1
56141,2,3,4,6,8,2,6,8,9,5,6
56142,5,8,3,1,6,0,7,1,4,4,7
56143,0,4,7,0,2,7,4,1,4,8,0
56144,4,5,8,9,3,4,3,0,8,7,3
56145,9,9,9,2,7,1,5,7,2,0,5
56146,8,2,7,5,9,7,8,4,6,9,8
56147,8,2,7,5,9,7,8,4,6,9,8
56148,4,5,8,9,3,4,3,0,8,7,3
56149,9,9,9,2,7,1,5,7,2,0,5
56150,5,8,3,1,6,0,7,1,4,4,0
56151,2,3,4,6,8,2,6,8,9,5,6
56152,8,2,7,5,9,7,8,4,6,9,8
56153,4,5,8,9,3,4,3,0,8,7,3
56154,7,1,0,3,4,6,1,5,7,3,4
56155,8,2,7,5,9,7,8,3,6,9,8
56156,3,6,1,8,5,3,2,6,0,1,7
56157,8,2,7,5,9,7,8,4,6,9,8
56158,3,6,1,8,5,3,2,6,0,1,1
56159,3,0,1,4,5,3,2,6,1,1,1
56160,8,2,5,5,9,9,8,4,6,9,2
56161,3,0,1,4,5,3,2,3,1,1,1
56162,1,7,6,2,0,8,0,9,5,6,5
56163,3,0,1,4,5,3,2,6,1,1,1
56164,7,1,0,3,4,6,1,5,7,3,4
56165,2,1,4,3,8,2,6,5,7,5,6
56166,8,2,7,5,9,7,8,4,6,9,8
56167,8,2,5,5,9,9,8,4,6,9,8
56168,7,3,0,3,4,6,1,8,7,3,4
56169,9,9,9,2,7,1,5,7,2,0,5
56170,7,1,0,3,4,6,1,5,7,3,4
56171,4,5,8,9,3,4,3,0,8,7,3
56172,2,3,4,6,8,2,6,3,9,5,6
56173,8,2,7,5,9,7,8,3,2,9,8
56174,3,6,1,8,5,3,2,6,0,1,1
56175,6,5,2,7,1,5,9,2,3,2,9
56176,3,6,1,8,5,3,2,6,0,1,1
56177,4,5,8,9,3,4,3,0,8,7,3
56178,0,4,3,0,2,0,4,1,4,8,0
56179,4,5,8,9,3,4,3,3,8,7,3
56180,1,7,6,2,0,8,0,9,5,6,5
56181,3,0,1,4,5,3,2,6,1,1,1
56182,4,5,8,9,3,4,3,0,8,7,3
56183,9,9,9,2,7,1,5,7,2,0,5
56184,5,8,3,1,6,0,7,0,8,4,7
56185,2,3,4,6,8,2,6,3,9,5,8
56186,1,7,6,2,0,8,0,3,5,6,5
56187,8,2,7,5,9,7,8,1,6,9,8
56188,1,7,6,2,0,8,0,9,5,6,5
56189,9,9,9,2,7,1,5,7,2,0,5
56190,5,8,3,1,6,0,7,1,4,4,7
56191,2,3,4,6,8,2,6,8,9,5,6
56192,1,7,6,2,0,8,0,9,5,6,5
56193,2,3,4,6,8,2,6,8,9,5,6
56194,1,7,6,2,0,8,0,9,5,6,5
56195,4,5,8,9,3,4,3,3,8,7,3
56196,0,4,5,0,2,9,4,4,6,8,2
56197,7,1,0,3,4,6,1,5,7,3,4
56198,7,1,0,3,4,6,1,5,7,3,4
56199,2,3,4,6,8,2,6,8,9,5,6
56200,7,1,0,3,4,6,1,5,7,3,4
56201,8,2,7,5,9,7,8,4,6,9,8
56202,2,3,4,6,8,2,6,8,9,5,6
56203,9,9,9,2,7,1,5,3,2,0,8
56204,2,4,6,0,2,8,6,9,9,8,0
56205,8,2,7,5,9,7,8,4,6,9,8
56206,7,1,0,3,4,6,1,5,7,3,4
56207,2,3,4,7,8,2,6,2,3,5,6
56208,1,7,6,2,0,8,0,9,5,6,5
56209,8,2,5,5,9,9,8,4,6,9,8
56210,5,8,3,1,6,0,7,0,4,4,7
56211,4,5,8,9,3,4,3,3,8,7,3
56212,5,8,3,1,6,0,7,1,4,4,7
56213,3,0,1,4,5,3,2,6,1,1,1
56214,2,2,4,5,8,2,6,3,9,5,8
56215,6,5,2,7,1,5,9,2,3,2,9
56216,0,4,3,0,2,0,4,1,4,8,0
56217,3,0,1,4,5,3,2,6,1,1,1
56218,1,7,6,2,0,8,0,9,5,6,5
56219,3,6,1,8,5,3,2,6,0,1,1
56220,5,8,3,1,6,0,7,1,4,4,7
56221,1,7,6,2,0,8,0,9,5,6,5
56222,9,9,9,7,7,1,5,2,2,0,9
56223,6,1,2,7,1,5,9,2,3,2,9
56224,7,1,0,3,4,6,1,5,7,3,4
56225,7,1,0,3,4,6,1,5,7,3,4
56226,1,7,6,2,0,8,0,9,5,6,5
56227,5,8,3,1,6,0,7,1,4,4,7
56228,7,1,0,3,4,6,1,5,7,3,4
56229,2,3,4,6,8,2,6,8,9,5,6
56230,5,8,3,1,6,0,7,1,4,4,0
56231,4,5,8,9,3,4,3,0,8,7,3
56232,4,5,8,9,3,4,3,0,8,7,3
56233,5,8,3,1,6,0,7,1,4,4,7
56234,7,1,0,3,4,6,1,5,7,3,4
56235,8,3,7,6,9,7,8,8,9,9,8
56236,3,6,1,8,5,3,2,6,0,1,1
56237,0,4,7,0,2,7,4,1,6,8,0
56238,0,4,3,0,2,0,4,1,4,8,0
56239,3,6,1,8,5,3,2,6,0,1,1
56240,4,5,8,9,3,4,3,0,8,7,3
56241,1,7,6,2,0,8,0,9,5,6,5
56242,8,2,7,5,9,7,8,4,6,9,8
56243,6,5,2,7,1,5,9,2,3,2,9
56244,5,8,3,1,6,0,7,1,4,4,7
56245,7,1,0,3,4,6,1,5,7,3,4
56246,2,3,4,6,8,2,6,8,9,5,6
56247,5,8,3,1,6,0,7,1,4,4,0
56248,3,0,1,4,5,3,2,6,1,1,1
56249,7,1,0,3,4,6,1,5,7,3,4
56250,2,3,4,6,8,2,6,8,9,5,6
56251,4,5,8,9,3,4,3,0,8,7,3
56252,1,7,6,2,0,8,0,9,5,6,5
56253,0,4,5,0,2,9,4,4,6,8,2
56254,8,2,7,5,9,7,8,4,6,9,8
56255,2,3,4,6,8,2,6,8,9,5,6
56256,3,6,1,8,5,3,2,6,0,1,1
56257,0,4,7,0,2,7,4,4,6,8,0
56258,5,8,3,1,6,0,7,1,4,4,7
56259,3,6,1,8,5,3,2,6,0,1,1
56260,2,3,4,6,8,2,6,8,9,5,6
56261,1,7,6,2,0,8,0,9,5,6,5
56262,7,1,0,3,4,6,1,5,7,3,4
56263,4,5,8,9,3,4,3,0,8,7,3
56264,6,5,2,7,1,5,9,2,3,2,9
56265,7,1,0,3,4,6,1,5,7,3,4
56266,1,7,6,2,0,8,0,9,5,6,5
56267,5,8,3,1,6,0,7,1,4,4,0
56268,5,8,3,1,6,0,7,1,4,4,0
56269,7,1,0,3,4,6,1,5,7,3,4
56270,5,8,3,1,6,0,7,1,4,4,7
56271,1,7,6,2,0,8,0,9,5,6,5
56272,0,4,3,0,2,0,4,1,4,8,2
56273,1,7,6,2,0,8,0,9,5,6,5
56274,8,2,7,5,9,7,8,4,6,9,8
56275,7,1,0,3,4,6,1,5,7,3,4
56276,5,8,3,1,6,0,7,1,4,4,7
56277,7,1,0,3,4,6,1,5,7,3,4
56278,9,9,9,2,7,1,5,7,2,0,5
56279,1,7,7,2,0,7,0,4,6,6,5
56280,0,4,3,0,2,0,4,1,4,8,0
56281,0,4,7,0,2,7,4,4,6,8,0
56282,6,3,2,7,1,5,9,2,3,2,9
56283,1,7,6,2,0,8,0,9,5,6,5
56284,2,3,4,6,8,2,6,8,9,5,6
56285,0,4,5,0,2,9,4,4,6,8,2
56286,5,8,3,1,6,0,7,1,4,4,7
56287,0,4,5,0,2,9,4,4,6,8,2
56288,7,1,0,3,4,6,1,5,7,3,4
56289,4,5,8,9,3,4,3,0,8,7,3
56290,2,3,4,6,8,2,6,8,9,5,6
56291,1,7,6,2,0,8,0,9,5,6,5
56292,1,7,6,2,0,8,0,9,5,6,5
56293,5,8,3,1,6,0,7,1,4,4,7
56294,0,4,5,0,2,9,4,1,4,8,2
56295,2,3,4,6,8,2,6,8,9,5,6
56296,7,1,0,3,4,6,1,8,7,3,4
56297,7,1,0,3,4,6,1,5,7,3,4
56298,6,5,2,7,1,5,9,2,3,2,9
56299,2,3,4,6,8,2,6,8,9,5,6
56300,5,8,3,1,6,0,7,1,4,4,7
56301,6,5,2,7,1,5,9,2,3,2,9
56302,0,4,7,0,2,7,4,4,6,8,0
56303,1,7,6,2,0,8,0,9,5,6,5
56304,5,8,3,1,6,0,7,1,4,4,7
56305,2,3,4,6,8,2,6,8,9,5,6
56306,2,3,4,6,8,2,6,8,9,5,6
56307,2,3,4,6,8,2,6,8,9,5,6
56308,1,7,6,2,0,8,0,9,5,6,5
56309,2,3,4,6,8,2,6,8,9,5,6
56310,2,3,4,6,8,2,6,8,9,5,6
56311,9,9,7,2,7,7,5,7,2,0,5
56312,6,3,2,7,1,5,9,2,3,2,9
56313,0,3,7,6,2,7,4,8,9,8,0
56314,2,3,4,2,8,2,6,3,9,5,6
56315,2,3,4,6,8,2,6,8,9,5,6
56316,0,4,7,0,2,7,4,4,6,8,0
56317,0,4,3,0,2,0,4,1,4,8,0
56318,3,0,1,4,5,3,2,6,1,1,1
56319,0,4,7,0,2,7,4,4,6,8,0
56320,0,4,7,0,2,7,4,4,6,8,0
56321,7,1,0,3,4,6,1,5,7,3,4
56322,2,3,4,6,8,2,6,8,9,5,6
56323,0,4,7,0,2,7,4,4,6,8,8
56324,7,1,0,3,4,6,1,5,7,3,4
56325,6,5,2,7,1,5,9,2,3,2,9
56326,9,9,9,2,7,1,5,7,2,0,5
56327,2,3,4,6,8,2,6,3,9,5,6
56328,9,9,9,2,7,1,5,7,2,0,5
56329,0,4,5,0,2,9,4,4,6,8,2
56330,0,4,7,0,2,7,4,4,6,8,0
56331,8,2,7,5,9,7,8,4,6,9,8
56332,3,6,1,8,5,3,2,6,0,1,1
56333,1,7,6,2,0,8,0,9,5,6,5
56334,5,8,3,1,6,0,7,1,4,4,7
56335,6,5,2,7,1,5,9,2,3,2,9
56336,1,7,6,2,0,8,0,9,5,6,5
56337,7,1,0,3,4,6,1,5,7,3,4
56338,1,7,6,2,0,8,0,9,5,6,5
56339,2,3,4,6,8,2,6,8,9,5,6
56340,6,5,2,7,1,5,9,2,3,2,9
56341,0,8,3,0,2,0,4,1,4,8,0
56342,4,5,8,9,3,4,3,3,8,7,3
56343,1,7,6,2,0,8,0,9,5,6,5
56344,7,1,0,3,4,6,1,5,7,3,4
56345,4,5,8,9,3,4,3,0,8,7,3
56346,0,4,5,0,2,9,4,4,6,8,2
56347,4,5,8,9,3,4,3,3,8,7,3
56348,5,8,3,1,6,0,7,1,4,4,7
56349,1,7,6,2,0,8,0,9,5,6,5
56350,5,8,3,1,6,0,7,1,4,4,7
56351,4,0,1,4,3,3,3,3,1,7,3
56352,2,3,4,6,8,2,6,8,9,5,6
56353,4,5,8,9,3,4,3,3,8,7,3
56354,0,4,5,0,2,9,4,4,6,8,2
56355,6,5,2,7,1,5,9,2,3,2,9
56356,8,2,5,5,9,9,8,4,6,9,8
56357,2,3,4,6,8,2,6,8,9,5,6
56358,4,1,8,9,3,4,3,3,8,7,3
56359,0,4,5,0,2,9,4,4,6,8,2
56360,9,9,9,2,7,1,5,7,2,0,5
56361,6,5,2,7,1,5,9,2,3,2,9
56362,3,6,1,8,5,3,2,6,0,1,7
56363,2,3,4,6,8,2,6,8,9,5,6
56364,0,4,3,0,2,0,4,1,4,8,0
56365,1,7,6,2,0,8,0,9,5,6,5
56366,5,8,3,1,6,0,7,1,4,4,7
56367,1,7,6,2,0,8,0,9,5,6,5
56368,2,3,4,6,8,2,6,8,9,5,6
56369,2,3,4,6,8,2,6,8,9,5,6
56370,9,9,9,2,7,1,5,3,2,0,8
56371,2,3,4,6,8,2,6,3,9,5,6
56372,7,1,0,2,4,6,1,5,7,3,4
56373,4,5,8,9,3,4,3,0,8,7,3
56374,1,7,6,2,0,8,0,9,5,6,5
56375,8,4,7,5,2,7,8,4,6,8,0
56376,0,4,7,0,2,7,4,4,6,8,0
56377,3,6,1,8,5,3,2,6,0,1,1
56378,2,3,4,6,8,2,6,8,9,5,6
56379,1,7,6,2,0,8,0,9,5,6,5
56380,1,7,6,0,0,8,0,9,5,6,0
56381,0,4,5,0,2,9,4,1,4,8,2
56382,0,4,5,0,2,9,4,4,6,8,2
56383,2,3,4,6,8,2,6,5,9,5,6
56384,1,7,6,2,0,8,0,9,5,6,5
56385,4,5,8,9,3,4,3,0,8,7,3
56386,2,3,4,6,8,2,6,8,9,5,6
56387,8,2,7,5,9,7,8,8,9,9,8
56388,3,6,1,8,5,3,2,6,0,1,1
56389,3,6,1,8,5,3,2,6,0,1,1
56390,0,4,5,0,2,9,4,4,6,8,2
56391,7,1,0,3,4,6,1,8,7,3,4
56392,9,9,9,2,7,1,5,7,2,0,5
56393,0,4,5,0,2,9,4,4,6,8,2
56394,6,5,2,7,1,5,9,2,3,2,9
56395,0,4,7,0,2,7,4,1,4,8,0
56396,2,3,4,6,8,2,6,8,9,5,6
56397,7,1,0,3,4,6,1,5,7,3,4
56398,7,1,0,3,4,6,1,5,7,3,4
56399,5,5,8,9,3,4,7,0,8,7,7
56400,0,4,7,0,2,7,4,1,4,8,0
56401,0,4,3,0,2,0,4,1,4,8,0
56402,2,3,4,6,8,2,6,8,9,5,6
56403,6,5,2,7,1,5,9,2,3,2,9
56404,3,0,1,4,5,3,2,6,1,1,1
56405,4,5,8,9,3,4,3,0,8,7,3
56406,5,8,3,1,6,0,7,1,4,4,7
56407,2,3,4,6,8,2,6,8,9,5,6
56408,5,8,3,1,6,0,7,1,4,4,7
56409,2,3,4,6,8,2,6,8,9,5,8
56410,8,2,5,5,9,9,8,4,6,9,2
56411,4,5,8,9,3,4,3,3,8,7,3
56412,1,7,6,0,0,8,0,9,5,6,0
56413,0,4,7,0,2,7,4,1,4,8,0
56414,5,8,3,1,6,0,7,1,4,4,7
56415,3,0,1,4,5,3,2,3,1,1,1
56416,0,4,3,0,2,0,4,1,4,8,2
56417,0,4,7,0,2,7,4,4,6,8,0
56418,8,2,5,5,9,9,8,4,6,9,2
56419,3,0,1,4,5,3,2,6,1,1,1
56420,7,1,0,3,4,6,1,5,7,3,4
56421,4,5,8,9,3,4,3,0,8,7,3
56422,5,8,3,1,6,0,7,1,4,4,0
56423,1,7,6,2,0,8,0,9,5,6,5
56424,3,6,1,8,5,3,2,6,0,1,1
56425,8,2,7,5,9,7,8,4,6,9,8
56426,0,4,5,0,2,9,4,4,6,8,2
56427,4,5,8,9,3,4,3,0,8,7,3
56428,2,3,4,6,8,2,6,8,9,5,6
56429,3,6,1,8,5,3,2,6,0,1,1
56430,7,3,0,6,4,6,1,8,9,3,4
56431,0,4,3,0,2,0,4,1,4,8,0
56432,8,2,5,5,9,9,8,4,6,9,2
56433,7,1,0,3,4,6,1,5,7,3,4
56434,7,1,0,3,4,6,1,5,7,3,4
56435,1,7,6,2,0,8,0,9,5,6,5
56436,7,1,4,3,4,6,1,5,7,3,6
56437,7,1,0,3,4,6,1,8,7,3,4
56438,0,4,6,0,2,8,4,9,5,8,2
56439,0,4,3,0,2,0,4,1,4,8,2
56440,5,8,3,1,6,0,7,1,4,4,7
56441,4,5,8,9,3,4,3,0,8,7,3
56442,0,4,7,0,2,7,4,4,6,8,0
56443,1,7,7,2,0,7,0,9,5,6,0
56444,3,6,1,8,5,3,2,6,0,1,1
56445,0,4,7,0,2,7,4,4,6,8,0
56446,4,5,8,9,3,4,3,0,8,7,3
56447,2,3,4,6,8,2,6,8,9,5,6
56448,7,1,0,3,4,6,1,5,7,3,4
56449,7,1,0,3,4,6,1,5,7,3,4
56450,3,6,1,8,5,3,2,6,0,1,1
56451,5,8,3,1,6,0,7,1,4,4,7
56452,9,9,9,2,7,1,5,7,2,0,5
56453,8,2,5,5,9,9,8,4,6,9,2
56454,3,0,1,4,5,3,2,3,1,1,1
56455,4,5,8,9,3,4,3,0,8,7,3
56456,9,9,9,2,7,1,5,7,2,0,5
56457,0,4,7,0,2,7,4,4,6,8,0
56458,0,4,7,0,2,7,4,4,6,8,0
56459,3,6,1,8,5,3,2,6,0,1,1
56460,2,3,4,6,8,2,6,3,9,5,6
56461,2,3,4,6,8,2,6,8,9,5,6
56462,0,4,5,0,2,9,4,4,6,8,2
56463,4,5,8,9,3,4,3,0,8,7,3
56464,7,3,0,3,4,6,1,8,9,3,4
56465,6,5,2,7,1,5,9,2,3,2,9
56466,0,4,7,0,2,7,4,1,4,8,0
56467,6,5,2,7,1,5,9,2,3,2,9
56468,2,3,4,6,8,2,6,8,9,5,6
56469,3,6,1,8,5,3,2,6,0,1,1
56470,1,7,6,2,0,8,0,9,5,6,5
56471,1,7,6,2,0,8,0,9,5,6,5
56472,0,4,6,0,2,8,4,9,5,8,0
56473,6,5,2,7,1,5,9,2,3,2,9
56474,7,1,0,3,4,6,1,5,7,3,4
56475,7,1,0,3,4,6,1,5,7,3,4
56476,7,1,0,3,4,6,1,5,7,3,4
56477,5,8,3,1,6,0,7,1,4,4,7
56478,5,8,3,1,6,0,7,1,4,4,7
56479,7,1,0,3,4,6,1,5,7,3,4
56480,7,1,0,3,4,6,1,5,7,3,2
56481,4,5,8,9,3,4,3,0,8,7,7
56482,0,4,5,0,2,9,4,1,4,8,2
56483,5,8,3,1,6,0,7,1,4,4,2
56484,5,8,3,1,6,0,7,1,4,4,7
56485,2,3,4,6,8,2,6,8,9,5,6
56486,0,4,7,0,2,7,4,4,6,8,0
56487,5,8,3,1,6,0,7,1,4,4,4
56488,7,1,0,3,4,6,1,5,7,3,4
56489,3,6,1,8,5,3,2,6,0,1,1
56490,1,7,6,2,0,8,0,9,5,6,5
56491,1,7,6,2,0,8,0,9,5,6,5
56492,7,1,0,3,4,6,1,5,7,3,4
56493,6,5,2,7,1,5,9,2,3,2,9
56494,9,9,9,2,7,1,5,7,2,0,5
56495,5,8,3,1,6,0,7,1,4,4,7
56496,8,2,7,5,9,7,8,4,6,9,8
56497,5,8,3,1,6,0,7,1,4,4,7
56498,6,9,2,7,1,5,9,2,3,2,9
56499,7,1,0,3,4,6,1,5,7,3,4
56500,0,4,3,0,2,0,4,1,4,8,2
56501,4,5,8,9,3,4,3,0,8,7,3
56502,7,3,4,6,4,6,1,8,9,3,4
56503,5,8,3,1,6,0,7,1,4,4,7
56504,7,1,0,3,4,6,1,5,7,3,4
56505,2,3,4,6,8,2,6,8,9,5,6
56506,1,7,6,2,0,8,0,9,5,6,5
56507,0,8,3,1,6,0,7,1,4,4,0
56508,5,5,3,2,7,0,7,1,4,0,5
56509,3,6,1,8,5,3,2,6,0,1,1
56510,1,7,6,0,0,8,0,9,5,6,5
56511,1,7,6,2,0,8,0,9,5,6,5
56512,3,0,1,4,5,3,2,6,1,1,1
56513,6,5,2,7,1,5,9,2,3,2,9
56514,5,8,3,1,8,2,7,3,4,5,7
56515,7,1,0,3,4,6,1,5,7,3,4
56516,5,8,3,1,6,0,7,1,4,4,7
56517,7,1,0,3,4,6,1,5,7,3,4
56518,0,4,5,0,2,9,4,1,4,8,2
56519,4,5,8,9,3,4,3,0,8,7,3
56520,4,5,8,9,3,4,3,0,8,7,3
56521,0,4,5,0,2,9,4,1,4,8,2
56522,3,6,1,8,5,3,2,6,0,1,1
56523,2,3,4,6,8,2,6,8,9,5,6
56524,7,1,0,3,4,6,1,5,7,3,4
56525,9,9,6,2,7,8,5,9,5,0,5
56526,4,5,8,9,3,4,3,0,8,7,7
56527,5,8,3,1,6,0,7,1,4,4,7
56528,7,1,0,3,4,6,1,5,7,3,4
56529,7,1,0,3,4,6,1,5,7,3,4
56530,7,1,0,3,4,6,1,1,4,3,0
56531,5,8,3,1,6,0,7,1,4,4,7
56532,5,8,3,1,6,0,7,1,4,4,7
56533,3,6,1,8,5,3,2,6,0,1,1
56534,0,4,5,0,2,9,4,4,6,8,2
56535,7,1,0,3,4,6,1,5,7,3,4
56536,2,3,4,6,8,2,6,8,9,5,6
56537,1,7,6,2,0,8,0,9,5,6,5
56538,1,7,6,2,0,8,0,9,5,6,5
56539,5,8,3,1,6,0,7,1,4,4,7
56540,6,3,2,6,1,5,9,8,9,2,9
56541,1,7,6,2,0,8,0,9,5,6,5
56542,0,4,5,0,2,9,4,4,6,8,2
56543,5,8,3,1,6,0,7,1,4,4,2
56544,7,3,0,2,4,6,1,8,9,3,5
56545,4,5,8,9,3,4,3,0,8,7,3
56546,8,2,5,5,9,9,8,4,6,9,2
56547,7,1,0,3,4,6,1,5,7,3,4
56548,4,5,8,9,3,4,3,0,8,7,3
56549,4,5,8,9,3,4,3,0,8,7,3
56550,5,8,3,1,6,0,7,1,4,4,7
56551,5,8,3,1,6,0,7,1,4,4,7
56552,4,5,8,9,3,4,3,0,8,7,3
56553,6,5,2,7,1,5,9,2,3,2,9
56554,7,1,0,3,4,6,1,5,7,3,4
56555,5,8,3,1,6,0,7,1,4,4,2
56556,3,6,1,8,5,3,2,6,0,1,1
56557,2,3,4,6,8,2,6,8,9,5,6
56558,6,1,2,7,1,5,9,2,3,2,9
56559,1,7,6,2,0,8,0,9,5,6,5
56560,2,3,4,6,8,2,6,8,9,5,6
56561,7,1,0,3,4,6,1,5,7,3,4
56562,4,5,8,9,3,4,3,0,8,7,7
56563,5,8,3,1,6,0,7,1,4,4,7
56564,5,8,3,1,6,0,7,1,4,4,7
56565,7,1,0,3,4,6,1,5,7,3,4
56566,1,7,6,2,0,8,0,3,5,6,5
56567,5,8,3,1,6,0,7,1,4,4,2
56568,4,5,8,9,3,4,3,0,8,7,3
56569,6,5,2,7,1,5,9,2,3,2,9
56570,3,6,1,8,5,3,2,6,0,1,1
56571,5,8,3,1,6,0,7,1,4,4,7
56572,9,9,9,2,7,1,5,7,2,0,5
56573,3,0,1,4,5,3,2,3,1,1,1
56574,7,1,0,3,4,6,1,5,7,3,4
56575,1,7,6,2,0,8,0,9,5,6,5
56576,1,7,6,0,0,8,0,9,5,6,5
56577,0,4,3,0,2,0,4,1,4,8,0
56578,7,1,0,3,4,6,1,5,7,3,4
56579,6,5,2,7,1,5,9,2,3,2,9
56580,0,4,7,0,2,7,4,4,6,8,0
56581,7,1,0,3,4,6,1,5,7,3,4
56582,4,5,8,9,3,4,3,3,8,7,3
56583,6,5,2,7,1,5,9,2,3,2,9
56584,1,7,6,2,0,8,0,9,5,6,5
56585,7,1,0,3,4,6,1,5,7,3,4
56586,1,7,6,2,0,8,0,3,5,6,5
56587,7,1,0,3,4,6,1,5,7,3,4
56588,8,2,5,5,9,9,8,4,6,9,2
56589,7,1,0,3,4,6,1,5,7,3,4
56590,1,7,6,2,0,8,0,9,5,6,5
56591,5,8,3,1,6,0,7,1,4,4,7
56592,5,5,8,9,3,4,7,0,8,7,7
56593,2,3,4,6,8,2,6,8,9,5,6
56594,7,1,0,3,4,6,1,5,7,3,4
56595,5,8,3,1,6,0,7,1,4,4,7
56596,0,4,7,0,2,7,4,4,6,8,0
56597,5,8,3,1,6,0,7,1,4,4,0
56598,6,3,2,7,1,5,9,2,3,2,9
56599,0,4,3,0,2,0,4,1,4,8,0
56600,9,9,9,2,7,1,5,7,2,0,5
56601,5,8,3,1,6,0,7,1,4,4,7
56602,1,7,6,2,0,8,0,9,5,6,5
56603,1,7,6,2,0,8,0,9,5,6,5
56604,0,4,5,0,2,9,4,4,6,8,2
56605,1,7,6,2,0,8,0,9,5,6,5
56606,3,6,1,8,5,3,2,6,0,1,1
56607,0,4,3,0,2,0,4,1,4,8,0
56608,3,6,1,8,5,3,2,6,0,1,1
56609,3,6,1,8,5,3,2,6,0,1,1
56610,1,7,6,2,0,8,0,9,5,6,5
56611,0,4,5,0,2,9,4,1,4,8,2
56612,6,3,2,7,1,5,9,8,3,2,9
56613,2,3,4,6,8,2,6,8,9,5,6
56614,3,0,1,4,5,3,2,6,1,1,1
56615,7,1,0,3,4,6,1,5,7,3,4
56616,1,7,6,2,0,8,0,9,5,6,5
56617,7,3,4,6,4,6,6,8,9,3,6
56618,0,4,3,0,2,0,4,1,4,8,0
56619,4,5,8,9,3,4,3,0,8,7,7
56620,5,8,3,1,6,0,7,1,4,4,7
56621,7,1,0,3,4,6,1,3,7,3,4
56622,5,8,3,1,6,0,7,1,4,4,7
56623,2,3,4,6,8,2,6,8,9,5,6
56624,7,1,0,3,4,6,1,5,7,3,4
56625,3,6,1,8,5,3,2,6,0,1,1
56626,3,6,1,8,5,3,2,6,0,1,1
56627,5,8,3,1,6,0,7,1,4,4,7
56628,2,3,4,6,8,2,6,8,9,5,6
56629,4,5,8,9,3,4,3,0,8,7,3
56630,7,1,3,3,4,6,1,5,7,3,4
56631,6,5,2,7,1,5,9,2,3,2,9
56632,1,7,6,2,0,8,0,9,5,6,5
56633,1,7,6,2,0,8,0,9,5,6,5
56634,5,8,3,1,6,0,7,1,4,4,7
56635,3,6,1,8,5,3,2,6,0,1,1
56636,7,1,0,3,4,6,1,5,7,3,4
56637,1,7,6,2,0,8,0,9,5,6,5
56638,0,4,5,0,2,9,4,4,6,8,2
56639,3,6,1,8,5,3,2,6,0,1,1
56640,0,4,5,0,2,9,4,1,4,8,2
56641,5,5,8,9,3,4,3,0,8,7,7
56642,0,4,7,0,2,7,4,1,8,8,0
56643,4,5,5,9,3,9,3,0,8,7,2
56644,9,9,9,2,7,1,5,7,2,0,5
56645,4,1,8,9,3,4,3,0,8,7,3
56646,8,2,4,5,9,2,8,8,9,9,8
56647,7,1,0,3,4,6,1,8,7,3,4
56648,5,8,3,1,6,0,7,1,4,4,7
56649,5,8,3,1,6,0,7,1,4,4,7
56650,0,4,5,0,2,9,4,4,6,8,2
56651,3,6,1,8,5,3,2,6,0,1,1
56652,0,4,6,0,2,8,4,9,5,8,0
56653,5,8,3,1,6,0,7,1,4,4,7
56654,7,1,0,3,4,6,1,5,7,3,4
56655,0,4,5,0,2,9,4,1,4,8,2
56656,1,7,6,2,0,8,0,9,5,6,5
56657,7,1,0,3,4,6,1,5,7,3,4
56658,0,3,4,6,4,2,6,8,9,3,0
56659,0,4,7,0,2,7,4,1,4,8,0
56660,9,9,9,2,7,1,5,7,2,0,5
56661,7,1,0,3,4,6,1,5,7,3,4
56662,3,6,1,8,5,3,2,6,0,1,1
56663,7,1,0,3,4,6,1,5,7,3,4
56664,1,7,6,0,0,8,0,9,5,6,7
56665,6,5,2,7,1,5,9,2,3,2,9
56666,2,3,4,6,8,2,6,3,9,5,6
56667,7,1,0,3,4,6,1,5,7,3,4
56668,1,7,6,2,0,8,0,9,5,6,5
56669,7,1,0,3,4,6,1,5,7,3,4
56670,0,4,5,0,2,9,4,1,4,8,2
56671,5,8,3,1,6,0,7,1,4,4,7
56672,1,7,6,2,0,8,0,9,5,6,5
56673,5,5,2,1,6,5,7,0,3,4,7
56674,3,6,1,8,5,3,2,6,0,1,1
56675,4,5,8,9,3,4,3,0,8,7,3
56676,5,8,3,1,6,0,7,1,4,4,7
56677,4,5,8,9,3,4,3,0,8,7,3
56678,4,5,8,9,3,4,3,3,8,7,3
56679,5,8,3,1,6,0,7,1,4,4,2
56680,9,9,9,2,7,1,5,7,2,0,5
56681,5,8,3,1,6,0,7,1,4,4,0
56682,7,3,0,6,4,6,1,8,9,3,4
56683,1,7,6,2,0,8,0,9,5,6,5
56684,5,8,3,1,6,0,7,1,4,4,7
56685,7,3,0,6,4,6,1,8,9,3,4
56686,3,6,1,8,5,3,2,6,0,1,1
56687,6,0,2,7,1,5,9,2,3,2,9
56688,1,7,6,2,0,8,0,9,5,6,5
56689,1,7,6,2,0,8,0,9,5,6,5
56690,5,8,3,1,6,0,7,1,4,4,7
56691,6,5,2,7,1,5,9,2,3,2,9
56692,4,5,8,9,3,4,3,0,8,7,3
56693,4,5,8,9,3,4,3,0,8,7,3
56694,5,8,3,1,6,0,7,1,4,4,7
56695,7,1,0,3,4,6,1,5,7,3,4
56696,1,7,6,2,0,8,0,9,5,6,5
56697,7,1,0,3,4,6,1,5,7,3,4
56698,5,8,3,1,6,0,7,1,4,4,7
56699,5,8,3,1,6,0,7,1,4,4,7
56700,5,8,3,1,6,0,7,1,4,4,0
56701,5,8,3,1,6,0,7,1,4,4,7
56702,0,4,3,0,2,0,4,1,4,8,0
56703,5,8,3,1,6,0,7,1,4,4,0
56704,3,6,1,8,5,3,2,6,0,1,1
56705,5,8,3,1,6,0,7,1,4,4,7
56706,4,5,8,9,3,4,3,0,8,7,3
56707,3,6,1,8,5,3,2,6,0,1,1
56708,0,4,7,0,2,7,4,1,4,8,0
56709,3,6,1,8,5,3,2,6,0,1,1
56710,2,3,4,6,8,2,6,8,9,5,6
56711,7,1,0,3,4,6,1,5,7,3,4
56712,2,3,4,6,8,2,6,8,9,5,0
56713,5,8,3,1,6,0,7,1,4,4,7
56714,1,7,6,2,0,8,0,9,5,6,5
56715,3,6,1,8,5,3,2,6,0,1,1
56716,7,1,0,3,4,6,1,5,7,3,4
56717,1,7,6,6,0,8,0,9,5,6,6
56718,4,5,8,9,3,4,3,0,8,7,3
56719,6,5,2,7,1,5,9,2,3,2,9
56720,2,3,4,6,8,2,6,8,9,5,6
56721,7,1,0,3,4,6,1,5,7,3,4
56722,0,4,5,0,2,9,4,1,4,8,2
56723,0,4,3,0,2,0,4,1,4,8,0
56724,2,5,4,9,8,2,6,3,8,5,3
56725,8,2,7,5,9,7,8,3,6,9,8
56726,5,8,3,1,6,0,7,1,4,4,7
56727,4,5,8,9,3,4,3,0,8,7,3
56728,1,7,6,2,0,8,0,9,5,6,5
56729,0,4,5,0,2,9,4,4,6,8,2
56730,7,1,0,3,4,6,1,5,7,3,4
56731,2,3,4,6,8,2,6,8,9,5,6
56732,7,1,0,3,4,6,1,5,7,3,4
56733,0,8,3,0,2,0,4,1,4,8,0
56734,1,7,6,2,0,8,0,9,5,6,5
56735,3,6,1,8,5,3,2,6,0,1,1
56736,4,5,8,9,3,4,3,0,8,7,3
56737,1,7,6,6,0,8,0,9,5,6,5
56738,7,1,0,3,4,6,1,5,7,3,4
56739,7,1,0,3,4,8,1,9,5,3,4
56740,0,4,7,0,2,7,4,1,4,8,0
56741,7,1,0,3,4,6,1,5,7,3,4
56742,5,8,3,1,6,0,7,0,4,4,7
56743,5,8,3,1,6,0,7,1,4,4,7
56744,1,7,6,2,0,8,0,9,5,6,5
56745,7,1,0,3,4,6,1,5,7,3,4
56746,5,5,8,9,3,4,3,0,8,7,7
56747,4,5,8,9,3,4,3,0,8,7,3
56748,0,4,7,0,2,7,4,8,9,8,0
56749,8,2,5,5,9,9,8,4,6,9,2
56750,9,9,9,2,7,1,5,7,2,0,5
56751,2,3,4,6,8,2,6,8,9,5,6
56752,7,1,0,3,4,6,1,5,7,3,4
56753,0,8,3,0,2,0,4,1,4,8,0
56754,7,1,0,3,4,6,1,5,7,3,4
56755,3,6,1,8,5,3,2,6,0,1,1
56756,8,2,5,5,9,9,8,4,6,9,8
56757,1,7,6,2,0,8,0,9,5,6,5
56758,0,4,3,0,2,0,4,1,4,8,0
56759,6,5,2,7,1,5,9,2,3,2,9
56760,5,8,3,1,6,0,7,1,4,4,0
56761,7,1,0,3,4,6,1,5,7,3,4
56762,6,5,2,7,1,5,9,2,3,2,9
56763,5,8,3,1,6,0,7,1,4,4,7
56764,1,7,6,2,0,8,0,9,5,6,5
56765,2,0,4,4,8,2,6,3,1,5,6
56766,3,6,1,8,5,3,2,6,0,1,1
56767,4,5,8,9,3,4,3,0,8,7,3
56768,1,7,6,2,0,8,0,9,5,6,5
56769,0,4,5,0,2,9,4,4,6,8,2
56770,5,8,3,1,6,0,7,1,4,4,7
56771,2,3,4,6,8,2,6,8,9,5,6
56772,1,7,6,2,0,8,0,9,5,6,5
56773,0,4,6,0,2,8,4,9,5,8,0
56774,0,4,3,0,2,0,4,1,4,8,0
56775,4,0,8,9,3,4,3,3,8,7,3
56776,7,1,0,3,4,6,1,5,7,3,4
56777,2,3,4,6,8,2,6,8,9,5,6
56778,3,6,1,8,5,3,2,6,0,1,1
56779,1,7,6,2,0,8,0,9,5,6,5
56780,8,4,5,0,2,9,8,4,6,8,2
56781,3,0,1,4,5,3,2,6,1,1,1
56782,8,2,7,5,9,7,8,3,6,9,8
56783,1,7,6,2,0,8,0,9,5,6,5
56784,0,4,7,0,2,7,4,4,6,8,0
56785,6,5,2,7,1,5,9,2,3,2,9
56786,0,4,3,0,2,0,4,1,4,8,0
56787,8,4,5,0,2,9,8,4,6,8,2
56788,5,8,3,1,6,0,7,1,4,4,7
56789,2,3,4,6,8,2,6,8,9,5,6
56790,2,1,4,3,8,2,6,3,7,5,6
56791,7,1,0,3,4,6,1,5,7,3,4
56792,5,8,3,1,6,0,7,1,4,4,7
56793,0,8,3,1,2,0,4,1,4,8,0
56794,8,2,5,5,9,9,8,4,6,9,2
56795,6,1,2,7,1,5,9,2,3,2,9
56796,4,5,8,9,3,4,3,0,8,7,3
56797,0,4,3,0,2,0,4,1,4,8,0
56798,8,2,5,5,9,9,8,4,6,9,2
56799,0,4,3,0,2,0,4,1,4,8,0
56800,7,1,0,3,4,6,1,5,7,3,4
56801,3,6,1,8,5,3,2,6,0,1,1
56802,4,5,8,1,3,4,3,3,8,7,3
56803,3,6,1,8,5,3,2,6,0,1,1
56804,7,1,0,3,4,6,1,5,7,3,4
56805,4,5,8,9,3,4,3,0,8,7,3
56806,0,4,3,0,2,0,4,1,4,8,2
56807,0,4,3,0,2,0,4,1,4,8,0
56808,0,4,3,0,2,0,4,1,4,8,0
56809,4,5,8,9,3,4,3,0,8,7,3
56810,9,9,9,2,7,1,5,7,2,0,5
56811,4,5,8,9,3,4,3,0,8,7,3
56812,7,1,0,3,4,6,1,5,7,3,4
56813,9,9,9,2,7,1,5,7,2,0,5
56814,0,4,5,0,2,9,4,1,4,8,2
56815,0,4,5,0,2,9,4,4,6,8,2
56816,0,4,5,0,2,9,4,1,4,8,2
56817,7,1,0,3,4,6,1,5,7,3,4
56818,0,4,7,0,2,7,4,1,4,8,0
56819,6,1,2,7,1,5,9,2,3,2,9
56820,7,1,0,3,4,6,1,5,7,3,4
56821,6,5,2,7,1,5,9,2,3,2,9
56822,0,4,5,0,2,9,4,4,6,8,2
56823,7,1,0,3,4,6,1,5,7,3,4
56824,6,3,2,7,1,5,9,2,3,2,9
56825,5,8,3,1,6,0,7,1,4,4,7
56826,0,8,3,0,2,0,4,1,4,8,0
56827,0,4,3,0,2,0,4,1,4,8,0
56828,5,8,3,1,6,0,7,1,4,4,7
56829,5,8,3,1,6,0,7,1,4,4,7
56830,4,5,8,9,3,4,3,3,8,7,3
56831,1,7,6,2,0,8,0,9,5,6,5
56832,5,8,3,1,6,0,7,1,4,4,2
56833,5,8,3,1,6,0,7,1,4,4,7
56834,1,7,6,2,0,8,0,9,5,6,5
56835,3,6,1,8,5,3,2,6,0,1,1
56836,1,7,6,2,0,8,0,9,5,6,5
56837,0,4,5,0,2,9,4,1,4,8,2
56838,7,1,0,3,4,6,1,5,7,3,4
56839,5,8,3,1,6,0,7,2,0,4,7
56840,4,5,8,9,3,4,3,0,8,7,3
56841,8,2,5,5,9,9,8,4,6,9,2
56842,7,1,0,3,4,6,1,5,7,3,4
56843,4,0,7,4,9,4,8,3,1,9,8
56844,1,7,6,0,0,8,0,9,5,6,5
56845,4,5,8,9,3,4,3,0,8,7,3
56846,8,2,5,5,9,9,8,4,6,9,2
56847,1,7,6,2,0,8,0,9,5,6,5
56848,6,1,2,7,1,5,9,2,3,2,9
56849,7,1,0,3,4,6,1,5,7,3,4
56850,0,4,5,0,2,9,4,4,6,8,2
56851,1,7,6,2,0,8,0,9,5,6,5
56852,7,1,0,3,4,6,1,5,7,3,4
56853,0,4,3,0,2,0,4,1,4,8,0
56854,4,5,8,9,3,4,3,0,8,7,3
56855,0,4,7,0,2,7,4,1,4,8,0
56856,5,8,3,1,6,0,7,1,4,4,7
56857,4,0,8,4,3,4,3,0,1,7,3
56858,7,1,0,3,4,6,1,5,7,3,4
56859,0,4,3,0,2,0,4,1,4,8,0
56860,2,3,4,6,8,2,6,8,9,5,6
56861,5,8,3,1,6,0,7,1,4,4,7
56862,4,5,8,9,3,4,3,0,8,7,3
56863,4,5,8,9,3,4,3,0,8,7,3
56864,9,9,9,2,7,1,5,7,2,0,5
56865,1,7,6,2,0,8,0,9,5,6,5
56866,2,3,4,6,8,2,6,8,9,5,6
56867,2,3,4,6,8,2,6,8,9,5,6
56868,3,6,1,8,5,3,2,6,0,1,1
56869,7,1,0,3,4,6,1,5,7,3,4
56870,1,7,6,2,0,8,0,9,5,6,5
56871,7,1,0,3,4,6,1,5,7,3,4
56872,7,1,0,3,4,6,1,8,7,3,4
56873,0,4,5,0,2,9,4,4,6,8,2
56874,8,2,5,5,9,9,8,4,6,9,8
56875,7,1,0,3,4,6,1,5,7,3,4
56876,5,8,3,1,6,0,7,1,4,4,7
56877,5,8,3,1,6,0,7,1,4,4,7
56878,2,3,4,2,8,2,6,3,9,5,6
56879,2,3,4,6,8,2,6,8,9,5,6
56880,8,2,5,5,9,9,8,4,6,9,2
56881,2,3,4,6,8,2,6,8,9,5,6
56882,9,9,9,2,7,1,5,7,2,0,5
56883,0,4,3,0,2,0,4,1,4,8,0
56884,5,8,3,1,6,0,7,1,4,4,7
56885,4,5,8,9,3,4,3,0,8,7,3
56886,5,8,3,1,6,0,7,1,4,4,0
56887,2,3,4,6,8,2,6,8,9,5,6
56888,0,8,3,0,2,0,4,1,4,8,2
56889,2,3,4,6,8,2,6,8,9,5,6
56890,7,1,0,3,4,6,1,5,7,3,4
56891,2,3,4,6,8,2,6,8,9,5,6
56892,8,4,5,0,2,9,4,4,6,8,2
56893,0,4,7,0,2,7,4,1,4,8,0
56894,7,3,0,6,4,6,1,8,9,3,4
56895,0,4,5,0,2,9,4,4,6,8,2
56896,5,8,3,1,6,0,7,1,4,4,7
56897,0,4,5,0,2,9,4,4,6,8,2
56898,2,7,6,2,8,2,6,3,2,5,5
56899,4,5,8,9,3,4,3,0,8,7,3
56900,5,8,3,1,6,0,7,1,4,4,7
56901,6,9,2,2,1,5,9,2,3,2,5
56902,1,7,6,2,0,8,0,9,5,6,5
56903,1,7,6,2,0,8,0,9,5,6,5
56904,4,5,8,9,3,4,3,0,8,7,3
56905,0,8,3,0,2,0,4,1,4,8,0
56906,0,4,3,0,2,0,4,1,4,8,0
56907,7,1,0,3,4,6,1,8,7,3,4
56908,3,6,1,8,5,3,2,6,0,1,1
56909,0,4,5,0,2,9,4,4,6,8,2
56910,9,9,9,2,7,1,5,7,2,0,5
56911,2,3,4,6,8,2,6,8,9,5,6
56912,1,7,6,2,0,8,0,9,5,6,5
56913,2,3,4,6,8,2,6,8,9,5,6
56914,0,4,0,0,2,6,4,1,7,8,2
56915,8,2,5,5,9,9,8,4,6,9,8
56916,4,7,6,9,3,8,3,3,5,7,3
56917,6,5,2,7,1,5,9,2,3,2,9
56918,4,5,8,9,3,4,3,0,8,7,3
56919,6,5,2,7,1,5,9,2,3,2,9
56920,0,4,3,0,2,0,4,1,4,8,0
56921,7,1,0,3,4,6,1,5,7,3,4
56922,7,1,0,3,4,6,1,5,7,3,4
56923,0,4,3,0,2,0,4,1,4,8,0
56924,0,4,5,0,2,9,4,4,6,8,0
56925,7,1,0,3,4,6,1,5,7,3,4
56926,6,5,2,7,1,5,9,2,3,2,9
56927,7,1,0,3,4,6,1,5,7,3,4
56928,0,3,4,6,2,2,6,8,9,8,0
56929,3,6,1,8,5,3,2,6,0,1,1
56930,5,8,3,1,6,0,7,1,4,4,7
56931,0,4,5,0,2,9,4,4,6,8,2
56932,0,4,6,0,2,8,4,1,4,8,2
56933,5,8,3,1,6,0,7,1,4,4,7
56934,7,1,0,3,4,6,1,5,7,3,4
56935,2,2,7,0,8,7,6,3,6,5,8
56936,4,5,8,9,3,4,3,0,8,7,3
56937,4,5,8,9,3,4,3,0,8,7,3
56938,7,1,0,3,4,6,1,5,7,3,4
56939,9,9,9,2,7,1,5,9,2,0,5
56940,4,5,8,9,3,4,3,3,8,7,3
56941,3,6,1,8,5,3,2,6,0,1,1
56942,3,0,1,4,5,3,2,3,1,1,1
56943,4,5,8,9,3,4,3,0,8,7,3
56944,0,4,7,0,2,7,4,1,4,8,0
56945,1,7,6,2,0,8,0,9,5,6,5
56946,5,8,3,1,6,0,7,1,4,4,7
56947,2,3,4,6,8,2,6,3,9,5,6
56948,5,8,3,1,6,0,7,1,4,4,0
56949,3,6,1,8,5,3,2,6,0,1,1
56950,3,6,1,8,5,3,2,6,0,1,1
56951,5,8,3,1,6,0,7,1,4,4,7
56952,0,4,4,0,2,2,4,8,9,8,0
56953,1,7,6,2,0,8,0,9,5,6,5
56954,3,6,1,8,5,3,2,6,0,1,1
56955,1,7,6,2,0,8,0,9,5,6,5
56956,7,1,0,3,4,6,1,5,7,3,4
56957,6,9,2,7,1,5,9,2,3,2,9
56958,5,8,3,1,6,0,7,1,4,4,7
56959,7,1,0,3,4,6,1,5,7,3,4
56960,1,7,6,2,0,8,0,9,5,6,5
56961,9,9,9,7,7,1,5,7,3,0,9
56962,4,1,8,9,3,4,3,5,8,7,3
56963,4,5,8,9,3,4,3,0,8,7,3
56964,4,5,8,9,3,4,3,0,8,7,3
56965,1,7,6,2,0,8,0,9,5,6,5
56966,7,1,0,3,4,6,1,5,7,3,4
56967,2,3,4,6,8,2,6,8,9,5,6
56968,3,6,1,8,5,3,2,6,0,1,1
56969,3,0,1,4,5,3,2,6,1,1,1
56970,5,8,3,1,6,0,7,1,4,4,7
56971,9,9,9,2,7,1,5,7,2,0,5
56972,4,5,8,9,3,4,3,0,8,7,3
56973,6,5,2,7,1,5,9,2,3,2,9
56974,7,1,0,3,4,6,1,5,7,3,4
56975,2,1,4,3,8,2,6,3,7,5,6
56976,2,3,4,6,8,2,6,8,9,5,6
56977,8,2,7,5,9,7,8,4,6,9,8
56978,0,4,7,0,2,7,4,8,9,8,0
56979,9,9,9,2,7,1,5,3,2,0,8
56980,1,7,6,2,0,8,0,9,5,6,5
56981,4,5,8,9,3,4,3,3,8,7,3
56982,7,1,0,3,4,6,1,5,7,3,4
56983,8,2,5,5,9,9,8,4,6,9,2
56984,3,6,1,8,5,3,2,6,0,1,1
56985,2,3,4,6,8,2,6,8,9,5,6
56986,1,7,6,2,0,8,0,9,5,6,5
56987,8,2,7,5,9,7,8,4,6,9,8
56988,1,7,6,2,0,8,0,3,5,6,5
56989,3,0,1,4,5,3,2,6,1,1,1
56990,0,4,7,0,2,7,4,1,4,8,0
56991,9,9,9,2,7,1,5,7,2,0,5
56992,6,2,2,7,1,5,9,2,3,2,9
56993,6,5,2,7,1,5,9,2,3,2,9
56994,7,1,0,3,4,6,1,5,7,3,4
56995,7,1,0,3,4,6,1,5,7,3,4
56996,0,4,7,0,2,7,4,4,6,8,0
56997,8,2,7,5,9,7,8,4,6,9,8
56998,6,5,2,7,1,5,9,2,3,2,9
56999,4,5,8,9,3,4,3,3,8,7,3
57000,3,6,1,8,5,3,2,6,0,1,1
57001,2,3,4,6,8,2,6,8,9,5,6
57002,5,8,3,1,6,0,7,1,4,4,7
57003,3,0,1,4,5,3,2,3,1,1,1
57004,5,8,3,1,6,0,7,1,4,4,7
57005,9,9,9,2,7,1,5,7,2,0,5
57006,0,4,7,0,2,7,4,1,4,8,0
57007,6,5,2,7,1,5,9,2,3,2,9
57008,0,4,7,0,2,7,4,1,4,8,0
57009,7,1,0,3,4,6,1,5,7,3,4
57010,4,5,8,9,3,4,3,3,8,7,3
57011,8,2,7,5,9,7,8,4,6,9,8
57012,9,9,9,2,7,1,5,3,2,0,5
57013,2,9,4,2,8,2,6,3,2,5,8
57014,1,7,6,2,0,8,0,9,5,6,5
57015,9,9,9,2,7,1,5,3,2,0,5
57016,7,1,0,3,4,6,1,5,7,3,4
57017,8,2,5,5,9,9,8,4,6,9,8
57018,0,4,5,0,2,9,4,1,4,8,2
57019,2,3,4,6,8,2,6,8,9,5,6
57020,3,6,1,8,5,3,2,6,0,1,1
57021,1,7,6,2,0,8,0,9,5,6,5
57022,1,7,6,2,0,8,0,9,5,6,5
57023,4,5,8,9,3,4,3,0,8,7,3
57024,0,4,7,0,2,7,4,1,4,8,0
57025,9,2,7,2,7,7,5,3,2,0,8
57026,5,8,7,1,6,7,7,1,4,4,7
57027,3,0,1,4,5,3,2,6,1,1,1
57028,7,1,0,3,4,6,1,5,7,3,4
57029,4,5,8,9,3,4,3,0,8,7,3
57030,2,3,4,6,8,2,6,8,9,5,6
57031,2,3,4,6,8,2,6,8,9,5,6
57032,0,4,5,0,2,9,4,1,4,8,2
57033,0,4,7,0,2,7,4,4,6,8,0
57034,4,0,8,9,3,4,3,0,1,7,3
57035,8,2,7,5,9,7,8,4,6,9,8
57036,4,5,4,9,3,2,3,3,8,7,3
57037,9,9,9,2,7,1,5,7,2,0,5
57038,1,3,6,6,0,8,0,8,9,6,5
57039,8,2,7,5,9,7,8,4,6,9,8
57040,2,3,4,6,8,2,6,8,9,5,6
57041,8,2,7,5,9,7,8,4,6,9,8
57042,4,5,6,9,3,8,3,9,5,7,3
57043,9,9,9,2,7,1,5,7,2,0,5
57044,0,8,3,1,6,0,4,1,4,4,0
57045,2,3,4,6,8,2,6,8,9,5,6
57046,1,7,6,2,0,8,0,9,5,6,5
57047,0,4,7,0,2,7,4,4,6,8,0
57048,5,8,3,1,6,0,7,1,4,4,7
57049,9,9,9,2,7,1,5,7,2,0,5
57050,0,8,3,1,6,0,4,1,4,4,0
57051,9,9,9,2,7,1,5,7,2,0,8
57052,0,8,3,1,6,0,4,1,4,4,0
57053,2,2,4,5,8,2,6,3,1,5,8
57054,1,7,6,0,0,8,0,9,5,6,5
57055,9,9,9,2,7,1,5,7,2,0,5
57056,7,1,0,3,4,6,1,5,7,3,4
57057,1,7,6,2,0,8,0,9,5,6,5
57058,9,9,9,2,7,1,5,7,2,0,5
57059,8,2,7,5,9,7,8,4,6,9,8
57060,2,3,4,6,8,2,6,8,9,5,6
57061,3,0,1,4,5,3,2,6,1,1,1
57062,7,1,0,3,4,6,1,5,7,3,4
57063,8,2,5,5,9,9,8,4,6,9,2
57064,3,6,1,8,5,3,2,6,0,1,1
57065,4,5,8,9,3,4,3,0,8,7,3
57066,5,8,3,1,6,0,7,1,4,4,7
57067,3,0,1,4,5,3,2,6,1,1,1
57068,3,6,1,8,5,3,2,6,0,1,1
57069,9,9,9,2,7,1,5,7,2,0,5
57070,7,1,0,3,4,6,1,5,7,3,4
57071,8,2,5,5,9,9,8,4,6,9,2
57072,0,4,3,0,2,0,4,1,4,8,0
57073,3,0,1,4,5,3,2,6,1,1,1
57074,8,2,5,5,9,9,8,4,6,9,2
57075,4,5,8,9,3,4,3,3,8,7,3
57076,1,7,6,2,0,8,0,9,5,6,5
57077,9,9,9,2,7,1,5,7,2,0,5
57078,9,9,9,2,7,1,5,7,2,0,5
57079,8,4,7,0,2,7,8,4,6,8,0
57080,2,3,4,6,8,2,6,8,9,5,6
57081,9,9,9,2,7,1,5,3,2,0,5
57082,0,4,7,0,2,7,4,4,6,8,0
57083,8,2,5,5,9,9,8,4,6,9,8
57084,2,3,4,2,8,8,6,8,9,5,5
57085,8,2,7,5,9,7,8,4,6,9,8
57086,0,4,7,0,2,7,4,4,6,8,0
57087,2,3,4,6,8,2,6,8,9,5,6
57088,7,1,0,3,4,6,1,5,7,3,4
57089,4,5,8,9,3,4,3,3,8,7,3
57090,0,4,7,0,2,7,4,1,4,8,0
57091,2,0,4,4,8,2,6,3,1,5,6
57092,3,0,1,4,5,3,2,6,1,1,1
57093,9,9,9,6,7,1,5,7,2,0,6
57094,9,9,9,2,7,1,5,7,2,0,5
57095,9,9,9,2,7,1,5,7,2,0,5
57096,6,5,2,7,1,5,9,2,3,2,9
57097,8,4,5,5,9,9,8,4,6,9,2
57098,8,4,5,5,9,9,8,4,6,9,2
57099,8,2,5,5,9,9,8,4,6,9,8
57100,5,8,3,1,6,0,7,1,4,4,7
57101,9,9,9,2,7,1,5,7,2,0,5
57102,0,4,7,0,2,7,4,4,6,8,0
57103,2,1,4,3,8,2,6,5,7,5,6
57104,6,5,2,7,1,5,9,2,3,2,9
57105,6,5,2,7,1,5,9,2,3,2,9
57106,2,3,4,6,8,2,6,8,9,5,6
57107,2,3,4,3,8,2,6,5,7,5,6
57108,7,1,0,3,4,6,1,8,7,3,4
57109,9,9,9,2,7,1,5,7,2,0,5
57110,0,4,5,0,2,9,4,4,6,8,2
57111,8,2,7,5,9,7,8,4,6,9,8
57112,6,5,2,7,1,5,9,2,3,2,9
57113,6,5,2,7,1,5,9,2,3,2,9
57114,0,4,3,0,2,0,4,1,4,8,0
57115,3,0,1,4,5,3,2,3,1,1,1
57116,2,3,4,6,8,2,6,8,9,5,6
57117,3,0,1,4,5,3,2,6,1,1,1
57118,0,3,3,0,2,0,4,8,9,8,0
57119,0,4,5,0,2,9,4,4,6,8,2
57120,3,0,1,4,5,3,2,6,1,1,1
57121,2,3,4,6,8,2,6,8,9,5,6
57122,4,5,8,9,3,4,3,0,8,7,3
57123,8,2,7,5,9,7,8,4,6,9,8
57124,0,4,3,0,2,0,4,1,4,8,0
57125,4,5,8,9,3,4,3,3,8,7,3
57126,8,2,7,5,9,7,8,4,6,9,8
57127,0,4,7,0,2,7,4,1,4,8,0
57128,2,3,4,6,8,2,6,8,9,5,6
57129,0,4,7,0,2,7,4,1,4,8,0
57130,6,5,2,7,1,5,9,2,3,2,9
57131,7,1,0,3,4,6,1,5,7,3,4
57132,8,2,7,5,9,7,8,3,6,9,8
57133,2,3,4,6,8,2,6,8,9,5,6
57134,0,4,3,0,2,0,4,1,4,8,2
57135,8,2,7,5,9,7,8,4,6,9,8
57136,2,3,4,6,8,2,6,3,9,5,6
57137,8,2,5,5,9,9,8,4,6,9,8
57138,4,5,8,9,3,4,3,0,8,7,3
57139,6,5,2,7,1,5,9,2,3,2,9
57140,4,5,8,9,3,4,3,0,8,7,3
57141,7,1,0,3,4,6,1,5,7,3,4
57142,6,3,2,7,1,5,9,2,3,2,9
57143,4,5,8,9,3,4,3,0,8,7,3
57144,5,8,3,1,6,0,7,1,4,4,7
57145,8,2,7,5,9,7,8,4,6,9,8
57146,9,7,7,2,7,7,5,4,6,0,5
57147,4,5,8,9,3,4,3,0,8,7,3
57148,5,8,3,1,6,0,7,1,4,4,7
57149,7,1,0,3,4,6,1,5,7,3,4
57150,0,4,6,0,2,8,4,1,4,8,0
57151,6,5,2,7,1,5,9,2,3,2,9
57152,0,4,7,0,2,7,4,4,6,8,0
57153,6,5,2,7,1,5,9,2,3,2,9
57154,3,6,1,8,5,3,2,6,0,1,1
57155,8,2,7,5,9,7,8,7,2,9,8
57156,0,7,3,2,2,0,4,1,4,8,0
57157,4,5,8,9,3,4,3,3,8,7,3
57158,4,5,8,9,3,4,3,0,8,7,7
57159,5,8,3,1,6,0,7,1,4,4,7
57160,9,9,9,2,7,1,5,7,2,0,5
57161,3,0,1,4,5,3,2,3,1,1,1
57162,3,6,1,8,5,3,2,6,0,1,1
57163,6,5,2,7,1,5,9,2,3,2,9
57164,7,1,0,3,4,6,1,5,7,3,4
57165,0,4,7,2,2,7,4,3,5,8,0
57166,7,1,0,3,4,6,1,5,7,3,4
57167,9,9,9,2,7,1,5,3,2,0,5
57168,7,1,0,3,4,6,1,1,4,3,4
57169,9,9,9,2,7,1,5,7,2,0,5
57170,1,7,6,2,0,8,0,9,5,6,5
57171,2,3,4,2,8,2,6,3,2,5,6
57172,7,1,0,3,4,6,1,5,7,3,4
57173,9,9,9,2,7,1,5,3,2,0,5
57174,7,3,0,6,4,6,1,8,9,3,4
57175,0,4,7,0,2,7,4,4,6,8,0
57176,3,6,1,8,5,3,2,6,0,1,1
57177,0,4,5,0,2,9,4,4,6,8,2
57178,8,2,5,5,9,9,8,4,6,9,8
57179,2,3,4,6,8,2,6,8,9,5,6
57180,0,8,3,1,6,0,7,1,4,4,0
57181,8,2,5,5,9,9,8,4,6,9,8
57182,5,8,3,1,6,0,7,1,4,4,4
57183,6,5,2,7,1,5,9,2,3,2,9
57184,5,8,3,1,6,0,7,1,4,4,7
57185,6,5,2,7,1,5,9,2,3,2,9
57186,3,6,1,8,5,3,2,6,0,1,1
57187,8,2,7,5,9,7,8,4,6,9,8
57188,1,7,6,2,0,8,0,9,5,6,5
57189,2,3,4,6,8,2,6,8,9,5,6
57190,1,7,6,2,0,8,0,9,5,6,5
57191,6,5,2,7,1,5,9,3,3,2,9
57192,1,7,6,2,0,8,0,9,5,6,5
57193,9,9,9,2,7,1,5,7,2,0,5
57194,2,3,4,6,8,2,6,8,9,5,6
57195,2,0,4,4,8,2,6,3,1,5,6
57196,0,4,5,0,2,9,4,4,6,8,2
57197,9,9,9,2,7,1,5,7,2,0,5
57198,5,5,8,9,3,4,7,0,8,7,7
57199,2,1,4,3,8,2,6,5,7,5,6
57200,2,3,4,6,8,2,6,8,9,5,6
57201,3,0,1,4,5,3,2,6,1,1,1
57202,4,1,8,9,3,4,3,0,8,7,3
57203,9,9,9,2,7,1,5,7,2,0,5
57204,8,2,5,5,9,9,8,4,6,9,2
57205,6,5,2,7,1,5,9,2,3,2,9
57206,0,4,7,0,2,7,4,4,6,8,0
57207,2,3,4,6,8,2,6,8,9,5,6
57208,0,4,3,0,2,0,4,1,4,8,0
57209,8,4,7,0,2,7,8,4,6,8,0
57210,7,1,0,3,4,6,1,5,7,3,4
57211,8,2,5,5,9,9,8,3,6,9,8
57212,2,3,4,6,8,2,6,8,9,5,6
57213,4,5,8,9,3,4,3,0,8,7,3
57214,3,0,1,4,5,3,2,6,1,1,1
57215,8,0,7,4,9,7,8,4,1,9,2
57216,0,4,0,0,2,6,4,1,4,8,0
57217,2,3,4,6,8,2,6,8,9,5,6
57218,5,5,8,9,3,4,7,0,8,7,7
57219,0,4,7,0,2,7,4,4,6,8,0
57220,9,9,9,2,7,1,5,7,2,0,5
57221,3,0,1,4,5,3,2,6,1,1,1
57222,1,7,6,2,0,8,0,9,5,6,5
57223,9,9,9,2,7,1,5,7,2,0,5
57224,0,8,3,1,6,0,4,1,4,4,0
57225,6,5,2,7,1,5,9,2,3,2,9
57226,5,5,6,2,6,8,7,0,5,4,7
57227,7,1,0,3,4,6,1,5,7,3,4
57228,0,4,3,0,2,0,4,1,4,8,0
57229,8,2,7,5,9,7,8,4,6,9,8
57230,0,4,5,0,2,9,4,1,4,8,2
57231,9,2,7,5,9,1,8,3,2,9,8
57232,7,1,0,3,4,6,1,5,7,3,4
57233,4,5,8,9,3,4,3,0,8,7,3
57234,1,7,6,2,0,8,0,9,5,6,5
57235,8,2,7,5,9,7,8,4,6,9,2
57236,5,8,3,1,6,0,7,1,4,4,7
57237,2,3,4,6,8,2,6,8,9,5,6
57238,2,3,4,6,8,2,6,8,9,5,6
57239,8,2,7,5,9,7,8,4,6,9,8
57240,7,1,0,3,4,6,1,5,7,3,4
57241,3,0,1,4,5,3,2,6,1,1,1
57242,7,1,0,3,4,6,1,5,7,3,4
57243,9,9,9,2,7,1,5,7,2,0,5
57244,1,7,6,2,0,8,0,9,5,6,5
57245,6,5,2,7,1,5,9,2,3,2,9
57246,0,4,7,0,2,7,4,4,6,8,0
57247,7,1,0,3,4,6,1,5,7,3,4
57248,7,1,0,3,4,6,1,5,7,3,4
57249,5,8,3,1,6,0,7,1,4,4,0
57250,9,9,9,2,7,1,5,7,2,0,5
57251,9,9,9,2,7,1,5,3,2,0,8
57252,3,6,1,8,5,3,2,6,0,1,1
57253,4,5,8,9,3,4,3,0,8,7,3
57254,4,5,8,9,3,4,3,0,8,7,3
57255,8,2,7,5,9,9,8,4,6,9,2
57256,4,1,8,9,3,4,3,5,8,7,3
57257,2,3,4,6,8,2,6,8,9,5,6
57258,8,2,7,5,9,7,8,4,6,9,8
57259,8,2,7,5,9,7,8,4,6,9,8
57260,4,5,8,9,3,4,3,0,8,7,3
57261,2,0,4,4,8,2,6,3,1,5,6
57262,5,8,0,1,6,6,7,5,7,4,7
57263,2,3,4,6,8,2,6,8,9,5,6
57264,7,1,0,3,4,6,1,5,7,3,4
57265,2,3,4,6,8,2,6,8,9,5,6
57266,9,9,9,2,7,1,5,7,2,0,5
57267,8,2,7,5,9,7,8,4,6,9,8
57268,1,7,6,2,0,8,0,9,5,6,5
57269,2,0,4,4,8,2,6,3,1,5,6
57270,1,7,6,2,0,8,0,9,5,6,5
57271,2,0,4,4,8,2,6,3,1,5,6
57272,1,7,6,2,0,8,0,9,5,6,5
57273,6,0,2,7,1,5,9,2,3,2,9
57274,0,4,7,0,2,7,4,9,5,8,0
57275,4,5,8,9,3,4,3,0,8,7,3
57276,2,3,4,6,8,2,6,8,9,5,6
57277,2,3,4,6,8,2,6,8,9,5,6
57278,2,3,4,6,8,2,6,8,9,5,6
57279,8,2,7,5,9,7,8,4,6,9,8
57280,5,8,3,1,6,0,7,1,4,4,7
57281,8,2,7,5,9,7,8,4,6,9,8
57282,0,4,5,0,2,9,4,4,6,8,2
57283,9,9,9,2,7,1,5,7,2,0,5
57284,6,5,2,7,1,5,9,2,3,2,9
57285,8,2,5,5,9,9,8,4,6,9,8
57286,1,7,6,2,0,8,0,9,5,6,5
57287,9,9,9,2,7,1,5,7,2,0,5
57288,2,0,4,9,8,2,6,3,9,5,6
57289,6,5,2,7,1,5,9,2,3,2,9
57290,5,8,3,1,6,0,7,1,4,4,7
57291,6,3,2,7,1,5,9,2,3,2,9
57292,8,2,5,5,9,9,8,4,6,9,2
57293,2,0,4,4,8,2,6,3,1,5,6
57294,0,4,7,0,2,7,4,4,6,8,0
57295,5,8,3,1,6,0,7,1,4,4,7
57296,4,5,8,9,3,4,3,0,8,7,3
57297,4,5,8,9,3,4,3,0,8,7,3
57298,3,6,1,8,5,3,2,6,0,1,1
57299,8,2,7,5,9,7,8,4,6,9,8
57300,7,1,0,3,4,6,1,5,7,3,4
57301,9,9,9,2,7,1,5,7,2,0,5
57302,4,1,4,9,3,2,3,5,7,7,3
57303,9,9,9,2,7,1,5,7,2,0,5
57304,9,9,9,2,7,1,5,7,2,0,5
57305,9,9,9,2,7,1,5,7,2,0,5
57306,7,1,0,3,4,6,1,5,7,3,4
57307,2,0,4,4,8,2,6,3,1,5,6
57308,7,1,0,3,4,6,1,5,7,3,4
57309,8,2,7,5,9,7,8,4,6,9,8
57310,1,7,6,2,0,8,0,9,5,6,5
57311,9,2,9,5,7,1,5,3,2,0,8
57312,7,1,0,3,4,6,1,5,7,3,4
57313,4,5,8,9,3,4,3,0,8,7,3
57314,4,5,8,9,3,4,3,0,8,7,3
57315,2,3,4,6,8,2,6,8,9,5,6
57316,8,2,7,5,9,7,8,4,6,9,8
57317,9,9,9,2,7,1,5,7,2,0,5
57318,2,3,4,6,8,2,6,8,9,5,6
57319,8,2,7,5,9,7,8,4,6,9,8
57320,2,3,4,6,8,2,6,8,9,5,6
57321,3,0,1,4,5,3,2,6,1,1,1
57322,1,7,6,2,0,8,0,9,5,6,5
57323,0,4,5,4,2,9,4,4,1,8,2
57324,7,1,0,3,4,6,1,5,7,3,4
57325,8,2,5,5,9,9,8,4,6,9,2
57326,3,0,1,9,5,3,2,6,8,1,1
57327,2,3,4,6,8,2,6,3,9,5,6
57328,5,8,3,1,6,0,7,1,4,4,0
57329,2,3,4,6,8,2,6,8,9,5,6
57330,7,1,0,3,4,6,1,5,7,3,4
57331,6,2,2,7,1,5,9,2,3,2,9
57332,2,3,4,6,8,2,6,8,9,5,6
57333,8,2,7,5,9,7,8,4,6,9,8
57334,0,4,6,0,2,8,4,9,5,8,0
57335,8,2,7,5,9,7,8,3,6,9,8
57336,1,7,6,2,0,8,0,9,5,6,5
57337,8,2,7,5,9,7,8,4,6,9,8
57338,7,1,0,3,4,6,1,5,7,3,4
57339,9,9,9,2,7,1,5,7,2,0,5
57340,1,7,6,2,0,8,0,9,5,6,5
57341,6,3,2,7,1,5,9,3,3,2,9
57342,6,5,8,7,1,4,9,0,3,2,9
57343,8,2,7,5,9,7,8,4,6,9,8
57344,0,4,5,0,2,9,4,1,4,8,2
57345,2,0,4,4,8,2,6,3,1,5,6
57346,7,1,0,3,4,6,1,5,7,3,3
57347,4,5,8,9,3,4,3,3,8,7,3
57348,2,3,4,6,8,2,6,8,9,5,6
57349,3,6,1,8,5,3,2,6,0,1,1
57350,0,8,3,0,2,0,4,1,4,8,2
57351,2,3,4,6,8,2,6,3,9,5,6
57352,7,1,0,3,4,6,1,8,7,3,4
57353,4,5,8,9,3,4,3,0,8,7,3
57354,5,8,3,1,6,0,7,1,4,4,7
57355,2,3,4,6,8,2,6,8,9,5,6
57356,3,0,1,4,5,3,2,6,1,1,1
57357,0,0,1,4,2,3,4,1,1,8,2
57358,6,5,2,7,1,5,9,2,3,2,9
57359,3,0,1,4,5,3,2,3,1,1,1
57360,4,5,8,9,3,4,3,0,8,7,3
57361,8,2,7,5,9,7,8,4,6,9,8
57362,1,7,6,2,0,8,0,9,5,6,5
57363,6,5,2,7,1,5,9,2,3,2,9
57364,3,6,1,8,5,3,2,6,0,1,1
57365,8,2,5,5,9,9,8,4,6,9,2
57366,7,1,0,3,4,6,1,5,7,3,4
57367,8,2,7,5,9,7,8,4,6,9,8
57368,0,8,3,0,2,0,4,1,4,8,0
57369,9,9,9,2,7,1,5,3,2,0,8
57370,5,8,3,1,6,0,7,1,4,4,7
57371,8,2,7,5,9,7,8,4,6,9,8
57372,8,2,5,5,9,9,8,4,6,9,8
57373,2,3,4,6,8,2,6,8,9,5,6
57374,0,4,5,0,2,9,4,1,4,8,0
57375,0,4,7,0,2,7,4,4,6,8,0
57376,0,4,3,0,2,0,4,1,4,8,0
57377,6,0,2,7,1,5,9,2,3,2,9
57378,1,7,6,2,0,8,0,9,5,6,5
57379,2,3,4,6,8,2,6,8,9,5,6
57380,5,8,3,1,6,0,7,1,4,4,7
57381,9,9,9,2,7,1,5,7,2,0,5
57382,5,8,3,1,6,0,7,1,4,4,7
57383,8,2,7,5,9,7,8,3,6,9,8
57384,3,6,1,8,5,3,2,6,0,1,1
57385,9,9,9,2,7,1,5,7,2,0,5
57386,5,8,3,1,6,0,7,1,4,4,7
57387,9,2,7,5,7,7,5,1,2,0,8
57388,5,5,3,1,6,0,7,1,4,4,7
57389,8,2,7,5,9,7,8,4,6,9,8
57390,3,6,1,8,5,3,2,6,0,1,1
57391,2,3,4,6,8,2,6,3,9,5,6
57392,7,1,0,3,4,6,1,5,7,3,4
57393,3,0,1,4,5,3,2,6,1,1,1
57394,9,5,9,2,7,1,5,7,2,0,5
57395,3,0,1,4,5,3,2,6,1,1,1
57396,1,7,6,3,0,8,0,3,5,6,3
57397,3,0,1,4,5,3,2,6,1,1,1
57398,1,7,6,2,0,8,0,9,5,6,5
57399,2,3,4,6,8,2,6,8,9,5,6
57400,9,9,9,2,7,1,5,7,2,0,5
57401,7,1,0,3,4,6,1,5,7,3,4
57402,7,1,0,3,4,6,1,5,7,3,4
57403,2,3,4,6,8,2,6,3,9,5,6
57404,7,1,0,3,4,6,1,5,7,3,4
57405,8,2,5,5,9,9,8,4,6,9,8
57406,0,4,3,0,2,0,4,1,4,8,0
57407,2,0,4,4,8,2,6,3,1,5,6
57408,3,6,1,8,5,3,2,6,0,1,1
57409,3,6,1,9,5,3,2,0,8,1,1
57410,1,7,6,2,0,8,0,9,5,6,5
57411,2,3,4,6,8,2,6,8,9,5,6
57412,1,7,6,2,0,8,0,9,5,6,5
57413,4,5,8,9,3,4,3,0,8,7,3
57414,0,4,5,0,2,9,4,1,4,8,2
57415,2,3,4,7,8,2,6,3,9,5,6
57416,6,5,2,2,1,5,9,2,3,2,5
57417,8,2,7,5,9,7,8,4,6,9,8
57418,9,9,9,2,7,1,5,7,2,0,5
57419,4,5,8,9,3,4,3,0,8,7,3
57420,3,6,1,8,5,3,2,6,0,1,1
57421,8,2,7,5,9,7,8,4,6,9,8
57422,5,8,3,1,6,0,7,1,4,4,7
57423,8,2,7,5,9,7,8,4,6,9,8
57424,7,1,0,3,4,6,1,5,7,3,4
57425,2,3,4,6,8,2,6,8,9,5,6
57426,7,1,0,3,4,6,1,5,7,3,4
57427,6,5,2,7,1,5,9,2,3,2,9
57428,0,4,7,0,2,7,4,4,6,8,0
57429,8,2,5,5,9,9,8,4,6,9,2
57430,1,7,6,2,0,8,0,9,5,6,5
57431,8,2,7,5,9,9,8,4,6,9,8
57432,0,4,7,0,2,7,4,1,4,8,0
57433,9,9,9,2,7,1,5,7,2,0,5
57434,7,1,0,3,4,6,1,5,7,3,4
57435,2,0,4,4,8,2,6,3,1,5,6
57436,1,7,6,2,0,8,0,9,5,6,5
57437,9,9,9,2,7,1,5,7,2,0,5
57438,4,5,8,9,3,4,3,0,8,7,3
57439,6,5,2,7,1,5,9,2,3,2,9
57440,1,7,6,2,0,8,0,9,5,6,5
57441,2,3,4,6,8,2,6,8,9,5,6
57442,4,5,8,9,3,4,3,3,8,7,3
57443,8,2,7,5,9,7,8,4,6,9,8
57444,5,8,3,1,6,0,7,1,4,4,7
57445,8,2,5,5,9,9,8,4,6,9,8
57446,1,7,6,2,0,8,0,9,5,6,5
57447,2,3,4,6,8,2,6,8,9,5,6
57448,9,9,9,7,7,1,5,7,2,0,9
57449,8,2,7,5,9,7,8,4,6,9,8
57450,0,4,3,0,2,0,4,1,4,8,0
57451,3,0,1,4,5,3,2,3,1,1,1
57452,0,4,6,0,2,8,4,9,5,8,0
57453,9,9,9,2,7,1,5,7,2,0,5
57454,1,7,6,2,0,8,0,9,5,6,5
57455,6,0,2,7,1,5,9,3,3,2,9
57456,4,5,8,9,3,4,3,3,8,7,3
57457,2,3,4,6,8,2,6,8,9,5,6
57458,8,2,5,5,9,9,8,4,6,9,8
57459,9,9,9,5,7,1,5,7,2,0,8
57460,1,7,6,2,0,8,0,9,5,6,5
57461,9,9,9,2,7,1,5,3,2,0,8
57462,0,2,3,0,6,0,7,1,4,4,8
57463,4,0,8,4,3,4,3,3,1,7,3
57464,1,7,6,2,0,8,0,9,5,6,5
57465,8,2,7,5,9,7,8,4,6,9,8
57466,0,8,3,0,2,0,4,1,4,8,0
57467,2,3,4,6,8,2,6,8,9,5,6
57468,7,1,0,3,4,6,1,5,7,3,4
57469,8,2,7,5,9,7,8,4,6,9,8
57470,7,1,0,3,4,6,1,5,7,3,4
57471,3,0,1,4,5,3,2,3,1,1,1
57472,7,1,0,3,4,6,1,5,7,3,4
57473,9,9,9,2,7,1,5,7,2,0,5
57474,5,8,3,1,6,0,7,1,4,4,7
57475,6,5,2,7,1,5,9,2,3,2,9
57476,8,2,7,5,9,7,8,4,6,9,8
57477,8,2,7,5,9,7,8,3,6,9,8
57478,6,1,2,7,1,5,9,2,3,2,9
57479,8,2,7,5,9,7,8,4,6,9,8
57480,0,4,6,0,2,8,4,9,5,8,0
57481,2,3,4,6,8,2,6,8,9,5,6
57482,5,8,3,1,6,0,7,1,4,4,7
57483,8,2,7,5,9,7,8,4,6,9,8
57484,7,1,0,3,4,6,1,5,7,3,4
57485,8,2,7,5,9,7,8,4,6,9,8
57486,2,3,4,6,8,2,6,8,9,5,6
57487,8,2,7,5,9,7,8,4,6,9,8
57488,7,1,0,3,4,6,1,5,7,3,4
57489,2,3,4,6,8,2,6,3,9,5,6
57490,4,5,8,9,3,4,3,0,8,7,3
57491,3,0,1,4,5,3,2,3,1,1,1
57492,1,7,6,3,0,8,0,9,5,6,5
57493,2,3,4,6,8,2,6,8,9,5,6
57494,3,6,1,8,5,3,2,6,0,1,1
57495,2,3,4,6,8,2,6,8,9,5,6
57496,6,3,2,7,1,5,9,2,3,2,9
57497,9,9,9,2,7,1,5,3,2,0,5
57498,4,5,8,9,3,4,3,3,8,7,3
57499,8,2,7,5,9,7,8,4,6,9,8
57500,6,5,2,7,1,5,9,2,3,2,9
57501,2,3,4,6,8,2,6,8,9,5,6
57502,8,2,5,5,9,9,8,4,6,9,8
57503,1,7,6,2,0,8,0,9,5,6,5
57504,8,2,5,5,9,9,8,4,6,9,8
57505,9,9,9,2,7,1,5,7,2,0,5
57506,6,0,2,4,1,5,9,3,1,2,9
57507,6,0,2,7,1,5,9,3,3,2,9
57508,4,5,8,9,3,4,3,0,8,7,3
57509,6,5,2,7,1,5,9,3,3,2,9
57510,2,0,4,4,8,2,6,8,1,5,6
57511,9,9,9,2,7,1,5,3,2,0,5
57512,1,7,6,2,0,8,0,9,5,6,5
57513,2,3,4,6,8,2,6,8,9,5,6
57514,5,5,2,7,1,5,9,2,3,2,7
57515,2,3,4,6,8,2,6,8,9,5,6
57516,1,7,6,2,0,8,0,9,5,6,0
57517,9,9,9,2,7,1,5,7,2,0,5
57518,4,0,8,4,3,4,3,3,1,7,3
57519,4,5,8,9,3,4,3,3,8,7,3
57520,6,5,2,7,1,5,9,2,3,2,9
57521,9,9,9,2,7,1,5,7,2,0,5
57522,7,1,0,3,4,6,1,5,7,3,4
57523,2,3,4,6,8,2,6,3,9,5,6
57524,4,5,7,9,3,7,3,3,8,7,3
57525,3,0,1,4,5,3,2,3,1,1,1
57526,0,4,3,0,2,0,4,1,4,8,2
57527,2,3,4,6,8,2,6,3,9,5,6
57528,2,3,4,6,8,2,6,8,9,5,6
57529,4,5,8,9,3,4,3,3,8,7,3
57530,5,8,3,1,6,0,7,1,4,4,7
57531,8,2,7,5,9,7,8,4,6,9,8
57532,5,8,3,2,6,0,7,1,4,4,5
57533,2,3,4,6,8,2,6,8,9,5,6
57534,0,4,5,0,2,9,4,1,4,8,2
57535,8,2,5,5,9,9,8,4,6,9,8
57536,3,6,1,8,5,3,2,6,0,1,1
57537,8,2,7,5,9,7,8,4,6,9,8
57538,5,8,3,1,6,0,7,1,4,4,7
57539,8,2,7,5,9,7,8,4,6,9,8
57540,6,2,2,7,1,5,9,2,3,2,9
57541,8,2,7,5,9,7,8,4,6,9,8
57542,3,6,1,8,5,3,2,6,0,1,1
57543,3,0,1,4,5,3,2,3,1,1,1
57544,0,4,7,0,2,7,4,1,4,8,0
57545,8,2,7,5,9,7,8,4,6,9,8
57546,0,4,3,0,2,0,4,1,4,8,2
57547,8,2,5,5,9,9,8,4,6,9,8
57548,5,8,3,1,6,0,7,1,4,4,7
57549,8,2,5,5,9,9,8,4,6,9,8
57550,0,4,5,0,2,9,4,1,4,8,2
57551,8,2,7,5,9,7,8,4,6,9,8
57552,1,7,6,2,0,8,0,9,5,6,5
57553,9,2,9,5,7,1,5,3,2,0,8
57554,4,5,8,9,3,4,3,0,8,7,3
57555,8,2,5,5,9,9,8,4,6,9,8
57556,0,4,5,0,2,9,4,1,4,8,2
57557,4,0,8,4,3,4,3,3,1,7,3
57558,3,6,1,8,5,3,2,6,0,1,1
57559,8,2,7,5,9,7,8,4,6,9,8
57560,0,8,3,0,2,0,4,1,4,8,2
57561,2,3,4,6,8,2,6,8,9,5,6
57562,7,1,0,3,4,6,1,5,7,3,4
57563,8,2,7,5,9,7,8,4,6,9,8
57564,0,4,6,0,2,8,4,9,5,8,0
57565,4,5,8,9,3,4,3,3,8,7,3
57566,7,1,0,3,4,6,1,5,7,3,4
57567,8,2,7,5,9,7,8,4,6,9,8
57568,7,1,0,3,4,6,1,5,7,3,4
57569,8,2,7,5,9,7,8,4,6,9,8
57570,8,2,7,5,9,7,8,4,6,9,8
57571,9,9,9,2,7,1,5,7,2,0,5
57572,8,2,5,5,9,9,8,4,6,9,8
57573,6,5,2,7,1,5,9,2,3,2,9
57574,6,5,2,7,1,5,9,2,3,2,9
57575,6,3,2,7,1,5,9,3,3,2,9
57576,0,8,3,0,2,0,4,1,4,8,2
57577,4,5,8,9,3,4,3,3,8,7,3
57578,4,5,8,9,3,4,3,3,8,7,3
57579,9,9,9,2,7,1,5,7,2,0,5
57580,0,4,6,0,2,8,4,8,5,8,0
57581,8,2,5,5,9,9,8,4,6,9,8
57582,0,4,3,0,2,0,4,1,4,8,0
57583,6,5,2,7,1,5,9,2,3,2,9
57584,7,1,0,3,4,6,1,5,7,3,4
57585,9,9,9,1,7,1,5,7,2,0,7
57586,7,1,0,3,4,6,1,5,7,3,4
57587,4,5,8,9,3,4,3,0,8,7,3
57588,6,3,2,7,1,5,9,2,3,2,9
57589,8,2,7,5,9,7,8,4,6,9,8
57590,5,8,3,1,6,0,7,1,4,4,7
57591,4,5,8,9,3,4,3,3,8,7,3
57592,6,3,2,7,1,5,9,2,3,2,9
57593,2,0,4,4,8,2,6,3,1,5,6
57594,2,3,4,6,8,2,6,8,9,5,6
57595,3,0,1,4,5,3,2,3,1,1,1
57596,7,1,0,3,4,6,1,5,7,3,4
57597,6,5,2,7,1,5,9,2,3,2,9
57598,7,1,0,3,4,6,1,5,7,3,4
57599,9,9,9,2,7,1,5,7,2,0,5
57600,8,4,5,0,9,9,8,4,6,9,2
57601,6,0,2,4,1,5,9,3,1,2,9
57602,2,3,4,6,8,2,6,8,9,5,6
57603,9,9,9,2,7,1,5,7,2,0,5
57604,6,5,2,7,1,5,9,2,3,2,9
57605,6,5,2,7,1,5,9,2,3,2,9
57606,6,5,2,7,1,5,9,2,3,2,9
57607,9,9,9,2,7,1,5,7,2,0,5
57608,7,1,0,3,4,6,1,5,7,3,4
57609,8,2,5,5,9,9,8,4,6,9,8
57610,1,7,6,0,0,8,0,9,5,6,0
57611,8,2,4,5,9,2,8,8,9,9,8
57612,1,7,6,2,0,8,0,9,5,6,5
57613,9,9,9,2,7,1,5,7,2,0,5
57614,1,7,6,2,0,8,0,9,5,6,5
57615,6,5,2,7,1,5,9,2,3,2,9
57616,2,3,4,6,8,2,6,8,9,5,6
57617,2,3,4,6,8,2,6,3,9,5,6
57618,2,3,4,6,8,2,6,8,9,5,6
57619,6,5,2,7,1,5,9,2,3,2,9
57620,6,5,2,7,1,5,9,2,3,2,9
57621,8,2,5,5,9,9,8,4,6,9,8
57622,4,5,8,9,3,4,3,0,8,7,3
57623,8,2,7,5,9,7,8,4,6,9,8
57624,2,3,4,6,8,2,6,8,9,5,6
57625,2,3,4,6,8,2,6,3,9,5,6
57626,6,5,2,7,1,5,9,2,3,2,9
57627,8,2,7,5,9,7,8,4,6,9,8
57628,7,1,0,3,4,6,1,5,7,3,4
57629,3,0,1,4,5,3,2,6,1,1,1
57630,0,4,3,0,2,0,4,1,4,8,0
57631,1,7,9,2,0,1,0,7,5,6,5
57632,6,0,2,4,1,5,9,3,1,2,9
57633,6,5,2,7,1,5,9,2,4,2,0
57634,3,6,1,8,5,3,2,6,0,1,1
57635,7,1,0,3,4,6,1,5,7,3,4
57636,0,4,7,0,2,7,4,1,4,8,0
57637,0,4,7,0,2,7,4,1,4,8,0
57638,5,8,3,1,6,0,7,1,4,4,7
57639,2,2,7,2,9,7,8,3,2,9,8
57640,7,1,0,3,4,6,1,5,7,3,4
57641,4,5,8,9,3,4,3,0,8,7,3
57642,2,0,4,4,8,2,6,8,1,5,6
57643,8,2,5,5,9,9,8,4,6,9,8
57644,1,7,6,2,0,8,0,9,5,6,5
57645,3,6,1,8,5,3,2,6,0,1,1
57646,0,4,5,0,2,9,4,1,4,8,2
57647,9,9,9,2,7,1,5,7,2,0,5
57648,7,1,0,3,4,6,1,5,7,3,4
57649,6,5,7,7,1,7,9,1,4,2,0
57650,3,6,1,8,5,3,2,6,0,1,1
57651,7,1,0,3,4,6,1,5,7,3,4
57652,1,7,6,2,0,8,0,9,5,6,5
57653,8,2,7,5,9,9,8,4,6,9,8
57654,7,1,0,3,4,6,1,5,7,3,4
57655,2,3,4,6,8,2,6,8,9,5,6
57656,4,5,8,9,3,4,3,0,8,7,3
57657,8,2,5,5,9,9,8,4,6,9,8
57658,6,5,2,7,1,5,9,2,3,2,9
57659,2,0,4,4,8,2,6,3,1,5,6
57660,7,8,3,2,6,0,7,1,4,4,0
57661,9,9,9,2,7,1,5,7,2,0,5
57662,4,5,8,9,3,4,3,3,8,7,3
57663,8,2,7,5,9,7,8,4,6,9,8
57664,2,3,4,6,8,2,6,8,9,5,6
57665,9,9,9,2,7,1,5,7,2,0,5
57666,9,3,4,6,7,2,5,8,9,0,6
57667,8,2,5,5,9,9,8,4,6,9,8
57668,2,3,4,6,8,2,6,8,9,5,6
57669,6,5,2,7,1,5,9,2,3,2,9
57670,5,8,3,1,6,0,7,1,4,4,7
57671,7,1,0,3,4,6,1,5,7,3,4
57672,5,8,3,1,6,0,7,1,4,4,2
57673,9,9,9,2,7,1,5,7,2,0,5
57674,0,4,5,0,2,9,4,4,6,8,2
57675,4,5,8,9,3,4,3,0,8,7,3
57676,0,4,5,0,2,9,4,4,6,8,2
57677,0,4,7,0,2,7,4,1,4,8,0
57678,2,3,4,6,8,2,6,8,9,5,6
57679,2,3,4,6,8,2,6,8,9,5,6
57680,7,1,0,3,4,6,1,5,7,3,4
57681,0,4,3,0,2,0,4,1,4,8,0
57682,3,6,1,8,5,3,2,6,0,1,1
57683,7,1,0,3,4,6,1,5,7,3,4
57684,9,9,9,2,7,1,5,7,2,0,5
57685,3,6,1,8,5,3,2,6,0,1,1
57686,4,5,8,9,3,4,3,3,8,7,3
57687,9,9,9,2,7,1,5,7,2,0,8
57688,0,4,7,0,2,7,4,4,6,8,0
57689,7,1,0,3,4,6,1,5,7,3,4
57690,5,8,7,1,6,7,7,4,6,4,7
57691,4,5,8,9,3,4,3,0,8,7,3
57692,0,4,3,0,2,0,4,1,4,8,2
57693,3,0,1,4,5,3,2,6,1,1,1
57694,6,5,2,7,1,5,9,2,3,2,9
57695,4,5,8,9,3,4,3,3,8,7,3
57696,7,3,0,6,4,6,1,8,9,3,6
57697,7,1,0,3,4,6,1,8,7,3,4
57698,7,1,0,3,4,6,1,5,7,3,4
57699,0,4,3,0,2,7,4,1,4,8,0
57700,3,0,1,4,5,3,2,6,1,1,1
57701,2,3,4,6,8,2,6,8,9,5,6
57702,0,8,3,0,2,0,4,1,4,8,0
57703,8,2,5,5,9,9,8,4,6,9,2
57704,8,2,7,5,9,7,8,4,6,9,8
57705,3,0,1,4,5,3,2,6,1,1,1
57706,5,8,3,1,6,0,7,1,4,4,7
57707,3,0,1,4,5,3,2,6,1,1,1
57708,5,8,3,1,6,0,7,1,4,4,7
57709,8,2,7,5,9,7,8,4,6,9,8
57710,0,4,3,0,2,0,4,1,4,8,0
57711,9,9,9,2,7,1,5,7,2,0,5
57712,0,8,3,1,2,0,4,1,4,8,0
57713,8,2,7,5,9,7,8,4,6,9,8
57714,1,7,6,2,0,8,0,9,5,6,5
57715,9,9,9,2,7,1,5,7,2,0,5
57716,6,5,2,7,1,5,9,2,3,2,9
57717,7,1,0,3,4,6,1,5,7,3,4
57718,1,7,6,2,0,8,0,7,5,6,5
57719,4,5,8,9,3,4,3,0,8,7,3
57720,3,1,1,3,5,3,2,6,7,1,1
57721,0,4,7,0,2,7,4,4,6,8,0
57722,1,7,6,2,0,8,0,9,5,6,5
57723,0,4,5,0,2,9,4,1,6,8,2
57724,0,4,7,0,2,7,4,4,6,8,0
57725,0,4,7,0,2,7,4,1,4,8,2
57726,1,7,6,2,0,8,0,9,5,6,5
57727,3,6,1,8,5,3,2,6,0,1,1
57728,7,1,0,3,4,6,1,5,7,3,4
57729,8,4,5,5,9,9,8,4,6,9,2
57730,4,4,8,9,3,4,3,3,8,7,3
57731,2,3,4,6,8,2,6,8,9,5,6
57732,7,1,0,3,4,6,1,5,7,3,4
57733,5,4,3,1,6,0,7,1,4,4,7
57734,2,3,4,6,8,2,6,8,9,5,6
57735,7,1,0,3,4,6,1,5,7,3,4
57736,7,1,0,3,4,6,1,5,7,3,4
57737,9,9,9,2,7,1,5,4,2,0,8
57738,1,7,6,2,0,8,0,9,5,6,5
57739,7,1,0,3,4,6,1,5,7,3,4
57740,1,7,6,2,0,8,0,9,5,6,5
57741,1,3,6,2,0,8,0,8,9,6,5
57742,4,5,8,2,3,4,3,3,8,7,3
57743,9,9,9,2,7,1,5,3,2,0,5
57744,0,4,7,0,2,7,4,1,4,8,0
57745,2,3,4,6,8,2,6,8,9,5,6
57746,3,6,1,8,5,3,2,6,0,1,1
57747,8,2,7,5,9,7,8,4,6,9,8
57748,9,9,9,2,7,1,5,7,2,0,5
57749,9,9,9,2,7,1,5,7,2,0,5
57750,7,1,0,3,4,6,1,5,7,3,4
57751,8,2,9,5,9,1,8,4,6,9,8
57752,9,9,9,7,7,1,5,7,2,0,5
57753,8,2,7,5,9,7,8,4,6,9,8
57754,4,5,8,9,3,4,3,0,8,7,3
57755,8,2,6,2,0,8,8,9,5,6,5
57756,4,5,8,9,3,4,3,0,8,7,3
57757,3,0,1,4,5,3,2,6,1,1,1
57758,4,5,8,9,3,4,3,0,8,7,3
57759,0,4,5,0,2,9,4,4,6,8,2
57760,3,0,1,4,5,3,2,6,1,1,1
57761,9,9,9,2,7,1,5,7,2,0,5
57762,7,1,0,3,4,6,1,5,7,3,4
57763,5,8,3,1,6,0,7,1,4,4,7
57764,4,1,8,9,3,4,3,0,8,7,3
57765,2,3,4,6,8,2,6,8,9,5,6
57766,7,1,0,3,4,6,1,5,7,3,4
57767,2,3,4,6,8,2,6,8,9,5,5
57768,7,1,0,3,4,6,1,5,7,3,4
57769,3,6,1,8,5,3,2,6,0,1,1
57770,9,9,9,2,7,1,5,3,2,0,5
57771,2,3,4,6,8,2,6,8,9,5,6
57772,2,3,4,6,8,2,6,8,9,5,6
57773,9,9,9,2,7,1,5,7,2,0,8
57774,0,4,5,0,2,9,4,1,4,8,2
57775,9,9,9,2,7,1,5,7,2,0,5
57776,5,8,3,1,6,0,7,1,4,4,7
57777,4,5,8,9,3,4,3,0,8,7,3
57778,9,9,9,2,7,1,5,7,2,0,5
57779,8,4,7,5,9,7,8,4,6,9,0
57780,1,7,6,2,0,8,0,9,5,6,5
57781,2,3,4,6,8,2,6,3,9,5,6
57782,0,4,7,0,2,7,4,1,4,8,0
57783,4,5,8,9,3,4,3,0,8,7,3
57784,3,6,1,8,5,3,2,6,0,1,1
57785,9,9,9,2,7,1,5,7,2,0,5
57786,0,4,7,0,2,7,4,4,6,8,0
57787,8,2,7,5,9,7,8,3,2,9,8
57788,7,1,0,3,4,6,1,5,7,3,4
57789,9,9,9,2,7,1,5,7,2,0,5
57790,6,5,2,7,1,5,9,2,3,2,9
57791,4,5,8,9,3,4,3,0,8,7,3
57792,0,4,5,0,2,9,4,4,6,8,2
57793,7,1,0,3,4,6,1,5,7,3,4
57794,0,4,3,0,2,0,4,1,4,8,0
57795,3,6,1,8,5,3,2,6,0,1,1
57796,0,4,7,0,2,7,4,1,4,8,0
57797,1,7,6,2,0,8,0,9,5,6,5
57798,3,6,1,8,5,3,2,6,0,1,1
57799,6,5,2,7,1,5,9,2,3,2,9
57800,7,1,0,3,4,6,1,8,4,3,0
57801,7,1,0,3,4,6,1,5,7,3,4
57802,4,5,8,9,3,4,3,0,8,7,3
57803,5,8,3,1,6,0,7,1,4,4,7
57804,7,1,0,3,4,6,1,5,7,3,4
57805,7,1,0,3,4,6,1,5,7,3,4
57806,7,1,0,3,4,6,1,5,7,3,4
57807,5,5,8,9,3,4,7,0,8,7,7
57808,5,8,3,1,6,0,7,1,4,4,7
57809,0,4,5,0,2,9,4,1,4,8,2
57810,2,0,4,4,8,2,6,8,1,5,6
57811,3,6,1,8,5,3,2,6,0,1,1
57812,7,1,0,3,4,6,1,5,7,3,4
57813,1,7,6,2,0,8,0,9,5,6,5
57814,7,1,0,3,4,6,1,5,7,3,4
57815,6,5,2,7,1,5,9,2,3,2,9
57816,1,7,6,2,0,8,0,9,5,6,5
57817,7,1,0,3,4,6,1,5,7,3,4
57818,7,1,0,3,4,6,1,5,7,3,4
57819,5,8,3,1,6,0,7,1,4,4,7
57820,7,1,0,3,4,6,1,5,7,3,4
57821,7,1,0,3,4,6,1,5,7,3,4
57822,2,3,4,6,8,2,6,3,9,5,6
57823,4,5,8,9,3,4,3,0,8,7,3
57824,7,1,0,3,4,6,1,5,7,3,4
57825,0,4,5,0,2,9,4,1,4,8,2
57826,5,8,3,1,6,0,7,1,4,4,7
57827,3,6,1,8,5,3,2,6,0,1,1
57828,0,4,5,0,2,9,4,1,4,8,2
57829,1,7,6,2,0,8,0,9,5,6,5
57830,1,7,6,2,0,8,0,9,5,6,5
57831,6,5,2,7,1,5,9,2,3,2,9
57832,2,3,4,6,8,2,6,8,9,5,6
57833,7,1,0,3,4,6,1,5,7,3,4
57834,1,7,6,2,0,8,0,9,5,6,5
57835,5,8,3,1,6,0,7,1,4,4,7
57836,8,2,5,5,9,9,8,4,6,9,8
57837,7,1,0,3,4,6,1,5,7,3,4
57838,6,5,2,7,1,5,9,2,3,2,9
57839,5,8,3,1,6,0,7,1,4,4,2
57840,0,8,3,1,2,0,4,1,4,8,0
57841,5,8,3,1,6,0,7,1,4,4,0
57842,1,7,6,2,0,8,0,9,5,6,5
57843,3,6,1,8,5,3,2,6,0,1,1
57844,8,2,7,5,9,7,8,4,6,9,8
57845,0,4,3,0,2,0,4,1,4,8,0
57846,4,5,8,9,3,4,3,0,8,7,3
57847,3,6,1,8,5,3,2,6,0,1,1
57848,5,8,3,1,6,0,7,1,4,4,7
57849,1,7,6,2,0,8,0,9,5,6,5
57850,9,9,9,2,7,1,5,3,2,0,5
57851,0,4,3,0,2,0,4,1,4,8,2
57852,7,1,0,3,4,6,1,5,7,3,4
57853,0,8,3,1,6,0,4,1,4,4,0
57854,5,8,3,1,6,0,7,1,4,4,7
57855,1,7,6,2,0,8,0,9,5,6,5
57856,7,1,0,3,4,6,1,5,7,3,4
57857,0,4,7,0,2,7,4,1,4,8,0
57858,8,2,5,5,9,9,8,4,6,9,2
57859,6,5,2,7,1,5,9,2,3,2,9
57860,2,3,4,6,8,2,6,3,9,5,3
57861,0,4,3,0,2,0,4,1,4,8,0
57862,0,8,3,0,2,0,4,1,4,8,0
57863,7,1,0,3,4,6,1,5,7,3,4
57864,7,1,0,3,4,6,1,5,7,3,4
57865,1,7,6,2,0,8,0,9,5,6,5
57866,8,2,5,5,9,9,8,4,6,9,2
57867,0,4,3,0,2,0,4,1,4,8,2
57868,7,1,0,3,4,6,1,5,7,3,4
57869,0,4,5,0,2,9,4,4,6,8,0
57870,2,3,4,6,8,2,6,8,9,5,6
57871,6,5,2,7,1,5,9,2,3,2,9
57872,7,1,0,3,4,6,1,5,7,3,4
57873,0,4,3,0,2,0,4,1,4,8,0
57874,0,4,3,0,2,0,4,1,4,8,0
57875,0,4,3,0,2,0,4,1,4,8,0
57876,6,5,2,7,1,5,9,3,3,2,9
57877,7,1,0,3,4,6,1,5,7,3,4
57878,6,5,2,7,1,5,9,2,3,2,9
57879,7,1,0,3,4,6,1,5,7,3,4
57880,5,8,3,1,6,0,7,1,4,4,7
57881,5,5,8,9,3,4,7,0,8,7,7
57882,5,1,0,1,4,6,7,5,7,3,7
57883,4,5,8,9,3,4,3,0,8,7,3
57884,0,4,5,0,2,9,4,4,6,8,2
57885,0,8,3,1,6,0,7,1,4,4,2
57886,7,1,0,3,4,6,1,5,7,3,4
57887,3,6,1,8,5,3,2,6,0,1,1
57888,1,7,6,2,0,8,0,9,5,6,5
57889,6,5,2,7,1,5,9,2,3,2,9
57890,6,5,2,7,1,5,9,2,3,2,9
57891,4,5,8,9,3,4,3,0,8,7,3
57892,0,4,7,0,2,7,4,4,6,8,0
57893,7,1,0,3,4,6,1,5,7,3,4
57894,0,4,5,0,2,9,4,1,4,8,2
57895,5,8,3,1,6,0,7,1,4,4,7
57896,0,4,7,0,2,7,4,1,4,8,0
57897,7,1,0,3,4,6,1,5,7,3,4
57898,7,1,0,3,4,6,1,5,7,3,4
57899,6,9,2,7,1,5,9,2,3,2,9
57900,7,1,0,3,4,6,1,5,7,3,4
57901,7,1,0,3,4,6,1,5,7,3,4
57902,7,1,0,3,4,6,1,5,7,3,4
57903,1,7,6,2,0,8,0,9,5,6,5
57904,6,5,2,7,1,5,9,2,3,2,9
57905,0,8,3,1,6,0,7,1,4,4,2
57906,9,9,9,2,7,1,5,7,2,0,5
57907,3,6,1,8,5,3,2,6,0,1,1
57908,7,1,0,3,4,6,1,5,7,3,4
57909,7,1,0,3,4,6,1,5,7,3,4
57910,7,1,0,3,4,6,1,5,7,3,4
57911,6,5,2,7,1,5,9,2,3,2,9
57912,3,6,1,8,5,3,2,6,0,1,1
57913,5,8,3,1,6,0,7,1,4,4,7
57914,7,1,0,3,4,6,1,5,7,3,4
57915,0,4,7,0,2,7,4,1,4,8,0
57916,7,1,0,3,4,6,1,5,7,3,4
57917,3,6,1,8,5,3,2,6,0,1,1
57918,2,3,4,6,8,2,6,8,9,5,6
57919,7,1,0,3,4,6,1,5,7,3,4
57920,7,1,0,3,4,6,1,5,7,3,4
57921,0,4,5,0,2,9,4,1,4,8,2
57922,8,2,7,5,9,7,8,4,6,9,0
57923,5,8,3,1,6,0,7,1,4,4,7
57924,3,6,1,8,5,3,2,6,0,1,1
57925,5,8,3,1,6,0,7,1,4,4,2
57926,7,1,0,3,4,6,1,8,9,3,4
57927,5,8,3,1,6,0,7,1,4,4,7
57928,6,5,2,7,1,5,9,2,3,2,9
57929,1,7,6,2,0,8,0,9,5,6,5
57930,7,1,0,3,4,6,1,2,7,3,4
57931,1,7,6,2,0,8,0,9,5,6,5
57932,7,1,4,3,4,2,1,3,7,3,4
57933,6,5,2,7,1,5,9,2,3,2,9
57934,0,4,7,0,2,7,4,1,6,8,0
57935,4,5,8,9,3,4,3,0,8,7,3
57936,6,5,2,7,1,5,9,2,3,2,9
57937,0,8,3,1,6,0,4,1,4,4,0
57938,5,8,3,1,6,0,7,1,4,4,7
57939,6,5,2,7,1,5,9,2,3,2,9
57940,0,4,3,0,2,0,4,1,4,8,0
57941,7,1,0,3,4,6,1,5,7,3,4
57942,7,1,0,3,4,6,1,5,7,3,4
57943,5,8,8,1,6,4,7,0,8,4,7
57944,8,2,7,5,9,7,8,4,6,9,8
57945,5,8,3,1,6,0,7,1,4,4,7
57946,8,2,7,5,9,7,8,4,6,9,0
57947,7,1,0,3,4,6,1,5,7,3,4
57948,1,7,6,2,0,8,0,9,5,6,5
57949,0,4,3,0,2,0,4,1,4,8,2
57950,0,4,3,0,2,0,4,1,4,8,0
57951,7,1,0,3,4,6,1,5,7,3,4
57952,7,1,0,3,4,6,1,5,7,3,4
57953,3,0,1,7,5,3,2,6,3,1,1
57954,1,7,6,2,0,8,0,9,2,6,5
57955,0,3,3,6,2,0,4,8,4,8,0
57956,6,9,2,7,1,5,9,2,3,2,9
57957,1,7,6,2,0,8,0,9,5,6,5
57958,8,2,9,5,9,1,8,7,2,9,8
57959,4,5,8,9,3,4,3,0,8,7,7
57960,1,7,6,2,0,8,0,9,5,6,5
57961,1,7,6,2,0,8,0,9,5,6,5
57962,3,0,1,4,5,3,2,6,1,1,1
57963,3,6,1,8,5,3,2,6,0,1,1
57964,6,5,2,7,1,5,9,2,3,2,9
57965,5,8,3,1,6,0,7,1,4,4,7
57966,1,7,6,2,0,8,0,9,5,6,5
57967,7,1,0,3,4,6,1,5,7,3,4
57968,1,7,6,2,0,8,0,9,5,6,5
57969,1,7,6,2,0,8,0,9,5,6,5
57970,8,4,5,5,9,9,8,4,6,9,2
57971,5,5,8,1,6,4,7,0,8,4,7
57972,5,8,3,1,6,0,7,1,4,4,7
57973,1,7,6,2,0,8,0,9,5,6,5
57974,7,1,0,3,4,6,1,5,7,3,4
57975,5,8,3,1,6,0,7,1,4,4,7
57976,8,2,5,5,9,9,8,4,6,9,0
57977,3,6,1,4,5,3,2,6,1,1,1
57978,0,4,5,0,2,9,4,4,6,8,2
57979,9,9,9,2,7,1,5,7,2,0,5
57980,0,4,5,0,2,9,4,1,4,8,2
57981,6,5,2,7,1,5,9,2,3,2,9
57982,7,1,0,3,4,6,1,5,7,3,4
57983,7,1,0,3,4,6,1,5,7,3,4
57984,7,3,0,6,4,6,1,8,9,3,4
57985,5,8,1,1,6,3,7,6,0,4,7
57986,0,4,7,0,2,7,4,4,6,8,0
57987,7,1,0,3,4,6,1,5,7,3,4
57988,2,3,4,6,8,2,6,8,9,5,6
57989,4,5,8,9,3,4,3,0,8,7,3
57990,2,3,4,6,8,2,6,8,9,5,6
57991,0,4,5,0,2,9,4,1,4,8,2
57992,6,5,2,7,1,5,9,2,3,2,9
57993,2,3,4,6,8,2,6,8,9,5,6
57994,7,6,0,8,4,6,1,0,0,3,4
57995,3,0,1,4,5,3,2,6,1,1,1
57996,8,2,5,5,9,9,8,4,6,9,2
57997,9,9,9,2,7,1,5,7,2,0,5
57998,1,7,6,2,0,8,0,9,5,6,5
57999,6,5,2,7,1,5,9,2,3,2,9
58000,7,3,0,6,4,6,1,8,9,3,4
58001,7,1,0,3,4,6,1,5,7,3,4
58002,3,0,1,4,5,3,2,6,1,1,1
58003,1,7,7,2,0,7,0,9,5,6,0
58004,5,8,3,1,6,0,7,1,4,4,7
58005,9,2,9,5,7,1,5,3,2,0,8
58006,1,7,6,2,0,8,0,9,5,6,5
58007,4,5,8,9,3,4,3,0,8,7,3
58008,1,7,6,2,0,8,0,9,5,6,5
58009,8,2,5,5,9,9,8,4,6,9,2
58010,4,5,8,9,3,4,3,0,8,7,3
58011,2,3,4,6,8,2,6,8,9,5,6
58012,3,6,1,8,5,3,2,6,0,1,1
58013,8,2,7,5,9,7,8,4,6,9,8
58014,8,2,4,5,9,2,8,4,6,9,8
58015,3,0,1,4,5,3,2,6,1,1,1
58016,4,5,8,9,3,4,3,0,8,7,3
58017,9,9,9,2,7,1,5,7,2,0,5
58018,5,8,3,1,6,0,7,1,4,4,7
58019,6,5,2,7,1,5,9,2,3,2,9
58020,2,3,4,6,8,2,6,8,9,5,6
58021,7,1,0,3,4,6,1,5,7,3,4
58022,1,7,6,2,0,8,0,9,5,6,5
58023,8,4,7,0,2,7,4,4,6,8,0
58024,2,3,4,6,8,2,6,8,9,5,6
58025,7,1,0,3,4,6,1,5,7,3,4
58026,7,1,0,3,4,6,1,5,7,3,4
58027,4,5,8,9,3,4,3,0,8,7,3
58028,7,3,0,6,4,6,1,8,9,3,4
58029,0,4,5,0,2,9,4,4,6,8,2
58030,6,5,2,7,1,5,9,2,3,2,9
58031,2,3,4,6,8,2,6,8,9,5,6
58032,6,5,2,7,1,5,9,2,3,2,9
58033,9,9,9,2,7,1,5,7,2,0,5
58034,0,4,7,0,2,7,4,4,6,8,0
58035,3,0,1,4,5,3,2,6,1,1,1
58036,7,1,0,3,4,6,1,5,7,3,4
58037,0,4,7,0,2,7,4,1,4,8,0
58038,3,6,1,8,5,3,2,6,0,1,1
58039,2,3,4,6,8,2,6,3,9,5,6
58040,7,1,0,3,4,6,1,5,7,3,4
58041,4,5,8,9,3,4,3,0,8,7,3
58042,8,2,5,5,9,9,8,4,6,9,8
58043,4,5,8,9,3,4,3,0,8,7,3
58044,9,9,9,6,7,1,5,7,2,0,6
58045,7,1,0,3,4,6,1,5,7,3,4
58046,3,2,1,5,5,3,2,8,9,1,1
58047,0,4,7,0,2,7,4,1,2,8,0
58048,7,1,0,3,4,6,1,5,7,3,4
58049,8,2,7,5,9,7,8,4,6,9,0
58050,7,1,0,3,4,6,1,5,7,3,4
58051,9,9,9,2,7,1,5,7,2,0,5
58052,1,7,6,2,0,8,0,9,5,6,5
58053,3,6,1,8,5,3,2,6,0,1,1
58054,0,4,3,0,2,0,4,1,4,8,0
58055,4,5,8,9,3,4,3,0,8,7,3
58056,1,7,6,2,0,8,0,9,5,6,5
58057,0,4,7,0,2,7,4,1,4,8,0
58058,2,3,4,6,8,2,6,8,9,5,6
58059,8,2,7,5,9,7,8,4,6,9,8
58060,6,9,2,7,1,5,9,2,3,2,9
58061,8,2,5,5,9,9,8,4,6,9,8
58062,3,6,1,8,5,3,2,6,0,1,1
58063,6,5,2,7,1,5,9,2,3,2,9
58064,7,1,0,3,4,6,1,5,7,3,4
58065,7,1,0,3,4,6,1,5,7,3,4
58066,5,8,3,1,6,0,7,1,4,4,0
58067,7,1,0,3,4,6,1,5,7,3,4
58068,6,9,2,7,1,5,9,2,3,2,9
58069,8,2,7,5,9,7,8,4,6,9,8
58070,7,1,0,3,4,6,1,5,7,3,4
58071,6,5,2,7,1,5,9,2,3,2,9
58072,1,7,6,9,0,8,0,9,5,6,3
58073,3,6,1,8,5,3,2,6,0,1,1
58074,2,3,4,6,8,2,6,3,9,5,6
58075,8,2,7,5,9,7,8,4,2,9,8
58076,5,8,3,1,6,0,7,1,4,4,7
58077,7,1,0,3,4,6,1,5,7,3,4
58078,8,4,5,0,2,9,4,4,6,8,2
58079,7,1,0,3,4,6,1,5,7,3,4
58080,7,1,0,3,4,6,1,5,7,3,4
58081,8,2,7,5,9,7,8,4,6,9,8
58082,1,7,6,2,0,8,0,9,5,6,5
58083,9,9,9,2,7,1,5,7,2,0,5
58084,7,1,0,3,4,6,1,5,7,3,4
58085,2,3,4,6,8,2,6,3,9,5,6
58086,0,4,6,0,2,8,4,9,5,8,0
58087,6,5,2,7,1,5,9,2,3,2,9
58088,0,4,7,0,2,7,4,4,6,8,0
58089,7,1,0,3,4,6,1,5,7,3,4
58090,8,2,5,5,9,9,8,4,6,9,2
58091,9,9,9,2,7,1,5,7,2,0,5
58092,0,4,6,0,2,8,4,1,4,8,0
58093,1,7,6,9,0,8,0,3,5,6,3
58094,5,8,3,1,6,0,7,1,4,4,4
58095,8,2,5,5,9,9,8,4,6,9,8
58096,5,8,3,1,6,0,7,1,4,4,0
58097,7,1,0,3,4,6,1,5,7,3,4
58098,7,3,4,6,4,6,6,8,9,3,6
58099,8,2,5,5,9,9,8,4,6,9,8
58100,2,3,4,6,8,2,6,8,9,5,6
58101,9,9,9,2,7,1,5,7,2,0,5
58102,3,0,1,4,5,3,2,3,1,1,1
58103,6,5,2,7,1,5,9,2,3,2,9
58104,6,5,2,7,1,5,9,2,3,2,9
58105,9,9,9,2,7,1,5,7,2,0,5
58106,8,2,5,5,9,9,8,4,6,9,8
58107,2,3,4,6,8,2,6,8,9,5,6
58108,3,0,1,4,5,3,2,5,1,1,3
58109,8,2,5,5,9,9,8,4,6,9,8
58110,3,0,1,4,5,3,2,6,1,1,1
58111,4,5,8,9,3,4,3,3,8,7,3
58112,8,2,7,5,9,7,8,4,6,9,8
58113,7,1,0,3,4,6,1,5,7,3,4
58114,5,8,3,1,6,0,7,1,4,4,7
58115,4,5,8,9,3,4,3,3,8,7,3
58116,3,6,1,8,5,3,2,0,0,1,1
58117,7,1,0,3,4,6,1,5,7,3,4
58118,8,2,5,5,9,9,8,4,6,9,2
58119,9,9,9,2,7,1,5,3,2,0,5
58120,9,9,9,2,7,1,5,7,2,0,5
58121,3,6,1,8,5,3,2,6,0,1,1
58122,2,3,4,6,8,2,6,8,9,5,6
58123,9,9,9,2,7,1,5,7,2,0,5
58124,4,5,8,9,3,4,3,0,8,7,3
58125,8,2,5,5,9,9,8,4,6,9,2
58126,6,5,2,7,1,5,9,2,3,2,9
58127,8,2,7,5,9,7,8,4,6,9,8
58128,8,2,5,5,9,9,8,4,6,9,8
58129,9,9,9,2,7,1,5,7,2,0,8
58130,9,9,9,2,7,1,5,7,2,0,5
58131,9,9,9,2,7,1,5,7,2,0,5
58132,8,2,7,5,9,7,8,4,6,9,8
58133,4,5,8,9,3,4,3,3,8,7,3
58134,2,7,4,2,8,2,6,3,5,5,5
58135,9,9,9,2,7,1,5,9,2,0,5
58136,4,5,8,9,3,4,3,3,8,7,3
58137,9,9,9,2,7,1,5,7,2,0,5
58138,2,3,4,6,8,2,6,8,9,5,6
58139,9,9,9,2,7,1,5,7,2,0,5
58140,8,2,7,5,9,7,8,4,6,9,8
58141,8,2,7,2,9,1,8,3,2,9,8
58142,7,1,0,3,4,6,1,5,7,3,4
58143,8,2,5,5,9,9,8,4,6,9,8
58144,7,1,0,3,4,6,1,5,7,3,4
58145,9,9,9,2,7,1,5,3,2,0,5
58146,3,0,1,4,5,3,2,6,1,1,1
58147,9,9,9,2,7,1,5,7,2,0,5
58148,9,9,9,2,7,1,5,7,2,0,5
58149,7,1,0,3,4,6,1,5,7,3,4
58150,2,3,4,6,8,2,6,8,9,5,6
58151,8,2,7,5,9,7,8,4,6,9,8
58152,9,9,9,2,7,1,5,7,2,0,8
58153,8,2,7,5,9,7,8,1,2,9,8
58154,9,9,9,2,7,1,5,7,2,0,5
58155,9,9,9,2,7,1,5,7,2,0,5
58156,2,3,4,6,8,2,6,8,9,5,6
58157,4,5,8,9,3,4,3,3,8,7,3
58158,2,3,4,6,8,2,6,8,9,5,6
58159,9,9,9,2,7,1,5,7,2,0,5
58160,3,6,1,8,5,3,2,6,0,1,1
58161,1,7,6,2,0,8,0,9,5,6,5
58162,6,5,2,7,1,5,9,2,3,2,9
58163,7,1,0,3,4,6,1,5,7,3,4
58164,0,4,3,0,2,0,4,1,4,8,0
58165,7,1,0,3,4,6,1,5,7,3,4
58166,5,5,8,7,1,4,7,0,8,2,7
58167,0,4,5,0,2,9,4,9,5,8,2
58168,8,2,7,5,9,7,8,8,9,9,8
58169,5,8,3,1,6,0,7,1,4,4,0
58170,3,6,1,8,5,3,2,6,0,1,1
58171,1,7,6,2,0,8,0,9,5,6,5
58172,6,5,2,7,1,5,9,2,3,2,9
58173,7,1,0,3,4,6,1,5,7,3,4
58174,5,8,3,1,6,0,7,1,4,4,7
58175,7,1,0,3,4,6,1,5,7,3,4
58176,4,5,8,9,3,4,3,0,8,7,3
58177,0,4,5,0,2,9,4,4,6,8,2
58178,2,3,4,6,8,2,6,8,9,5,6
58179,5,8,3,1,6,0,7,1,4,4,7
58180,3,6,1,8,5,3,2,6,0,1,1
58181,1,7,6,2,0,8,0,9,5,6,5
58182,6,5,2,7,1,5,9,2,3,2,9
58183,7,1,0,3,4,6,1,5,7,3,4
58184,5,8,3,1,6,0,7,1,4,4,7
58185,0,4,5,0,2,9,4,4,6,8,2
58186,2,3,4,6,8,2,6,8,9,5,8
58187,0,4,7,0,2,7,4,4,6,8,0
58188,0,4,3,0,2,0,4,1,4,8,0
58189,1,7,6,2,0,8,0,9,5,6,5
58190,7,1,0,3,4,6,1,5,7,3,4
58191,4,5,8,9,3,4,3,0,8,7,3
58192,6,5,2,7,1,5,9,2,3,2,9
58193,7,1,0,3,4,6,1,5,7,3,4
58194,5,8,3,1,6,0,7,1,4,4,7
58195,2,3,4,6,8,2,6,8,9,5,6
58196,1,7,6,2,0,8,0,9,5,6,5
58197,0,4,5,0,2,9,4,1,4,8,2
58198,1,7,6,2,0,8,0,9,5,6,5
58199,7,1,0,3,4,6,1,8,7,3,4
58200,7,1,0,3,4,6,1,5,7,3,4
58201,2,3,4,6,8,2,6,8,9,5,6
58202,8,2,5,5,9,9,8,4,6,9,2
58203,9,9,9,2,7,1,5,7,2,0,5
58204,0,4,5,0,2,9,4,4,6,8,2
58205,0,4,5,0,2,9,4,1,4,8,2
58206,3,6,1,8,5,3,2,6,0,1,1
58207,1,7,6,2,0,8,0,9,5,6,5
58208,0,4,7,0,2,7,4,4,6,8,0
58209,5,4,3,1,6,0,7,1,4,4,7
58210,5,8,3,1,6,0,7,1,4,4,7
58211,0,4,7,0,2,7,4,4,6,8,0
58212,5,8,3,1,6,0,7,1,4,4,7
58213,0,8,3,1,2,0,4,1,4,8,0
58214,8,2,5,5,9,9,8,4,6,9,2
58215,6,5,2,7,1,5,9,2,3,2,9
58216,6,5,8,8,3,4,9,0,0,7,7
58217,2,0,4,4,8,2,6,3,1,5,8
58218,5,8,3,1,6,0,7,1,4,4,0
58219,7,1,0,3,4,6,1,5,7,3,4
58220,2,3,4,6,4,2,6,8,9,5,6
58221,0,4,5,0,2,9,4,1,4,8,2
58222,5,8,3,1,6,0,7,1,4,4,7
58223,3,0,1,4,5,3,2,6,1,1,1
58224,4,5,8,9,3,4,3,0,8,7,3
58225,8,2,7,5,9,7,8,4,6,9,8
58226,3,6,1,8,5,3,2,6,0,1,1
58227,7,1,0,3,4,6,1,5,7,3,4
58228,8,2,5,5,9,9,8,4,6,9,2
58229,3,6,1,4,5,3,2,6,1,1,1
58230,9,9,9,2,7,1,5,7,2,0,5
58231,5,8,3,1,6,0,7,1,4,4,7
58232,2,3,4,6,8,2,6,8,9,5,6
58233,2,3,4,6,8,2,6,8,9,5,6
58234,1,7,6,2,0,8,0,9,5,6,5
58235,6,5,2,7,1,5,9,2,3,2,9
58236,5,8,3,1,6,0,7,1,4,4,7
58237,7,1,0,3,4,6,1,5,7,3,4
58238,1,7,6,2,0,8,0,9,5,6,5
58239,7,1,0,3,4,6,1,5,7,3,4
58240,5,8,3,1,6,0,7,1,4,4,7
58241,6,5,2,7,1,5,9,2,3,2,9
58242,5,8,3,1,6,0,7,1,4,4,7
58243,5,8,3,1,6,0,7,1,4,4,7
58244,6,5,2,7,1,5,9,2,3,2,9
58245,5,8,3,1,6,0,7,1,4,4,7
58246,4,5,8,9,3,4,3,0,8,7,3
58247,3,6,1,8,5,3,2,6,0,1,1
58248,7,1,0,3,4,6,1,5,7,3,4
58249,7,1,0,3,4,6,1,5,7,3,4
58250,7,1,0,3,4,6,1,5,7,3,4
58251,4,5,8,9,3,4,3,0,8,7,3
58252,7,1,0,3,4,6,1,5,7,3,4
58253,1,7,6,2,0,8,0,9,5,6,5
58254,6,5,2,7,1,5,9,2,3,2,9
58255,7,1,0,3,4,6,1,5,7,3,4
58256,3,6,1,8,5,3,2,6,0,1,1
58257,7,1,0,3,4,6,1,5,7,3,4
58258,5,8,3,1,6,0,7,1,4,4,7
58259,5,5,8,8,3,4,7,0,8,7,7
58260,1,7,6,2,0,8,0,9,5,6,5
58261,7,6,1,8,5,3,1,6,0,1,4
58262,7,1,0,3,4,6,1,5,7,3,4
58263,5,8,3,1,6,0,7,1,4,4,7
58264,0,4,3,0,2,0,4,1,4,8,0
58265,3,0,1,4,5,3,2,6,1,1,1
58266,9,9,9,2,7,1,5,7,2,0,5
58267,6,2,2,7,1,5,9,2,3,2,9
58268,7,1,0,3,4,6,1,5,7,3,4
58269,8,2,7,5,9,7,8,4,6,9,8
58270,9,2,7,5,9,1,8,3,2,9,8
58271,4,5,8,9,3,4,3,3,8,7,3
58272,8,2,7,5,9,7,8,4,6,9,8
58273,2,3,4,6,8,2,6,8,9,5,6
58274,8,4,7,5,9,7,8,4,6,9,0
58275,3,0,1,4,5,3,2,6,1,1,1
58276,9,9,9,2,7,1,5,7,2,0,5
58277,6,5,2,7,1,5,9,2,3,2,9
58278,2,3,4,6,8,2,6,8,9,5,6
58279,8,2,7,5,9,7,8,4,6,9,8
58280,8,2,7,5,9,7,8,4,6,9,8
58281,4,5,8,9,3,4,3,3,8,7,3
58282,8,2,5,5,9,9,8,4,6,9,8
58283,2,3,4,6,8,2,6,8,9,5,6
58284,0,4,7,0,2,7,4,4,6,8,0
58285,3,0,1,4,8,3,2,3,1,1,1
58286,9,9,9,2,7,1,5,7,2,0,5
58287,6,5,2,7,1,5,9,2,3,2,9
58288,2,3,4,6,8,2,6,8,9,5,6
58289,8,2,7,5,9,7,8,3,6,9,8
58290,9,2,7,2,7,7,5,3,2,0,8
58291,4,5,8,9,3,4,3,3,8,7,3
58292,8,2,5,5,9,9,8,4,6,9,2
58293,2,3,4,6,8,2,6,8,9,5,6
58294,8,2,7,5,9,7,8,4,6,9,8
58295,4,5,8,9,3,4,3,3,8,7,3
58296,2,3,4,6,8,2,6,8,9,5,6
58297,6,5,2,7,1,5,9,3,3,2,9
58298,2,3,4,6,8,2,6,8,9,5,0
58299,9,9,9,5,7,1,5,7,2,0,8
58300,8,2,7,5,9,7,8,4,6,9,8
58301,4,5,8,9,3,4,3,3,8,7,3
58302,2,3,4,6,8,2,6,8,9,5,6
58303,9,9,9,2,7,1,5,3,2,0,5
58304,4,5,8,9,3,4,3,3,8,7,3
58305,2,3,4,6,8,2,6,8,9,5,6
58306,3,0,1,4,5,3,2,3,1,1,1
58307,9,9,9,2,7,1,5,7,2,0,5
58308,8,2,7,5,9,7,8,4,6,9,8
58309,9,9,9,2,7,1,5,7,2,0,5
58310,8,2,5,5,9,9,8,4,6,9,8
58311,2,3,4,6,8,2,6,8,9,5,6
58312,2,3,4,6,8,2,6,3,9,5,6
58313,2,0,4,4,8,2,6,3,1,5,6
58314,6,5,2,7,1,5,9,2,3,2,9
58315,6,5,2,7,1,5,9,2,3,2,9
58316,2,3,4,6,8,2,6,3,9,5,6
58317,6,5,2,7,1,5,9,2,3,2,9
58318,2,2,7,5,9,7,8,3,2,9,8
58319,8,2,7,5,9,7,8,4,6,9,8
58320,9,9,9,2,7,1,5,7,2,0,5
58321,2,3,4,6,8,2,6,3,9,5,6
58322,9,9,9,2,7,1,5,7,2,0,5
58323,6,5,2,7,1,5,9,2,3,2,9
58324,2,3,4,6,8,2,6,8,9,5,6
58325,8,2,7,5,9,7,8,4,6,9,8
58326,2,3,4,6,8,2,6,3,9,5,6
58327,2,3,4,6,8,2,6,8,9,5,6
58328,2,3,4,6,8,2,6,3,9,5,6
58329,4,5,8,9,3,4,3,3,8,7,3
58330,2,2,7,5,8,7,6,3,9,5,8
58331,8,2,7,5,9,7,8,4,6,9,8
58332,9,2,9,5,7,1,5,7,2,0,8
58333,2,3,4,6,8,2,6,8,9,5,6
58334,2,3,4,6,8,2,6,8,9,5,6
58335,9,9,9,2,7,1,5,7,2,0,5
58336,2,3,4,6,8,2,6,8,9,5,6
58337,8,2,7,5,9,7,8,4,6,9,8
58338,8,2,7,5,9,7,8,4,2,9,8
58339,2,3,4,6,8,2,6,8,9,5,6
58340,8,2,7,5,9,7,8,4,6,9,8
58341,9,9,9,2,7,1,5,7,2,0,5
58342,8,2,7,5,9,7,8,4,6,9,8
58343,2,3,4,6,8,2,6,8,9,5,6
58344,9,9,9,2,7,1,5,7,2,0,8
58345,9,9,9,2,7,1,5,3,2,0,5
58346,8,2,5,5,9,9,8,4,6,9,8
58347,8,2,7,5,9,7,8,4,6,9,8
58348,8,2,7,5,9,7,8,4,6,9,8
58349,8,2,5,5,9,9,8,4,6,9,8
58350,3,0,1,4,5,3,2,6,1,1,1
58351,8,2,7,5,9,7,8,4,6,9,8
58352,4,5,8,9,3,4,3,3,8,7,3
58353,3,0,1,4,5,3,2,3,1,1,1
58354,9,9,9,9,7,1,5,3,2,0,3
58355,9,9,9,2,7,1,5,7,2,0,5
58356,3,0,1,4,5,3,2,6,1,1,1
58357,2,3,4,6,8,2,6,8,9,5,6
58358,2,3,4,6,8,2,6,8,9,5,6
58359,2,1,4,3,8,2,6,5,7,5,6
58360,3,0,1,4,5,3,2,6,1,1,1
58361,9,9,9,2,7,1,5,7,2,0,5
58362,3,0,1,4,5,3,2,6,1,1,1
58363,8,2,7,5,9,7,8,4,6,9,8
58364,9,2,7,5,7,7,5,7,2,0,8
58365,9,9,9,2,7,1,5,9,2,0,5
58366,8,2,7,5,9,7,8,4,6,9,8
58367,9,2,9,5,7,1,5,7,2,0,8
58368,9,9,9,2,7,1,5,7,2,0,5
58369,8,2,7,5,9,7,8,4,6,9,8
58370,4,5,8,9,3,4,3,3,8,7,3
58371,2,3,4,6,8,2,6,8,9,5,6
58372,8,2,7,5,9,7,8,4,6,9,8
58373,6,5,2,7,1,5,9,2,3,2,9
58374,2,3,4,6,8,2,6,8,9,5,6
58375,9,2,7,2,7,7,5,3,2,0,8
58376,3,6,1,8,5,3,2,6,0,1,1
58377,1,7,6,2,0,8,0,9,5,6,5
58378,6,1,2,7,1,5,9,2,3,2,9
58379,0,4,6,0,2,8,4,8,9,8,0
58380,5,8,3,1,6,0,7,1,4,4,7
58381,8,2,7,5,9,7,8,4,6,9,8
58382,4,5,8,9,3,4,3,0,8,7,3
58383,8,4,5,5,9,9,8,4,6,9,2
58384,2,3,4,6,8,2,6,8,9,5,6
58385,0,8,3,1,6,0,4,1,4,4,0
58386,3,6,1,8,5,3,2,6,0,1,1
58387,1,7,6,2,0,8,0,9,5,6,5
58388,2,3,4,6,8,2,6,8,9,5,6
58389,7,1,0,3,4,6,1,5,7,3,4
58390,5,8,2,7,1,5,7,2,3,2,7
58391,8,2,7,5,9,1,8,3,2,9,8
58392,6,5,8,9,3,4,9,0,8,7,7
58393,8,2,5,5,9,9,8,4,6,9,2
58394,6,5,2,7,1,5,9,0,3,2,9
58395,5,8,3,1,6,0,7,1,4,4,7
58396,3,6,1,8,5,3,2,6,0,1,1
58397,9,9,9,2,7,1,5,7,2,0,5
58398,6,5,2,7,1,5,9,2,3,2,9
58399,2,1,4,3,8,2,6,5,7,5,6
58400,8,2,7,5,9,7,8,4,6,9,8
58401,5,8,3,1,6,0,7,1,4,4,7
58402,3,6,1,8,5,3,2,6,0,1,1
58403,2,3,7,6,8,7,6,8,9,5,0
58404,4,5,8,9,3,4,3,0,8,7,3
58405,2,3,4,6,8,2,6,8,9,5,6
58406,2,3,4,6,8,2,6,8,9,5,6
58407,0,4,3,0,2,0,4,1,4,8,0
58408,3,6,1,8,5,3,2,6,0,1,1
58409,9,9,9,6,7,1,5,7,2,0,6
58410,7,1,0,3,4,6,1,5,7,3,4
58411,7,1,0,3,4,6,1,5,7,3,4
58412,7,1,0,3,4,6,1,5,7,3,4
58413,7,1,0,3,4,6,1,5,7,3,4
58414,8,2,7,5,9,7,8,4,6,9,8
58415,4,5,8,9,3,4,3,0,8,7,3
58416,5,8,7,1,6,7,7,1,4,4,7
58417,5,8,7,1,6,7,7,1,4,4,7
58418,7,3,0,6,4,6,1,8,7,3,6
58419,8,2,7,5,9,7,8,4,6,9,8
58420,8,2,7,5,9,7,8,4,6,9,7
58421,7,7,6,3,4,8,0,9,5,6,4
58422,5,8,3,1,6,0,7,1,4,4,7
58423,4,5,8,9,3,4,3,0,8,7,3
58424,7,3,4,6,4,6,6,8,9,3,6
58425,8,2,5,5,9,9,8,4,6,9,2
58426,5,8,3,1,6,0,7,1,4,4,7
58427,1,7,6,2,0,8,0,9,5,6,5
58428,9,2,9,5,7,1,5,3,2,0,8
58429,6,5,2,7,1,5,9,2,3,2,9
58430,3,6,1,8,5,3,2,6,0,1,1
58431,7,1,0,3,4,6,1,5,7,3,4
58432,0,4,3,0,2,0,4,1,4,8,0
58433,0,4,7,0,2,7,4,1,4,8,0
58434,1,7,6,2,0,8,0,9,5,6,5
58435,6,5,2,7,1,5,9,2,3,2,7
58436,8,2,7,5,9,7,8,4,6,9,8
58437,5,8,3,1,6,0,7,1,4,4,0
58438,4,5,8,9,3,4,3,0,8,7,3
58439,0,4,7,0,2,7,4,1,9,8,0
58440,9,9,9,2,7,1,5,7,2,0,5
58441,2,3,4,6,8,2,6,8,9,5,6
58442,4,5,8,9,3,4,3,0,8,7,3
58443,4,5,8,9,3,4,3,0,8,7,3
58444,8,2,5,5,9,9,8,4,6,9,8
58445,2,3,4,6,8,2,6,8,9,5,6
58446,2,3,4,6,8,2,6,8,9,5,6
58447,1,7,6,2,0,8,0,9,5,6,5
58448,7,1,0,3,4,6,1,5,7,3,4
58449,7,1,0,3,4,6,1,5,7,3,4
58450,8,2,5,5,9,9,8,4,6,9,8
58451,9,9,9,2,7,1,5,7,2,0,5
58452,6,3,2,7,1,5,9,2,3,2,9
58453,8,2,5,5,9,9,8,4,6,9,2
58454,3,6,1,8,5,3,2,6,0,1,1
58455,8,2,5,5,9,9,8,4,6,9,2
58456,9,9,9,2,7,1,5,3,2,0,5
58457,3,6,1,8,5,3,2,6,0,1,1
58458,3,6,1,8,5,3,2,6,0,1,1
58459,9,9,9,2,7,1,5,7,2,0,5
58460,9,2,9,5,9,1,8,3,2,9,8
58461,3,0,1,4,5,3,2,6,1,1,1
58462,3,6,1,8,5,3,2,6,0,1,1
58463,5,8,3,1,6,0,7,1,4,4,7
58464,4,5,8,9,3,4,3,0,8,7,3
58465,7,1,0,3,4,6,1,5,7,3,4
58466,1,7,9,2,0,1,0,7,5,6,5
58467,2,3,4,6,8,2,6,8,9,5,6
58468,2,3,4,6,8,2,6,8,9,5,6
58469,5,8,3,1,6,0,7,1,4,4,7
58470,4,5,8,9,3,4,3,0,8,7,3
58471,9,2,9,5,7,1,5,7,2,0,8
58472,6,5,2,7,1,5,9,2,3,2,9
58473,4,6,8,8,3,4,3,0,0,7,7
58474,8,2,7,5,9,7,8,4,6,9,8
58475,7,1,0,3,4,6,1,5,7,3,4
58476,6,5,2,7,1,5,9,3,3,2,9
58477,2,3,7,6,8,7,6,8,9,5,6
58478,0,4,3,1,2,0,4,1,4,8,7
58479,9,9,9,2,7,1,5,7,2,0,5
58480,8,2,5,5,9,9,8,4,6,9,2
58481,1,7,6,2,0,8,0,7,5,6,5
58482,8,2,7,5,9,7,8,4,6,9,8
58483,7,1,0,3,4,6,1,5,7,3,4
58484,5,8,3,1,6,0,7,1,4,4,7
58485,0,4,5,0,2,9,4,4,6,8,2
58486,9,9,9,2,7,1,5,7,2,0,5
58487,6,5,2,7,1,5,9,2,3,2,9
58488,4,5,8,9,3,4,3,0,8,7,3
58489,3,6,1,8,5,3,2,6,0,1,1
58490,8,2,5,5,9,9,8,4,6,9,2
58491,2,1,4,3,8,2,6,5,7,5,6
58492,3,6,1,8,5,3,2,6,0,1,1
58493,1,7,6,2,0,8,0,9,5,6,5
58494,6,5,2,7,1,5,9,2,3,2,9
58495,7,1,0,3,4,6,1,5,7,3,4
58496,5,8,3,1,6,0,7,1,4,4,7
58497,0,4,5,0,2,9,4,1,4,8,2
58498,2,3,4,6,8,2,6,8,9,5,6
58499,8,2,7,5,9,7,8,4,6,9,8
58500,3,0,1,4,5,3,2,6,1,1,1
58501,1,7,6,2,0,8,0,9,5,6,5
58502,6,5,2,7,1,5,9,2,3,2,9
58503,7,1,0,3,4,6,1,5,7,3,4
58504,0,4,7,0,2,7,4,4,6,8,0
58505,9,9,9,2,7,1,5,3,2,0,5
58506,4,5,8,9,3,4,3,3,8,7,3
58507,8,4,5,0,2,9,8,4,6,8,2
58508,2,3,4,6,8,2,6,8,9,5,6
58509,0,4,7,0,2,7,4,1,4,8,0
58510,3,6,1,8,5,3,2,6,0,1,1
58511,9,9,9,2,7,1,5,7,2,0,5
58512,6,5,2,7,1,5,9,2,3,2,9
58513,7,1,0,3,4,6,1,5,7,3,4
58514,0,4,7,0,2,7,4,4,6,8,0
58515,2,3,4,6,8,2,6,3,9,5,6
58516,4,5,8,9,3,4,3,3,8,7,3
58517,0,4,5,0,2,9,4,4,6,8,2
58518,8,2,7,5,9,7,8,4,6,9,8
58519,5,8,7,1,6,7,7,4,6,4,7
58520,0,4,3,0,2,0,4,1,4,8,2
58521,3,6,1,8,5,3,2,6,1,1,1
58522,4,5,8,9,3,4,3,0,8,7,3
58523,3,0,1,4,5,3,2,6,1,1,1
58524,8,2,5,5,9,9,8,4,6,9,8
58525,7,1,0,3,4,6,1,5,7,3,4
58526,0,4,5,0,2,9,4,4,6,8,2
58527,7,1,0,3,4,6,1,5,7,3,4
58528,0,4,5,0,2,9,4,4,6,8,2
58529,0,4,3,0,2,0,4,1,4,8,0
58530,8,2,5,5,9,9,8,4,6,9,8
58531,0,4,7,0,2,7,4,1,4,8,0
58532,3,6,1,8,5,3,2,6,0,1,1
58533,6,5,2,7,1,5,9,2,3,2,9
58534,4,5,8,9,3,4,3,0,8,7,3
58535,2,3,4,6,8,2,6,3,9,5,3
58536,4,5,8,9,3,4,3,3,8,7,3
58537,4,5,8,9,3,4,3,0,8,7,3
58538,6,5,2,7,1,5,9,2,3,2,9
58539,5,8,3,1,6,0,7,1,4,4,0
58540,2,3,4,6,8,2,6,3,9,5,6
58541,7,1,0,3,4,6,1,5,7,3,4
58542,0,4,3,0,2,0,4,1,4,8,0
58543,8,2,7,5,9,7,8,4,6,9,8
58544,7,1,0,3,4,6,1,5,7,3,4
58545,8,2,7,5,9,7,8,4,6,9,8
58546,3,0,1,4,5,3,2,6,1,1,1
58547,9,9,9,2,7,1,5,3,2,0,5
58548,8,2,7,5,9,7,8,4,6,9,8
58549,4,5,8,9,3,4,3,3,8,7,3
58550,2,3,4,6,8,2,6,8,9,5,6
58551,8,2,7,2,9,7,8,4,6,9,8
58552,2,3,4,6,8,2,6,8,9,5,6
58553,2,3,4,6,8,2,6,3,9,5,6
58554,1,7,6,2,0,8,0,3,5,6,5
58555,5,8,3,1,6,0,7,1,4,4,7
58556,0,4,7,0,2,7,4,8,6,8,0
58557,1,7,6,2,0,8,0,9,5,6,5
58558,7,1,0,3,4,6,1,5,7,3,4
58559,5,8,3,1,6,0,7,1,4,4,0
58560,7,6,0,8,4,6,1,5,0,3,4
58561,9,9,9,2,7,1,5,7,2,0,5
58562,8,4,7,0,2,7,4,4,6,8,0
58563,6,5,2,7,1,5,9,2,3,2,9
58564,7,1,0,3,4,6,1,5,7,3,4
58565,0,4,3,0,2,0,4,1,4,8,2
58566,5,8,3,1,6,0,7,1,4,4,0
58567,9,9,9,2,7,1,5,7,2,0,5
58568,6,5,2,7,1,5,9,2,3,2,9
58569,2,0,4,6,8,2,6,3,9,5,6
58570,1,7,6,2,0,8,0,9,5,6,5
58571,0,4,5,0,2,9,4,1,4,8,2
58572,6,5,2,7,1,5,9,2,3,2,9
58573,0,4,7,0,2,7,4,1,4,8,0
58574,0,4,5,0,2,9,4,1,4,8,2
58575,3,0,1,4,5,3,2,6,1,1,1
58576,1,7,6,2,0,8,0,9,5,6,5
58577,5,8,3,1,6,0,7,1,4,4,7
58578,4,5,8,9,3,4,3,0,8,7,3
58579,0,4,7,0,2,7,4,1,4,8,0
58580,9,9,9,2,7,1,5,7,2,0,5
58581,6,5,2,7,1,5,9,2,3,2,9
58582,7,1,0,3,4,6,1,5,7,3,4
58583,0,4,5,0,2,9,4,4,6,8,2
58584,2,3,4,6,8,2,6,3,9,5,6
58585,6,5,2,7,1,5,9,2,3,2,9
58586,9,9,9,2,7,1,5,7,2,0,5
58587,7,1,0,3,4,6,1,5,7,3,4
58588,1,7,6,2,0,8,0,9,5,6,5
58589,0,4,5,0,2,9,4,4,6,8,2
58590,6,5,2,7,1,5,9,2,3,2,9
58591,9,9,9,2,7,1,5,7,2,0,5
58592,4,5,8,9,3,4,3,0,8,7,3
58593,1,7,6,2,0,8,0,9,5,6,5
58594,3,0,1,4,5,3,2,6,1,1,1
58595,8,2,7,5,9,7,8,4,6,9,8
58596,5,8,3,1,6,0,7,1,4,4,7
58597,9,9,9,2,7,1,5,7,2,0,5
58598,4,5,8,9,3,4,3,0,8,7,3
58599,2,3,4,6,8,2,6,3,9,5,6
58600,1,7,6,2,0,8,0,9,5,6,5
58601,6,9,2,7,1,5,9,2,3,2,9
58602,7,1,0,3,4,6,1,5,7,3,4
58603,0,4,7,0,2,7,4,1,4,8,0
58604,2,3,4,6,8,2,6,8,9,5,6
58605,4,5,8,9,3,4,3,0,8,7,3
58606,0,4,5,0,2,9,4,4,6,8,2
58607,2,3,4,6,8,2,6,8,9,5,6
58608,0,4,7,0,2,7,4,4,6,8,0
58609,2,3,4,6,8,2,6,3,9,5,6
58610,1,7,6,2,0,8,0,9,5,6,5
58611,6,3,2,7,1,5,9,2,3,2,9
58612,2,3,4,3,8,2,6,8,7,5,6
58613,8,2,7,5,9,7,8,4,6,9,8
58614,8,2,5,5,9,9,8,4,6,9,8
58615,8,2,4,5,9,2,8,4,9,9,8
58616,0,4,7,0,2,7,4,4,6,8,0
58617,2,0,4,4,8,2,6,3,1,5,6
58618,9,9,9,2,7,1,5,7,2,0,5
58619,2,3,4,6,8,2,6,8,9,5,6
58620,7,1,0,3,4,6,1,5,7,3,4
58621,0,4,7,0,2,7,4,4,6,8,0
58622,2,3,4,6,8,2,6,8,9,5,0
58623,4,5,8,9,3,4,3,3,8,7,3
58624,0,4,5,0,2,9,4,4,6,8,2
58625,2,3,4,6,8,2,6,8,9,5,6
58626,2,3,4,6,8,2,6,3,9,5,3
58627,0,4,7,0,2,7,4,4,6,8,0
58628,6,5,2,7,1,5,9,2,3,2,9
58629,4,5,8,9,3,4,3,3,8,7,3
58630,9,9,7,2,7,7,5,7,2,0,8
58631,8,2,5,5,9,9,8,4,6,9,2
58632,2,3,4,6,8,2,6,8,9,5,6
58633,2,3,4,6,8,2,6,8,9,5,6
58634,0,4,7,0,2,7,4,4,6,8,0
58635,8,4,5,0,2,9,4,4,6,8,2
58636,2,3,4,6,8,2,6,8,9,5,6
58637,0,4,7,0,2,7,4,1,4,8,0
58638,6,9,2,7,1,5,9,2,3,2,9
58639,0,4,7,0,2,7,4,4,6,8,0
58640,7,1,0,3,4,6,1,5,7,3,4
58641,0,4,7,0,2,7,4,4,6,8,0
58642,7,1,0,3,4,6,1,5,7,3,4
58643,0,3,4,6,2,2,4,8,9,8,0
58644,9,9,9,2,7,1,5,7,2,0,5
58645,2,0,4,6,8,2,6,3,1,5,6
58646,2,3,4,6,8,2,6,8,9,5,6
58647,2,3,4,6,8,2,6,3,9,5,6
58648,1,7,6,2,0,8,0,9,5,6,5
58649,2,7,6,2,8,8,6,3,5,5,5
58650,0,4,7,0,2,7,4,4,6,8,0
58651,1,7,6,2,0,8,0,9,5,6,5
58652,4,5,8,9,3,4,3,0,8,7,3
58653,2,3,4,6,8,2,6,8,9,5,6
58654,0,4,4,0,2,2,4,8,9,8,0
58655,2,3,4,6,8,2,6,8,9,5,6
58656,7,1,0,3,4,6,1,5,7,3,4
58657,9,9,9,6,7,1,5,8,2,0,5
58658,2,0,4,4,8,2,6,3,1,5,6
58659,2,3,4,6,8,2,6,3,9,5,6
58660,0,4,3,0,2,0,4,1,4,8,0
58661,9,9,7,2,7,7,5,7,2,0,5
58662,1,7,6,2,0,8,0,9,5,6,5
58663,0,4,7,0,2,7,4,8,9,8,0
58664,7,1,0,3,4,6,1,5,7,3,4
58665,2,0,4,4,8,2,6,3,1,5,6
58666,2,3,4,6,8,2,6,8,9,5,6
58667,7,1,0,3,4,6,1,5,7,3,4
58668,2,0,4,4,8,2,6,6,1,5,6
58669,4,5,8,9,3,4,3,3,8,7,3
58670,6,5,2,7,1,5,9,2,3,2,9
58671,0,4,5,0,2,9,4,4,6,8,2
58672,9,9,9,2,7,1,5,7,2,0,5
58673,1,7,6,2,0,8,0,9,5,6,5
58674,2,3,4,6,8,2,6,8,9,5,6
58675,9,9,9,2,7,1,5,7,2,0,5
58676,0,4,7,0,2,7,4,1,6,8,0
58677,9,9,9,2,7,1,5,7,2,0,5
58678,7,1,0,3,4,6,1,5,7,3,4
58679,2,3,4,6,8,2,6,8,9,5,6
58680,0,4,7,0,2,7,4,4,6,8,0
58681,0,4,5,0,2,9,4,4,6,8,2
58682,4,5,8,9,3,4,3,3,8,7,3
58683,0,4,5,0,2,9,4,4,6,8,2
58684,0,4,7,0,2,7,4,4,6,8,0
58685,9,9,9,2,7,1,5,7,2,0,5
58686,4,5,8,9,3,4,3,0,8,7,3
58687,8,2,5,5,9,9,8,4,6,9,8
58688,2,3,4,6,8,2,6,8,9,5,6
58689,9,9,9,2,7,1,5,7,2,0,5
58690,0,4,5,0,2,9,4,4,6,8,2
58691,9,9,9,2,7,1,5,7,2,0,5
58692,8,2,7,5,9,7,8,4,6,9,8
58693,2,3,4,6,8,2,6,8,9,5,6
58694,2,3,4,6,8,2,6,3,9,5,6
58695,4,5,8,9,3,4,3,3,8,7,3
58696,0,4,7,0,2,7,4,4,6,8,0
58697,9,9,7,2,7,7,5,9,2,0,5
58698,8,2,7,5,9,7,8,4,6,9,8
58699,0,4,7,0,2,7,4,4,6,8,0
58700,2,3,4,6,8,2,6,8,9,5,6
58701,0,4,7,0,2,7,4,4,6,8,2
58702,9,9,9,2,7,1,5,7,2,0,5
58703,8,2,7,5,9,7,8,4,6,9,8
58704,6,9,2,7,1,5,9,2,3,2,9
58705,6,5,2,7,1,5,9,2,3,2,9
58706,0,4,3,0,2,0,4,1,4,8,0
58707,2,3,4,6,8,2,6,8,9,5,6
58708,8,2,5,5,9,9,8,4,6,9,2
58709,1,7,6,2,0,8,0,9,5,6,5
58710,6,5,2,7,1,5,9,2,3,2,9
58711,7,1,0,3,4,6,1,5,7,3,4
58712,0,4,7,0,2,7,4,1,4,8,0
58713,2,3,4,6,8,2,6,8,9,5,6
58714,4,5,8,9,3,4,3,0,8,7,3
58715,0,4,5,0,2,9,4,4,6,8,2
58716,2,3,4,6,8,2,6,8,9,5,6
58717,8,2,7,5,9,7,8,4,6,9,8
58718,3,6,1,8,5,3,2,6,0,1,1
58719,9,9,9,2,7,1,5,7,2,0,5
58720,6,5,2,7,1,5,9,2,3,2,9
58721,7,1,0,3,4,6,1,5,7,3,4
58722,0,4,7,0,2,7,4,4,6,8,0
58723,7,1,0,3,4,6,1,5,7,3,4
58724,4,5,8,9,3,4,3,0,8,7,3
58725,8,2,5,5,9,9,8,4,6,9,8
58726,3,0,1,4,5,3,2,6,1,1,1
58727,9,9,9,2,7,1,5,7,2,0,5
58728,6,5,2,7,1,5,9,2,3,2,9
58729,7,1,0,3,4,6,1,5,7,3,4
58730,8,4,7,5,9,7,8,4,6,9,0
58731,2,3,4,6,8,2,6,8,9,5,6
58732,4,5,8,9,3,4,3,0,8,7,3
58733,8,2,5,5,9,9,8,4,6,9,8
58734,9,9,9,2,7,1,5,7,2,0,5
58735,8,2,7,5,9,7,8,4,6,9,8
58736,2,3,4,6,8,2,6,8,9,5,6
58737,1,7,6,2,0,8,0,9,5,6,5
58738,2,1,4,3,8,2,6,5,7,5,6
58739,7,1,0,3,4,6,1,5,7,3,4
58740,7,1,0,3,4,6,1,5,7,3,4
58741,9,9,9,2,7,1,5,7,2,0,5
58742,8,2,7,5,9,7,8,4,6,9,8
58743,3,6,1,8,5,3,2,6,0,1,1
58744,8,2,7,5,9,7,8,4,6,9,8
58745,9,9,9,2,7,1,5,7,2,0,5
58746,0,4,3,0,2,0,4,1,4,8,0
58747,2,3,4,6,8,2,6,8,9,5,6
58748,9,9,9,2,7,1,5,7,2,0,5
58749,5,8,7,1,6,7,7,1,4,4,7
58750,8,2,5,5,9,9,8,4,6,9,8
58751,0,4,5,0,2,9,4,4,6,8,2
58752,9,9,9,2,7,1,5,7,2,0,5
58753,2,3,4,6,8,2,6,8,9,5,6
58754,3,0,1,4,5,3,2,6,1,1,1
58755,4,5,8,9,3,4,3,3,8,7,3
58756,2,1,4,3,8,2,6,5,7,5,6
58757,2,3,4,6,8,2,6,3,9,5,6
58758,7,1,0,3,4,6,1,5,7,3,4
58759,7,1,0,3,4,6,1,5,7,3,4
58760,7,1,0,3,4,6,1,5,7,3,4
58761,8,2,7,5,9,7,8,4,6,9,8
58762,9,9,9,6,7,1,5,7,2,0,5
58763,9,9,9,2,7,1,5,7,2,0,5
58764,8,2,7,5,9,7,8,4,6,9,8
58765,3,0,1,4,5,3,2,6,1,1,1
58766,4,5,8,9,3,4,3,0,8,7,3
58767,9,9,9,2,7,1,5,7,2,0,5
58768,2,0,4,4,8,2,6,3,1,5,6
58769,3,6,1,8,5,3,2,6,0,1,1
58770,4,5,8,9,3,4,3,3,8,7,3
58771,6,5,2,7,1,5,9,2,3,2,9
58772,9,9,9,2,7,1,5,7,2,0,5
58773,9,9,9,2,7,1,5,7,2,0,5
58774,2,3,4,6,8,2,6,8,9,5,6
58775,5,8,7,1,6,7,7,1,4,4,7
58776,9,9,9,2,7,1,5,9,2,0,5
58777,9,9,9,2,7,1,5,7,2,0,5
58778,8,2,5,5,9,9,8,4,6,9,8
58779,2,3,4,6,8,2,6,8,9,5,6
58780,8,2,7,5,9,7,8,4,6,9,8
58781,4,5,8,9,3,4,3,0,8,7,3
58782,3,6,1,8,5,3,2,6,0,1,1
58783,5,8,3,1,6,0,7,1,4,4,7
58784,3,6,1,8,5,3,2,6,0,1,1
58785,7,3,0,3,4,6,1,8,9,3,6
58786,4,5,8,9,3,4,3,0,8,7,3
58787,9,9,9,2,7,1,5,7,2,0,5
58788,8,2,7,5,9,7,8,4,6,9,8
58789,9,9,9,2,7,1,5,7,2,0,5
58790,8,2,7,5,9,7,8,3,6,9,8
58791,5,8,3,1,6,0,7,1,4,4,7
58792,8,2,7,5,9,7,8,4,6,9,8
58793,2,3,4,6,8,2,6,8,9,5,6
58794,2,0,4,7,8,2,6,3,3,5,6
58795,5,8,7,1,6,7,7,1,6,4,7
58796,0,4,7,0,2,7,4,4,6,8,0
58797,0,2,7,0,2,7,4,1,4,8,8
58798,4,5,8,9,3,4,3,0,8,7,3
58799,2,0,4,4,8,2,6,3,1,5,6
58800,6,5,2,7,1,5,9,2,3,2,9
58801,6,5,2,7,1,5,9,2,3,2,9
58802,7,1,0,3,4,6,1,3,7,3,4
58803,7,1,0,3,4,6,1,5,7,3,4
58804,8,2,7,5,9,7,8,4,6,9,8
58805,9,9,9,5,7,1,5,7,2,0,8
58806,9,9,9,2,7,1,5,7,2,0,5
58807,4,5,8,9,3,4,3,0,8,7,3
58808,2,3,4,6,8,2,6,3,9,5,6
58809,3,6,1,8,5,3,2,6,0,1,1
58810,1,7,6,2,0,8,0,9,5,6,5
58811,6,5,2,7,1,5,9,2,3,2,9
58812,7,1,0,3,4,6,1,5,7,3,4
58813,5,8,3,1,6,0,7,1,4,4,7
58814,7,1,0,3,4,6,1,5,7,3,4
58815,4,5,8,9,3,4,3,0,8,7,3
58816,5,8,3,1,6,0,7,1,4,4,2
58817,7,1,0,3,4,6,1,5,7,3,4
58818,0,4,3,0,2,0,4,1,4,8,0
58819,3,6,1,8,5,3,2,6,0,1,1
58820,1,7,6,2,0,8,0,9,5,6,5
58821,6,5,2,7,1,5,9,2,3,2,9
58822,7,1,0,3,4,6,1,5,7,3,4
58823,5,8,3,1,6,0,7,1,4,4,7
58824,7,1,0,3,4,6,1,5,7,3,4
58825,4,5,8,9,3,4,3,0,8,7,3
58826,5,8,3,1,6,0,7,1,4,4,7
58827,7,3,0,6,4,6,1,8,9,3,4
58828,0,4,3,0,2,0,4,1,4,8,0
58829,3,6,1,8,5,3,2,6,0,1,1
58830,1,7,6,2,0,8,0,9,5,6,5
58831,6,5,2,7,1,5,9,2,3,2,9
58832,0,4,5,0,2,9,4,4,6,8,0
58833,5,8,3,1,6,0,7,0,4,4,7
58834,7,1,0,3,4,6,1,5,7,3,4
58835,4,5,8,9,3,4,3,3,8,7,3
58836,5,8,3,1,6,0,7,1,4,4,7
58837,7,1,0,3,4,6,1,5,7,3,4
58838,0,4,3,0,2,0,4,1,4,8,0
58839,4,5,8,9,3,4,3,0,8,7,3
58840,5,8,3,1,6,0,7,1,4,4,0
58841,6,5,2,7,1,5,9,2,3,2,9
58842,4,5,8,9,3,4,3,0,8,7,3
58843,5,8,3,1,6,0,7,1,4,4,7
58844,0,8,3,1,6,0,7,1,4,4,2
58845,7,1,0,3,4,6,1,5,7,3,4
58846,7,1,0,3,4,6,1,5,7,3,4
58847,5,5,3,1,3,0,7,0,4,7,7
58848,5,8,3,1,6,0,7,1,4,4,2
58849,7,1,0,3,4,6,1,5,7,3,4
58850,0,4,3,0,2,0,4,1,4,8,0
58851,6,5,2,7,1,5,9,2,3,2,9
58852,0,4,3,0,2,0,4,1,4,8,0
58853,7,1,0,3,4,6,1,5,7,3,4
58854,0,4,3,0,2,0,4,1,4,8,0
58855,7,1,0,3,4,6,1,5,7,3,4
58856,7,1,0,3,4,6,1,5,7,3,4
58857,6,5,2,7,1,5,9,2,3,2,9
58858,3,6,1,8,5,3,2,6,0,1,1
58859,0,4,3,0,2,0,4,1,4,8,0
58860,7,1,0,3,4,6,1,5,7,3,4
58861,3,6,1,8,5,3,2,6,0,1,1
58862,7,1,0,3,4,6,1,5,7,3,4
58863,4,5,8,9,3,4,3,0,8,7,3
58864,3,6,1,8,5,3,2,6,0,1,1
58865,1,7,6,2,0,8,0,9,5,6,5
58866,3,6,1,8,5,3,2,6,0,1,1
58867,5,8,3,1,6,0,7,1,4,4,7
58868,6,5,2,7,1,5,9,2,3,2,9
58869,4,5,8,9,3,4,3,0,8,7,3
58870,2,3,4,6,8,2,6,3,9,5,6
58871,5,8,3,1,6,0,7,1,4,4,0
58872,7,1,0,3,4,6,1,5,7,3,4
58873,0,4,7,0,2,7,4,1,4,8,0
58874,7,1,0,3,4,6,1,5,7,3,4
58875,5,8,3,1,6,0,7,1,4,4,7
58876,1,7,6,2,0,8,0,9,5,6,5
58877,7,1,0,3,4,6,1,5,7,3,4
58878,7,1,0,3,4,6,1,5,7,3,4
58879,3,6,1,8,5,3,2,6,0,1,1
58880,7,1,0,3,4,6,1,5,7,3,4
58881,7,1,0,3,4,6,1,5,7,3,4
58882,3,6,1,8,5,3,2,6,0,1,1
58883,4,5,8,9,3,4,3,0,8,7,3
58884,6,5,2,7,1,5,9,2,3,2,9
58885,5,8,3,1,6,0,7,1,4,4,2
58886,1,7,6,2,0,8,0,9,5,6,5
58887,1,7,6,2,0,8,0,9,5,6,5
58888,7,1,0,3,4,6,1,5,7,3,4
58889,1,7,6,2,0,8,0,9,5,6,5
58890,0,4,5,0,2,9,4,4,6,8,2
58891,9,7,9,2,7,1,5,7,2,0,5
58892,7,1,0,3,4,6,1,5,7,3,4
58893,7,1,0,3,4,6,1,5,7,3,4
58894,7,1,0,3,4,6,1,5,7,3,4
58895,5,8,3,1,6,0,7,1,4,4,7
58896,6,5,2,7,1,5,9,2,3,2,9
58897,3,6,1,8,5,3,2,6,0,1,1
58898,0,8,3,1,6,0,4,1,4,4,0
58899,0,8,3,1,6,0,4,1,4,4,2
58900,4,5,8,9,3,4,3,0,8,7,3
58901,0,4,5,0,2,9,4,1,4,8,2
58902,5,8,3,1,6,0,7,1,4,4,7
58903,9,9,9,2,7,1,5,7,2,0,5
58904,4,5,8,9,3,4,3,0,8,7,3
58905,7,1,0,3,4,6,1,5,7,3,4
58906,5,8,3,1,6,0,7,1,4,4,0
58907,0,4,3,0,2,0,4,1,4,8,2
58908,7,1,0,3,4,6,1,5,7,3,4
58909,1,7,6,2,0,8,0,9,5,6,5
58910,6,5,2,7,1,5,9,2,3,2,9
58911,4,5,8,9,3,4,3,0,8,7,3
58912,0,4,5,0,2,9,4,4,6,8,2
58913,9,9,9,2,7,1,5,7,2,0,5
58914,0,4,3,0,2,0,4,1,4,8,0
58915,7,1,0,3,4,6,1,5,7,3,4
58916,3,6,1,8,5,3,2,6,0,1,1
58917,4,5,8,9,3,4,3,0,8,7,3
58918,5,8,3,1,6,0,7,1,4,4,7
58919,5,8,3,1,6,0,7,1,4,4,7
58920,0,4,7,0,2,7,4,1,4,8,0
58921,0,4,3,0,2,0,4,1,4,8,0
58922,4,5,8,9,3,4,3,0,8,7,3
58923,6,5,2,7,1,5,9,2,3,2,9
58924,7,1,0,3,4,6,1,5,7,3,4
58925,0,8,3,0,2,0,4,1,4,8,2
58926,1,7,6,2,0,8,0,9,5,6,5
58927,0,4,3,0,2,0,4,1,4,8,0
58928,6,5,2,7,1,5,9,2,3,2,9
58929,6,5,2,7,1,5,9,2,3,2,9
58930,7,1,0,3,4,6,1,5,7,3,4
58931,7,1,0,3,4,6,1,5,7,3,4
58932,0,4,5,0,2,9,4,1,4,8,2
58933,7,1,0,3,4,6,1,5,7,3,4
58934,3,6,1,8,5,3,2,6,0,1,1
58935,1,9,9,2,0,1,5,7,5,6,5
58936,6,5,2,7,1,5,9,2,3,2,9
58937,2,3,4,6,8,2,6,5,9,5,6
58938,0,4,7,0,2,7,4,1,4,8,0
58939,2,3,4,6,8,2,6,3,9,5,6
58940,4,5,8,9,3,4,3,0,8,7,3
58941,0,4,5,0,2,9,4,4,6,8,2
58942,2,3,4,6,8,2,6,8,9,5,6
58943,3,6,1,8,5,3,2,6,0,1,1
58944,1,7,6,2,0,8,0,9,5,6,5
58945,6,5,2,7,1,5,9,2,3,2,9
58946,7,1,0,3,4,6,1,5,7,3,4
58947,0,8,3,1,6,0,4,1,4,4,0
58948,2,1,4,3,8,2,6,5,7,5,6
58949,4,5,8,9,3,4,3,0,8,7,3
58950,0,4,5,0,2,9,4,1,4,8,2
58951,2,3,4,6,8,2,6,8,9,5,6
58952,3,0,1,4,5,3,2,6,1,1,1
58953,9,9,9,2,7,1,5,7,2,0,5
58954,6,5,2,7,1,5,9,2,3,2,9
58955,7,1,0,3,4,6,1,5,7,3,4
58956,0,4,7,0,2,7,4,1,4,8,0
58957,2,2,4,6,8,2,6,3,6,5,6
58958,4,5,8,9,3,4,3,0,8,7,3
58959,0,4,5,0,2,9,4,4,6,8,2
58960,2,3,4,6,8,2,6,8,9,5,6
58961,8,2,9,2,9,1,8,4,6,9,5
58962,6,5,2,7,1,5,9,2,3,2,9
58963,9,9,9,2,7,1,5,7,2,0,5
58964,6,5,2,7,1,5,9,2,3,2,9
58965,9,9,9,2,7,1,5,7,2,0,5
58966,7,1,4,3,8,2,1,3,7,5,6
58967,8,2,7,5,9,7,8,4,6,9,8
58968,0,4,7,0,2,7,4,4,6,8,0
58969,2,3,4,6,8,2,6,8,9,5,6
58970,8,2,4,5,9,2,8,3,6,9,8
58971,2,3,4,6,8,2,6,8,9,5,6
58972,8,2,5,5,9,9,8,4,6,9,2
58973,3,6,1,8,5,3,2,6,0,1,1
58974,8,4,5,0,2,9,4,4,6,8,2
58975,8,4,5,0,2,9,8,4,6,8,2
58976,2,4,7,0,8,7,6,3,4,5,0
58977,0,4,5,0,2,9,4,1,4,8,2
58978,8,4,7,5,9,7,8,4,6,9,2
58979,8,4,7,0,2,7,4,4,6,8,0
58980,9,9,9,2,7,1,5,7,2,0,5
58981,8,2,5,5,9,9,8,4,6,9,8
58982,3,0,1,4,5,3,2,6,1,1,1
58983,2,1,4,3,8,2,6,5,7,5,6
58984,8,2,7,5,9,7,8,4,6,9,8
58985,9,9,9,2,7,1,5,7,2,0,5
58986,0,4,7,0,2,7,4,4,6,8,0
58987,0,4,7,0,2,7,4,4,6,8,0
58988,8,2,5,5,9,9,8,4,6,9,2
58989,9,9,9,2,7,1,5,3,2,0,8
58990,2,3,4,6,8,2,6,8,9,5,6
58991,9,9,9,2,7,1,5,7,2,0,5
58992,8,2,7,5,9,7,8,4,6,9,8
58993,2,3,4,6,8,2,6,8,9,5,6
58994,8,2,7,5,9,7,8,4,6,9,8
58995,9,9,9,2,7,1,5,7,2,0,5
58996,2,3,4,6,8,2,6,8,9,5,6
58997,4,5,8,9,3,4,3,0,8,7,3
58998,4,5,8,9,3,4,3,0,8,7,3
58999,8,2,7,5,9,7,8,4,6,9,8
59000,4,5,8,9,3,4,3,0,8,7,3
59001,2,3,4,6,8,2,6,8,9,5,6
59002,2,0,4,4,8,2,6,3,1,5,6
59003,8,2,5,5,9,9,8,4,6,9,2
59004,6,5,2,7,1,5,9,2,3,2,9
59005,2,0,4,4,8,2,6,3,1,5,6
59006,0,4,7,0,2,7,4,4,6,8,0
59007,6,5,2,7,1,5,9,2,3,2,9
59008,4,5,8,8,3,4,3,0,8,7,7
59009,6,9,2,7,1,5,9,2,3,2,9
59010,9,9,9,2,7,1,5,7,2,0,5
59011,6,5,2,7,1,5,9,2,3,2,9
59012,3,6,1,8,5,3,2,6,0,1,1
59013,2,3,4,6,8,2,6,8,9,5,6
59014,2,3,4,6,8,2,6,2,9,5,6
59015,2,3,4,6,8,2,6,8,9,5,6
59016,2,3,4,6,8,2,6,8,9,5,6
59017,3,6,1,8,5,3,2,6,0,1,1
59018,2,3,4,6,8,2,6,8,9,5,8
59019,8,2,5,5,9,9,8,4,6,9,8
59020,8,2,7,5,9,7,8,4,6,9,8
59021,8,2,7,5,9,7,8,4,6,9,8
59022,2,7,4,2,8,2,6,3,2,5,5
59023,3,0,1,4,5,3,2,6,1,1,1
59024,0,4,7,0,2,7,4,4,6,8,0
59025,0,4,5,0,2,9,4,4,6,8,2
59026,0,4,7,0,2,7,4,4,6,8,0
59027,0,4,7,0,2,7,4,4,6,8,0
59028,1,7,6,2,0,8,0,9,5,6,5
59029,4,5,8,9,3,4,3,0,8,7,7
59030,6,5,2,7,1,5,9,2,3,2,9
59031,0,4,5,0,2,9,4,1,4,8,2
59032,4,5,8,9,3,4,3,0,8,7,7
59033,9,9,9,2,7,1,5,7,2,0,5
59034,2,3,4,6,8,2,6,8,9,5,6
59035,4,5,8,9,3,4,3,0,8,7,3
59036,1,7,6,2,0,8,0,9,5,6,5
59037,3,6,1,8,5,3,2,6,0,1,1
59038,7,1,0,3,4,6,1,5,7,3,4
59039,4,5,8,9,3,4,3,0,8,7,7
59040,6,5,2,7,1,5,9,2,3,2,9
59041,1,7,6,2,0,8,0,9,5,6,5
59042,0,4,7,0,2,7,4,1,4,8,0
59043,3,6,1,8,5,3,2,6,0,1,1
59044,9,9,9,2,7,1,5,7,2,0,5
59045,6,5,2,7,1,5,9,2,3,2,9
59046,7,1,0,3,4,6,1,5,7,3,4
59047,0,4,7,0,2,7,4,3,6,8,0
59048,8,2,5,5,9,9,8,4,6,9,2
59049,2,3,4,6,8,2,6,8,9,5,6
59050,8,2,7,5,9,7,8,4,6,9,8
59051,3,6,1,8,5,3,2,6,0,1,1
59052,9,9,9,2,7,1,5,7,2,0,5
59053,6,5,2,7,1,5,9,2,3,2,9
59054,7,1,0,3,4,6,1,5,7,3,4
59055,5,8,7,1,6,7,7,1,4,4,7
59056,8,2,5,5,9,9,8,4,6,9,8
59057,2,3,7,6,8,7,6,3,9,5,8
59058,8,2,5,5,9,9,8,4,6,9,8
59059,3,0,1,4,5,3,2,6,1,1,1
59060,9,9,9,2,7,1,5,7,2,0,5
59061,6,5,2,7,1,5,9,2,3,2,9
59062,2,3,4,6,8,2,6,8,9,5,6
59063,5,8,7,1,6,7,7,1,4,4,7
59064,8,2,7,5,9,7,8,4,6,9,8
59065,4,5,8,9,3,4,3,0,8,7,3
59066,8,2,5,5,9,9,8,4,6,9,8
59067,2,3,4,6,8,2,6,8,9,5,6
59068,8,2,5,5,9,9,8,4,6,9,2
59069,0,4,7,0,2,7,4,4,6,8,0
59070,2,1,4,3,8,2,6,5,7,5,6
59071,9,9,9,2,7,1,5,7,2,0,5
59072,2,3,4,6,8,2,6,8,9,5,6
59073,4,5,8,9,3,4,3,0,8,7,3
59074,9,9,9,2,7,1,5,7,2,0,5
59075,9,9,9,2,7,1,5,7,2,0,5
59076,6,5,2,7,1,5,9,2,3,2,9
59077,8,2,7,5,9,7,8,4,6,9,8
59078,3,0,1,4,5,3,2,6,1,1,1
59079,8,2,7,5,9,7,8,4,6,9,8
59080,8,2,7,5,9,7,8,4,6,9,8
59081,2,3,4,6,8,2,6,5,9,5,6
59082,8,2,5,5,9,9,8,4,6,9,8
59083,0,4,5,0,2,9,4,4,6,8,2
59084,8,2,7,5,9,7,8,4,6,9,8
59085,9,9,9,2,7,1,5,7,2,0,5
59086,2,3,4,6,8,2,6,8,9,5,6
59087,0,4,7,0,2,7,4,4,6,8,0
59088,8,2,5,5,9,9,8,4,6,9,8
59089,8,2,7,5,9,7,8,3,6,9,8
59090,2,3,4,6,8,2,6,8,9,5,6
59091,8,2,7,5,9,7,8,3,2,9,8
59092,7,1,0,3,4,6,1,5,7,3,4
59093,6,5,2,7,1,5,9,2,3,2,9
59094,6,5,2,7,1,5,9,2,3,2,9
59095,3,6,1,8,5,3,2,6,0,1,1
59096,8,2,7,5,9,7,8,3,6,9,8
59097,2,3,4,6,8,2,6,8,9,5,6
59098,4,5,8,9,3,4,3,0,8,7,3
59099,3,0,1,4,5,3,2,6,1,1,1
59100,7,1,0,3,4,6,1,5,7,3,4
59101,2,3,4,6,8,2,6,8,9,5,7
59102,9,9,9,2,7,1,5,7,2,0,5
59103,3,0,1,4,5,3,2,6,1,1,1
59104,7,1,0,3,4,6,1,5,7,3,4
59105,3,6,1,8,5,3,2,6,0,1,1
59106,0,4,7,0,2,7,4,1,4,8,0
59107,8,2,5,5,9,9,8,4,6,9,8
59108,0,4,7,0,2,7,4,4,6,8,0
59109,8,2,7,5,9,7,8,4,6,9,8
59110,6,5,2,7,1,5,9,2,3,2,9
59111,8,2,7,5,9,7,8,4,6,9,8
59112,9,9,9,2,7,1,5,7,2,0,5
59113,5,8,3,1,6,0,7,1,4,4,7
59114,9,9,9,2,7,1,5,7,2,0,5
59115,8,2,5,5,9,9,8,4,6,9,8
59116,9,9,9,2,7,1,5,7,2,0,5
59117,4,5,8,9,3,4,3,0,8,7,3
59118,8,4,5,0,2,9,4,4,6,8,2
59119,7,1,0,3,4,6,1,5,7,3,4
59120,7,1,0,3,4,6,1,5,7,3,4
59121,4,5,8,9,3,4,3,0,8,7,3
59122,6,5,2,7,1,5,9,2,3,2,9
59123,2,3,4,6,8,2,6,8,9,5,6
59124,8,2,5,5,9,9,8,4,6,9,8
59125,4,5,8,9,3,4,3,0,8,7,3
59126,5,8,3,1,6,0,7,3,4,4,0
59127,0,4,7,0,2,7,4,4,6,8,0
59128,8,2,7,5,9,7,8,4,6,9,8
59129,2,3,4,6,8,2,6,8,9,5,6
59130,6,5,2,7,1,5,9,2,3,2,9
59131,0,4,7,0,2,7,4,4,6,8,0
59132,4,5,8,9,3,4,3,0,8,7,3
59133,9,2,7,2,9,7,8,3,2,9,8
59134,2,3,4,6,8,2,6,3,9,5,6
59135,8,2,7,5,9,7,8,4,6,9,8
59136,2,3,4,6,8,2,6,3,9,5,6
59137,7,1,0,3,4,6,1,5,7,3,4
59138,8,2,5,5,9,9,8,4,6,9,2
59139,8,2,7,5,9,7,8,4,6,9,8
59140,8,2,5,5,9,9,8,4,6,9,2
59141,4,5,8,9,3,4,3,3,8,7,3
59142,3,6,1,8,5,3,2,6,0,1,1
59143,3,0,1,4,5,3,2,6,1,1,1
59144,0,4,7,0,2,7,4,1,4,8,0
59145,4,5,8,9,3,4,3,0,8,7,3
59146,4,5,8,9,3,4,3,0,8,7,3
59147,8,2,7,5,9,7,8,4,6,9,8
59148,3,6,1,8,5,3,2,6,0,1,1
59149,9,9,9,2,7,1,5,7,2,0,5
59150,9,9,9,2,7,1,5,7,2,0,5
59151,7,1,0,3,4,6,1,5,7,3,4
59152,6,5,2,7,1,5,9,2,3,2,9
59153,9,9,9,2,7,1,5,7,2,0,5
59154,3,0,1,4,5,3,2,6,1,1,1
59155,3,6,1,8,5,3,2,6,0,1,1
59156,9,9,9,2,7,1,5,7,2,0,5
59157,6,5,2,7,1,5,9,2,3,2,9
59158,7,1,0,3,4,6,1,5,7,3,4
59159,8,2,7,5,9,7,8,4,6,9,8
59160,2,0,4,4,8,2,6,3,1,5,6
59161,5,5,8,1,6,4,7,0,8,4,7
59162,0,4,5,0,2,9,4,4,6,8,2
59163,2,3,4,6,8,2,6,8,9,5,6
59164,8,2,7,5,9,7,8,4,6,9,8
59165,3,6,1,8,5,3,2,6,0,1,1
59166,9,9,9,2,7,1,5,7,2,0,5
59167,6,5,2,7,1,5,9,2,3,2,9
59168,6,3,2,7,1,5,9,2,3,2,9
59169,8,2,7,5,9,7,8,4,6,9,8
59170,2,0,4,4,8,2,6,3,1,5,6
59171,4,5,8,9,3,4,3,0,8,7,3
59172,0,4,5,0,2,9,4,1,4,8,2
59173,2,3,4,6,8,2,6,8,9,5,6
59174,8,2,7,5,9,7,8,4,6,9,0
59175,3,0,1,4,5,3,2,6,1,1,1
59176,9,9,9,2,7,1,5,7,2,0,5
59177,6,5,2,7,1,5,9,2,3,2,9
59178,7,1,0,3,4,6,1,5,7,3,4
59179,8,2,7,5,9,7,8,4,6,9,8
59180,2,0,4,4,8,2,6,3,1,5,6
59181,5,5,8,9,3,4,3,0,8,7,7
59182,8,2,5,5,9,9,8,4,6,9,2
59183,2,3,4,6,8,2,6,8,9,5,6
59184,8,2,7,5,9,7,8,4,6,9,8
59185,8,2,7,5,9,7,8,4,6,9,8
59186,6,5,2,7,1,5,9,2,3,2,9
59187,3,0,1,4,5,3,2,6,1,1,1
59188,6,5,2,7,1,5,9,2,3,2,9
59189,9,9,9,2,7,1,5,7,2,0,5
59190,2,0,4,4,8,2,6,3,1,5,6
59191,8,2,7,5,9,7,8,4,6,9,8
59192,4,5,8,9,3,4,3,0,8,7,3
59193,2,0,4,4,8,2,6,3,1,5,6
59194,8,4,7,5,9,7,8,4,6,9,8
59195,2,3,4,7,8,2,6,2,3,5,6
59196,2,0,4,4,8,2,6,3,1,5,6
59197,4,5,8,9,3,4,3,0,8,7,3
59198,8,2,5,5,9,9,8,4,6,9,2
59199,9,9,9,2,7,1,5,7,2,0,5
59200,9,9,9,2,7,1,5,7,2,0,5
59201,2,0,4,4,8,2,6,3,1,5,6
59202,6,5,2,7,1,5,9,2,3,2,9
59203,3,0,1,4,5,3,2,6,1,1,1
59204,8,2,5,5,9,9,8,4,6,9,8
59205,8,2,7,5,9,7,8,4,6,9,8
59206,4,5,8,9,3,4,3,0,8,7,3
59207,9,9,9,2,7,1,5,7,2,0,5
59208,4,5,8,9,3,4,3,0,8,7,3
59209,8,2,5,5,9,9,8,4,6,9,2
59210,8,2,7,5,9,7,8,4,6,9,8
59211,0,4,7,0,2,7,4,4,6,8,0
59212,2,3,4,6,8,2,6,8,9,5,6
59213,8,2,5,5,9,9,8,4,6,9,2
59214,8,2,7,5,9,7,8,4,6,9,8
59215,2,3,4,6,8,2,6,8,9,5,6
59216,2,3,4,6,8,2,6,3,9,5,6
59217,4,5,8,9,3,4,3,0,8,7,3
59218,6,5,2,7,1,5,9,2,3,2,9
59219,8,2,7,5,9,7,8,4,6,9,8
59220,2,3,4,6,8,2,6,8,9,5,6
59221,0,4,7,0,2,7,4,4,6,8,0
59222,6,5,2,7,1,5,9,2,3,2,9
59223,6,5,2,7,1,5,9,2,3,2,9
59224,2,3,4,6,8,2,6,8,9,5,6
59225,3,0,1,4,5,3,2,6,1,1,1
59226,5,5,8,9,3,4,7,0,8,7,7
59227,8,2,7,5,9,7,8,4,6,9,8
59228,6,1,2,7,1,5,9,2,3,2,9
59229,6,5,2,7,1,5,9,2,3,2,9
59230,9,9,9,2,7,1,5,7,2,0,5
59231,6,5,2,7,1,5,9,2,3,2,9
59232,8,2,7,5,9,7,8,4,6,9,8
59233,9,9,9,2,7,1,5,7,2,0,5
59234,2,3,4,6,8,2,6,3,9,5,6
59235,2,3,4,6,8,2,6,8,9,5,6
59236,8,2,7,5,9,7,8,4,6,9,0
59237,4,5,8,9,3,4,3,0,8,7,3
59238,8,2,7,5,9,7,8,4,6,9,8
59239,6,3,2,7,1,5,9,2,3,2,9
59240,8,2,7,5,9,7,8,4,6,9,8
59241,3,0,1,4,5,3,2,6,1,1,1
59242,7,1,0,3,4,6,1,5,7,3,4
59243,0,4,7,0,2,7,4,4,6,8,0
59244,3,0,1,4,5,3,2,6,1,1,1
59245,6,5,2,7,1,5,9,2,3,2,9
59246,0,4,5,0,2,9,4,1,4,8,2
59247,9,9,9,2,7,1,5,7,2,0,5
59248,9,9,9,2,7,1,5,7,2,0,5
59249,3,0,1,4,5,3,2,6,1,1,1
59250,8,2,5,5,9,9,8,4,6,9,2
59251,4,5,8,9,3,4,3,0,8,7,7
59252,6,5,2,7,1,5,9,2,3,2,9
59253,6,5,2,7,1,5,9,2,3,2,9
59254,8,2,5,5,9,9,8,4,6,9,2
59255,4,0,8,9,3,4,3,0,8,7,3
59256,3,0,1,4,5,3,2,6,1,1,1
59257,6,5,2,7,1,5,9,2,3,2,7
59258,8,2,7,5,9,7,8,4,6,9,8
59259,8,2,7,5,9,7,8,4,6,9,8
59260,2,3,4,6,8,2,6,8,9,5,6
59261,8,2,7,5,9,7,8,4,6,9,8
59262,2,3,4,6,8,2,6,8,9,5,6
59263,6,1,2,7,1,5,9,2,3,2,9
59264,0,4,5,0,2,9,4,4,6,8,2
59265,2,3,4,6,8,2,6,8,9,5,6
59266,9,9,9,2,7,1,5,7,2,0,5
59267,3,0,1,4,5,3,2,6,1,1,1
59268,8,2,7,5,9,7,8,4,6,9,8
59269,2,0,4,4,8,2,6,3,1,5,6
59270,2,3,4,6,8,2,6,8,9,5,6
59271,6,1,2,7,1,5,9,2,3,2,9
59272,3,0,1,4,5,3,2,3,1,1,1
59273,4,5,8,9,3,4,3,0,8,7,7
59274,2,3,4,6,8,2,6,8,9,5,6
59275,6,1,2,7,1,5,9,2,3,2,9
59276,0,4,5,0,2,9,4,4,6,8,2
59277,2,3,4,6,8,2,6,8,9,5,6
59278,3,0,1,4,5,3,2,6,1,1,1
59279,8,2,5,5,9,9,8,4,6,9,2
59280,2,3,4,6,8,2,6,3,2,5,8
59281,6,3,2,7,1,5,9,2,3,2,9
59282,7,1,4,3,4,6,1,8,7,3,6
59283,2,2,7,5,9,7,8,3,6,9,8
59284,4,5,8,9,3,4,3,3,8,7,3
59285,8,2,5,5,9,9,8,4,6,9,8
59286,4,0,8,4,3,4,3,3,1,7,3
59287,2,2,4,5,8,2,6,8,9,5,8
59288,3,0,1,4,5,3,2,6,1,1,1
59289,9,9,9,2,7,1,5,7,2,0,5
59290,6,3,2,7,1,5,9,8,3,2,9
59291,2,2,7,5,8,7,6,3,6,5,8
59292,4,5,8,9,3,4,3,3,8,7,3
59293,8,2,5,5,9,9,8,4,6,9,8
59294,3,0,1,4,5,3,2,3,1,1,1
59295,8,2,7,5,9,7,8,4,6,9,8
59296,3,0,1,4,5,3,2,3,1,1,1
59297,9,9,9,2,7,1,5,7,2,0,5
59298,6,3,2,7,1,5,9,2,3,2,9
59299,2,3,4,6,8,2,6,8,9,5,6
59300,8,2,7,5,9,7,8,3,6,9,8
59301,2,0,4,4,8,2,6,3,1,5,6
59302,4,5,8,9,3,4,3,3,8,7,3
59303,4,0,8,4,3,4,3,3,1,7,3
59304,8,2,5,5,9,9,8,4,6,9,8
59305,2,3,4,6,8,2,6,3,9,5,6
59306,8,2,5,5,9,9,8,4,6,9,8
59307,7,1,0,3,4,6,1,5,7,3,4
59308,7,1,0,3,4,6,1,5,7,3,4
59309,3,0,1,4,5,3,2,6,1,1,1
59310,4,5,8,9,3,4,3,3,8,7,3
59311,2,0,4,4,8,2,6,3,1,5,6
59312,9,5,7,0,3,7,3,3,2,7,8
59313,3,0,1,4,5,3,2,3,1,1,1
59314,2,0,4,4,8,2,6,3,1,5,6
59315,2,3,4,6,8,2,6,8,9,5,6
59316,6,5,2,7,1,5,9,2,3,2,9
59317,6,5,2,7,1,5,9,2,3,2,9
59318,7,1,0,3,4,6,1,5,7,3,4
59319,3,0,1,4,5,3,2,6,1,1,1
59320,4,5,8,9,3,4,3,0,8,7,3
59321,2,3,7,6,8,7,6,3,9,5,6
59322,2,1,4,3,8,2,6,5,7,5,6
59323,8,2,5,5,9,9,8,4,6,9,8
59324,4,5,8,9,3,4,3,3,8,7,3
59325,8,2,7,5,9,7,8,4,6,9,8
59326,6,5,2,7,1,5,9,2,3,2,9
59327,6,3,2,7,1,5,9,2,3,2,9
59328,7,1,0,3,4,6,1,5,7,3,4
59329,2,3,4,6,8,2,6,8,9,5,6
59330,2,3,4,6,8,2,6,3,9,5,6
59331,3,0,1,4,5,3,2,6,1,1,1
59332,8,2,9,5,9,1,8,4,6,9,8
59333,2,3,4,6,8,2,6,8,9,5,6
59334,7,1,0,3,4,6,1,5,7,3,4
59335,2,3,4,6,8,2,6,3,9,5,6
59336,3,0,1,4,5,3,2,6,1,1,1
59337,3,0,1,4,5,3,2,6,1,1,1
59338,2,0,4,4,8,2,6,3,1,5,6
59339,9,9,9,2,7,1,5,7,2,0,5
59340,2,3,4,6,8,2,6,8,9,5,6
59341,8,2,7,5,9,7,8,4,6,9,8
59342,3,0,1,4,5,3,2,6,1,1,1
59343,2,0,4,4,8,2,6,3,1,5,6
59344,2,3,4,6,8,2,6,8,9,5,6
59345,4,5,8,9,3,4,3,3,8,7,3
59346,2,3,4,6,8,2,6,3,9,5,6
59347,4,5,8,9,3,4,3,3,8,7,3
59348,8,2,5,5,9,9,8,4,6,9,8
59349,2,3,4,6,8,2,6,3,9,5,6
59350,2,3,4,6,8,2,6,5,9,5,6
59351,2,3,4,6,8,2,6,3,9,5,6
59352,2,3,4,6,8,2,6,8,9,5,6
59353,3,6,1,8,5,3,2,6,0,1,1
59354,7,1,0,3,4,6,1,5,7,3,4
59355,6,5,2,7,1,5,9,2,3,2,9
59356,7,1,0,3,4,6,1,5,7,3,4
59357,5,8,3,1,6,0,7,1,4,4,7
59358,7,1,0,3,4,6,1,5,7,3,4
59359,4,5,8,9,3,4,3,0,8,7,7
59360,5,8,3,1,6,0,7,1,4,4,7
59361,5,8,3,1,6,0,7,0,8,4,7
59362,0,8,3,1,6,0,4,1,4,4,0
59363,3,6,1,8,5,3,2,6,0,1,1
59364,1,7,6,2,0,8,0,9,5,6,5
59365,6,3,2,7,1,5,9,2,3,2,9
59366,7,1,0,3,4,6,1,5,7,3,4
59367,5,8,3,1,6,0,7,1,4,4,7
59368,7,1,0,3,4,6,1,5,7,3,4
59369,4,5,8,9,3,4,3,0,8,7,3
59370,5,8,3,1,6,0,7,1,4,4,7
59371,0,8,3,1,6,0,4,1,4,4,0
59372,3,6,1,8,5,3,2,6,0,1,1
59373,1,7,6,2,0,8,0,9,5,6,5
59374,6,1,2,7,1,5,9,2,3,2,9
59375,7,1,0,3,4,6,1,5,7,3,4
59376,5,8,3,1,6,0,7,1,4,4,7
59377,7,1,0,3,4,6,1,5,7,3,4
59378,4,5,8,9,3,4,3,0,8,7,7
59379,0,4,5,0,2,9,4,1,4,8,2
59380,7,1,0,3,4,6,1,5,7,3,4
59381,0,8,3,1,6,0,7,1,4,4,0
59382,1,7,6,0,0,8,0,9,5,6,5
59383,7,1,0,3,4,6,1,5,7,3,4
59384,7,1,0,3,4,6,1,5,7,3,4
59385,5,8,3,1,6,0,7,1,4,4,7
59386,5,8,3,1,6,0,7,1,4,4,0
59387,1,7,6,2,0,8,0,9,5,6,5
59388,5,8,3,1,6,0,7,1,4,4,7
59389,5,8,3,1,6,0,7,1,4,4,2
59390,5,8,3,1,6,0,7,1,8,4,7
59391,1,7,6,2,0,8,0,9,5,6,5
59392,5,8,3,1,6,0,7,1,4,4,7
59393,7,1,0,3,4,6,1,5,7,3,4
59394,7,1,0,3,4,6,1,5,7,3,4
59395,3,6,1,8,5,3,2,6,0,1,1
59396,6,5,2,7,1,5,9,2,3,2,9
59397,5,8,3,1,6,0,7,1,4,4,0
59398,7,1,0,3,4,6,1,5,7,3,4
59399,4,1,8,9,3,4,3,0,8,7,3
59400,7,1,0,3,4,6,1,5,7,3,4
59401,1,7,6,0,0,8,0,9,5,6,0
59402,2,3,4,6,8,2,6,8,9,5,6
59403,7,1,0,3,4,6,1,8,7,3,4
59404,5,8,3,1,6,0,7,1,4,4,0
59405,0,4,5,0,2,9,4,4,6,8,2
59406,7,1,0,3,4,6,1,5,7,3,4
59407,5,8,3,1,6,0,7,1,4,4,7
59408,7,1,0,3,4,6,1,5,7,3,4
59409,5,8,3,1,6,0,7,1,4,4,7
59410,6,1,2,7,1,5,9,2,3,2,9
59411,7,1,0,3,4,6,1,5,7,3,4
59412,0,4,5,0,2,9,4,1,4,8,2
59413,5,8,3,1,6,0,7,1,4,4,7
59414,1,7,6,2,0,8,0,9,5,6,5
59415,6,5,2,7,1,5,9,2,3,2,9
59416,7,1,0,3,4,6,1,5,7,3,4
59417,5,5,8,9,3,4,7,0,8,7,7
59418,5,8,8,1,3,4,7,0,8,7,7
59419,1,7,6,2,0,8,0,9,5,6,5
59420,3,0,1,4,5,3,2,6,1,1,1
59421,3,6,0,8,5,6,2,0,0,1,1
59422,6,5,2,7,1,5,9,2,3,2,9
59423,7,1,0,3,4,6,1,5,7,3,4
59424,0,4,5,0,2,9,4,4,6,8,2
59425,6,1,2,7,1,5,9,2,3,2,9
59426,7,1,0,3,4,6,1,5,7,3,4
59427,1,7,6,2,0,8,0,9,5,6,5
59428,1,7,6,2,0,8,0,9,5,6,5
59429,7,1,0,3,4,6,1,5,7,3,4
59430,7,1,0,3,4,6,1,5,7,3,4
59431,4,5,8,9,3,4,3,0,8,7,3
59432,5,8,3,1,6,0,7,1,4,4,7
59433,5,8,8,1,6,4,7,0,8,4,7
59434,5,8,3,1,6,0,7,1,4,4,7
59435,0,4,5,0,2,9,4,1,4,8,2
59436,7,1,0,3,4,6,1,5,7,3,4
59437,4,5,8,9,3,4,3,0,8,7,3
59438,7,3,0,6,4,6,1,8,9,3,6
59439,3,6,1,8,5,3,2,6,0,1,1
59440,7,1,0,3,4,6,1,5,7,3,4
59441,8,4,5,0,2,9,4,4,6,8,2
59442,4,5,8,9,3,4,3,0,8,7,3
59443,5,8,3,1,6,0,7,1,4,4,7
59444,6,5,2,7,1,5,9,2,3,2,9
59445,4,5,8,9,3,4,3,0,8,7,3
59446,5,8,3,1,6,0,7,1,4,4,7
59447,7,1,0,3,4,6,1,5,7,3,4
59448,4,5,8,9,3,4,3,0,8,7,3
59449,5,8,3,1,6,0,7,1,4,4,7
59450,3,0,1,4,5,3,2,6,1,1,1
59451,5,8,3,1,6,0,7,1,4,4,7
59452,3,6,1,8,5,3,2,6,0,1,1
59453,5,5,8,7,1,4,9,0,8,2,7
59454,1,7,6,2,0,8,0,9,5,6,5
59455,5,8,3,1,6,0,7,1,4,4,0
59456,6,5,2,7,1,5,9,2,3,2,9
59457,3,0,1,4,5,3,2,6,1,1,1
59458,5,8,3,1,6,0,7,1,4,4,7
59459,7,1,0,3,4,6,1,5,7,3,4
59460,1,7,6,0,0,8,0,9,5,6,5
59461,7,1,0,3,4,6,1,5,7,3,4
59462,0,8,3,1,6,0,4,1,4,4,2
59463,4,5,8,9,3,4,3,0,8,7,3
59464,0,8,3,0,2,0,4,1,4,8,0
59465,5,8,3,1,6,0,7,1,4,4,7
59466,7,1,0,3,4,6,1,5,7,3,4
59467,7,1,0,3,4,6,1,5,7,3,4
59468,5,8,3,1,6,0,7,6,4,4,7
59469,0,4,5,0,2,9,4,4,6,8,2
59470,4,5,8,9,3,4,3,0,8,7,3
59471,7,1,0,3,4,6,1,5,7,3,4
59472,3,6,1,8,5,3,2,6,0,1,1
59473,7,1,0,3,4,6,1,5,7,3,4
59474,4,5,8,9,3,4,3,0,8,7,3
59475,6,1,2,7,1,5,9,2,3,2,9
59476,4,5,8,9,3,4,3,0,8,7,9
59477,3,6,1,8,5,3,2,6,0,1,1
59478,1,7,6,2,0,8,0,9,5,6,5
59479,6,5,2,7,1,5,9,2,3,2,9
59480,7,1,0,3,4,6,1,5,7,3,4
59481,0,4,7,0,2,7,4,1,4,8,0
59482,7,1,0,3,4,6,1,5,7,3,4
59483,4,5,8,9,3,4,3,0,8,7,3
59484,8,2,5,5,9,9,8,4,6,9,2
59485,2,3,4,6,8,2,6,8,9,5,6
59486,0,4,3,0,2,0,4,1,4,8,0
59487,3,6,1,8,5,3,2,6,0,1,1
59488,9,9,9,2,7,1,5,7,2,0,5
59489,6,5,2,7,1,5,9,2,3,2,9
59490,2,3,4,6,8,2,6,8,9,5,6
59491,0,4,7,0,2,7,4,4,6,8,0
59492,2,0,4,4,8,2,6,3,1,5,6
59493,4,5,8,9,3,4,3,0,8,7,3
59494,8,2,5,5,9,9,8,4,6,9,2
59495,2,3,4,6,8,2,6,8,9,5,6
59496,0,4,7,0,2,7,4,4,6,8,0
59497,3,6,1,8,5,3,2,6,0,1,1
59498,9,9,9,2,7,1,5,7,2,0,5
59499,6,5,2,7,1,5,9,2,3,2,9
59500,2,3,4,6,8,2,6,8,9,5,6
59501,0,4,7,0,2,7,4,1,4,8,0
59502,2,1,4,3,8,2,6,5,7,5,6
59503,4,5,8,9,3,4,3,0,8,7,3
59504,8,2,5,5,9,9,8,4,6,9,2
59505,2,3,4,6,8,2,6,8,9,5,6
59506,0,4,3,0,2,0,4,1,4,8,0
59507,7,1,0,3,4,6,1,5,7,3,4
59508,4,5,8,9,3,4,3,0,8,7,3
59509,4,5,8,9,3,4,3,0,8,7,3
59510,3,6,1,8,5,3,2,6,0,1,1
59511,2,3,4,6,8,2,6,8,9,5,6
59512,2,1,4,3,8,2,6,5,7,5,6
59513,8,2,5,5,9,9,8,4,6,9,2
59514,0,4,7,0,2,7,4,4,6,8,0
59515,8,2,7,5,9,7,8,4,6,9,8
59516,9,9,9,2,7,1,5,7,2,0,8
59517,9,9,9,2,7,1,5,7,2,0,5
59518,0,4,7,0,2,7,4,4,6,8,0
59519,9,9,9,2,7,1,5,7,2,0,5
59520,8,2,5,5,9,9,8,4,6,9,8
59521,9,9,9,2,7,1,5,7,2,0,5
59522,8,2,7,5,9,7,8,4,6,9,8
59523,1,7,6,2,0,8,0,9,5,6,5
59524,8,2,5,5,9,9,8,4,6,9,8
59525,2,3,4,6,8,2,6,8,9,5,6
59526,8,2,5,5,9,9,8,4,6,9,8
59527,9,9,9,2,7,1,5,7,2,0,5
59528,2,1,4,3,8,2,6,5,7,5,6
59529,7,1,0,3,4,6,1,5,7,3,4
59530,9,9,9,2,7,1,5,7,2,0,5
59531,4,5,8,9,3,4,3,0,8,7,3
59532,8,2,7,5,9,7,8,4,6,9,8
59533,8,2,5,5,9,9,8,4,6,9,2
59534,0,4,7,0,2,7,4,1,4,8,0
59535,2,3,4,6,8,2,6,3,9,5,6
59536,3,6,1,8,5,3,2,6,0,1,1
59537,6,5,2,7,1,5,9,2,3,2,9
59538,7,1,0,3,4,6,1,5,7,3,4
59539,6,5,2,7,1,5,9,2,3,2,9
59540,4,5,8,9,3,4,3,0,8,7,3
59541,3,6,1,8,5,3,2,6,0,1,1
59542,2,3,4,6,8,2,6,8,9,5,6
59543,8,2,7,5,9,7,8,4,6,9,8
59544,8,3,4,6,9,2,8,8,9,9,8
59545,9,9,9,2,7,1,5,7,2,0,5
59546,2,0,4,4,8,2,6,3,1,5,6
59547,2,0,4,4,8,2,6,3,1,5,1
59548,4,5,8,9,3,4,3,0,8,7,3
59549,4,5,8,9,3,4,3,3,8,7,3
59550,2,3,4,6,8,2,6,8,9,5,6
59551,8,2,7,5,9,7,8,4,6,9,8
59552,8,2,9,5,9,1,8,4,2,9,8
59553,2,3,4,6,8,2,6,3,9,5,6
59554,8,2,5,5,9,9,8,4,6,9,2
59555,6,5,2,7,1,5,9,2,3,2,9
59556,6,5,2,7,1,5,9,2,3,2,9
59557,3,6,1,8,5,3,2,6,0,1,1
59558,3,6,1,8,5,3,2,6,0,1,1
59559,9,9,9,2,7,1,5,7,2,0,5
59560,0,4,5,0,2,9,4,4,6,8,2
59561,8,2,5,5,9,9,8,4,6,9,2
59562,0,4,7,0,2,7,4,1,4,8,0
59563,2,0,4,4,8,2,6,3,1,5,6
59564,0,4,7,0,2,7,4,4,6,8,0
59565,2,3,4,6,8,2,6,8,9,5,6
59566,8,2,7,5,9,7,8,4,6,9,2
59567,4,5,8,9,3,4,3,0,8,7,3
59568,2,3,4,6,8,2,6,8,9,5,6
59569,7,1,0,3,4,6,1,5,7,3,4
59570,4,5,8,9,3,4,3,0,8,7,3
59571,9,9,9,2,7,1,5,7,2,0,5
59572,6,5,2,7,1,5,9,2,3,2,9
59573,0,4,7,0,2,7,4,4,6,8,0
59574,2,0,4,4,8,2,6,3,1,5,6
59575,6,5,2,7,1,5,9,2,3,2,9
59576,2,0,4,4,8,2,6,5,1,5,6
59577,6,5,2,7,1,5,9,2,3,2,9
59578,4,5,8,9,3,4,3,0,8,7,3
59579,6,5,2,7,1,5,9,2,3,2,9
59580,5,8,7,1,6,7,7,1,4,4,7
59581,2,3,4,6,8,2,6,8,9,5,6
59582,8,2,7,5,9,7,8,4,6,9,8
59583,4,5,8,9,3,4,3,0,8,7,3
59584,2,0,4,6,8,2,6,3,9,5,6
59585,3,0,1,4,5,3,2,6,1,1,1
59586,1,7,6,2,0,8,0,9,5,6,5
59587,7,1,0,7,4,6,1,2,3,3,9
59588,7,1,0,3,4,6,1,8,7,3,4
59589,8,2,7,5,9,7,8,4,6,9,8
59590,2,3,4,6,8,2,6,8,9,5,6
59591,4,5,8,9,3,4,3,3,8,7,3
59592,0,4,5,0,2,9,4,4,6,8,2
59593,2,3,4,6,8,2,6,8,9,5,6
59594,8,2,7,5,9,7,8,4,6,9,8
59595,3,6,1,8,5,3,2,6,0,1,1
59596,9,9,9,2,7,1,5,7,2,0,5
59597,6,5,2,7,1,5,9,2,3,2,9
59598,2,3,4,6,8,2,6,8,9,5,6
59599,0,4,7,0,2,7,4,4,6,8,0
59600,2,3,4,6,8,2,6,8,9,5,6
59601,4,5,8,9,3,4,3,0,8,7,3
59602,8,2,5,5,9,9,8,4,6,9,8
59603,2,3,4,6,8,2,6,8,9,5,6
59604,0,4,7,0,2,7,4,1,4,8,0
59605,3,0,1,4,5,3,2,6,1,1,1
59606,9,9,9,2,7,1,5,7,2,0,5
59607,7,1,0,3,4,6,1,5,7,3,4
59608,5,8,3,1,6,0,7,1,4,4,7
59609,2,1,4,3,8,2,6,5,7,5,6
59610,4,5,8,9,3,4,3,0,8,7,3
59611,0,4,5,0,2,9,4,1,4,8,2
59612,2,3,4,6,8,2,6,8,9,5,6
59613,2,0,4,4,8,2,6,3,1,5,6
59614,8,2,7,5,9,7,8,4,6,9,8
59615,3,0,1,4,5,3,2,6,1,1,1
59616,9,9,9,2,7,1,5,7,2,0,5
59617,8,2,5,5,9,9,8,4,6,9,2
59618,1,7,6,2,0,8,0,9,5,6,5
59619,9,9,9,2,7,1,5,7,2,0,5
59620,8,2,7,5,9,7,8,4,6,9,8
59621,6,5,2,7,1,5,9,2,3,2,9
59622,2,3,4,6,8,2,6,8,9,5,8
59623,5,0,7,4,6,7,7,3,1,4,7
59624,7,1,0,3,4,6,1,5,7,3,4
59625,9,9,9,2,7,1,5,7,2,0,5
59626,8,2,5,5,9,9,8,4,6,9,8
59627,2,3,4,6,8,2,6,8,9,5,6
59628,6,5,2,7,1,5,9,2,3,2,9
59629,8,2,7,5,9,7,8,4,2,9,8
59630,7,1,0,3,4,6,1,5,7,3,4
59631,2,3,4,6,8,2,6,8,9,5,6
59632,9,9,9,2,7,1,5,3,2,0,5
59633,0,4,7,0,2,7,4,4,6,8,0
59634,0,4,7,0,2,7,4,4,6,8,0
59635,2,0,7,4,8,7,6,3,1,5,8
59636,2,3,4,6,8,2,6,8,9,5,6
59637,2,5,4,9,8,2,6,3,8,5,3
59638,8,4,5,0,9,9,8,4,6,8,2
59639,3,0,1,4,5,3,2,6,1,1,1
59640,4,5,8,9,3,4,3,0,8,7,3
59641,6,3,2,7,1,5,9,2,3,2,9
59642,4,5,8,9,3,4,3,0,8,7,3
59643,7,1,0,3,4,6,1,5,7,3,4
59644,0,4,3,0,2,0,4,1,4,8,0
59645,9,9,9,2,7,1,5,7,2,0,5
59646,0,4,5,0,2,9,4,1,4,8,2
59647,8,2,7,5,9,7,8,4,6,9,8
59648,2,3,4,6,8,2,6,8,9,5,6
59649,2,3,4,6,8,2,6,8,9,5,6
59650,0,4,7,0,2,7,4,4,6,8,0
59651,3,0,1,4,5,3,2,6,1,1,1
59652,7,1,0,3,4,6,1,5,7,3,4
59653,8,2,7,5,9,7,8,4,6,9,8
59654,2,3,4,6,8,2,6,3,9,5,6
59655,6,5,2,7,1,5,9,2,3,2,9
59656,5,8,3,1,6,0,7,1,4,4,7
59657,5,2,7,5,9,7,8,7,2,9,8
59658,9,9,9,2,7,1,5,7,2,0,5
59659,3,0,1,4,5,3,2,6,1,1,1
59660,2,3,4,6,8,2,6,8,9,5,6
59661,8,2,5,5,9,9,8,4,6,9,2
59662,9,9,9,2,7,1,5,7,2,0,5
59663,2,3,4,6,8,2,6,8,9,5,6
59664,8,2,5,5,9,9,8,4,6,9,8
59665,0,4,5,0,2,9,4,4,6,8,2
59666,2,3,4,6,8,2,6,8,9,5,6
59667,6,1,2,7,1,5,9,2,3,2,9
59668,8,2,7,5,9,7,8,4,6,9,8
59669,7,1,0,3,4,6,1,5,7,3,4
59670,7,1,0,3,4,6,1,5,7,3,4
59671,9,9,9,2,7,1,5,7,2,0,5
59672,6,5,2,7,1,5,9,2,3,2,9
59673,4,5,8,9,3,4,3,0,8,7,3
59674,8,2,7,5,9,7,8,4,6,9,7
59675,6,5,2,7,1,5,9,2,3,2,9
59676,7,1,0,3,4,6,1,5,7,3,4
59677,6,5,2,7,1,5,9,2,3,2,9
59678,7,1,0,3,4,6,1,5,7,3,4
59679,4,5,8,9,3,4,3,0,8,7,3
59680,3,6,1,8,5,3,2,6,0,1,1
59681,6,5,2,7,1,5,9,2,3,2,9
59682,8,2,5,5,9,9,8,4,6,9,8
59683,2,2,4,6,8,2,6,3,9,5,8
59684,6,5,2,7,1,5,9,2,3,2,9
59685,2,3,4,6,8,2,6,8,9,5,6
59686,9,9,9,2,7,1,5,7,2,0,5
59687,4,5,8,9,3,4,3,3,8,7,3
59688,9,9,9,2,7,1,5,7,2,0,5
59689,3,0,1,4,5,3,2,6,1,1,1
59690,5,2,7,1,9,7,7,4,6,9,7
59691,7,1,0,3,4,6,1,5,7,3,4
59692,9,9,9,2,7,1,5,7,2,0,5
59693,4,0,8,4,3,4,3,6,1,7,3
59694,9,9,9,2,7,1,5,7,2,0,5
59695,0,4,3,0,2,0,4,1,4,8,0
59696,3,0,1,4,5,3,2,6,1,1,1
59697,9,9,9,2,7,1,5,7,2,0,5
59698,6,5,2,7,1,5,9,2,3,2,9
59699,7,1,0,3,4,6,1,5,7,3,4
59700,8,2,7,5,9,7,8,4,6,9,8
59701,4,5,8,9,3,4,3,3,8,7,3
59702,4,5,8,9,3,4,3,3,8,7,3
59703,8,4,5,5,9,9,8,4,6,9,2
59704,3,0,1,4,5,3,2,6,1,1,1
59705,9,9,9,2,7,1,5,7,2,0,5
59706,6,5,2,7,1,5,9,2,3,2,9
59707,7,1,0,3,4,6,1,5,7,3,4
59708,9,9,9,5,7,1,5,7,2,0,8
59709,4,5,8,9,3,4,3,0,8,7,3
59710,8,2,5,5,9,9,8,4,6,9,8
59711,9,9,9,2,7,1,5,7,2,0,5
59712,2,0,4,4,8,2,6,3,1,5,6
59713,9,9,9,2,7,1,5,7,2,0,5
59714,9,9,9,2,7,1,5,7,2,0,5
59715,7,1,0,3,4,6,1,5,7,3,4
59716,8,2,7,5,9,7,8,4,6,9,8
59717,8,2,5,5,9,9,8,4,6,9,2
59718,9,9,9,2,7,1,5,7,2,0,5
59719,8,0,7,4,9,7,8,3,1,9,8
59720,2,0,4,4,8,2,6,3,1,5,6
59721,6,5,2,7,1,5,9,2,3,2,9
59722,9,9,9,2,7,1,5,7,2,0,5
59723,2,0,4,4,8,2,6,3,1,5,6
59724,8,2,5,5,9,9,8,4,6,9,8
59725,2,3,4,6,8,2,6,8,9,5,6
59726,6,5,2,7,1,5,9,2,3,2,9
59727,8,2,7,5,9,7,8,4,6,9,8
59728,9,9,9,2,7,1,5,7,2,0,5
59729,2,3,4,6,8,2,6,8,9,5,6
59730,8,0,1,4,9,3,8,3,1,9,8
59731,6,5,2,7,1,5,9,3,3,2,9
59732,6,5,2,7,1,5,9,2,3,2,9
59733,8,4,5,5,9,9,8,4,6,9,2
59734,1,7,6,2,0,8,0,9,5,6,5
59735,2,3,4,6,8,2,6,8,9,5,6
59736,4,5,8,9,3,4,3,0,8,7,3
59737,1,7,6,2,0,8,0,9,5,6,5
59738,9,9,9,2,7,1,5,7,2,0,5
59739,8,2,5,5,9,9,8,4,6,9,8
59740,8,2,5,5,9,9,8,4,6,9,2
59741,8,2,7,5,9,7,8,4,6,9,8
59742,6,5,2,7,1,5,9,2,3,2,9
59743,9,9,9,5,7,1,5,7,2,0,8
59744,4,5,8,9,3,4,3,3,8,7,3
59745,8,2,5,5,9,9,8,4,6,9,8
59746,8,2,5,5,9,9,8,4,6,9,8
59747,6,5,2,7,1,5,9,3,3,2,9
59748,0,4,7,0,2,7,4,1,4,8,0
59749,8,2,7,5,9,7,8,4,6,9,8
59750,9,9,9,2,7,1,5,7,2,0,5
59751,9,9,9,6,7,1,5,3,2,0,6
59752,4,5,8,9,3,4,3,3,8,7,3
59753,9,2,9,5,7,1,5,7,2,0,8
59754,4,5,8,9,3,4,3,3,8,7,3
59755,2,0,4,4,8,2,6,3,1,5,1
59756,0,4,7,0,2,7,4,4,6,8,0
59757,6,0,2,7,1,5,9,2,3,2,9
59758,4,5,8,9,3,4,3,3,8,7,3
59759,8,2,7,5,9,7,8,4,2,9,8
59760,2,3,4,6,8,2,6,8,9,5,6
59761,8,2,7,5,9,7,8,4,6,9,8
59762,4,0,8,4,3,4,3,3,1,7,3
59763,9,9,9,2,7,1,5,7,2,0,8
59764,2,3,4,6,8,2,6,8,9,5,6
59765,5,8,3,1,6,0,7,1,4,4,7
59766,9,9,9,2,7,1,5,7,2,0,5
59767,0,4,5,0,2,9,4,4,6,8,2
59768,9,9,9,2,7,1,5,7,2,0,5
59769,7,1,0,3,4,6,1,5,7,3,4
59770,4,5,8,9,3,4,3,0,8,7,3
59771,0,4,3,0,2,0,4,1,4,8,0
59772,8,2,7,5,9,7,8,4,6,9,8
59773,9,9,9,2,7,1,5,7,2,0,5
59774,8,2,5,5,9,9,8,4,6,9,8
59775,4,0,8,9,3,4,3,0,8,7,3
59776,0,4,7,0,2,7,4,4,6,8,0
59777,2,3,4,6,8,2,6,8,9,5,6
59778,2,3,4,6,8,2,6,8,9,5,6
59779,8,2,5,5,9,9,8,4,6,9,2
59780,9,2,9,5,7,1,5,7,2,0,8
59781,9,9,9,2,7,1,5,7,2,0,5
59782,8,2,7,5,9,7,8,4,6,9,8
59783,9,9,9,2,7,1,5,7,2,0,5
59784,6,0,2,4,1,5,9,3,1,2,9
59785,4,5,8,9,3,4,3,3,8,7,3
59786,3,6,1,8,5,3,2,6,0,1,1
59787,9,9,9,2,7,1,5,7,2,0,5
59788,6,5,2,7,1,5,9,2,3,2,9
59789,8,2,7,5,9,7,8,4,6,9,8
59790,2,3,4,6,8,2,6,8,9,5,6
59791,4,5,8,9,3,4,3,0,8,7,3
59792,8,2,5,5,9,9,8,4,6,9,8
59793,2,3,4,6,8,2,6,8,9,5,6
59794,8,2,7,5,9,7,8,4,6,9,8
59795,3,0,1,4,5,3,2,6,1,1,1
59796,9,9,9,2,7,1,5,7,2,0,5
59797,6,3,2,7,1,5,9,2,3,2,9
59798,7,1,0,3,4,6,1,5,7,3,4
59799,8,2,7,5,9,7,8,4,6,9,8
59800,2,3,4,6,8,2,6,8,9,5,6
59801,4,5,8,9,3,4,3,0,8,7,3
59802,8,2,5,5,9,9,8,4,6,9,8
59803,2,3,4,6,8,2,6,8,9,5,6
59804,8,2,7,5,9,7,8,4,6,9,8
59805,3,0,1,4,5,3,2,6,1,1,1
59806,9,9,9,2,7,1,5,7,2,0,5
59807,6,5,2,7,1,5,9,2,3,2,9
59808,2,3,4,6,8,2,6,8,9,5,6
59809,8,2,7,5,9,7,8,4,6,9,8
59810,2,0,4,4,8,2,6,3,1,5,8
59811,4,5,8,9,3,4,3,3,8,7,3
59812,8,2,5,5,9,9,8,4,6,9,8
59813,2,3,4,6,8,2,6,3,9,5,6
59814,8,2,9,5,9,1,8,4,2,9,8
59815,2,3,4,6,8,2,6,8,9,5,6
59816,6,5,2,7,1,5,9,2,3,2,9
59817,0,8,3,1,6,0,4,1,4,4,0
59818,7,1,0,3,4,6,1,5,7,3,4
59819,6,5,2,7,1,5,9,2,3,2,9
59820,9,9,9,2,7,1,5,7,2,0,5
59821,8,2,7,5,9,7,8,4,6,9,8
59822,2,3,4,6,8,2,6,8,9,5,6
59823,2,3,4,6,8,2,6,3,9,5,6
59824,6,5,2,7,1,5,9,2,3,2,9
59825,2,3,4,6,8,2,6,8,9,5,6
59826,6,5,2,7,1,5,9,2,3,2,9
59827,1,7,6,2,0,8,0,9,5,6,5
59828,7,1,0,3,4,6,1,5,7,3,4
59829,8,4,7,0,2,7,4,4,6,8,8
59830,8,2,5,5,9,9,8,4,6,9,8
59831,6,5,2,7,1,5,9,2,3,2,9
59832,9,9,9,2,7,1,5,7,2,0,5
59833,6,3,2,7,1,5,9,2,3,2,9
59834,2,3,4,6,8,2,6,8,9,5,6
59835,0,4,7,0,2,7,4,1,6,8,0
59836,9,9,9,2,7,1,5,7,2,0,5
59837,2,3,4,6,8,2,6,8,9,5,6
59838,2,3,4,6,8,2,6,8,9,5,6
59839,8,2,5,5,9,9,8,4,6,9,8
59840,3,0,1,4,5,3,2,6,1,1,1
59841,4,5,8,9,3,4,3,3,8,7,3
59842,0,4,5,0,2,9,4,4,6,8,2
59843,8,2,5,5,9,9,8,4,6,9,2
59844,2,3,4,6,8,2,6,8,9,5,6
59845,8,2,5,5,9,9,8,4,6,9,8
59846,2,3,4,6,8,2,6,3,9,5,6
59847,3,0,1,4,5,3,2,6,1,1,1
59848,4,5,8,9,3,4,3,3,8,7,3
59849,9,9,9,2,7,1,5,7,2,0,5
59850,2,3,4,6,8,2,6,3,9,5,6
59851,0,4,5,0,2,9,4,1,4,8,2
59852,8,2,7,5,9,7,8,4,6,9,8
59853,4,5,8,9,3,4,3,0,8,7,3
59854,9,9,9,2,7,1,5,7,2,0,5
59855,6,5,2,7,1,5,9,2,3,2,9
59856,8,2,5,5,9,9,8,4,6,9,2
59857,8,2,7,5,9,7,8,4,6,9,8
59858,0,4,7,0,2,7,4,4,6,8,0
59859,3,0,1,4,5,3,2,6,1,1,1
59860,2,1,4,3,8,2,6,5,7,5,6
59861,2,3,4,6,8,2,6,8,9,5,6
59862,8,2,7,5,9,7,8,4,6,9,8
59863,8,2,7,5,9,7,8,4,6,9,8
59864,9,9,9,2,7,1,5,7,2,0,5
59865,2,3,4,6,8,2,6,8,9,5,6
59866,4,5,8,9,3,4,3,0,8,7,3
59867,2,3,4,6,8,2,6,3,9,5,6
59868,3,0,1,4,5,3,2,6,1,1,1
59869,3,0,1,4,5,3,2,6,1,1,1
59870,2,3,4,6,8,2,6,8,9,5,6
59871,8,2,5,5,9,9,8,4,6,9,2
59872,9,9,9,2,7,1,5,7,2,0,5
59873,4,5,8,9,3,4,3,0,8,7,3
59874,8,2,7,5,9,7,8,4,6,9,8
59875,6,5,2,7,1,5,9,2,3,2,9
59876,4,5,8,9,3,4,3,0,8,7,3
59877,4,5,8,9,3,4,3,0,8,7,3
59878,3,0,1,4,5,3,2,6,1,1,1
59879,8,2,7,5,9,7,8,4,6,9,8
59880,2,3,4,6,8,2,6,8,9,5,6
59881,8,2,7,5,9,7,8,4,6,9,8
59882,9,9,9,2,7,1,5,7,2,0,5
59883,2,3,4,6,8,2,6,8,9,5,6
59884,2,3,4,6,8,2,6,8,9,5,6
59885,4,5,8,9,3,4,3,0,8,7,3
59886,2,3,4,6,8,2,6,8,9,5,6
59887,8,2,7,5,9,7,8,4,6,9,8
59888,8,2,7,5,9,7,8,4,6,9,8
59889,2,3,4,6,8,2,6,3,9,5,6
59890,0,4,7,0,2,7,4,4,6,8,0
59891,2,3,4,6,8,2,6,8,9,5,6
59892,4,5,8,9,3,4,3,0,8,7,3
59893,8,2,7,5,9,7,8,4,6,9,8
59894,8,2,5,5,9,9,8,4,6,9,8
59895,4,5,8,9,3,4,3,0,8,7,3
59896,6,5,2,7,1,5,9,2,3,2,9
59897,6,5,2,7,1,5,9,2,3,2,9
59898,3,0,1,4,5,3,2,3,1,1,1
59899,8,2,7,5,9,7,8,4,6,9,8
59900,9,9,9,5,7,1,5,7,2,0,8
59901,3,0,1,4,5,3,2,6,1,1,1
59902,9,9,9,2,7,1,5,7,2,0,5
59903,6,5,2,7,1,5,9,2,3,2,9
59904,7,1,0,3,4,6,1,5,7,3,4
59905,8,2,7,5,9,7,8,4,6,9,8
59906,8,2,7,5,9,7,8,3,6,9,8
59907,4,5,8,9,3,4,3,3,8,7,3
59908,8,2,5,5,9,9,8,4,6,9,8
59909,2,3,4,6,8,2,6,7,2,5,6
59910,8,2,7,5,9,7,8,4,6,9,8
59911,3,0,1,4,5,3,2,6,1,1,1
59912,9,9,9,2,7,1,5,7,2,0,5
59913,6,5,2,7,1,5,9,3,3,2,9
59914,7,1,0,3,4,6,1,5,7,3,4
59915,8,2,5,5,9,9,8,4,6,9,8
59916,2,3,4,6,8,2,6,3,9,5,6
59917,8,2,7,5,9,7,8,4,6,9,8
59918,9,0,9,4,7,1,5,3,1,0,8
59919,9,9,9,2,7,1,5,7,2,0,5
59920,6,5,2,7,1,5,9,2,3,2,9
59921,2,3,4,6,8,2,6,3,9,5,6
59922,5,2,7,1,6,7,7,1,2,4,8
59923,9,9,9,2,7,1,5,3,2,0,5
59924,4,5,8,9,3,4,3,3,8,7,3
59925,8,2,5,5,9,9,8,4,6,9,8
59926,2,3,4,6,8,2,6,3,2,5,6
59927,8,2,7,5,9,7,8,4,6,9,8
59928,9,9,9,7,7,1,5,3,2,0,9
59929,3,0,1,4,5,3,2,3,1,1,1
59930,2,9,4,2,8,2,6,3,2,5,5
59931,9,5,7,2,7,7,5,3,2,0,8
59932,9,9,9,2,7,1,5,7,2,0,5
59933,8,2,7,5,9,7,8,4,6,9,8
59934,8,2,7,5,9,7,8,3,6,9,8
59935,8,2,5,5,9,9,8,4,6,9,8
59936,2,3,4,6,8,2,6,8,9,5,6
59937,8,2,5,5,9,9,8,4,6,9,8
59938,8,2,5,5,9,9,8,4,6,9,8
59939,8,2,7,5,9,7,8,4,6,9,8
59940,8,0,1,4,9,3,8,3,1,9,8
59941,9,9,9,2,7,1,5,7,2,0,8
59942,8,2,5,5,9,9,8,4,6,9,8
59943,8,2,7,5,9,7,8,4,6,9,8
59944,2,0,4,4,8,2,6,3,1,5,6
59945,9,9,9,2,7,1,5,3,2,0,5
59946,2,3,4,6,8,2,6,8,9,5,6
59947,2,7,6,2,8,2,6,3,2,5,5
59948,8,2,7,5,9,9,8,4,6,9,8
59949,2,3,4,6,8,2,6,8,9,5,6
59950,2,3,4,6,8,2,6,8,9,5,6
59951,8,2,7,5,9,7,8,4,6,9,8
59952,3,0,1,4,5,3,2,3,1,1,1
59953,8,2,5,5,9,9,8,4,6,9,8
59954,9,9,9,2,7,1,5,7,2,0,5
59955,7,1,0,3,4,6,1,5,7,3,4
59956,9,9,9,2,7,1,5,3,2,0,5
59957,9,0,9,4,7,1,5,3,1,0,9
59958,9,9,9,2,7,1,5,7,2,0,5
59959,4,5,8,9,3,4,3,3,8,7,3
59960,9,9,9,2,7,1,5,7,2,0,5
59961,2,3,4,6,8,2,6,8,9,5,6
59962,2,3,4,6,8,2,6,8,9,5,6
59963,8,2,5,5,9,9,8,4,6,9,8
59964,2,3,4,6,8,2,6,3,9,5,6
59965,9,9,9,2,7,1,5,7,2,0,5
59966,4,5,8,9,3,4,3,3,8,7,3
59967,2,3,4,6,8,2,6,8,9,5,6
59968,2,5,7,2,8,2,6,3,2,5,8
59969,8,2,7,5,9,7,8,4,6,9,8
59970,6,5,2,7,1,5,9,2,3,2,9
59971,6,5,2,7,1,5,9,2,3,2,9
59972,3,0,1,4,5,3,2,3,1,1,1
59973,8,2,7,5,9,7,8,4,6,9,8
59974,6,5,2,7,1,5,9,3,3,2,9
59975,9,9,9,5,7,1,5,7,2,0,8
59976,4,5,8,9,3,4,3,0,8,7,3
59977,8,2,5,5,9,9,8,4,6,9,8
59978,7,1,0,3,4,6,1,5,7,3,4
59979,9,9,9,2,7,1,5,7,2,0,5
59980,9,9,9,2,7,1,5,3,2,0,5
59981,4,5,8,9,3,4,3,0,8,7,3
59982,4,5,8,9,3,4,3,3,8,7,3
59983,6,0,2,7,1,5,9,2,3,2,9
59984,9,9,9,2,7,1,5,7,2,0,5
59985,6,5,2,7,1,5,9,2,3,2,9
59986,4,5,8,9,3,4,3,3,8,7,3
59987,3,0,1,4,5,3,2,3,1,1,1
59988,8,2,5,5,9,9,8,4,6,9,8
59989,2,3,4,6,8,2,6,8,9,5,6
59990,8,2,7,5,9,7,8,4,6,9,8
59991,6,5,2,7,1,5,9,2,3,2,9
59992,8,2,7,5,9,7,8,4,6,9,8
59993,9,9,9,2,7,1,5,3,2,0,5
59994,9,9,9,2,7,1,5,7,2,0,5
59995,2,3,4,6,8,2,6,8,9,5,6
59996,2,3,4,6,8,2,6,8,9,5,6
59997,2,3,4,6,8,2,6,8,9,5,6
59998,4,5,8,9,3,4,3,3,8,7,3
59999,9,2,9,5,7,1,5,3,2,9,8
60000,8,2,5,5,9,9,8,4,6,9,2
60001,7,1,0,3,4,6,1,5,7,3,4
60002,9,9,9,2,7,1,5,7,2,0,5
60003,3,0,1,4,5,3,2,6,1,1,1
60004,5,8,3,1,6,0,7,1,4,4,7
60005,9,9,9,2,7,1,5,7,2,0,5
60006,0,4,7,0,2,7,4,1,4,8,0
60007,0,8,3,1,6,0,7,1,4,4,0
60008,5,5,3,1,6,0,7,1,4,4,7
60009,8,2,7,5,9,7,8,4,6,9,8
60010,3,6,1,8,5,3,2,6,0,1,1
60011,5,5,8,8,6,4,7,0,0,4,7
60012,0,4,7,0,2,7,4,4,6,8,0
60013,3,6,1,8,5,3,2,6,0,1,1
60014,1,7,6,2,0,8,0,9,5,6,5
60015,7,1,0,3,4,6,1,5,7,3,4
60016,5,8,3,1,6,0,7,1,4,4,7
60017,0,4,5,0,2,9,4,4,6,8,2
60018,7,1,0,3,4,6,1,5,7,3,4
60019,0,4,3,0,2,0,4,1,4,8,0
60020,8,2,7,5,9,7,8,4,6,9,8
60021,4,5,8,9,3,4,3,0,8,7,3
60022,5,8,3,1,6,0,7,0,4,4,7
60023,2,3,4,6,8,2,6,8,9,5,6
60024,5,8,3,1,6,0,7,1,4,4,7
60025,3,6,1,4,5,3,2,6,1,1,1
60026,5,8,3,1,6,0,7,1,4,4,2
60027,5,8,3,1,6,0,7,1,4,4,0
60028,3,0,1,4,5,3,2,6,1,1,1
60029,1,7,6,2,0,8,0,9,5,6,5
60030,7,1,0,3,4,6,1,5,7,3,4
60031,1,7,6,2,0,8,0,9,5,6,5
60032,7,1,0,3,4,6,1,5,7,3,4
60033,4,5,8,9,3,4,3,0,8,7,7
60034,8,2,5,5,9,9,8,4,6,9,8
60035,6,5,2,7,1,5,9,2,3,2,9
60036,0,4,5,0,2,9,4,1,4,8,2
60037,1,7,6,2,0,8,0,9,5,6,5
60038,7,1,6,2,4,8,1,5,7,3,5
60039,1,7,6,2,0,8,0,9,5,6,5
60040,1,7,6,2,0,8,0,9,5,6,5
60041,0,4,5,0,2,9,4,4,6,8,2
60042,0,4,3,0,2,0,4,1,4,8,0
60043,9,9,9,2,7,1,5,7,2,0,5
60044,1,7,6,2,0,8,0,9,5,6,5
60045,7,1,4,3,4,2,1,5,7,3,6
60046,1,7,6,2,0,8,0,9,5,6,0
60047,6,5,2,7,1,5,9,2,3,2,9
60048,5,8,3,1,6,0,7,1,4,4,0
60049,5,8,3,1,6,0,7,1,4,4,7
60050,4,5,8,9,3,4,3,3,8,7,3
60051,7,1,0,3,4,6,1,5,7,3,4
60052,2,4,7,6,8,7,6,3,4,5,0
60053,7,1,0,3,4,6,1,5,7,3,4
60054,5,8,3,1,6,0,7,2,3,4,7
60055,7,1,0,3,4,6,1,5,7,3,4
60056,5,8,3,1,6,0,7,1,4,4,7
60057,1,7,6,2,0,8,0,9,5,6,5
60058,5,8,3,1,6,0,7,1,4,4,0
60059,9,9,9,2,7,1,5,7,2,0,5
60060,5,8,3,1,6,0,7,1,4,4,2
60061,6,5,2,7,1,5,9,2,3,2,9
60062,0,4,3,0,2,0,4,1,4,8,0
60063,6,3,2,7,1,5,9,2,3,2,9
60064,8,2,5,5,9,9,8,4,6,9,8
60065,0,4,3,0,2,0,4,1,4,8,0
60066,5,5,2,1,6,5,7,0,3,4,7
60067,5,8,3,1,6,0,7,1,4,4,7
60068,7,1,0,3,4,6,1,5,7,3,4
60069,3,6,1,8,5,3,2,6,0,1,1
60070,0,4,5,0,2,9,4,4,6,8,2
60071,3,6,1,8,5,3,2,6,0,1,1
60072,6,5,2,7,1,5,9,2,3,2,9
60073,8,2,4,5,9,2,8,8,9,9,8
60074,1,7,6,2,0,8,0,9,5,6,5
60075,0,4,5,0,2,9,4,4,6,8,2
60076,7,1,0,3,4,6,1,5,7,3,4
60077,8,2,5,0,9,9,8,4,6,9,2
60078,8,2,9,5,9,1,8,4,2,9,8
60079,8,2,5,5,9,9,8,4,6,9,8
60080,0,8,3,0,2,0,4,1,4,8,0
60081,4,5,8,9,3,4,3,0,8,7,3
60082,6,5,2,7,1,5,9,2,3,2,9
60083,0,4,3,0,2,0,4,1,4,8,2
60084,5,8,3,1,6,0,7,1,4,4,7
60085,5,8,3,1,6,0,7,1,4,4,7
60086,8,2,5,5,9,9,8,4,6,9,2
60087,7,1,0,3,4,6,1,5,7,3,4
60088,4,5,8,9,3,4,3,0,8,7,3
60089,9,9,9,2,7,1,5,7,2,0,5
60090,7,1,0,3,4,6,1,5,7,3,4
60091,4,5,8,9,3,4,3,0,8,7,3
60092,8,2,7,5,9,7,8,4,2,9,8
60093,7,1,0,3,4,6,1,5,7,3,4
60094,1,7,6,2,0,8,0,9,5,6,5
60095,5,8,7,1,6,7,7,1,4,4,0
60096,1,7,6,2,0,8,0,9,5,6,5
60097,1,7,6,2,0,8,0,9,5,6,5
60098,4,5,8,9,3,4,3,0,8,7,3
60099,5,8,3,1,6,0,7,1,4,4,7
60100,5,5,8,9,3,4,7,0,8,7,7
60101,3,6,1,8,5,3,2,6,0,1,1
60102,7,1,0,3,4,6,1,5,7,3,4
60103,5,8,3,1,6,0,7,1,4,4,7
60104,5,8,3,1,6,0,7,1,4,4,7
60105,5,8,3,1,6,0,7,1,4,4,0
60106,6,5,2,7,1,5,9,2,3,2,9
60107,9,9,9,2,7,1,5,7,2,0,5
60108,0,4,3,0,2,0,4,1,4,8,0
60109,0,4,7,0,2,7,4,1,6,8,0
60110,2,3,4,6,8,2,6,8,9,5,6
60111,1,7,6,2,0,8,0,9,5,6,5
60112,1,7,6,2,0,8,0,9,5,6,5
60113,0,4,3,0,2,0,4,1,4,8,0
60114,1,7,6,0,0,8,0,9,5,6,5
60115,0,4,7,0,2,7,4,4,6,8,0
60116,0,4,7,0,2,7,4,1,4,8,0
60117,5,8,3,1,6,0,7,1,4,4,7
60118,0,4,7,0,2,7,4,4,6,8,0
60119,8,2,5,5,9,9,8,2,3,9,9
60120,7,1,0,3,4,6,1,5,7,3,4
60121,8,2,7,5,9,7,8,4,6,9,8
60122,0,4,3,0,2,0,4,1,4,8,0
60123,4,5,8,9,3,4,3,0,8,7,3
60124,0,4,7,0,2,7,4,4,6,8,2
60125,0,8,3,1,6,0,7,1,4,4,0
60126,7,6,0,8,4,6,1,6,0,3,4
60127,2,3,4,6,8,2,6,8,9,5,0
60128,2,3,4,6,8,2,6,8,9,5,6
60129,2,3,4,6,8,2,6,8,9,5,6
60130,4,5,8,9,3,4,3,0,8,7,3
60131,4,5,8,9,3,4,3,0,8,7,3
60132,7,1,0,3,4,6,1,5,7,3,4
60133,0,4,5,0,2,9,4,4,6,8,2
60134,2,3,4,6,8,2,6,8,9,5,6
60135,1,7,6,2,0,8,0,9,5,6,5
60136,7,1,0,3,4,6,1,5,7,3,4
60137,9,9,9,2,7,1,5,7,2,0,5
60138,4,5,8,9,3,4,3,0,8,7,3
60139,8,2,7,5,9,7,8,4,6,9,8
60140,4,5,8,9,3,4,3,3,8,7,3
60141,5,8,3,1,6,0,7,1,4,4,2
60142,7,1,0,3,4,6,1,5,7,3,4
60143,1,7,6,2,0,8,0,9,5,6,5
60144,8,2,5,5,9,9,8,4,6,9,8
60145,1,7,6,2,0,8,0,9,5,6,5
60146,2,3,4,6,8,2,6,8,9,5,0
60147,6,5,2,7,1,5,9,2,3,2,9
60148,3,0,1,4,5,3,2,6,1,1,1
60149,9,9,9,2,7,1,5,9,2,0,5
60150,5,8,3,1,6,0,7,1,4,4,0
60151,5,8,3,1,6,0,7,1,4,4,7
60152,8,2,7,5,9,7,8,4,6,9,8
60153,7,1,0,3,4,6,1,5,7,3,4
60154,1,7,6,2,0,8,0,9,5,6,5
60155,2,3,4,6,8,2,6,3,9,5,6
60156,4,5,8,9,3,4,3,0,8,7,7
60157,4,1,8,9,3,4,3,0,8,7,3
60158,7,1,0,3,4,6,1,5,7,3,4
60159,1,7,6,0,0,8,0,9,5,6,0
60160,0,4,7,0,2,7,4,1,4,8,0
60161,4,5,8,9,3,4,3,0,8,7,3
60162,2,3,4,6,8,2,6,8,9,5,6
60163,5,8,3,1,6,0,7,1,4,4,7
60164,4,5,8,9,3,4,3,0,8,7,3
60165,7,1,0,3,4,6,1,5,7,3,4
60166,0,4,3,0,2,0,4,1,4,8,0
60167,9,9,9,2,7,1,5,3,2,0,5
60168,1,7,6,2,0,8,0,9,5,6,5
60169,0,4,3,0,2,0,4,1,4,8,0
60170,0,8,3,0,2,0,4,1,4,8,0
60171,8,2,5,5,9,9,8,4,6,9,8
60172,7,1,0,3,4,6,1,5,7,3,4
60173,7,1,0,3,4,6,1,5,7,3,4
60174,6,5,2,7,1,5,9,2,3,2,9
60175,1,7,6,2,0,8,0,9,5,6,5
60176,1,7,6,2,0,8,0,9,5,6,5
60177,7,3,0,6,4,6,1,8,9,3,4
60178,1,7,6,2,0,8,0,9,5,6,5
60179,7,3,0,6,4,6,1,8,9,3,4
60180,1,7,6,2,0,8,0,9,5,6,5
60181,7,1,0,3,4,6,1,5,7,3,4
60182,2,3,4,6,8,2,6,8,9,5,0
60183,3,6,1,8,5,3,2,6,0,1,1
60184,2,3,4,6,8,2,6,5,9,5,6
60185,0,4,7,0,2,7,4,1,4,8,0
60186,7,1,0,3,4,6,1,5,7,3,4
60187,7,1,0,3,4,6,1,5,7,3,4
60188,3,6,1,8,5,3,2,6,0,1,1
60189,1,7,6,2,0,8,0,9,5,6,5
60190,9,9,9,2,7,1,5,7,2,0,5
60191,1,7,6,2,0,8,0,9,5,6,5
60192,3,0,1,4,5,3,2,3,1,1,1
60193,5,8,3,1,6,0,7,1,4,4,0
60194,3,6,1,8,5,3,2,6,0,1,1
60195,1,7,6,2,0,8,0,9,5,6,5
60196,1,7,6,2,0,8,0,9,5,6,5
60197,4,5,8,9,3,4,3,3,8,7,3
60198,0,4,3,0,2,0,4,1,4,8,0
60199,6,3,2,7,1,5,9,2,3,2,9
60200,7,1,0,3,4,6,1,5,7,3,4
60201,4,5,8,8,3,4,3,0,8,7,7
60202,9,9,9,2,7,1,5,7,2,0,5
60203,1,7,6,2,0,8,0,9,5,6,5
60204,9,9,9,2,7,1,5,7,2,0,5
60205,7,1,0,3,4,6,1,5,7,3,4
60206,0,4,7,0,2,7,4,1,4,8,0
60207,7,1,0,3,4,6,1,5,7,3,4
60208,6,5,2,7,1,5,9,2,3,2,9
60209,5,8,3,1,6,0,7,1,4,4,0
60210,5,8,3,1,6,0,7,1,4,4,7
60211,8,2,7,5,9,7,8,4,6,9,8
60212,5,8,3,1,6,0,7,1,4,4,7
60213,1,7,6,2,0,8,0,9,5,6,5
60214,0,4,3,0,2,0,4,1,4,8,0
60215,2,0,4,4,8,2,6,8,1,5,6
60216,7,1,0,3,4,6,1,5,7,3,4
60217,2,3,4,6,8,2,6,3,9,5,6
60218,8,2,7,5,9,7,8,4,6,9,8
60219,2,0,4,4,8,2,6,3,1,5,6
60220,0,4,3,0,2,0,4,1,4,8,2
60221,6,1,2,7,1,5,9,2,3,2,9
60222,6,5,2,7,1,5,9,2,3,2,9
60223,8,2,5,5,9,9,8,4,6,9,2
60224,9,9,9,2,7,1,5,7,2,0,5
60225,6,1,2,7,1,5,9,2,3,2,9
60226,7,1,0,3,4,6,1,8,9,3,4
60227,0,4,7,0,2,7,4,1,4,8,0
60228,9,9,9,2,7,1,5,7,2,0,5
60229,0,4,5,0,2,9,4,4,6,8,2
60230,1,7,6,3,0,8,0,3,5,6,5
60231,1,7,6,2,0,8,0,9,5,6,5
60232,7,1,0,3,4,6,1,5,7,3,4
60233,8,4,5,0,9,9,8,4,6,9,2
60234,0,4,5,0,2,9,4,9,6,8,0
60235,5,8,3,1,6,0,7,1,4,4,7
60236,6,5,2,7,1,5,9,2,3,2,9
60237,6,9,2,7,1,5,9,2,3,2,9
60238,5,8,3,1,6,0,7,1,4,4,0
60239,1,7,6,2,0,8,0,9,5,6,5
60240,7,1,0,3,4,6,1,5,7,3,4
60241,7,1,0,3,4,6,1,5,7,3,4
60242,2,3,4,6,8,2,6,8,9,5,8
60243,0,4,3,0,2,0,4,1,4,8,0
60244,1,7,6,2,0,8,0,9,5,6,5
60245,4,5,8,9,3,4,3,0,8,7,3
60246,3,6,1,8,5,3,2,6,0,1,1
60247,6,5,2,7,1,5,9,3,3,2,9
60248,5,8,3,1,6,0,7,1,4,4,7
60249,9,9,9,2,7,1,5,7,2,0,5
60250,0,4,3,0,2,0,4,1,4,8,0
60251,1,7,6,2,0,8,0,9,5,6,5
60252,0,4,3,0,2,0,4,1,4,8,0
60253,2,3,4,6,8,2,6,5,9,5,6
60254,0,4,5,0,2,9,4,1,4,8,2
60255,0,4,6,0,2,8,4,9,5,8,0
60256,9,9,9,7,7,1,5,7,2,0,5
60257,1,7,6,2,0,8,0,9,5,6,5
60258,6,5,2,7,1,5,9,2,3,2,9
60259,3,6,1,8,5,3,2,6,0,1,1
60260,2,3,4,6,8,2,6,8,9,5,6
60261,1,7,6,2,0,8,0,9,5,6,5
60262,0,4,3,0,2,0,4,1,4,8,2
60263,0,4,5,0,2,9,4,4,6,8,2
60264,0,7,6,0,2,8,4,9,5,6,0
60265,1,7,6,2,0,8,0,9,5,6,5
60266,2,1,4,6,8,2,6,8,7,5,6
60267,1,7,6,2,0,8,0,9,5,6,5
60268,7,1,0,3,4,6,1,5,7,3,4
60269,3,6,1,8,5,3,2,6,0,1,1
60270,7,1,0,3,4,6,1,5,7,3,4
60271,3,6,1,8,5,3,2,6,0,1,1
60272,1,7,6,2,0,8,0,9,5,6,5
60273,0,4,7,0,2,7,4,1,4,8,0
60274,5,8,3,1,6,0,7,1,4,4,7
60275,5,8,3,1,6,0,7,1,4,4,7
60276,1,7,6,2,0,8,0,9,5,6,5
60277,2,3,4,6,8,2,6,8,9,5,6
60278,6,5,2,7,1,5,9,2,3,2,9
60279,1,7,6,2,0,8,0,9,5,6,5
60280,9,9,9,7,7,1,5,7,2,0,9
60281,8,4,7,0,2,7,4,4,6,8,0
60282,1,4,6,0,2,8,0,9,5,8,5
60283,8,2,7,2,9,7,8,4,6,9,8
60284,5,8,3,1,6,0,7,1,4,4,7
60285,6,5,2,7,1,5,9,2,3,2,9
60286,4,5,8,9,3,4,3,3,8,7,3
60287,5,8,3,1,6,0,7,1,4,4,7
60288,1,7,6,2,0,8,0,9,5,6,5
60289,7,1,0,3,4,6,1,5,7,3,4
60290,5,8,3,1,6,0,7,1,4,4,7
60291,6,1,2,7,1,5,9,2,3,2,9
60292,0,8,3,1,6,0,7,1,4,4,0
60293,6,5,2,7,1,5,9,2,3,2,9
60294,3,6,1,8,5,3,2,6,0,1,1
60295,5,8,3,1,6,0,7,1,4,4,7
60296,3,6,1,8,5,3,2,6,0,1,1
60297,3,6,1,8,5,3,2,6,0,1,1
60298,6,5,2,7,1,5,9,2,3,2,9
60299,2,3,4,6,8,2,6,8,9,5,6
60300,1,7,6,2,0,8,0,9,5,6,5
60301,0,4,3,0,2,0,4,1,4,8,0
60302,1,7,6,2,0,8,0,9,5,6,5
60303,5,8,3,1,6,0,7,1,4,4,7
60304,0,4,7,0,2,7,4,4,6,8,0
60305,7,6,0,8,4,6,1,6,0,3,4
60306,9,9,9,2,7,1,5,7,2,0,5
60307,0,4,7,0,2,7,4,4,6,8,0
60308,8,4,7,5,2,7,8,4,6,8,0
60309,7,1,0,3,4,6,1,5,7,3,4
60310,7,1,0,3,4,6,1,5,7,3,4
60311,3,6,1,8,5,3,2,6,0,1,1
60312,3,0,1,4,5,3,2,6,1,1,1
60313,7,1,0,3,4,6,1,5,7,3,4
60314,1,7,6,2,0,8,0,9,5,6,5
60315,0,4,3,0,2,0,4,1,4,8,0
60316,2,7,4,2,8,2,6,3,2,5,5
60317,9,9,9,2,7,1,5,7,2,0,8
60318,7,1,0,3,4,6,1,5,7,3,4
60319,7,1,0,3,4,6,1,5,7,3,4
60320,1,7,6,2,0,8,0,9,5,6,5
60321,9,9,9,2,7,1,5,7,2,0,5
60322,0,8,3,0,2,0,4,1,4,8,0
60323,2,1,4,2,8,2,6,5,9,5,5
60324,7,1,0,3,4,6,1,5,7,3,4
60325,8,2,7,5,9,7,8,4,6,9,8
60326,6,5,2,7,1,5,9,3,3,2,9
60327,3,0,1,4,5,3,2,6,1,1,1
60328,0,4,5,0,2,9,4,4,6,8,2
60329,1,7,6,2,0,8,0,9,5,6,5
60330,1,7,6,2,0,8,0,9,5,6,5
60331,9,9,9,2,7,1,5,7,2,0,5
60332,1,7,6,2,0,8,0,9,5,6,5
60333,7,1,0,3,4,6,1,8,7,3,4
60334,7,1,0,3,4,6,1,5,7,3,4
60335,7,1,0,3,4,6,1,5,7,3,4
60336,5,8,3,1,6,0,7,1,4,4,7
60337,0,4,5,0,2,9,4,1,4,8,2
60338,7,1,0,3,4,6,1,5,7,3,4
60339,4,5,8,9,3,4,3,0,8,7,3
60340,4,7,6,9,0,8,3,3,5,6,3
60341,5,8,3,1,6,0,7,1,4,4,7
60342,1,7,6,2,0,8,0,9,5,6,5
60343,7,1,0,3,4,6,1,5,7,3,4
60344,7,1,0,3,4,6,1,5,7,3,4
60345,1,7,6,2,0,8,0,9,5,6,5
60346,2,3,4,6,8,2,6,3,9,5,6
60347,2,3,4,6,8,2,6,8,9,5,6
60348,1,7,6,2,0,8,0,9,5,6,5
60349,0,4,3,0,2,0,4,1,4,8,0
60350,1,7,6,2,0,8,0,9,5,6,5
60351,7,1,0,3,4,6,1,5,7,3,4
60352,7,6,0,8,4,6,1,6,0,3,4
60353,4,5,8,9,3,4,3,0,8,7,3
60354,9,9,9,2,7,1,5,7,2,0,5
60355,2,3,4,6,8,2,6,8,9,5,6
60356,2,1,4,3,8,2,6,5,7,5,6
60357,1,7,6,2,0,8,0,9,5,6,5
60358,0,8,3,0,2,0,4,1,4,8,0
60359,0,4,3,0,2,0,4,1,4,8,0
60360,5,8,3,1,6,0,7,1,4,4,7
60361,4,5,8,9,3,4,3,0,8,7,3
60362,7,4,5,0,4,9,1,4,6,3,2
60363,1,7,6,2,0,8,0,9,5,6,5
60364,7,1,0,3,4,6,1,5,7,3,4
60365,2,0,4,6,8,2,6,3,9,5,6
60366,4,5,8,9,3,4,3,0,8,7,3
60367,7,1,0,3,4,6,1,5,7,3,4
60368,4,5,8,9,3,4,3,0,8,7,3
60369,7,1,0,3,4,6,1,5,7,3,4
60370,0,4,3,0,2,0,4,1,4,8,0
60371,1,5,6,2,0,8,0,9,5,6,5
60372,7,6,0,8,4,6,1,5,0,3,4
60373,7,3,0,6,4,6,1,8,9,3,4
60374,7,3,0,3,4,6,1,8,9,3,0
60375,2,3,4,6,8,2,6,8,9,5,6
60376,0,4,7,0,2,7,4,1,4,8,0
60377,1,7,6,2,0,8,0,9,5,6,5
60378,1,7,6,2,0,8,0,9,5,6,5
60379,5,8,3,1,6,0,7,1,4,4,7
60380,3,6,1,8,5,3,2,6,0,1,1
60381,0,4,3,0,2,0,7,1,4,8,2
60382,7,1,0,3,4,6,1,5,7,3,4
60383,0,4,5,0,2,9,4,4,6,8,2
60384,4,5,8,9,3,4,3,0,8,7,3
60385,1,7,6,2,0,8,0,9,5,6,5
60386,4,5,8,9,3,4,3,3,8,7,3
60387,1,7,6,2,0,8,0,9,5,6,5
60388,9,9,9,2,7,1,5,7,2,0,5
60389,0,4,7,0,2,7,4,1,4,8,0
60390,6,5,2,7,1,5,9,2,3,2,9
60391,2,3,4,6,8,2,6,8,9,5,6
60392,4,5,8,9,3,4,3,0,8,7,3
60393,1,7,6,2,0,8,0,9,5,6,5
60394,0,4,7,0,2,7,4,4,6,8,0
60395,7,1,0,3,4,6,1,5,7,3,4
60396,6,5,2,7,1,5,9,2,3,2,9
60397,7,1,0,3,4,6,1,5,7,3,4
60398,5,8,3,1,6,0,7,1,4,4,7
60399,5,8,3,1,6,0,7,1,4,4,7
60400,6,0,2,7,1,5,9,2,3,2,9
60401,7,3,0,3,4,6,1,8,9,3,4
60402,7,1,0,3,4,6,1,5,7,3,4
60403,0,4,7,0,2,7,4,4,6,8,0
60404,6,9,2,7,1,5,9,2,3,2,9
60405,5,8,3,1,6,0,7,1,4,4,7
60406,7,1,0,3,4,6,1,5,7,3,4
60407,3,6,1,8,5,3,2,6,0,1,1
60408,7,1,0,3,4,6,1,5,7,3,4
60409,1,7,6,2,0,8,0,9,5,6,5
60410,0,4,3,0,2,0,4,1,4,8,2
60411,1,7,6,2,0,8,0,9,5,6,5
60412,7,1,0,3,4,6,1,5,7,3,4
60413,0,4,5,0,2,9,4,1,4,8,2
60414,0,8,3,0,2,0,4,1,4,8,0
60415,0,4,5,0,2,9,4,1,4,8,2
60416,1,7,6,2,0,8,0,9,5,6,5
60417,0,4,7,0,2,7,4,4,6,8,0
60418,6,5,2,7,1,5,9,2,3,2,9
60419,1,7,6,2,0,8,0,9,5,6,5
60420,8,2,7,5,9,7,8,4,6,9,8
60421,6,5,2,7,1,5,9,2,3,2,9
60422,0,4,3,0,2,0,4,1,4,8,0
60423,6,5,2,7,1,5,9,2,3,2,9
60424,3,6,1,8,5,3,2,6,0,1,1
60425,5,8,3,1,6,0,7,1,4,4,7
60426,8,4,7,0,2,7,8,4,6,8,0
60427,1,7,6,2,0,8,0,9,5,6,5
60428,8,2,7,5,9,7,8,4,6,9,8
60429,7,1,0,3,4,6,1,1,4,3,0
60430,1,7,6,2,0,8,0,9,5,6,5
60431,7,1,0,3,4,6,1,5,7,3,4
60432,5,8,3,1,6,0,7,1,4,4,0
60433,0,4,7,0,2,7,4,1,6,8,0
60434,0,4,3,0,2,0,4,1,4,8,0
60435,2,3,5,6,8,9,6,8,9,5,6
60436,8,3,7,6,9,7,8,8,9,9,8
60437,7,1,0,3,4,6,1,5,7,3,4
60438,0,4,5,0,2,9,4,4,6,8,2
60439,4,5,8,9,3,4,3,3,8,7,3
60440,3,6,1,8,5,3,2,6,0,1,1
60441,3,0,1,4,5,3,2,6,1,1,1
60442,7,1,0,3,4,6,1,5,7,3,4
60443,2,3,4,6,8,2,6,3,9,5,6
60444,2,3,4,6,8,2,6,8,9,5,6
60445,3,6,1,8,5,3,2,6,0,1,1
60446,4,5,8,9,3,4,3,0,8,7,3
60447,8,2,7,5,9,7,8,4,6,9,8
60448,2,3,4,6,8,2,6,8,9,5,6
60449,7,1,0,3,4,6,1,5,7,3,4
60450,7,1,0,3,4,6,1,5,7,3,4
60451,7,3,4,6,4,6,6,8,9,3,6
60452,9,9,9,2,7,1,5,7,2,0,5
60453,7,1,0,3,4,6,1,5,7,3,4
60454,5,8,3,1,6,0,7,1,4,4,7
60455,9,9,9,2,7,1,5,7,2,0,5
60456,1,9,6,2,0,8,0,9,5,6,5
60457,2,1,4,3,8,2,6,3,7,5,6
60458,2,3,4,6,8,2,6,8,9,5,0
60459,3,6,1,8,5,3,2,6,0,1,1
60460,0,4,7,0,2,7,4,4,6,8,0
60461,5,5,8,1,6,4,7,0,8,4,7
60462,4,5,8,9,3,4,3,0,8,7,3
60463,4,5,8,9,3,4,3,0,8,7,3
60464,8,2,5,5,9,9,8,4,6,9,8
60465,2,3,4,6,8,2,6,8,9,5,6
60466,2,3,4,6,8,2,6,8,9,5,6
60467,6,1,2,2,1,5,9,2,3,2,5
60468,8,2,7,5,9,7,8,4,6,9,8
60469,7,1,0,3,4,6,1,5,7,3,4
60470,2,3,4,6,8,2,6,8,9,5,6
60471,0,4,7,0,2,7,4,1,4,8,0
60472,5,5,8,9,3,4,3,0,8,7,7
60473,1,7,6,2,0,8,0,9,5,6,5
60474,2,3,4,6,8,2,6,8,9,5,6
60475,5,8,3,1,6,0,7,1,4,4,7
60476,1,7,6,2,0,8,0,9,5,6,5
60477,6,5,2,7,1,5,9,2,3,2,9
60478,7,1,0,3,4,6,1,5,7,3,4
60479,7,1,0,3,4,6,1,5,7,3,4
60480,9,9,9,2,7,1,5,7,2,0,5
60481,0,8,3,1,2,0,4,1,4,4,0
60482,5,8,3,1,6,0,7,1,4,4,7
60483,9,9,9,2,7,1,5,7,2,0,8
60484,0,4,3,0,2,0,4,1,4,8,0
60485,3,0,1,4,5,3,2,6,1,1,1
60486,5,8,3,1,6,0,7,1,4,4,7
60487,0,8,3,1,6,0,7,1,4,4,0
60488,0,4,7,0,2,7,4,4,6,8,0
60489,1,7,6,2,0,8,0,9,5,6,5
60490,3,5,1,9,5,3,2,6,8,1,1
60491,2,3,4,6,8,2,6,8,9,5,6
60492,6,3,2,7,1,5,9,2,3,2,9
60493,7,1,0,3,4,6,1,5,7,3,4
60494,8,4,5,5,9,9,8,4,6,9,2
60495,2,0,4,4,8,2,6,3,1,5,6
60496,5,8,3,1,6,0,7,1,4,4,0
60497,0,4,7,0,2,7,4,9,5,8,0
60498,2,3,4,6,8,2,6,8,9,5,6
60499,1,7,6,2,0,8,0,3,5,6,5
60500,7,1,0,3,4,6,1,5,7,3,4
60501,5,8,3,1,6,0,7,1,4,4,7
60502,9,9,9,2,7,1,5,3,2,0,5
60503,6,5,2,7,1,5,9,2,3,2,9
60504,1,7,6,2,0,8,0,9,5,6,5
60505,7,3,0,6,4,6,1,8,9,3,4
60506,9,9,9,2,7,1,5,7,2,0,5
60507,7,1,0,3,4,6,1,5,7,3,4
60508,2,3,4,6,8,2,6,3,9,5,6
60509,7,1,0,3,4,6,1,5,7,3,4
60510,8,2,5,5,9,9,8,4,6,9,8
60511,9,9,9,2,7,1,5,7,2,0,8
60512,9,9,9,2,7,1,5,7,2,0,5
60513,6,5,2,7,1,5,9,2,3,2,9
60514,5,6,1,8,5,3,2,6,0,1,7
60515,0,7,6,2,0,8,0,9,5,6,5
60516,6,5,2,7,1,5,9,2,3,2,9
60517,4,5,8,9,3,4,3,0,8,7,3
60518,7,3,0,6,4,6,1,8,9,3,4
60519,0,4,7,0,2,7,4,1,4,8,0
60520,9,9,9,2,7,1,5,7,2,0,5
60521,0,4,3,0,2,0,4,1,4,8,0
60522,5,8,3,1,6,0,7,1,4,4,7
60523,9,9,9,2,7,1,5,7,2,0,5
60524,7,1,0,3,4,6,1,5,7,3,4
60525,3,6,1,8,5,3,2,6,0,1,1
60526,7,1,0,3,4,6,1,5,7,3,4
60527,7,1,0,3,4,6,1,5,7,3,4
60528,7,7,6,3,4,8,1,9,5,3,4
60529,1,7,6,2,0,8,0,9,5,6,5
60530,0,4,3,0,2,0,4,1,4,8,0
60531,1,7,6,2,0,8,0,9,5,6,5
60532,0,4,7,0,2,7,4,1,4,8,0
60533,5,8,3,1,6,0,7,1,4,4,7
60534,4,5,8,9,3,4,3,0,8,7,3
60535,5,8,3,1,6,0,7,1,4,4,7
60536,1,7,6,2,0,8,0,9,5,6,5
60537,1,7,6,2,0,8,0,9,5,6,5
60538,9,9,9,2,7,1,5,7,2,0,5
60539,6,5,2,7,1,5,9,2,3,2,9
60540,7,1,0,3,4,6,1,5,7,3,4
60541,5,8,3,1,6,0,7,1,4,4,7
60542,1,7,6,2,0,8,0,9,5,6,5
60543,0,4,3,0,2,0,4,1,4,8,0
60544,5,8,3,1,6,0,7,1,4,4,7
60545,3,0,1,4,5,3,2,6,1,1,1
60546,3,6,1,8,5,3,2,6,0,1,1
60547,6,3,2,7,1,5,9,2,3,2,9
60548,2,1,4,3,8,2,6,3,9,5,6
60549,6,5,2,7,1,5,9,2,3,2,9
60550,8,4,7,0,2,7,4,4,6,8,0
60551,1,7,6,2,0,8,0,9,5,6,5
60552,4,5,8,9,3,4,3,0,8,7,3
60553,4,5,8,9,3,4,3,0,8,7,3
60554,8,2,5,5,9,9,8,4,6,9,2
60555,8,2,7,5,9,7,8,4,6,9,8
60556,5,8,3,1,6,0,7,1,4,4,7
60557,0,4,5,0,2,9,4,1,4,8,2
60558,0,4,7,0,2,7,4,1,6,8,0
60559,5,5,8,1,6,4,7,0,8,4,7
60560,8,2,7,5,9,7,8,4,6,9,0
60561,3,6,1,8,5,3,2,6,0,1,1
60562,5,8,3,1,6,0,7,1,4,4,0
60563,2,3,4,6,8,2,6,8,9,5,6
60564,7,1,0,3,4,6,1,5,7,3,4
60565,0,4,7,0,2,7,4,4,6,8,0
60566,1,7,6,2,0,8,0,3,2,6,5
60567,7,1,0,3,4,6,1,5,7,3,4
60568,4,5,8,9,3,4,3,0,8,7,3
60569,7,1,0,3,4,6,1,5,7,3,4
60570,2,3,4,6,8,2,6,8,9,5,6
60571,0,4,7,0,2,7,4,1,4,8,0
60572,2,3,4,6,8,2,6,8,9,5,0
60573,7,1,0,3,4,6,1,5,7,3,4
60574,7,1,0,3,4,6,1,5,7,3,4
60575,0,4,7,0,2,7,4,1,4,8,0
60576,7,1,0,3,4,6,1,5,7,3,4
60577,0,4,3,0,2,0,4,1,4,8,0
60578,2,3,4,6,8,2,6,8,9,5,6
60579,8,2,5,5,9,9,8,4,6,9,8
60580,2,3,4,6,8,2,6,8,9,5,6
60581,3,6,1,8,5,3,2,6,0,1,1
60582,9,9,9,2,7,1,5,7,2,0,5
60583,6,5,2,7,1,5,9,2,3,2,9
60584,1,7,6,2,0,8,0,9,5,6,5
60585,0,4,3,0,2,0,4,1,4,8,2
60586,3,6,1,8,5,3,2,6,0,1,1
60587,4,5,8,9,3,4,3,0,8,7,3
60588,7,1,0,3,4,6,1,5,7,3,4
60589,0,8,3,0,2,0,4,1,4,8,0
60590,7,1,0,3,4,6,1,5,7,3,4
60591,7,1,0,3,4,6,1,5,7,3,4
60592,3,6,1,8,5,3,2,6,0,1,1
60593,0,4,5,0,2,9,4,4,6,8,2
60594,4,5,8,9,3,4,3,0,8,7,3
60595,7,1,0,3,4,6,1,5,7,3,4
60596,2,3,4,6,8,2,6,8,9,5,6
60597,5,5,1,1,5,3,7,0,8,1,7
60598,0,4,7,0,2,7,4,1,4,8,0
60599,5,8,3,1,6,0,7,1,4,4,7
60600,4,5,8,9,3,4,3,0,8,7,3
60601,9,3,9,2,7,1,5,8,2,0,5
60602,5,5,2,7,1,5,7,0,8,2,7
60603,2,3,4,6,8,2,6,8,9,5,6
60604,2,3,4,6,8,2,6,8,9,5,0
60605,9,9,9,5,7,1,5,7,2,0,8
60606,2,3,4,6,8,2,6,5,9,5,6
60607,4,5,8,9,3,4,3,0,8,7,3
60608,3,6,1,8,5,3,2,6,0,1,1
60609,9,9,9,2,7,1,5,7,2,0,5
60610,4,5,8,9,3,4,3,3,8,7,3
60611,3,6,1,8,5,3,2,6,0,1,1
60612,6,5,2,7,1,5,9,2,3,2,9
60613,9,9,9,2,7,1,5,7,2,0,5
60614,1,7,6,2,0,8,0,9,5,6,5
60615,9,9,9,2,7,1,5,7,2,0,5
60616,0,8,3,0,2,0,4,1,4,8,0
60617,8,2,5,5,9,9,8,4,6,9,8
60618,7,1,0,3,4,6,1,5,7,3,4
60619,1,7,6,0,0,8,0,9,5,6,0
60620,3,6,1,8,5,3,2,6,0,1,1
60621,2,3,4,6,8,2,6,8,9,5,0
60622,0,8,3,1,6,0,7,1,4,4,0
60623,4,5,8,9,3,4,3,0,8,7,3
60624,9,9,9,2,7,1,5,7,2,0,5
60625,4,5,8,9,3,4,3,0,8,7,3
60626,8,2,5,5,9,9,8,4,6,9,8
60627,0,4,3,0,2,0,4,1,4,8,0
60628,5,8,3,1,6,0,7,1,4,4,0
60629,6,5,2,7,1,5,9,3,3,2,9
60630,5,8,3,1,6,0,7,1,4,4,7
60631,2,3,4,6,8,2,6,8,9,5,6
60632,6,5,2,7,1,5,9,2,3,2,9
60633,6,5,2,7,1,5,9,2,3,2,9
60634,5,8,3,1,6,0,7,1,4,4,7
60635,9,9,9,2,7,1,5,7,2,0,9
60636,0,4,5,0,2,9,4,1,4,8,2
60637,7,1,0,3,4,6,1,5,7,3,4
60638,8,2,7,5,9,7,8,4,6,9,8
60639,0,4,7,0,2,7,4,4,6,8,0
60640,1,7,6,2,0,8,0,9,5,6,5
60641,2,3,4,6,8,2,6,8,9,5,6
60642,3,0,1,4,5,3,2,3,1,1,1
60643,6,9,2,7,1,5,9,2,3,2,9
60644,3,0,1,4,5,3,2,6,1,1,1
60645,4,3,4,9,8,2,3,8,9,5,3
60646,1,7,6,2,0,8,0,9,5,6,5
60647,1,7,6,2,0,8,0,9,5,6,5
60648,7,1,0,3,4,6,1,5,7,3,4
60649,0,4,3,0,2,0,4,1,4,8,0
60650,4,5,8,9,3,4,3,3,8,7,3
60651,0,4,5,0,2,9,4,1,4,8,2
60652,1,7,6,2,0,8,0,9,5,6,5
60653,1,7,6,2,0,8,0,9,5,6,5
60654,7,6,0,8,4,6,1,5,0,3,4
60655,2,3,4,6,8,2,6,8,9,5,6
60656,3,6,1,8,5,3,2,6,0,1,1
60657,7,1,0,3,4,6,1,5,7,3,4
60658,0,4,7,0,2,7,4,1,4,8,7
60659,0,4,5,0,2,9,4,1,4,8,0
60660,0,4,7,0,2,7,4,1,4,8,0
60661,2,3,4,6,8,2,6,3,9,5,6
60662,0,8,3,1,6,0,7,1,4,4,0
60663,1,7,6,2,0,8,0,9,5,6,5
60664,2,3,4,6,8,2,6,8,9,5,6
60665,5,5,8,1,6,4,7,0,8,4,7
60666,8,2,5,5,9,9,8,4,6,9,8
60667,1,7,6,2,0,8,0,9,5,6,5
60668,5,8,3,1,6,0,7,1,4,4,0
60669,1,7,6,3,0,8,0,9,5,6,4
60670,8,2,7,5,9,7,8,4,2,9,8
60671,5,8,3,1,6,0,7,1,4,4,7
60672,1,7,6,2,0,8,0,9,5,6,5
60673,8,2,7,5,9,7,8,4,6,9,8
60674,2,1,4,3,8,2,6,5,7,5,6
60675,1,7,6,2,0,8,0,9,5,6,5
60676,8,2,5,5,9,9,8,4,6,9,2
60677,7,1,0,3,4,6,1,5,7,3,4
60678,5,8,3,1,6,0,7,1,4,4,7
60679,0,4,5,0,2,9,4,9,5,8,2
60680,4,5,8,9,3,4,3,0,8,7,3
60681,5,8,3,1,6,0,7,1,4,4,7
60682,1,7,6,2,0,8,0,9,5,6,5
60683,1,1,6,3,0,8,0,5,7,6,4
60684,5,8,3,1,6,0,7,1,4,4,7
60685,2,3,4,6,8,2,6,8,9,5,6
60686,7,1,0,3,4,6,1,5,7,3,4
60687,7,1,0,3,4,6,1,5,7,3,4
60688,4,3,4,9,8,2,3,3,9,5,3
60689,0,4,7,0,2,7,4,4,6,8,0
60690,6,5,2,7,1,5,9,2,3,2,9
60691,5,8,3,1,6,0,7,1,4,4,7
60692,8,2,5,5,9,9,8,4,6,9,8
60693,2,3,4,6,8,2,6,8,9,5,6
60694,2,3,4,6,8,2,6,8,9,5,8
60695,1,7,6,2,0,8,0,9,5,6,5
60696,1,7,6,2,0,8,0,9,5,6,5
60697,5,8,3,1,6,0,7,1,4,4,0
60698,5,8,3,1,6,0,7,1,4,4,7
60699,0,4,6,0,2,8,4,9,5,8,0
60700,1,7,6,2,0,8,0,9,5,6,5
60701,3,0,1,4,5,3,2,6,1,1,1
60702,8,2,5,5,9,9,8,4,6,9,2
60703,0,4,3,0,2,0,4,1,4,8,0
60704,3,0,1,4,5,3,2,6,1,1,1
60705,0,4,5,0,2,9,4,1,4,8,2
60706,0,8,3,1,6,0,7,1,4,4,0
60707,0,4,7,0,2,7,4,4,6,8,0
60708,5,8,3,1,6,0,7,1,4,4,0
60709,2,3,4,6,8,2,6,8,9,5,6
60710,2,3,4,6,8,2,6,8,9,5,6
60711,3,0,1,4,5,3,2,5,1,1,1
60712,0,8,3,0,2,0,4,1,4,8,0
60713,3,6,1,8,5,3,2,6,0,1,1
60714,7,1,0,3,4,6,1,5,7,3,4
60715,6,3,2,7,1,5,9,2,3,2,9
60716,1,7,6,2,0,8,0,9,5,6,5
60717,5,5,8,9,3,4,7,0,8,7,7
60718,2,3,4,6,8,2,6,8,9,5,6
60719,5,8,3,1,6,0,7,1,4,4,7
60720,7,1,0,3,4,6,1,5,7,3,4
60721,3,6,1,8,5,3,2,6,0,1,1
60722,5,8,3,1,6,0,7,1,4,4,7
60723,5,8,3,1,6,0,7,1,4,4,7
60724,4,5,8,9,3,4,3,0,8,7,3
60725,1,7,6,2,0,8,0,9,5,6,5
60726,0,4,3,0,2,0,4,1,4,8,0
60727,7,1,0,3,4,6,1,5,7,3,4
60728,7,1,0,3,4,6,1,8,7,3,4
60729,4,5,8,9,3,4,3,3,8,7,3
60730,5,8,3,1,6,0,7,1,4,4,7
60731,6,5,2,7,1,5,9,2,3,2,9
60732,5,5,8,9,3,4,7,0,8,7,7
60733,5,8,3,1,6,0,7,1,4,4,7
60734,1,7,6,3,0,8,0,9,5,6,6
60735,1,7,6,2,0,8,0,9,5,6,5
60736,5,8,3,1,6,0,7,1,4,4,7
60737,3,6,8,8,3,4,2,0,0,7,7
60738,7,1,0,3,4,6,1,5,7,3,4
60739,2,0,4,6,8,2,6,3,9,5,6
60740,0,4,3,0,2,0,4,1,4,8,0
60741,9,9,9,2,7,1,5,7,2,0,5
60742,3,6,1,8,5,3,2,6,0,1,1
60743,4,5,8,9,3,4,3,3,8,7,3
60744,6,5,2,7,1,5,9,2,3,2,9
60745,9,9,9,2,7,1,5,7,2,0,5
60746,0,4,5,0,2,9,4,4,6,8,2
60747,7,1,0,3,4,6,1,5,7,3,4
60748,5,8,3,1,6,0,7,1,4,4,0
60749,1,7,6,2,0,8,0,9,5,6,5
60750,3,6,1,8,5,3,2,6,0,1,1
60751,7,1,0,3,4,6,1,5,7,3,4
60752,0,4,7,0,2,7,4,1,4,8,0
60753,7,1,0,3,4,6,1,5,7,3,4
60754,1,7,6,2,0,8,0,9,5,6,5
60755,1,7,6,2,0,8,0,9,5,6,5
60756,0,4,5,0,2,9,4,4,6,8,2
60757,0,4,7,0,2,7,4,1,4,8,0
60758,0,4,7,0,2,7,4,4,6,8,0
60759,0,4,7,0,2,7,4,4,6,8,0
60760,8,2,7,5,9,7,8,4,6,9,8
60761,2,3,4,6,8,2,6,8,9,5,6
60762,5,8,3,1,6,0,7,1,4,4,7
60763,3,6,1,8,5,3,2,6,0,1,1
60764,6,5,2,7,1,5,9,2,3,2,9
60765,0,4,7,0,2,7,4,1,4,8,0
60766,7,1,0,3,4,6,1,5,7,3,4
60767,9,9,9,2,7,1,5,7,2,0,5
60768,1,7,6,2,0,8,0,9,5,6,5
60769,4,5,8,9,3,4,3,3,8,7,3
60770,5,8,7,1,6,7,7,1,4,4,0
60771,0,4,3,0,2,0,4,1,4,8,2
60772,1,7,6,2,0,8,0,9,5,6,5
60773,0,4,3,0,2,0,4,1,4,8,0
60774,0,4,3,0,2,0,4,1,4,8,0
60775,6,5,2,7,1,5,9,2,3,2,9
60776,5,8,3,1,6,0,7,1,4,4,7
60777,1,7,6,2,0,8,0,9,5,6,5
60778,7,1,0,3,4,6,1,5,7,3,4
60779,2,2,4,6,8,2,6,4,9,5,8
60780,7,1,0,3,4,6,1,5,7,3,4
60781,7,1,0,3,4,6,1,5,7,3,4
60782,7,1,0,3,4,6,1,5,7,3,4
60783,1,7,6,2,0,8,0,9,5,6,5
60784,5,8,3,1,6,0,7,1,4,4,7
60785,7,1,0,3,4,6,1,5,7,3,4
60786,4,5,8,9,3,4,3,0,8,7,3
60787,5,8,0,1,6,6,7,5,7,4,7
60788,0,4,3,0,2,0,4,1,4,8,0
60789,5,8,3,1,6,0,7,1,4,4,7
60790,1,7,6,2,0,8,0,9,5,6,5
60791,5,8,3,1,6,0,7,1,4,4,7
60792,7,1,0,3,4,6,1,5,7,3,4
60793,7,1,0,3,4,6,1,5,7,3,4
60794,3,0,1,4,5,3,2,6,1,1,1
60795,1,7,6,2,0,8,0,9,5,6,5
60796,6,5,2,7,1,5,9,2,3,2,9
60797,1,7,6,2,0,8,0,9,5,6,5
60798,1,7,6,2,0,8,0,9,5,6,5
60799,6,5,2,7,1,5,9,2,3,2,9
60800,7,1,0,3,4,6,1,5,7,3,4
60801,7,1,0,3,4,6,1,5,7,3,4
60802,5,8,3,1,6,0,7,1,4,4,7
60803,5,8,3,1,6,0,7,1,4,4,7
60804,5,6,1,8,6,3,7,6,0,4,7
60805,2,3,4,6,8,2,6,8,9,5,6
60806,7,1,0,3,4,6,1,5,7,3,4
60807,7,1,0,3,4,6,1,5,7,3,4
60808,7,1,0,3,4,6,1,5,7,3,4
60809,1,7,6,2,0,8,0,9,5,6,5
60810,6,5,5,7,1,9,9,4,6,2,2
60811,7,1,0,3,4,6,1,5,7,3,4
60812,7,1,0,3,4,6,1,5,7,3,4
60813,8,2,7,5,9,7,8,4,6,9,8
60814,4,5,8,9,3,4,3,0,8,7,3
60815,7,1,0,3,4,6,1,5,7,3,4
60816,7,1,0,3,4,6,1,7,7,3,4
60817,4,5,8,9,3,4,3,0,8,7,3
60818,1,7,6,2,0,8,0,9,5,6,5
60819,7,1,0,3,4,6,1,5,7,3,4
60820,4,5,8,9,3,4,3,0,8,7,3
60821,3,6,1,8,5,3,2,6,0,1,1
60822,0,4,5,0,2,9,4,1,4,8,2
60823,6,5,2,7,1,5,9,2,3,2,9
60824,1,7,6,2,0,8,0,9,5,6,5
60825,0,4,5,0,2,9,4,1,4,8,2
60826,1,7,6,2,0,8,0,9,5,6,5
60827,8,2,7,5,9,7,8,4,6,9,8
60828,6,3,2,7,1,5,9,2,3,2,9
60829,8,5,7,5,9,7,8,3,2,9,8
60830,5,5,3,7,6,0,7,1,4,4,9
60831,1,7,6,2,0,8,0,9,5,6,5
60832,0,4,5,0,2,9,4,1,4,8,0
60833,0,4,7,0,2,7,4,4,6,8,0
60834,1,7,6,2,0,8,0,9,5,6,5
60835,1,7,6,2,0,8,0,9,5,6,5
60836,9,9,9,2,7,1,5,7,2,0,5
60837,7,9,0,2,4,6,1,7,7,3,5
60838,5,8,3,1,6,0,7,1,4,4,7
60839,2,3,4,6,8,2,6,3,9,5,6
60840,9,9,9,2,7,1,5,7,2,0,5
60841,5,8,3,1,6,0,7,1,4,4,7
60842,8,2,5,2,9,9,8,4,6,9,5
60843,5,8,3,1,6,0,7,1,4,4,7
60844,7,1,0,3,4,6,1,5,7,3,4
60845,3,6,1,4,5,3,2,6,1,1,1
60846,8,2,5,5,9,9,8,4,6,9,8
60847,7,1,0,3,4,6,1,5,7,3,4
60848,9,9,9,2,7,1,5,7,2,0,5
60849,7,1,0,3,4,6,1,5,7,3,4
60850,1,7,6,2,0,8,0,9,5,6,5
60851,3,0,1,4,5,3,2,3,1,1,1
60852,0,4,5,0,2,9,4,1,4,8,2
60853,8,2,9,5,9,1,8,7,2,9,8
60854,3,6,1,8,5,3,2,6,0,1,1
60855,7,1,0,3,4,6,1,5,7,3,4
60856,8,2,7,5,9,7,8,4,6,9,8
60857,2,3,4,6,8,2,6,8,9,5,6
60858,6,5,2,7,1,5,9,2,3,2,9
60859,0,4,5,0,2,9,4,4,6,8,2
60860,4,5,8,9,3,4,3,0,8,7,3
60861,4,5,8,9,3,4,3,0,8,7,3
60862,0,8,3,1,6,0,7,1,4,4,0
60863,6,5,2,7,1,5,9,2,3,2,9
60864,2,3,4,6,8,2,6,8,9,5,6
60865,7,1,0,3,4,6,1,5,7,3,4
60866,7,1,0,3,4,6,1,5,7,3,4
60867,7,1,0,3,4,6,1,5,7,3,4
60868,6,5,2,7,1,5,9,2,3,2,9
60869,2,3,4,6,8,2,6,8,9,5,6
60870,2,3,4,6,8,2,6,3,9,5,3
60871,3,0,1,4,5,3,2,6,1,1,1
60872,2,3,4,6,8,2,6,8,9,5,6
60873,6,5,2,7,1,5,9,2,3,2,9
60874,8,2,7,5,9,7,8,4,6,9,8
60875,6,5,2,7,1,5,9,2,3,2,9
60876,7,1,0,3,4,6,1,5,7,3,4
60877,7,1,0,3,4,6,1,5,7,3,4
60878,7,1,0,3,4,6,1,5,7,3,4
60879,2,3,4,6,8,2,6,8,9,5,6
60880,8,2,5,5,9,9,8,4,6,9,8
60881,5,8,3,1,6,0,7,1,4,4,0
60882,8,2,7,5,9,7,8,4,6,9,8
60883,7,1,0,3,4,6,1,5,7,3,4
60884,7,1,0,3,4,6,1,5,7,3,4
60885,4,5,8,9,3,4,3,0,8,7,3
60886,4,5,8,9,3,4,3,0,8,7,3
60887,7,1,0,3,4,6,1,5,7,3,4
60888,6,5,2,7,1,5,9,2,3,2,9
60889,1,7,6,2,0,8,0,9,5,6,5
60890,7,1,0,3,4,6,1,5,7,3,4
60891,9,9,9,7,7,1,5,7,2,0,9
60892,6,5,2,7,1,5,9,2,3,2,9
60893,5,8,3,1,6,0,7,1,4,4,7
60894,7,1,0,3,4,6,1,5,7,3,4
60895,7,1,0,3,4,6,1,5,7,3,4
60896,3,0,1,4,5,3,2,6,1,1,1
60897,7,1,0,3,4,6,1,5,7,3,4
60898,1,7,6,2,0,8,0,9,5,6,5
60899,7,1,0,3,4,6,1,5,7,3,4
60900,1,7,6,2,0,8,0,9,5,6,5
60901,5,8,3,1,6,0,7,1,4,4,7
60902,0,4,3,0,2,0,4,1,4,8,0
60903,4,5,8,9,3,4,3,0,8,7,3
60904,3,6,1,8,5,3,2,6,0,1,1
60905,6,5,2,7,1,5,9,2,3,2,9
60906,5,8,3,1,6,0,7,1,4,4,0
60907,9,9,9,2,7,1,5,7,2,0,5
60908,8,2,7,5,9,7,8,4,6,9,0
60909,5,8,3,1,6,0,7,1,4,4,7
60910,0,8,3,1,6,0,4,1,4,4,0
60911,8,2,5,5,9,9,8,4,6,9,2
60912,7,1,0,3,4,6,1,5,7,3,4
60913,5,8,3,1,6,0,7,1,4,4,7
60914,2,3,4,6,8,2,6,8,9,5,6
60915,7,1,0,3,4,6,1,5,7,3,4
60916,5,8,3,1,6,0,7,1,4,4,7
60917,0,4,5,0,2,9,4,1,4,8,2
60918,1,7,6,2,0,8,0,9,5,6,5
60919,1,7,6,2,0,8,0,9,5,6,5
60920,1,7,6,2,0,8,0,9,5,6,5
60921,6,5,2,7,1,5,9,2,3,2,9
60922,6,3,2,7,1,5,9,2,3,2,9
60923,7,1,0,3,4,6,1,5,7,3,4
60924,8,2,5,5,9,9,8,4,6,9,8
60925,7,1,0,3,4,6,1,5,7,3,4
60926,6,5,2,7,1,5,9,2,3,2,9
60927,7,1,0,3,4,6,1,5,7,3,4
60928,5,8,3,1,6,0,7,1,4,4,7
60929,1,7,6,2,0,8,0,9,5,6,5
60930,1,7,6,2,0,8,0,9,5,6,5
60931,0,8,3,1,6,0,4,1,4,4,0
60932,3,6,1,8,5,3,2,6,0,1,1
60933,7,1,0,3,4,6,1,5,7,3,4
60934,7,1,0,3,4,6,1,5,7,3,4
60935,0,4,7,0,2,7,4,4,6,8,8
60936,7,1,0,3,4,6,1,8,9,3,4
60937,5,5,8,1,6,4,7,0,8,4,7
60938,7,1,0,3,4,6,1,5,7,3,4
60939,3,6,1,8,5,3,2,6,0,1,1
60940,4,5,8,9,3,4,3,0,8,7,3
60941,0,4,5,0,2,9,4,1,4,8,2
60942,4,5,8,9,3,4,3,0,8,7,3
60943,9,9,9,2,7,1,5,3,2,0,5
60944,1,7,6,2,0,8,0,9,5,6,5
60945,6,1,2,7,1,5,9,2,3,2,9
60946,0,4,5,0,2,9,4,1,4,8,0
60947,0,4,7,0,2,7,4,1,4,8,0
60948,1,7,6,2,0,8,0,9,5,6,5
60949,1,7,6,2,0,8,0,9,5,6,5
60950,6,2,2,7,1,5,9,2,3,2,8
60951,0,4,3,0,2,0,4,1,4,8,0
60952,5,8,3,1,6,0,7,1,4,4,7
60953,0,4,7,0,2,7,4,4,6,8,0
60954,0,4,3,0,2,0,4,1,4,8,0
60955,4,1,0,3,4,6,3,5,7,3,3
60956,1,7,6,9,0,8,0,9,5,6,3
60957,7,1,0,3,4,6,1,5,7,3,4
60958,7,1,0,3,4,6,1,5,7,3,4
60959,1,7,6,2,0,8,0,9,5,6,0
60960,1,7,6,2,0,8,0,9,5,6,5
60961,2,3,4,6,8,2,6,8,9,5,6
60962,0,4,3,0,2,0,4,1,4,8,0
60963,1,7,6,2,0,8,0,9,5,6,5
60964,9,9,9,2,7,1,5,7,2,0,5
60965,3,0,1,4,5,3,2,3,1,1,1
60966,8,2,5,5,9,9,8,4,6,9,8
60967,1,7,6,2,0,8,0,9,5,6,5
60968,0,4,3,0,2,0,4,1,4,8,0
60969,5,8,3,1,6,0,7,1,4,4,7
60970,7,1,0,3,4,6,1,5,7,3,4
60971,5,8,3,1,6,0,7,1,4,4,7
60972,3,6,1,8,5,3,2,6,0,1,1
60973,5,5,8,9,3,4,3,0,8,7,7
60974,6,1,2,7,1,5,9,2,3,2,9
60975,6,5,2,7,1,5,9,2,3,2,9
60976,7,1,0,3,4,6,1,5,7,3,4
60977,9,9,9,2,7,1,5,7,2,0,5
60978,7,1,0,3,4,6,1,5,7,3,4
60979,1,7,6,2,0,8,0,9,5,6,5
60980,6,5,2,7,1,5,9,2,3,2,9
60981,3,6,1,8,5,3,2,6,0,1,1
60982,7,1,0,3,4,6,1,8,7,3,4
60983,2,3,4,6,8,2,6,8,9,5,6
60984,1,7,6,2,0,8,0,9,5,6,5
60985,6,3,2,7,1,5,9,2,3,2,9
60986,4,5,8,9,3,4,3,0,8,7,3
60987,0,4,5,0,2,9,4,1,4,8,2
60988,1,7,6,2,0,8,0,9,5,6,5
60989,4,5,8,9,3,4,3,0,8,7,3
60990,6,7,6,2,1,8,9,9,5,2,5
60991,7,1,0,3,4,6,1,8,7,3,4
60992,0,4,3,0,2,0,4,1,4,8,0
60993,2,0,4,4,8,2,6,3,1,5,6
60994,1,7,6,2,0,8,0,9,5,6,5
60995,6,5,2,7,1,5,9,2,3,2,9
60996,6,5,2,7,1,5,9,2,3,2,9
60997,3,0,1,4,5,3,2,6,1,1,1
60998,8,2,8,5,9,4,8,0,8,9,3
60999,0,8,3,1,6,0,7,1,4,4,0
61000,8,2,5,5,9,9,8,4,6,9,8
61001,4,0,8,9,3,4,3,0,8,7,3
61002,6,3,2,7,1,5,9,2,3,2,9
61003,7,1,0,3,4,6,1,5,7,3,4
61004,1,7,6,2,0,8,0,9,5,6,5
61005,0,4,7,0,2,7,4,1,4,8,0
61006,0,4,5,0,2,9,4,1,4,8,2
61007,2,3,6,6,8,8,6,8,9,5,0
61008,1,7,6,2,0,8,0,9,5,6,5
61009,3,6,1,8,5,3,2,6,0,1,1
61010,5,4,3,0,2,0,4,1,4,8,7
61011,1,7,6,2,0,8,0,9,5,6,5
61012,0,4,3,0,2,0,4,1,4,8,0
61013,0,4,3,0,2,0,4,1,4,8,0
61014,5,7,3,2,6,0,7,3,4,4,5
61015,8,2,7,5,9,7,8,4,6,9,8
61016,6,5,2,7,1,5,9,2,3,2,9
61017,5,8,3,1,6,0,7,1,4,4,7
61018,7,3,0,6,4,6,1,8,9,3,4
61019,9,9,9,2,7,1,5,7,2,0,5
61020,7,1,0,3,4,6,1,5,7,3,4
61021,8,2,5,5,9,9,8,4,6,9,8
61022,0,4,3,0,2,0,4,1,4,8,0
61023,5,8,3,1,6,0,7,1,4,4,7
61024,8,2,7,5,9,7,8,4,6,9,8
61025,9,9,9,2,7,1,5,7,2,0,5
61026,7,1,0,3,4,6,1,5,7,3,4
61027,1,7,6,2,0,8,0,9,5,6,5
61028,7,1,0,3,4,6,1,5,7,3,4
61029,2,3,4,6,8,2,6,8,9,5,6
61030,1,7,6,2,0,8,0,9,5,6,5
61031,6,5,2,7,1,5,9,2,3,2,9
61032,4,5,8,9,3,4,3,8,8,7,3
61033,2,3,4,6,8,2,6,8,9,5,6
61034,3,0,1,4,5,3,2,6,1,1,1
61035,5,5,8,1,6,4,7,0,8,4,7
61036,7,1,0,3,4,6,1,5,7,3,4
61037,1,7,6,2,0,8,0,9,5,6,5
61038,1,7,6,2,0,8,0,9,5,6,5
61039,1,7,6,2,0,8,0,9,5,6,5
61040,1,7,6,2,0,8,0,9,5,6,5
61041,2,3,4,6,8,2,6,8,9,5,6
61042,7,1,0,3,4,6,1,5,7,3,4
61043,5,8,3,1,6,0,7,1,4,4,0
61044,4,5,8,9,3,4,3,0,8,7,3
61045,0,4,6,0,2,8,4,9,5,8,0
61046,2,3,4,6,8,2,6,8,9,5,6
61047,3,6,1,8,5,3,2,6,0,1,1
61048,5,8,3,1,6,0,7,1,4,4,7
61049,6,5,2,7,1,5,9,2,3,2,9
61050,9,5,6,2,7,8,5,3,2,0,5
61051,5,8,3,1,6,0,7,1,4,4,7
61052,2,3,3,6,8,0,6,8,9,5,0
61053,6,5,2,7,1,5,9,2,3,2,9
61054,1,7,6,2,0,8,0,9,5,6,5
61055,0,4,3,0,2,0,4,1,4,8,2
61056,9,9,9,2,7,1,5,7,2,0,5
61057,8,2,7,5,9,7,8,4,6,9,8
61058,8,4,7,0,2,7,8,4,6,8,0
61059,5,8,3,1,6,0,7,1,4,4,7
61060,5,8,3,1,6,0,7,1,4,4,7
61061,3,6,1,8,5,3,2,6,0,1,1
61062,0,4,3,0,2,0,4,1,4,8,0
61063,8,2,7,5,9,7,8,4,6,9,8
61064,6,5,2,7,1,5,9,2,3,2,9
61065,6,1,2,7,1,5,9,2,3,2,9
61066,7,1,0,3,4,6,1,5,7,3,4
61067,7,1,0,3,4,6,1,5,7,3,4
61068,1,7,7,2,0,7,0,9,5,6,5
61069,7,1,0,3,4,6,1,5,7,3,4
61070,7,1,0,8,4,6,1,5,7,3,4
61071,0,4,5,0,2,9,4,4,6,8,2
61072,1,7,6,2,0,8,0,9,5,6,5
61073,2,4,4,6,8,2,6,8,9,5,6
61074,2,3,4,6,8,2,6,8,9,5,6
61075,1,7,6,2,0,8,0,9,5,6,5
61076,6,1,2,7,1,5,9,2,3,2,9
61077,0,4,3,0,2,0,4,1,4,8,0
61078,0,4,3,0,2,0,4,1,4,8,0
61079,4,0,8,9,3,4,3,3,1,7,3
61080,5,8,3,1,6,0,7,1,4,4,0
61081,5,8,3,1,6,0,7,1,4,4,0
61082,2,3,4,6,8,2,6,3,9,5,6
61083,1,7,6,2,0,8,0,9,5,6,5
61084,3,6,1,8,5,3,2,6,0,1,1
61085,4,5,8,9,3,4,3,0,8,7,3
61086,5,8,3,1,6,0,7,1,4,4,7
61087,2,3,4,6,8,2,6,8,9,5,6
61088,0,4,7,0,2,7,4,1,4,8,0
61089,7,1,0,3,4,6,1,5,7,3,4
61090,0,8,3,0,2,0,4,1,4,8,0
61091,1,7,6,2,0,8,0,9,5,6,5
61092,9,9,9,2,7,1,5,3,2,0,5
61093,2,3,4,6,8,2,6,8,9,5,6
61094,4,0,8,9,3,4,3,0,8,7,3
61095,7,1,0,3,4,6,1,5,7,3,4
61096,5,8,3,1,6,0,7,1,4,4,7
61097,1,7,6,2,0,8,0,9,5,6,5
61098,7,1,0,3,4,6,1,5,7,3,4
61099,9,5,9,2,7,1,5,3,2,0,5
61100,8,2,5,5,9,9,8,4,6,9,2
61101,7,1,0,3,4,6,1,5,7,3,7
61102,7,1,0,3,4,6,1,5,7,3,4
61103,5,8,3,1,6,0,7,1,4,4,0
61104,8,2,5,5,9,9,8,4,6,9,2
61105,0,4,7,0,2,7,4,4,6,8,0
61106,4,5,8,9,3,4,3,0,8,7,7
61107,7,1,0,3,4,6,1,5,7,3,4
61108,4,5,8,9,3,4,3,0,8,7,3
61109,7,1,0,3,4,6,1,5,7,3,4
61110,0,4,5,0,2,9,4,1,4,8,2
61111,0,4,7,0,2,7,4,4,6,8,0
61112,4,5,8,9,3,4,3,3,8,7,3
61113,2,1,4,3,8,2,6,5,9,5,6
61114,7,3,0,6,4,6,1,8,9,3,4
61115,0,4,3,0,2,0,4,1,4,8,0
61116,0,4,7,0,2,7,4,4,6,8,0
61117,9,9,9,2,7,1,5,7,2,0,5
61118,7,3,0,6,4,6,1,8,9,3,4
61119,6,3,2,7,1,5,9,2,3,2,9
61120,9,3,9,2,7,1,5,8,9,0,5
61121,4,0,8,9,3,4,3,3,8,7,3
61122,0,4,6,0,2,8,4,9,5,8,2
61123,4,5,8,9,3,4,3,0,8,7,3
61124,9,9,9,2,7,1,5,9,2,0,5
61125,0,4,3,0,2,0,4,1,4,8,0
61126,8,4,5,0,2,9,4,4,6,8,2
61127,0,4,6,0,2,8,4,8,9,8,0
61128,5,8,8,1,6,4,7,0,8,4,7
61129,9,9,9,2,7,1,5,7,2,0,5
61130,5,8,3,1,6,0,7,1,4,4,7
61131,2,3,4,6,8,2,6,1,9,5,0
61132,6,5,2,7,1,5,9,2,3,2,9
61133,0,4,5,0,2,9,4,4,6,8,2
61134,7,1,0,3,4,6,1,5,7,3,4
61135,1,7,6,2,0,8,0,9,5,6,5
61136,1,7,6,2,0,8,0,9,5,6,5
61137,1,7,6,2,0,8,0,9,5,6,5
61138,9,9,9,2,7,1,5,7,2,0,5
61139,1,7,6,2,0,8,0,9,5,6,5
61140,5,8,3,1,6,0,7,1,4,4,7
61141,0,4,5,0,2,9,4,4,6,8,2
61142,0,8,3,1,6,0,4,1,4,4,0
61143,8,2,5,5,9,9,8,4,6,9,8
61144,7,1,0,3,4,6,1,5,7,3,4
61145,5,8,3,1,6,0,7,1,4,4,7
61146,7,1,0,3,4,6,1,5,7,3,4
61147,5,8,3,1,6,0,7,1,4,4,7
61148,3,6,1,8,5,3,2,6,0,1,1
61149,0,3,3,0,2,0,4,8,9,8,0
61150,7,1,0,3,4,6,1,5,7,3,4
61151,1,7,6,2,0,8,0,9,5,6,5
61152,0,4,3,0,2,0,4,1,4,8,0
61153,2,3,4,6,8,2,6,3,9,5,6
61154,7,6,0,8,4,6,1,6,0,3,4
61155,6,5,2,7,1,5,9,2,3,2,9
61156,0,4,3,0,2,0,4,1,4,8,0
61157,8,4,7,0,2,7,4,4,6,8,0
61158,5,8,3,1,6,0,7,1,4,4,7
61159,9,2,7,5,9,1,8,3,2,9,8
61160,5,8,3,1,6,0,7,1,4,4,7
61161,4,5,8,9,3,4,3,0,8,7,3
61162,5,5,8,1,6,4,7,0,8,4,7
61163,8,2,7,5,9,7,8,4,6,9,8
61164,0,8,3,1,2,0,4,1,4,4,2
61165,0,4,3,0,2,0,4,1,4,8,0
61166,7,1,0,3,4,6,1,5,7,3,4
61167,8,2,7,5,9,7,8,4,6,9,8
61168,8,2,7,5,9,7,8,4,6,9,8
61169,2,4,7,0,2,7,4,8,9,8,0
61170,5,8,3,1,6,0,7,1,4,4,7
61171,0,4,5,0,2,9,4,1,4,8,2
61172,7,1,0,3,4,6,1,5,7,3,4
61173,8,2,7,5,9,7,8,4,6,9,8
61174,6,1,2,7,1,5,9,2,3,2,9
61175,0,4,5,0,2,9,4,4,6,8,2
61176,2,0,4,4,8,2,6,3,1,5,6
61177,7,9,0,2,4,6,1,7,7,3,5
61178,8,2,7,5,9,7,8,3,8,9,8
61179,1,7,6,2,0,8,0,9,5,6,5
61180,1,7,6,2,0,8,0,9,5,6,5
61181,9,9,9,2,7,1,5,7,2,0,5
61182,4,5,8,9,3,4,3,0,8,7,3
61183,8,2,7,5,9,7,8,4,6,9,0
61184,9,9,9,7,7,1,5,7,2,0,9
61185,8,3,7,6,9,7,8,8,9,9,8
61186,5,8,3,1,6,0,7,1,4,4,7
61187,6,5,2,7,1,5,9,2,3,2,9
61188,2,0,4,4,8,2,6,3,1,5,6
61189,1,7,6,2,0,8,0,9,5,6,5
61190,7,1,0,3,4,6,1,5,7,3,4
61191,5,8,8,1,6,4,7,0,8,4,7
61192,0,4,3,0,2,0,4,1,4,8,0
61193,1,7,6,2,0,8,0,9,5,6,5
61194,8,2,7,5,9,7,8,4,6,9,8
61195,2,0,4,4,8,2,6,3,1,5,6
61196,4,5,4,9,3,2,3,3,8,7,3
61197,4,5,8,9,3,4,3,3,8,7,3
61198,5,8,3,1,6,0,7,1,4,4,7
61199,4,5,8,9,3,4,3,0,8,7,3
61200,1,7,6,2,0,8,0,3,5,6,5
61201,1,7,6,2,0,8,0,9,5,6,5
61202,7,1,0,3,4,6,1,5,7,3,4
61203,3,6,1,8,5,3,2,6,0,1,1
61204,0,8,3,0,2,0,4,1,4,8,0
61205,7,1,0,3,4,6,1,5,7,3,4
61206,9,9,9,7,7,1,5,7,2,0,9
61207,6,5,2,7,1,5,9,2,3,2,9
61208,0,4,6,0,2,8,4,1,4,8,0
61209,9,9,9,2,7,1,5,3,2,0,5
61210,6,5,2,7,1,5,9,2,3,2,9
61211,9,9,9,2,7,1,5,7,2,0,5
61212,2,3,4,6,8,2,6,3,9,5,6
61213,1,7,6,2,0,8,0,9,5,6,5
61214,1,7,6,2,0,8,0,9,5,6,5
61215,1,7,6,3,0,8,0,9,5,6,4
61216,0,4,5,0,2,9,4,9,6,8,0
61217,8,2,6,5,9,8,8,4,6,9,8
61218,3,6,1,8,5,3,2,6,0,1,1
61219,7,1,0,3,4,6,1,5,7,3,4
61220,3,6,1,8,5,3,2,6,0,1,1
61221,5,8,3,1,6,0,7,1,4,4,0
61222,5,8,3,1,6,0,7,1,4,4,0
61223,3,6,1,8,5,3,2,6,0,1,1
61224,4,5,8,9,3,4,3,0,8,7,3
61225,2,3,4,6,4,2,6,8,9,5,6
61226,1,7,6,2,0,8,0,9,5,6,5
61227,1,7,6,2,0,8,0,9,5,6,5
61228,0,4,4,0,2,2,4,8,9,8,0
61229,7,1,0,3,4,6,1,5,7,3,4
61230,5,8,3,1,6,0,7,1,4,4,7
61231,3,6,1,8,5,3,2,6,0,1,1
61232,0,4,7,0,2,7,4,9,5,8,0
61233,4,1,0,3,4,6,3,5,7,3,3
61234,2,1,4,3,8,2,6,5,7,5,6
61235,7,1,0,3,4,6,1,5,7,3,4
61236,1,7,6,2,0,8,0,9,5,6,5
61237,9,9,9,2,7,1,5,7,2,0,5
61238,1,7,6,2,0,8,0,9,5,6,5
61239,7,1,0,3,4,6,1,5,7,3,4
61240,9,9,9,2,7,1,5,7,2,0,5
61241,9,2,9,5,9,1,8,7,2,9,8
61242,1,7,6,2,0,8,0,9,5,6,5
61243,2,3,4,6,8,2,6,8,9,5,0
61244,0,4,5,0,2,9,4,4,6,8,2
61245,6,5,2,7,1,5,9,2,3,2,9
61246,7,6,0,8,4,6,1,5,0,3,4
61247,7,1,0,3,4,6,1,5,7,3,4
61248,7,1,0,3,4,6,1,5,7,3,4
61249,2,3,4,6,8,2,6,8,9,5,6
61250,1,7,6,2,0,8,0,9,5,6,5
61251,4,5,8,9,3,4,3,0,8,7,3
61252,7,1,0,3,4,6,1,5,7,3,4
61253,5,8,3,1,6,0,7,1,4,4,7
61254,1,7,6,2,0,8,0,9,5,6,5
61255,0,4,3,0,2,0,4,1,4,8,0
61256,7,1,0,3,4,6,1,5,7,3,4
61257,9,9,9,2,7,1,5,7,2,0,5
61258,2,3,4,6,8,2,6,8,9,5,6
61259,7,1,0,3,4,6,1,5,7,3,4
61260,1,7,6,2,0,8,0,9,5,6,5
61261,3,0,1,4,5,3,2,6,1,1,1
61262,6,5,6,2,1,8,9,2,5,2,5
61263,5,8,3,1,6,0,7,1,4,4,7
61264,0,4,3,0,2,0,4,1,4,8,0
61265,7,1,0,3,4,6,1,5,7,3,4
61266,5,8,3,1,6,0,7,0,4,4,7
61267,7,1,0,3,4,6,1,5,7,3,4
61268,2,3,4,6,8,2,6,8,9,5,6
61269,6,5,2,7,1,5,9,2,3,2,9
61270,0,4,7,0,2,7,4,4,6,8,0
61271,3,6,1,8,5,3,2,6,0,1,1
61272,5,8,3,1,6,0,7,1,4,4,7
61273,4,0,8,9,3,4,3,0,8,7,3
61274,0,4,7,0,2,7,4,1,6,8,0
61275,0,4,7,0,2,7,4,1,4,8,0
61276,0,4,3,0,2,0,4,1,4,8,2
61277,0,4,3,0,2,0,4,1,4,8,0
61278,7,1,0,3,4,6,1,5,7,3,4
61279,8,2,7,5,9,7,8,4,6,9,8
61280,1,7,6,2,0,8,0,9,5,6,5
61281,2,0,4,4,8,2,6,5,1,5,6
61282,0,4,3,0,2,0,4,1,4,8,0
61283,9,9,9,2,7,1,5,7,2,0,5
61284,7,1,0,3,4,6,1,5,7,3,4
61285,2,3,4,6,8,2,6,3,9,5,6
61286,2,3,4,6,8,2,6,8,9,5,6
61287,7,3,0,3,4,6,1,8,9,3,4
61288,2,2,4,5,8,2,8,3,6,5,8
61289,0,4,3,0,2,0,4,1,4,8,0
61290,7,1,0,3,4,6,1,5,7,3,4
61291,7,1,0,3,4,6,1,5,7,3,4
61292,4,5,8,9,3,4,3,0,8,7,3
61293,5,5,8,9,6,4,7,0,8,4,7
61294,3,0,1,4,5,3,2,6,1,1,1
61295,9,9,9,2,7,1,5,7,2,0,5
61296,4,5,8,9,3,4,3,0,8,7,3
61297,3,6,1,8,5,3,2,6,0,1,1
61298,7,1,0,3,4,6,1,5,7,3,4
61299,5,8,3,1,6,0,7,1,4,4,2
61300,0,4,3,0,2,0,4,1,4,8,0
61301,0,4,3,0,2,0,4,1,4,8,0
61302,1,7,6,2,0,8,0,9,5,6,5
61303,6,5,2,7,1,5,9,2,3,2,9
61304,5,8,3,1,6,0,7,1,4,4,0
61305,9,9,9,2,7,1,5,7,2,0,5
61306,5,8,3,1,6,0,7,1,4,4,7
61307,4,5,8,9,3,4,3,0,8,7,3
61308,5,8,3,1,6,0,7,1,4,4,7
61309,0,8,3,1,2,0,4,1,4,8,0
61310,7,1,0,3,4,6,1,5,7,3,4
61311,0,4,3,0,2,0,4,1,4,8,0
61312,2,3,4,6,8,2,6,8,9,5,6
61313,0,4,3,0,2,0,4,1,4,8,0
61314,5,8,3,1,6,0,7,1,4,4,7
61315,7,1,0,3,4,6,1,5,7,3,4
61316,1,7,6,2,0,8,0,9,5,6,5
61317,7,1,0,3,4,6,1,5,7,3,4
61318,9,9,9,2,7,1,5,7,2,0,5
61319,7,1,0,3,4,6,1,5,7,3,4
61320,1,7,6,2,0,8,0,9,5,6,5
61321,0,4,5,0,2,9,4,1,4,8,2
61322,0,4,7,0,2,7,4,4,6,8,0
61323,0,8,3,1,6,0,7,1,4,4,0
61324,2,3,4,6,8,2,6,8,9,5,6
61325,5,8,3,1,6,0,7,8,9,4,7
61326,9,9,9,2,7,1,5,7,2,0,5
61327,5,8,3,1,6,0,7,1,4,4,7
61328,0,4,3,0,2,0,4,1,4,8,0
61329,1,7,6,2,0,8,0,9,5,6,5
61330,0,4,3,0,2,0,4,1,4,8,0
61331,7,1,0,3,4,6,1,5,7,3,4
61332,5,5,8,1,6,4,7,0,8,4,7
61333,3,6,1,8,5,3,2,6,0,1,1
61334,7,1,0,3,4,6,1,5,7,3,4
61335,6,9,2,7,1,5,9,2,3,2,9
61336,9,9,9,2,7,1,5,7,2,0,5
61337,4,5,8,9,3,4,3,0,8,7,3
61338,1,7,6,2,0,8,0,9,5,6,5
61339,7,1,0,3,4,6,1,5,7,3,4
61340,7,3,0,3,4,6,1,8,9,3,4
61341,6,5,2,7,1,5,9,2,3,2,9
61342,5,8,3,1,6,0,7,1,4,4,7
61343,0,4,3,0,2,0,4,1,4,8,0
61344,9,9,9,2,7,1,5,3,2,0,5
61345,5,5,3,2,6,0,7,9,8,4,5
61346,0,4,5,0,2,9,4,4,6,8,2
61347,0,4,3,0,2,0,4,1,4,8,0
61348,6,5,2,7,1,5,9,2,3,2,9
61349,6,9,2,7,1,5,9,2,3,2,9
61350,1,7,6,2,0,8,0,9,5,6,5
61351,9,9,9,2,7,1,5,7,2,0,5
61352,3,0,1,4,5,3,2,6,1,1,1
61353,7,1,0,3,4,6,1,8,7,3,4
61354,7,1,0,3,4,6,1,5,7,3,4
61355,8,2,7,5,9,7,8,4,6,9,8
61356,0,4,6,0,2,8,4,9,5,8,5
61357,5,8,3,1,6,0,7,1,4,4,7
61358,1,7,6,2,0,8,0,9,5,6,5
61359,8,2,5,5,9,9,8,4,6,9,2
61360,1,7,6,2,0,8,0,9,5,6,5
61361,8,2,5,2,9,9,8,4,6,9,5
61362,5,8,3,1,6,0,7,0,8,4,7
61363,0,4,3,0,2,0,4,1,4,8,2
61364,9,5,4,2,8,2,6,3,2,5,5
61365,6,5,2,7,1,5,9,2,3,2,9
61366,8,4,5,0,2,9,8,4,6,8,2
61367,7,1,0,3,4,6,1,5,7,3,4
61368,1,7,6,2,0,8,0,9,5,6,5
61369,0,4,5,0,2,9,4,4,6,8,2
61370,2,3,4,6,8,2,6,8,9,5,6
61371,7,1,0,3,4,6,1,5,7,3,4
61372,6,9,2,7,1,5,9,2,3,2,9
61373,4,5,8,9,3,4,3,0,8,7,3
61374,6,5,2,7,1,5,9,3,3,2,9
61375,7,1,0,3,4,6,1,5,7,3,4
61376,2,3,4,6,8,2,6,8,9,5,6
61377,4,5,8,9,3,4,3,0,8,7,3
61378,2,3,4,6,8,2,6,3,9,5,6
61379,3,6,1,8,5,3,2,6,0,1,1
61380,5,8,3,1,6,0,7,1,4,4,0
61381,6,5,2,7,1,5,9,2,3,2,9
61382,5,8,3,1,6,0,7,1,4,4,7
61383,7,1,0,3,4,6,1,5,7,3,4
61384,1,7,6,2,0,8,0,9,5,6,5
61385,0,4,3,0,2,0,4,1,4,8,0
61386,8,2,5,5,9,9,8,4,6,9,8
61387,4,5,8,9,3,4,3,0,8,7,3
61388,4,5,8,9,3,4,3,0,8,7,3
61389,2,3,4,6,8,2,6,8,9,5,6
61390,3,6,1,8,5,3,2,6,0,1,1
61391,5,8,3,1,6,0,7,1,4,4,7
61392,1,7,6,2,0,8,0,9,5,6,5
61393,7,1,0,3,4,6,1,5,7,3,4
61394,7,1,0,3,4,6,1,5,7,3,4
61395,6,3,2,7,1,5,9,2,3,2,9
61396,8,2,7,5,9,7,8,4,6,9,8
61397,1,7,6,2,0,8,0,9,5,6,5
61398,7,1,0,3,4,6,1,5,7,3,4
61399,3,6,1,8,5,3,2,6,0,1,1
61400,4,5,8,9,3,4,3,3,8,7,3
61401,0,4,5,0,2,9,4,4,6,8,2
61402,6,5,5,7,1,9,9,2,3,2,9
61403,9,9,9,2,7,1,5,7,2,0,5
61404,2,3,4,6,8,2,6,3,9,5,6
61405,2,3,4,6,8,2,6,3,9,5,6
61406,2,3,4,6,8,2,6,8,9,5,6
61407,6,5,2,7,1,5,9,2,3,2,9
61408,3,0,1,4,5,3,2,6,1,1,1
61409,1,7,6,2,0,8,0,9,5,6,5
61410,1,5,6,2,0,8,0,9,5,6,5
61411,7,1,0,3,4,6,1,5,7,3,4
61412,9,9,9,2,7,1,5,7,2,0,5
61413,0,4,3,0,2,0,4,1,4,8,0
61414,0,4,3,0,2,0,4,1,4,8,0
61415,7,1,0,3,4,6,1,5,7,3,4
61416,4,0,8,4,3,4,3,3,1,7,3
61417,5,8,3,1,6,0,7,1,4,4,0
61418,5,8,3,1,6,0,7,1,4,4,7
61419,5,8,3,1,6,0,7,1,4,4,7
61420,4,5,8,9,3,4,3,0,8,7,3
61421,5,8,3,1,6,0,7,1,4,4,0
61422,5,8,3,1,6,0,7,1,4,4,7
61423,0,4,7,0,2,7,4,4,6,8,2
61424,1,7,6,2,0,8,0,9,5,6,5
61425,2,3,7,6,8,7,6,8,9,5,8
61426,7,1,0,3,4,6,1,5,7,3,4
61427,5,8,3,1,6,0,7,1,4,4,7
61428,0,8,3,1,6,0,7,1,4,4,0
61429,5,8,3,1,6,0,7,1,4,4,0
61430,1,7,6,2,0,8,0,9,5,6,5
61431,9,9,9,2,7,1,5,7,2,0,5
61432,7,1,0,3,4,6,1,5,7,3,4
61433,1,7,6,2,0,8,0,9,5,6,5
61434,1,7,6,2,0,8,0,9,5,6,5
61435,5,8,3,1,6,0,7,1,4,4,0
61436,2,3,4,6,8,2,6,3,9,5,6
61437,0,4,3,0,2,0,4,1,4,8,0
61438,3,0,1,4,5,3,2,6,1,1,1
61439,1,7,6,2,0,8,0,9,5,6,5
61440,8,2,7,5,9,7,8,4,6,9,8
61441,7,9,0,2,4,6,1,7,2,3,4
61442,7,1,0,3,4,6,1,5,7,3,4
61443,2,3,4,6,8,2,6,8,9,5,6
61444,5,8,3,1,6,0,7,1,4,4,7
61445,3,6,1,8,5,3,2,6,0,1,1
61446,7,1,0,3,4,6,1,5,7,3,4
61447,2,3,4,6,8,2,6,3,9,5,6
61448,1,7,6,2,0,8,0,9,5,6,5
61449,5,8,3,1,6,0,7,1,4,4,7
61450,5,5,2,7,1,5,7,0,3,2,7
61451,6,5,2,7,1,5,9,2,3,2,9
61452,0,4,7,0,2,7,4,1,4,8,0
61453,0,4,3,0,2,0,4,1,4,8,0
61454,2,0,4,4,8,2,6,3,1,5,6
61455,0,4,7,0,2,7,4,4,6,8,0
61456,4,5,8,9,3,4,3,0,8,7,3
61457,3,6,1,8,5,3,2,6,0,1,1
61458,4,5,8,9,3,4,3,0,8,7,3
61459,6,5,2,7,1,5,9,2,3,2,9
61460,7,1,3,3,4,0,1,1,4,3,0
61461,5,8,3,1,6,0,7,1,4,4,0
61462,6,5,2,7,1,5,9,2,3,2,9
61463,7,1,0,3,4,6,1,5,7,3,4
61464,7,1,0,3,4,6,1,5,7,3,4
61465,1,7,6,2,0,8,0,9,2,6,5
61466,7,1,0,3,4,6,1,5,7,3,4
61467,7,1,3,3,4,0,1,1,4,3,4
61468,3,6,1,8,5,3,2,6,0,1,1
61469,1,7,6,2,0,8,0,3,5,6,5
61470,2,3,4,6,8,2,6,8,9,5,6
61471,2,3,4,6,8,2,6,8,9,5,6
61472,7,1,6,2,4,8,1,5,7,3,5
61473,8,2,7,5,9,7,8,4,6,9,8
61474,9,9,9,2,7,1,5,7,2,0,5
61475,4,7,8,9,3,4,3,3,8,7,3
61476,2,0,4,4,8,2,6,3,1,5,6
61477,0,4,5,0,2,9,4,4,6,8,2
61478,1,7,6,2,0,8,0,9,5,6,5
61479,7,1,0,3,4,6,1,5,7,3,4
61480,7,1,0,3,4,6,1,5,7,3,4
61481,5,8,3,1,6,0,7,1,4,4,7
61482,4,5,8,9,3,4,3,0,8,7,3
61483,1,7,6,2,0,8,0,9,5,6,5
61484,1,7,6,2,0,8,0,9,5,6,5
61485,6,5,2,7,1,5,9,2,3,2,9
61486,5,8,3,1,6,0,7,1,4,4,0
61487,3,6,1,8,5,3,2,6,0,1,1
61488,5,8,3,1,6,0,7,1,4,4,7
61489,7,1,0,3,4,6,1,5,7,3,4
61490,7,1,0,3,4,6,1,5,7,3,4
61491,4,5,8,9,3,4,3,0,8,7,3
61492,5,8,3,1,6,0,7,1,4,4,7
61493,0,4,3,0,2,0,4,1,4,8,0
61494,0,4,3,0,2,0,4,1,4,8,0
61495,1,7,6,2,0,8,0,9,5,6,5
61496,0,4,3,0,2,0,4,1,4,8,0
61497,0,4,5,0,2,9,4,4,6,8,2
61498,8,2,5,5,9,9,8,4,6,9,2
61499,7,1,0,3,4,6,1,5,7,3,4
61500,1,7,6,2,0,8,0,9,5,6,5
61501,5,8,3,1,6,0,7,1,4,4,7
61502,7,1,0,3,4,6,1,5,7,3,4
61503,7,1,0,3,4,6,1,5,7,3,4
61504,3,6,1,8,5,3,2,6,0,1,1
61505,1,7,6,2,0,8,0,9,5,6,5
61506,6,5,2,7,1,5,9,2,3,2,9
61507,8,2,5,5,9,9,8,4,6,9,5
61508,0,4,7,0,2,7,4,4,6,8,0
61509,5,8,3,1,6,0,7,1,4,4,7
61510,7,1,0,3,4,6,1,5,7,3,4
61511,5,8,3,1,6,0,7,1,4,4,7
61512,0,8,3,1,6,0,4,1,4,4,0
61513,7,1,0,3,4,6,1,5,7,3,4
61514,7,3,0,3,4,6,1,8,7,3,4
61515,1,7,6,2,0,8,0,9,5,6,5
61516,5,8,3,1,6,0,7,1,4,4,7
61517,3,6,1,8,5,3,2,6,0,1,1
61518,6,9,2,7,1,5,9,2,3,2,9
61519,7,1,0,3,4,6,1,5,7,3,4
61520,8,2,5,5,9,9,8,4,6,9,8
61521,7,1,0,3,4,6,1,5,7,3,4
61522,0,4,6,0,2,8,4,9,5,8,0
61523,7,1,0,3,4,6,1,5,7,3,4
61524,2,3,4,6,8,2,6,8,9,5,6
61525,7,6,0,8,4,6,1,5,0,3,4
61526,3,6,1,8,5,3,2,6,0,1,1
61527,4,5,8,9,3,4,3,0,8,7,3
61528,1,7,6,2,0,8,0,9,5,6,5
61529,5,8,3,1,6,0,7,1,0,4,7
61530,8,4,5,0,2,9,4,4,6,8,2
61531,7,1,0,3,4,6,1,5,7,3,4
61532,8,2,7,5,9,7,8,4,6,9,8
61533,3,0,1,4,5,3,2,6,1,1,1
61534,4,0,8,4,3,4,3,3,1,7,3
61535,3,1,1,3,5,3,2,6,7,1,1
61536,5,5,8,9,3,4,3,0,8,7,7
61537,4,5,8,9,3,4,3,3,8,7,3
61538,6,9,2,7,1,5,9,2,3,2,9
61539,7,1,0,3,4,6,1,5,7,3,4
61540,5,8,3,1,6,0,7,1,4,4,2
61541,7,1,0,3,4,6,1,5,9,3,4
61542,5,8,3,1,6,0,7,1,4,4,0
61543,8,2,5,5,9,9,8,4,6,9,2
61544,0,4,5,0,2,9,4,1,4,8,2
61545,5,8,3,1,6,0,7,1,4,4,7
61546,6,5,2,7,1,5,9,2,3,2,9
61547,0,4,7,0,2,7,4,4,6,8,0
61548,1,7,6,2,0,8,0,9,5,6,5
61549,4,5,8,9,3,4,3,3,8,7,3
61550,8,2,7,5,9,7,8,4,6,9,8
61551,9,9,9,2,7,1,5,7,2,0,5
61552,0,4,3,0,2,0,4,1,4,8,0
61553,2,3,4,6,8,2,6,8,9,5,6
61554,0,4,6,0,2,8,4,9,5,8,0
61555,9,9,9,2,7,1,5,7,2,0,5
61556,8,3,3,5,9,0,8,8,9,9,8
61557,8,4,7,5,9,7,8,4,6,9,0
61558,7,1,0,3,4,6,1,0,7,3,4
61559,0,4,0,0,2,6,4,1,4,8,0
61560,2,3,4,6,8,2,6,8,9,5,6
61561,5,8,3,1,6,0,7,1,4,4,7
61562,7,1,0,3,4,6,1,5,7,3,4
61563,8,2,5,5,9,9,8,4,6,9,2
61564,0,4,5,0,2,9,4,4,6,8,2
61565,3,0,1,9,5,3,2,0,8,1,1
61566,0,4,5,0,2,9,4,9,6,8,2
61567,7,1,0,3,4,6,1,5,7,3,4
61568,7,1,0,3,4,6,1,5,7,3,4
61569,5,8,3,1,6,0,7,1,4,4,7
61570,3,0,1,4,5,3,2,6,1,1,1
61571,0,4,3,0,2,0,4,1,4,8,0
61572,2,3,4,6,8,2,6,8,9,5,6
61573,0,3,4,6,2,2,4,8,9,8,0
61574,6,5,2,7,1,5,9,2,3,2,9
61575,0,4,7,0,2,7,4,1,4,8,0
61576,0,4,5,0,2,9,4,4,6,8,2
61577,4,5,8,9,3,4,3,0,8,7,3
61578,4,5,8,9,3,4,3,0,8,7,3
61579,2,3,4,6,8,2,6,3,9,5,6
61580,8,2,7,5,9,7,8,4,6,9,8
61581,8,2,7,5,9,7,8,4,2,9,8
61582,1,7,6,2,0,8,0,9,5,6,5
61583,1,7,6,2,0,8,0,9,5,6,5
61584,2,3,4,6,8,2,6,8,9,5,6
61585,6,5,2,7,1,5,9,2,3,2,9
61586,7,1,4,3,4,2,1,5,7,3,5
61587,4,0,4,9,8,2,3,3,1,5,3
61588,7,1,0,3,4,6,1,5,7,3,4
61589,3,6,1,8,5,3,2,6,0,1,1
61590,3,0,1,4,5,3,2,3,1,1,1
61591,7,1,0,3,4,6,1,5,7,3,4
61592,0,4,5,0,2,9,4,4,6,8,2
61593,1,7,6,2,0,8,0,9,5,6,5
61594,0,4,3,0,2,0,4,1,4,8,0
61595,0,4,5,0,2,9,4,1,4,8,2
61596,5,8,3,1,6,0,7,1,4,4,0
61597,8,4,7,0,2,7,8,4,6,8,0
61598,7,1,0,3,4,6,1,5,7,3,4
61599,5,8,3,1,6,0,7,1,4,4,0
61600,7,1,0,3,4,6,1,5,7,3,4
61601,5,5,3,5,9,0,8,1,4,9,8
61602,4,5,8,9,3,4,3,0,8,7,3
61603,1,7,6,2,0,8,0,9,5,6,5
61604,7,1,0,3,4,6,1,5,7,3,4
61605,7,1,0,3,4,6,1,5,7,3,4
61606,0,4,5,0,2,9,4,1,4,8,2
61607,1,7,6,0,0,8,0,9,5,6,0
61608,7,1,0,3,4,6,1,5,7,3,4
61609,4,0,8,4,3,4,3,3,1,7,3
61610,3,6,1,8,5,3,2,6,0,1,1
61611,7,1,0,3,4,6,1,5,7,3,4
61612,2,3,4,6,8,2,6,8,9,5,6
61613,7,1,0,3,4,6,1,5,7,3,4
61614,0,4,7,0,2,7,4,4,6,8,0
61615,7,1,0,3,4,6,1,5,7,3,4
61616,3,6,1,8,5,3,2,6,0,1,1
61617,7,1,0,3,4,6,1,5,7,3,4
61618,0,4,5,0,2,9,4,8,6,8,2
61619,7,1,0,3,4,6,1,5,7,3,4
61620,6,5,2,7,1,5,9,2,3,2,9
61621,3,6,8,8,3,4,2,0,0,7,7
61622,5,8,3,1,6,0,7,1,4,4,0
61623,3,6,1,8,5,3,2,6,0,1,1
61624,0,4,5,0,2,9,4,4,6,8,2
61625,5,8,3,1,6,0,7,1,4,4,7
61626,2,3,4,9,8,2,6,3,9,5,6
61627,5,8,3,1,6,0,7,1,4,4,7
61628,7,1,0,3,4,6,1,5,7,3,4
61629,2,3,4,6,8,2,6,8,9,5,6
61630,1,7,6,2,0,8,0,9,5,6,5
61631,0,4,3,0,2,0,4,1,4,8,0
61632,4,5,8,9,3,4,3,0,8,7,3
61633,1,7,6,2,0,8,0,9,5,6,5
61634,8,2,7,5,9,7,8,4,6,9,8
61635,2,3,4,6,8,2,6,3,9,5,6
61636,8,2,7,5,9,7,8,4,6,9,8
61637,2,3,4,6,8,2,6,3,9,5,6
61638,2,0,4,4,8,2,6,3,1,5,6
61639,0,1,4,3,4,2,6,1,9,3,0
61640,5,8,3,1,6,0,7,1,4,4,7
61641,5,8,3,1,6,0,7,1,4,4,7
61642,6,5,2,7,1,5,9,2,3,2,9
61643,1,7,6,2,0,8,0,9,5,6,5
61644,9,9,9,2,7,1,5,7,2,0,5
61645,5,8,3,1,6,0,7,1,4,4,7
61646,9,9,9,2,7,1,5,7,2,0,5
61647,0,4,7,0,2,7,4,4,6,8,0
61648,0,4,6,0,2,8,4,9,5,8,0
61649,0,8,3,1,6,0,4,1,4,4,0
61650,3,6,1,8,5,3,2,6,0,1,1
61651,2,3,4,6,8,2,6,8,9,5,6
61652,5,8,3,1,6,0,7,1,4,4,7
61653,2,3,4,6,8,2,6,5,9,5,6
61654,6,5,2,7,1,5,9,2,3,2,9
61655,5,8,3,1,6,0,7,1,4,4,7
61656,9,9,9,2,7,1,5,7,2,0,5
61657,1,7,6,2,0,8,0,9,5,6,5
61658,1,7,6,2,0,8,0,9,5,6,5
61659,1,7,6,2,0,8,0,9,5,6,5
61660,9,9,9,2,7,1,5,7,2,0,5
61661,7,1,0,3,4,6,1,5,7,3,4
61662,4,5,8,9,3,4,3,0,8,7,3
61663,7,3,3,6,6,0,7,8,9,4,0
61664,7,1,0,3,4,6,1,5,7,3,4
61665,0,8,3,1,6,0,7,1,4,4,0
61666,5,8,3,1,6,0,7,1,4,4,0
61667,1,7,6,2,0,8,0,9,5,6,5
61668,0,4,3,0,2,0,4,1,4,8,0
61669,7,3,0,3,4,6,1,8,9,3,4
61670,2,3,4,6,8,2,6,8,9,5,6
61671,5,8,3,1,6,0,7,1,4,4,7
61672,2,3,4,6,8,2,6,8,9,5,6
61673,1,7,6,2,0,8,0,9,5,6,5
61674,1,7,6,2,0,8,0,9,5,6,5
61675,2,3,4,6,8,2,6,8,9,5,6
61676,4,5,8,9,3,4,3,3,8,7,3
61677,2,3,4,6,8,2,6,8,9,5,6
61678,0,4,0,0,2,6,4,1,4,8,0
61679,5,8,3,1,6,0,7,1,4,4,7
61680,8,2,7,5,9,7,8,4,6,9,8
61681,8,4,5,0,9,9,8,4,6,9,2
61682,6,5,2,7,1,5,9,2,3,2,9
61683,7,1,0,3,4,6,1,5,7,3,4
61684,1,7,6,2,0,8,0,9,5,6,5
61685,4,5,8,9,3,4,3,0,8,7,3
61686,7,1,0,3,4,6,1,5,7,3,4
61687,2,3,4,6,8,2,6,8,9,5,6
61688,1,7,6,2,0,8,0,3,5,6,5
61689,6,5,2,7,1,5,9,2,3,2,9
61690,7,1,0,3,4,6,1,5,7,3,4
61691,1,7,6,2,0,8,0,9,5,6,5
61692,3,6,1,8,5,3,2,6,0,1,1
61693,2,3,4,6,8,2,6,8,9,5,6
61694,1,7,6,2,0,8,0,9,5,6,5
61695,8,2,5,5,9,9,8,4,6,9,8
61696,9,9,9,2,7,1,5,9,2,0,5
61697,8,2,7,5,9,7,8,4,6,9,8
61698,5,5,8,1,6,4,7,0,8,4,7
61699,0,4,3,0,2,0,4,1,4,8,2
61700,3,6,1,8,5,3,2,6,0,1,1
61701,0,4,3,0,2,0,4,1,4,8,0
61702,7,1,0,3,4,6,1,5,7,3,4
61703,8,2,5,5,9,9,8,4,6,9,8
61704,1,7,6,2,0,8,0,9,5,6,5
61705,0,4,5,0,2,9,4,4,6,8,2
61706,5,8,3,1,6,0,7,1,4,4,7
61707,1,7,6,2,0,8,0,9,5,6,5
61708,3,6,1,8,5,3,2,6,0,1,1
61709,1,7,6,2,0,8,0,9,5,6,5
61710,8,4,5,0,2,9,4,4,6,8,2
61711,6,3,2,7,1,5,9,2,3,2,9
61712,3,6,1,8,5,3,2,6,0,1,1
61713,3,6,1,8,5,3,2,6,0,1,1
61714,0,8,3,0,2,0,4,1,4,8,0
61715,1,7,6,2,0,8,0,9,5,6,5
61716,9,9,9,2,7,1,5,7,2,0,5
61717,7,6,0,8,4,6,1,5,0,3,4
61718,5,8,3,1,6,0,7,1,4,4,7
61719,2,3,4,6,8,2,6,8,9,5,6
61720,5,8,3,1,6,0,7,1,4,4,7
61721,0,4,7,0,2,7,4,4,6,8,0
61722,5,8,3,1,6,0,7,1,4,4,7
61723,3,6,1,8,5,3,2,6,0,1,1
61724,5,8,3,1,6,0,7,1,4,4,7
61725,1,7,6,2,0,8,0,9,5,6,5
61726,3,6,1,8,5,3,2,6,0,1,1
61727,2,3,4,6,9,2,8,8,9,9,6
61728,1,7,6,2,0,8,0,9,5,6,5
61729,9,9,9,2,7,1,5,7,2,0,5
61730,7,1,0,3,4,6,1,5,7,3,4
61731,7,1,0,3,4,6,1,5,7,3,4
61732,0,4,3,0,2,0,4,1,4,8,0
61733,5,5,9,1,6,1,7,0,2,4,7
61734,5,4,5,1,6,9,7,1,4,4,2
61735,0,4,3,0,2,0,4,1,4,8,0
61736,1,7,6,2,0,8,0,9,5,6,5
61737,7,1,0,3,4,6,1,5,7,3,7
61738,7,1,0,3,4,6,1,5,7,3,4
61739,3,0,1,4,5,3,2,6,1,1,1
61740,2,3,4,6,8,2,6,3,9,5,6
61741,9,9,9,2,7,1,5,7,2,0,5
61742,7,1,0,3,4,6,1,5,7,3,4
61743,0,4,3,0,2,0,4,1,4,8,0
61744,4,5,8,9,3,4,3,0,8,7,3
61745,0,4,7,0,2,7,4,4,6,8,0
61746,7,1,0,3,4,6,1,5,7,3,4
61747,9,2,9,5,9,1,8,3,2,9,8
61748,3,0,1,4,5,3,2,6,1,1,1
61749,7,1,0,3,4,6,1,5,7,3,4
61750,1,7,6,2,0,8,0,9,5,6,5
61751,5,8,3,1,6,0,7,1,4,4,7
61752,7,1,0,3,4,6,1,5,7,3,4
61753,1,7,6,2,0,8,0,9,5,6,5
61754,1,7,6,2,0,8,0,9,5,6,5
61755,2,3,4,6,8,2,6,3,9,5,6
61756,2,3,4,6,8,2,6,8,9,5,6
61757,2,0,4,6,8,2,6,3,9,5,6
61758,7,1,0,3,4,6,1,5,7,3,4
61759,9,9,9,2,7,1,5,3,2,0,8
61760,1,7,6,2,0,8,0,9,5,6,5
61761,8,4,7,0,2,7,8,4,6,8,0
61762,7,1,0,3,4,6,1,5,7,3,4
61763,1,7,6,2,0,8,0,9,5,6,5
61764,3,6,1,8,5,3,2,6,0,1,1
61765,7,1,0,3,4,6,1,5,7,3,4
61766,9,9,9,2,7,1,5,7,2,0,5
61767,5,8,3,1,6,0,7,1,4,4,0
61768,3,0,1,4,5,3,2,6,1,1,1
61769,7,1,0,3,4,6,1,5,7,3,4
61770,8,2,5,5,9,9,8,4,6,9,8
61771,7,1,0,7,4,6,1,2,3,3,4
61772,5,8,3,1,6,0,7,1,4,4,7
61773,1,7,6,2,0,8,0,9,5,6,5
61774,2,3,4,6,8,2,6,8,9,5,6
61775,7,6,0,8,4,6,1,6,0,3,4
61776,8,7,5,5,0,9,0,4,6,6,2
61777,3,6,1,8,5,3,2,6,0,1,1
61778,5,8,3,1,6,0,7,1,4,4,7
61779,7,1,0,3,4,6,1,5,7,3,4
61780,1,7,6,2,0,8,0,9,5,6,5
61781,5,8,3,1,6,0,7,1,8,4,3
61782,5,8,3,1,6,0,7,1,4,4,7
61783,0,8,3,0,2,0,4,1,4,8,2
61784,8,4,5,0,9,9,8,4,6,9,2
61785,1,7,6,0,0,8,0,9,5,6,0
61786,8,2,7,5,9,7,8,4,6,9,8
61787,5,8,3,1,6,0,7,1,4,4,7
61788,0,4,7,0,2,7,4,1,4,8,0
61789,7,1,0,3,4,6,1,5,7,3,4
61790,5,8,3,1,6,0,7,1,4,4,2
61791,1,7,6,2,0,8,0,9,5,6,5
61792,0,4,5,0,2,9,4,1,4,8,2
61793,5,8,3,1,6,0,7,1,4,4,7
61794,3,0,1,4,5,3,2,3,1,1,1
61795,6,5,2,7,1,5,9,2,3,2,9
61796,3,6,1,8,5,3,2,6,0,1,1
61797,7,1,0,3,4,6,1,5,7,3,4
61798,7,1,0,3,4,6,1,5,7,3,4
61799,0,4,5,0,2,9,4,4,6,8,2
61800,5,8,3,1,6,0,7,0,8,4,7
61801,5,8,3,1,6,0,7,1,4,4,7
61802,6,5,2,7,1,5,9,2,3,2,9
61803,7,1,0,3,4,6,1,5,7,3,4
61804,7,1,0,3,4,6,1,5,7,3,4
61805,0,8,3,1,6,0,4,1,4,4,2
61806,0,4,5,0,2,9,4,9,6,8,2
61807,3,6,1,8,5,3,2,6,0,1,1
61808,3,0,1,4,5,3,2,6,1,1,1
61809,1,7,6,0,0,8,0,9,5,6,5
61810,7,1,0,3,4,6,1,5,7,3,4
61811,6,5,2,7,1,5,9,2,3,2,9
61812,5,8,3,1,6,0,7,1,4,4,0
61813,7,1,0,3,4,6,1,5,7,3,4
61814,8,2,5,5,9,9,8,4,6,9,8
61815,5,8,3,1,6,0,7,1,4,4,7
61816,0,4,7,0,2,7,4,1,4,8,0
61817,9,9,9,2,7,1,5,7,2,0,5
61818,4,5,8,9,3,4,3,0,8,7,3
61819,4,0,8,9,3,4,3,3,1,7,3
61820,9,9,9,2,7,1,5,7,2,0,5
61821,5,8,3,1,6,0,7,1,4,4,7
61822,5,5,8,9,3,4,7,0,8,7,7
61823,0,4,7,0,2,7,4,1,4,8,0
61824,7,1,0,3,4,6,1,5,7,3,4
61825,0,4,3,0,2,0,4,1,4,8,0
61826,3,6,1,8,5,3,2,6,0,1,1
61827,7,1,0,3,4,6,1,8,7,3,4
61828,7,1,0,3,4,6,1,5,7,3,4
61829,1,7,6,2,0,8,0,9,5,6,5
61830,1,7,6,2,0,8,0,9,5,6,5
61831,4,5,8,9,3,4,3,0,8,7,3
61832,2,3,4,2,8,2,6,3,9,5,6
61833,7,1,0,3,4,6,1,5,7,3,4
61834,1,7,6,2,0,8,0,9,5,6,5
61835,1,7,6,2,0,8,0,9,5,6,5
61836,1,7,6,2,0,8,0,9,5,6,5
61837,7,1,0,3,4,6,1,5,7,3,4
61838,9,9,9,2,7,1,5,7,2,0,5
61839,7,9,9,3,7,1,5,7,2,0,4
61840,7,1,0,3,4,6,1,5,7,3,4
61841,3,6,1,8,5,3,2,6,0,1,1
61842,2,3,4,6,8,2,6,8,9,5,6
61843,6,5,2,7,1,5,9,2,3,2,9
61844,1,7,6,2,0,8,0,9,5,6,5
61845,7,1,0,3,4,6,1,5,7,3,4
61846,7,1,0,3,4,6,1,1,4,3,4
61847,7,6,0,8,4,6,1,5,0,3,4
61848,8,2,5,5,9,9,8,4,6,9,8
61849,8,2,7,5,9,7,8,4,6,9,8
61850,0,4,5,0,2,9,4,4,6,8,2
61851,0,4,7,0,2,7,4,1,4,8,0
61852,4,5,8,9,3,4,3,3,8,7,3
61853,5,8,3,1,6,0,7,1,4,4,7
61854,5,5,8,1,6,4,7,0,8,4,7
61855,0,7,6,2,0,8,0,9,5,6,0
61856,7,8,3,3,4,0,1,1,4,3,4
61857,5,8,3,1,6,0,7,0,8,4,7
61858,4,5,8,9,3,4,3,0,8,7,3
61859,2,3,4,6,8,2,6,8,9,5,6
61860,7,1,0,3,4,6,1,5,7,3,4
61861,1,7,6,2,0,8,0,9,5,6,5
61862,0,8,3,0,2,0,4,1,4,8,0
61863,6,5,2,7,1,5,9,2,3,2,9
61864,0,4,7,0,2,7,4,1,4,8,0
61865,9,9,7,2,7,7,5,3,2,0,5
61866,7,1,0,3,4,6,1,5,7,3,4
61867,1,7,6,2,0,8,0,9,5,6,5
61868,9,9,9,2,7,1,5,7,2,0,5
61869,0,4,3,0,2,0,4,1,4,8,0
61870,3,6,1,8,5,3,2,6,0,1,1
61871,6,3,2,7,1,5,9,2,3,2,9
61872,0,4,3,0,2,0,4,1,4,8,0
61873,5,8,3,1,6,0,7,1,4,4,0
61874,7,1,0,3,4,6,1,5,7,3,4
61875,5,8,3,1,6,0,7,1,4,4,2
61876,1,7,6,2,0,8,0,9,5,6,5
61877,9,7,6,2,0,8,0,9,5,6,5
61878,7,1,0,3,4,6,1,5,7,3,4
61879,2,3,4,6,8,2,6,8,9,5,0
61880,4,5,8,9,3,4,3,0,8,7,3
61881,0,4,7,0,2,7,4,4,6,8,0
61882,7,1,0,3,4,6,1,5,7,3,4
61883,5,8,3,1,6,0,7,1,4,4,7
61884,1,7,6,2,0,8,0,9,5,6,5
61885,9,9,9,2,7,1,5,7,2,0,5
61886,9,9,9,2,7,1,5,3,2,0,5
61887,0,4,3,0,2,0,4,1,4,8,2
61888,1,7,6,2,0,8,0,9,5,6,5
61889,7,1,0,3,4,6,1,5,7,3,4
61890,6,5,2,7,1,5,9,2,3,2,9
61891,6,5,2,7,1,5,9,2,3,2,9
61892,3,6,1,8,5,3,2,6,0,1,1
61893,7,1,0,3,4,6,1,5,7,3,4
61894,0,4,7,0,2,7,4,4,6,8,0
61895,6,5,2,7,1,5,9,2,3,2,9
61896,7,1,0,3,4,6,1,5,7,3,4
61897,1,7,6,2,0,8,0,9,5,6,5
61898,7,6,0,8,4,6,1,6,0,3,4
61899,1,7,6,3,0,8,0,9,5,6,4
61900,9,9,9,7,7,1,5,7,2,0,9
61901,0,4,7,0,2,7,4,1,4,8,0
61902,7,1,0,3,4,6,1,5,7,3,4
61903,0,8,3,0,2,0,4,1,4,8,0
61904,0,4,7,0,2,7,4,1,4,8,0
61905,4,5,8,9,3,4,3,0,8,7,3
61906,0,4,7,0,2,7,4,1,4,8,0
61907,3,0,1,4,5,3,2,6,1,1,1
61908,1,7,6,2,0,8,0,3,5,6,5
61909,1,7,6,2,0,8,0,9,5,6,5
61910,7,1,0,3,4,6,1,5,7,3,4
61911,2,3,4,6,8,2,6,3,9,5,6
61912,2,3,4,6,8,2,6,8,9,5,6
61913,7,1,0,3,4,6,1,5,7,3,4
61914,2,3,4,6,8,2,6,8,9,5,6
61915,6,9,2,7,1,5,9,2,3,2,9
61916,4,7,4,9,3,2,3,3,8,7,3
61917,7,1,0,3,4,6,1,5,7,3,4
61918,2,0,4,4,8,2,6,3,1,5,6
61919,0,4,5,0,2,9,4,4,6,8,2
61920,0,4,7,0,2,7,4,1,4,8,0
61921,4,5,8,9,3,4,3,0,8,7,7
61922,1,7,6,2,0,8,0,9,5,6,5
61923,7,1,0,3,4,6,1,5,7,3,4
61924,5,8,3,1,6,0,7,1,4,4,7
61925,0,4,5,0,2,9,4,4,6,8,2
61926,7,1,0,3,4,6,1,5,7,3,4
61927,9,9,9,2,7,1,5,7,2,0,5
61928,7,1,0,3,4,6,1,5,7,3,4
61929,0,4,7,0,2,7,4,1,4,8,0
61930,5,5,2,7,1,5,7,2,3,2,7
61931,7,1,0,3,4,6,1,5,7,3,4
61932,6,5,2,7,1,5,9,2,3,2,9
61933,0,4,5,0,2,9,4,4,6,8,0
61934,1,7,6,2,0,8,0,9,5,6,5
61935,0,4,5,0,2,9,4,4,6,8,2
61936,6,5,2,7,1,5,9,2,3,2,9
61937,4,5,8,9,3,4,3,3,8,7,3
61938,5,8,3,1,6,0,7,0,8,4,7
61939,1,7,6,2,0,8,0,9,5,6,5
61940,9,9,9,5,7,1,5,3,2,0,8
61941,8,2,7,5,9,9,8,4,6,9,8
61942,0,4,7,2,2,7,4,1,2,8,5
61943,1,7,6,2,0,8,0,3,5,6,5
61944,3,6,1,8,5,3,2,6,0,1,1
61945,9,9,9,2,7,1,5,7,2,0,5
61946,2,3,4,6,8,2,6,8,9,5,6
61947,6,5,2,7,1,5,9,2,3,2,9
61948,5,8,3,1,6,0,7,1,4,4,7
61949,8,2,5,5,9,9,8,4,6,9,8
61950,0,4,5,0,2,9,4,1,4,8,2
61951,4,5,8,9,3,4,3,0,8,7,3
61952,2,3,4,6,8,2,6,8,9,5,6
61953,7,1,0,3,4,6,1,5,7,3,4
61954,7,1,0,3,4,6,1,5,7,3,4
61955,6,5,2,7,1,5,9,2,3,2,9
61956,5,8,3,1,6,0,7,1,4,4,0
61957,6,5,2,7,1,5,9,2,3,2,9
61958,5,8,3,1,6,0,7,1,4,4,7
61959,2,0,4,4,8,2,6,3,1,5,6
61960,2,3,4,6,8,2,6,8,9,5,6
61961,2,3,4,6,8,2,6,8,9,5,6
61962,7,1,0,3,4,6,1,5,7,3,4
61963,5,8,3,1,6,0,7,1,4,4,7
61964,0,4,3,0,2,0,4,1,4,8,0
61965,1,7,6,2,0,8,0,9,5,6,5
61966,8,2,5,5,9,9,8,4,6,9,2
61967,2,1,4,6,8,2,6,5,9,5,6
61968,1,7,6,2,0,8,0,9,5,6,5
61969,4,5,8,9,3,4,3,0,8,7,3
61970,7,1,0,3,4,6,1,5,7,3,4
61971,4,5,8,9,3,4,3,0,8,7,3
61972,3,0,1,4,5,3,2,6,1,1,1
61973,7,1,0,3,4,6,1,5,7,3,4
61974,4,5,8,9,3,4,3,0,8,7,3
61975,8,2,5,5,9,9,8,4,6,9,2
61976,7,1,0,3,4,6,1,5,7,3,4
61977,5,5,8,9,3,4,7,0,8,7,7
61978,5,8,3,1,6,0,7,1,4,4,7
61979,5,8,3,1,6,0,7,1,4,4,7
61980,0,4,7,0,2,7,4,1,4,8,0
61981,4,5,8,9,3,4,3,0,8,7,3
61982,2,3,4,6,8,2,6,3,9,5,6
61983,7,1,0,3,4,6,1,5,7,3,4
61984,3,6,1,8,5,3,2,6,0,1,1
61985,0,4,7,0,2,7,4,1,4,8,0
61986,1,7,6,2,0,8,0,9,5,6,5
61987,3,6,1,8,5,3,2,6,0,1,1
61988,1,7,6,2,0,8,0,9,5,6,5
61989,0,8,3,1,6,0,3,1,4,4,0
61990,4,5,8,9,3,4,3,3,8,7,3
61991,6,5,2,7,1,5,9,2,3,2,9
61992,8,2,7,5,9,7,8,4,6,9,8
61993,9,9,9,2,7,1,5,7,2,0,5
61994,1,7,6,2,0,8,0,9,5,6,5
61995,3,6,1,8,5,3,2,6,0,1,1
61996,4,5,8,9,3,4,3,0,8,7,3
61997,7,1,0,3,4,6,1,5,7,3,4
61998,0,4,3,0,2,0,4,1,4,8,0
61999,7,1,0,3,4,6,1,5,7,3,4
62000,4,5,8,9,3,4,3,0,8,7,3
62001,5,8,3,1,6,0,7,1,4,4,7
62002,4,5,8,9,3,4,3,0,8,7,3
62003,2,3,4,6,8,2,6,8,9,5,6
62004,0,4,3,2,2,0,4,1,4,8,0
62005,5,8,3,1,6,0,7,1,4,4,7
62006,4,5,8,9,3,4,3,0,8,7,3
62007,5,8,3,1,6,0,7,1,4,4,7
62008,7,1,0,3,4,6,1,5,7,3,4
62009,5,8,3,1,6,0,7,1,4,4,7
62010,1,7,6,2,0,8,0,9,5,6,5
62011,1,7,6,2,0,8,0,9,5,6,5
62012,0,4,7,0,2,7,4,1,4,8,0
62013,1,7,6,2,0,8,0,9,5,6,5
62014,0,4,3,0,2,0,4,1,4,8,0
62015,1,7,6,2,0,8,0,9,5,6,5
62016,6,9,2,7,1,5,9,2,3,2,9
62017,1,7,6,2,0,8,0,9,5,6,5
62018,1,7,6,2,0,8,0,9,5,6,5
62019,0,4,7,0,2,7,4,4,6,8,0
62020,7,1,0,3,4,6,1,5,7,3,4
62021,0,4,7,0,2,7,4,1,4,8,0
62022,0,8,3,1,6,0,7,1,4,4,0
62023,3,6,1,8,5,3,2,6,0,1,1
62024,0,4,3,0,2,0,4,1,4,8,0
62025,7,1,0,3,4,6,1,5,7,3,4
62026,4,5,8,9,3,4,3,3,8,7,3
62027,1,7,6,2,0,8,0,9,5,6,5
62028,9,9,9,2,7,1,5,7,2,0,8
62029,7,1,0,3,4,6,1,5,7,3,0
62030,0,8,3,1,2,0,4,1,4,8,0
62031,7,1,0,3,4,6,1,5,7,3,4
62032,7,1,0,3,4,6,1,5,7,3,4
62033,3,0,1,4,5,3,2,6,1,1,1
62034,1,7,6,2,0,8,0,9,5,6,5
62035,2,3,4,6,8,2,6,3,9,5,6
62036,0,4,5,0,2,9,4,1,4,8,2
62037,7,1,0,3,4,6,1,5,7,3,4
62038,1,7,6,2,0,8,0,9,5,6,5
62039,5,5,8,9,3,4,3,0,8,7,7
62040,5,8,8,1,6,4,7,3,8,4,7
62041,1,7,6,2,0,8,0,9,5,6,5
62042,3,0,1,4,5,3,2,6,1,1,1
62043,9,9,9,2,7,1,5,7,2,0,5
62044,8,2,5,5,9,9,8,4,6,9,2
62045,7,1,0,3,4,6,1,5,7,3,4
62046,0,4,7,0,2,7,4,1,4,8,0
62047,3,0,1,4,5,3,2,6,1,1,1
62048,5,8,3,1,6,0,7,1,4,4,2
62049,0,4,3,0,2,0,4,1,4,8,0
62050,2,3,4,6,8,2,6,8,9,5,6
62051,9,9,9,2,7,1,5,7,2,0,5
62052,8,2,7,5,9,7,8,4,6,9,8
62053,1,4,7,0,2,7,0,9,5,8,0
62054,8,2,7,5,9,7,8,4,6,9,8
62055,6,5,2,7,1,5,9,2,3,2,9
62056,2,3,4,6,8,2,6,8,9,5,6
62057,5,5,2,7,1,5,7,2,3,2,7
62058,2,3,4,6,8,2,6,8,9,5,6
62059,0,4,5,0,2,9,4,9,5,8,2
62060,3,6,1,8,5,3,2,6,0,1,1
62061,4,0,8,4,3,4,3,0,1,7,3
62062,4,5,8,9,3,4,3,0,8,7,7
62063,1,7,6,2,0,8,0,9,5,6,5
62064,0,4,3,0,2,0,4,1,4,8,0
62065,7,3,0,6,4,6,1,8,9,3,4
62066,4,5,8,9,3,4,3,0,8,7,3
62067,2,0,4,4,8,2,6,3,1,5,6
62068,5,8,3,1,6,0,7,1,4,4,7
62069,7,1,0,3,4,6,1,5,7,3,4
62070,0,4,7,0,2,7,4,4,6,8,0
62071,1,7,6,2,0,8,0,9,5,6,5
62072,7,1,0,3,4,6,1,5,7,3,4
62073,7,1,0,3,4,6,1,5,7,3,4
62074,5,2,7,5,6,7,7,4,6,4,7
62075,7,1,0,3,4,6,1,5,7,3,4
62076,7,1,0,3,4,6,1,5,7,3,4
62077,7,1,0,3,4,6,1,5,7,3,4
62078,2,3,4,6,8,2,6,3,9,5,6
62079,1,7,6,9,0,8,0,3,5,6,3
62080,2,3,4,6,8,2,6,8,9,5,6
62081,2,0,4,4,8,2,6,3,1,5,6
62082,9,9,9,2,7,1,5,7,2,0,5
62083,7,1,0,3,4,6,1,5,7,3,4
62084,5,8,3,1,6,0,7,1,4,4,7
62085,7,1,0,3,4,6,1,5,7,3,4
62086,7,1,0,3,4,6,1,5,7,3,4
62087,3,0,1,4,5,3,2,6,1,1,1
62088,5,8,3,1,6,0,7,1,4,4,7
62089,0,4,3,0,2,0,4,1,4,8,0
62090,0,4,6,0,2,8,4,9,5,8,0
62091,5,8,3,1,6,0,7,1,4,4,7
62092,9,9,9,2,7,1,5,7,2,0,5
62093,9,9,9,2,7,1,5,7,2,0,5
62094,0,4,7,0,2,7,4,4,6,8,0
62095,0,4,5,0,2,9,4,1,4,8,2
62096,3,6,1,8,5,3,2,6,0,1,1
62097,4,5,8,9,3,4,3,0,8,7,3
62098,3,0,1,4,5,3,2,6,1,1,1
62099,5,8,3,1,6,0,7,1,4,4,7
62100,7,1,0,3,4,6,1,5,7,3,4
62101,6,5,2,7,1,5,9,2,3,2,9
62102,2,3,4,6,8,2,6,8,9,5,6
62103,2,3,7,6,8,7,6,8,9,5,0
62104,5,8,3,1,6,0,7,1,4,4,7
62105,7,1,0,3,4,6,1,5,7,3,4
62106,3,0,1,4,5,3,2,6,1,1,1
62107,7,1,0,3,4,6,1,5,7,3,4
62108,7,1,0,3,4,6,1,2,7,3,4
62109,5,8,3,1,6,0,7,1,4,4,7
62110,7,3,0,3,4,6,1,8,7,3,4
62111,7,3,0,6,4,6,1,8,9,3,4
62112,6,5,2,7,1,5,9,2,3,2,9
62113,2,3,4,3,8,2,6,5,9,5,6
62114,7,1,0,3,4,6,1,5,7,3,4
62115,3,6,1,1,5,3,2,6,0,1,1
62116,2,3,4,6,8,2,6,3,9,5,6
62117,0,8,3,1,6,0,7,1,4,4,0
62118,5,1,0,3,6,6,7,5,4,4,7
62119,2,3,4,6,8,2,6,8,9,5,6
62120,8,2,7,5,9,7,8,4,6,9,8
62121,1,7,6,6,0,8,0,9,5,6,5
62122,6,5,2,7,1,5,9,2,3,2,9
62123,8,2,5,5,9,9,8,4,6,9,8
62124,5,8,3,1,6,0,7,1,4,4,7
62125,0,4,3,0,2,0,4,1,4,8,0
62126,6,9,2,7,1,5,9,2,3,2,9
62127,3,0,1,4,5,3,2,6,1,1,1
62128,7,1,0,3,4,6,1,5,7,3,4
62129,6,5,2,7,1,5,9,2,3,2,9
62130,0,4,7,0,2,7,4,4,6,8,0
62131,9,9,9,2,7,1,5,9,2,0,5
62132,0,4,5,0,2,9,4,4,6,8,2
62133,1,7,6,2,0,8,0,9,5,6,5
62134,0,4,7,0,2,7,4,4,6,8,8
62135,9,9,9,2,7,1,5,7,2,0,5
62136,1,7,6,2,0,8,0,9,5,6,5
62137,1,7,6,2,0,8,0,9,5,6,5
62138,7,3,0,6,4,6,1,8,9,3,6
62139,7,1,0,3,4,6,1,5,7,3,4
62140,5,5,2,1,6,5,7,0,3,4,7
62141,0,4,5,0,2,9,4,1,4,8,2
62142,7,1,0,3,4,6,1,5,7,3,4
62143,8,2,5,5,9,9,8,4,6,9,5
62144,5,5,8,9,3,4,3,0,8,7,7
62145,5,8,3,1,6,0,7,2,3,4,7
62146,7,1,0,3,4,6,1,8,7,3,4
62147,0,4,7,0,2,7,4,1,4,8,0
62148,5,8,3,1,6,0,7,1,4,4,7
62149,8,2,7,5,9,7,8,4,6,9,8
62150,4,5,8,9,3,4,3,0,8,7,3
62151,7,1,0,3,4,6,1,5,7,3,4
62152,7,1,0,3,4,6,1,8,7,3,6
62153,2,3,4,6,8,2,6,3,9,5,6
62154,9,9,9,2,7,1,5,7,2,0,5
62155,3,6,1,4,5,3,2,6,1,1,1
62156,4,5,8,9,3,4,3,0,8,7,3
62157,6,9,2,7,1,5,9,2,3,2,9
62158,6,5,2,7,1,5,9,2,3,2,9
62159,0,4,5,0,2,9,4,1,4,8,0
62160,4,5,8,9,3,4,3,0,8,7,3
62161,5,8,3,1,6,0,7,1,4,4,7
62162,7,1,0,3,4,6,1,5,7,3,4
62163,7,1,0,3,4,6,1,5,7,3,4
62164,1,7,6,2,0,8,0,9,5,6,5
62165,5,8,3,1,6,0,7,1,4,4,7
62166,1,7,6,2,0,8,0,9,5,6,5
62167,8,2,5,5,9,9,8,4,6,9,8
62168,7,1,0,3,4,6,1,5,7,3,4
62169,0,4,3,0,2,0,4,1,4,8,0
62170,5,5,8,1,6,4,7,0,8,4,7
62171,1,7,6,2,0,8,0,9,5,6,5
62172,2,3,4,6,8,2,6,8,9,5,6
62173,0,4,7,0,2,7,4,1,4,8,0
62174,7,1,0,3,4,6,1,5,7,3,4
62175,1,7,6,2,0,8,0,9,5,6,5
62176,6,5,2,7,1,5,9,2,3,2,9
62177,7,1,0,3,4,6,1,5,7,3,4
62178,3,0,1,4,5,3,2,6,1,1,1
62179,2,3,4,6,8,2,6,8,9,5,6
62180,7,1,0,3,4,6,1,5,7,3,4
62181,5,8,3,1,6,0,7,1,4,4,7
62182,7,1,0,3,4,6,1,5,7,3,4
62183,5,8,8,1,6,4,7,0,8,4,7
62184,6,5,2,7,1,5,9,2,3,2,9
62185,7,1,0,3,4,6,1,5,7,3,4
62186,7,1,0,3,4,6,1,5,7,3,4
62187,8,4,5,0,2,9,4,4,6,8,2
62188,7,1,0,3,4,6,1,5,7,3,4
62189,9,9,9,2,7,1,5,7,2,0,5
62190,2,0,4,4,8,2,6,3,1,5,6
62191,6,3,2,7,1,5,9,2,3,2,9
62192,7,1,0,3,4,6,1,5,7,3,4
62193,8,2,2,5,9,5,8,2,3,9,8
62194,4,5,8,9,3,4,3,0,8,7,3
62195,8,2,5,5,9,9,8,4,6,9,2
62196,0,4,7,0,2,7,4,1,4,8,0
62197,1,7,6,2,0,8,0,9,5,6,5
62198,6,1,2,7,1,5,9,2,3,2,9
62199,2,9,4,2,8,2,6,3,2,5,5
62200,9,5,9,7,7,1,5,3,2,0,9
62201,5,8,3,1,6,0,7,1,4,4,7
62202,8,2,7,5,9,7,8,4,6,9,8
62203,7,1,0,3,4,6,1,5,7,3,4
62204,2,3,4,6,8,2,6,8,9,5,6
62205,8,2,7,5,9,7,8,4,6,9,8
62206,0,4,3,0,2,0,4,1,4,8,0
62207,2,3,7,6,8,7,6,8,9,5,0
62208,7,1,0,3,4,6,1,8,7,3,4
62209,2,0,4,4,8,2,6,3,1,5,6
62210,4,5,8,9,3,4,3,0,8,7,3
62211,7,3,0,6,4,6,1,8,9,3,4
62212,0,4,7,0,2,7,4,4,6,8,0
62213,2,3,4,6,8,2,6,8,9,5,6
62214,7,1,0,3,4,6,1,5,7,3,4
62215,3,6,1,8,5,3,2,6,0,1,1
62216,5,8,3,1,6,0,7,1,4,4,0
62217,3,6,1,8,5,3,2,6,0,1,1
62218,0,4,3,0,2,0,4,1,4,8,0
62219,0,4,7,0,2,7,4,8,9,8,0
62220,8,4,5,0,2,9,4,4,6,8,2
62221,9,9,9,2,7,1,5,7,2,0,5
62222,7,1,0,3,4,6,1,5,7,3,4
62223,0,4,7,0,2,7,4,4,6,8,0
62224,7,1,0,3,4,6,1,0,7,3,4
62225,2,3,7,6,8,7,6,8,9,5,0
62226,3,0,1,4,5,3,2,6,1,1,1
62227,5,8,3,1,6,0,7,1,4,4,7
62228,9,9,9,2,7,1,5,7,2,0,5
62229,7,1,0,3,4,6,1,1,7,3,4
62230,7,1,0,3,4,6,1,5,7,3,4
62231,4,5,8,9,3,4,3,0,8,7,3
62232,0,4,7,0,2,7,4,4,6,8,0
62233,5,8,3,1,6,0,7,1,4,4,7
62234,8,2,5,5,9,9,8,4,6,9,2
62235,9,9,9,2,7,1,5,7,2,0,5
62236,3,6,1,8,5,3,2,6,0,1,1
62237,4,5,8,9,3,4,3,0,8,7,3
62238,8,2,5,5,9,9,8,4,6,9,2
62239,1,7,6,2,0,8,0,9,5,6,5
62240,5,8,3,1,6,0,7,1,4,4,2
62241,9,9,9,2,7,1,5,3,2,0,8
62242,6,3,2,7,1,5,9,2,3,2,9
62243,0,4,5,0,2,9,4,4,6,8,2
62244,0,4,7,0,2,7,4,4,6,8,0
62245,1,7,6,2,0,8,0,9,5,6,5
62246,1,7,6,2,0,8,0,9,5,6,5
62247,7,1,0,3,4,6,1,5,7,3,4
62248,6,5,2,7,1,5,9,2,3,2,9
62249,5,8,3,1,6,0,7,1,4,4,7
62250,8,2,7,5,9,7,8,4,6,9,8
62251,5,8,3,1,6,0,7,1,4,4,7
62252,0,4,5,0,2,9,4,4,6,8,2
62253,6,5,2,7,1,5,9,2,3,2,9
62254,6,5,2,7,1,5,9,2,3,2,9
62255,7,1,0,3,4,6,1,5,7,3,4
62256,5,8,3,1,6,0,7,1,4,4,7
62257,5,8,3,1,6,0,7,1,4,4,0
62258,9,9,9,2,7,1,5,7,2,0,5
62259,5,8,3,1,6,0,7,1,4,4,7
62260,6,5,2,7,1,5,9,2,3,2,9
62261,9,9,9,2,7,1,5,7,2,0,5
62262,8,2,5,5,9,9,8,4,6,9,2
62263,5,8,3,1,6,0,7,1,4,4,7
62264,5,8,3,1,6,0,7,1,4,4,7
62265,0,4,3,0,2,0,4,1,4,8,0
62266,4,5,8,9,3,4,3,0,8,7,3
62267,4,5,8,9,3,4,3,0,8,7,3
62268,8,2,5,5,9,9,8,4,6,9,2
62269,1,7,6,2,0,8,0,9,5,6,5
62270,8,2,5,5,9,9,8,4,6,9,8
62271,2,3,4,6,8,2,6,8,9,5,6
62272,3,6,1,8,5,3,2,6,0,1,1
62273,9,9,9,2,7,1,5,7,2,0,5
62274,0,4,3,0,2,0,4,1,4,8,0
62275,0,4,5,0,2,9,4,4,6,8,2
62276,1,7,6,2,0,8,0,9,5,6,5
62277,9,9,9,2,7,1,5,7,2,0,5
62278,8,2,5,5,9,9,8,4,6,9,2
62279,7,1,0,3,4,6,1,5,7,3,4
62280,7,1,0,3,4,6,1,5,7,3,4
62281,7,1,0,3,4,6,1,5,7,3,4
62282,2,3,4,6,8,2,6,8,9,5,6
62283,1,7,6,2,0,8,0,9,5,6,5
62284,7,1,0,3,4,6,1,5,7,3,4
62285,8,4,5,0,2,9,4,4,6,8,2
62286,5,5,8,1,6,4,7,0,8,4,7
62287,1,7,6,2,0,8,0,9,5,6,5
62288,7,1,0,3,4,6,1,5,7,3,4
62289,0,4,7,0,2,7,4,8,9,8,0
62290,0,4,5,0,2,9,4,4,6,8,2
62291,7,1,0,3,4,6,1,5,7,3,4
62292,5,8,3,1,6,0,7,1,4,4,7
62293,3,6,1,8,5,3,2,0,0,1,1
62294,7,6,0,8,4,6,1,5,0,3,4
62295,3,6,1,8,5,3,2,6,0,1,1
62296,6,9,2,7,1,5,9,7,3,2,9
62297,7,1,0,3,4,6,1,5,7,3,4
62298,2,3,4,6,8,2,6,3,9,5,6
62299,8,2,5,5,9,9,8,4,6,9,8
62300,7,1,0,3,4,6,1,5,7,3,4
62301,8,2,5,5,9,9,8,4,6,9,2
62302,9,9,9,2,7,1,5,7,2,0,5
62303,7,1,0,3,4,6,1,5,7,3,4
62304,3,6,1,8,5,3,2,6,0,1,1
62305,2,3,4,6,8,2,6,8,9,5,6
62306,8,2,7,5,9,7,8,4,6,9,8
62307,0,4,7,0,2,7,4,4,6,8,0
62308,2,3,4,6,8,2,6,8,9,5,6
62309,2,3,4,6,8,2,6,8,9,5,6
62310,0,4,3,0,2,0,4,1,4,8,0
62311,6,5,2,7,1,5,9,2,3,2,9
62312,7,1,0,3,4,6,1,5,7,3,4
62313,5,8,3,1,6,0,7,1,4,4,7
62314,8,2,5,5,9,9,8,4,6,9,8
62315,1,7,6,2,0,8,0,9,5,6,5
62316,1,7,6,2,0,8,0,9,5,6,5
62317,5,8,3,1,6,0,7,1,4,4,2
62318,3,6,1,8,5,3,2,6,0,1,1
62319,5,8,3,1,6,0,7,0,0,4,7
62320,0,7,6,0,2,8,4,9,5,8,0
62321,4,5,8,9,3,4,3,0,8,7,3
62322,7,1,0,3,4,6,1,5,7,3,4
62323,5,8,3,1,6,0,7,1,4,4,0
62324,1,7,6,2,0,8,0,9,5,6,5
62325,1,7,6,2,0,8,0,9,5,6,5
62326,3,0,1,4,5,3,2,6,1,1,1
62327,6,9,2,7,1,5,9,2,3,2,9
62328,3,6,1,4,5,3,2,6,1,1,1
62329,3,0,1,4,5,3,2,6,1,1,1
62330,5,8,3,1,6,0,7,1,4,4,7
62331,4,5,8,9,3,4,3,0,8,7,3
62332,0,4,5,0,2,9,4,4,6,8,2
62333,3,0,1,4,5,3,2,3,1,1,1
62334,8,2,5,5,9,9,8,4,6,9,8
62335,1,7,6,2,0,8,0,9,5,6,5
62336,0,4,7,0,2,7,4,4,6,8,0
62337,5,5,8,1,6,4,7,0,8,4,7
62338,5,8,3,1,6,0,7,1,4,4,7
62339,0,4,3,0,2,0,4,1,4,8,0
62340,5,8,3,1,6,0,7,1,4,4,7
62341,5,8,3,1,6,0,7,1,4,4,7
62342,5,8,3,1,6,0,7,1,4,4,7
62343,1,7,6,2,0,8,0,9,5,6,5
62344,0,4,3,0,2,0,4,1,4,8,2
62345,0,4,3,0,2,0,4,1,4,8,0
62346,7,1,0,3,4,6,1,8,7,3,4
62347,7,1,0,3,4,6,1,5,7,3,4
62348,1,7,6,2,0,8,0,9,5,6,5
62349,2,3,4,6,8,2,6,8,9,5,6
62350,6,5,2,7,1,5,9,2,3,2,9
62351,3,0,1,4,5,3,2,3,1,1,1
62352,4,5,8,9,3,4,3,0,8,7,7
62353,6,5,2,7,1,5,9,2,3,2,9
62354,9,9,9,7,7,1,5,7,2,0,9
62355,1,7,6,2,0,8,0,9,5,6,5
62356,1,7,6,2,0,8,0,9,5,6,5
62357,1,7,6,2,0,8,0,9,5,6,5
62358,1,7,6,2,0,8,0,3,5,6,5
62359,1,7,6,2,0,8,0,9,5,6,5
62360,4,5,8,9,3,4,3,0,8,7,3
62361,8,2,7,5,9,7,8,4,6,9,8
62362,2,3,9,6,7,1,5,8,9,0,5
62363,0,4,3,0,2,0,4,1,4,8,0
62364,7,1,0,3,4,6,1,5,7,3,4
62365,8,2,5,5,9,9,8,4,6,9,8
62366,1,7,6,2,0,8,0,9,5,6,5
62367,4,5,8,9,3,4,3,3,8,7,3
62368,0,4,3,0,2,0,4,1,4,8,0
62369,5,8,3,1,6,0,7,1,4,4,7
62370,3,6,1,8,5,3,2,6,0,1,7
62371,5,8,3,1,6,0,7,1,4,4,7
62372,0,4,3,0,2,0,4,1,4,8,2
62373,0,4,7,0,2,7,4,4,6,8,0
62374,9,9,9,2,7,1,5,7,2,0,5
62375,5,8,3,1,6,0,7,1,4,4,7
62376,3,0,1,4,5,3,2,6,1,1,1
62377,8,2,5,5,9,9,8,4,6,9,8
62378,7,6,0,8,4,6,1,5,0,3,4
62379,1,7,6,2,0,8,0,9,5,6,5
62380,5,8,3,1,6,0,7,0,8,4,7
62381,0,4,5,0,2,9,4,4,6,8,0
62382,2,3,4,7,8,2,6,2,3,5,6
62383,4,5,8,9,3,4,3,0,8,7,3
62384,7,6,1,8,4,6,1,6,0,3,1
62385,3,0,1,4,5,3,2,6,1,1,1
62386,0,4,3,0,2,0,4,1,4,8,0
62387,1,7,6,2,0,8,0,9,5,6,5
62388,4,5,8,9,3,4,3,3,8,7,3
62389,7,1,0,3,4,6,1,5,7,3,4
62390,9,9,9,2,7,1,5,7,2,0,5
62391,6,5,2,7,1,5,9,2,3,2,9
62392,7,1,0,3,4,6,1,5,7,3,4
62393,7,1,0,3,4,6,1,5,7,3,4
62394,5,8,3,1,6,0,7,1,4,4,7
62395,2,0,4,4,8,2,6,3,1,5,6
62396,3,0,1,4,5,3,2,6,1,1,1
62397,9,9,9,3,7,1,5,7,2,0,4
62398,1,7,6,2,0,8,0,9,5,6,5
62399,0,4,5,0,2,9,4,4,6,8,2
62400,7,1,0,3,4,6,1,5,7,3,4
62401,5,8,3,1,6,0,7,1,4,4,0
62402,0,8,3,1,2,0,4,1,4,4,0
62403,3,6,1,8,5,3,2,6,0,1,1
62404,4,5,8,9,3,4,3,3,8,7,3
62405,7,1,0,3,4,6,1,5,7,3,4
62406,9,9,9,2,7,1,5,7,2,0,5
62407,0,4,5,0,2,9,4,1,4,8,2
62408,7,1,0,3,4,6,1,5,7,3,4
62409,9,9,9,2,7,1,5,7,2,0,5
62410,7,1,0,3,4,6,1,5,7,3,4
62411,1,7,6,2,0,8,0,9,5,6,5
62412,9,9,9,2,7,1,5,7,2,0,5
62413,7,1,0,3,4,6,1,5,7,3,4
62414,1,7,6,2,0,8,0,9,5,6,5
62415,6,5,2,7,1,5,9,2,3,2,9
62416,1,7,6,2,0,8,0,9,5,6,5
62417,3,0,1,4,5,3,2,6,1,1,1
62418,9,9,9,2,7,1,5,7,2,0,5
62419,2,3,4,6,8,2,6,8,9,5,6
62420,5,8,3,1,6,0,7,1,4,4,7
62421,1,7,6,2,0,8,0,9,5,6,5
62422,5,4,7,2,2,7,7,4,6,8,5
62423,7,1,0,3,4,6,1,4,6,3,4
62424,7,1,0,3,4,6,1,5,7,3,4
62425,7,1,0,3,4,6,1,5,7,3,4
62426,0,4,3,0,2,0,4,1,4,8,0
62427,7,1,0,3,4,6,1,5,7,3,4
62428,4,5,8,9,3,4,3,0,8,7,3
62429,9,9,9,2,7,1,5,7,2,0,5
62430,7,1,0,2,4,6,1,5,7,3,5
62431,6,1,2,7,1,5,9,3,3,2,9
62432,9,9,9,2,7,1,5,7,2,0,5
62433,1,7,6,2,0,8,0,9,5,6,5
62434,1,7,6,2,0,8,0,9,5,6,5
62435,3,6,1,8,5,3,2,6,0,1,1
62436,5,8,3,1,6,0,7,1,4,4,7
62437,9,9,9,2,7,1,5,7,2,0,5
62438,0,4,5,0,2,9,4,4,6,8,0
62439,7,1,0,3,4,6,1,5,7,3,4
62440,5,8,3,1,6,0,7,1,4,4,7
62441,7,1,0,3,4,6,1,9,7,3,4
62442,8,2,5,5,9,9,8,4,6,9,2
62443,0,4,3,0,2,0,4,1,4,8,0
62444,1,7,6,2,0,8,0,9,5,6,5
62445,0,8,3,0,2,0,4,1,4,8,0
62446,6,9,2,7,1,5,9,2,3,2,9
62447,0,4,7,0,2,7,4,4,6,8,0
62448,0,4,7,0,2,7,4,1,4,8,0
62449,2,3,4,6,8,2,6,8,9,5,6
62450,7,1,0,3,4,6,1,5,7,3,4
62451,2,3,4,6,8,2,6,8,9,5,6
62452,7,1,0,3,4,6,1,5,7,3,4
62453,1,7,6,2,0,8,0,9,5,6,5
62454,7,1,0,3,4,6,1,5,7,3,4
62455,3,0,1,4,5,3,2,3,1,1,1
62456,0,4,7,0,2,7,4,1,4,8,0
62457,8,2,7,5,9,7,8,4,6,9,8
62458,4,5,8,9,3,4,3,0,8,7,3
62459,6,9,2,2,1,5,9,2,3,2,5
62460,5,8,3,1,6,0,7,1,4,4,0
62461,4,0,8,9,3,4,3,3,8,7,3
62462,3,0,1,4,5,3,2,6,1,1,1
62463,8,2,5,5,9,9,8,4,6,9,2
62464,5,8,3,1,6,0,7,1,4,4,7
62465,4,5,8,9,3,4,3,0,8,7,3
62466,4,5,8,9,3,4,3,0,8,7,7
62467,0,3,4,6,2,2,6,8,9,8,0
62468,4,5,8,9,3,4,3,0,8,7,3
62469,4,5,8,9,3,4,3,0,8,7,3
62470,7,1,0,3,4,6,1,8,7,3,4
62471,4,5,8,9,3,4,3,0,8,7,3
62472,0,4,7,0,2,7,4,4,6,8,0
62473,1,7,6,2,0,8,0,9,5,6,5
62474,8,2,5,5,9,9,8,4,6,9,8
62475,7,1,0,3,4,6,1,5,7,3,4
62476,7,6,0,8,4,6,1,5,0,3,4
62477,0,4,7,0,2,7,4,1,4,8,0
62478,5,8,3,1,6,0,7,1,4,4,0
62479,3,6,1,8,5,3,2,6,0,1,1
62480,8,2,5,5,9,9,8,4,6,9,8
62481,6,1,2,7,1,5,9,2,3,2,9
62482,0,4,5,0,2,9,4,4,6,8,2
62483,4,5,8,9,3,4,3,0,8,7,3
62484,8,2,5,5,9,9,8,4,6,9,2
62485,3,6,1,8,5,3,2,6,0,1,1
62486,4,5,8,9,3,4,3,0,8,7,3
62487,8,2,7,5,9,7,8,4,6,9,8
62488,0,5,7,0,2,7,4,4,6,8,0
62489,5,8,3,1,6,0,7,1,4,4,7
62490,8,2,5,5,9,9,8,4,6,9,8
62491,6,5,2,7,1,5,9,2,3,2,9
62492,3,0,1,4,5,3,2,6,1,1,1
62493,0,4,3,0,2,0,4,1,4,8,0
62494,5,8,3,1,6,0,7,1,4,4,0
62495,6,5,2,7,1,5,9,2,3,2,9
62496,5,8,3,1,6,0,7,1,4,4,7
62497,0,4,7,0,2,7,4,4,6,8,0
62498,5,8,3,1,6,0,7,1,4,4,7
62499,5,8,3,1,6,0,7,1,4,4,7
62500,9,9,6,2,7,8,5,9,5,0,5
62501,7,1,0,3,4,6,1,5,7,3,4
62502,7,1,0,3,4,6,1,5,7,3,4
62503,6,5,2,7,1,5,9,2,3,2,9
62504,1,7,6,2,0,8,0,9,5,6,5
62505,5,8,3,1,6,0,7,1,4,4,2
62506,3,0,1,4,5,3,2,6,1,1,1
62507,9,9,9,5,7,1,5,7,2,0,8
62508,0,5,8,9,3,4,4,1,8,7,3
62509,0,4,7,0,2,7,4,1,4,8,0
62510,9,9,9,2,7,1,5,7,2,0,5
62511,7,1,0,3,4,6,1,5,7,3,4
62512,7,1,0,3,4,6,1,5,7,3,4
62513,9,9,9,2,7,1,5,7,2,0,5
62514,0,8,3,0,2,0,4,1,4,8,0
62515,4,5,8,9,3,4,3,0,8,7,3
62516,5,8,3,1,6,0,7,1,4,4,7
62517,6,5,2,7,1,5,9,2,3,2,9
62518,7,1,0,3,4,6,1,5,7,3,4
62519,1,7,6,2,0,8,0,9,5,6,5
62520,7,1,0,3,4,6,1,5,7,3,4
62521,8,0,5,4,9,9,8,4,1,9,2
62522,7,1,0,3,4,6,1,5,7,3,4
62523,0,4,3,0,2,0,4,1,4,8,2
62524,9,9,9,2,7,1,5,7,2,0,5
62525,2,3,4,6,8,2,6,8,9,5,6
62526,7,1,0,3,4,6,1,5,7,3,4
62527,3,0,1,4,5,3,2,6,1,1,1
62528,0,4,3,0,2,0,4,1,4,8,0
62529,1,7,6,2,0,8,0,9,5,6,5
62530,0,4,7,0,2,7,4,1,4,8,0
62531,3,6,1,8,5,3,2,6,0,1,1
62532,1,7,6,2,0,8,0,9,5,6,5
62533,1,7,6,2,0,8,0,9,5,6,5
62534,7,1,0,3,4,6,1,5,7,3,4
62535,5,6,2,8,6,5,7,6,0,4,7
62536,3,6,1,4,5,3,2,6,0,1,1
62537,0,4,7,0,2,7,4,4,6,8,0
62538,0,4,3,0,2,0,4,1,4,8,0
62539,8,2,5,5,9,9,8,4,6,9,8
62540,7,6,0,8,4,6,1,5,0,3,4
62541,1,7,6,2,0,8,0,9,5,6,5
62542,3,6,1,8,5,3,2,6,0,1,1
62543,2,3,4,6,8,2,6,3,9,5,6
62544,0,4,7,0,2,7,4,1,4,8,0
62545,7,1,0,3,4,6,1,5,7,3,4
62546,2,3,7,6,8,7,6,8,9,5,0
62547,0,4,5,0,2,9,4,4,6,8,2
62548,8,2,7,5,9,7,8,4,6,9,8
62549,7,3,4,6,4,6,1,8,9,3,6
62550,7,1,0,3,4,6,1,5,7,3,4
62551,7,1,0,3,4,6,1,5,7,3,4
62552,7,1,0,0,4,6,1,5,7,3,0
62553,1,7,6,2,0,8,0,9,5,6,5
62554,2,3,4,6,8,2,6,3,9,5,8
62555,7,1,0,3,4,6,1,5,7,3,4
62556,7,8,3,1,4,0,1,1,4,3,4
62557,3,0,1,4,5,3,2,6,1,1,1
62558,2,3,4,6,8,2,6,8,9,5,6
62559,7,1,0,3,4,6,1,5,7,3,4
62560,7,1,8,3,4,4,1,5,7,3,4
62561,2,3,4,6,8,2,6,8,9,5,6
62562,4,5,8,9,3,4,3,3,8,7,3
62563,0,4,5,0,2,9,4,4,6,8,2
62564,9,9,9,2,7,1,5,7,2,0,5
62565,5,8,3,1,6,0,7,1,4,4,2
62566,7,1,6,3,4,8,1,9,5,3,4
62567,0,4,5,0,2,9,4,4,6,8,2
62568,3,6,1,8,5,3,2,6,0,1,1
62569,7,1,0,3,4,6,1,5,7,3,4
62570,0,4,7,0,2,7,4,1,4,8,0
62571,7,1,0,3,4,6,1,5,7,3,4
62572,6,5,2,7,1,5,9,2,3,2,9
62573,2,3,4,6,8,2,6,8,9,5,6
62574,7,1,3,3,4,0,1,1,4,3,4
62575,7,1,0,3,4,6,1,5,7,3,4
62576,1,7,6,2,0,8,0,9,5,6,5
62577,0,4,5,0,2,9,4,4,6,8,2
62578,9,9,9,2,7,1,5,7,2,0,5
62579,2,3,4,6,8,2,6,8,9,5,6
62580,4,5,8,9,3,4,3,0,8,7,3
62581,8,2,7,5,9,7,8,4,6,9,8
62582,8,2,7,5,9,7,8,4,6,9,8
62583,7,1,0,3,4,6,1,5,7,3,4
62584,2,3,4,6,8,2,6,8,9,5,6
62585,0,4,3,0,2,0,4,1,4,8,0
62586,2,3,4,6,8,2,6,8,9,5,6
62587,7,1,0,3,4,6,1,5,7,3,4
62588,5,8,3,1,6,0,7,1,4,4,7
62589,5,8,3,1,6,0,7,1,0,4,7
62590,1,7,6,2,0,8,0,9,5,6,5
62591,8,4,5,0,2,9,8,4,6,8,2
62592,3,0,1,4,5,3,2,6,1,1,1
62593,3,6,1,8,5,3,2,6,0,1,1
62594,7,1,0,3,4,6,1,5,7,3,4
62595,0,4,5,0,2,9,4,1,4,8,2
62596,6,9,2,7,1,5,9,2,3,2,9
62597,7,1,0,3,4,6,1,5,7,3,4
62598,9,9,9,2,7,1,5,7,2,0,5
62599,1,7,6,2,0,8,0,9,5,6,5
62600,7,1,0,3,4,6,1,5,7,3,4
62601,4,5,8,9,3,4,3,0,8,7,3
62602,6,5,2,7,1,5,9,2,3,2,9
62603,0,4,7,0,2,7,4,4,6,8,0
62604,7,1,0,3,4,6,1,5,7,3,4
62605,0,4,3,0,2,0,4,1,4,8,2
62606,7,1,0,3,4,6,1,5,7,3,4
62607,9,9,9,2,7,1,5,7,2,0,5
62608,1,7,6,2,0,8,0,9,5,6,5
62609,4,5,8,9,3,4,3,0,8,7,3
62610,2,3,4,6,8,2,6,8,9,5,6
62611,1,7,6,2,0,8,0,3,5,6,5
62612,1,7,6,2,0,8,0,9,5,6,5
62613,5,8,3,1,6,0,7,1,4,4,7
62614,2,3,4,6,8,2,6,8,9,5,6
62615,8,2,7,5,9,7,8,4,6,9,0
62616,7,1,0,3,4,6,1,5,7,3,4
62617,9,9,9,2,7,1,5,7,2,0,5
62618,7,1,0,3,4,6,1,5,7,3,4
62619,3,0,1,4,5,3,2,6,1,1,1
62620,4,5,8,9,3,4,3,3,8,7,3
62621,6,5,2,7,1,5,9,2,3,2,9
62622,0,4,5,0,2,9,4,9,5,8,2
62623,7,1,0,3,4,6,1,5,7,3,4
62624,7,1,0,3,4,6,1,5,7,3,4
62625,1,7,6,2,0,8,0,9,5,6,5
62626,1,7,6,2,0,8,0,9,5,6,5
62627,3,6,1,8,5,3,2,6,0,1,1
62628,8,2,5,5,9,9,8,4,6,9,8
62629,7,1,0,3,4,6,1,5,7,3,4
62630,5,8,3,1,6,0,7,1,4,4,7
62631,4,5,8,9,3,4,3,0,8,7,3
62632,7,1,0,3,4,6,1,5,7,3,4
62633,8,2,7,5,9,7,8,4,6,9,0
62634,7,1,0,3,4,6,1,5,7,3,4
62635,5,8,3,1,6,0,7,1,4,4,7
62636,7,1,0,3,4,6,1,5,7,3,4
62637,5,8,3,1,6,0,7,1,4,4,7
62638,3,6,1,8,5,3,2,6,0,1,1
62639,7,1,0,3,4,6,1,5,7,3,4
62640,2,3,4,6,8,2,6,8,9,5,6
62641,3,6,1,8,5,3,2,6,0,1,1
62642,0,4,7,0,2,7,4,4,6,8,0
62643,4,5,8,9,3,4,3,0,8,7,3
62644,2,3,4,6,8,2,6,8,9,5,6
62645,0,8,3,1,6,0,7,1,4,4,0
62646,0,4,5,0,2,9,4,4,6,8,2
62647,1,7,6,2,0,8,0,9,5,6,5
62648,2,3,4,6,8,2,6,8,9,5,6
62649,3,0,1,4,5,3,2,6,1,1,1
62650,1,3,6,2,0,8,0,8,9,6,5
62651,2,3,4,9,8,2,6,3,9,5,3
62652,7,1,0,3,4,6,1,5,7,3,4
62653,2,3,4,6,8,2,6,8,9,5,6
62654,1,7,6,2,0,8,0,9,5,6,5
62655,9,9,9,2,7,1,5,7,2,0,5
62656,7,6,0,8,4,6,1,5,0,3,4
62657,3,6,1,8,5,3,2,6,0,1,1
62658,0,4,7,0,2,7,4,8,4,8,0
62659,8,2,7,5,9,7,8,4,6,9,8
62660,7,1,0,3,4,6,1,5,7,3,4
62661,1,7,6,2,0,8,0,9,5,6,5
62662,6,5,2,7,1,5,9,2,3,2,9
62663,7,1,0,3,4,6,1,5,7,3,4
62664,6,5,2,7,1,5,9,2,3,2,9
62665,1,7,6,2,0,8,0,9,5,6,5
62666,8,4,5,0,2,9,8,4,6,8,2
62667,2,3,4,6,8,2,6,8,9,5,6
62668,7,1,0,3,4,6,1,5,7,3,4
62669,6,5,2,7,1,5,9,2,3,2,9
62670,7,1,0,3,4,6,1,5,7,3,4
62671,8,2,5,5,9,9,8,4,6,9,8
62672,4,5,8,9,3,4,3,0,8,7,3
62673,0,8,3,0,2,0,4,1,4,8,0
62674,1,7,6,2,0,8,0,9,5,6,5
62675,5,8,3,1,6,0,7,1,4,4,7
62676,9,9,9,2,7,1,5,7,2,0,5
62677,4,5,8,9,3,4,3,3,8,7,3
62678,0,4,3,0,2,0,4,1,4,8,0
62679,6,5,2,7,1,5,9,2,3,2,9
62680,5,8,3,1,6,0,7,1,4,4,7
62681,9,9,9,2,7,1,5,7,2,0,5
62682,2,3,4,6,8,2,6,3,9,5,6
62683,0,4,3,0,2,0,4,1,4,8,0
62684,1,7,6,2,0,8,0,9,5,6,5
62685,0,4,3,0,2,0,4,1,4,8,0
62686,7,1,0,3,4,6,1,5,7,3,4
62687,3,6,1,8,5,3,2,6,0,1,1
62688,1,7,6,2,0,8,0,9,5,6,5
62689,1,7,6,2,0,8,0,9,5,6,5
62690,0,7,6,0,2,8,4,9,5,8,0
62691,7,7,6,2,4,8,1,8,5,3,5
62692,0,4,3,0,2,0,4,1,4,8,0
62693,1,7,6,2,0,8,0,9,5,6,5
62694,0,4,3,0,2,0,4,1,4,8,0
62695,5,8,3,1,6,0,7,1,4,4,7
62696,5,8,3,1,6,0,7,1,4,4,7
62697,5,8,3,1,6,0,7,1,4,4,7
62698,1,7,6,0,0,8,0,9,5,6,5
62699,9,9,9,2,7,1,5,7,2,0,5
62700,0,4,3,0,2,0,4,1,4,8,2
62701,0,4,7,0,2,7,4,1,4,8,0
62702,5,5,8,9,3,4,7,0,8,7,7
62703,3,6,1,8,5,3,2,6,0,1,1
62704,1,7,6,2,0,8,0,9,5,6,5
62705,1,7,6,6,0,8,0,9,5,6,0
62706,1,7,6,2,0,8,0,9,5,6,5
62707,3,6,1,4,5,3,2,6,1,1,1
62708,0,8,3,0,2,0,4,1,4,8,0
62709,5,8,3,1,6,0,7,1,4,4,0
62710,0,4,3,0,2,0,4,1,4,8,2
62711,5,5,8,9,3,4,7,0,8,7,7
62712,7,1,0,3,4,6,1,5,7,3,4
62713,2,3,4,6,8,2,6,8,9,5,6
62714,3,6,1,8,5,3,2,6,0,1,1
62715,0,4,7,0,2,7,4,4,6,8,0
62716,7,1,0,3,4,6,1,5,7,3,4
62717,3,6,1,8,5,3,2,6,0,1,1
62718,4,5,8,9,3,4,3,0,8,7,3
62719,9,9,9,2,7,1,5,7,2,0,5
62720,0,4,7,0,2,7,4,4,6,8,0
62721,5,5,8,9,6,4,7,0,8,4,7
62722,1,7,6,2,0,8,0,9,5,6,5
62723,7,1,0,3,4,6,1,5,7,3,4
62724,7,1,0,3,4,6,1,5,9,3,4
62725,9,9,9,2,7,1,5,7,2,0,5
62726,6,5,2,7,1,5,9,2,3,2,9
62727,7,1,0,3,4,6,1,5,7,3,4
62728,6,5,2,7,1,5,9,2,3,2,7
62729,6,5,2,7,1,5,9,2,3,2,9
62730,9,9,9,2,7,1,5,4,2,0,8
62731,7,1,0,3,4,6,1,5,7,3,4
62732,1,7,6,2,0,8,0,9,5,6,5
62733,2,0,4,4,8,2,6,3,1,5,6
62734,9,9,9,2,7,1,5,7,2,0,5
62735,0,4,3,0,2,0,4,1,4,8,0
62736,8,2,5,5,9,9,8,4,6,9,8
62737,4,5,8,9,3,4,3,0,8,7,3
62738,4,5,8,9,3,4,3,0,8,7,7
62739,0,3,7,0,2,7,4,8,9,8,0
62740,8,2,5,5,9,9,8,4,6,9,8
62741,6,5,2,7,1,5,9,2,3,2,9
62742,5,8,3,1,6,0,7,1,4,4,7
62743,1,7,6,2,0,8,0,9,5,6,5
62744,0,3,7,6,2,7,4,8,9,8,0
62745,7,1,0,3,4,6,1,5,7,3,4
62746,9,9,9,2,7,1,5,7,2,0,5
62747,3,6,1,8,5,3,2,6,0,1,1
62748,7,1,0,3,4,6,1,5,7,3,4
62749,5,8,3,1,6,0,7,1,4,4,7
62750,2,3,4,6,8,2,6,3,9,5,6
62751,4,0,8,4,3,4,3,3,1,7,3
62752,6,5,2,7,1,5,9,2,3,2,9
62753,9,9,9,2,7,1,5,7,2,0,5
62754,4,5,8,9,3,4,3,0,8,7,3
62755,0,4,7,0,2,7,4,1,4,8,0
62756,7,1,0,3,4,6,1,5,7,3,4
62757,1,7,6,2,0,8,0,9,5,6,5
62758,7,1,0,3,4,6,1,5,7,3,4
62759,4,5,8,9,3,4,3,0,8,7,3
62760,9,9,9,2,7,1,5,7,2,0,8
62761,3,0,1,4,5,3,2,6,1,1,1
62762,4,5,8,9,3,4,3,0,8,7,3
62763,3,6,1,8,5,3,2,6,0,1,1
62764,2,0,4,4,8,2,6,3,1,5,6
62765,3,0,1,4,5,3,2,6,1,1,1
62766,4,5,8,9,3,4,3,0,8,7,5
62767,7,1,0,3,4,6,1,5,7,3,4
62768,7,3,0,6,4,6,1,8,9,3,4
62769,0,4,7,0,2,7,4,4,6,8,0
62770,4,1,8,9,3,4,3,0,8,7,3
62771,0,4,7,0,2,7,4,9,5,8,0
62772,9,9,9,2,7,1,5,7,2,0,5
62773,2,3,4,6,8,2,6,8,9,5,6
62774,7,1,0,3,4,6,1,5,7,3,4
62775,7,1,0,3,4,6,1,5,7,3,4
62776,7,1,0,3,4,6,1,5,7,3,4
62777,3,0,1,4,5,3,2,6,1,1,1
62778,6,5,2,7,1,5,9,3,4,2,9
62779,3,6,1,8,5,3,2,6,0,1,1
62780,7,1,0,3,4,6,1,5,7,3,4
62781,5,8,3,1,6,0,7,1,4,4,0
62782,4,5,8,9,3,4,3,0,8,7,3
62783,9,9,9,2,7,1,5,7,2,0,5
62784,6,5,2,7,1,5,9,2,3,2,9
62785,7,1,0,3,4,6,1,5,7,3,4
62786,1,7,6,2,0,8,0,9,5,6,5
62787,6,5,2,7,1,5,9,2,3,2,9
62788,1,7,6,2,0,8,0,9,5,6,5
62789,9,9,9,2,7,1,5,7,2,0,5
62790,2,3,4,6,8,2,6,8,9,5,0
62791,4,5,8,9,3,4,3,0,8,7,3
62792,0,4,3,0,2,0,4,1,4,8,0
62793,1,7,6,2,0,8,0,9,5,6,5
62794,7,1,0,3,4,6,1,5,7,3,4
62795,4,5,8,9,3,4,3,0,8,7,3
62796,4,5,8,9,3,4,3,0,8,7,3
62797,5,8,3,1,6,0,7,1,4,4,4
62798,2,3,4,6,8,2,6,8,9,5,6
62799,7,1,0,3,4,6,1,5,7,3,4
62800,2,3,4,6,8,2,6,8,9,5,6
62801,6,5,2,7,1,5,9,0,3,2,7
62802,3,6,1,8,5,3,2,6,0,1,1
62803,1,7,6,2,0,8,0,9,5,6,5
62804,0,4,3,0,2,0,4,1,4,8,0
62805,5,8,3,1,6,0,7,1,4,4,7
62806,0,4,3,0,2,0,4,1,4,8,0
62807,7,1,0,3,4,6,1,5,7,3,4
62808,0,4,5,0,2,9,4,4,6,8,0
62809,7,1,0,3,4,6,1,8,7,3,4
62810,7,1,0,3,4,6,1,5,7,3,4
62811,3,6,1,8,5,3,2,6,0,1,1
62812,0,8,3,0,2,0,4,1,4,8,0
62813,7,1,0,3,4,6,1,5,7,3,4
62814,7,1,0,3,4,6,1,5,7,3,4
62815,1,7,6,2,0,8,0,9,5,6,5
62816,9,9,9,2,7,1,5,7,2,0,5
62817,3,0,1,4,5,3,2,6,1,1,1
62818,8,2,7,5,9,7,8,4,6,9,8
62819,0,4,7,0,2,7,4,1,4,8,0
62820,0,4,7,0,2,7,4,1,4,8,0
62821,3,0,1,4,5,3,2,6,1,1,1
62822,1,7,6,2,0,8,0,9,5,6,5
62823,0,4,5,0,2,9,4,4,6,8,0
62824,3,1,1,3,5,3,2,6,7,1,1
62825,1,7,6,2,0,8,0,9,5,6,5
62826,5,5,8,9,3,4,7,0,8,7,7
62827,1,7,6,2,0,8,0,9,5,6,5
62828,8,2,7,5,9,7,8,4,6,9,8
62829,7,1,0,3,4,6,1,5,7,3,4
62830,5,5,8,9,3,4,7,0,8,7,7
62831,4,5,8,9,3,4,3,0,8,7,3
62832,2,3,4,6,8,2,6,5,9,5,6
62833,5,8,3,1,6,0,7,1,4,4,7
62834,7,1,0,3,4,6,1,5,7,3,4
62835,0,4,7,0,2,7,4,1,4,8,0
62836,5,8,3,1,6,0,7,1,4,4,7
62837,8,2,5,5,9,9,8,4,6,9,2
62838,7,1,0,3,4,6,1,5,7,3,4
62839,7,1,0,3,4,6,1,5,7,3,4
62840,7,1,0,3,4,6,1,5,7,3,4
62841,0,4,5,0,2,9,4,1,4,8,2
62842,3,6,1,8,5,3,2,6,0,1,1
62843,8,2,5,5,9,9,8,4,6,9,8
62844,0,4,5,0,2,9,4,4,6,8,2
62845,0,4,3,0,2,0,4,1,4,8,0
62846,4,5,8,9,3,4,3,0,8,7,3
62847,0,4,3,0,2,0,4,1,4,8,0
62848,6,3,2,7,1,5,9,2,3,2,9
62849,2,3,4,6,8,2,6,8,9,5,6
62850,7,0,0,4,4,6,1,5,1,3,4
62851,5,8,3,1,6,0,7,1,4,4,7
62852,9,9,9,2,7,1,5,7,2,0,5
62853,7,1,0,3,4,6,1,5,7,3,4
62854,8,2,7,5,9,7,8,4,6,9,8
62855,9,9,9,2,7,1,5,3,2,0,8
62856,2,3,4,6,8,2,6,8,9,5,6
62857,5,8,3,1,6,0,7,1,4,4,7
62858,5,8,3,1,6,0,7,1,4,4,0
62859,2,3,4,6,8,2,6,8,9,5,6
62860,4,5,8,9,3,4,3,0,8,7,3
62861,1,7,6,2,0,8,0,9,5,6,5
62862,9,3,9,2,7,1,5,7,9,0,5
62863,0,4,7,0,2,7,4,8,9,8,0
62864,6,5,2,7,1,5,9,2,3,2,9
62865,7,1,0,3,4,6,1,5,7,3,4
62866,4,5,8,9,3,4,3,0,8,7,0
62867,1,7,6,2,0,8,0,9,5,6,5
62868,1,7,6,2,0,8,0,9,5,6,5
62869,2,3,4,6,8,2,6,8,9,5,6
62870,5,8,3,1,6,0,7,1,4,4,0
62871,2,3,4,6,8,2,6,8,9,5,6
62872,5,8,3,1,6,0,7,1,4,4,7
62873,3,6,1,8,5,3,2,6,0,1,1
62874,8,4,5,0,2,9,4,4,6,8,2
62875,0,4,7,0,2,7,4,4,6,8,0
62876,4,5,8,9,3,4,3,0,8,7,3
62877,0,4,3,0,2,0,4,1,4,8,0
62878,1,7,6,2,0,8,0,9,5,6,5
62879,8,2,7,5,9,7,8,4,6,9,8
62880,1,7,6,2,0,8,0,9,5,6,5
62881,7,1,0,3,4,6,1,5,7,3,4
62882,5,8,3,1,6,0,7,1,4,4,7
62883,8,2,7,5,9,7,8,4,6,9,8
62884,7,1,0,3,4,6,1,5,7,3,4
62885,9,9,9,2,7,1,5,7,2,0,5
62886,0,4,3,0,2,0,4,1,4,8,0
62887,8,4,5,5,9,9,8,4,6,9,2
62888,8,2,5,5,9,9,8,4,6,9,8
62889,5,8,3,1,6,0,7,1,4,4,7
62890,8,2,5,5,9,9,8,4,6,9,2
62891,6,5,2,7,1,5,9,2,3,2,9
62892,5,8,3,1,6,0,7,1,4,4,7
62893,7,1,0,3,4,6,1,5,7,3,4
62894,3,6,1,8,5,3,2,6,0,1,1
62895,2,3,4,6,8,2,6,8,9,5,6
62896,7,1,0,3,4,6,1,5,7,3,4
62897,2,3,4,6,8,2,6,8,9,5,6
62898,0,4,7,0,2,7,4,1,4,8,0
62899,3,6,1,8,5,3,2,6,0,1,1
62900,5,8,3,1,6,0,7,1,4,4,7
62901,1,7,6,2,0,8,0,9,5,6,5
62902,1,7,6,2,0,8,0,9,5,6,5
62903,7,1,0,3,4,6,1,5,7,3,4
62904,6,5,2,7,1,5,9,2,3,2,9
62905,1,7,6,2,0,8,0,9,5,6,5
62906,7,1,0,3,4,6,1,5,7,3,4
62907,5,8,3,1,6,0,7,1,4,4,0
62908,5,8,3,1,6,0,7,1,4,4,7
62909,2,3,4,6,8,2,6,3,9,5,6
62910,6,5,2,7,1,5,9,2,3,2,9
62911,9,9,9,2,7,1,5,7,2,0,5
62912,1,7,6,2,0,8,0,9,5,6,5
62913,7,1,0,3,4,6,1,5,7,3,4
62914,0,4,6,0,2,8,4,9,5,8,0
62915,0,4,6,0,2,8,4,9,5,8,0
62916,0,4,7,0,2,7,4,9,5,8,0
62917,0,4,3,0,2,0,4,1,4,8,0
62918,6,5,2,7,1,5,9,2,3,2,9
62919,5,8,3,1,6,0,7,1,4,4,7
62920,5,8,3,1,6,0,7,1,4,4,7
62921,6,3,4,7,8,2,9,3,3,5,9
62922,7,3,0,6,4,6,1,8,9,3,4
62923,0,4,7,0,2,7,4,9,5,8,0
62924,7,1,0,3,4,6,1,5,7,3,4
62925,8,2,7,2,9,7,8,3,2,9,8
62926,0,4,3,0,2,0,4,1,4,8,0
62927,5,5,3,1,6,0,7,1,4,4,7
62928,9,9,9,2,7,1,5,7,2,0,5
62929,5,8,3,1,6,0,7,1,4,4,7
62930,9,9,9,2,7,1,5,7,2,0,5
62931,2,3,4,6,8,2,6,8,9,5,6
62932,3,6,1,8,5,3,2,6,0,1,1
62933,4,5,8,9,3,4,3,0,8,7,3
62934,5,8,3,1,6,0,7,1,4,4,0
62935,2,3,4,6,8,2,6,8,9,5,6
62936,5,8,3,1,6,0,7,1,4,4,7
62937,2,0,4,4,8,2,6,3,1,5,6
62938,8,2,7,5,9,7,8,4,6,9,8
62939,5,8,3,1,6,0,7,1,4,4,7
62940,6,9,2,7,1,5,9,2,3,2,9
62941,0,4,3,0,2,0,4,1,4,8,0
62942,3,6,1,8,5,3,2,6,0,1,1
62943,1,7,6,2,0,8,0,9,5,6,5
62944,7,1,0,3,4,6,1,5,7,3,4
62945,1,7,6,2,0,8,0,9,5,6,5
62946,9,9,9,2,7,1,5,7,2,0,5
62947,4,5,8,9,3,4,3,0,8,7,3
62948,7,1,0,3,4,6,1,5,7,3,4
62949,9,3,9,6,7,1,5,8,9,0,5
62950,1,7,6,2,0,8,0,9,5,6,5
62951,2,3,4,6,8,2,6,8,9,5,6
62952,7,1,0,3,4,6,1,5,7,3,4
62953,7,1,0,3,4,6,1,8,9,3,0
62954,3,0,1,4,5,3,2,3,1,1,1
62955,2,3,4,6,8,2,6,8,9,5,6
62956,7,1,0,3,4,6,1,5,7,3,4
62957,9,9,9,2,7,1,5,7,2,0,5
62958,0,4,7,0,2,7,4,1,4,8,0
62959,5,8,3,1,6,0,7,1,4,4,7
62960,0,3,4,6,2,2,4,8,9,8,0
62961,0,4,5,0,2,9,4,1,4,8,0
62962,4,0,8,4,3,4,3,6,1,7,3
62963,5,8,3,1,6,0,7,1,4,4,7
62964,0,4,3,0,2,0,4,1,4,8,0
62965,1,7,6,2,0,8,0,9,5,6,5
62966,0,4,3,0,2,0,4,1,4,8,0
62967,0,4,5,0,2,9,4,4,6,8,2
62968,0,4,5,0,2,9,4,4,6,8,2
62969,9,9,9,2,7,1,5,7,2,0,5
62970,7,1,0,3,4,6,1,5,7,3,4
62971,6,9,2,7,1,5,9,2,3,2,9
62972,3,0,1,4,5,3,2,6,1,1,1
62973,5,8,3,1,6,0,7,1,4,4,7
62974,1,7,6,2,0,8,0,7,5,6,5
62975,2,3,4,6,8,2,6,8,9,5,6
62976,4,5,8,9,3,4,3,0,8,7,3
62977,7,1,0,3,4,6,1,5,7,3,4
62978,7,1,0,3,4,6,1,5,7,3,4
62979,0,4,7,0,2,7,4,4,6,8,0
62980,4,5,8,9,3,4,3,0,8,7,3
62981,6,5,2,7,1,5,9,2,3,2,9
62982,1,7,6,2,0,8,0,9,5,6,5
62983,0,8,3,1,6,0,7,1,4,4,0
62984,1,7,6,2,0,8,0,9,5,6,5
62985,7,1,6,3,4,8,1,5,7,3,4
62986,2,3,4,6,8,2,6,3,9,5,6
62987,2,3,4,6,8,2,6,8,9,5,6
62988,3,6,1,8,5,3,2,6,0,1,1
62989,1,7,6,2,0,8,0,9,5,6,5
62990,0,8,3,1,6,0,4,1,4,4,2
62991,7,1,0,3,4,6,1,5,7,3,4
62992,2,7,4,3,8,2,6,3,5,5,6
62993,8,2,5,5,9,9,8,4,6,9,8
62994,4,5,8,9,3,4,3,0,8,7,3
62995,4,3,4,6,3,2,3,8,9,7,0
62996,3,6,1,8,5,3,2,6,0,1,1
62997,1,7,6,2,0,8,0,9,5,6,5
62998,0,8,3,1,6,0,7,1,4,4,0
62999,3,6,1,8,5,3,2,6,0,1,1
63000,4,5,8,9,3,4,3,0,8,7,3
63001,0,4,7,0,2,7,4,1,4,8,0
63002,9,3,9,2,7,1,5,8,9,0,5
63003,1,7,6,2,0,8,0,9,5,6,5
63004,6,5,2,7,1,5,9,2,3,2,9
63005,1,7,6,2,0,8,0,9,5,6,5
63006,0,8,3,0,2,0,4,1,4,8,0
63007,2,3,4,6,8,2,6,8,9,5,6
63008,0,4,3,0,2,0,4,1,4,8,0
63009,8,2,5,5,9,9,8,4,6,9,8
63010,7,1,0,3,4,6,1,5,7,3,4
63011,5,8,3,1,6,0,7,1,4,4,7
63012,2,3,7,6,8,7,6,8,9,9,8
63013,3,6,1,8,5,3,2,6,0,1,1
63014,1,7,6,2,0,8,0,9,5,6,5
63015,7,1,0,3,4,6,1,5,7,3,4
63016,3,6,1,8,5,3,2,6,0,1,1
63017,0,4,7,0,2,7,4,1,4,8,0
63018,4,5,8,9,3,4,3,3,8,7,3
63019,9,9,9,2,7,1,5,7,2,0,5
63020,7,6,0,8,4,6,1,6,0,3,4
63021,6,5,2,7,1,5,9,2,3,2,9
63022,7,1,3,3,4,0,1,1,4,3,4
63023,7,1,0,3,4,6,1,5,7,3,4
63024,5,8,3,1,6,0,7,1,4,4,7
63025,5,8,3,1,6,0,7,1,4,4,0
63026,9,9,9,2,7,1,5,7,2,0,5
63027,1,7,6,2,0,8,0,9,5,6,5
63028,2,3,4,6,8,2,6,3,9,5,6
63029,0,4,7,0,2,7,4,1,4,8,0
63030,1,7,6,2,0,8,0,9,5,6,5
63031,5,5,8,1,6,4,7,0,8,4,7
63032,3,0,1,4,5,3,2,6,1,1,1
63033,5,8,3,1,6,0,7,1,4,4,7
63034,0,4,3,0,2,0,4,1,4,8,0
63035,6,5,2,7,1,5,9,2,3,2,9
63036,4,5,8,9,3,4,3,0,8,7,3
63037,6,5,2,7,1,5,9,2,3,2,9
63038,0,4,3,0,2,0,4,1,4,8,0
63039,1,7,6,2,0,8,0,9,5,6,5
63040,8,2,5,5,9,9,8,4,6,9,2
63041,0,4,3,0,2,0,4,1,4,8,0
63042,8,2,7,5,9,7,8,4,6,9,8
63043,3,6,1,8,5,3,2,6,0,1,1
63044,3,6,1,8,5,3,2,6,0,1,1
63045,7,1,0,3,4,6,1,5,7,3,4
63046,7,1,0,3,4,6,1,5,7,3,4
63047,7,1,0,3,4,6,1,5,7,3,4
63048,6,5,2,7,1,5,9,2,3,2,9
63049,2,7,6,2,8,8,0,3,5,5,5
63050,1,7,6,2,0,8,0,9,5,6,5
63051,4,5,4,2,8,2,3,3,2,5,3
63052,3,6,1,8,5,3,2,6,0,1,1
63053,7,1,0,3,4,6,1,5,7,3,4
63054,8,2,5,5,9,9,8,4,6,9,2
63055,9,9,9,2,7,1,5,7,2,0,5
63056,5,8,3,1,6,0,7,1,4,4,7
63057,6,5,2,7,1,5,9,2,3,2,9
63058,4,5,8,9,3,4,3,0,8,7,3
63059,0,4,5,0,2,9,4,4,6,8,2
63060,1,7,6,2,0,8,0,9,5,6,5
63061,8,2,5,5,9,9,8,4,6,9,8
63062,1,7,6,2,0,8,0,9,5,6,5
63063,4,5,8,9,3,4,3,0,8,7,3
63064,2,3,4,6,8,2,6,8,9,5,6
63065,1,7,6,2,0,8,0,9,5,6,5
63066,8,2,7,5,9,7,8,4,6,9,8
63067,4,5,8,9,3,4,3,0,8,7,7
63068,2,3,4,6,8,2,6,8,9,5,6
63069,5,8,3,1,6,0,7,1,4,4,7
63070,1,7,6,2,0,8,0,9,5,6,5
63071,6,5,2,7,1,5,9,2,3,2,9
63072,2,3,4,6,8,2,6,8,9,5,6
63073,7,5,0,3,4,6,1,2,7,3,4
63074,7,1,0,3,4,6,1,5,7,3,4
63075,5,8,3,1,6,0,7,1,4,4,7
63076,0,4,3,0,2,0,4,1,4,8,0
63077,3,6,1,8,5,3,2,6,0,1,1
63078,1,7,6,2,0,8,0,9,5,6,5
63079,8,4,5,5,9,9,8,4,6,9,2
63080,7,1,0,3,4,6,1,5,7,3,4
63081,6,5,2,7,1,5,9,2,3,2,9
63082,7,1,0,3,4,6,1,5,7,3,4
63083,7,1,0,3,4,6,1,5,7,3,4
63084,0,4,5,0,2,9,4,4,6,8,2
63085,7,1,0,3,4,6,1,5,7,3,4
63086,0,4,7,0,2,7,4,4,6,8,0
63087,3,0,1,4,5,3,2,6,1,1,1
63088,4,5,8,9,3,4,3,0,8,7,3
63089,1,7,6,2,0,8,0,9,5,6,5
63090,7,1,0,3,4,6,1,5,7,3,4
63091,7,3,0,6,4,6,1,8,9,3,6
63092,9,9,9,2,7,1,5,7,2,0,5
63093,7,1,0,3,4,6,1,5,7,3,4
63094,7,1,0,3,4,6,1,5,7,3,4
63095,2,3,4,6,8,2,6,8,9,5,6
63096,9,9,9,5,7,1,5,7,2,0,8
63097,9,9,9,2,7,1,5,7,2,0,5
63098,0,4,5,0,2,9,4,4,6,8,2
63099,9,9,9,2,7,1,5,7,2,0,5
63100,7,1,0,3,4,6,1,5,7,3,4
63101,8,2,5,5,9,9,8,4,6,9,2
63102,2,3,4,6,8,2,6,3,9,5,6
63103,0,4,5,0,2,9,4,1,4,8,0
63104,7,1,0,3,4,6,1,5,7,3,4
63105,6,5,2,7,1,5,9,2,3,2,9
63106,9,9,9,2,7,1,5,3,2,0,5
63107,0,4,5,0,2,9,4,4,6,8,2
63108,7,1,0,3,4,6,1,5,7,3,4
63109,1,7,6,0,0,8,0,9,5,6,5
63110,7,1,0,3,4,6,1,5,7,3,4
63111,8,2,5,5,9,9,8,4,6,9,8
63112,7,1,0,3,4,6,1,5,7,3,4
63113,0,4,7,0,2,7,4,4,9,8,0
63114,4,5,8,9,3,4,3,0,8,7,3
63115,9,9,9,2,7,1,5,3,2,0,8
63116,6,5,2,7,1,5,9,2,3,2,9
63117,8,2,7,5,9,7,8,4,6,9,8
63118,4,5,8,9,3,4,3,0,8,7,3
63119,7,1,0,3,4,6,1,5,7,3,4
63120,7,1,0,3,4,6,1,5,7,3,4
63121,4,5,8,9,3,4,3,0,8,7,3
63122,5,8,3,1,6,0,7,1,4,4,7
63123,0,4,3,0,2,0,4,1,4,8,0
63124,1,7,6,2,0,8,0,9,5,6,5
63125,8,2,5,5,9,9,8,4,6,9,8
63126,1,7,6,2,0,8,0,9,5,6,5
63127,2,3,4,6,8,2,6,8,9,5,6
63128,9,9,9,2,7,1,5,7,2,0,5
63129,7,1,0,3,4,6,1,5,7,3,4
63130,4,0,8,9,3,4,3,3,8,7,3
63131,7,1,0,3,4,6,1,5,7,3,4
63132,1,7,6,2,0,8,0,9,5,6,5
63133,8,2,7,5,9,7,8,4,6,9,8
63134,6,5,2,7,1,5,9,2,3,2,9
63135,4,5,8,9,3,4,3,0,8,7,3
63136,9,9,9,2,7,1,5,7,2,0,5
63137,5,8,3,1,6,0,7,1,4,4,7
63138,7,1,0,3,4,6,1,5,7,3,4
63139,2,3,4,6,8,2,6,8,9,5,6
63140,2,0,4,4,8,2,6,3,1,5,6
63141,4,5,8,9,3,4,3,0,8,7,3
63142,6,5,2,7,1,5,9,2,3,2,9
63143,1,7,6,2,0,8,0,9,5,6,5
63144,5,5,8,9,3,4,7,0,8,7,7
63145,5,8,3,1,6,0,7,1,4,4,0
63146,1,7,6,0,0,8,0,9,5,6,0
63147,5,8,3,1,6,0,7,1,4,4,7
63148,1,7,6,2,0,8,0,9,5,6,5
63149,0,4,3,0,2,0,4,1,4,8,0
63150,7,1,0,3,4,6,1,5,7,3,4
63151,9,9,9,2,7,1,5,7,2,0,5
63152,1,7,6,2,0,8,0,9,5,6,5
63153,7,1,0,3,4,6,1,5,7,3,4
63154,5,8,3,1,6,0,7,1,4,4,7
63155,0,4,7,0,2,7,4,1,4,8,0
63156,4,5,8,9,3,4,3,0,8,7,3
63157,7,1,0,3,4,6,1,5,7,3,4
63158,7,1,0,3,4,6,1,8,7,3,4
63159,4,5,8,9,3,4,3,3,8,7,3
63160,0,4,3,0,2,0,4,1,4,8,0
63161,8,2,5,5,9,9,8,4,6,9,2
63162,0,4,5,0,2,9,4,4,6,8,2
63163,2,3,4,6,8,2,6,8,9,5,6
63164,4,5,8,9,3,4,3,0,8,7,3
63165,0,4,3,0,2,0,4,1,4,8,0
63166,9,9,9,2,7,1,5,7,2,0,8
63167,1,7,6,2,0,8,0,9,5,6,5
63168,5,8,3,1,6,0,7,1,4,4,0
63169,0,4,7,0,2,7,4,1,4,8,0
63170,3,6,1,8,5,3,2,6,0,1,1
63171,7,1,0,3,4,6,1,5,7,3,4
63172,5,8,3,1,6,0,7,1,4,4,7
63173,4,5,8,9,3,4,3,0,8,7,3
63174,5,8,3,1,6,0,7,1,4,4,7
63175,1,7,6,2,0,8,0,9,5,6,5
63176,0,4,5,0,2,9,4,1,4,8,2
63177,7,1,0,3,4,6,1,5,7,3,4
63178,3,6,1,8,5,3,2,6,0,1,1
63179,3,6,1,8,5,3,2,6,0,1,1
63180,7,1,0,3,4,6,1,5,7,3,4
63181,5,5,8,9,3,4,7,0,8,7,7
63182,5,5,8,1,6,4,7,0,8,4,7
63183,2,3,4,6,8,2,6,8,9,5,6
63184,0,4,3,0,2,0,4,1,4,8,2
63185,3,0,1,9,5,3,2,6,8,1,1
63186,0,4,7,0,2,7,4,8,9,8,0
63187,4,5,8,9,3,4,3,0,8,7,3
63188,0,4,7,0,2,7,4,1,6,8,0
63189,8,2,7,5,9,7,8,4,6,9,8
63190,5,8,3,1,6,0,7,1,4,4,0
63191,2,0,4,6,8,2,6,3,1,5,6
63192,0,4,3,0,2,0,4,1,4,8,2
63193,2,3,4,6,8,2,6,8,9,5,6
63194,8,2,7,5,9,7,8,4,6,9,8
63195,6,1,2,7,1,5,9,2,3,2,9
63196,9,9,9,2,7,1,5,7,2,0,5
63197,2,3,4,6,8,2,6,8,9,5,6
63198,7,3,0,3,4,6,1,8,7,3,4
63199,7,1,0,3,4,6,1,5,9,3,4
63200,5,8,3,1,6,0,7,1,4,4,7
63201,6,5,2,7,1,5,9,2,3,2,9
63202,8,2,9,5,9,1,8,4,6,9,8
63203,1,7,6,2,0,8,0,9,5,6,5
63204,0,4,7,0,2,7,4,8,6,8,0
63205,7,1,0,3,4,6,1,5,7,3,4
63206,2,3,4,6,8,2,6,3,9,5,6
63207,9,9,9,2,7,1,5,7,2,0,5
63208,0,4,5,0,2,9,4,4,6,8,2
63209,4,5,8,9,3,4,3,0,8,7,3
63210,2,0,4,4,8,2,6,3,1,5,6
63211,9,9,9,2,7,1,5,7,2,0,5
63212,6,5,2,7,1,5,9,2,3,2,9
63213,1,7,6,2,0,8,0,9,5,6,5
63214,9,9,9,2,7,1,5,7,2,0,5
63215,3,0,1,4,5,3,2,6,1,1,1
63216,1,7,6,2,0,8,0,9,5,6,5
63217,7,1,0,3,4,6,1,5,7,3,4
63218,2,0,4,6,8,2,6,3,9,5,6
63219,4,0,8,9,3,4,3,0,8,7,3
63220,2,3,4,6,8,2,6,8,9,5,6
63221,7,1,0,3,4,6,1,5,7,3,4
63222,5,5,3,1,6,0,7,1,4,4,7
63223,6,5,2,7,1,5,9,2,3,2,9
63224,2,3,4,6,8,2,6,8,9,5,6
63225,9,9,9,2,7,1,5,7,2,0,5
63226,3,6,1,8,5,3,2,6,0,1,1
63227,1,7,6,2,0,8,0,9,5,6,5
63228,5,8,3,1,6,0,7,1,4,4,7
63229,7,1,0,7,4,6,1,2,3,3,4
63230,1,7,6,2,0,8,0,9,5,6,5
63231,1,7,6,2,0,8,0,9,5,6,5
63232,5,8,3,1,6,0,7,1,4,4,7
63233,0,4,3,0,2,0,4,1,4,8,0
63234,5,8,3,1,6,0,7,1,4,4,7
63235,5,8,3,1,6,0,7,1,4,4,7
63236,1,7,6,0,0,8,0,9,5,6,2
63237,1,7,6,2,0,8,0,9,5,6,5
63238,4,5,8,9,3,4,3,0,8,7,3
63239,6,9,2,7,1,5,9,2,3,2,9
63240,7,1,0,3,4,6,1,5,7,3,4
63241,5,8,3,1,6,0,7,1,4,4,7
63242,3,6,1,8,5,3,2,6,0,1,1
63243,2,1,4,3,8,2,6,3,7,5,6
63244,9,9,9,2,7,1,5,7,2,0,5
63245,9,9,9,2,7,1,5,7,2,0,5
63246,2,1,4,3,8,2,6,5,7,5,6
63247,0,4,3,0,2,0,4,1,4,8,0
63248,7,1,0,3,4,6,1,5,7,3,4
63249,0,4,7,0,2,7,4,4,6,8,0
63250,9,9,9,7,7,1,5,2,2,0,9
63251,3,6,1,8,5,3,2,6,0,1,7
63252,9,9,9,2,7,1,5,3,2,0,5
63253,1,7,6,2,0,8,0,9,5,6,5
63254,2,3,4,6,8,2,6,3,9,5,6
63255,9,9,9,2,7,1,5,7,2,0,5
63256,6,3,2,7,1,5,9,2,3,2,9
63257,6,5,2,7,1,5,9,2,3,2,9
63258,7,9,0,2,7,6,5,5,7,0,5
63259,1,7,6,2,0,8,0,9,5,6,5
63260,6,5,2,7,1,5,9,2,3,2,9
63261,2,3,4,6,8,2,6,8,9,5,6
63262,9,9,9,2,7,1,5,7,2,0,5
63263,2,3,4,6,8,2,6,8,9,5,6
63264,1,7,6,2,0,8,0,9,5,6,5
63265,3,6,1,8,5,3,2,6,0,1,1
63266,7,1,0,3,4,6,1,5,7,3,4
63267,6,9,2,7,1,5,9,2,3,2,9
63268,1,7,6,2,0,8,0,9,5,6,5
63269,5,6,1,8,5,3,7,6,0,1,7
63270,5,5,8,9,3,4,7,0,8,7,7
63271,3,6,1,8,5,3,2,6,0,1,1
63272,9,9,9,2,7,1,5,7,2,0,5
63273,4,5,8,9,3,4,3,0,8,7,3
63274,6,5,2,7,1,5,9,2,3,2,9
63275,7,1,0,3,4,6,1,5,7,3,4
63276,1,7,6,2,0,8,0,9,5,6,5
63277,9,9,9,5,7,1,5,7,2,0,8
63278,5,8,3,1,6,0,7,1,4,4,7
63279,2,3,4,6,8,2,6,8,9,5,6
63280,7,1,0,3,4,6,1,5,7,3,4
63281,1,7,6,2,0,8,0,9,5,6,5
63282,5,8,3,1,6,0,7,1,4,4,7
63283,1,7,6,3,0,8,0,9,5,6,4
63284,8,2,5,5,9,9,8,4,6,9,8
63285,1,7,6,2,0,8,0,9,5,6,5
63286,0,4,3,0,2,0,4,1,4,8,0
63287,5,8,3,1,6,0,7,1,4,4,7
63288,5,8,3,1,6,0,7,3,4,4,7
63289,8,2,5,6,9,9,8,8,6,9,6
63290,7,1,0,3,4,6,1,5,7,3,4
63291,0,8,3,1,6,0,4,1,4,4,0
63292,0,4,3,0,2,0,4,1,4,8,0
63293,6,5,2,7,1,5,9,2,3,2,9
63294,0,4,5,0,2,9,4,4,6,8,2
63295,7,1,0,3,4,6,1,5,7,3,4
63296,8,2,5,5,9,9,8,4,6,9,2
63297,3,6,1,8,5,3,2,6,0,1,1
63298,0,4,7,0,2,7,4,3,6,8,0
63299,7,1,0,3,4,6,1,5,7,3,4
63300,7,1,0,3,4,6,1,5,7,3,4
63301,1,7,6,2,0,8,0,9,5,6,5
63302,4,5,6,9,3,8,3,9,8,7,3
63303,0,4,5,0,2,9,4,4,6,8,2
63304,9,7,6,2,0,8,0,3,2,6,5
63305,4,1,0,9,3,6,3,5,8,7,3
63306,3,6,1,8,5,3,2,6,0,1,1
63307,5,5,8,1,6,4,7,0,8,4,7
63308,8,2,5,5,9,9,8,4,6,9,8
63309,8,2,5,5,9,9,8,4,6,9,8
63310,3,6,1,8,5,3,2,6,0,1,1
63311,0,4,7,0,2,7,4,1,4,8,0
63312,7,1,0,3,4,6,1,5,7,3,4
63313,2,3,4,6,8,2,6,8,9,5,6
63314,1,7,6,2,0,8,0,9,5,6,5
63315,3,6,1,8,5,3,2,6,0,1,1
63316,5,8,3,1,6,0,7,1,4,4,7
63317,7,1,0,3,4,6,1,0,7,3,4
63318,6,9,2,7,1,5,9,2,3,2,9
63319,0,4,5,0,2,9,4,1,4,8,0
63320,9,9,9,2,7,1,5,7,2,0,5
63321,2,3,4,6,8,2,6,8,9,5,6
63322,7,6,0,8,4,6,1,5,0,3,4
63323,7,1,0,3,4,6,1,5,7,3,4
63324,7,1,0,2,4,6,1,5,7,3,5
63325,3,6,1,8,5,3,2,6,0,1,1
63326,7,1,0,3,4,6,1,5,7,3,4
63327,7,9,0,3,4,6,1,7,7,3,4
63328,0,4,5,0,2,9,4,1,4,8,2
63329,1,7,6,2,0,8,0,9,5,6,5
63330,7,1,0,3,4,6,1,5,7,3,4
63331,4,5,8,9,3,4,3,0,8,7,3
63332,5,8,3,1,6,0,7,1,4,4,7
63333,0,8,3,0,2,0,4,1,4,8,0
63334,0,4,7,0,2,7,4,4,9,8,0
63335,1,7,6,2,0,8,0,3,2,6,5
63336,0,4,7,0,2,7,4,4,6,8,0
63337,9,9,9,7,7,1,5,7,2,0,9
63338,5,8,3,1,6,0,7,1,4,4,7
63339,9,9,9,2,7,1,5,7,2,0,5
63340,2,3,4,6,8,2,6,8,9,5,6
63341,8,2,7,5,9,7,8,3,6,9,8
63342,4,0,8,9,3,4,3,3,8,7,3
63343,2,3,4,6,8,2,6,8,9,5,6
63344,9,7,6,2,0,8,0,3,2,6,5
63345,7,1,0,3,4,6,1,5,7,3,4
63346,3,0,1,4,5,3,2,6,1,1,1
63347,5,6,1,8,5,3,7,6,0,1,7
63348,2,3,4,6,8,2,6,8,9,5,6
63349,0,4,5,0,2,9,4,4,6,8,2
63350,4,5,8,9,3,4,3,0,8,7,3
63351,9,9,9,2,7,1,5,7,2,0,5
63352,0,4,3,0,2,0,4,1,4,8,0
63353,1,7,6,2,0,8,0,9,5,6,5
63354,1,7,6,2,0,8,0,9,5,6,5
63355,6,5,2,7,1,5,9,2,3,2,9
63356,5,8,3,1,6,0,7,1,4,4,2
63357,5,8,3,1,6,0,7,1,4,4,7
63358,2,0,4,4,8,2,6,3,1,5,8
63359,3,6,1,8,5,3,2,6,0,1,1
63360,0,4,5,0,2,9,4,4,6,8,2
63361,8,2,5,5,9,9,8,4,6,9,2
63362,4,5,8,9,3,4,3,0,8,7,3
63363,7,1,0,3,4,6,1,5,7,3,4
63364,7,1,0,3,4,6,1,5,7,3,4
63365,9,9,9,2,7,1,5,9,2,0,5
63366,0,4,7,0,2,7,4,1,4,8,0
63367,6,5,2,7,1,5,9,2,3,2,9
63368,3,6,1,8,5,3,2,6,0,1,1
63369,1,7,6,0,0,8,0,9,5,6,5
63370,5,8,3,1,6,0,7,1,4,4,7
63371,3,6,1,8,5,3,2,6,0,1,1
63372,7,1,0,3,4,6,1,5,7,3,4
63373,5,8,3,1,6,0,7,1,4,4,7
63374,2,3,4,6,8,2,6,8,9,5,6
63375,6,9,2,7,1,5,9,2,3,2,9
63376,0,4,7,0,2,7,4,4,6,8,0
63377,4,4,7,9,3,7,3,3,8,7,3
63378,8,2,5,5,9,9,8,4,6,9,2
63379,1,7,6,2,0,8,0,9,5,6,5
63380,1,7,6,2,0,8,0,9,5,6,5
63381,2,3,6,6,8,8,6,8,9,5,0
63382,4,5,8,9,3,4,3,3,8,7,3
63383,4,5,8,9,3,4,3,0,8,7,3
63384,4,5,8,9,3,4,3,0,8,7,3
63385,5,8,3,1,6,0,7,1,4,4,7
63386,9,9,9,2,7,1,5,7,2,0,5
63387,0,4,3,0,2,0,4,1,4,8,0
63388,0,4,7,0,2,7,4,4,6,8,0
63389,2,3,4,6,8,2,6,8,9,5,6
63390,7,1,0,3,4,6,1,5,7,3,4
63391,4,5,8,9,3,4,3,3,8,7,3
63392,0,4,7,0,2,7,4,1,4,8,0
63393,7,1,0,3,4,6,1,5,7,3,4
63394,5,8,3,1,6,0,7,1,4,4,7
63395,4,5,8,9,3,4,3,0,8,7,3
63396,6,5,2,7,1,5,9,2,3,2,9
63397,5,8,3,1,6,0,7,1,4,4,7
63398,2,5,4,2,8,2,6,3,2,5,5
63399,0,4,5,0,2,9,4,1,4,8,2
63400,0,4,5,0,2,9,4,4,6,8,2
63401,3,6,1,8,5,3,2,6,0,1,1
63402,4,5,8,9,3,4,3,0,8,7,3
63403,4,5,8,9,3,4,3,0,8,7,3
63404,5,8,3,1,6,0,7,1,4,4,7
63405,8,2,7,5,9,7,8,7,2,9,8
63406,2,3,4,6,8,2,6,8,9,5,6
63407,7,1,0,3,4,6,1,5,7,3,4
63408,7,1,0,3,4,6,1,5,7,3,4
63409,7,1,0,3,4,6,1,5,7,3,9
63410,5,8,3,1,6,0,7,1,4,4,7
63411,0,4,7,0,2,7,4,1,4,8,0
63412,3,6,1,8,5,3,2,6,0,1,1
63413,2,0,4,4,8,2,6,3,1,5,6
63414,7,1,0,3,4,6,1,5,7,3,4
63415,6,5,2,7,1,5,9,2,3,2,9
63416,5,8,3,1,6,0,7,1,4,4,7
63417,3,6,1,8,5,3,2,6,0,1,1
63418,1,7,6,0,0,8,0,9,5,6,5
63419,1,7,6,2,0,8,0,9,5,6,5
63420,9,9,9,2,7,1,5,7,2,0,5
63421,1,7,6,2,0,8,0,9,5,6,5
63422,4,5,8,9,3,4,3,0,8,7,3
63423,8,2,5,5,9,9,8,4,6,9,8
63424,4,5,8,9,3,4,3,3,8,7,3
63425,0,4,5,0,2,9,4,4,6,8,2
63426,0,4,7,0,2,7,4,1,4,8,0
63427,2,3,4,9,8,2,6,3,8,5,3
63428,1,7,6,2,0,8,0,3,5,6,5
63429,8,2,7,5,9,7,8,4,6,9,8
63430,1,7,6,2,0,8,0,9,5,6,5
63431,0,4,3,0,2,0,4,1,4,8,0
63432,1,7,6,2,0,8,0,3,5,6,5
63433,9,9,9,2,7,1,5,7,2,0,5
63434,1,7,6,2,0,8,0,9,5,6,5
63435,6,5,2,7,1,5,9,2,3,2,9
63436,1,7,6,2,0,8,0,9,5,6,5
63437,0,4,3,0,2,0,4,1,4,8,0
63438,1,7,6,2,0,8,0,9,5,6,5
63439,3,0,1,4,5,3,2,6,1,1,1
63440,7,1,0,3,4,6,1,5,7,3,4
63441,8,2,5,5,9,9,8,4,6,9,8
63442,4,3,8,9,3,4,3,3,8,7,3
63443,7,1,0,3,4,6,1,5,7,3,4
63444,5,2,7,5,9,7,8,4,6,9,7
63445,3,6,1,8,5,3,2,6,0,1,1
63446,3,6,1,8,5,3,2,6,0,1,1
63447,5,5,2,7,1,5,7,2,3,2,7
63448,7,1,0,3,4,6,1,5,7,3,4
63449,7,1,0,3,4,6,1,5,7,3,4
63450,2,3,4,6,8,2,6,3,9,5,6
63451,0,4,5,0,2,9,4,4,6,8,2
63452,9,9,9,2,7,1,5,7,2,0,5
63453,1,7,6,2,0,8,0,9,5,6,5
63454,1,7,6,2,0,8,0,9,5,6,5
63455,1,7,6,2,0,8,0,9,5,6,5
63456,7,1,0,3,4,6,1,5,7,3,4
63457,1,7,6,2,0,8,0,9,5,6,5
63458,3,6,1,8,5,3,2,6,0,1,1
63459,5,8,3,1,6,0,7,1,4,4,7
63460,5,8,3,1,6,0,7,1,4,4,7
63461,8,2,5,5,9,9,8,4,6,9,8
63462,0,4,3,0,2,0,4,1,4,8,0
63463,0,4,7,0,2,7,4,1,4,8,0
63464,1,7,6,2,0,8,0,9,5,6,5
63465,5,8,3,1,6,0,7,1,4,4,7
63466,2,3,4,6,8,2,6,8,9,5,6
63467,8,2,7,5,9,7,8,4,6,9,8
63468,5,8,3,1,6,0,7,1,4,4,4
63469,7,1,0,3,4,6,1,5,7,3,4
63470,2,3,4,6,8,2,6,8,9,5,6
63471,9,9,9,2,7,1,5,7,2,0,5
63472,5,8,3,1,6,0,7,1,4,4,7
63473,7,1,0,3,4,6,1,5,7,3,4
63474,0,4,6,0,2,8,4,9,5,8,0
63475,8,2,5,5,9,9,8,4,6,9,8
63476,1,7,6,2,0,8,0,9,5,6,5
63477,8,2,7,5,9,7,8,4,6,9,8
63478,0,8,3,0,2,0,4,1,4,8,0
63479,3,6,1,8,5,3,2,6,0,1,1
63480,1,7,6,2,0,8,0,9,5,6,5
63481,3,0,1,4,5,3,2,6,1,1,1
63482,6,5,2,7,1,5,9,2,3,2,9
63483,5,8,3,1,6,0,7,1,4,4,7
63484,7,1,0,3,4,6,1,5,7,3,4
63485,5,8,3,1,6,0,7,1,4,4,0
63486,7,1,0,3,4,6,1,5,7,3,4
63487,7,1,0,3,4,6,1,5,7,3,4
63488,4,5,8,9,3,4,3,0,8,7,3
63489,6,5,2,7,1,5,9,2,3,2,9
63490,0,7,6,0,0,8,4,9,5,6,0
63491,5,8,3,1,6,0,7,1,4,4,7
63492,7,3,4,6,4,6,1,8,9,3,6
63493,7,1,0,3,4,6,1,5,7,3,4
63494,9,9,9,2,7,1,5,7,2,0,5
63495,0,4,7,0,2,7,4,1,4,8,0
63496,7,1,0,3,4,6,1,5,7,3,4
63497,5,8,3,1,6,0,7,1,4,4,7
63498,0,4,3,0,2,0,4,1,4,8,0
63499,7,1,0,3,4,6,1,8,7,3,4
63500,5,8,3,1,6,0,7,1,4,4,7
63501,0,8,3,1,6,0,7,1,4,4,0
63502,7,1,0,3,4,6,1,5,7,3,4
63503,1,7,6,0,0,8,0,9,5,6,0
63504,8,2,7,5,9,7,8,4,6,9,8
63505,0,4,5,0,2,9,4,1,4,8,2
63506,4,1,8,9,3,4,3,5,7,7,3
63507,5,8,3,1,6,0,7,1,4,4,7
63508,6,5,2,7,1,5,9,2,3,2,9
63509,7,1,0,3,4,6,1,5,7,3,4
63510,7,1,0,2,4,6,1,5,7,3,5
63511,6,3,5,7,1,9,9,2,3,2,9
63512,3,0,1,4,5,3,2,6,1,1,1
63513,6,5,2,7,1,5,9,2,3,2,9
63514,7,1,0,3,4,6,1,5,7,3,4
63515,7,1,0,3,4,6,1,5,7,3,4
63516,7,3,0,6,4,6,1,8,9,3,0
63517,5,8,3,1,6,0,7,1,4,4,7
63518,4,5,8,9,3,4,3,3,8,7,3
63519,7,1,0,3,4,6,1,5,7,3,4
63520,5,8,3,1,6,0,7,1,4,4,7
63521,7,1,0,3,4,6,1,5,7,3,4
63522,1,7,6,2,0,8,0,9,5,6,5
63523,0,4,7,0,2,7,4,1,4,8,0
63524,5,5,8,9,3,4,3,0,8,7,7
63525,6,2,2,7,1,5,9,2,3,2,9
63526,0,4,7,0,2,7,4,1,4,8,0
63527,7,1,0,3,4,6,1,5,7,3,4
63528,7,1,0,3,4,6,1,5,7,3,4
63529,0,4,7,0,2,7,4,4,6,8,0
63530,0,4,3,0,2,0,4,1,4,8,0
63531,7,1,0,3,4,6,1,5,7,3,4
63532,1,7,6,2,0,8,0,9,5,6,5
63533,5,8,3,1,6,0,7,1,4,4,0
63534,5,8,7,1,6,7,7,0,4,4,0
63535,5,8,3,1,6,0,7,1,4,4,2
63536,3,6,1,8,5,3,2,6,0,1,1
63537,2,3,4,6,8,2,6,8,9,5,6
63538,0,4,3,0,2,0,4,1,4,8,0
63539,4,5,8,9,3,4,3,0,8,7,3
63540,3,6,1,8,5,3,2,6,0,1,1
63541,5,8,3,1,6,0,7,1,4,4,7
63542,5,8,7,1,6,7,7,0,8,4,7
63543,4,8,8,9,3,4,3,1,8,7,3
63544,5,8,3,1,6,0,7,1,4,4,7
63545,4,5,8,9,3,4,3,0,8,7,3
63546,1,7,6,2,0,8,0,9,5,6,5
63547,6,5,2,7,1,5,9,2,3,2,9
63548,2,3,4,7,8,2,6,5,3,5,6
63549,6,3,2,7,1,5,9,2,3,2,9
63550,4,5,8,9,3,4,3,0,8,7,3
63551,8,2,7,5,9,7,8,4,6,9,8
63552,9,9,9,2,7,1,5,7,2,0,5
63553,0,4,7,0,2,7,4,4,6,8,0
63554,4,5,8,9,3,4,3,0,8,7,3
63555,2,3,4,6,8,2,6,8,9,5,6
63556,8,2,7,5,9,7,8,3,6,9,8
63557,1,7,6,2,0,8,0,3,5,6,5
63558,7,1,8,9,3,4,1,0,8,7,4
63559,7,1,0,3,4,6,1,5,7,3,4
63560,4,5,8,9,3,4,3,0,8,7,3
63561,0,4,7,0,2,7,4,1,4,8,0
63562,9,9,9,2,7,1,5,7,2,0,5
63563,2,3,4,6,8,2,6,8,9,5,6
63564,9,9,9,2,7,1,5,3,2,0,5
63565,7,1,0,3,4,6,1,5,7,3,4
63566,9,9,9,2,7,1,5,7,2,0,5
63567,9,9,9,2,7,1,5,3,2,0,8
63568,5,8,3,1,6,0,7,1,4,4,7
63569,7,1,0,3,4,6,1,5,7,3,4
63570,2,2,7,6,8,2,6,4,6,5,8
63571,0,4,7,0,2,7,4,1,4,8,0
63572,8,2,5,5,9,9,8,4,6,9,2
63573,8,2,7,5,9,7,8,4,6,9,8
63574,0,4,3,0,2,0,4,1,4,8,0
63575,8,2,9,5,9,1,8,4,2,9,8
63576,2,3,4,6,8,2,6,8,9,5,6
63577,9,9,9,2,7,1,5,7,2,0,5
63578,1,7,6,2,0,8,0,9,5,6,5
63579,7,1,0,3,4,6,1,5,7,3,4
63580,9,9,9,2,7,1,5,7,2,0,5
63581,3,0,1,4,5,3,2,6,1,1,1
63582,1,7,6,2,0,8,0,9,5,6,5
63583,7,1,0,3,4,6,1,5,7,3,4
63584,3,6,1,8,5,3,2,6,0,1,1
63585,5,8,3,1,6,0,7,1,4,4,2
63586,1,7,6,2,0,8,0,9,5,6,5
63587,0,4,7,0,2,7,4,4,6,8,2
63588,2,3,4,6,8,2,6,8,9,5,6
63589,0,4,3,0,2,0,4,1,4,8,2
63590,2,3,4,6,8,2,6,8,9,5,6
63591,7,1,0,3,4,6,1,5,7,3,4
63592,0,8,3,0,2,0,4,1,4,8,0
63593,9,9,9,2,7,1,5,7,2,0,5
63594,0,4,3,0,2,0,4,1,4,8,2
63595,8,2,7,5,9,7,8,3,6,9,8
63596,5,8,3,1,6,0,7,1,4,4,7
63597,7,1,0,3,4,6,1,5,7,3,4
63598,1,7,6,2,0,8,0,9,5,6,0
63599,1,7,6,2,0,8,0,9,5,6,5
63600,7,1,0,3,4,6,1,7,7,3,4
63601,1,7,6,2,0,8,0,9,5,6,5
63602,4,5,8,9,3,4,3,0,8,7,3
63603,4,5,8,9,3,4,3,0,8,7,7
63604,5,8,3,1,6,0,7,1,4,4,7
63605,9,9,9,2,7,1,5,7,2,0,5
63606,1,7,6,2,0,8,0,9,5,6,5
63607,5,8,3,1,6,0,7,1,4,4,7
63608,3,6,1,8,5,3,2,6,0,1,1
63609,8,2,5,5,9,9,8,4,6,9,2
63610,0,4,7,0,2,7,4,1,4,8,0
63611,6,1,2,7,1,5,9,2,3,2,9
63612,5,8,3,1,6,0,7,1,4,4,7
63613,3,0,1,4,5,3,2,6,1,1,1
63614,5,5,2,1,6,5,7,2,3,4,7
63615,5,8,3,1,6,0,7,1,4,4,0
63616,0,4,5,0,2,9,4,1,4,8,2
63617,9,9,9,2,7,1,5,3,2,0,5
63618,0,4,5,0,2,9,4,4,6,8,2
63619,2,0,4,4,8,2,6,3,1,5,6
63620,7,1,0,3,4,6,1,5,7,3,4
63621,5,8,3,1,6,0,7,1,4,4,7
63622,4,5,8,9,3,4,3,0,8,7,3
63623,8,2,7,5,9,7,8,4,6,9,8
63624,3,6,1,8,5,3,2,6,0,1,1
63625,1,7,6,2,0,8,0,9,5,6,5
63626,7,1,0,3,4,6,1,5,7,3,4
63627,2,3,4,6,8,2,6,2,3,5,6
63628,6,5,2,7,1,5,9,2,3,2,9
63629,2,3,4,6,8,2,6,3,9,5,6
63630,7,1,0,3,4,6,1,5,7,3,4
63631,0,4,3,0,4,0,4,1,4,3,0
63632,0,4,5,0,2,9,4,4,6,8,2
63633,2,3,4,6,8,2,6,8,9,5,6
63634,2,0,4,4,8,2,6,4,1,5,6
63635,7,1,0,3,4,6,1,5,7,3,4
63636,5,8,3,1,6,0,7,1,4,4,0
63637,8,2,5,5,9,9,8,4,6,9,2
63638,9,9,9,2,7,1,5,7,2,0,5
63639,1,7,6,2,0,8,0,9,5,6,5
63640,7,1,0,3,4,6,1,5,7,3,4
63641,1,7,6,2,0,8,0,9,5,6,5
63642,7,1,0,3,4,6,1,5,7,3,4
63643,8,4,5,0,2,9,4,4,6,8,2
63644,9,3,9,2,7,1,5,7,2,0,5
63645,0,4,3,0,2,0,4,1,4,8,0
63646,4,5,8,9,3,4,3,3,8,7,3
63647,0,4,3,0,2,0,4,1,4,8,2
63648,1,7,6,2,0,8,0,9,5,6,5
63649,1,7,6,2,0,8,0,9,5,6,5
63650,3,0,1,4,5,3,2,6,1,1,1
63651,1,7,6,2,0,8,0,9,5,6,5
63652,1,7,6,2,0,8,0,9,5,6,5
63653,0,8,3,0,2,0,4,1,4,8,0
63654,1,7,6,2,0,8,0,9,5,6,5
63655,1,7,6,2,0,8,0,9,5,6,5
63656,0,4,3,0,2,0,4,1,4,8,0
63657,5,5,8,9,3,4,7,0,8,7,7
63658,6,5,2,2,1,5,9,2,3,2,5
63659,7,1,0,3,4,6,1,5,7,3,4
63660,3,6,1,8,5,3,2,6,0,1,1
63661,6,5,2,7,1,5,9,2,3,2,9
63662,2,0,4,4,8,2,6,3,1,5,6
63663,8,2,4,5,9,2,8,4,6,9,8
63664,0,4,7,0,2,7,4,1,4,8,0
63665,5,5,8,1,6,4,7,0,8,4,7
63666,0,4,7,0,2,7,4,4,6,8,0
63667,0,4,5,0,2,9,4,4,6,8,2
63668,6,5,2,7,1,5,9,2,3,2,9
63669,1,7,6,2,0,8,0,9,5,6,5
63670,7,1,0,3,4,6,1,5,7,3,4
63671,4,5,8,9,3,4,3,0,8,7,3
63672,0,4,7,0,2,7,4,3,6,8,0
63673,1,7,6,2,0,8,0,9,5,6,5
63674,7,9,9,2,4,6,1,7,2,3,5
63675,6,5,2,7,1,5,9,2,3,2,9
63676,0,4,3,0,2,0,4,1,4,8,0
63677,3,6,1,8,5,3,2,6,0,1,1
63678,7,1,0,3,4,6,1,5,7,3,4
63679,1,7,6,2,0,8,0,9,5,6,5
63680,3,6,1,8,5,3,2,6,0,1,1
63681,7,1,0,3,4,6,1,5,7,3,6
63682,6,5,2,7,1,5,9,2,3,2,9
63683,4,5,8,9,3,4,3,0,8,7,3
63684,5,8,3,1,6,0,7,1,4,4,7
63685,5,8,3,1,6,0,7,1,4,4,7
63686,1,7,6,2,0,8,0,9,5,6,5
63687,0,4,7,0,2,7,4,4,6,8,0
63688,1,7,6,2,0,8,0,9,5,6,5
63689,1,7,6,2,0,8,0,9,5,6,5
63690,4,5,8,9,3,4,3,0,8,7,3
63691,7,1,0,3,4,6,1,5,7,3,4
63692,8,4,5,5,9,9,8,4,6,9,2
63693,0,4,3,0,2,0,4,1,4,8,0
63694,9,9,9,7,7,5,5,2,3,0,9
63695,3,0,1,4,5,3,2,6,1,1,1
63696,7,9,0,2,4,6,1,7,7,3,5
63697,4,5,8,9,3,4,3,0,8,7,3
63698,2,4,4,0,8,2,6,3,9,5,6
63699,1,7,6,2,0,8,0,9,5,6,5
63700,0,4,7,0,2,7,4,4,6,8,0
63701,7,1,0,3,4,6,1,5,7,3,4
63702,0,4,3,0,2,0,4,1,4,8,0
63703,9,9,9,2,7,1,5,7,2,0,5
63704,2,3,4,6,8,2,6,8,9,5,6
63705,6,5,2,7,1,5,9,2,3,2,9
63706,3,0,1,4,5,3,2,6,1,1,1
63707,0,3,7,6,2,7,4,8,9,8,0
63708,7,1,0,3,4,6,1,5,7,3,4
63709,5,8,3,1,6,0,7,1,4,4,7
63710,3,1,1,3,5,3,2,6,0,1,1
63711,0,4,3,0,2,0,4,1,4,8,0
63712,4,5,8,9,3,4,3,0,8,7,3
63713,9,9,9,2,7,1,5,7,2,0,5
63714,4,5,8,9,3,4,3,0,8,7,3
63715,7,1,0,3,4,6,1,5,7,3,4
63716,2,3,4,6,8,2,6,8,9,5,6
63717,2,3,4,6,8,2,6,8,9,5,6
63718,8,2,7,5,9,7,8,4,6,9,8
63719,0,4,5,0,2,9,4,1,4,8,2
63720,0,4,3,0,2,0,4,1,4,8,2
63721,1,7,6,0,0,8,0,9,5,6,2
63722,5,8,3,1,6,0,7,1,4,4,7
63723,4,5,7,9,3,7,3,3,8,7,3
63724,3,0,1,4,5,3,2,3,1,1,1
63725,5,5,8,9,3,4,7,0,8,7,7
63726,0,4,6,0,2,8,4,9,5,8,0
63727,3,6,1,8,5,3,2,6,0,1,1
63728,0,4,7,0,2,7,4,4,6,8,0
63729,6,5,2,7,1,5,9,2,3,2,9
63730,0,4,3,0,2,0,4,1,4,8,0
63731,6,5,2,7,1,5,9,2,3,2,9
63732,9,9,9,2,7,1,5,7,2,0,5
63733,9,9,9,2,7,1,5,7,2,0,5
63734,3,6,1,8,5,3,2,6,0,1,1
63735,3,6,1,8,5,3,2,6,0,1,1
63736,1,7,6,2,0,8,0,9,5,6,5
63737,2,3,4,6,8,2,6,8,9,5,6
63738,4,5,8,9,3,4,3,3,8,7,3
63739,1,7,6,2,0,8,0,9,5,6,5
63740,7,1,0,3,4,6,1,5,7,3,4
63741,1,7,6,2,0,8,0,9,5,6,5
63742,7,1,0,3,4,6,1,5,7,3,4
63743,8,2,5,5,9,9,8,4,6,9,2
63744,2,0,4,4,8,2,6,3,1,5,9
63745,1,7,6,2,0,8,0,9,5,6,5
63746,7,1,0,3,4,6,1,5,7,3,4
63747,1,7,6,2,0,8,0,9,5,6,5
63748,2,9,4,2,8,2,6,3,2,5,5
63749,5,8,3,1,6,0,7,1,4,4,7
63750,5,8,3,1,6,0,7,1,4,4,7
63751,1,7,6,2,0,8,0,9,5,6,5
63752,5,8,3,1,6,0,7,1,4,4,7
63753,8,2,5,5,9,9,8,4,6,9,8
63754,2,3,4,6,8,2,6,8,9,5,6
63755,5,8,3,1,6,0,7,1,4,4,0
63756,7,1,0,3,4,6,1,5,7,3,4
63757,9,9,9,2,7,1,5,7,2,0,5
63758,0,8,3,0,2,0,4,1,4,8,0
63759,5,8,3,1,6,0,7,1,4,4,7
63760,8,2,7,5,9,7,8,4,6,9,8
63761,1,7,6,2,0,8,0,9,5,6,5
63762,9,9,9,2,7,1,5,9,2,0,5
63763,5,8,3,1,6,0,7,1,4,4,0
63764,3,6,1,8,5,3,2,6,0,1,1
63765,1,7,6,2,0,8,0,9,5,6,5
63766,7,1,0,3,4,6,1,5,7,3,4
63767,6,3,2,7,1,5,9,2,3,2,9
63768,3,6,1,8,5,3,2,6,0,1,1
63769,8,2,7,5,9,7,8,4,6,9,8
63770,5,8,3,1,6,0,7,1,4,4,7
63771,2,3,4,6,8,2,6,8,9,5,6
63772,2,3,4,6,8,2,6,8,9,5,6
63773,9,9,9,2,7,1,5,7,2,0,5
63774,3,6,1,8,5,3,2,6,0,1,1
63775,6,5,2,7,1,5,9,2,3,2,9
63776,2,3,4,6,8,2,6,8,9,5,6
63777,1,7,6,2,0,8,0,9,5,6,5
63778,4,5,8,9,3,4,3,0,8,7,3
63779,1,7,6,2,0,8,0,9,5,6,5
63780,4,5,8,9,3,4,3,0,8,7,3
63781,9,3,9,6,7,1,5,8,9,0,4
63782,2,1,4,3,8,2,6,5,7,5,6
63783,5,8,3,1,6,0,7,1,4,4,7
63784,1,7,6,2,0,8,0,9,5,6,5
63785,9,9,9,2,7,1,5,7,2,0,5
63786,1,7,6,2,0,8,0,9,5,6,5
63787,6,3,2,7,1,5,9,2,3,2,9
63788,7,1,0,3,4,6,1,5,7,3,4
63789,1,7,6,2,0,8,0,9,5,6,5
63790,3,6,1,8,5,3,2,6,0,1,1
63791,5,8,3,1,6,0,7,1,4,4,7
63792,5,8,3,1,6,0,7,1,4,4,7
63793,5,8,3,1,6,0,7,1,4,4,0
63794,7,1,0,3,4,6,1,5,7,3,4
63795,5,8,3,2,6,0,7,1,4,4,5
63796,9,9,9,2,7,1,5,7,2,0,5
63797,2,3,4,6,8,2,6,8,9,5,6
63798,0,4,7,0,2,7,4,1,4,8,0
63799,8,2,5,5,9,9,8,4,6,9,2
63800,9,9,9,2,7,1,5,3,2,0,5
63801,3,6,1,8,5,3,2,6,0,1,1
63802,6,5,2,7,1,5,9,2,3,2,9
63803,3,6,1,8,5,3,2,6,0,1,1
63804,3,0,1,4,5,3,2,3,1,1,1
63805,3,6,1,8,5,3,2,6,0,1,1
63806,8,2,7,5,9,7,8,4,6,9,8
63807,2,3,4,6,8,2,6,8,9,5,6
63808,9,9,9,2,7,1,5,7,2,0,5
63809,9,9,9,2,7,1,5,7,2,0,5
63810,7,1,0,3,4,6,1,5,7,3,4
63811,8,2,7,5,9,7,8,3,6,9,8
63812,7,1,0,3,4,6,1,5,7,3,4
63813,7,1,0,3,4,6,1,5,7,3,4
63814,2,3,4,6,8,2,6,3,9,5,6
63815,1,7,6,2,0,8,0,9,5,6,5
63816,7,1,0,3,4,6,1,8,7,3,4
63817,6,5,2,7,1,5,9,2,3,2,9
63818,5,6,3,1,6,0,7,0,0,4,7
63819,5,8,3,1,6,0,7,1,4,4,7
63820,5,8,3,1,6,0,7,1,4,4,7
63821,5,8,3,1,6,0,7,1,4,4,7
63822,5,5,8,1,6,4,7,0,8,4,7
63823,6,5,2,7,1,5,9,2,3,2,9
63824,0,1,0,3,4,6,1,8,9,3,0
63825,1,7,6,3,0,8,0,9,5,6,4
63826,9,9,9,5,7,1,5,7,2,0,8
63827,5,5,8,1,6,4,7,0,8,4,7
63828,5,8,3,1,6,0,7,1,4,4,7
63829,2,3,4,6,8,2,6,8,9,5,6
63830,3,6,1,8,5,3,2,6,0,1,1
63831,0,4,7,0,2,7,4,4,6,8,0
63832,1,7,6,2,0,8,0,9,5,6,5
63833,2,3,4,6,8,2,6,8,9,5,6
63834,7,1,0,3,4,6,1,5,7,3,4
63835,6,6,2,7,1,5,9,2,3,2,7
63836,5,8,3,1,6,0,7,1,4,4,7
63837,2,3,4,6,8,2,6,3,9,5,6
63838,9,9,9,2,7,1,5,7,2,0,5
63839,7,3,4,6,4,6,6,8,9,3,6
63840,5,8,3,1,6,0,7,1,4,4,7
63841,5,8,3,1,6,0,7,1,4,4,7
63842,0,4,7,0,2,7,4,1,4,8,0
63843,1,7,6,2,0,8,0,9,5,6,5
63844,6,5,2,7,1,5,9,2,3,2,9
63845,2,3,4,6,8,2,6,8,9,5,6
63846,6,9,2,7,1,5,9,2,3,2,9
63847,3,6,1,8,5,3,2,6,0,1,1
63848,9,9,9,2,7,1,5,7,2,0,5
63849,3,6,1,8,5,3,2,6,0,1,1
63850,5,8,3,1,6,0,7,1,4,4,7
63851,1,7,6,2,0,8,0,9,5,6,5
63852,9,9,9,2,7,1,5,7,2,0,5
63853,3,6,1,8,5,3,2,6,0,1,1
63854,5,8,3,1,6,0,7,1,4,4,7
63855,2,3,4,6,8,2,6,3,9,5,8
63856,5,8,3,1,6,0,7,1,4,4,7
63857,0,4,7,0,2,7,4,1,4,8,0
63858,9,9,9,2,7,1,5,7,2,0,5
63859,5,8,3,1,6,0,7,1,4,4,7
63860,7,1,0,3,4,6,1,5,7,3,4
63861,5,8,3,1,6,0,7,1,4,4,0
63862,7,1,0,3,4,6,1,5,7,3,4
63863,2,3,4,6,8,2,6,8,9,5,6
63864,3,6,1,8,5,3,2,6,0,1,1
63865,5,8,3,1,6,0,7,1,4,4,7
63866,1,7,6,2,0,8,0,9,5,6,5
63867,3,6,1,8,5,3,2,6,0,1,1
63868,2,3,4,6,8,2,6,8,9,5,6
63869,8,2,7,5,9,7,8,4,6,9,8
63870,3,6,1,8,5,3,2,6,0,1,1
63871,2,3,4,6,8,2,6,8,9,5,6
63872,0,4,7,0,2,7,4,4,6,8,0
63873,2,3,4,6,8,2,6,8,9,5,0
63874,8,4,7,0,9,7,8,4,6,9,8
63875,5,8,3,1,6,0,7,1,4,4,7
63876,7,1,0,3,4,6,1,5,7,3,4
63877,2,0,4,4,8,2,6,3,1,5,8
63878,0,4,6,0,2,8,4,9,5,8,2
63879,5,8,3,1,6,0,7,1,4,4,7
63880,0,3,4,6,2,8,6,8,9,8,0
63881,5,8,3,1,6,0,7,1,4,4,0
63882,7,1,0,3,4,6,1,8,9,3,4
63883,3,6,1,8,5,3,2,6,0,1,1
63884,5,8,2,1,6,5,7,2,3,4,7
63885,5,8,3,1,6,0,7,1,4,4,7
63886,4,5,8,9,3,4,3,0,8,7,3
63887,7,1,0,3,4,6,1,5,7,3,4
63888,5,8,3,1,6,0,7,1,4,4,7
63889,0,4,7,0,2,7,4,4,6,8,0
63890,2,3,4,6,8,2,6,3,9,5,6
63891,8,2,7,5,9,7,8,4,6,9,8
63892,2,3,4,6,8,2,6,8,9,5,6
63893,7,1,0,3,4,6,1,0,7,3,7
63894,1,7,6,2,0,8,0,9,5,6,5
63895,3,0,1,4,5,3,2,3,1,1,1
63896,7,1,0,3,4,6,1,5,7,3,4
63897,7,1,0,3,4,6,1,5,7,3,4
63898,7,1,0,3,4,6,1,5,7,3,4
63899,6,5,2,7,1,5,9,2,3,2,9
63900,1,7,6,2,0,8,0,9,5,6,5
63901,5,5,8,9,3,4,7,0,8,7,7
63902,6,0,2,4,1,2,9,3,1,2,9
63903,3,0,1,4,5,3,2,6,1,1,1
63904,6,1,2,7,1,5,9,2,3,2,9
63905,7,3,0,2,4,6,1,8,9,3,5
63906,7,1,0,3,4,6,1,5,7,3,4
63907,2,3,7,6,8,2,6,3,9,5,6
63908,4,5,8,9,3,4,3,3,8,7,3
63909,6,1,2,7,1,5,9,2,3,2,9
63910,7,1,0,3,4,6,1,5,7,3,4
63911,3,0,1,4,5,3,2,6,1,1,1
63912,6,5,2,7,1,5,9,2,3,2,9
63913,6,5,2,7,1,5,9,2,3,2,9
63914,4,5,8,9,3,4,3,0,8,7,3
63915,0,4,7,0,2,7,4,1,4,8,0
63916,7,1,0,3,4,6,1,5,7,3,4
63917,7,1,0,3,4,6,1,5,7,3,4
63918,8,2,7,5,9,7,8,4,6,9,8
63919,1,7,6,2,0,8,0,9,5,6,5
63920,5,8,3,1,6,0,7,1,4,4,2
63921,6,5,2,7,1,5,9,2,3,2,9
63922,9,9,9,2,7,1,5,7,2,0,5
63923,4,5,8,9,3,4,3,0,8,7,3
63924,0,4,3,0,2,0,4,1,4,8,0
63925,9,9,9,2,7,1,5,7,2,0,5
63926,7,3,0,6,4,6,1,8,9,3,4
63927,0,4,5,0,2,9,4,1,4,8,2
63928,7,1,0,3,4,6,1,5,7,3,4
63929,7,1,0,3,4,6,1,5,7,3,4
63930,1,7,6,2,0,8,0,9,5,6,5
63931,4,5,8,9,3,4,3,3,8,7,3
63932,6,5,2,7,1,5,9,2,3,2,9
63933,6,5,2,7,1,5,9,2,3,2,9
63934,7,3,0,6,4,6,1,8,9,3,4
63935,4,5,8,9,3,4,3,0,8,7,3
63936,0,4,5,0,2,9,4,4,6,8,2
63937,1,7,6,2,0,8,0,9,5,6,5
63938,0,4,7,0,2,7,4,1,4,8,0
63939,5,5,8,1,6,4,7,0,8,4,7
63940,3,6,1,8,5,3,2,6,0,1,1
63941,4,5,8,9,3,4,3,3,8,7,3
63942,3,6,1,8,5,3,2,6,0,1,7
63943,7,1,0,3,4,6,1,5,7,3,4
63944,7,1,0,3,4,6,1,5,7,3,4
63945,6,5,2,7,1,5,9,2,3,2,9
63946,1,7,6,2,0,8,0,9,5,6,5
63947,7,1,0,3,4,6,1,5,7,3,4
63948,5,5,8,9,3,4,7,0,8,7,7
63949,7,1,0,3,4,6,1,5,7,3,4
63950,0,4,3,0,2,0,4,1,4,8,0
63951,8,2,7,5,9,7,8,4,6,9,8
63952,2,3,4,6,8,2,6,3,9,5,6
63953,7,1,0,3,4,6,1,5,7,3,4
63954,0,4,5,0,2,9,4,4,6,8,0
63955,0,4,7,0,2,7,4,4,6,8,0
63956,5,8,3,1,6,0,7,1,4,4,7
63957,2,1,4,3,8,2,6,5,9,5,6
63958,6,5,2,7,1,5,9,2,3,2,9
63959,3,0,1,4,5,3,2,6,1,1,1
63960,8,2,7,5,9,7,8,3,2,9,8
63961,4,0,4,4,8,2,3,3,1,5,3
63962,7,1,0,3,4,6,1,5,7,3,4
63963,6,5,2,7,1,5,9,2,3,2,9
63964,5,3,3,6,6,0,7,8,9,4,0
63965,7,1,0,3,4,6,1,5,7,3,4
63966,5,8,3,1,6,0,7,1,4,4,7
63967,0,4,7,0,2,7,4,4,6,8,0
63968,7,1,0,3,4,6,1,5,7,3,4
63969,0,4,5,0,2,9,4,9,5,8,2
63970,0,4,7,0,2,7,4,4,6,8,0
63971,5,2,7,1,6,7,7,0,8,4,7
63972,4,5,8,9,3,4,3,3,8,7,3
63973,0,4,5,0,2,9,4,4,6,8,2
63974,1,7,6,2,0,8,0,9,5,6,5
63975,6,5,2,7,1,5,9,2,3,2,9
63976,1,7,6,2,0,8,0,9,5,6,5
63977,1,7,6,3,0,8,0,9,5,6,4
63978,4,5,8,9,3,4,3,0,8,7,3
63979,4,5,8,9,3,4,3,0,8,7,3
63980,3,6,1,8,5,3,2,6,0,1,1
63981,5,8,3,1,6,0,7,1,4,4,7
63982,3,6,1,8,5,3,2,6,0,1,1
63983,9,9,9,2,7,1,5,7,2,0,5
63984,1,7,6,2,0,8,0,9,5,6,5
63985,0,4,7,0,2,7,4,1,4,8,0
63986,1,7,6,2,0,8,0,9,5,6,5
63987,2,3,4,6,8,2,6,8,9,5,6
63988,2,3,4,6,8,2,6,8,9,5,6
63989,2,2,4,6,8,2,6,3,9,5,6
63990,1,7,6,2,0,8,0,9,5,6,5
63991,4,5,8,9,3,4,3,0,8,7,3
63992,5,8,3,1,6,0,7,1,4,4,7
63993,0,4,5,0,2,9,4,4,6,8,2
63994,2,3,4,6,8,2,6,4,6,5,6
63995,7,1,0,3,4,6,1,5,7,3,4
63996,5,8,3,1,6,0,7,1,4,4,7
63997,0,4,5,0,2,9,4,1,4,8,2
63998,4,5,8,9,3,4,3,3,8,7,3
63999,5,8,3,1,6,0,7,1,4,4,7
64000,5,8,3,1,6,0,7,1,4,4,7
64001,0,4,7,0,2,7,4,1,4,8,0
64002,2,3,4,6,8,2,6,8,9,5,6
64003,4,5,8,9,3,4,3,3,8,7,3
64004,7,1,0,3,4,6,1,5,7,3,4
64005,1,7,6,2,0,8,0,9,5,6,5
64006,1,7,6,2,0,8,0,9,5,6,5
64007,0,4,5,0,2,9,4,1,4,8,0
64008,4,5,8,9,3,4,3,0,8,7,3
64009,0,4,7,0,2,7,4,1,4,8,0
64010,1,7,6,2,0,8,0,9,5,6,5
64011,7,1,0,3,4,6,1,5,7,3,4
64012,5,8,3,1,6,0,7,1,4,4,7
64013,1,7,6,2,0,8,0,9,5,6,5
64014,1,7,6,2,0,8,0,9,5,6,5
64015,0,4,7,0,2,7,4,1,4,8,0
64016,8,2,7,5,9,7,8,4,6,9,8
64017,8,2,7,5,9,7,8,4,6,9,8
64018,7,7,6,3,4,8,1,9,5,3,4
64019,4,5,8,9,3,4,3,3,8,7,3
64020,2,3,4,6,8,2,6,8,9,5,6
64021,1,7,6,2,0,8,0,9,5,6,5
64022,4,5,8,9,3,4,3,0,8,7,3
64023,3,6,1,8,5,3,2,6,0,1,1
64024,0,4,7,0,2,7,4,4,6,8,0
64025,1,7,6,2,0,8,0,9,5,6,5
64026,7,1,0,3,4,6,1,5,7,3,4
64027,0,4,6,0,2,8,4,9,5,8,0
64028,0,4,5,0,2,9,4,1,4,8,2
64029,0,4,7,0,2,7,4,4,6,8,0
64030,0,4,3,0,2,0,4,1,4,8,0
64031,7,1,0,3,4,6,1,5,7,3,4
64032,9,9,9,2,7,1,5,7,2,0,5
64033,3,6,1,8,5,3,2,6,0,1,1
64034,3,6,1,8,5,3,2,6,0,1,1
64035,1,7,6,2,0,8,0,9,5,6,5
64036,1,7,6,2,0,8,0,9,5,6,5
64037,1,7,6,2,0,8,0,3,5,6,5
64038,9,9,9,2,7,1,5,7,2,0,5
64039,1,7,6,2,0,8,0,9,5,6,5
64040,0,4,3,0,2,0,4,1,4,8,0
64041,7,1,0,3,4,6,1,5,7,3,4
64042,5,8,3,1,6,0,7,1,4,4,7
64043,3,6,1,8,5,3,2,6,0,1,1
64044,7,1,0,3,4,6,1,5,7,3,4
64045,5,5,8,9,3,4,3,0,8,7,7
64046,5,8,3,1,6,0,7,1,4,4,7
64047,0,4,3,0,2,0,4,1,4,8,0
64048,3,6,1,8,5,3,2,6,0,1,1
64049,8,4,5,5,9,9,8,4,6,9,2
64050,1,7,6,2,0,8,0,9,5,6,5
64051,5,5,8,1,6,4,7,0,8,4,7
64052,7,1,0,3,4,6,1,5,7,3,4
64053,0,4,6,0,2,8,4,9,5,8,0
64054,7,1,0,3,4,6,1,5,7,3,4
64055,6,5,2,7,1,5,9,2,3,2,9
64056,0,4,7,0,2,7,4,4,6,8,0
64057,1,7,6,2,0,8,0,9,5,6,5
64058,2,3,4,6,8,2,6,8,9,5,6
64059,7,1,0,3,4,6,1,5,7,3,4
64060,5,8,3,1,6,0,7,1,4,4,7
64061,8,2,5,5,9,9,8,4,6,9,8
64062,3,0,1,4,5,3,2,3,1,1,1
64063,2,3,4,6,8,2,6,3,9,5,6
64064,8,2,5,5,9,9,8,4,6,9,2
64065,5,8,3,1,6,0,7,1,4,4,7
64066,6,5,2,7,1,5,9,2,3,2,9
64067,2,3,4,6,8,2,6,5,9,5,6
64068,7,1,0,3,4,6,1,5,7,3,4
64069,1,7,6,2,0,8,0,9,5,6,5
64070,3,6,1,8,5,3,2,6,0,1,1
64071,8,2,7,5,9,7,8,4,6,9,8
64072,1,7,6,2,0,8,0,9,5,6,5
64073,0,4,5,0,2,9,4,4,6,8,2
64074,1,7,6,2,0,8,0,9,5,6,5
64075,7,1,0,3,4,6,1,5,7,3,4
64076,0,4,7,0,2,7,4,1,9,8,0
64077,1,7,6,2,0,8,0,9,5,6,5
64078,6,5,2,7,1,5,9,2,3,2,9
64079,3,6,1,8,5,3,2,6,0,1,1
64080,7,1,0,3,4,6,1,5,7,3,4
64081,2,0,4,9,8,2,6,3,1,5,6
64082,3,6,1,8,5,3,2,6,0,1,1
64083,0,4,5,0,2,9,4,4,6,8,2
64084,7,1,0,3,4,6,1,5,7,3,4
64085,1,7,6,2,0,8,0,9,5,6,5
64086,5,1,0,1,4,6,7,0,7,3,7
64087,7,1,0,3,4,6,1,5,7,3,4
64088,5,8,3,1,6,0,7,1,4,4,7
64089,8,4,5,5,9,9,8,4,6,9,2
64090,7,1,0,3,4,6,1,5,7,3,4
64091,3,6,1,8,5,3,2,6,0,1,1
64092,2,3,4,6,8,2,6,8,9,5,6
64093,5,8,3,1,6,0,7,1,4,4,7
64094,0,4,7,0,2,7,4,3,9,8,0
64095,5,8,3,1,6,0,7,1,4,4,7
64096,2,3,7,6,8,7,6,8,9,5,8
64097,7,1,0,3,4,6,1,5,7,3,4
64098,6,5,2,7,1,5,9,2,3,2,9
64099,8,2,5,5,9,9,8,4,6,9,8
64100,6,1,2,7,1,5,9,2,3,2,9
64101,0,4,7,0,2,7,4,1,4,8,0
64102,5,8,3,1,6,0,7,1,4,4,7
64103,6,9,2,7,1,5,9,2,3,2,9
64104,1,7,6,2,0,8,0,9,5,6,5
64105,1,7,9,2,0,1,0,7,5,6,5
64106,2,3,4,6,4,2,6,8,9,5,5
64107,0,4,5,0,2,9,4,4,6,8,2
64108,8,2,7,5,9,7,8,4,6,9,8
64109,7,1,0,3,4,6,1,5,7,3,4
64110,1,7,6,2,0,8,0,9,5,6,5
64111,5,8,3,1,6,0,7,0,4,4,7
64112,2,3,4,6,8,2,6,8,9,5,6
64113,6,5,2,7,1,5,9,2,3,2,9
64114,6,5,2,7,1,5,9,2,3,2,9
64115,6,5,2,7,1,5,9,2,3,2,9
64116,7,1,0,3,4,6,1,5,7,3,4
64117,2,3,4,6,8,2,6,8,9,5,6
64118,7,1,0,3,4,6,1,5,7,3,4
64119,8,4,5,0,2,9,4,4,6,8,2
64120,7,1,0,3,4,6,1,5,7,3,4
64121,2,3,4,6,8,2,6,8,9,5,6
64122,5,8,3,1,6,0,7,1,4,4,7
64123,7,1,0,3,4,6,1,8,7,3,4
64124,7,1,0,3,4,6,1,5,7,3,4
64125,4,5,8,9,3,4,3,0,8,7,3
64126,9,9,9,2,7,1,5,7,2,0,5
64127,6,9,2,2,1,5,9,2,3,2,5
64128,7,1,0,3,4,6,1,5,7,3,4
64129,0,4,7,0,2,7,4,1,4,8,0
64130,0,4,5,0,2,9,4,4,6,8,2
64131,1,7,6,2,0,8,0,9,5,6,5
64132,4,5,8,9,3,4,3,3,8,7,3
64133,6,5,2,7,1,5,9,2,3,2,9
64134,0,4,7,0,2,7,4,4,6,8,0
64135,9,9,9,2,7,1,5,7,2,0,5
64136,7,3,0,3,4,6,1,8,9,3,4
64137,2,3,4,6,8,2,6,8,9,5,0
64138,1,7,6,2,0,8,0,9,5,6,5
64139,5,8,3,1,6,0,7,0,4,4,7
64140,7,1,0,3,4,6,1,5,7,3,4
64141,0,4,7,0,2,7,4,8,6,8,0
64142,8,2,5,5,9,9,8,4,6,9,8
64143,0,4,7,0,2,7,4,1,4,8,0
64144,1,7,6,2,0,8,0,9,5,6,5
64145,7,1,0,3,4,6,1,5,7,3,4
64146,4,1,0,3,4,6,3,5,7,3,3
64147,1,7,6,2,0,8,0,9,5,6,5
64148,0,4,3,0,2,0,4,1,4,8,2
64149,6,5,2,7,1,5,9,2,3,2,9
64150,3,6,1,8,5,3,2,6,0,1,1
64151,5,8,5,1,6,0,7,1,4,4,2
64152,9,9,9,2,7,1,5,7,2,0,5
64153,1,7,6,2,0,8,0,9,5,6,5
64154,5,8,3,1,6,0,7,1,4,4,7
64155,3,6,1,8,5,3,2,6,0,1,1
64156,7,1,0,3,4,6,1,5,7,3,4
64157,3,0,1,4,5,3,2,6,1,1,1
64158,5,8,3,1,6,0,7,1,4,4,7
64159,7,1,0,3,4,6,1,5,7,3,4
64160,4,5,8,9,3,4,3,3,8,7,3
64161,6,5,2,7,1,5,9,2,3,2,9
64162,7,1,0,3,4,6,1,5,7,3,4
64163,2,0,7,4,8,7,6,3,1,5,6
64164,7,1,0,3,4,6,1,5,7,3,4
64165,7,1,0,3,4,6,1,5,7,3,4
64166,2,3,4,6,8,2,6,8,9,5,6
64167,9,9,9,7,7,1,5,7,2,0,9
64168,1,7,6,2,0,8,0,9,5,6,5
64169,1,7,6,2,0,8,0,9,5,6,5
64170,1,7,6,2,0,8,0,9,5,6,5
64171,1,7,6,2,0,8,0,9,5,6,5
64172,0,4,7,0,2,7,4,1,4,8,0
64173,9,9,9,7,7,1,5,7,2,0,9
64174,0,4,7,0,2,7,4,4,6,8,0
64175,8,2,5,5,9,9,8,4,6,9,8
64176,4,5,8,9,3,4,3,0,8,7,7
64177,5,8,3,1,6,0,7,1,4,4,7
64178,9,9,9,2,7,1,5,7,2,0,5
64179,1,7,6,2,0,8,0,9,5,6,5
64180,9,9,9,2,7,1,5,3,2,0,9
64181,1,7,6,2,0,8,0,9,5,6,5
64182,0,4,3,0,2,0,4,1,4,8,0
64183,5,8,3,1,6,0,7,1,4,4,7
64184,0,4,7,0,2,7,4,1,4,8,0
64185,9,9,9,2,7,1,5,7,2,0,5
64186,3,0,1,4,5,3,2,6,1,1,1
64187,5,7,6,2,6,8,7,9,5,4,5
64188,3,6,1,4,5,3,2,6,1,1,1
64189,6,5,2,7,1,5,9,2,3,2,9
64190,1,7,6,2,0,8,0,9,5,6,5
64191,1,7,6,2,0,8,0,9,5,6,5
64192,5,8,3,1,6,0,7,1,4,4,7
64193,4,5,8,9,3,4,3,0,8,7,3
64194,0,4,7,0,2,7,4,1,4,8,0
64195,1,7,6,2,0,8,0,9,5,6,5
64196,2,3,4,6,8,2,6,8,9,5,6
64197,5,8,3,1,6,0,7,1,4,4,0
64198,0,4,7,0,2,7,4,4,6,8,0
64199,0,4,3,0,2,0,4,1,4,8,0
64200,0,4,3,0,2,0,4,1,4,8,2
64201,1,7,6,0,0,8,0,9,5,6,5
64202,0,3,3,6,4,0,6,8,9,5,0
64203,5,5,8,1,6,4,7,0,8,4,7
64204,4,5,8,9,3,4,3,2,8,7,3
64205,1,7,6,2,0,8,0,9,5,6,5
64206,6,5,2,7,1,5,9,2,3,2,9
64207,9,9,9,6,7,1,5,7,2,0,5
64208,3,6,1,8,5,3,2,6,0,1,1
64209,4,5,8,9,3,4,3,3,8,7,3
64210,5,8,3,1,6,0,7,1,4,4,7
64211,2,9,4,6,8,2,6,3,2,5,6
64212,2,3,4,6,8,2,6,8,9,5,6
64213,0,4,3,0,2,0,4,1,4,8,0
64214,0,4,5,0,2,9,4,1,4,8,2
64215,0,4,6,0,2,8,4,1,4,8,0
64216,1,7,6,2,0,8,0,9,5,6,5
64217,5,8,3,1,6,0,7,1,4,4,7
64218,2,3,4,6,8,2,6,8,9,5,6
64219,2,3,4,6,8,2,6,8,9,5,6
64220,7,1,0,3,4,6,1,5,7,3,4
64221,0,8,3,1,6,0,4,1,4,4,0
64222,6,1,2,7,1,5,9,2,3,2,9
64223,5,8,3,1,6,0,7,1,4,4,7
64224,0,4,3,0,2,0,4,1,4,8,0
64225,0,4,5,0,2,9,4,1,4,8,0
64226,7,1,0,3,4,6,1,5,7,3,4
64227,7,1,0,3,4,6,1,5,7,3,4
64228,0,4,5,0,2,9,4,4,6,8,0
64229,5,8,3,1,6,0,7,1,4,4,7
64230,4,5,8,9,3,4,3,0,8,7,3
64231,0,7,6,2,2,8,4,9,5,8,0
64232,1,7,6,2,0,8,0,9,5,6,5
64233,2,3,4,6,8,2,6,3,9,5,8
64234,7,1,0,3,4,6,1,5,7,3,4
64235,5,8,3,1,6,0,7,1,4,4,7
64236,2,3,4,6,8,2,6,3,9,5,6
64237,0,8,3,1,6,0,4,1,4,4,0
64238,0,4,7,0,2,7,4,4,6,8,0
64239,4,1,8,9,3,4,3,3,8,7,3
64240,5,8,3,1,6,0,7,1,4,4,7
64241,3,6,1,8,5,3,2,6,0,1,1
64242,7,1,0,3,4,6,1,5,7,3,4
64243,4,3,8,9,3,4,3,3,8,7,3
64244,7,1,0,3,4,6,1,5,7,3,4
64245,5,8,3,1,6,0,7,1,4,4,7
64246,7,1,0,3,4,6,1,5,7,3,4
64247,6,5,2,7,1,5,9,2,3,2,9
64248,1,7,6,2,0,8,0,9,5,6,5
64249,1,7,6,2,0,8,0,9,5,6,5
64250,6,5,2,7,1,5,9,2,3,2,9
64251,2,3,4,6,8,2,6,8,9,5,5
64252,4,5,8,9,3,4,3,3,8,7,3
64253,7,1,0,3,4,6,1,5,7,3,4
64254,2,3,4,6,8,2,6,3,5,5,6
64255,7,1,0,3,4,6,1,5,7,3,4
64256,3,0,1,4,5,3,2,3,1,1,1
64257,5,8,3,1,6,0,7,1,4,4,7
64258,0,4,3,0,2,0,4,1,4,8,0
64259,0,4,3,0,2,0,4,1,4,8,0
64260,7,1,0,3,4,6,1,5,7,3,4
64261,5,8,3,1,6,0,7,1,4,4,4
64262,9,9,9,2,7,1,5,7,2,0,5
64263,7,1,0,3,4,6,1,5,7,3,4
64264,1,7,6,2,0,8,0,9,5,6,5
64265,1,7,6,0,0,8,0,9,5,6,0
64266,0,4,7,0,2,7,4,1,4,8,0
64267,9,9,9,2,7,1,5,7,2,0,5
64268,5,8,3,1,6,0,7,1,4,4,7
64269,5,8,3,1,6,0,7,1,4,4,7
64270,2,3,4,6,8,2,6,8,9,5,6
64271,7,1,0,3,4,6,1,5,7,3,4
64272,5,8,3,1,6,0,7,1,4,4,0
64273,1,7,6,2,0,8,0,9,5,6,5
64274,9,9,9,2,7,1,5,7,2,0,5
64275,6,5,2,7,1,5,9,2,3,2,9
64276,7,1,0,3,4,6,1,5,7,3,4
64277,7,1,0,3,4,6,1,5,7,3,4
64278,3,6,1,8,5,3,2,6,0,1,1
64279,6,5,2,7,1,5,9,2,3,2,9
64280,0,4,7,0,2,7,4,9,5,8,0
64281,4,0,8,4,3,4,3,3,1,7,3
64282,3,0,1,4,5,3,2,6,1,1,1
64283,5,8,3,1,6,0,7,1,4,4,7
64284,0,4,0,0,2,6,4,5,7,8,0
64285,4,5,8,9,3,4,3,3,8,7,3
64286,3,6,1,8,5,3,2,6,0,1,1
64287,5,8,3,1,6,0,7,1,4,4,7
64288,7,1,0,3,4,6,1,5,7,3,4
64289,8,2,5,5,9,9,8,4,6,9,8
64290,7,1,0,3,4,6,1,8,7,3,4
64291,5,8,3,1,6,0,7,1,4,4,7
64292,1,7,6,2,0,8,0,9,5,6,5
64293,5,8,3,1,6,0,7,1,4,4,7
64294,5,8,3,1,6,0,7,1,0,4,7
64295,0,4,5,0,2,9,4,9,5,8,0
64296,6,5,2,7,1,5,9,2,3,2,9
64297,9,9,9,2,7,1,5,7,2,0,5
64298,5,8,3,1,6,0,7,1,4,4,7
64299,8,2,7,5,9,7,8,4,6,9,8
64300,2,3,4,6,8,2,6,8,9,5,6
64301,0,5,3,0,2,0,4,1,4,8,0
64302,9,9,9,2,7,1,5,7,2,0,5
64303,9,9,9,2,7,1,5,7,2,0,5
64304,1,7,6,2,0,8,0,9,5,6,5
64305,2,3,4,6,8,2,6,8,9,5,6
64306,8,2,5,5,9,9,8,4,6,9,8
64307,2,3,4,6,8,2,6,8,9,5,6
64308,9,9,9,2,7,1,5,7,2,0,5
64309,0,4,3,0,2,0,4,1,4,8,0
64310,8,2,7,5,9,7,8,4,6,9,8
64311,7,1,0,3,4,6,1,5,7,3,4
64312,1,7,6,2,0,8,0,9,5,6,5
64313,0,4,6,0,2,8,4,9,5,8,5
64314,8,2,7,5,9,7,8,4,6,9,8
64315,7,1,0,3,4,6,1,5,7,3,4
64316,0,4,7,0,2,7,4,4,6,8,0
64317,7,1,0,3,4,6,1,5,7,3,4
64318,9,9,9,2,7,1,5,7,2,0,5
64319,5,8,3,1,6,0,7,1,4,4,0
64320,3,0,1,4,5,3,2,6,1,1,1
64321,0,4,3,0,2,0,4,1,4,8,0
64322,0,4,5,0,2,9,4,1,4,8,2
64323,1,7,6,2,0,8,0,9,5,6,5
64324,0,8,3,0,2,0,4,1,4,8,0
64325,0,4,5,0,2,9,4,4,6,8,0
64326,6,5,2,7,1,5,9,2,3,2,9
64327,3,6,1,8,5,3,2,6,0,1,1
64328,1,7,6,2,0,8,0,9,5,6,5
64329,3,6,1,8,5,3,2,6,0,1,1
64330,7,1,0,3,4,6,1,5,7,3,4
64331,1,7,6,2,0,8,0,9,5,6,5
64332,0,4,7,0,2,7,4,4,6,8,0
64333,5,8,3,1,6,0,7,1,4,4,0
64334,7,1,0,3,4,6,1,5,7,3,4
64335,1,7,6,2,0,8,0,9,5,6,5
64336,4,5,8,9,3,4,3,0,8,7,3
64337,1,7,6,2,0,8,0,9,5,6,5
64338,7,1,0,3,4,6,1,5,7,3,4
64339,7,1,0,3,4,6,1,5,7,3,4
64340,7,1,0,3,4,6,1,5,7,3,4
64341,7,1,0,3,4,6,1,5,7,3,4
64342,6,5,2,7,1,5,9,2,3,2,9
64343,3,6,1,8,5,3,2,6,0,1,1
64344,5,8,3,1,6,0,7,1,4,4,7
64345,6,5,2,7,1,5,9,2,3,2,9
64346,4,5,8,9,3,4,3,0,8,7,3
64347,4,5,8,9,3,4,3,0,8,7,3
64348,3,0,1,4,5,3,2,6,1,1,1
64349,1,7,6,2,0,8,0,9,5,6,5
64350,6,9,2,7,1,5,9,2,3,2,9
64351,3,6,1,8,5,3,2,6,0,1,1
64352,2,3,4,6,8,2,6,8,9,5,6
64353,7,1,0,3,4,6,1,5,7,3,4
64354,9,9,9,2,7,1,5,7,2,0,5
64355,7,1,0,3,4,6,1,5,7,3,0
64356,2,3,4,6,8,2,6,3,9,5,6
64357,5,8,3,1,6,0,7,1,4,4,7
64358,8,2,5,5,9,9,8,4,6,9,8
64359,0,4,4,0,2,2,4,8,9,8,6
64360,2,1,4,3,8,2,6,5,7,5,6
64361,4,1,8,9,3,4,3,0,8,7,3
64362,2,3,4,6,8,2,6,8,9,5,6
64363,5,8,3,1,6,0,7,1,4,4,7
64364,8,2,7,5,9,7,8,4,6,9,8
64365,3,0,1,4,5,3,2,6,1,1,1
64366,7,1,0,3,4,6,1,5,7,3,4
64367,6,5,2,7,1,5,9,2,3,2,9
64368,7,1,0,3,4,6,1,5,7,3,4
64369,9,9,9,2,7,1,5,7,2,0,5
64370,2,0,4,9,8,2,6,3,8,5,3
64371,2,3,4,6,8,2,6,8,9,5,6
64372,7,3,0,6,4,6,1,8,9,3,4
64373,5,8,3,1,6,0,7,1,4,4,0
64374,4,6,8,8,3,4,3,0,0,7,7
64375,2,3,4,6,8,2,6,8,9,5,6
64376,7,3,0,6,4,6,1,8,9,3,4
64377,0,4,3,0,2,0,4,1,4,8,0
64378,7,1,0,3,4,6,1,5,7,3,4
64379,5,8,3,1,6,0,7,1,4,4,0
64380,7,3,4,6,4,6,1,8,9,3,0
64381,7,1,0,3,4,6,1,5,7,3,4
64382,0,4,7,0,2,7,4,1,4,8,0
64383,5,8,3,1,6,0,7,1,4,4,7
64384,9,9,9,7,7,1,5,7,2,0,9
64385,7,9,0,3,4,6,1,7,7,3,4
64386,1,7,6,2,0,8,0,9,5,6,5
64387,6,9,2,7,1,5,9,2,3,2,9
64388,4,5,8,9,3,4,3,0,8,7,3
64389,1,7,6,2,0,8,0,9,5,6,5
64390,2,3,4,6,8,2,6,8,9,5,6
64391,5,8,3,1,6,0,7,1,4,4,7
64392,3,6,1,8,5,3,2,6,0,1,1
64393,7,1,0,3,4,6,1,5,7,3,4
64394,4,5,8,9,3,4,3,0,8,7,3
64395,5,5,2,7,1,5,9,2,3,2,7
64396,8,2,7,5,9,7,8,4,6,9,8
64397,7,1,0,3,4,6,1,5,7,3,4
64398,2,3,4,6,8,2,6,8,9,5,6
64399,7,1,0,3,4,6,1,5,7,3,4
64400,0,4,3,0,2,0,4,1,4,8,0
64401,6,5,2,7,1,5,9,2,3,2,9
64402,6,9,2,2,1,5,9,2,3,2,5
64403,5,6,1,8,6,3,7,6,0,4,7
64404,3,6,1,8,5,3,2,6,0,1,1
64405,0,4,3,0,2,0,4,1,4,8,0
64406,7,1,0,3,4,6,1,5,7,3,4
64407,8,2,7,5,9,7,8,4,6,9,8
64408,5,8,3,1,6,0,7,1,4,4,7
64409,9,9,9,2,7,1,5,7,2,0,5
64410,8,2,7,5,9,7,8,4,6,9,8
64411,2,3,4,6,8,2,6,8,9,5,6
64412,4,5,8,9,3,4,3,0,8,7,3
64413,1,7,6,2,0,8,0,3,5,6,5
64414,5,8,3,1,6,0,7,1,4,4,0
64415,6,0,2,4,1,5,9,2,1,2,9
64416,5,5,8,9,3,4,7,0,8,7,7
64417,5,8,3,1,6,0,7,1,4,4,0
64418,6,5,2,7,1,5,9,2,3,2,9
64419,7,1,0,3,4,6,1,5,7,3,4
64420,7,1,0,3,4,6,1,5,7,3,4
64421,5,8,3,1,6,0,7,1,4,4,7
64422,7,1,0,3,4,6,1,5,7,3,4
64423,9,9,9,2,7,1,5,7,2,0,5
64424,0,4,7,0,2,7,4,1,4,8,0
64425,0,8,3,0,2,0,4,1,4,8,0
64426,0,4,7,0,2,7,4,9,6,8,0
64427,7,9,0,2,4,6,1,7,7,3,5
64428,1,7,6,2,0,8,0,9,5,6,5
64429,2,3,4,6,4,2,6,8,9,3,6
64430,7,1,0,3,4,6,1,5,7,3,4
64431,0,4,7,0,2,7,4,1,4,8,0
64432,3,0,1,4,5,3,2,6,1,1,1
64433,0,4,3,0,2,0,4,1,4,8,0
64434,7,1,0,3,4,6,1,5,7,3,4
64435,0,4,6,0,2,8,4,9,5,8,0
64436,0,4,3,0,2,0,4,1,4,8,0
64437,7,1,0,3,4,6,1,5,7,3,4
64438,8,2,7,5,9,7,8,3,6,9,8
64439,5,5,3,1,6,0,7,0,8,4,7
64440,7,1,0,3,4,6,1,5,7,3,4
64441,5,8,3,1,6,0,7,0,4,4,7
64442,9,9,2,7,7,5,5,2,3,0,9
64443,1,7,6,2,0,8,0,9,5,6,5
64444,0,8,3,0,2,0,4,1,4,8,0
64445,6,5,2,7,1,5,9,2,3,2,9
64446,4,5,8,9,3,4,3,0,8,7,3
64447,3,0,1,4,5,3,2,6,1,1,1
64448,3,6,1,8,5,3,2,6,0,1,1
64449,5,5,8,9,3,4,3,0,8,7,7
64450,1,7,6,2,0,8,0,9,5,6,5
64451,9,9,9,2,7,1,5,7,2,0,5
64452,7,9,0,3,4,6,1,5,2,3,4
64453,8,2,5,5,9,9,8,4,6,9,8
64454,8,2,4,5,9,2,8,4,6,9,8
64455,2,0,4,4,8,2,6,8,1,5,6
64456,7,1,0,3,4,6,1,7,7,3,4
64457,3,0,1,4,5,3,2,6,1,1,1
64458,5,8,3,1,6,0,7,1,4,4,7
64459,0,4,5,0,2,9,4,1,4,8,2
64460,0,4,3,0,2,0,4,1,4,8,2
64461,0,4,5,0,2,9,4,4,9,8,2
64462,3,6,1,8,5,3,2,6,0,1,1
64463,7,1,0,3,4,6,1,5,7,3,4
64464,5,5,2,1,6,5,7,0,3,4,7
64465,5,8,3,1,6,0,7,1,4,4,7
64466,4,5,8,9,3,4,3,0,8,7,3
64467,8,2,5,5,9,9,8,4,6,9,8
64468,8,2,7,5,9,7,8,4,6,9,8
64469,1,7,6,3,0,8,0,9,5,6,4
64470,3,0,1,4,5,3,2,6,1,1,1
64471,0,4,5,0,2,9,4,4,6,8,2
64472,2,3,7,6,8,7,6,3,9,5,6
64473,4,1,8,9,3,4,3,5,8,7,3
64474,0,8,3,1,6,0,7,1,4,4,2
64475,5,8,3,1,6,0,7,1,4,4,7
64476,9,9,9,2,7,1,5,7,2,0,5
64477,7,1,0,3,4,6,1,5,7,3,4
64478,7,1,0,3,4,6,1,5,7,3,4
64479,0,8,3,0,2,0,4,1,4,8,0
64480,0,4,3,0,2,0,4,1,4,8,0
64481,0,4,7,0,2,7,4,4,6,8,0
64482,7,1,0,3,4,6,1,5,7,3,4
64483,0,4,7,0,2,7,4,9,5,8,0
64484,4,5,8,9,3,4,3,0,8,7,3
64485,8,2,5,5,9,9,8,4,6,9,2
64486,7,3,0,6,4,6,1,8,9,3,4
64487,8,2,5,5,9,9,8,4,6,9,8
64488,4,5,8,9,3,4,3,0,8,7,3
64489,0,4,4,0,2,2,4,8,9,8,0
64490,5,8,3,1,6,0,7,1,4,4,7
64491,1,7,6,2,0,8,0,9,5,6,5
64492,7,1,0,3,4,6,1,5,7,3,4
64493,0,4,5,0,2,9,4,4,6,8,2
64494,4,1,4,3,8,2,3,3,7,5,3
64495,3,0,1,4,5,3,2,3,1,1,1
64496,7,1,0,2,4,6,1,9,5,3,5
64497,0,4,5,0,2,9,4,1,4,8,2
64498,4,1,8,9,3,4,3,5,8,7,3
64499,4,5,8,9,3,4,3,0,8,7,3
64500,1,7,6,2,0,8,0,9,5,6,5
64501,7,0,0,3,4,6,1,5,7,3,4
64502,0,8,3,0,2,0,4,1,4,8,0
64503,1,7,6,2,0,8,0,9,5,6,5
64504,8,2,2,5,9,5,8,2,3,9,8
64505,5,8,3,1,6,0,7,1,4,4,7
64506,6,0,2,7,1,5,9,2,3,2,9
64507,9,9,9,2,7,1,5,7,2,0,5
64508,7,3,0,6,4,6,1,8,9,3,4
64509,1,7,6,2,0,8,0,9,5,6,5
64510,6,5,2,7,1,5,9,2,3,2,9
64511,5,8,3,1,6,0,7,1,4,4,7
64512,4,5,8,9,3,4,3,3,8,7,3
64513,2,3,4,6,8,2,6,8,9,5,6
64514,8,2,7,5,9,7,8,4,6,9,8
64515,3,0,1,4,5,3,2,6,1,1,1
64516,1,7,6,2,0,8,0,9,5,6,5
64517,6,5,2,7,1,5,9,2,3,2,9
64518,2,3,4,6,8,2,6,8,9,5,6
64519,0,4,7,0,2,7,4,1,4,8,0
64520,8,2,4,5,9,2,8,4,6,9,8
64521,0,4,5,0,2,9,4,1,4,8,2
64522,0,4,3,0,2,0,4,1,4,8,2
64523,2,3,4,6,8,2,6,8,9,5,6
64524,1,7,6,2,0,8,0,9,5,6,5
64525,1,7,6,2,0,8,0,9,5,6,5
64526,7,1,0,3,4,6,1,5,7,3,4
64527,3,6,1,8,5,3,2,6,0,1,1
64528,7,1,0,3,4,6,1,5,7,3,4
64529,2,2,7,5,8,7,6,3,6,5,8
64530,5,8,3,1,6,0,7,1,4,4,2
64531,7,6,0,8,4,6,1,5,0,3,4
64532,7,1,0,3,4,6,1,5,7,3,4
64533,1,7,6,2,0,8,0,9,5,6,5
64534,0,4,7,0,2,7,4,4,6,8,2
64535,7,1,0,3,4,6,1,8,7,3,4
64536,4,5,8,9,3,4,3,0,8,7,3
64537,7,1,0,3,4,6,1,5,7,3,4
64538,1,7,6,2,0,8,0,9,5,6,5
64539,0,4,5,0,2,9,4,1,4,8,2
64540,2,3,4,6,8,2,6,8,9,5,6
64541,2,3,4,6,8,2,6,8,9,5,6
64542,3,6,1,8,5,3,2,6,0,1,1
64543,7,1,0,3,4,6,1,8,7,3,4
64544,0,4,3,0,2,0,4,1,4,8,0
64545,9,9,9,2,7,1,5,8,2,0,5
64546,7,1,0,3,4,6,1,2,7,3,4
64547,5,5,8,1,6,4,7,0,8,4,7
64548,7,6,0,8,4,6,1,5,0,3,4
64549,6,5,2,7,1,5,9,2,3,2,9
64550,0,8,3,1,6,0,4,1,4,4,0
64551,0,4,3,0,2,0,4,1,4,8,0
64552,7,1,0,3,4,6,1,5,7,3,4
64553,0,8,3,1,6,0,4,1,4,4,0
64554,3,6,1,8,5,3,2,6,0,1,1
64555,5,8,3,1,6,0,7,1,4,4,0
64556,0,4,6,0,2,8,4,9,5,8,0
64557,4,5,8,9,3,4,3,0,8,7,3
64558,5,8,8,1,6,4,7,0,8,4,7
64559,6,5,2,7,1,5,9,2,3,2,9
64560,5,8,3,1,6,0,7,1,4,4,7
64561,8,2,5,5,9,9,8,4,6,9,8
64562,6,5,2,7,1,5,9,2,3,2,9
64563,9,9,9,2,7,1,5,7,2,0,5
64564,9,9,9,2,7,1,5,7,2,0,5
64565,4,5,8,9,3,4,3,3,8,7,3
64566,0,4,6,0,2,8,4,9,5,8,5
64567,8,2,7,5,9,7,8,4,6,9,8
64568,8,2,5,5,9,9,8,4,6,9,2
64569,7,1,0,3,4,6,1,5,7,3,4
64570,8,2,7,5,9,7,8,4,6,9,8
64571,6,6,2,8,1,5,9,2,0,2,9
64572,2,3,4,6,8,2,6,8,9,5,6
64573,6,1,2,7,1,5,9,2,3,2,9
64574,1,7,6,2,0,8,0,9,5,6,5
64575,5,5,3,1,6,0,7,1,4,4,7
64576,5,8,3,1,6,0,7,1,4,4,0
64577,9,9,9,2,7,1,5,7,2,0,5
64578,0,4,3,0,2,0,4,1,4,8,0
64579,4,5,8,9,3,4,3,0,8,7,3
64580,9,9,9,2,7,1,5,7,2,0,5
64581,7,1,0,3,4,6,1,5,7,3,4
64582,6,5,2,7,1,5,9,2,3,2,9
64583,9,9,9,2,7,1,5,7,2,0,5
64584,0,4,7,0,2,7,4,1,4,8,0
64585,5,8,3,1,6,0,7,1,4,4,7
64586,7,1,0,3,4,6,1,5,7,3,4
64587,4,5,8,9,3,4,3,0,8,7,3
64588,1,7,6,2,0,8,0,9,5,6,5
64589,9,9,9,2,7,1,5,7,2,0,5
64590,0,4,7,0,2,7,4,1,4,8,0
64591,4,5,8,9,3,4,3,0,8,7,3
64592,5,8,3,1,6,0,7,1,4,4,7
64593,5,8,3,1,6,0,7,1,4,4,7
64594,6,2,2,7,1,5,9,2,3,2,9
64595,1,7,6,2,0,8,0,9,5,6,5
64596,7,1,0,3,4,6,1,5,7,3,4
64597,9,9,9,2,7,1,5,7,2,0,5
64598,0,4,3,0,2,0,4,1,4,8,0
64599,4,5,8,9,3,4,3,9,8,7,3
64600,2,1,4,3,8,2,6,5,7,5,6
64601,5,8,3,1,6,0,7,1,4,4,7
64602,9,9,9,2,7,1,5,7,2,0,5
64603,1,7,6,2,0,8,0,9,5,6,5
64604,3,6,1,8,5,3,2,6,0,1,1
64605,2,3,4,6,8,2,6,8,9,5,6
64606,9,9,9,2,7,1,5,7,2,0,5
64607,4,5,8,9,3,4,3,3,8,7,3
64608,2,3,4,6,8,2,6,8,9,5,6
64609,8,2,7,5,9,7,8,4,6,9,8
64610,0,4,3,0,2,0,4,1,4,8,0
64611,3,6,1,8,5,3,2,6,0,1,1
64612,8,2,5,5,9,9,8,4,6,9,2
64613,2,3,4,2,8,2,6,3,9,5,6
64614,3,6,1,8,5,3,2,6,0,1,1
64615,6,5,2,7,1,5,9,2,3,2,9
64616,5,8,3,1,6,0,7,1,4,4,7
64617,3,6,1,8,5,3,2,6,0,1,1
64618,4,5,8,9,3,4,3,0,8,7,3
64619,4,3,4,9,3,2,3,8,9,7,3
64620,4,5,8,9,3,4,3,3,1,7,3
64621,7,1,0,3,4,6,1,5,7,3,4
64622,5,5,8,9,3,4,7,0,8,7,7
64623,0,4,3,0,2,0,4,1,4,8,2
64624,0,4,5,0,2,9,4,4,6,8,2
64625,9,9,9,2,7,1,5,7,2,0,5
64626,2,3,4,6,8,2,6,8,9,5,6
64627,4,5,8,9,3,4,3,0,8,7,3
64628,3,6,1,8,5,3,2,6,0,1,1
64629,7,3,0,6,4,6,1,8,9,3,4
64630,1,7,6,3,0,8,0,9,5,6,4
64631,3,6,1,8,5,3,2,6,0,1,1
64632,9,9,9,7,7,1,5,7,2,0,9
64633,0,8,3,1,6,0,7,1,4,4,0
64634,1,7,6,2,0,8,0,9,5,6,5
64635,7,1,0,3,4,6,1,5,7,3,4
64636,6,5,2,7,1,5,9,2,3,2,9
64637,7,1,0,3,4,6,1,5,7,3,4
64638,7,1,0,3,4,6,1,5,7,3,4
64639,0,8,3,0,2,0,4,1,4,8,0
64640,2,3,4,6,8,2,6,8,9,5,6
64641,3,6,1,8,5,3,2,6,0,1,1
64642,7,1,0,3,4,6,1,5,7,3,4
64643,1,7,6,2,0,8,0,9,5,6,5
64644,0,4,7,0,2,7,4,4,6,8,0
64645,0,3,3,6,2,0,4,8,9,8,0
64646,1,7,6,2,0,8,0,9,5,6,5
64647,7,1,0,3,4,6,1,5,7,3,4
64648,0,4,7,0,2,7,4,1,4,8,0
64649,4,5,8,9,3,4,3,3,8,7,3
64650,3,6,1,8,5,3,2,6,0,1,1
64651,1,7,6,2,0,8,0,9,5,6,5
64652,5,8,3,1,6,0,7,1,4,4,7
64653,1,7,6,2,0,8,0,9,5,6,5
64654,5,8,3,1,6,0,7,1,4,4,2
64655,1,7,6,2,0,8,0,9,5,6,5
64656,5,5,3,1,6,0,7,1,4,4,7
64657,7,1,0,3,4,6,1,5,7,3,4
64658,9,9,9,2,7,1,5,7,2,0,5
64659,5,8,3,1,6,0,7,1,4,4,7
64660,0,4,3,0,2,0,4,1,4,8,0
64661,5,8,3,1,6,0,7,1,4,4,7
64662,5,8,3,1,6,0,7,1,4,4,7
64663,0,4,3,0,2,0,4,1,4,8,0
64664,7,1,0,3,4,6,1,5,7,3,4
64665,0,7,3,0,0,8,0,9,4,6,0
64666,9,9,9,3,7,1,5,7,2,0,4
64667,2,3,4,6,8,2,6,8,9,5,6
64668,6,5,2,7,1,5,9,2,3,2,9
64669,0,4,5,0,2,9,4,4,6,8,2
64670,1,7,6,2,0,8,0,9,5,6,5
64671,7,1,0,3,4,6,1,5,7,3,4
64672,2,0,4,4,8,2,6,3,1,5,6
64673,0,4,7,0,2,7,4,4,6,8,0
64674,9,9,9,2,7,1,5,7,2,0,5
64675,3,0,1,4,5,3,2,6,1,1,1
64676,1,7,6,2,0,8,0,9,5,6,5
64677,8,2,5,5,9,9,8,4,6,9,8
64678,0,8,3,0,2,0,4,1,4,8,2
64679,5,8,3,1,6,0,7,1,4,4,7
64680,4,5,8,9,3,4,3,0,8,7,3
64681,5,8,3,1,6,0,7,1,4,4,7
64682,0,4,3,0,2,0,4,1,4,8,0
64683,0,4,3,0,2,0,4,1,4,8,0
64684,6,5,2,7,1,5,9,2,3,2,9
64685,1,7,6,2,0,8,0,9,5,6,5
64686,5,6,1,8,5,3,2,0,0,1,7
64687,1,7,6,2,0,8,0,9,5,6,5
64688,7,1,0,3,4,6,1,5,7,3,4
64689,7,1,0,3,4,6,1,5,7,3,4
64690,5,8,3,1,6,0,7,1,4,4,7
64691,9,9,9,2,7,1,5,7,2,0,5
64692,5,8,3,1,6,0,7,1,4,4,7
64693,5,8,3,1,6,0,7,1,4,4,7
64694,4,5,8,9,3,4,3,0,8,7,3
64695,0,4,7,0,2,7,4,1,4,8,0
64696,7,1,0,3,4,6,1,5,7,3,4
64697,0,4,5,0,2,9,4,1,4,8,2
64698,4,5,8,9,3,4,3,0,8,7,3
64699,1,7,6,2,0,8,0,9,5,6,5
64700,0,8,3,0,2,0,4,1,4,8,0
64701,5,8,3,1,6,0,7,1,4,4,7
64702,4,5,8,9,3,4,3,0,8,7,3
64703,7,1,0,3,4,6,1,5,7,3,4
64704,4,7,8,2,3,4,3,3,8,7,3
64705,6,9,2,7,1,5,9,2,3,2,9
64706,8,2,7,5,9,7,8,4,6,9,8
64707,2,3,4,6,8,2,6,8,9,5,6
64708,1,7,6,2,0,8,0,9,5,6,5
64709,6,5,2,7,1,5,9,2,3,2,9
64710,7,1,0,7,4,6,1,5,7,3,4
64711,2,3,4,6,8,2,6,8,9,5,6
64712,8,2,7,5,9,7,8,4,6,9,8
64713,6,5,2,7,1,5,9,2,3,2,9
64714,7,1,0,3,4,6,1,5,7,3,4
64715,0,8,3,1,6,0,7,1,4,4,2
64716,6,5,2,7,1,5,9,2,3,2,9
64717,9,9,9,2,7,1,5,7,2,0,5
64718,3,6,1,8,5,3,2,6,0,1,1
64719,1,7,6,2,0,8,0,9,5,6,5
64720,7,1,0,3,4,6,1,5,7,3,4
64721,5,8,3,1,6,0,7,1,4,4,7
64722,1,7,6,2,0,8,0,9,5,6,5
64723,5,8,3,1,6,0,7,1,4,4,7
64724,3,0,1,4,5,3,2,6,1,1,1
64725,6,5,2,7,1,5,9,2,3,2,9
64726,1,3,6,6,0,8,0,8,9,6,5
64727,1,7,3,0,0,0,0,9,4,6,0
64728,0,2,7,5,2,7,4,3,6,8,8
64729,1,7,6,2,0,8,0,9,5,6,5
64730,5,8,3,1,6,0,7,1,4,4,2
64731,2,3,5,6,8,9,6,8,9,5,6
64732,9,9,9,2,7,1,5,7,2,0,5
64733,9,9,9,2,7,1,5,7,2,0,5
64734,6,3,2,7,1,5,9,2,3,2,9
64735,0,8,3,1,6,0,4,1,4,4,0
64736,8,2,5,5,9,9,8,4,6,9,2
64737,7,1,0,3,4,6,1,8,7,3,4
64738,4,4,7,9,3,7,3,9,8,7,0
64739,5,5,8,4,3,4,2,3,8,7,7
64740,2,4,4,0,8,2,6,3,5,5,6
64741,3,6,1,8,5,3,2,6,0,1,1
64742,0,4,3,0,2,0,4,1,4,8,0
64743,7,1,0,3,4,6,1,5,7,3,4
64744,2,3,4,6,8,2,6,8,9,5,6
64745,0,4,3,0,2,0,4,1,4,8,0
64746,0,4,3,0,2,0,4,1,4,8,0
64747,8,2,5,5,9,9,8,4,6,9,2
64748,8,2,5,5,9,9,8,8,6,9,8
64749,2,3,4,6,8,2,6,8,9,5,6
64750,7,1,0,3,4,6,1,5,7,3,4
64751,4,7,8,9,3,4,3,9,8,7,3
64752,0,4,7,0,2,7,4,1,4,8,0
64753,2,3,4,6,8,2,6,8,9,5,5
64754,1,7,6,2,0,8,0,9,5,6,5
64755,1,7,6,2,0,8,0,9,5,6,5
64756,2,3,4,6,8,2,6,8,9,5,6
64757,3,6,1,8,5,3,2,6,0,1,1
64758,7,1,0,3,4,6,1,5,7,3,4
64759,1,7,6,2,0,8,0,9,5,6,5
64760,0,4,5,0,2,9,4,1,4,8,2
64761,9,9,9,2,7,1,5,7,2,0,5
64762,2,3,4,6,8,2,6,8,9,5,6
64763,2,0,4,4,8,2,6,3,1,5,6
64764,1,7,6,2,0,8,0,9,5,6,5
64765,5,5,8,1,6,4,7,0,8,4,7
64766,7,1,0,3,4,6,1,5,7,3,4
64767,0,4,5,0,2,9,4,1,4,8,2
64768,5,8,3,1,6,0,7,1,4,4,7
64769,0,8,3,1,6,0,4,1,4,4,0
64770,7,1,0,3,4,6,1,5,7,3,4
64771,2,3,4,6,8,2,6,8,9,5,6
64772,0,4,7,0,2,7,4,1,4,8,0
64773,8,2,5,5,9,9,8,4,6,9,2
64774,1,7,6,2,0,8,0,9,5,6,5
64775,6,5,2,7,1,5,9,2,3,2,9
64776,3,6,1,8,5,3,2,6,0,1,1
64777,1,7,6,2,0,8,0,9,5,6,5
64778,1,7,6,2,0,8,0,9,5,6,5
64779,5,5,8,9,3,4,7,0,8,7,7
64780,3,6,1,8,5,3,2,6,0,1,1
64781,8,2,5,5,9,9,8,4,6,9,2
64782,7,1,0,3,4,6,1,5,7,3,4
64783,0,4,3,0,2,0,4,1,4,8,0
64784,0,4,5,0,2,9,4,4,6,8,2
64785,0,3,4,6,2,2,4,8,9,8,0
64786,8,2,7,5,9,7,8,4,6,9,8
64787,4,5,8,9,3,4,3,0,8,7,3
64788,2,0,4,4,8,2,6,3,1,5,6
64789,7,1,0,3,4,6,1,5,7,3,4
64790,4,5,8,9,3,4,3,3,8,7,3
64791,5,8,3,1,6,0,7,1,4,4,0
64792,7,1,0,3,4,6,1,5,7,3,4
64793,8,2,5,5,9,9,8,4,6,9,8
64794,0,4,3,0,2,0,4,1,4,8,0
64795,0,4,7,0,2,7,4,1,4,8,0
64796,1,7,6,2,0,8,0,9,5,6,5
64797,2,3,4,6,8,2,6,8,9,5,0
64798,4,5,8,9,3,4,3,3,8,7,3
64799,0,8,3,1,6,0,4,1,4,4,0
64800,8,4,5,5,9,9,8,4,6,9,2
64801,9,9,9,2,7,1,5,7,2,0,5
64802,7,1,0,3,4,6,1,5,7,3,4
64803,0,4,7,0,2,7,4,4,6,8,0
64804,3,6,1,8,5,3,2,6,0,1,1
64805,1,7,6,2,0,8,0,9,5,6,5
64806,1,7,6,2,0,8,0,9,5,6,5
64807,7,1,0,3,8,2,1,3,7,5,6
64808,7,1,0,3,4,6,1,5,7,3,4
64809,8,2,7,5,9,7,8,4,9,9,8
64810,8,2,7,5,9,7,8,4,6,9,8
64811,0,4,5,0,2,9,4,1,4,8,2
64812,1,7,6,2,0,8,0,9,5,6,5
64813,8,2,7,5,9,7,8,4,6,9,8
64814,5,8,3,1,6,0,7,1,4,4,7
64815,8,4,5,5,9,9,8,4,6,9,2
64816,4,5,8,9,3,4,3,0,8,7,3
64817,7,1,0,3,4,6,1,5,7,3,4
64818,7,1,0,3,4,6,1,5,7,3,4
64819,2,0,4,4,8,2,6,3,1,5,6
64820,7,1,0,3,4,6,1,5,7,3,4
64821,0,4,3,0,2,0,4,1,4,8,2
64822,2,3,4,6,8,2,6,8,9,5,6
64823,4,8,8,9,3,4,3,0,8,7,3
64824,2,0,4,6,8,2,6,3,9,5,6
64825,0,4,3,0,2,0,4,1,4,8,0
64826,5,8,3,1,6,0,7,1,4,4,7
64827,0,4,7,0,2,7,4,1,4,8,0
64828,7,1,0,3,4,6,1,5,7,3,4
64829,7,1,0,3,4,6,1,5,7,3,4
64830,0,4,3,0,2,0,4,1,4,8,0
64831,5,1,8,9,3,4,3,0,8,7,7
64832,4,5,8,9,3,4,3,3,8,7,3
64833,7,1,0,3,4,6,1,5,7,3,4
64834,5,6,1,8,6,3,7,6,0,4,7
64835,0,4,3,0,2,0,4,1,4,8,0
64836,7,1,0,3,4,6,1,5,7,3,4
64837,9,9,9,2,7,1,5,7,2,0,5
64838,2,3,4,6,8,2,6,3,9,5,6
64839,2,3,4,6,8,2,6,8,9,5,6
64840,0,4,3,0,2,0,4,1,4,8,0
64841,7,1,0,3,4,6,1,5,7,3,4
64842,5,8,3,1,6,0,7,1,4,4,7
64843,0,4,7,0,2,7,4,1,4,8,0
64844,7,1,0,3,4,6,1,5,7,3,4
64845,7,3,0,6,4,6,1,8,9,3,4
64846,5,8,3,1,6,0,7,1,4,4,0
64847,1,7,6,2,0,8,0,9,5,6,5
64848,6,1,2,7,1,5,9,2,3,2,9
64849,2,3,4,6,8,2,6,8,9,5,5
64850,2,3,4,6,8,2,6,8,9,5,6
64851,4,5,8,9,3,4,3,0,8,7,3
64852,7,1,0,3,4,6,1,5,7,3,4
64853,1,7,6,2,0,8,0,9,5,6,5
64854,7,1,0,3,4,6,1,5,7,3,4
64855,8,2,5,5,9,9,8,4,6,9,8
64856,0,4,3,0,2,0,4,1,4,8,0
64857,7,1,0,3,4,6,1,5,7,3,4
64858,1,7,6,2,0,8,0,9,5,6,5
64859,1,7,6,2,0,8,0,9,5,6,5
64860,8,2,7,5,9,7,8,4,6,9,8
64861,8,2,5,5,9,9,8,4,6,9,5
64862,3,6,1,8,5,3,2,6,0,1,1
64863,0,4,3,0,2,0,4,1,4,8,0
64864,1,7,6,2,0,8,0,9,5,6,5
64865,8,2,5,5,9,9,8,4,6,9,2
64866,5,8,3,1,6,0,7,1,4,4,0
64867,7,1,0,3,4,6,1,5,7,3,4
64868,8,2,9,5,9,1,8,4,2,9,8
64869,1,7,6,2,0,8,0,9,5,6,5
64870,6,5,2,7,1,5,9,2,3,2,9
64871,1,7,6,2,0,8,0,9,5,6,5
64872,9,9,9,2,7,1,5,7,2,0,5
64873,7,1,0,3,4,6,1,5,7,3,4
64874,5,5,8,1,6,4,7,0,8,4,7
64875,4,5,8,9,3,4,3,0,8,7,3
64876,4,5,8,9,3,4,3,0,8,7,3
64877,1,7,6,2,0,8,0,9,5,6,5
64878,6,5,2,7,1,5,9,2,3,2,9
64879,4,5,8,9,3,4,3,0,8,7,0
64880,3,6,1,8,5,3,2,6,0,1,1
64881,8,2,5,5,9,9,8,4,6,9,8
64882,4,6,8,8,3,4,3,0,0,7,3
64883,4,5,8,9,3,4,3,0,8,7,3
64884,0,4,3,0,2,7,4,1,4,8,0
64885,2,3,4,6,8,2,6,8,9,5,6
64886,9,9,9,2,7,1,5,7,2,0,5
64887,7,1,0,3,4,6,1,5,7,3,4
64888,5,1,0,3,4,6,1,5,7,3,7
64889,6,9,2,7,1,5,9,2,3,2,9
64890,4,5,8,9,3,4,3,0,8,7,3
64891,3,6,1,8,5,3,2,6,0,1,1
64892,2,3,4,6,8,2,6,8,9,5,6
64893,0,4,3,0,2,0,4,1,4,8,0
64894,7,1,0,3,4,6,1,5,7,3,4
64895,2,3,4,6,8,2,6,8,9,5,6
64896,5,8,3,1,6,0,7,1,4,4,7
64897,4,5,8,9,3,4,3,3,8,7,3
64898,2,7,6,2,8,8,6,3,5,5,5
64899,6,5,2,7,1,5,9,2,3,2,9
64900,9,9,9,2,7,1,5,7,2,0,8
64901,0,4,7,0,2,7,4,4,6,8,0
64902,2,3,4,6,8,2,6,8,9,5,6
64903,1,7,6,2,0,8,0,9,5,6,5
64904,7,1,0,3,4,6,1,5,7,3,4
64905,6,9,2,7,1,5,9,2,3,2,9
64906,5,8,3,1,6,0,7,1,4,4,7
64907,7,1,0,3,4,6,1,5,7,3,4
64908,4,5,8,9,3,4,3,0,8,7,3
64909,1,7,6,2,0,8,0,9,5,6,5
64910,0,4,7,0,2,7,4,1,4,8,0
64911,0,4,7,0,2,7,4,1,4,8,0
64912,0,4,3,0,2,0,4,1,4,8,0
64913,0,4,5,0,2,9,4,1,4,8,2
64914,5,5,2,8,1,5,9,0,3,2,7
64915,5,8,3,1,6,0,7,1,4,4,7
64916,0,4,3,0,2,0,4,1,4,8,0
64917,9,9,9,2,7,1,5,7,2,0,5
64918,0,4,7,0,2,7,4,1,4,8,0
64919,0,4,3,0,2,0,4,1,4,8,0
64920,6,5,2,7,1,5,9,2,3,2,9
64921,9,9,9,2,7,1,5,7,2,0,8
64922,7,1,0,3,4,6,1,5,7,3,4
64923,3,6,1,8,5,3,2,6,0,1,1
64924,1,7,6,2,0,8,0,9,5,6,5
64925,7,1,0,3,4,6,1,5,7,3,4
64926,4,5,8,9,3,4,3,0,8,7,3
64927,1,7,6,2,0,8,0,9,5,6,5
64928,1,7,6,2,0,8,0,9,5,6,5
64929,0,4,7,0,2,7,4,1,4,8,0
64930,1,7,6,2,0,8,0,9,5,6,5
64931,1,7,6,2,0,8,0,9,5,6,5
64932,9,9,9,2,7,1,5,7,2,0,5
64933,0,3,3,6,2,0,4,8,9,8,0
64934,4,5,8,9,3,4,3,0,8,7,3
64935,3,0,1,4,5,3,2,6,1,1,1
64936,8,2,5,5,9,9,8,4,6,9,8
64937,3,6,1,8,5,3,2,6,0,1,1
64938,0,4,3,0,2,0,4,1,4,8,2
64939,1,1,6,3,0,8,0,9,5,6,5
64940,7,1,0,3,4,6,1,5,7,3,4
64941,6,5,2,7,1,5,9,3,3,2,9
64942,7,1,0,3,4,6,1,5,7,3,4
64943,9,9,5,2,7,9,5,1,2,0,5
64944,6,5,2,7,1,5,9,2,3,2,9
64945,0,8,3,1,2,0,4,1,4,8,0
64946,8,2,7,5,9,7,8,4,6,9,8
64947,0,4,7,0,2,7,4,1,4,8,0
64948,1,7,6,2,0,8,0,9,5,6,0
64949,1,7,6,2,0,8,0,9,5,6,5
64950,7,1,0,3,4,6,1,5,7,3,4
64951,9,9,9,2,7,1,5,7,2,0,5
64952,2,3,4,6,8,2,6,3,9,5,6
64953,1,7,6,2,0,8,0,9,5,6,5
64954,7,1,0,3,4,6,1,8,7,3,4
64955,5,8,3,1,6,0,7,1,4,4,2
64956,5,8,3,1,6,0,7,1,4,4,0
64957,3,6,1,8,5,3,2,6,0,1,1
64958,3,0,1,4,5,3,2,6,1,1,1
64959,7,1,0,3,4,6,1,5,7,3,4
64960,2,3,4,6,8,2,6,8,9,5,6
64961,6,9,2,7,1,5,9,2,3,2,9
64962,6,5,2,7,1,5,9,2,3,2,9
64963,8,2,7,5,9,7,8,4,6,9,8
64964,9,9,9,2,7,1,5,7,2,0,5
64965,6,1,2,7,1,5,9,2,3,2,9
64966,1,7,6,2,0,8,0,9,5,6,5
64967,5,8,3,1,6,0,7,1,4,4,0
64968,5,8,3,1,6,0,7,1,4,4,7
64969,1,7,6,2,0,8,0,9,5,6,5
64970,0,4,5,0,2,9,4,4,6,8,2
64971,7,1,0,3,4,6,1,5,7,3,4
64972,1,7,6,2,0,8,0,9,5,6,5
64973,7,1,0,3,4,6,1,5,7,3,4
64974,5,8,3,1,6,0,7,1,4,4,7
64975,0,4,7,0,2,7,4,1,4,8,0
64976,5,8,3,1,6,0,7,1,4,4,7
64977,1,7,6,2,0,8,0,9,5,6,5
64978,0,4,5,0,2,9,4,4,6,8,2
64979,7,1,0,3,4,6,1,5,7,3,4
64980,4,5,8,9,3,4,3,0,8,7,3
64981,7,1,0,3,4,6,1,5,7,3,4
64982,7,1,0,3,4,6,1,8,7,3,4
64983,7,1,0,3,4,6,1,5,7,3,4
64984,1,7,6,2,0,8,0,9,5,6,5
64985,5,5,8,9,6,4,7,9,8,4,7
64986,7,1,0,3,4,6,1,5,7,3,4
64987,0,4,3,0,2,0,4,3,4,8,0
64988,0,4,3,0,2,0,4,1,4,8,0
64989,0,4,3,0,2,0,4,1,4,8,0
64990,1,7,6,2,0,8,0,9,5,6,5
64991,0,4,5,0,2,9,4,4,6,8,2
64992,3,6,1,8,5,3,2,6,0,1,1
64993,0,4,5,0,2,9,4,1,4,8,2
64994,0,4,3,0,2,0,4,1,4,8,2
64995,1,7,6,2,0,8,0,9,5,6,5
64996,7,1,0,3,4,6,1,5,7,3,4
64997,6,9,2,7,1,5,9,3,3,2,9
64998,0,4,6,0,2,8,4,9,5,8,0
64999,3,6,1,8,5,3,2,6,0,1,1
65000,7,1,0,3,4,6,1,5,7,3,4
65001,0,4,7,0,2,7,4,1,4,8,0
65002,0,4,7,0,2,7,4,4,6,8,0
65003,2,3,4,6,8,2,6,8,9,5,6
65004,5,8,7,1,6,7,7,1,4,4,7
65005,9,9,9,2,7,1,5,7,2,0,5
65006,3,0,1,4,5,3,2,3,1,1,1
65007,4,5,8,9,3,4,3,0,8,7,3
65008,3,0,1,4,5,3,2,3,1,1,1
65009,8,2,7,5,9,7,8,4,6,9,8
65010,4,5,8,9,3,4,3,3,8,7,3
65011,9,9,9,2,7,1,5,7,2,0,8
65012,4,5,8,9,3,4,3,0,8,7,3
65013,9,9,9,2,7,1,5,7,2,0,5
65014,9,9,9,2,7,1,5,7,2,0,5
65015,0,4,3,0,2,0,4,1,4,8,0
65016,2,3,4,6,8,2,6,8,9,5,6
65017,5,8,3,1,6,0,7,1,4,4,0
65018,6,5,2,7,1,5,9,2,3,2,9
65019,7,1,0,3,4,6,1,5,7,3,4
65020,2,3,4,6,8,2,6,3,9,5,6
65021,2,3,4,6,8,2,6,3,9,5,6
65022,0,4,7,0,2,7,4,1,4,8,0
65023,8,2,7,5,9,7,8,4,6,9,8
65024,6,5,2,7,1,5,9,2,3,2,9
65025,9,9,9,2,7,1,5,7,2,0,5
65026,8,4,7,0,2,7,8,4,6,8,0
65027,8,2,7,5,9,7,8,4,6,9,8
65028,7,1,0,3,4,6,1,5,7,3,4
65029,0,4,7,0,2,7,4,4,6,8,0
65030,4,5,8,9,3,4,3,3,8,7,3
65031,3,0,1,4,5,3,2,6,1,1,1
65032,8,2,7,5,9,7,8,4,6,9,8
65033,3,0,1,4,5,3,2,3,1,1,1
65034,4,5,8,9,3,4,3,0,8,7,3
65035,3,0,1,4,5,3,2,6,1,1,1
65036,9,9,9,2,7,1,5,7,2,0,5
65037,6,5,2,7,1,5,9,2,3,2,9
65038,6,5,2,7,1,5,9,3,3,2,9
65039,8,2,7,5,9,7,8,4,6,9,8
65040,8,2,5,5,9,9,8,4,6,9,8
65041,2,3,4,6,8,2,6,8,9,5,6
65042,0,4,5,0,2,9,4,4,6,8,2
65043,3,6,1,8,5,3,2,6,0,1,1
65044,9,9,9,2,7,1,5,7,2,0,5
65045,6,5,2,7,1,5,9,2,3,2,9
65046,6,0,2,7,1,5,9,2,3,2,9
65047,8,2,7,5,9,7,8,4,6,9,8
65048,8,2,9,5,9,1,8,7,2,9,8
65049,2,3,4,6,8,2,6,8,9,5,6
65050,8,2,7,5,9,7,8,4,6,9,8
65051,3,0,1,4,5,3,2,6,1,1,1
65052,9,9,9,2,7,1,5,7,2,0,5
65053,6,5,2,7,1,5,9,2,3,2,9
65054,2,0,4,6,8,2,6,8,1,5,6
65055,8,2,7,5,9,7,8,3,6,9,8
65056,9,9,9,2,7,1,5,7,2,0,5
65057,4,5,8,9,3,4,3,0,8,7,3
65058,8,2,5,5,9,9,8,4,6,9,8
65059,2,3,4,6,8,2,6,8,9,5,6
65060,8,2,7,5,9,7,8,4,6,9,8
65061,2,3,4,6,8,2,6,8,9,5,6
65062,2,3,4,6,8,2,6,8,9,5,6
65063,9,9,9,2,7,1,5,7,2,0,8
65064,8,2,5,5,9,9,8,4,6,9,8
65065,9,3,9,2,7,1,5,7,2,0,5
65066,4,5,8,9,3,4,3,0,8,7,3
65067,6,5,2,7,1,5,9,2,3,2,9
65068,9,9,9,2,7,1,5,7,2,0,5
65069,3,0,1,4,5,3,2,6,1,1,1
65070,8,2,7,5,9,7,8,4,6,9,8
65071,8,2,5,5,9,9,8,4,6,9,2
65072,9,9,9,2,7,1,5,7,2,0,5
65073,0,4,7,0,2,7,4,4,6,8,0
65074,2,3,4,6,8,2,6,8,9,5,6
65075,9,3,9,6,7,1,5,7,2,0,5
65076,8,2,7,5,9,7,8,4,6,9,8
65077,8,2,5,5,9,9,8,4,6,9,8
65078,6,3,2,7,1,5,9,3,3,2,9
65079,3,0,1,4,5,3,2,6,1,1,1
65080,0,4,7,0,2,7,4,4,6,8,0
65081,9,9,9,2,7,1,5,7,2,0,5
65082,8,2,7,5,9,7,8,4,6,9,8
65083,9,9,9,2,7,1,5,7,2,0,5
65084,8,2,7,5,9,7,8,4,6,9,8
65085,4,0,8,9,3,4,3,0,8,7,3
65086,6,5,2,7,1,5,9,2,3,2,9
65087,3,0,1,4,5,3,2,6,1,1,1
65088,4,0,8,4,3,4,3,0,1,7,3
65089,6,5,2,7,1,5,9,2,3,2,9
65090,9,9,9,2,7,1,5,7,2,0,5
65091,9,9,9,2,7,1,5,7,2,0,5
65092,9,9,9,2,7,1,5,7,2,0,5
65093,9,9,9,2,7,1,5,7,2,0,5
65094,8,2,5,5,9,9,8,4,6,9,8
65095,6,5,2,7,1,5,9,2,3,2,9
65096,8,2,7,5,9,7,8,4,6,9,8
65097,0,4,5,0,2,9,4,4,6,8,2
65098,2,3,4,6,8,2,6,3,9,5,6
65099,6,3,2,7,1,5,9,2,3,2,9
65100,8,2,7,5,9,7,8,4,6,9,8
65101,8,2,7,5,9,7,8,4,6,9,8
65102,9,2,9,5,8,1,5,3,2,5,8
65103,2,3,4,6,8,2,6,8,9,5,6
65104,8,2,7,5,9,7,8,4,6,9,8
65105,6,5,2,7,1,5,9,2,3,2,9
65106,8,2,7,5,9,7,8,4,6,9,8
65107,8,2,5,5,9,9,8,4,6,9,8
65108,3,0,1,4,5,3,2,6,1,1,1
65109,3,0,1,4,5,3,2,6,1,1,1
65110,8,2,5,5,9,9,8,4,6,9,8
65111,9,7,6,2,7,8,5,3,2,0,5
65112,9,9,9,2,7,1,5,7,2,0,5
65113,9,9,9,2,7,1,5,7,2,0,5
65114,8,2,5,5,9,9,8,4,6,9,2
65115,4,5,8,9,3,4,3,0,8,7,3
65116,4,5,8,9,3,4,3,0,8,7,3
65117,4,5,8,9,3,4,3,0,8,7,3
65118,2,3,4,6,8,2,6,8,9,5,6
65119,6,5,2,7,1,5,9,2,3,2,9
65120,6,5,2,7,1,5,9,2,3,2,9
65121,8,2,7,5,9,7,8,4,6,9,8
65122,8,2,5,5,9,9,8,4,6,9,8
65123,8,2,7,5,9,7,8,4,6,9,8
65124,3,0,1,4,5,3,2,6,1,1,1
65125,6,5,2,7,1,5,9,2,3,2,9
65126,8,2,7,5,9,7,8,4,6,9,8
65127,6,5,2,7,1,5,9,2,3,2,9
65128,9,9,9,2,7,1,5,7,2,0,5
65129,2,3,4,6,8,2,6,8,9,5,6
65130,8,2,7,5,9,7,8,4,6,9,8
65131,4,5,8,9,3,4,3,3,8,7,3
65132,9,9,9,2,7,1,5,7,2,0,5
65133,3,0,1,4,5,3,2,6,1,1,1
65134,9,9,9,2,7,1,5,3,2,0,8
65135,8,2,7,5,9,7,8,4,6,9,8
65136,4,5,8,9,3,4,3,0,8,7,3
65137,8,4,7,5,9,7,8,4,6,9,0
65138,2,3,4,6,8,2,6,8,9,5,6
65139,3,0,1,4,5,3,2,6,1,1,1
65140,6,5,2,7,1,5,9,3,3,2,9
65141,3,0,1,4,5,3,2,6,1,1,1
65142,2,3,4,6,8,2,6,8,9,5,6
65143,6,5,2,7,1,5,9,2,3,2,9
65144,8,2,7,5,9,7,8,4,6,9,8
65145,4,5,8,9,3,4,3,0,8,7,3
65146,2,3,4,6,8,2,6,3,9,5,6
65147,3,0,1,4,5,3,2,6,1,1,1
65148,9,9,9,2,7,1,5,7,2,0,5
65149,6,9,2,7,1,5,9,2,3,2,9
65150,7,1,0,3,4,6,1,5,7,3,4
65151,5,8,3,1,6,0,7,1,4,4,7
65152,7,1,0,3,4,6,1,5,7,3,4
65153,4,5,8,9,3,4,3,0,8,7,7
65154,8,2,5,5,9,9,8,4,6,9,8
65155,3,0,1,4,5,3,2,3,1,1,1
65156,1,7,6,2,0,8,0,9,5,6,5
65157,7,1,0,3,4,6,1,5,7,3,4
65158,7,1,0,3,4,6,1,5,7,3,4
65159,0,4,7,0,2,7,4,4,6,8,0
65160,2,3,4,6,8,2,6,8,9,5,6
65161,5,5,8,9,3,4,3,0,8,7,7
65162,8,4,5,0,9,9,8,4,6,9,2
65163,2,3,4,6,8,2,6,8,9,5,6
65164,8,2,7,5,9,7,8,4,6,9,8
65165,9,9,9,2,7,1,5,3,2,0,5
65166,9,9,9,2,7,1,5,7,2,0,5
65167,6,5,2,7,1,5,9,2,3,2,9
65168,2,3,4,6,8,2,6,8,9,5,6
65169,0,8,3,1,6,0,4,1,4,4,0
65170,2,3,4,6,8,2,6,3,9,5,6
65171,4,5,8,9,3,4,3,0,8,7,3
65172,8,2,5,5,9,9,8,4,6,9,2
65173,2,3,4,6,8,2,6,8,9,5,6
65174,2,2,7,6,8,7,6,4,6,5,8
65175,0,4,3,0,2,0,4,1,4,8,0
65176,0,4,7,0,2,7,4,4,6,8,0
65177,0,4,5,0,2,9,4,4,6,8,2
65178,0,4,3,0,2,0,4,1,4,8,0
65179,0,4,5,0,2,9,4,1,4,8,2
65180,0,4,5,0,2,9,4,4,6,8,2
65181,2,3,4,6,8,2,6,8,9,5,6
65182,0,4,7,0,2,7,4,4,6,8,0
65183,0,4,7,0,2,7,4,8,6,8,0
65184,2,3,4,6,8,2,6,8,9,5,6
65185,7,1,0,3,4,6,1,5,7,3,4
65186,1,7,6,2,0,8,0,7,5,6,5
65187,7,1,0,3,4,6,1,5,7,3,4
65188,2,3,4,6,8,2,6,8,9,5,6
65189,6,3,2,7,1,5,9,2,3,2,9
65190,8,2,5,5,9,9,8,4,6,9,8
65191,5,8,3,1,6,0,7,1,4,4,7
65192,9,9,9,2,7,1,5,7,2,0,5
65193,9,9,9,2,7,1,5,7,2,0,5
65194,8,2,7,5,9,7,8,3,6,9,8
65195,5,8,3,1,6,0,7,1,4,4,7
65196,2,3,4,6,8,2,6,8,9,5,6
65197,2,3,4,6,8,2,6,8,9,5,6
65198,2,3,4,6,8,2,6,8,9,5,6
65199,4,5,8,9,3,4,3,0,8,7,3
65200,0,4,3,0,2,0,4,1,4,8,0
65201,5,8,3,1,6,0,7,1,4,4,7
65202,5,8,3,1,6,0,7,1,4,4,7
65203,1,7,6,2,0,8,0,9,5,6,5
65204,2,3,4,6,8,2,6,8,9,5,5
65205,8,2,5,5,9,9,8,4,6,9,8
65206,7,1,0,3,4,6,1,5,7,3,4
65207,2,3,4,6,8,2,6,3,9,5,6
65208,9,9,9,2,7,1,5,7,2,0,5
65209,4,5,8,9,3,4,3,0,8,7,3
65210,0,8,3,0,2,0,4,1,4,8,0
65211,1,7,6,2,0,8,0,9,5,6,5
65212,2,3,4,6,8,2,6,8,9,5,6
65213,4,5,8,9,3,4,3,0,8,7,3
65214,7,3,0,6,4,6,1,8,9,3,6
65215,7,1,0,3,4,6,1,5,7,3,4
65216,6,5,2,7,1,5,9,2,3,2,9
65217,9,9,9,3,7,1,5,7,2,0,4
65218,4,5,8,9,3,4,3,0,8,7,7
65219,8,2,7,5,9,7,8,4,6,9,0
65220,0,4,3,0,2,0,4,1,4,8,0
65221,5,6,8,8,3,4,7,0,8,7,7
65222,0,4,7,0,2,7,4,1,6,8,0
65223,2,3,7,6,8,2,6,3,9,5,8
65224,2,3,4,6,8,2,6,8,9,5,6
65225,2,3,4,6,8,2,6,8,9,5,6
65226,2,3,4,6,8,2,6,8,9,5,6
65227,9,9,9,2,7,1,5,7,2,0,5
65228,4,5,8,9,3,4,3,0,8,7,3
65229,2,3,4,6,8,2,6,3,9,5,6
65230,4,5,8,9,3,4,3,0,8,7,3
65231,2,3,7,6,8,7,6,8,9,5,8
65232,9,9,9,2,7,1,5,7,2,0,5
65233,0,4,7,0,2,7,4,4,6,8,0
65234,8,4,5,5,9,9,8,4,6,9,2
65235,4,5,8,9,3,4,3,0,8,7,3
65236,2,3,4,6,8,2,6,8,9,5,6
65237,2,3,4,6,8,2,6,8,9,5,6
65238,8,2,5,5,9,9,8,4,6,9,2
65239,0,4,3,0,2,0,4,1,4,8,0
65240,8,4,5,0,2,9,4,4,6,8,2
65241,3,6,1,8,5,3,2,6,0,1,1
65242,0,4,7,0,2,7,4,4,6,8,0
65243,3,0,1,4,5,3,2,3,1,1,1
65244,3,6,1,8,5,3,2,6,0,1,1
65245,1,7,6,2,0,8,0,9,5,6,5
65246,9,9,9,2,7,1,5,7,2,0,5
65247,8,2,7,5,9,7,8,4,6,9,8
65248,2,3,4,6,8,2,6,8,9,5,6
65249,3,0,1,4,5,3,2,6,1,1,1
65250,6,5,2,7,1,5,9,2,3,2,9
65251,3,0,1,4,5,3,2,6,1,1,1
65252,9,9,9,2,7,1,5,7,2,0,5
65253,3,0,1,4,5,3,2,3,1,1,1
65254,9,9,9,2,7,1,5,7,2,0,5
65255,3,0,1,4,5,3,2,6,1,1,1
65256,5,8,3,1,6,0,7,1,4,4,7
65257,3,0,1,4,5,3,2,3,1,1,1
65258,9,9,9,2,7,1,5,7,2,0,5
65259,3,0,1,4,5,3,2,6,1,1,1
65260,8,2,7,5,9,7,8,4,6,9,8
65261,8,2,5,5,9,9,8,4,6,9,8
65262,8,2,7,5,9,7,8,4,6,9,8
65263,4,5,8,9,3,4,3,0,8,7,3
65264,6,9,2,7,1,5,9,2,3,2,9
65265,4,5,8,9,3,4,3,0,8,7,7
65266,6,9,2,7,1,5,9,2,3,2,9
65267,6,5,2,7,1,5,9,2,3,2,9
65268,8,2,7,5,9,7,8,4,6,9,8
65269,8,2,7,5,9,7,8,4,6,9,8
65270,3,0,1,4,5,3,2,6,1,1,1
65271,9,9,9,2,7,1,5,7,2,0,5
65272,6,5,2,7,1,5,9,2,3,2,9
65273,7,1,0,3,4,6,1,5,7,3,4
65274,0,4,7,0,2,7,4,1,4,8,0
65275,7,1,0,3,4,6,1,5,7,3,4
65276,4,5,8,9,3,4,3,0,8,7,3
65277,8,2,5,5,9,9,8,4,6,9,2
65278,8,2,7,5,9,7,8,4,6,9,8
65279,0,4,3,0,2,0,4,1,4,8,0
65280,3,0,1,4,5,3,2,6,1,1,1
65281,9,9,9,2,7,1,5,7,2,0,5
65282,6,5,2,7,1,5,9,2,3,2,9
65283,7,1,0,3,4,6,1,5,7,3,4
65284,5,8,7,1,6,7,7,1,4,4,7
65285,7,1,0,3,4,6,1,5,7,3,4
65286,4,5,8,9,3,4,3,0,8,7,3
65287,0,4,5,0,2,9,4,1,4,8,2
65288,8,2,7,5,9,7,8,4,6,9,8
65289,0,8,3,1,6,0,7,1,4,4,0
65290,3,0,1,4,5,3,2,6,1,1,1
65291,9,9,9,2,7,1,5,7,2,0,5
65292,6,5,2,7,1,5,9,2,3,2,9
65293,7,1,0,3,4,6,1,5,7,3,4
65294,5,8,3,1,6,0,7,1,4,4,7
65295,7,1,0,3,4,6,1,5,7,3,4
65296,4,5,8,9,3,4,3,0,8,7,3
65297,8,2,5,5,9,9,8,4,6,9,2
65298,8,2,4,5,9,2,8,3,9,9,8
65299,0,4,5,0,2,9,4,4,6,8,2
65300,2,3,4,6,8,2,6,8,9,5,6
65301,4,0,8,9,3,4,3,0,8,7,3
65302,7,1,0,3,4,6,1,5,7,3,4
65303,4,5,8,9,3,4,3,0,8,7,3
65304,4,5,8,9,3,4,3,0,8,7,3
65305,3,0,1,4,5,3,2,6,1,1,1
65306,2,3,4,6,8,2,6,8,9,5,8
65307,2,0,4,4,8,2,6,6,1,5,6
65308,6,0,2,7,1,5,9,2,3,2,9
65309,7,1,0,3,4,6,1,5,7,3,4
65310,0,4,5,0,2,9,4,4,6,8,2
65311,8,2,5,5,9,9,8,4,6,9,8
65312,8,2,7,5,9,7,8,4,6,9,8
65313,0,4,5,0,2,9,4,1,4,8,2
65314,9,9,9,2,7,1,5,7,2,0,5
65315,0,4,7,0,2,7,4,1,4,8,0
65316,9,9,9,2,7,1,5,7,2,0,5
65317,0,4,5,0,2,9,4,4,6,8,2
65318,9,9,9,2,7,1,5,7,2,0,5
65319,5,8,7,1,6,7,7,4,6,4,7
65320,3,0,1,4,5,3,2,6,1,1,1
65321,3,0,1,4,5,3,2,6,1,1,1
65322,0,4,7,0,2,7,4,4,6,8,0
65323,9,9,9,2,7,1,5,7,2,0,5
65324,8,4,5,0,2,9,4,4,6,8,2
65325,2,3,4,6,8,2,6,8,9,5,6
65326,0,4,5,0,2,9,4,4,6,8,2
65327,9,9,9,2,7,1,5,7,2,0,5
65328,7,1,0,3,4,6,1,5,7,3,4
65329,7,1,0,3,4,6,1,5,7,3,4
65330,7,1,0,3,4,6,1,5,7,3,4
65331,1,7,6,2,0,8,0,9,5,6,5
65332,4,5,8,9,3,4,3,0,8,7,3
65333,0,4,3,0,2,0,4,1,4,8,0
65334,8,2,5,5,9,9,8,4,6,9,2
65335,8,2,7,5,9,7,8,4,6,9,8
65336,7,1,0,3,4,6,1,5,7,3,4
65337,3,6,1,8,5,3,2,6,0,1,1
65338,6,5,2,7,1,5,9,2,3,2,9
65339,7,1,0,3,4,6,1,5,7,3,4
65340,6,5,2,7,1,5,9,2,3,2,9
65341,4,5,8,9,3,4,3,0,8,7,3
65342,3,6,1,4,5,3,2,6,1,1,1
65343,2,3,4,6,8,2,6,8,9,5,6
65344,0,8,3,1,6,0,7,1,4,4,0
65345,0,4,7,0,2,7,4,1,4,8,0
65346,7,1,0,3,4,6,1,5,7,3,4
65347,7,1,0,3,4,6,1,5,7,3,4
65348,0,4,7,0,2,7,4,1,4,8,0
65349,2,3,4,6,8,2,6,8,9,5,6
65350,9,9,9,2,7,1,5,7,2,0,5
65351,2,3,4,6,8,2,6,8,9,5,6
65352,0,4,3,0,2,0,4,1,4,8,0
65353,3,0,1,4,5,3,2,6,1,1,1
65354,4,5,8,9,3,4,3,0,8,7,3
65355,0,4,7,0,2,7,4,1,4,8,0
65356,7,1,0,3,4,6,1,5,7,3,4
65357,4,5,8,9,3,4,3,3,8,7,3
65358,2,1,4,3,8,2,6,5,7,5,6
65359,2,3,4,6,8,2,6,8,9,5,6
65360,8,2,7,5,9,7,8,4,6,9,8
65361,9,9,9,2,7,1,5,7,2,0,5
65362,0,4,7,0,2,7,4,4,6,8,0
65363,8,2,5,5,9,9,8,4,6,9,2
65364,7,1,0,3,4,6,1,5,7,3,4
65365,8,4,5,0,9,9,8,4,6,9,2
65366,6,5,2,7,1,5,9,2,3,2,9
65367,6,5,2,7,1,5,9,2,3,2,9
65368,3,6,1,8,5,3,2,6,0,1,1
65369,3,6,1,8,5,3,2,6,0,1,1
65370,1,7,6,2,0,8,0,9,5,6,5
65371,0,4,5,0,2,9,4,4,6,8,2
65372,8,2,5,5,9,9,8,4,6,9,8
65373,0,8,3,1,2,0,4,1,4,8,0
65374,2,3,4,6,8,2,6,8,9,5,6
65375,0,4,7,0,2,7,4,4,6,8,0
65376,2,3,4,6,8,2,6,8,9,5,6
65377,5,8,3,1,6,0,7,1,4,4,7
65378,4,5,8,9,3,4,3,3,8,7,3
65379,8,2,7,5,9,2,8,4,6,9,8
65380,8,4,7,5,9,7,8,4,6,9,8
65381,6,5,2,7,1,5,9,2,3,2,9
65382,7,1,0,3,4,6,1,5,7,3,4
65383,4,5,8,9,3,4,3,0,8,7,3
65384,1,7,6,2,0,8,0,9,5,6,5
65385,6,5,2,7,1,5,9,2,3,2,9
65386,0,4,3,0,2,0,4,1,4,8,0
65387,2,3,4,6,8,2,6,8,9,5,6
65388,0,4,3,0,2,0,4,1,4,8,0
65389,7,1,0,3,4,6,1,5,7,3,4
65390,6,5,2,7,1,5,9,2,3,2,9
65391,4,5,8,9,3,4,3,0,8,7,3
65392,6,5,2,7,1,5,9,2,3,2,9
65393,5,8,3,1,6,0,7,1,4,4,7
65394,9,3,9,6,7,1,5,7,2,0,8
65395,8,2,7,5,9,7,8,4,6,9,8
65396,4,5,8,9,3,4,3,0,8,7,3
65397,7,1,0,3,4,6,1,5,7,3,4
65398,2,0,4,4,8,2,6,3,1,5,6
65399,9,9,9,2,7,1,5,7,2,0,5
65400,2,3,4,6,8,2,6,3,9,5,6
65401,4,1,8,9,3,4,3,0,8,7,3
65402,8,2,5,5,9,9,8,4,6,9,2
65403,2,3,4,6,8,2,6,8,9,5,6
65404,0,4,7,0,2,7,4,4,6,8,0
65405,3,0,1,4,5,3,2,6,1,1,1
65406,9,9,9,2,7,1,5,7,2,0,5
65407,6,5,2,7,1,5,9,2,3,2,9
65408,7,1,0,3,4,6,1,5,7,3,6
65409,5,5,2,7,1,5,7,0,3,2,7
65410,2,0,4,4,8,2,6,3,1,5,6
65411,4,5,8,9,3,4,3,0,8,7,3
65412,8,2,5,5,9,9,8,4,6,9,2
65413,2,3,4,6,8,2,6,8,9,5,6
65414,0,4,7,0,2,7,4,4,6,8,0
65415,3,6,1,8,5,3,2,6,0,1,1
65416,9,9,9,2,7,1,5,7,2,0,5
65417,6,5,2,7,1,5,9,2,3,2,9
65418,2,3,4,6,8,2,6,8,9,5,6
65419,8,2,7,5,9,7,8,4,6,9,8
65420,2,0,4,4,8,2,6,3,1,5,6
65421,4,5,8,9,3,4,3,0,8,7,3
65422,0,4,3,0,2,0,4,1,4,8,2
65423,2,3,4,6,8,2,6,8,9,5,6
65424,0,4,7,0,2,7,4,4,6,8,0
65425,8,4,5,5,9,9,8,4,6,9,2
65426,8,2,7,5,9,7,8,4,6,9,8
65427,6,5,2,7,1,5,9,2,3,2,9
65428,3,6,1,8,5,3,2,6,0,1,1
65429,8,2,7,5,9,7,8,4,6,9,8
65430,3,6,1,8,5,3,2,6,0,1,1
65431,9,9,9,2,7,1,5,7,2,0,5
65432,2,0,4,4,8,2,6,3,1,5,6
65433,2,3,4,6,8,2,6,8,9,5,6
65434,7,1,0,2,4,6,1,8,9,3,5
65435,7,0,0,4,4,6,1,5,1,3,4
65436,6,5,2,7,1,5,9,2,3,2,9
65437,8,2,5,5,9,9,8,4,6,9,2
65438,2,3,4,6,8,2,6,8,9,5,6
65439,8,2,7,5,9,7,8,4,6,9,8
65440,8,2,7,5,9,7,8,4,6,9,8
65441,4,5,8,9,3,4,3,0,8,7,7
65442,9,9,9,2,7,1,5,7,2,0,5
65443,3,6,1,8,5,3,2,6,0,1,1
65444,9,9,7,5,7,7,5,7,2,0,8
65445,2,0,4,4,8,2,6,3,1,5,6
65446,2,3,4,6,8,2,6,8,9,5,6
65447,0,4,7,0,2,7,4,4,6,8,0
65448,8,2,7,5,9,7,8,4,6,9,8
65449,6,3,2,7,1,5,9,2,3,2,9
65450,3,6,1,8,5,3,2,6,0,1,1
65451,2,3,4,6,8,2,6,8,9,5,6
65452,3,6,1,8,5,3,2,6,0,1,1
65453,1,7,6,2,0,8,0,7,5,6,5
65454,2,3,4,6,8,2,6,8,9,5,6
65455,6,5,2,7,1,5,9,2,3,2,9
65456,0,4,3,0,2,0,4,1,4,8,0
65457,9,9,9,2,7,1,5,7,2,0,5
65458,5,5,8,7,1,4,9,0,8,2,7
65459,3,6,1,8,5,3,2,6,0,1,1
65460,9,9,9,2,7,1,5,7,2,0,5
65461,9,9,9,2,7,1,5,7,2,0,5
65462,2,3,4,6,8,2,6,8,9,5,6
65463,3,0,1,4,5,3,2,6,1,1,1
65464,5,8,7,1,6,7,7,4,6,4,7
65465,0,4,5,0,2,9,4,1,4,8,2
65466,0,4,5,0,2,9,4,4,6,8,2
65467,4,5,8,9,3,4,3,0,8,7,3
65468,2,3,4,6,8,2,6,3,9,5,6
65469,4,6,8,8,3,4,3,0,0,7,3
65470,3,6,1,8,5,3,2,6,0,1,1
65471,8,2,5,5,9,9,8,4,6,9,8
65472,2,3,4,6,8,2,6,8,9,5,6
65473,2,1,4,3,8,2,6,5,7,5,6
65474,5,8,7,1,6,7,7,1,4,4,7
65475,6,5,2,7,1,5,9,2,3,2,9
65476,5,2,7,5,9,7,8,4,6,9,7
65477,9,9,9,2,7,1,5,7,2,0,5
65478,2,3,4,6,8,2,6,8,9,5,6
65479,7,1,0,3,4,6,1,5,7,3,4
65480,2,3,4,6,8,2,6,3,9,5,6
65481,4,5,8,9,3,4,3,0,8,7,3
65482,8,4,5,0,2,9,4,4,6,8,2
65483,3,0,1,4,5,3,2,6,1,1,1
65484,4,5,8,9,3,4,3,0,8,7,3
65485,0,4,5,0,2,9,4,4,6,8,2
65486,9,9,9,2,7,1,5,7,2,0,5
65487,6,5,2,7,1,5,9,2,3,2,9
65488,7,1,0,3,4,6,1,5,7,3,4
65489,2,3,4,6,8,2,6,8,9,5,6
65490,9,9,9,2,7,1,5,7,2,0,5
65491,8,4,7,0,2,7,4,4,6,8,0
65492,2,3,4,6,8,2,6,8,9,5,6
65493,2,3,4,6,8,2,6,8,9,5,6
65494,6,5,2,7,1,5,9,2,3,2,9
65495,7,1,5,3,4,6,1,8,6,3,4
65496,8,2,5,5,9,9,8,4,6,9,8
65497,4,5,8,9,3,4,3,0,8,7,3
65498,8,2,5,5,9,9,8,4,6,9,2
65499,9,9,9,2,7,1,5,7,2,0,5
65500,5,2,7,5,6,7,7,4,4,4,8
65501,4,5,8,9,3,4,3,0,8,7,3
65502,6,5,2,7,1,5,9,2,3,2,9
65503,8,4,5,5,9,9,8,4,6,9,2
65504,2,0,4,4,8,2,6,3,1,5,6
65505,7,1,0,3,4,6,1,5,7,3,4
65506,1,7,6,2,0,8,0,9,5,6,5
65507,1,7,6,2,0,8,0,9,5,6,5
65508,7,1,0,3,4,6,1,5,7,3,4
65509,5,8,3,1,6,0,7,1,4,4,0
65510,7,1,0,3,4,6,1,5,7,3,4
65511,4,5,8,9,3,4,3,0,8,7,3
65512,0,4,5,0,2,9,4,1,4,8,2
65513,3,6,1,8,5,3,2,6,0,1,1
65514,1,7,6,2,0,8,0,9,5,6,5
65515,7,1,0,2,4,6,1,2,7,3,5
65516,7,1,0,3,4,6,1,5,7,3,4
65517,5,8,3,1,6,0,7,1,4,4,7
65518,7,1,0,3,4,6,1,5,7,3,4
65519,7,1,0,3,4,6,1,5,7,3,4
65520,1,7,6,2,0,8,0,9,5,6,5
65521,6,1,2,7,1,5,9,2,7,2,9
65522,7,1,0,3,4,6,1,5,7,3,4
65523,0,8,3,1,2,0,4,1,4,4,0
65524,1,7,6,2,0,8,0,9,5,6,5
65525,0,4,7,0,2,7,4,1,4,8,0
65526,2,3,4,6,8,2,6,8,9,5,6
65527,0,4,3,0,2,0,4,1,4,8,0
65528,7,1,0,3,4,6,1,5,7,3,4
65529,7,1,0,3,4,6,1,5,7,3,4
65530,7,1,0,3,4,6,1,5,7,3,4
65531,3,0,1,4,5,3,2,6,1,1,1
65532,0,4,5,0,2,9,4,4,6,8,2
65533,8,2,5,5,9,9,8,4,6,9,2
65534,1,7,6,2,0,8,0,9,5,6,5
65535,1,7,6,2,0,8,0,9,5,6,5
65536,7,1,0,3,4,6,1,5,7,3,4
65537,0,4,3,0,2,0,4,1,4,8,0
65538,7,1,0,3,4,6,1,5,7,3,4
65539,4,5,8,9,3,4,3,0,8,7,3
65540,0,4,5,0,2,9,4,4,6,8,2
65541,6,3,2,7,1,5,9,2,3,2,9
65542,2,3,4,6,8,2,6,8,9,5,6
65543,7,1,0,3,4,6,1,5,7,3,4
65544,1,7,6,2,0,8,0,9,5,6,5
65545,6,5,2,7,1,5,9,2,3,2,9
65546,0,4,7,0,2,7,4,1,4,8,0
65547,7,1,0,3,4,6,1,5,7,3,4
65548,7,1,0,3,4,6,1,5,7,3,4
65549,0,4,5,0,2,9,4,1,4,8,2
65550,1,7,6,2,0,8,0,9,5,6,5
65551,0,4,5,0,2,9,4,1,4,8,2
65552,1,7,6,2,0,8,0,9,5,6,5
65553,1,7,6,2,0,8,0,9,5,6,5
65554,3,6,1,8,5,3,2,6,0,1,1
65555,7,1,0,3,4,6,1,5,7,3,4
65556,0,4,7,0,2,7,4,1,8,8,0
65557,6,1,2,7,1,5,9,2,3,2,9
65558,4,5,8,9,3,4,3,0,8,7,7
65559,0,8,3,1,6,0,4,1,4,4,0
65560,0,4,5,0,2,9,4,4,6,8,2
65561,0,4,7,0,2,7,4,1,4,8,0
65562,2,3,4,6,8,2,6,8,9,5,6
65563,8,2,5,5,9,9,8,4,6,9,2
65564,8,2,7,5,9,7,8,4,6,9,8
65565,0,4,3,0,2,0,4,1,4,8,0
65566,1,7,6,2,0,8,0,9,5,6,5
65567,4,5,8,9,3,4,3,0,8,7,3
65568,4,5,8,9,3,4,3,0,8,7,3
65569,7,1,0,3,4,6,1,5,7,3,4
65570,3,0,1,4,5,3,2,5,1,1,1
65571,7,1,0,3,4,6,1,5,7,3,4
65572,7,1,0,3,4,6,1,5,7,3,4
65573,7,1,0,3,4,6,1,5,7,3,4
65574,7,1,0,3,4,6,1,5,7,3,4
65575,0,4,3,0,2,0,4,1,4,8,0
65576,8,2,5,5,9,9,8,4,6,9,2
65577,1,7,6,9,0,8,0,9,5,6,0
65578,2,3,4,6,8,2,6,8,9,5,6
65579,7,1,0,3,4,6,1,5,7,3,4
65580,0,4,3,0,2,0,4,1,4,8,0
65581,4,5,8,9,3,4,3,0,8,7,3
65582,0,8,3,1,6,0,7,1,4,4,0
65583,7,1,0,3,4,6,1,5,7,3,4
65584,3,6,1,8,5,3,2,6,0,1,1
65585,7,1,0,3,4,6,1,5,7,3,4
65586,2,3,4,6,8,2,6,8,9,5,6
65587,0,4,3,0,2,0,4,1,4,8,0
65588,1,7,6,2,0,8,0,9,5,6,5
65589,2,3,4,6,8,2,6,8,9,5,6
65590,1,7,6,2,0,8,0,9,5,6,5
65591,4,5,8,9,3,4,3,0,8,7,3
65592,3,6,1,8,5,3,2,6,0,1,1
65593,3,0,1,4,5,3,2,6,1,1,1
65594,1,7,6,2,0,8,0,9,5,6,5
65595,4,5,8,9,3,4,3,2,8,7,3
65596,7,1,0,3,4,6,1,5,7,3,4
65597,0,4,7,0,2,7,4,1,4,8,0
65598,2,3,4,6,8,2,6,8,9,5,6
65599,4,5,8,9,3,4,3,0,8,7,3
65600,0,4,7,0,2,7,4,4,6,8,0
65601,2,3,7,6,8,7,6,8,9,5,8
65602,0,4,3,0,2,0,4,1,4,8,0
65603,3,6,1,8,5,3,2,6,0,1,1
65604,1,7,6,2,0,8,0,9,5,6,5
65605,6,5,2,7,1,5,9,2,3,2,9
65606,7,1,0,3,4,6,1,5,7,3,4
65607,0,4,7,0,2,7,4,9,5,8,0
65608,1,7,6,2,0,8,0,3,5,6,5
65609,5,5,8,9,3,4,3,0,8,7,7
65610,0,8,3,1,6,0,7,1,4,4,2
65611,9,9,9,2,7,1,5,7,2,0,5
65612,0,4,3,0,2,0,4,1,4,8,0
65613,3,6,1,8,5,3,2,6,0,1,1
65614,1,7,6,2,0,8,0,9,5,6,5
65615,7,1,0,3,4,6,1,5,7,3,4
65616,7,1,0,3,4,6,1,5,7,3,4
65617,1,7,6,0,0,8,0,9,5,6,0
65618,2,3,4,6,8,2,6,8,9,5,6
65619,4,5,8,9,3,4,3,0,8,7,7
65620,0,8,3,1,6,0,4,1,4,4,0
65621,0,3,3,6,4,0,4,8,9,3,0
65622,0,4,7,0,2,7,4,1,4,8,0
65623,7,1,0,3,4,6,1,5,7,3,4
65624,2,3,4,6,8,2,6,8,9,5,6
65625,7,1,0,3,4,6,1,5,7,3,4
65626,6,1,2,7,1,5,9,2,3,2,9
65627,0,4,3,0,2,0,4,1,4,8,0
65628,7,1,0,3,4,6,1,5,7,3,4
65629,6,5,2,7,1,5,9,2,3,2,9
65630,1,7,6,2,0,8,0,9,5,6,5
65631,1,7,6,2,0,8,0,9,5,6,5
65632,2,3,4,6,8,2,6,8,9,5,6
65633,2,3,4,6,8,2,6,3,9,5,6
65634,6,1,2,7,1,5,9,2,3,2,9
65635,7,1,0,3,4,6,1,5,7,3,4
65636,6,5,2,7,1,5,9,2,3,2,9
65637,1,7,6,2,0,8,0,9,5,6,5
65638,7,1,0,3,4,6,1,5,7,3,4
65639,0,8,3,0,2,0,4,1,4,8,0
65640,0,4,3,0,2,0,4,1,4,8,2
65641,6,5,2,7,1,5,9,2,3,2,9
65642,1,7,6,2,0,8,0,9,5,6,5
65643,6,5,2,7,1,5,9,2,3,2,9
65644,0,3,7,6,2,7,4,8,9,8,0
65645,0,4,7,0,2,7,4,4,6,8,0
65646,1,7,6,2,0,8,0,9,5,6,5
65647,0,3,3,6,2,0,4,8,9,8,0
65648,2,3,4,6,8,2,6,8,9,5,0
65649,0,4,7,0,2,7,4,4,6,8,0
65650,7,1,0,3,4,6,1,8,7,3,4
65651,1,7,6,2,0,8,0,9,5,6,5
65652,3,6,1,4,5,3,2,6,1,1,1
65653,3,6,1,8,5,3,2,6,0,1,1
65654,8,4,7,0,2,7,8,4,6,8,0
65655,8,4,5,0,2,9,4,4,6,8,2
65656,2,3,4,6,8,2,6,8,9,5,6
65657,0,4,5,0,2,9,4,4,6,8,2
65658,2,2,7,2,8,2,6,3,6,5,8
65659,3,6,1,8,5,3,2,6,0,1,1
65660,4,5,8,9,3,4,3,0,8,7,3
65661,1,7,6,2,0,8,0,9,5,6,5
65662,2,0,4,4,8,2,6,5,1,5,6
65663,0,4,5,0,2,9,4,4,6,8,2
65664,1,7,7,2,0,7,0,9,5,6,5
65665,4,5,8,9,3,4,3,0,8,7,3
65666,1,7,6,2,0,8,0,9,5,6,5
65667,6,5,2,7,1,5,9,2,3,2,9
65668,2,3,3,6,8,0,6,8,9,5,6
65669,3,6,1,8,5,3,2,6,0,1,1
65670,0,4,5,0,2,9,4,1,4,8,2
65671,0,4,7,0,2,7,4,4,6,8,0
65672,0,4,3,0,2,0,4,1,4,8,0
65673,3,6,1,8,5,3,2,6,0,1,1
65674,7,1,0,3,4,6,1,5,7,3,4
65675,2,3,4,6,8,2,6,8,9,5,6
65676,0,4,3,0,6,0,7,1,4,4,5
65677,1,7,6,2,0,8,0,9,5,6,5
65678,1,7,6,2,0,8,0,9,5,6,5
65679,1,7,6,2,0,8,0,9,5,6,5
65680,7,1,0,3,4,6,1,5,7,3,4
65681,4,5,8,9,3,4,3,0,8,7,3
65682,2,3,4,6,8,2,6,8,9,5,6
65683,5,8,3,1,6,0,7,1,4,4,7
65684,3,6,1,8,5,3,2,6,0,1,1
65685,3,6,1,8,5,3,2,6,0,1,1
65686,3,6,1,8,5,3,2,6,0,1,1
65687,7,1,0,3,4,6,1,5,7,3,4
65688,0,4,3,0,2,0,4,1,4,8,0
65689,1,7,6,2,0,8,0,9,5,6,5
65690,5,5,8,1,6,4,7,0,8,4,7
65691,1,7,6,2,0,8,0,9,5,6,5
65692,6,5,2,7,1,5,9,2,3,2,9
65693,4,5,8,9,3,4,3,0,8,7,3
65694,4,5,8,9,3,4,3,0,8,7,7
65695,3,6,1,8,5,3,2,6,0,1,1
65696,0,8,3,2,2,0,4,1,4,8,0
65697,2,3,4,6,8,2,6,8,9,5,6
65698,0,4,6,0,2,8,4,9,5,8,0
65699,1,7,6,2,0,8,0,9,5,6,5
65700,7,1,0,3,4,6,1,5,7,3,4
65701,2,3,4,6,8,2,6,8,9,5,0
65702,4,5,8,9,3,4,3,0,8,7,3
65703,7,1,0,3,4,6,1,5,7,3,4
65704,5,8,3,1,6,0,7,1,4,4,7
65705,0,4,3,0,2,0,4,1,4,8,0
65706,9,9,9,2,7,1,5,3,2,0,8
65707,0,4,3,0,2,0,4,1,4,8,0
65708,7,1,0,3,4,6,1,5,7,3,4
65709,0,4,5,0,2,9,4,4,6,8,2
65710,2,3,4,6,8,2,6,8,9,5,0
65711,2,3,4,6,8,2,6,8,9,5,6
65712,4,5,8,9,3,4,3,0,8,7,3
65713,0,8,3,1,6,0,4,1,4,4,0
65714,0,4,7,0,2,7,4,1,4,8,0
65715,4,5,8,9,3,4,3,0,8,7,3
65716,6,5,2,7,1,5,9,2,3,2,9
65717,6,3,2,6,1,5,9,8,9,2,6
65718,3,6,1,8,5,3,2,6,0,1,1
65719,0,4,3,0,2,0,4,1,4,8,0
65720,1,7,6,2,0,8,0,9,5,6,5
65721,3,0,1,4,5,3,2,6,1,1,1
65722,1,7,6,2,0,8,0,9,5,6,5
65723,6,5,2,7,1,5,9,2,3,2,9
65724,7,1,0,3,4,6,1,5,7,3,4
65725,5,8,3,1,6,0,7,1,4,4,7
65726,7,1,0,3,4,6,1,5,7,3,4
65727,4,5,8,9,3,4,3,0,8,7,3
65728,0,4,5,0,2,9,4,1,4,8,2
65729,2,3,4,6,8,2,6,8,9,5,6
65730,0,4,7,0,2,7,4,4,6,8,0
65731,3,0,1,4,5,3,2,6,1,1,1
65732,1,7,6,2,0,8,0,9,5,6,5
65733,6,5,2,7,1,5,9,2,3,2,9
65734,5,8,3,1,6,0,7,1,4,4,0
65735,1,7,6,2,0,8,0,9,5,6,5
65736,4,5,8,9,3,4,3,0,8,7,3
65737,3,6,1,8,5,3,2,6,0,1,1
65738,9,9,9,2,7,1,5,7,2,0,5
65739,6,5,2,7,1,5,9,2,3,2,9
65740,7,1,0,3,4,6,1,5,7,3,4
65741,0,4,7,0,2,7,4,1,4,8,0
65742,2,1,4,6,8,2,6,5,9,5,6
65743,4,5,8,9,3,4,3,0,8,7,3
65744,2,3,4,6,8,2,6,8,9,5,6
65745,9,9,9,2,7,1,5,7,2,0,5
65746,9,9,9,2,7,1,5,7,2,0,5
65747,7,1,0,3,4,6,1,5,7,3,4
65748,6,5,2,7,1,5,9,2,3,2,9
65749,4,5,8,9,3,4,3,0,8,7,3
65750,3,0,1,4,5,3,2,6,1,1,1
65751,8,2,5,5,9,9,8,4,6,9,8
65752,2,5,4,9,8,2,6,3,8,5,3
65753,8,4,7,0,2,7,4,4,6,8,0
65754,5,8,3,1,6,0,7,1,4,4,7
65755,4,5,8,9,3,4,3,0,8,7,3
65756,3,0,1,4,5,3,2,6,1,1,1
65757,8,2,5,5,9,9,8,4,6,9,2
65758,8,2,7,5,9,7,8,4,6,9,8
65759,9,9,9,2,7,1,5,7,2,0,5
65760,2,3,4,7,8,2,6,2,3,5,6
65761,6,5,2,7,1,5,9,2,3,2,9
65762,9,9,9,2,7,1,5,7,2,0,5
65763,6,5,2,7,1,5,9,2,3,2,9
65764,7,1,0,3,4,6,1,5,7,3,4
65765,2,3,4,6,8,2,6,8,9,5,6
65766,7,1,0,3,4,6,1,5,7,3,4
65767,6,5,2,7,1,5,9,2,3,2,9
65768,4,5,8,9,3,4,3,0,8,7,3
65769,7,1,0,3,4,6,1,5,7,3,4
65770,4,5,8,9,3,4,3,0,8,7,3
65771,6,5,2,7,1,5,9,2,3,2,9
65772,6,5,2,7,1,5,9,2,3,2,9
65773,0,4,3,0,2,0,4,1,4,8,2
65774,0,4,7,0,2,7,4,1,4,8,0
65775,2,3,4,6,8,2,6,8,9,5,6
65776,1,7,6,2,0,8,0,9,5,6,5
65777,7,3,4,6,4,6,6,8,9,3,6
65778,3,0,1,4,5,3,2,6,1,1,1
65779,2,3,4,6,8,2,6,5,9,5,6
65780,6,9,2,7,1,5,9,2,3,2,9
65781,0,4,7,0,2,7,4,4,6,8,0
65782,5,8,3,1,6,0,7,1,4,4,7
65783,1,7,6,2,0,8,0,9,5,6,5
65784,5,8,3,1,6,0,7,1,4,4,7
65785,6,5,2,7,1,5,9,2,3,2,9
65786,1,7,6,2,0,8,0,9,5,6,5
65787,0,4,7,0,2,7,4,4,6,8,0
65788,4,5,8,9,3,4,3,0,8,7,3
65789,8,2,5,5,9,9,8,4,6,9,2
65790,0,4,3,0,2,0,4,1,4,8,0
65791,3,6,1,8,5,3,2,6,0,1,1
65792,8,2,7,5,9,7,8,4,6,9,8
65793,4,5,8,9,3,4,3,0,8,7,3
65794,9,9,9,2,7,1,5,7,2,0,5
65795,8,2,5,5,9,9,8,4,6,9,2
65796,7,1,0,3,4,6,1,5,7,3,4
65797,2,3,4,6,8,2,6,8,9,5,6
65798,0,4,5,0,2,9,4,4,6,8,2
65799,6,5,2,7,1,5,9,2,3,2,9
65800,5,8,3,1,6,0,7,1,4,4,7
65801,3,6,1,8,5,3,2,6,0,1,1
65802,7,1,0,3,4,6,1,5,7,3,4
65803,2,5,4,7,8,2,6,2,3,5,6
65804,7,1,0,3,4,6,1,5,7,3,4
65805,8,2,7,5,9,7,8,4,6,9,8
65806,3,0,1,4,5,3,2,6,1,1,1
65807,7,1,0,3,4,6,1,5,7,3,4
65808,8,2,5,5,9,9,8,4,6,9,2
65809,9,9,9,2,7,1,5,7,2,0,5
65810,4,5,8,9,3,4,3,0,8,7,3
65811,9,9,9,2,7,1,5,7,2,0,5
65812,3,0,1,4,5,3,2,3,1,1,1
65813,0,4,7,0,2,7,4,1,4,8,0
65814,4,5,8,9,3,4,3,0,8,7,3
65815,7,1,0,3,4,6,1,5,7,3,4
65816,5,8,3,1,6,0,7,1,4,4,7
65817,5,8,3,1,6,0,7,1,4,4,7
65818,3,0,1,4,5,3,2,3,1,1,1
65819,4,5,8,9,3,4,3,3,8,7,3
65820,6,5,2,7,1,5,9,2,3,2,9
65821,7,1,0,3,4,6,1,5,7,3,4
65822,5,8,3,1,6,0,7,1,4,4,7
65823,6,3,2,7,1,5,9,2,3,2,9
65824,0,4,3,0,2,0,4,1,4,8,0
65825,5,8,3,1,6,0,7,1,4,4,7
65826,4,5,8,9,3,4,3,0,8,7,7
65827,3,0,1,4,5,3,2,6,1,1,1
65828,3,6,1,8,5,3,2,6,0,1,1
65829,6,5,2,7,1,5,9,2,3,2,9
65830,3,6,1,8,5,3,2,6,0,1,1
65831,1,7,6,2,0,8,0,9,5,6,5
65832,0,4,7,0,2,7,4,1,4,8,0
65833,7,1,0,3,4,6,1,5,7,3,4
65834,4,5,8,9,3,4,3,0,8,7,3
65835,0,4,3,0,2,0,4,1,4,8,0
65836,2,3,4,6,8,2,6,8,9,5,6
65837,0,4,3,0,2,0,4,1,4,8,0
65838,3,0,1,4,5,3,2,6,1,1,1
65839,9,9,9,2,7,1,5,7,2,0,5
65840,6,5,2,7,1,5,9,2,3,2,9
65841,4,5,8,9,3,4,3,3,8,7,3
65842,0,4,7,0,2,7,4,1,4,8,0
65843,3,6,1,8,5,3,2,6,0,1,1
65844,5,5,8,9,3,4,3,0,8,7,7
65845,0,4,5,0,2,9,4,4,6,8,2
65846,2,3,4,6,8,2,6,8,9,5,6
65847,3,0,1,4,5,3,2,6,1,1,1
65848,9,9,9,2,7,1,5,7,2,0,5
65849,6,5,2,7,1,5,9,2,3,2,9
65850,7,1,0,3,4,6,1,5,7,3,4
65851,0,4,8,0,2,4,4,1,8,8,0
65852,7,1,0,3,4,6,1,5,7,3,4
65853,4,5,8,9,3,4,3,3,8,7,3
65854,0,4,5,0,2,9,4,1,4,8,2
65855,2,3,4,6,8,2,6,8,9,5,6
65856,0,4,3,0,2,0,4,1,4,8,0
65857,2,3,4,6,8,2,6,8,9,5,6
65858,0,4,7,0,2,7,4,4,6,8,0
65859,1,7,6,2,0,8,0,9,5,6,5
65860,7,1,0,3,4,6,1,5,7,3,4
65861,0,4,5,0,2,9,4,1,4,8,2
65862,7,1,0,3,4,6,1,5,7,3,4
65863,6,1,2,7,1,5,9,2,3,2,9
65864,7,3,0,6,4,6,1,8,9,3,4
65865,3,0,1,4,5,3,2,6,1,1,1
65866,0,4,3,0,2,0,4,1,4,8,0
65867,7,1,0,3,4,6,1,5,7,3,4
65868,0,4,7,0,2,7,4,1,4,8,0
65869,0,4,3,0,2,0,4,1,4,8,0
65870,3,0,1,4,5,3,2,6,1,1,1
65871,0,4,7,0,2,7,4,1,4,8,0
65872,1,7,6,2,0,8,0,9,5,6,5
65873,1,7,6,2,0,8,0,9,5,6,5
65874,7,1,0,3,4,6,1,5,7,3,4
65875,2,3,4,6,8,2,6,8,9,5,6
65876,2,3,4,6,8,2,6,8,9,5,6
65877,4,5,8,9,3,4,3,3,8,7,3
65878,7,1,0,3,4,6,1,5,7,3,4
65879,6,5,2,7,1,5,9,2,3,2,9
65880,1,7,6,2,0,8,0,9,5,6,5
65881,2,3,4,6,8,2,6,8,9,5,6
65882,7,1,0,3,4,6,1,5,7,3,4
65883,6,5,2,7,1,5,9,2,3,2,9
65884,4,5,8,9,3,4,3,0,8,7,3
65885,7,1,0,3,4,6,1,5,7,3,4
65886,4,5,8,9,3,4,3,0,8,7,3
65887,5,8,3,1,6,0,7,1,4,4,7
65888,4,0,8,4,3,4,3,6,1,7,3
65889,1,7,6,2,0,8,0,9,5,6,5
65890,7,1,0,3,4,6,1,5,7,3,4
65891,4,5,8,9,3,4,3,0,8,7,3
65892,7,1,0,3,4,6,1,5,7,3,4
65893,1,7,6,2,0,8,0,9,5,6,5
65894,5,8,3,1,6,0,7,1,4,4,0
65895,6,5,2,7,1,5,9,2,3,2,9
65896,1,7,6,2,0,8,0,9,5,6,5
65897,5,8,3,1,6,0,7,1,4,4,7
65898,4,5,8,9,3,4,3,0,8,7,3
65899,3,0,1,4,5,3,2,0,1,1,1
65900,5,8,3,1,6,0,7,1,4,4,0
65901,4,5,8,9,3,4,3,3,8,7,3
65902,1,7,6,2,0,8,0,9,5,6,5
65903,0,4,5,0,2,9,4,4,6,8,0
65904,2,3,4,6,8,2,6,8,9,5,6
65905,2,3,4,6,8,2,6,8,9,5,6
65906,0,4,3,0,2,7,4,1,4,8,0
65907,6,3,2,7,1,5,9,2,3,2,9
65908,0,4,3,0,2,0,4,1,4,8,0
65909,4,5,8,9,3,4,3,0,8,7,3
65910,7,1,0,3,4,6,1,5,7,3,4
65911,2,3,4,6,8,2,6,8,9,5,6
65912,3,6,1,8,5,3,2,6,0,1,1
65913,7,1,0,3,4,6,1,5,7,3,4
65914,0,4,3,0,2,0,4,1,4,8,0
65915,1,7,6,2,0,8,0,9,5,6,5
65916,4,5,8,9,3,4,3,0,8,7,3
65917,1,7,6,2,0,8,0,9,5,6,5
65918,3,6,1,8,5,3,2,6,0,1,1
65919,0,4,3,0,2,0,4,1,4,8,0
65920,4,5,8,9,3,4,3,0,8,7,3
65921,9,9,9,2,7,1,5,7,2,0,5
65922,7,1,0,3,4,6,1,5,7,3,4
65923,0,4,7,0,2,7,4,9,4,8,0
65924,6,9,2,7,1,5,9,2,3,2,9
65925,7,1,0,3,4,6,1,5,7,3,4
65926,0,4,3,0,2,0,4,1,4,8,0
65927,5,8,3,1,6,0,7,1,4,4,7
65928,4,5,8,9,3,4,3,0,8,7,3
65929,7,6,0,8,4,6,1,5,0,3,4
65930,3,6,1,8,5,3,2,6,0,1,1
65931,6,9,2,7,1,5,9,2,3,2,9
65932,3,6,1,8,5,3,2,6,0,1,1
65933,1,7,6,2,0,8,0,9,5,6,5
65934,6,5,2,7,1,5,9,2,3,2,9
65935,7,1,0,3,4,6,1,5,7,3,4
65936,0,4,3,0,2,0,4,1,4,8,0
65937,7,1,0,3,4,6,1,5,7,3,4
65938,4,5,8,9,3,4,3,0,8,7,3
65939,0,4,3,0,2,0,4,1,4,8,2
65940,7,1,0,3,4,6,1,5,7,3,4
65941,5,8,3,1,6,0,7,1,4,4,7
65942,3,6,1,8,5,3,2,6,0,1,1
65943,1,7,6,2,0,8,0,9,5,6,5
65944,6,5,2,7,1,5,9,2,3,2,9
65945,7,1,0,3,4,6,1,5,7,3,4
65946,5,8,3,1,6,0,7,1,4,4,0
65947,7,1,0,3,4,6,1,5,7,3,4
65948,4,5,8,9,3,4,3,0,8,7,3
65949,5,8,3,1,6,0,7,1,4,4,2
65950,7,1,0,3,4,6,1,5,7,3,4
65951,0,8,3,0,2,0,4,1,4,8,0
65952,3,6,1,8,5,3,2,6,0,1,1
65953,1,7,6,2,0,8,0,9,5,6,5
65954,6,5,2,7,1,5,9,2,3,2,9
65955,7,1,0,3,4,6,1,5,7,3,4
65956,5,8,3,1,6,0,7,1,4,4,7
65957,7,1,0,3,4,6,1,5,7,3,4
65958,4,5,8,9,3,4,3,0,8,7,7
65959,0,4,3,0,2,0,4,1,4,8,2
65960,7,1,0,3,4,6,1,5,7,3,4
65961,0,8,3,0,2,0,4,1,4,8,0
65962,7,1,0,3,4,6,1,5,7,3,4
65963,4,5,8,9,3,4,3,0,8,7,3
65964,7,1,0,3,4,6,1,5,7,3,4
65965,3,6,1,8,5,3,2,6,0,1,1
65966,4,5,8,9,3,4,3,0,8,7,3
65967,7,1,0,3,4,6,1,5,7,3,4
65968,5,8,3,1,6,0,7,1,4,4,7
65969,5,8,3,1,6,0,7,1,4,4,7
65970,1,7,6,2,0,8,0,9,5,6,5
65971,0,4,3,0,2,0,4,1,4,8,0
65972,7,1,0,3,4,6,1,5,7,3,4
65973,7,1,0,3,4,6,1,5,7,3,4
65974,4,5,8,9,3,4,3,0,8,7,3
65975,0,4,3,0,2,0,4,1,4,8,0
65976,7,1,0,3,4,6,1,5,7,3,4
65977,5,8,3,1,6,0,7,1,4,4,7
65978,1,7,6,2,0,8,0,9,5,6,5
65979,5,8,3,1,6,0,7,1,4,4,7
65980,3,6,1,8,5,3,2,6,0,1,1
65981,7,1,0,3,4,6,1,5,7,3,4
65982,7,1,0,3,4,6,1,5,7,3,4
65983,6,5,2,7,1,5,9,0,3,2,9
65984,1,7,6,2,0,8,0,9,5,6,5
65985,7,1,0,3,4,6,1,5,7,3,4
65986,5,8,3,1,6,0,7,1,4,4,0
65987,5,6,1,8,5,3,2,6,0,1,7
65988,0,8,3,1,6,0,7,1,4,4,2
65989,4,5,8,9,3,4,3,0,8,7,3
65990,3,6,1,8,5,3,2,6,0,1,1
65991,1,7,6,2,0,8,0,9,5,6,5
65992,5,8,3,1,6,0,7,1,4,4,7
65993,3,6,1,8,5,3,2,6,0,1,1
65994,4,5,8,9,3,4,3,0,8,7,3
65995,7,1,0,3,4,6,1,5,7,3,4
65996,5,8,3,1,6,0,7,1,4,4,7
65997,7,1,0,3,4,6,1,5,7,3,4
65998,1,7,6,2,0,8,0,9,5,6,5
65999,5,8,3,1,6,0,7,1,4,4,2
66000,0,8,3,1,6,0,4,1,4,4,0
66001,2,3,4,6,8,2,6,8,9,5,6
66002,4,5,8,9,3,4,3,0,8,7,3
66003,3,6,1,8,5,3,2,6,0,1,1
66004,5,8,3,1,6,0,7,1,4,4,0
66005,1,7,6,2,0,8,0,9,5,6,5
66006,0,4,6,0,2,8,4,1,4,8,0
66007,5,8,3,1,6,0,7,1,4,4,2
66008,1,7,6,2,0,8,0,9,5,6,5
66009,7,1,0,3,4,6,1,5,7,3,4
66010,6,5,2,7,1,5,9,2,3,2,9
66011,7,1,0,3,4,6,1,5,7,3,4
66012,1,7,6,2,0,8,0,9,5,6,5
66013,5,8,3,1,6,0,7,1,4,4,7
66014,6,5,2,7,1,5,9,2,3,2,9
66015,3,6,1,8,5,3,2,6,0,1,1
66016,3,6,1,8,5,3,2,6,0,1,1
66017,0,4,5,0,2,9,4,1,4,8,2
66018,7,1,0,3,4,6,1,8,7,3,4
66019,0,4,3,0,2,0,4,1,4,8,0
66020,4,5,8,9,3,4,3,0,8,7,3
66021,0,4,3,0,2,0,4,1,4,8,0
66022,5,8,3,1,6,0,7,1,4,4,0
66023,7,1,0,3,4,6,1,5,7,3,4
66024,7,1,0,3,4,6,1,5,7,3,4
66025,5,8,3,1,6,0,7,1,4,4,7
66026,0,7,3,0,2,0,4,1,4,8,2
66027,4,5,8,9,3,4,3,0,8,7,0
66028,7,1,0,3,4,6,1,5,7,3,4
66029,4,5,8,9,3,4,3,0,8,7,3
66030,7,1,0,3,4,6,1,5,7,3,4
66031,4,5,8,9,3,4,3,0,8,7,3
66032,0,8,3,1,6,0,7,1,4,4,0
66033,4,5,8,9,3,4,3,0,8,7,3
66034,7,1,0,3,4,6,1,5,7,3,4
66035,4,5,8,9,3,4,3,0,8,7,3
66036,6,5,2,7,1,5,9,2,3,2,9
66037,5,8,3,1,6,0,7,1,4,4,0
66038,4,5,8,9,3,4,3,0,8,7,3
66039,0,4,3,0,2,0,4,1,4,8,0
66040,4,1,8,9,3,4,3,0,8,7,3
66041,6,5,2,7,1,5,9,2,3,2,9
66042,7,1,0,3,4,6,1,5,7,3,4
66043,7,1,0,3,4,6,1,5,7,3,4
66044,1,7,6,2,0,8,0,9,5,6,5
66045,7,1,0,3,4,6,1,5,7,3,4
66046,7,1,0,3,4,6,1,5,7,3,4
66047,5,8,3,1,6,0,7,1,4,4,0
66048,0,4,6,0,2,8,4,9,5,8,0
66049,7,1,0,3,4,6,1,5,7,3,4
66050,0,4,3,0,2,0,4,1,4,8,2
66051,6,5,2,7,1,5,9,2,3,2,9
66052,6,5,6,7,1,8,9,2,5,2,9
66053,7,1,0,3,4,6,1,5,7,3,4
66054,0,4,3,0,2,0,4,1,4,8,2
66055,0,8,3,1,6,0,7,1,4,4,0
66056,7,1,0,3,4,6,1,5,7,3,4
66057,6,5,2,7,1,5,9,2,3,2,9
66058,1,7,6,2,0,8,0,9,5,6,5
66059,7,1,0,3,4,6,1,5,7,3,4
66060,1,7,6,2,0,8,0,9,5,6,5
66061,7,1,0,3,4,6,1,5,7,3,4
66062,3,0,1,4,5,3,2,6,1,1,1
66063,1,7,6,2,0,8,0,9,5,6,5
66064,6,5,2,7,1,5,9,2,3,2,9
66065,7,3,0,6,4,6,1,8,9,3,6
66066,5,8,3,1,6,0,7,1,4,4,7
66067,2,3,4,6,8,2,6,8,9,5,6
66068,5,5,8,1,6,4,7,0,8,4,7
66069,0,4,5,0,2,9,4,4,6,8,2
66070,2,3,4,6,8,2,6,8,9,5,6
66071,2,3,4,6,8,2,6,8,9,5,6
66072,3,0,1,4,5,3,2,6,1,1,1
66073,1,7,6,2,0,8,0,9,5,6,5
66074,6,1,2,7,1,5,9,2,3,2,9
66075,7,1,0,3,4,6,1,5,7,3,4
66076,5,8,3,1,6,0,7,1,4,4,7
66077,2,3,4,6,8,2,6,8,9,5,6
66078,4,5,8,9,3,4,3,0,8,7,3
66079,0,4,5,0,2,9,4,1,4,8,2
66080,3,6,1,8,5,3,2,6,0,1,1
66081,2,0,4,4,8,2,6,8,1,5,6
66082,3,6,1,8,5,3,2,6,0,1,1
66083,1,7,6,2,0,8,0,9,5,6,5
66084,6,3,2,7,1,5,9,2,3,2,9
66085,7,1,0,3,4,6,1,5,7,3,4
66086,5,8,3,1,6,0,7,1,4,4,7
66087,8,2,7,5,9,7,8,3,6,9,8
66088,4,5,8,9,3,4,3,0,8,7,3
66089,0,4,5,0,2,9,4,4,6,8,2
66090,3,3,1,6,5,3,2,8,7,1,1
66091,3,0,1,4,5,3,2,6,1,1,1
66092,1,7,6,2,0,8,0,9,5,6,5
66093,6,3,2,6,1,5,9,8,9,2,9
66094,4,5,8,9,3,4,3,0,8,7,3
66095,2,2,4,6,8,2,6,3,9,5,8
66096,2,3,4,6,8,2,6,8,9,5,6
66097,3,6,1,8,5,3,2,6,0,1,1
66098,0,4,5,0,2,9,4,4,6,8,2
66099,3,6,1,8,5,3,2,6,0,1,1
66100,5,8,3,1,6,0,7,1,4,4,7
66101,1,7,6,2,0,8,0,9,5,6,5
66102,5,8,3,1,6,0,7,1,4,4,7
66103,7,1,0,3,4,6,1,5,7,3,4
66104,4,5,8,9,3,4,3,0,8,7,3
66105,8,4,5,0,9,9,8,4,6,9,2
66106,6,5,2,7,1,5,9,2,3,2,9
66107,7,1,0,3,4,6,1,5,7,3,4
66108,9,9,9,2,7,1,5,7,2,0,5
66109,4,5,8,9,3,4,3,0,8,7,5
66110,1,7,6,2,0,8,0,9,5,6,5
66111,6,3,2,7,1,5,9,8,3,2,9
66112,2,0,4,4,8,2,6,8,1,5,6
66113,4,5,8,9,3,4,3,0,8,7,3
66114,3,6,1,8,5,3,2,6,0,1,1
66115,1,7,6,2,0,8,0,7,5,6,5
66116,7,1,0,3,4,6,1,5,7,3,4
66117,3,6,1,8,5,3,2,6,0,1,1
66118,6,5,2,7,1,5,9,2,3,2,9
66119,8,2,5,5,9,9,8,4,6,9,2
66120,2,2,7,5,8,7,6,3,6,5,8
66121,0,4,5,0,2,9,4,4,6,8,2
66122,4,5,8,9,3,4,3,0,8,7,3
66123,6,5,2,7,1,5,9,2,3,2,9
66124,3,6,1,8,5,3,2,6,0,1,1
66125,1,7,6,2,0,8,0,9,5,6,5
66126,2,3,4,6,8,2,6,8,9,5,6
66127,3,6,1,8,5,3,2,6,0,1,1
66128,4,5,8,9,3,4,3,0,8,7,3
66129,3,6,1,8,5,3,2,6,0,1,1
66130,4,5,8,9,3,4,3,0,8,7,3
66131,3,6,1,8,5,3,2,6,0,1,1
66132,6,1,2,7,1,5,9,2,3,2,9
66133,3,6,1,8,5,3,2,6,0,1,1
66134,4,5,8,9,3,4,3,0,8,7,3
66135,1,7,6,2,0,8,0,9,5,6,5
66136,2,2,7,5,8,7,6,3,6,5,8
66137,2,3,4,6,8,2,6,8,9,5,6
66138,5,8,3,1,6,0,7,1,4,4,7
66139,7,1,0,3,4,6,1,5,7,3,6
66140,3,0,1,4,5,3,2,6,1,1,1
66141,1,7,6,2,0,8,0,9,5,6,5
66142,2,3,4,6,8,2,6,3,9,5,8
66143,0,4,7,0,2,7,4,1,4,8,0
66144,5,8,3,1,6,0,7,1,4,4,7
66145,2,3,4,6,8,2,6,8,9,5,6
66146,2,3,4,6,8,2,6,8,9,5,6
66147,0,4,5,0,2,9,4,1,4,8,2
66148,2,3,4,6,8,2,6,3,9,5,6
66149,8,2,5,5,9,9,8,4,6,9,2
66150,7,3,0,6,4,6,1,8,9,3,6
66151,7,1,0,3,4,6,1,5,7,3,4
66152,0,4,3,0,2,0,4,1,4,8,0
66153,7,1,0,3,4,6,1,5,7,3,4
66154,7,1,0,3,4,6,1,8,7,3,4
66155,2,3,4,6,8,2,6,8,9,5,6
66156,6,5,2,7,1,5,9,2,3,2,9
66157,3,0,1,4,5,3,2,6,1,1,1
66158,0,4,5,0,2,9,4,4,6,8,2
66159,1,7,6,2,0,8,0,9,5,6,5
66160,2,3,4,6,8,2,6,8,9,5,6
66161,3,6,1,8,5,3,2,6,0,1,1
66162,1,7,6,2,0,8,0,9,5,6,5
66163,3,6,1,8,5,3,2,6,0,1,1
66164,0,4,5,0,2,9,4,1,4,8,2
66165,7,1,0,3,4,6,1,5,7,3,4
66166,2,0,4,4,8,2,6,3,1,5,6
66167,4,5,8,9,3,4,3,0,8,7,3
66168,2,3,4,6,8,2,6,8,9,5,6
66169,5,8,3,1,6,0,7,1,4,4,7
66170,8,2,5,5,9,9,8,4,6,9,8
66171,8,2,5,5,9,9,8,4,6,9,2
66172,3,0,1,4,5,3,2,6,1,1,1
66173,2,0,1,4,8,2,6,8,1,5,1
66174,7,1,0,3,4,6,1,5,7,3,4
66175,0,4,7,0,2,7,4,1,4,8,0
66176,5,8,3,1,6,0,7,1,4,4,7
66177,2,3,4,6,8,2,6,8,9,5,6
66178,7,1,0,3,4,6,1,5,7,3,4
66179,4,5,8,9,3,4,3,0,8,7,3
66180,6,5,8,9,3,4,9,0,8,7,9
66181,3,0,1,4,5,3,2,6,1,1,1
66182,1,7,6,2,0,8,0,9,5,6,5
66183,6,5,2,7,1,5,9,2,3,2,9
66184,2,3,4,6,8,2,6,8,9,5,6
66185,0,4,7,0,2,7,4,4,6,8,0
66186,2,3,4,6,8,2,6,8,9,5,6
66187,4,5,8,9,3,4,3,0,8,7,3
66188,8,2,5,5,9,9,8,4,6,9,2
66189,2,3,4,6,8,2,6,8,9,5,6
66190,0,4,7,0,2,7,4,4,6,8,0
66191,3,6,1,8,5,3,2,6,0,1,1
66192,9,9,9,2,7,1,5,7,2,0,5
66193,6,5,2,7,1,5,9,2,3,2,9
66194,7,1,0,3,4,6,1,5,7,3,4
66195,5,8,3,1,6,0,7,1,4,4,7
66196,2,3,4,6,8,2,6,8,9,5,6
66197,4,5,8,9,3,4,3,0,8,7,3
66198,0,4,5,0,2,9,4,4,6,8,2
66199,7,3,0,6,4,6,1,8,9,3,4
66200,0,8,3,1,2,0,4,1,4,4,0
66201,3,6,1,8,5,3,2,6,0,1,1
66202,9,9,9,2,7,1,5,7,2,0,5
66203,6,5,2,7,1,5,9,2,3,2,9
66204,2,3,4,6,8,2,6,8,9,5,6
66205,8,4,7,5,9,7,8,4,6,9,0
66206,2,0,4,6,8,2,6,3,9,5,6
66207,4,5,8,9,3,4,3,0,8,7,3
66208,8,2,5,5,9,9,8,4,6,9,8
66209,2,3,4,6,8,2,6,8,9,5,6
66210,8,2,5,5,9,9,8,4,6,9,2
66211,3,0,1,4,5,3,2,6,1,1,1
66212,2,3,4,6,8,2,6,8,9,5,6
66213,7,1,0,3,4,6,1,5,7,3,4
66214,0,4,7,0,2,7,4,4,6,8,0
66215,2,3,4,6,8,2,6,3,9,5,6
66216,2,0,4,3,8,2,6,5,7,5,6
66217,6,5,2,7,1,5,9,2,3,2,9
66218,4,5,8,9,3,4,3,0,8,7,3
66219,2,3,4,6,8,2,6,8,9,5,6
66220,5,8,3,1,6,0,7,1,4,4,0
66221,0,4,7,0,2,7,4,4,6,8,0
66222,1,7,6,2,0,8,0,9,5,6,5
66223,0,4,5,0,2,9,4,4,6,8,2
66224,1,7,6,2,0,8,0,9,5,6,5
66225,6,5,2,7,1,5,9,2,3,2,9
66226,7,1,0,3,4,6,1,5,7,3,4
66227,2,3,4,6,8,2,6,8,9,5,6
66228,5,8,3,1,6,0,7,1,4,4,7
66229,4,5,8,9,3,4,3,0,8,7,3
66230,0,4,7,0,2,7,4,1,4,8,0
66231,9,9,9,2,7,1,5,7,2,0,5
66232,1,7,9,2,7,1,5,7,5,0,5
66233,9,9,9,2,7,1,5,7,2,0,5
66234,6,5,2,7,1,5,9,2,3,2,9
66235,0,4,7,0,2,7,4,4,6,8,0
66236,2,3,4,6,8,2,6,3,9,5,6
66237,4,5,8,9,3,4,3,0,8,7,3
66238,7,1,0,3,4,6,1,5,7,3,4
66239,9,9,9,2,7,1,5,7,2,0,5
66240,6,5,2,7,1,5,9,2,3,2,9
66241,3,0,1,4,5,3,2,3,1,1,1
66242,0,4,5,0,2,9,4,1,4,8,2
66243,0,4,3,0,2,0,4,1,4,8,2
66244,2,3,4,6,8,2,6,3,9,5,6
66245,2,3,4,6,8,2,6,8,9,5,6
66246,6,5,2,7,1,5,9,2,3,2,9
66247,0,4,7,0,2,7,4,1,4,8,0
66248,2,3,4,6,8,2,6,8,9,5,6
66249,8,2,7,5,9,7,8,4,6,9,8
66250,3,0,1,4,5,3,2,6,1,1,1
66251,0,4,3,0,2,0,4,1,4,8,0
66252,4,5,8,9,3,4,3,0,8,7,3
66253,0,4,5,0,2,9,4,4,6,8,2
66254,9,9,9,2,7,1,5,7,2,0,5
66255,2,1,4,3,8,2,6,5,7,5,6
66256,0,4,7,0,2,7,4,1,4,8,0
66257,2,3,4,6,8,2,6,8,9,5,6
66258,4,5,8,9,3,4,3,0,8,7,3
66259,3,6,1,8,5,3,2,6,0,1,1
66260,2,3,4,6,8,2,6,8,9,5,6
66261,4,5,8,9,3,4,3,0,8,7,3
66262,2,3,4,6,8,2,6,8,9,5,6
66263,0,4,5,0,2,9,4,1,4,8,2
66264,3,6,1,8,5,3,2,6,0,1,1
66265,8,2,7,5,9,7,8,4,6,9,8
66266,6,5,2,7,1,5,9,2,3,2,9
66267,8,4,5,0,2,9,8,4,6,8,2
66268,5,8,3,1,6,0,7,1,4,4,7
66269,0,4,5,0,2,9,4,4,6,8,2
66270,2,3,4,6,8,2,6,8,9,5,6
66271,0,4,7,0,2,7,4,1,4,8,0
66272,7,1,0,3,4,6,1,5,7,3,4
66273,8,2,7,5,9,7,8,4,6,9,7
66274,6,5,2,7,1,5,9,2,3,2,9
66275,2,3,4,6,8,2,6,8,9,5,6
66276,9,9,9,2,7,1,5,7,2,0,5
66277,2,0,4,4,8,2,6,5,1,5,6
66278,9,9,9,2,7,1,5,7,2,0,5
66279,6,5,2,7,1,5,9,2,3,2,9
66280,3,6,1,8,5,3,2,6,0,1,1
66281,6,5,2,7,1,5,9,2,3,2,9
66282,2,3,4,6,8,2,6,8,9,5,6
66283,4,5,8,9,3,4,3,3,8,7,3
66284,8,2,7,5,9,7,8,4,6,9,8
66285,7,1,0,3,4,6,1,5,7,3,6
66286,3,0,1,4,5,3,2,6,1,1,1
66287,3,0,1,4,5,3,2,6,1,1,1
66288,3,0,1,4,5,3,2,6,1,1,1
66289,7,1,0,3,4,6,1,5,7,3,4
66290,7,1,0,3,4,6,1,5,7,3,4
66291,7,0,0,4,4,6,1,5,1,3,4
66292,8,2,5,5,9,9,8,4,6,9,2
66293,3,0,1,4,5,3,2,6,1,1,1
66294,4,5,8,9,3,4,3,0,8,7,3
66295,0,4,7,0,2,7,4,4,6,8,0
66296,2,3,4,6,8,2,6,8,9,5,6
66297,2,3,4,6,8,2,6,8,9,5,6
66298,4,5,8,9,3,4,3,3,8,7,3
66299,7,1,0,3,4,6,1,5,7,3,4
66300,5,8,3,1,6,0,7,1,4,4,7
66301,4,5,8,9,3,4,3,0,8,7,3
66302,8,2,7,5,9,7,8,4,6,9,0
66303,0,4,5,0,2,9,4,4,6,8,2
66304,2,3,4,6,8,2,6,8,9,5,6
66305,6,0,2,7,1,5,9,2,3,2,9
66306,8,2,5,5,9,9,8,4,6,9,8
66307,8,2,5,5,9,9,8,4,6,9,2
66308,9,9,9,2,7,1,5,7,2,0,5
66309,3,6,1,8,5,3,2,6,0,1,1
66310,1,7,6,2,0,8,0,9,5,6,5
66311,6,5,2,7,1,5,9,2,3,2,9
66312,0,4,0,0,4,6,4,8,4,3,0
66313,5,8,3,1,6,0,7,1,4,4,0
66314,7,1,0,3,4,6,1,5,7,3,4
66315,4,5,8,9,3,4,3,0,8,7,3
66316,0,4,5,0,2,9,4,1,4,8,2
66317,2,3,4,6,8,2,6,8,9,5,6
66318,0,4,7,0,2,7,4,4,6,8,0
66319,3,6,1,8,5,3,2,6,0,1,1
66320,9,9,9,2,7,1,5,7,2,0,5
66321,6,5,2,7,1,5,9,2,3,2,9
66322,7,1,0,3,4,6,1,5,7,3,4
66323,5,8,3,1,6,0,7,1,4,4,7
66324,4,5,8,9,3,4,3,0,8,7,3
66325,4,5,8,9,3,4,3,0,8,7,3
66326,5,8,3,1,6,0,7,1,4,4,2
66327,2,3,4,6,8,2,6,8,9,5,6
66328,3,0,1,4,5,3,2,6,1,1,1
66329,9,9,9,2,7,1,5,7,2,0,5
66330,6,5,2,7,1,5,9,2,3,2,9
66331,4,5,8,9,3,4,3,3,7,7,3
66332,5,8,3,1,6,0,7,1,4,4,7
66333,7,1,0,3,4,6,1,5,7,3,4
66334,4,5,8,9,3,4,3,0,8,7,3
66335,5,8,3,1,6,0,7,1,4,4,2
66336,2,3,4,6,8,2,6,8,9,5,6
66337,6,5,2,7,1,5,9,2,3,2,9
66338,1,7,6,2,0,8,0,9,5,6,5
66339,0,4,5,0,2,9,4,1,4,8,2
66340,6,5,2,7,1,5,9,2,3,2,9
66341,2,3,4,6,8,2,6,6,9,5,6
66342,3,6,1,8,5,3,2,6,0,1,1
66343,2,3,4,6,8,2,6,8,9,5,6
66344,3,0,1,4,5,3,2,6,1,1,1
66345,6,5,2,7,1,5,9,2,3,2,9
66346,0,4,5,0,2,9,4,1,4,8,2
66347,4,5,8,9,3,4,3,3,8,7,3
66348,2,3,4,6,8,2,6,8,9,5,6
66349,7,1,0,3,4,6,1,5,7,3,4
66350,4,5,8,9,3,4,3,0,8,7,3
66351,3,6,1,8,5,3,2,6,0,1,1
66352,6,5,2,7,1,5,9,2,3,2,9
66353,5,8,3,1,6,0,7,1,4,4,2
66354,4,5,8,9,3,4,3,0,8,7,3
66355,4,5,8,9,3,4,3,0,8,7,3
66356,1,7,6,2,0,8,0,9,5,6,5
66357,6,5,2,7,1,5,9,2,3,2,9
66358,2,3,4,6,8,2,6,8,9,5,6
66359,2,3,4,6,8,2,6,8,9,5,6
66360,5,8,3,1,6,0,7,1,4,4,7
66361,0,4,5,0,2,9,4,4,6,8,2
66362,0,4,7,0,2,7,4,1,4,8,0
66363,5,8,3,1,6,0,7,1,4,4,2
66364,0,4,5,0,2,9,4,1,4,8,2
66365,7,1,0,3,4,6,1,5,7,3,4
66366,0,4,5,0,2,9,4,1,4,8,2
66367,5,8,3,1,6,0,7,1,4,4,7
66368,2,3,4,6,8,2,6,3,9,5,6
66369,0,4,7,0,2,7,4,1,4,8,0
66370,7,1,0,3,4,6,1,5,7,3,4
66371,7,1,0,3,4,6,1,5,7,3,4
66372,2,3,4,6,8,2,6,8,9,5,6
66373,5,8,3,1,6,0,7,1,4,4,7
66374,1,7,6,2,0,8,0,9,5,6,5
66375,1,7,6,2,0,8,0,9,5,6,5
66376,0,4,7,0,2,7,4,1,4,8,0
66377,0,4,5,0,2,9,4,4,6,8,2
66378,5,8,3,1,6,0,7,1,4,4,7
66379,7,1,0,3,4,6,1,5,7,3,4
66380,0,4,3,0,2,0,4,1,4,8,2
66381,7,1,0,3,4,6,1,5,7,3,4
66382,7,1,0,3,4,6,1,5,7,3,4
66383,4,1,0,9,3,6,3,5,7,7,3
66384,6,5,2,7,1,5,9,2,3,2,9
66385,6,5,2,7,1,5,9,2,3,2,9
66386,3,0,1,4,5,3,2,6,1,1,1
66387,4,5,8,9,3,4,3,0,8,7,3
66388,4,5,8,9,3,4,3,0,8,7,3
66389,7,1,0,3,4,6,1,5,7,3,4
66390,4,5,8,9,3,4,3,0,8,7,3
66391,6,5,2,7,1,5,9,0,3,2,9
66392,4,5,8,9,3,4,3,0,8,7,3
66393,0,4,7,0,2,7,4,1,4,8,0
66394,0,4,3,0,2,0,4,1,4,8,0
66395,0,3,7,6,2,7,4,8,9,8,0
66396,0,4,7,0,2,7,4,4,6,8,0
66397,1,7,6,2,0,8,0,9,5,6,5
66398,3,0,1,4,5,3,2,6,1,1,1
66399,4,5,8,9,3,4,3,0,8,7,3
66400,4,0,8,9,3,4,3,0,8,7,3
66401,0,4,7,0,2,7,4,4,6,8,0
66402,4,5,8,9,3,4,3,0,8,7,3
66403,2,3,4,6,8,2,6,8,9,5,6
66404,2,3,4,6,8,2,6,8,9,5,6
66405,7,1,0,3,4,6,1,5,7,3,4
66406,4,5,8,9,3,4,3,0,8,7,7
66407,1,7,6,2,0,8,0,9,5,6,5
66408,1,7,6,2,0,8,0,9,5,6,5
66409,5,8,3,1,6,0,7,1,4,4,7
66410,2,3,4,6,8,2,6,8,9,5,6
66411,0,4,7,0,2,7,4,4,6,8,0
66412,6,5,2,7,1,5,9,2,3,2,9
66413,7,1,0,3,4,6,1,5,7,3,4
66414,2,3,4,6,8,2,6,8,9,5,6
66415,2,3,4,6,8,2,6,3,9,5,6
66416,5,8,3,1,6,0,7,1,4,4,7
66417,9,9,9,2,7,1,5,7,2,0,5
66418,5,8,3,1,6,0,7,1,4,4,7
66419,1,7,6,2,0,8,0,9,5,6,5
66420,0,4,7,0,2,7,4,1,4,8,0
66421,7,1,0,3,4,6,1,5,7,3,4
66422,0,4,3,0,2,0,4,1,4,8,0
66423,6,5,2,7,1,5,9,2,3,2,9
66424,3,0,1,4,5,3,2,6,1,1,1
66425,6,6,2,7,1,5,9,2,3,2,9
66426,3,0,1,4,5,3,2,0,1,1,1
66427,0,4,7,0,2,7,4,4,6,8,0
66428,4,5,8,9,3,4,3,0,8,7,3
66429,3,6,1,8,5,3,2,6,0,1,1
66430,9,9,9,2,7,1,5,7,2,0,5
66431,6,5,2,7,1,5,9,2,3,2,9
66432,2,3,4,6,8,2,6,8,9,5,6
66433,8,2,7,5,9,7,8,4,6,9,8
66434,8,2,7,5,9,7,8,4,6,9,8
66435,2,3,4,6,8,2,6,8,9,5,6
66436,0,4,7,0,2,7,4,4,6,8,0
66437,3,6,1,8,5,3,2,6,0,1,1
66438,9,9,9,2,7,1,5,7,2,0,5
66439,6,5,2,7,1,5,9,2,3,2,9
66440,7,1,0,3,4,6,1,5,7,3,4
66441,0,4,7,0,2,7,4,4,6,8,2
66442,2,3,4,6,8,2,6,8,9,5,6
66443,0,4,7,0,2,7,4,1,4,8,0
66444,3,0,1,4,5,3,2,6,1,1,1
66445,9,9,9,2,7,1,5,7,2,0,5
66446,6,0,2,7,1,5,9,2,3,2,9
66447,7,1,0,3,4,6,1,5,7,3,4
66448,8,2,7,5,9,7,8,4,6,9,8
66449,8,2,5,5,9,9,8,4,6,9,8
66450,2,3,4,6,8,2,6,8,9,5,6
66451,0,4,7,0,2,7,4,1,4,8,0
66452,0,4,7,0,2,7,4,4,6,8,2
66453,2,3,4,6,8,2,6,8,9,5,6
66454,3,0,1,4,5,3,2,3,1,1,1
66455,7,1,0,3,4,6,1,5,7,3,4
66456,9,9,9,2,7,1,5,7,2,0,5
66457,2,3,4,6,8,2,6,8,9,5,6
66458,8,2,7,5,9,7,8,4,6,9,8
66459,4,5,8,9,3,4,3,3,8,7,3
66460,2,2,7,5,8,7,6,3,9,5,8
66461,3,0,1,4,5,3,2,6,1,1,1
66462,6,5,2,7,1,5,9,2,3,2,9
66463,4,5,8,9,3,4,3,0,8,7,3
66464,2,3,4,6,8,2,6,8,9,5,6
66465,7,1,0,3,4,6,1,5,7,3,4
66466,6,5,2,7,1,5,9,2,3,2,9
66467,2,3,4,6,8,2,6,8,9,5,6
66468,9,9,9,2,7,1,5,7,2,0,5
66469,6,5,2,7,1,5,9,2,3,2,9
66470,2,0,4,4,8,2,6,3,1,5,6
66471,8,2,7,5,9,7,8,4,6,9,8
66472,9,9,9,2,7,1,5,7,2,0,5
66473,2,0,4,4,8,2,6,3,1,5,6
66474,8,2,7,5,9,7,8,3,6,9,8
66475,5,2,7,1,6,7,7,4,6,4,7
66476,2,3,4,6,8,2,6,3,9,5,6
66477,2,3,4,6,8,2,6,8,9,5,6
66478,3,0,1,4,5,3,2,6,1,1,1
66479,4,5,8,9,3,4,3,3,8,7,3
66480,4,5,8,9,3,4,3,0,8,7,3
66481,7,1,0,3,4,6,1,5,7,3,4
66482,9,9,9,2,7,1,5,7,2,0,5
66483,2,3,4,6,8,2,6,3,9,5,6
66484,9,9,9,2,7,1,5,7,2,0,5
66485,2,3,4,6,8,2,6,8,9,5,6
66486,2,3,4,2,8,2,6,3,9,5,6
66487,8,4,7,0,2,7,4,4,6,8,0
66488,8,2,7,5,9,7,8,4,6,9,8
66489,3,0,1,4,5,3,2,6,1,1,1
66490,8,2,5,5,9,9,8,4,6,9,8
66491,2,2,4,6,8,2,6,3,9,5,8
66492,2,3,7,6,8,7,6,8,9,9,8
66493,2,3,4,6,8,2,6,8,9,5,6
66494,7,1,0,3,4,6,1,5,7,3,4
66495,8,2,7,5,9,7,8,3,6,9,8
66496,8,2,7,5,9,7,8,4,6,9,8
66497,6,5,2,7,1,5,9,2,3,2,9
66498,4,5,8,9,3,4,3,3,8,7,3
66499,6,5,2,7,1,5,9,2,3,2,9
66500,2,3,4,6,8,2,6,3,9,5,6
66501,7,1,0,3,4,6,1,5,7,3,4
66502,9,9,9,2,7,1,5,7,2,0,5
66503,8,2,5,5,9,9,8,4,6,9,8
66504,7,1,0,3,4,6,1,5,7,3,4
66505,3,0,1,4,5,3,2,6,1,1,1
66506,9,9,9,2,7,1,5,7,2,0,5
66507,8,4,7,5,9,7,8,4,6,9,0
66508,0,4,7,0,2,7,4,1,4,8,0
66509,4,5,8,9,3,4,3,0,8,7,3
66510,3,0,1,4,5,3,2,6,1,1,1
66511,7,1,0,3,4,6,1,5,7,3,4
66512,0,4,7,0,2,7,4,4,6,8,0
66513,6,5,2,7,1,5,9,2,3,2,9
66514,2,3,4,6,8,2,6,8,9,5,6
66515,9,9,9,2,7,1,5,7,2,0,5
66516,8,2,7,5,9,7,8,4,6,9,8
66517,3,0,1,4,5,3,2,3,1,1,1
66518,2,3,4,6,8,2,6,3,9,5,6
66519,6,5,2,7,1,5,9,2,3,2,9
66520,8,2,7,5,9,7,8,4,6,9,8
66521,6,5,2,7,1,5,9,2,3,2,9
66522,8,2,7,5,9,7,8,3,6,9,8
66523,2,3,7,6,8,7,6,8,9,5,8
66524,0,4,7,0,2,7,4,1,4,8,0
66525,2,3,4,6,8,2,6,8,9,5,6
66526,3,6,1,8,5,3,2,6,0,1,1
66527,9,9,9,2,7,1,5,7,2,0,5
66528,6,5,2,7,1,5,9,2,3,2,9
66529,5,8,7,1,6,7,7,1,4,4,7
66530,8,2,7,2,9,7,8,3,2,9,8
66531,5,8,3,1,6,0,7,0,8,4,7
66532,3,6,1,8,5,3,2,6,0,1,1
66533,1,7,6,2,0,8,0,7,5,6,5
66534,6,5,2,7,1,5,9,2,3,2,9
66535,2,3,4,6,8,2,6,8,9,5,6
66536,0,4,7,0,2,7,4,1,4,8,0
66537,2,3,4,6,8,2,6,8,9,5,6
66538,4,5,8,9,3,4,3,0,8,7,3
66539,0,4,5,0,2,9,4,4,6,8,2
66540,1,7,6,2,0,8,0,9,5,6,5
66541,6,5,2,7,1,5,9,2,3,2,9
66542,7,1,0,3,4,6,1,3,7,3,4
66543,5,8,3,1,6,0,7,1,4,4,7
66544,2,1,4,3,8,2,6,5,7,5,6
66545,1,7,6,2,0,8,0,9,5,6,5
66546,3,0,1,4,5,3,2,3,1,1,1
66547,5,8,3,1,6,0,7,4,6,4,7
66548,2,0,4,6,8,2,6,5,9,5,6
66549,4,5,8,9,3,4,3,0,8,7,3
66550,4,5,8,9,3,4,3,0,8,7,3
66551,7,1,0,3,4,6,1,5,7,3,4
66552,8,2,7,5,9,7,8,4,6,9,8
66553,8,2,7,5,9,7,8,4,6,9,8
66554,9,9,2,7,7,5,5,2,2,0,9
66555,8,2,5,5,9,9,8,4,6,9,8
66556,9,9,9,2,7,1,5,7,2,0,5
66557,3,0,1,4,5,3,2,6,1,1,1
66558,1,5,6,2,0,8,0,9,5,6,5
66559,5,8,3,1,6,0,7,1,4,4,7
66560,5,8,3,1,6,0,7,1,4,4,7
66561,1,7,6,2,0,8,0,9,5,6,5
66562,6,5,2,7,1,5,9,2,3,2,9
66563,9,9,9,2,7,1,5,3,2,0,5
66564,1,7,6,2,0,8,0,9,5,6,5
66565,8,2,7,5,9,7,8,4,6,9,0
66566,6,5,2,7,1,5,9,2,3,2,9
66567,3,6,1,8,5,3,2,6,0,1,1
66568,9,9,9,2,7,1,5,9,2,0,5
66569,1,7,6,2,0,8,0,9,5,6,5
66570,1,7,6,2,0,8,0,9,5,6,5
66571,0,4,5,0,2,9,4,4,6,8,2
66572,1,7,6,2,0,8,0,9,5,6,5
66573,2,3,4,6,8,2,6,3,9,5,6
66574,6,5,2,7,1,5,9,2,8,2,7
66575,1,7,6,2,0,8,0,9,5,6,5
66576,9,9,9,2,7,1,5,7,2,0,5
66577,9,9,9,2,7,1,5,7,2,0,5
66578,1,7,6,2,0,8,0,9,5,6,5
66579,5,8,7,1,6,7,7,1,4,4,0
66580,3,6,1,8,5,3,2,6,0,1,1
66581,6,5,2,7,1,5,9,2,3,2,9
66582,8,2,7,5,9,7,8,4,6,9,8
66583,3,6,1,8,5,3,2,6,0,1,1
66584,6,5,2,7,1,5,9,2,3,2,9
66585,8,2,7,5,9,7,8,4,6,9,0
66586,0,4,5,0,2,9,4,4,6,8,2
66587,2,3,4,6,8,2,6,8,9,5,6
66588,2,0,4,4,8,2,6,6,1,5,1
66589,8,2,5,5,9,9,8,4,6,9,2
66590,3,6,1,8,5,3,2,6,0,1,1
66591,5,5,8,9,3,4,7,0,8,7,7
66592,0,4,7,0,2,7,4,1,4,8,0
66593,1,7,6,2,0,8,0,9,5,6,5
66594,6,5,2,7,1,5,9,2,3,2,9
66595,2,3,4,6,8,2,6,8,9,5,6
66596,4,5,8,9,3,4,3,0,8,7,3
66597,0,4,5,0,2,9,4,4,6,8,2
66598,4,5,8,9,3,4,3,3,8,7,3
66599,9,9,9,2,7,1,5,7,2,0,5
66600,2,3,4,6,8,2,6,3,9,5,6
66601,9,9,9,2,7,1,5,7,2,0,5
66602,3,6,1,8,5,3,2,6,0,1,1
66603,8,2,5,5,9,9,8,4,6,9,2
66604,1,7,6,2,0,8,0,9,5,6,5
66605,4,7,8,9,3,4,3,9,8,7,3
66606,0,4,5,0,2,9,4,1,4,8,2
66607,6,5,2,7,1,5,9,2,3,2,9
66608,0,4,7,0,2,7,4,1,4,8,0
66609,8,2,9,5,9,1,8,7,2,9,8
66610,0,4,7,0,2,7,4,4,6,8,0
66611,9,9,9,2,7,1,5,7,2,0,5
66612,2,3,4,6,8,2,6,8,9,5,6
66613,5,5,8,9,3,4,7,0,8,7,7
66614,6,5,2,7,1,5,9,2,3,2,9
66615,4,5,8,9,3,4,3,0,8,7,3
66616,6,5,2,7,1,5,9,2,3,2,9
66617,8,3,7,6,9,7,8,8,9,9,0
66618,9,9,9,2,7,1,5,7,2,0,5
66619,0,4,3,0,2,0,4,1,4,8,2
66620,8,2,7,5,9,7,8,3,6,9,8
66621,3,0,1,4,5,3,2,6,1,1,1
66622,9,9,9,2,7,1,5,7,2,0,5
66623,1,7,6,2,0,8,0,9,5,6,5
66624,7,1,0,3,4,6,1,5,7,3,4
66625,0,4,3,0,2,0,4,1,4,8,0
66626,8,2,7,5,9,7,8,4,6,9,8
66627,8,2,9,5,9,7,8,4,6,9,8
66628,1,7,6,2,0,8,0,9,5,6,5
66629,7,1,0,3,4,6,1,5,7,3,4
66630,4,5,8,9,3,4,3,0,8,7,3
66631,2,3,4,6,8,2,6,8,9,5,6
66632,1,7,6,2,0,8,0,9,5,6,5
66633,3,0,1,4,5,3,2,3,1,1,1
66634,9,9,9,2,7,1,5,7,2,0,5
66635,6,5,2,7,1,5,9,2,3,2,9
66636,7,1,0,3,4,6,1,5,7,3,4
66637,0,4,7,0,2,7,4,1,4,8,0
66638,2,3,4,6,8,2,6,3,9,5,6
66639,4,5,8,9,3,4,3,3,8,7,3
66640,8,2,5,5,9,9,8,4,6,9,2
66641,2,3,4,6,8,2,6,8,9,5,6
66642,8,2,7,5,9,7,8,4,2,9,8
66643,8,2,7,5,9,2,8,3,6,9,8
66644,9,9,9,2,7,1,5,7,2,0,5
66645,6,5,2,7,1,5,9,2,3,2,9
66646,7,1,0,3,4,6,1,5,7,3,4
66647,8,2,7,5,9,7,8,4,6,9,0
66648,8,2,5,5,9,9,8,4,6,9,8
66649,2,3,4,6,8,2,6,8,9,5,6
66650,8,2,7,5,9,7,8,4,6,9,8
66651,9,9,9,2,7,1,5,7,2,0,8
66652,9,9,9,2,7,1,5,7,2,0,5
66653,8,2,5,5,9,9,8,4,6,9,8
66654,2,3,4,6,8,2,6,8,9,5,6
66655,8,2,7,5,9,7,8,4,6,9,8
66656,8,2,7,5,9,7,8,4,6,9,8
66657,2,3,4,6,8,2,6,8,9,5,6
66658,8,2,7,5,9,7,8,4,6,9,8
66659,2,3,4,6,8,2,6,3,9,5,6
66660,8,2,7,5,9,7,8,4,6,9,8
66661,9,9,9,2,7,1,5,7,2,0,9
66662,8,2,5,5,9,9,8,3,6,9,2
66663,8,2,5,5,9,9,8,4,6,9,8
66664,7,1,4,3,4,2,1,5,7,3,4
66665,7,1,0,3,4,6,1,5,7,3,4
66666,8,2,5,5,9,9,8,4,6,9,2
66667,4,5,4,9,8,2,3,3,8,5,3
66668,3,0,1,4,5,3,2,3,1,1,3
66669,4,0,8,9,3,4,3,3,8,7,3
66670,9,9,9,2,7,1,5,7,2,0,5
66671,8,2,7,5,9,7,8,4,6,9,8
66672,3,0,1,4,5,3,2,3,1,1,8
66673,9,9,9,2,7,1,5,7,2,0,5
66674,8,2,5,5,9,9,8,4,6,9,2
66675,4,5,8,9,3,4,3,3,8,7,3
66676,7,1,0,3,4,6,1,5,7,3,4
66677,5,8,3,1,6,0,7,1,4,4,7
66678,9,9,9,2,7,1,5,7,2,0,5
66679,8,2,5,5,9,9,8,4,6,9,8
66680,9,9,9,2,7,1,5,7,2,0,5
66681,7,1,0,3,4,6,1,3,7,3,4
66682,8,2,7,5,9,7,8,4,6,9,8
66683,9,9,9,2,7,1,5,7,2,0,5
66684,8,2,5,5,9,9,8,4,6,9,8
66685,4,5,8,9,3,4,3,3,8,7,3
66686,9,9,9,2,7,1,5,3,2,0,5
66687,8,2,7,5,9,7,8,4,6,9,8
66688,9,9,9,7,7,1,5,7,2,0,9
66689,8,2,7,5,9,7,8,4,2,9,8
66690,7,1,0,3,4,6,1,5,7,3,4
66691,3,6,1,8,5,3,2,6,0,1,1
66692,8,2,7,5,9,7,8,4,6,9,8
66693,4,5,8,9,3,4,3,3,8,7,3
66694,9,9,9,2,7,1,5,7,2,0,5
66695,8,4,7,0,2,7,4,4,6,8,8
66696,8,4,7,5,9,7,8,4,6,9,0
66697,8,2,5,5,9,9,8,4,6,9,2
66698,6,5,2,7,1,5,9,2,3,2,9
66699,8,2,7,5,9,7,8,4,6,9,8
66700,9,9,9,2,7,1,5,7,2,0,5
66701,3,0,1,4,5,3,2,6,1,1,1
66702,9,9,9,2,7,1,5,7,2,0,5
66703,6,5,2,7,1,5,9,2,3,2,9
66704,2,3,4,6,8,2,6,8,9,5,6
66705,5,8,7,1,6,7,7,1,4,4,0
66706,8,2,4,5,9,2,8,3,6,9,8
66707,4,5,8,9,3,4,3,3,8,7,3
66708,8,2,5,5,9,9,8,4,6,9,8
66709,2,2,7,6,8,7,6,3,9,5,8
66710,8,2,7,5,9,7,8,4,6,9,8
66711,3,0,1,4,5,3,2,6,1,1,1
66712,9,9,9,2,7,1,5,7,2,0,5
66713,6,5,2,7,1,5,9,2,3,2,9
66714,7,1,0,3,4,6,1,5,7,3,4
66715,8,2,7,5,9,7,8,4,6,9,8
66716,9,9,9,2,7,1,5,3,2,0,5
66717,4,5,8,9,3,4,3,0,8,7,3
66718,8,2,7,5,9,7,8,4,6,9,8
66719,3,0,1,4,5,3,2,6,1,1,1
66720,9,9,9,2,7,1,5,7,2,0,5
66721,5,8,3,1,6,0,7,1,4,4,7
66722,6,0,2,7,1,5,9,3,3,2,9
66723,4,2,8,9,3,4,3,0,8,7,3
66724,8,2,5,5,9,9,8,4,6,9,8
66725,9,5,9,5,7,1,5,3,2,0,8
66726,9,9,9,2,7,1,5,7,2,0,5
66727,7,1,0,3,4,6,1,5,7,3,4
66728,2,0,4,4,8,2,6,8,1,5,6
66729,9,9,9,2,7,1,5,7,2,0,5
66730,8,2,7,5,9,7,8,4,6,9,8
66731,8,2,5,5,9,9,8,4,6,9,8
66732,5,8,6,2,6,8,7,9,5,4,7
66733,9,9,9,2,7,1,5,7,2,0,5
66734,8,2,7,5,9,7,8,4,6,9,8
66735,9,2,9,5,7,1,5,3,2,0,8
66736,2,3,4,6,8,2,6,5,9,5,6
66737,4,2,8,5,3,4,3,0,8,7,8
66738,8,2,7,5,9,7,8,4,6,9,7
66739,2,3,4,6,8,2,6,8,9,5,6
66740,3,0,1,4,5,3,2,6,1,1,1
66741,8,2,7,5,9,7,8,4,6,9,8
66742,4,8,8,9,3,4,3,0,8,7,3
66743,9,9,9,7,7,1,5,7,2,0,9
66744,4,5,8,2,3,4,3,0,8,7,5
66745,2,0,4,4,8,2,6,5,1,5,6
66746,9,9,9,2,7,1,5,7,2,0,5
66747,8,2,7,5,9,7,8,4,6,9,8
66748,9,9,9,2,7,1,5,7,2,0,5
66749,4,5,8,9,3,4,3,0,8,7,3
66750,3,0,1,4,5,3,2,6,1,1,1
66751,9,9,9,2,7,1,5,7,2,0,5
66752,3,0,1,4,5,3,2,6,1,1,1
66753,3,0,1,4,5,3,2,6,1,1,1
66754,6,5,2,7,1,5,9,2,3,2,9
66755,2,3,4,6,8,2,6,3,9,5,8
66756,8,2,5,5,9,9,8,4,6,9,8
66757,9,9,9,2,7,1,5,7,2,0,5
66758,9,9,9,2,7,1,5,7,2,0,5
66759,4,2,7,5,9,7,8,0,8,9,8
66760,3,0,1,4,5,3,2,6,1,1,1
66761,8,2,7,5,9,7,8,3,6,9,8
66762,8,2,2,5,9,5,8,8,3,9,8
66763,2,3,4,6,8,2,6,3,9,5,6
66764,4,5,8,9,3,4,3,3,8,7,3
66765,9,9,9,2,7,1,5,3,2,0,5
66766,3,0,1,4,5,3,2,6,1,1,1
66767,2,1,4,3,8,2,6,5,7,5,6
66768,8,2,2,5,9,5,8,2,2,9,8
66769,5,5,7,1,6,7,7,0,8,4,7
66770,3,0,1,4,5,3,2,6,1,1,1
66771,4,5,8,9,3,4,3,3,8,7,3
66772,8,2,7,5,9,7,8,4,6,9,8
66773,6,5,2,7,1,5,9,2,3,2,9
66774,4,5,8,9,3,4,3,3,8,7,3
66775,9,9,9,2,7,1,5,9,2,0,5
66776,2,3,4,6,8,2,6,8,9,5,6
66777,4,5,8,9,3,4,3,0,8,7,3
66778,8,2,7,5,9,7,8,4,6,9,8
66779,3,0,1,4,5,3,2,6,1,1,1
66780,8,2,7,5,9,7,8,3,6,9,8
66781,3,0,1,4,5,3,2,6,1,1,1
66782,4,0,1,4,5,3,3,3,1,1,3
66783,9,9,9,2,7,1,5,7,2,0,5
66784,8,2,7,5,9,7,8,4,6,9,8
66785,5,8,3,1,6,0,7,1,4,4,7
66786,3,0,1,4,5,3,2,6,1,1,1
66787,8,2,7,5,9,7,8,4,6,9,8
66788,9,9,9,2,7,1,5,7,2,0,8
66789,9,9,9,2,7,1,5,7,2,0,5
66790,6,3,2,7,1,5,9,2,3,2,9
66791,8,2,7,5,9,9,8,4,6,9,8
66792,4,5,8,9,3,4,3,3,8,7,3
66793,8,2,7,5,9,7,8,3,6,9,8
66794,7,1,0,3,4,6,1,5,7,3,4
66795,3,0,1,4,5,3,2,6,1,1,1
66796,6,5,2,7,1,5,9,2,3,2,9
66797,6,5,2,7,1,5,9,2,3,2,9
66798,3,6,1,8,5,3,2,6,0,1,1
66799,1,7,6,2,0,8,0,9,5,6,5
66800,1,7,6,2,0,8,0,9,5,6,5
66801,7,1,0,3,4,6,1,5,7,3,4
66802,5,8,3,1,6,0,7,1,4,4,0
66803,7,1,0,3,4,6,1,5,7,3,4
66804,4,5,8,9,3,4,3,0,8,7,3
66805,0,4,5,0,2,9,4,1,4,8,2
66806,7,1,0,3,4,6,1,8,7,3,4
66807,0,4,3,0,2,0,4,1,4,8,0
66808,3,6,1,8,5,3,2,6,0,1,1
66809,1,7,6,2,0,8,0,9,5,6,5
66810,1,7,6,2,0,8,0,9,5,6,5
66811,7,1,0,3,4,6,1,5,7,3,4
66812,0,4,3,0,2,0,4,1,4,8,0
66813,7,1,0,3,4,6,1,5,7,3,4
66814,4,5,8,9,3,4,3,0,8,7,3
66815,0,4,5,0,2,9,4,1,4,8,2
66816,7,1,0,3,4,6,1,5,7,3,4
66817,0,4,7,0,2,7,4,1,4,8,0
66818,7,1,0,3,4,6,1,5,7,3,4
66819,1,7,6,2,0,8,0,9,5,6,5
66820,6,1,2,7,1,5,9,2,3,2,9
66821,7,1,0,3,4,6,1,5,7,3,4
66822,5,8,3,1,6,0,7,1,4,4,0
66823,2,3,4,6,8,2,6,3,9,5,6
66824,4,5,8,9,3,4,3,0,8,7,3
66825,0,4,5,0,2,9,4,4,6,8,2
66826,2,3,4,6,8,2,6,8,9,5,6
66827,0,4,3,0,2,0,4,1,4,8,0
66828,6,9,2,7,1,5,9,2,3,2,9
66829,1,7,6,2,0,8,0,9,5,6,5
66830,0,4,5,0,2,9,4,1,4,8,2
66831,9,9,9,2,7,1,5,7,2,0,5
66832,7,1,0,3,4,6,1,5,7,3,4
66833,3,6,1,8,5,3,2,6,0,1,1
66834,7,1,0,3,4,6,1,8,7,3,4
66835,3,6,1,8,5,3,2,6,0,1,1
66836,4,5,8,9,3,4,3,0,8,7,3
66837,0,4,5,0,2,9,4,4,6,8,2
66838,7,1,0,3,4,6,1,8,7,3,4
66839,7,1,0,3,4,6,1,5,7,3,4
66840,7,1,0,3,4,6,1,5,7,3,4
66841,3,6,1,8,5,3,2,6,0,1,1
66842,4,5,8,9,3,4,3,0,8,7,7
66843,4,5,8,9,3,4,3,0,8,7,3
66844,1,7,6,2,0,8,0,9,5,6,5
66845,0,4,5,0,2,9,4,1,4,8,2
66846,4,5,8,9,3,4,3,0,8,7,3
66847,4,5,8,9,3,4,3,0,8,7,3
66848,1,7,6,2,0,8,0,9,5,6,5
66849,1,7,6,2,0,8,0,9,5,6,5
66850,7,1,0,3,4,6,1,8,7,3,4
66851,2,3,4,6,8,2,6,8,9,5,6
66852,0,4,5,0,2,9,4,1,4,8,2
66853,0,4,5,0,2,9,4,1,4,8,2
66854,1,7,7,0,0,7,0,9,5,6,0
66855,5,8,3,1,6,0,7,1,4,4,7
66856,0,4,5,0,2,9,4,4,6,8,2
66857,7,1,0,3,4,6,1,5,7,3,4
66858,0,4,5,0,2,9,4,1,4,8,2
66859,0,4,7,0,2,7,4,4,6,8,0
66860,7,1,0,3,4,6,1,5,7,3,4
66861,0,8,3,1,6,0,4,1,4,4,0
66862,7,1,0,3,4,6,1,5,7,3,4
66863,7,1,0,3,4,6,1,5,7,3,4
66864,7,1,0,3,4,6,1,5,7,3,4
66865,5,8,3,1,6,0,7,1,4,4,0
66866,7,1,0,3,4,6,1,5,7,3,4
66867,1,7,7,2,0,7,0,9,5,6,5
66868,1,7,6,2,0,8,0,7,5,6,5
66869,1,7,6,2,0,8,0,9,5,6,5
66870,5,8,3,1,6,0,7,1,4,4,7
66871,0,4,5,0,2,9,4,1,4,8,2
66872,4,5,8,9,3,4,3,0,8,7,3
66873,7,1,0,3,4,6,1,5,7,3,4
66874,0,4,5,0,2,9,4,1,4,8,2
66875,7,1,0,3,4,6,1,5,7,3,4
66876,7,1,0,3,4,6,1,5,7,3,4
66877,3,6,1,8,5,3,2,6,0,1,1
66878,4,5,8,9,3,4,3,0,8,7,3
66879,7,1,0,3,4,6,1,5,7,3,4
66880,7,1,0,3,4,6,1,5,7,3,4
66881,4,5,8,9,3,4,3,0,8,7,3
66882,7,1,0,3,4,6,1,5,7,3,4
66883,1,7,6,2,0,8,0,9,5,6,5
66884,2,3,4,6,8,2,6,8,9,5,6
66885,4,5,8,9,3,4,3,0,8,7,3
66886,4,1,8,9,3,4,3,5,7,7,3
66887,0,4,3,0,2,0,4,1,4,8,0
66888,0,4,7,0,2,7,4,1,4,8,0
66889,2,3,4,6,8,7,6,8,9,5,6
66890,0,4,3,0,2,0,4,1,4,8,0
66891,1,7,6,2,0,8,0,9,5,6,5
66892,3,6,1,8,5,3,2,6,0,1,1
66893,5,5,8,9,3,4,3,0,8,7,7
66894,7,1,0,3,4,6,1,5,7,3,4
66895,0,4,5,0,2,9,4,1,4,8,0
66896,4,5,8,9,3,4,3,0,8,7,7
66897,2,3,4,6,4,2,6,8,9,5,6
66898,0,4,3,0,2,0,4,1,4,8,0
66899,0,1,3,0,4,0,4,1,4,3,0
66900,4,5,8,9,3,4,3,0,8,7,3
66901,1,7,6,2,0,8,0,9,5,6,5
66902,1,7,6,2,0,8,0,9,5,6,5
66903,0,4,7,0,2,7,4,4,6,8,0
66904,2,3,4,6,8,2,6,8,9,5,6
66905,1,7,6,0,0,8,0,9,5,6,0
66906,4,5,8,9,3,4,3,0,8,7,3
66907,7,1,0,3,4,6,1,5,7,3,4
66908,2,3,4,6,8,2,6,8,9,5,6
66909,0,4,3,0,2,0,4,1,4,8,0
66910,0,4,3,0,2,0,4,1,4,8,0
66911,5,8,3,1,6,0,7,1,4,4,7
66912,1,7,6,2,0,8,0,9,5,6,5
66913,1,7,6,2,0,8,0,9,5,6,5
66914,1,7,6,0,0,8,0,9,5,6,0
66915,0,8,3,0,2,0,4,1,4,8,0
66916,0,4,3,0,2,0,4,1,4,8,0
66917,1,7,6,2,0,8,0,9,5,6,5
66918,7,1,0,3,4,6,1,5,7,3,4
66919,0,4,6,0,2,8,4,9,5,8,0
66920,1,7,6,2,0,8,0,9,5,6,5
66921,3,6,1,8,5,3,2,6,0,1,1
66922,4,5,8,9,3,4,3,0,8,7,3
66923,6,0,2,7,1,5,9,2,3,2,9
66924,0,4,7,0,2,7,4,1,4,8,0
66925,2,1,4,6,8,2,6,8,9,5,6
66926,0,4,7,0,2,7,4,1,4,8,0
66927,3,0,1,4,5,3,2,6,1,1,1
66928,9,9,9,2,7,1,5,7,2,0,5
66929,6,5,2,7,1,5,9,2,3,2,9
66930,2,1,4,3,8,2,6,5,7,5,6
66931,0,4,7,0,2,7,4,4,6,8,0
66932,2,3,4,6,8,2,6,8,9,5,6
66933,4,5,8,9,3,4,3,0,8,7,3
66934,8,4,5,0,9,9,8,4,6,9,2
66935,2,3,4,6,8,2,6,8,9,5,6
66936,0,4,3,0,2,0,4,1,4,8,0
66937,3,0,1,4,5,3,2,6,1,1,1
66938,1,7,6,2,0,8,0,9,5,6,5
66939,6,5,2,7,1,5,9,2,3,2,9
66940,6,9,2,7,1,5,9,3,3,2,9
66941,8,4,7,5,9,7,8,4,6,9,0
66942,2,3,4,6,8,2,6,3,9,5,6
66943,4,5,8,9,3,4,3,3,8,7,3
66944,0,4,5,0,2,9,4,4,6,8,2
66945,8,2,7,5,9,7,8,4,6,9,8
66946,8,2,7,5,9,7,8,4,6,9,8
66947,3,6,1,8,5,3,2,6,0,1,1
66948,9,9,9,2,7,1,5,7,2,0,5
66949,6,5,2,7,1,5,9,2,3,2,9
66950,2,3,4,7,8,2,6,2,3,5,6
66951,8,2,7,5,9,7,8,4,6,9,8
66952,9,2,7,5,9,1,8,3,2,9,8
66953,4,5,8,9,3,4,3,0,8,7,3
66954,8,2,5,5,9,9,8,4,6,9,8
66955,2,3,4,6,8,2,6,8,9,5,6
66956,8,2,7,5,9,7,8,4,6,9,8
66957,2,1,4,3,8,2,6,5,7,5,6
66958,2,3,4,6,8,2,6,8,9,5,6
66959,3,0,1,4,5,3,2,6,1,1,1
66960,8,4,5,0,2,9,4,4,6,8,2
66961,1,7,6,2,0,8,0,9,5,6,5
66962,4,0,8,9,3,4,3,0,1,7,3
66963,8,4,5,5,9,9,8,4,6,9,2
66964,2,0,4,4,8,2,6,3,1,5,6
66965,2,3,4,6,8,2,6,3,9,5,6
66966,4,5,8,9,3,4,3,0,8,7,3
66967,8,2,7,5,9,7,8,4,6,9,8
66968,3,0,1,4,5,3,2,6,1,1,1
66969,9,9,9,2,7,1,5,7,2,0,5
66970,2,0,4,4,8,2,6,3,1,5,6
66971,3,0,1,4,5,3,2,0,1,1,1
66972,2,3,4,6,8,2,6,8,9,5,6
66973,7,1,0,3,4,6,1,5,7,3,4
66974,0,4,7,0,2,7,4,4,6,8,0
66975,2,0,4,7,8,2,6,3,3,5,6
66976,9,9,9,2,7,1,5,7,2,0,5
66977,2,3,4,6,8,2,6,8,9,5,6
66978,4,0,4,4,8,2,3,3,1,5,3
66979,3,0,1,4,5,3,2,6,1,1,1
66980,8,4,7,0,9,7,8,4,6,8,8
66981,2,3,4,6,8,2,6,3,9,5,6
66982,7,1,0,3,4,6,1,5,7,3,4
66983,0,4,7,0,2,7,4,4,6,8,0
66984,0,4,7,0,2,7,4,4,6,8,0
66985,2,1,4,3,8,2,6,5,7,5,6
66986,8,2,5,5,9,9,8,4,6,9,8
66987,4,5,8,9,3,4,3,0,8,7,3
66988,8,2,7,5,9,7,8,4,6,9,8
66989,6,5,2,7,1,5,9,2,3,2,9
66990,8,2,7,5,9,7,8,7,2,9,8
66991,2,0,4,6,8,2,6,3,9,5,6
66992,8,2,5,5,9,9,8,4,6,9,2
66993,6,5,2,7,1,5,9,2,3,2,9
66994,4,5,8,9,3,4,3,3,8,7,3
66995,8,2,7,5,9,7,8,4,6,9,8
66996,8,4,7,0,2,7,4,4,6,8,0
66997,9,2,9,5,9,1,8,7,2,9,8
66998,8,2,7,5,9,7,8,4,6,9,8
66999,8,2,7,5,9,7,8,4,6,9,8
67000,9,9,9,2,7,1,5,7,2,0,5
67001,6,5,2,7,1,5,9,2,3,2,9
67002,6,3,2,7,1,5,9,2,3,2,9
67003,2,3,4,6,8,2,6,5,9,5,6
67004,2,3,4,6,8,2,6,8,9,5,6
67005,9,9,9,2,7,1,5,7,2,0,5
67006,2,1,4,3,8,2,6,5,7,5,6
67007,6,5,2,7,1,5,9,2,3,2,9
67008,0,4,3,0,2,0,4,1,4,8,0
67009,8,2,7,5,9,7,8,4,6,9,8
67010,2,3,4,6,8,2,6,8,9,5,6
67011,2,3,4,6,8,2,6,8,9,5,6
67012,6,5,2,7,1,5,9,2,3,2,9
67013,6,5,2,7,1,5,9,2,3,2,9
67014,1,7,6,2,0,8,0,7,5,6,5
67015,6,5,2,7,1,5,9,2,3,2,9
67016,7,3,4,6,4,6,1,8,9,3,6
67017,4,5,8,9,3,4,3,0,8,7,3
67018,2,3,4,6,8,2,6,8,9,5,6
67019,1,7,6,2,0,8,0,9,5,6,5
67020,4,5,8,9,3,4,3,0,8,7,3
67021,8,2,5,5,9,9,8,4,6,9,2
67022,6,5,2,7,1,5,9,2,3,2,9
67023,9,9,9,2,7,1,5,7,2,0,5
67024,2,1,4,3,8,2,6,3,7,5,6
67025,0,4,7,0,2,7,4,4,6,8,0
67026,7,1,0,3,4,6,1,5,7,3,4
67027,2,3,4,6,8,2,6,8,9,5,6
67028,0,4,5,0,2,9,4,1,4,8,2
67029,2,3,4,6,8,2,6,3,2,5,6
67030,9,9,9,2,7,1,5,7,2,0,5
67031,2,0,4,4,8,2,6,3,1,5,6
67032,0,4,5,0,2,9,4,4,6,8,2
67033,8,2,7,5,9,7,8,4,6,9,8
67034,2,3,4,6,8,2,6,8,9,5,6
67035,2,1,4,3,8,2,6,5,7,5,6
67036,2,3,4,6,8,2,6,8,9,5,6
67037,4,0,1,4,3,3,3,3,1,7,3
67038,4,5,8,9,3,4,3,0,8,7,3
67039,4,5,8,9,3,4,3,0,8,7,3
67040,2,0,4,4,8,2,6,5,1,5,6
67041,8,2,5,5,9,9,8,4,6,9,8
67042,4,5,8,9,3,4,3,0,8,7,3
67043,8,2,7,5,9,7,8,4,6,9,8
67044,8,2,7,5,9,8,8,4,6,9,8
67045,8,2,7,5,9,7,8,4,2,9,8
67046,2,3,4,6,8,2,6,8,9,5,6
67047,8,2,7,5,9,7,8,4,6,9,8
67048,9,9,9,2,7,1,5,7,2,0,5
67049,4,0,4,4,8,2,3,3,1,5,3
67050,4,5,8,9,3,4,3,3,8,7,3
67051,4,5,8,9,3,4,3,3,8,7,3
67052,3,0,1,4,5,3,2,6,1,1,1
67053,9,9,9,2,7,1,5,7,2,0,5
67054,6,5,2,7,1,5,9,2,3,2,9
67055,7,1,0,3,4,6,1,8,7,3,4
67056,8,2,7,5,9,7,8,4,6,9,8
67057,8,2,7,5,9,7,8,3,2,9,8
67058,4,5,8,9,3,4,3,0,8,7,3
67059,8,2,5,5,9,9,8,4,6,9,8
67060,2,3,4,6,8,2,6,8,9,5,6
67061,8,2,7,5,9,7,8,4,6,9,8
67062,3,0,1,4,5,3,2,6,1,1,1
67063,1,7,6,2,0,8,0,9,5,6,5
67064,5,5,3,1,6,0,7,1,4,4,7
67065,2,3,4,6,8,2,6,8,9,5,6
67066,8,2,7,5,9,7,8,4,6,9,8
67067,2,3,4,6,8,2,6,3,9,5,6
67068,4,5,8,9,3,4,3,3,8,7,3
67069,8,2,5,5,9,9,8,4,6,9,2
67070,8,2,4,5,9,2,8,8,9,9,8
67071,0,4,7,0,2,7,4,4,6,8,0
67072,3,0,1,4,5,3,2,6,1,1,1
67073,1,7,6,2,0,8,0,9,5,6,5
67074,6,5,2,7,1,5,9,2,3,2,9
67075,2,3,4,6,8,2,6,5,9,5,6
67076,8,2,7,5,9,7,8,4,6,9,8
67077,8,2,7,5,9,7,8,3,6,9,8
67078,4,5,8,9,3,4,3,0,8,7,3
67079,8,2,5,5,9,9,8,4,6,9,2
67080,2,3,4,6,8,2,6,8,9,5,6
67081,8,2,7,5,9,7,8,4,6,9,8
67082,0,4,5,0,2,9,4,4,6,8,2
67083,8,2,7,5,9,7,8,4,6,9,0
67084,2,0,4,4,8,2,6,3,1,5,6
67085,0,4,7,0,2,7,4,4,6,8,0
67086,3,0,1,4,5,3,2,3,1,1,1
67087,1,7,6,2,0,8,0,9,5,6,5
67088,8,2,5,5,9,9,8,4,6,9,2
67089,0,4,7,0,2,7,4,4,6,8,0
67090,9,9,9,2,7,1,5,3,2,0,5
67091,9,9,9,2,7,1,5,7,2,0,5
67092,8,2,7,5,9,7,8,4,6,9,8
67093,6,5,2,7,1,5,9,2,3,2,9
67094,8,2,7,5,9,7,8,4,6,9,8
67095,8,2,7,5,9,7,8,4,6,9,8
67096,8,2,7,5,9,7,8,4,6,9,8
67097,2,3,4,6,8,2,6,8,9,5,6
67098,8,2,5,5,9,9,8,4,6,9,2
67099,2,3,4,6,8,2,6,8,9,5,6
67100,6,5,2,7,1,5,9,2,3,2,9
67101,8,2,7,5,9,7,8,4,6,9,8
67102,8,2,7,5,9,7,8,4,6,9,8
67103,2,3,4,6,8,2,6,8,9,5,6
67104,7,1,0,3,4,6,1,5,7,3,4
67105,4,5,8,9,3,4,3,0,8,7,3
67106,8,2,7,5,9,7,8,4,6,9,8
67107,8,2,7,5,9,7,8,4,6,9,8
67108,8,2,7,5,9,7,8,3,6,9,8
67109,2,3,4,6,8,2,6,8,9,5,6
67110,4,5,8,9,3,4,3,0,8,7,3
67111,8,2,5,5,9,9,8,4,6,9,8
67112,3,0,1,4,5,3,2,6,1,1,1
67113,4,5,8,9,3,4,3,0,8,7,3
67114,2,3,4,6,8,2,6,8,9,5,6
67115,9,9,9,2,7,1,5,7,2,0,5
67116,4,5,8,9,3,4,3,0,8,7,3
67117,2,3,4,6,8,2,6,8,9,5,6
67118,8,2,7,5,9,7,8,4,6,9,8
67119,2,3,4,6,8,2,6,8,9,5,6
67120,6,5,2,7,1,5,9,2,3,2,9
67121,8,2,7,5,9,7,8,4,6,9,8
67122,4,5,8,9,3,4,3,0,8,7,3
67123,9,9,9,2,7,1,5,7,2,0,5
67124,8,2,5,5,9,9,8,4,6,9,8
67125,0,4,7,0,2,7,4,4,6,8,0
67126,2,3,4,6,8,2,6,8,9,5,6
67127,2,3,7,6,8,7,6,8,9,5,8
67128,8,2,7,5,9,7,8,4,6,9,8
67129,2,0,4,4,8,2,6,3,1,5,6
67130,0,4,5,0,2,9,4,8,6,8,0
67131,2,3,4,6,8,2,6,8,9,5,6
67132,8,2,7,5,9,7,8,4,6,9,8
67133,2,0,4,4,8,2,6,3,1,5,6
67134,2,3,4,6,8,2,6,3,9,5,6
67135,9,9,9,2,7,1,5,9,2,0,5
67136,8,2,7,5,9,7,8,4,6,9,8
67137,8,2,7,5,9,7,8,4,6,9,8
67138,9,9,9,2,7,1,5,7,2,0,5
67139,3,0,1,4,5,3,2,3,1,1,1
67140,2,1,4,3,8,2,6,5,7,5,6
67141,8,2,5,5,9,9,8,4,6,9,2
67142,2,3,4,6,8,2,6,3,9,5,6
67143,8,2,7,5,9,7,8,8,9,9,8
67144,8,2,5,5,9,9,8,4,6,9,2
67145,8,2,5,5,9,9,8,4,6,9,2
67146,2,3,4,6,8,2,6,8,9,5,6
67147,6,5,2,7,1,5,9,2,3,2,9
67148,8,2,7,5,9,7,8,4,6,9,8
67149,8,2,5,5,9,9,8,4,6,9,8
67150,9,9,9,2,7,1,5,7,2,0,5
67151,6,5,2,7,1,5,9,2,3,2,9
67152,4,5,8,9,3,4,3,0,8,7,3
67153,8,2,7,5,9,7,8,4,6,9,8
67154,6,5,2,7,1,5,9,2,3,2,9
67155,8,2,7,5,9,7,8,3,2,9,8
67156,6,5,2,7,1,5,9,2,3,2,9
67157,7,1,0,3,4,6,1,8,7,3,4
67158,4,5,8,9,3,4,3,0,8,7,3
67159,4,5,8,9,3,4,3,0,8,7,3
67160,2,2,4,2,8,2,6,3,2,5,8
67161,2,0,4,4,8,2,6,3,1,5,6
67162,2,0,4,6,8,2,6,3,1,5,6
67163,6,5,2,7,1,5,9,2,3,2,9
67164,2,3,4,6,8,2,6,8,9,5,6
67165,9,9,9,2,7,1,5,7,2,0,5
67166,4,5,8,9,3,4,3,0,8,7,3
67167,9,9,9,2,7,1,5,7,2,0,5
67168,3,0,1,4,5,3,2,3,1,1,1
67169,8,2,7,5,9,7,8,4,6,9,8
67170,2,3,4,6,8,2,6,8,9,5,6
67171,9,9,9,2,7,1,5,7,2,0,5
67172,4,5,8,9,3,4,3,0,8,7,3
67173,9,9,9,2,7,1,5,7,2,0,5
67174,8,2,7,5,9,7,8,4,6,9,8
67175,3,6,1,8,5,3,2,6,0,1,1
67176,1,7,6,2,0,8,0,9,5,6,5
67177,0,4,7,0,2,7,4,4,6,8,0
67178,0,2,5,2,2,9,8,3,6,8,8
67179,4,5,8,9,3,4,3,0,8,7,3
67180,0,4,5,0,2,9,4,4,6,8,2
67181,2,3,4,6,8,2,6,8,9,5,6
67182,5,8,3,1,6,0,7,1,4,4,7
67183,1,7,6,2,0,8,0,9,5,6,5
67184,6,5,2,7,1,5,9,2,3,2,9
67185,7,1,0,3,4,6,1,5,7,3,4
67186,8,2,7,5,9,7,8,4,6,9,8
67187,8,2,7,2,9,7,8,3,2,9,8
67188,4,5,8,9,3,4,3,0,8,7,3
67189,8,2,5,5,9,9,8,4,6,9,8
67190,3,6,1,8,5,3,2,6,0,1,1
67191,9,9,9,2,7,1,5,7,2,0,5
67192,6,5,2,7,1,5,9,2,3,2,9
67193,6,0,2,7,1,5,9,5,3,2,9
67194,8,2,7,5,9,7,8,4,6,9,8
67195,9,9,9,2,7,1,5,3,2,0,5
67196,4,5,8,9,3,4,3,3,8,7,3
67197,5,4,5,1,6,9,7,1,4,4,2
67198,2,3,4,6,8,2,6,3,9,5,8
67199,0,4,5,0,2,7,4,4,6,8,2
67200,2,3,4,6,8,2,6,8,9,5,6
67201,8,2,7,5,9,7,8,4,6,9,8
67202,3,6,1,8,5,3,2,6,0,1,1
67203,3,0,1,4,5,3,2,6,1,1,1
67204,8,2,5,5,9,9,8,4,6,9,8
67205,6,5,2,7,1,5,9,2,3,2,9
67206,8,2,7,5,9,7,8,4,6,9,8
67207,2,3,4,6,8,2,6,8,9,5,6
67208,2,3,4,6,8,2,6,8,9,5,8
67209,2,3,4,9,8,2,6,3,9,5,6
67210,2,3,4,6,8,2,6,3,9,5,3
67211,2,3,4,6,8,2,6,3,9,5,6
67212,5,8,3,1,6,0,7,1,4,4,7
67213,4,5,8,9,3,4,3,0,8,7,3
67214,7,1,0,3,4,6,1,5,7,3,4
67215,7,1,0,3,4,6,1,5,7,3,4
67216,4,5,8,9,3,4,3,3,8,7,3
67217,9,9,9,2,7,1,5,7,2,0,5
67218,8,2,7,5,9,7,8,4,6,9,8
67219,0,4,5,0,2,9,4,1,6,8,2
67220,2,3,4,6,8,2,6,8,9,5,6
67221,3,0,1,4,5,3,2,6,1,1,1
67222,7,1,0,3,4,6,1,5,7,3,4
67223,9,9,9,2,7,1,5,7,2,0,5
67224,8,2,7,5,9,7,8,4,6,9,8
67225,3,6,1,8,5,3,2,6,0,1,1
67226,9,9,9,2,7,1,5,7,2,0,5
67227,0,4,7,0,2,7,4,4,6,8,0
67228,9,9,9,2,7,1,5,7,2,0,5
67229,5,8,3,1,6,0,7,1,4,4,7
67230,8,2,5,5,9,9,8,4,6,9,8
67231,3,0,1,4,5,3,2,3,1,1,1
67232,9,9,9,2,7,1,5,7,2,0,5
67233,7,1,0,3,4,6,1,5,7,3,4
67234,2,3,4,6,8,2,6,3,9,5,6
67235,5,8,3,1,6,0,7,1,4,4,7
67236,8,2,7,5,9,7,8,4,6,9,8
67237,6,5,2,7,1,5,9,2,3,2,9
67238,8,2,5,5,9,9,8,4,6,9,8
67239,4,5,8,9,3,4,3,3,8,7,3
67240,9,9,9,2,7,1,5,3,2,0,5
67241,9,9,9,2,7,1,5,9,2,0,5
67242,8,4,7,5,9,7,8,4,6,9,2
67243,8,2,7,5,9,7,8,4,6,9,8
67244,2,3,4,6,8,2,6,8,9,5,6
67245,6,5,2,7,1,5,9,2,3,2,9
67246,0,4,3,0,2,0,4,1,4,8,2
67247,9,9,9,2,7,1,5,7,2,0,5
67248,8,2,5,5,9,9,8,3,2,9,8
67249,5,5,3,1,6,0,7,3,4,4,7
67250,7,1,0,3,4,6,1,5,7,3,4
67251,8,2,7,5,9,7,8,4,6,9,8
67252,7,1,0,3,4,6,1,5,7,3,4
67253,9,9,9,2,7,1,5,7,2,0,5
67254,8,2,7,5,9,7,8,4,6,9,8
67255,3,0,1,4,5,3,2,6,1,1,1
67256,8,2,7,5,9,7,8,4,6,9,8
67257,7,1,0,3,4,6,1,5,7,3,4
67258,4,0,4,9,8,2,3,3,8,5,3
67259,2,3,4,6,8,2,6,8,9,5,6
67260,8,2,5,5,9,9,8,4,6,9,8
67261,3,0,1,4,5,3,2,6,1,1,1
67262,9,9,9,2,7,1,5,7,2,0,5
67263,3,0,1,4,5,3,2,3,1,1,1
67264,8,2,7,5,9,7,8,3,2,9,8
67265,2,3,4,6,8,2,6,8,9,5,6
67266,6,5,2,7,1,5,9,2,3,2,9
67267,8,2,5,5,9,9,8,4,6,9,8
67268,8,2,7,5,9,7,8,4,6,9,8
67269,2,0,4,4,8,2,6,3,1,5,6
67270,1,7,6,2,0,8,0,9,5,6,5
67271,6,5,2,7,1,5,9,2,3,2,9
67272,7,3,4,6,4,2,6,8,9,3,6
67273,0,4,7,0,2,7,4,4,6,8,0
67274,2,3,4,6,8,2,6,8,9,5,6
67275,4,5,8,9,3,4,3,3,8,7,3
67276,8,2,5,5,9,9,8,4,6,9,2
67277,2,3,4,6,8,2,6,8,9,5,6
67278,0,4,7,0,2,7,4,1,4,8,0
67279,3,0,1,4,5,3,2,6,1,1,1
67280,1,7,6,2,0,8,0,9,5,6,5
67281,6,5,2,7,1,5,9,2,3,2,9
67282,2,3,4,6,8,2,6,8,9,5,6
67283,0,4,3,0,2,7,4,1,4,8,0
67284,2,3,4,6,8,2,6,8,9,5,6
67285,4,5,8,9,3,4,3,0,8,7,3
67286,0,4,5,0,2,9,4,4,6,8,2
67287,2,3,4,6,8,2,6,8,9,5,6
67288,0,4,7,0,2,7,4,1,4,8,0
67289,3,0,1,4,5,3,2,6,1,1,1
67290,1,7,6,2,0,8,0,9,5,6,5
67291,6,5,2,7,1,5,9,2,3,2,9
67292,2,3,4,6,8,2,6,8,9,5,6
67293,0,4,3,0,2,0,4,1,4,8,0
67294,2,3,4,6,8,2,6,3,9,5,6
67295,4,5,8,9,3,4,3,0,8,7,3
67296,0,4,5,0,2,9,4,4,6,8,2
67297,2,3,4,6,8,2,6,8,9,5,6
67298,0,4,7,0,2,7,4,4,6,8,0
67299,1,7,6,2,0,8,0,9,5,6,5
67300,0,4,5,0,2,9,4,4,6,8,2
67301,0,4,7,0,2,7,4,4,6,8,0
67302,2,3,4,6,8,2,6,8,9,5,6
67303,1,7,6,2,0,8,0,9,5,6,5
67304,2,3,4,6,8,2,6,3,9,5,6
67305,4,5,8,9,3,4,3,0,8,7,3
67306,2,3,4,6,8,2,6,3,9,5,6
67307,8,2,5,5,9,9,8,4,6,9,2
67308,6,5,2,7,1,5,9,2,3,2,9
67309,2,3,4,6,8,2,6,8,9,5,6
67310,4,5,8,9,3,4,3,0,8,7,3
67311,7,1,0,3,4,6,1,5,7,3,4
67312,7,1,0,3,4,6,1,5,7,3,4
67313,2,3,4,6,8,2,6,8,9,5,6
67314,4,5,8,9,3,4,3,0,8,7,3
67315,2,3,4,6,8,2,6,8,9,5,6
67316,8,2,7,5,9,7,8,4,6,9,8
67317,3,0,1,4,5,3,2,6,1,1,1
67318,0,4,3,0,2,0,4,1,4,8,0
67319,1,7,6,2,0,8,0,9,5,6,5
67320,0,4,5,0,2,9,4,4,6,8,2
67321,6,5,2,7,1,5,9,2,3,2,9
67322,0,4,3,0,2,0,4,1,4,8,0
67323,1,7,6,2,0,8,0,9,5,6,5
67324,2,3,4,6,8,2,6,8,9,5,6
67325,1,7,6,2,0,8,0,9,5,6,5
67326,2,1,4,3,8,2,6,5,7,5,6
67327,6,5,2,7,1,5,9,2,3,2,9
67328,6,5,2,7,1,5,9,2,3,2,9
67329,7,1,4,3,4,2,6,5,7,3,6
67330,3,0,1,4,5,3,2,6,1,1,1
67331,4,5,8,9,3,4,3,0,8,7,3
67332,0,4,7,0,2,7,4,8,9,8,0
67333,2,3,4,6,8,2,6,8,9,5,6
67334,8,2,5,5,9,9,8,4,6,9,8
67335,4,5,8,9,3,4,3,0,8,7,3
67336,0,4,7,0,2,7,4,1,4,8,0
67337,3,0,1,4,5,3,2,3,1,1,1
67338,8,2,7,5,9,7,8,3,6,9,8
67339,2,3,4,6,8,2,6,8,9,5,6
67340,1,7,6,2,0,8,0,9,5,6,5
67341,0,4,7,0,2,7,4,1,4,8,0
67342,3,0,1,4,5,3,2,6,1,1,1
67343,4,5,8,9,3,4,3,3,8,7,3
67344,9,9,9,2,7,1,5,7,2,0,5
67345,6,3,2,7,1,5,9,2,3,2,9
67346,4,5,8,9,3,4,3,0,8,7,3
67347,0,4,3,0,2,0,4,1,4,8,0
67348,6,5,2,7,1,5,9,2,3,2,9
67349,6,3,2,7,1,5,9,2,3,2,9
67350,2,3,4,6,8,2,6,8,9,5,6
67351,2,3,4,6,8,2,6,3,9,5,6
67352,2,3,4,6,8,2,6,3,9,5,6
67353,9,9,9,2,7,1,5,7,2,0,5
67354,4,0,8,4,3,4,3,0,1,7,3
67355,8,4,5,0,2,9,4,4,6,8,2
67356,8,2,5,5,9,9,8,4,6,9,8
67357,8,2,7,5,9,7,8,4,6,9,8
67358,4,5,8,9,3,4,3,0,8,7,3
67359,6,5,2,7,1,5,9,2,3,2,9
67360,0,4,7,0,2,7,4,4,6,8,0
67361,8,2,7,5,9,7,8,4,6,9,8
67362,8,2,5,5,9,9,8,4,6,9,2
67363,4,0,8,4,3,4,3,3,1,7,3
67364,6,5,2,7,1,5,9,2,3,2,9
67365,2,3,4,6,8,2,6,8,9,5,6
67366,8,4,7,5,9,7,8,4,6,9,0
67367,3,0,1,4,5,3,2,3,1,1,1
67368,3,0,1,4,5,3,2,6,1,1,1
67369,2,3,4,6,8,2,6,8,9,5,6
67370,2,3,4,6,8,2,6,8,9,5,6
67371,2,3,4,6,8,2,6,8,9,5,6
67372,2,0,4,6,8,2,6,3,9,5,6
67373,1,7,9,2,0,1,0,7,5,6,5
67374,2,3,4,6,8,2,6,8,9,5,6
67375,8,2,5,5,9,9,8,4,6,9,8
67376,8,2,7,5,9,7,8,4,6,9,8
67377,8,2,7,5,9,7,8,4,6,9,8
67378,2,3,4,6,8,2,6,8,9,5,6
67379,2,3,4,6,8,2,6,8,9,5,6
67380,0,4,7,0,2,7,4,4,6,8,0
67381,2,0,4,4,8,2,6,3,1,5,6
67382,0,4,7,0,2,7,4,4,6,8,0
67383,2,3,4,6,8,2,6,8,9,5,6
67384,0,4,7,0,2,7,4,4,6,8,0
67385,3,0,1,4,5,3,2,6,1,1,1
67386,6,5,2,7,1,5,9,2,3,2,9
67387,4,5,8,9,3,4,3,0,8,7,3
67388,2,3,4,6,8,2,6,3,9,5,6
67389,4,5,8,9,3,4,3,0,8,7,3
67390,8,2,5,5,9,9,8,4,6,9,8
67391,8,2,7,5,9,7,8,4,6,9,8
67392,8,2,5,5,9,9,8,4,6,9,8
67393,2,3,4,6,8,2,6,3,9,5,6
67394,8,2,7,5,9,7,8,3,9,9,8
67395,9,9,9,2,7,1,5,7,2,0,5
67396,2,3,4,6,8,2,6,8,9,5,6
67397,2,3,4,6,8,2,6,3,9,5,6
67398,6,3,2,7,1,5,9,2,3,2,9
67399,9,9,9,2,7,1,5,7,2,0,5
67400,6,5,2,7,1,5,9,2,3,2,9
67401,7,0,0,4,4,6,1,5,1,3,4
67402,9,9,9,2,7,1,5,7,2,0,8
67403,2,3,4,6,8,2,6,8,9,5,6
67404,4,5,8,9,3,4,3,3,8,7,3
67405,9,9,9,2,7,1,5,7,2,0,5
67406,6,5,2,7,1,5,9,2,3,2,9
67407,7,1,0,3,4,6,1,5,7,3,4
67408,8,2,7,5,9,7,8,4,6,9,8
67409,4,5,8,9,3,4,3,0,8,7,3
67410,3,6,1,8,5,3,2,6,0,1,1
67411,9,9,9,2,7,1,5,7,2,0,5
67412,6,5,2,7,1,5,9,2,3,2,9
67413,9,2,7,5,7,7,5,3,2,0,8
67414,8,2,7,5,9,7,8,3,2,9,8
67415,4,5,8,9,3,4,3,0,8,7,3
67416,8,2,5,5,9,9,8,4,6,9,8
67417,2,3,4,6,8,2,6,8,9,5,6
67418,9,9,9,2,7,1,5,7,2,0,5
67419,8,2,5,5,9,9,8,4,6,9,8
67420,6,5,2,7,1,5,9,2,3,2,9
67421,8,2,7,5,9,7,8,4,6,9,8
67422,9,9,9,2,7,1,5,7,2,0,5
67423,8,2,7,5,9,7,8,4,2,9,8
67424,9,9,9,2,7,1,5,7,2,0,5
67425,8,2,7,5,9,7,8,4,6,9,8
67426,8,2,7,5,9,7,8,4,6,9,8
67427,4,5,8,9,3,4,3,3,8,7,3
67428,2,3,4,6,8,2,6,8,9,5,6
67429,8,2,7,5,9,7,8,4,6,9,8
67430,2,0,4,2,8,2,6,3,1,5,6
67431,2,1,4,3,8,2,6,5,7,5,6
67432,9,9,9,2,7,1,5,7,2,0,9
67433,9,9,9,2,7,1,5,3,2,0,5
67434,9,9,9,2,7,1,5,7,2,0,5
67435,2,3,4,6,8,2,6,8,9,5,6
67436,2,3,4,6,8,2,6,8,9,5,6
67437,9,9,9,2,7,1,5,3,2,0,8
67438,4,5,8,9,3,4,3,0,8,7,3
67439,8,2,5,5,9,9,8,4,6,9,8
67440,2,0,4,4,8,2,6,3,1,5,6
67441,4,5,8,9,3,4,3,0,8,7,3
67442,9,9,9,2,7,1,5,7,2,0,5
67443,4,5,8,9,3,4,3,0,8,7,3
67444,2,3,4,6,8,2,6,8,9,5,6
67445,8,2,5,5,9,9,8,4,6,9,8
67446,3,0,1,4,5,3,2,3,1,1,1
67447,9,9,9,2,7,1,5,7,2,0,5
67448,3,0,1,4,5,3,2,5,1,1,1
67449,3,0,1,4,5,3,2,3,1,1,1
67450,2,3,4,6,8,2,6,8,9,5,6
67451,9,9,9,2,7,1,5,7,2,0,5
67452,3,0,1,4,5,3,2,3,1,1,1
67453,9,9,9,2,7,1,5,7,2,0,5
67454,9,9,9,2,7,1,5,9,2,0,5
67455,2,3,4,6,8,2,6,8,9,5,6
67456,8,2,7,5,9,7,8,4,6,9,8
67457,6,3,2,7,1,5,9,2,3,2,9
67458,7,1,0,3,4,6,1,5,7,3,4
67459,8,2,7,5,9,7,8,4,6,9,8
67460,8,2,5,5,9,9,8,4,6,9,8
67461,4,5,8,9,3,4,3,0,8,7,3
67462,0,4,3,0,2,0,4,1,4,8,2
67463,9,9,9,2,7,1,5,7,2,0,5
67464,8,2,7,5,9,7,8,4,6,9,8
67465,3,0,1,4,5,3,2,3,1,1,1
67466,4,5,2,7,1,5,3,3,2,2,3
67467,8,2,5,5,9,9,8,4,6,9,2
67468,9,9,9,2,7,1,5,7,2,0,5
67469,5,8,2,1,6,5,7,2,3,4,7
67470,7,1,0,3,4,6,1,5,7,3,4
67471,8,2,7,5,9,7,8,4,6,9,8
67472,8,2,7,5,9,7,8,4,6,9,8
67473,9,9,9,2,7,1,5,7,2,0,8
67474,9,9,9,2,7,1,5,3,2,0,5
67475,2,3,4,6,8,2,6,8,9,5,6
67476,6,3,2,7,1,5,9,3,3,2,9
67477,8,2,5,5,9,9,8,4,6,9,2
67478,7,1,0,3,4,6,1,5,7,3,4
67479,2,3,4,6,8,2,6,8,9,5,6
67480,9,9,9,2,7,1,5,7,2,0,5
67481,2,3,4,6,8,2,6,8,9,5,6
67482,6,5,2,7,1,5,9,2,3,2,9
67483,6,5,2,7,1,5,9,2,3,2,9
67484,2,3,4,6,8,2,6,8,9,5,6
67485,3,0,1,4,5,3,2,3,1,1,1
67486,6,5,2,7,1,5,9,2,3,2,9
67487,8,2,7,5,9,7,8,4,6,9,8
67488,8,2,7,5,9,7,8,4,6,9,8
67489,8,2,7,5,9,7,8,4,6,9,8
67490,8,2,2,5,9,5,8,2,3,9,8
67491,8,0,2,4,9,5,8,3,1,9,8
67492,0,4,5,0,2,9,4,4,6,8,2
67493,8,2,5,5,9,9,8,4,6,9,8
67494,8,2,7,5,9,7,8,4,6,9,8
67495,8,2,9,5,9,1,8,4,6,9,8
67496,0,4,7,0,2,7,4,4,6,8,0
67497,6,5,2,7,1,5,9,2,3,2,9
67498,2,5,4,7,8,2,6,3,3,5,6
67499,8,2,7,5,9,7,8,4,6,9,8
67500,9,3,9,6,7,1,5,8,9,0,6
67501,2,1,4,3,8,2,6,5,7,5,6
67502,2,3,4,6,8,2,6,8,9,5,6
67503,4,5,8,9,3,4,3,0,8,7,3
67504,8,2,2,5,9,5,8,4,6,9,8
67505,3,0,1,4,5,3,2,3,1,1,8
67506,3,0,1,4,5,3,2,3,1,1,1
67507,9,9,9,2,7,1,5,7,2,0,5
67508,6,5,2,7,1,5,9,2,3,2,9
67509,2,3,4,6,8,2,6,8,9,5,6
67510,9,9,7,5,7,7,5,7,2,0,8
67511,4,0,8,4,3,4,3,3,1,7,3
67512,4,5,8,9,3,4,3,3,8,7,3
67513,8,2,5,5,9,9,8,4,6,9,2
67514,2,0,4,4,8,2,6,8,1,5,6
67515,0,4,7,0,2,7,4,4,6,8,0
67516,3,0,1,4,5,3,2,3,1,1,1
67517,9,9,9,2,7,1,5,7,2,0,5
67518,2,3,4,6,8,2,6,2,3,5,6
67519,2,3,4,6,8,2,6,8,9,5,6
67520,8,2,7,5,9,7,8,4,6,9,8
67521,9,9,9,2,7,1,5,3,2,0,5
67522,4,5,8,9,3,4,3,3,8,7,3
67523,9,2,9,5,9,1,8,7,2,9,8
67524,2,0,4,4,8,2,6,8,1,5,6
67525,8,2,7,5,9,7,8,4,6,9,8
67526,3,0,1,4,5,3,2,3,1,1,1
67527,9,9,9,2,7,1,5,7,2,0,5
67528,6,3,2,7,1,5,9,2,3,2,9
67529,2,3,4,6,8,2,6,3,9,5,6
67530,8,2,7,5,9,7,8,4,6,9,8
67531,9,9,9,2,7,1,5,3,2,0,8
67532,4,5,8,9,3,4,3,3,8,7,3
67533,8,2,5,5,9,9,8,4,6,9,8
67534,2,3,4,6,8,2,6,8,9,5,6
67535,8,2,7,5,9,7,8,4,6,9,8
67536,2,0,4,4,8,2,6,3,1,5,6
67537,3,0,1,4,5,3,2,6,1,1,1
67538,8,2,5,5,9,9,8,4,6,9,8
67539,2,3,4,6,8,2,6,8,9,5,6
67540,4,5,8,9,3,4,3,0,8,7,3
67541,9,9,9,2,7,1,5,3,2,0,5
67542,9,9,9,2,7,1,5,7,2,0,5
67543,2,3,4,6,8,2,6,8,9,5,6
67544,8,2,5,5,9,9,8,4,6,9,8
67545,2,3,4,6,8,2,6,8,9,5,6
67546,4,5,8,9,3,4,3,3,8,7,3
67547,4,5,8,9,3,4,3,3,8,7,3
67548,4,5,8,9,3,4,3,0,8,7,3
67549,4,5,8,9,3,4,3,3,8,7,3
67550,8,2,7,5,9,7,8,4,6,9,8
67551,2,3,4,6,8,2,6,3,9,5,6
67552,2,3,4,6,8,2,6,8,9,5,6
67553,2,3,4,6,8,2,6,8,9,5,6
67554,2,1,4,3,8,2,6,5,7,5,6
67555,3,0,1,4,5,3,2,3,1,1,1
67556,9,9,9,2,7,1,5,7,2,0,5
67557,8,2,7,5,9,7,8,4,6,9,8
67558,6,0,2,4,1,5,9,3,1,2,9
67559,7,0,0,3,4,6,1,5,7,3,4
67560,9,9,7,5,7,7,5,7,2,0,8
67561,9,9,9,2,7,1,5,7,2,0,5
67562,8,2,7,5,9,7,8,4,6,9,8
67563,9,9,9,2,7,1,5,7,2,0,5
67564,6,3,2,7,1,5,9,2,3,2,9
67565,8,2,7,5,9,7,8,4,6,9,8
67566,3,0,1,4,5,3,2,6,1,1,1
67567,9,9,9,2,7,1,5,7,2,0,5
67568,2,3,4,6,8,2,6,3,9,5,6
67569,2,3,4,6,8,2,6,8,9,5,6
67570,6,3,2,7,1,5,9,2,3,2,9
67571,8,2,7,5,9,7,8,4,6,9,8
67572,6,5,2,7,1,5,9,2,3,2,9
67573,8,2,5,5,9,9,8,4,6,9,8
67574,9,9,9,2,7,1,5,7,2,0,5
67575,6,3,2,7,1,5,9,2,3,2,9
67576,4,5,8,9,3,4,3,0,8,7,3
67577,9,9,9,2,7,1,5,3,2,0,8
67578,9,9,9,2,7,1,5,3,2,0,8
67579,8,2,7,5,9,7,8,4,6,9,8
67580,8,2,7,5,9,7,8,4,6,9,8
67581,9,9,9,2,7,1,5,7,2,0,5
67582,9,9,9,2,7,1,5,7,2,0,5
67583,9,9,9,2,7,1,5,3,2,0,5
67584,8,2,5,5,9,9,8,4,6,9,8
67585,4,5,8,9,3,4,3,0,8,7,3
67586,2,3,4,6,8,2,6,8,9,5,6
67587,2,3,4,6,8,2,6,8,9,5,6
67588,1,7,6,2,0,8,0,9,5,6,5
67589,8,4,7,5,9,7,8,4,6,9,0
67590,2,3,4,6,8,2,6,8,9,5,6
67591,9,9,9,2,7,1,5,7,2,0,5
67592,0,4,7,0,2,7,4,4,6,8,0
67593,3,0,1,4,5,3,2,6,1,1,1
67594,0,4,7,0,2,7,4,4,6,8,0
67595,2,3,4,6,8,2,6,8,9,5,6
67596,4,5,8,9,3,4,3,0,8,7,3
67597,2,3,4,6,8,2,6,8,9,5,6
67598,8,2,5,5,9,9,8,4,6,9,2
67599,2,0,4,4,8,2,6,3,1,5,6
67600,9,9,9,2,7,1,5,7,2,0,5
67601,3,0,1,4,5,3,2,6,1,1,1
67602,2,0,4,4,8,2,6,3,1,5,6
67603,2,0,4,4,8,2,6,8,1,5,6
67604,6,3,2,7,1,5,9,2,3,2,9
67605,8,2,5,5,9,9,8,4,6,9,8
67606,9,9,9,2,7,1,5,7,2,0,8
67607,3,6,1,8,5,3,2,6,0,1,1
67608,1,7,6,2,0,8,0,9,5,6,5
67609,6,5,2,7,1,5,9,2,3,2,9
67610,7,1,0,3,4,6,1,5,7,3,4
67611,5,8,3,1,6,0,7,1,4,4,7
67612,7,1,0,3,4,6,1,5,7,3,4
67613,4,5,8,9,3,4,3,0,8,7,3
67614,0,4,5,0,2,9,4,4,6,8,2
67615,2,3,4,6,8,2,6,8,9,5,6
67616,0,4,3,0,2,0,4,1,4,8,0
67617,3,6,1,8,5,3,2,6,0,1,1
67618,1,7,6,2,0,8,0,9,5,6,5
67619,7,1,0,3,4,6,1,5,7,3,4
67620,7,1,0,3,4,6,1,5,7,3,4
67621,5,8,3,1,6,0,7,1,4,4,7
67622,7,1,0,3,4,6,1,5,7,3,4
67623,2,3,4,6,8,2,6,8,9,5,6
67624,5,8,3,1,6,0,7,1,4,4,7
67625,3,6,1,8,5,3,2,6,0,1,1
67626,1,7,6,2,0,8,0,9,5,6,5
67627,6,5,2,7,1,5,9,2,3,2,9
67628,7,1,0,3,4,6,1,5,7,3,4
67629,5,8,3,1,6,0,7,1,4,4,7
67630,7,1,0,3,4,6,1,5,7,3,4
67631,4,5,8,9,3,4,3,0,8,7,3
67632,0,4,5,0,2,9,4,4,6,8,2
67633,2,3,4,6,8,2,6,8,9,5,6
67634,0,4,7,0,2,7,4,1,4,8,0
67635,6,5,2,7,1,5,9,2,3,2,9
67636,1,7,6,2,0,8,0,9,5,6,5
67637,7,1,0,3,4,6,1,5,7,3,4
67638,1,7,6,2,0,8,0,9,5,6,5
67639,7,1,0,3,4,6,1,5,7,3,4
67640,0,4,3,0,2,0,4,1,4,8,0
67641,0,4,3,0,2,0,4,1,4,8,0
67642,2,3,4,6,8,2,6,8,9,5,6
67643,7,1,0,3,4,6,1,5,7,3,4
67644,7,1,0,3,4,6,1,5,7,3,4
67645,8,2,5,5,9,9,8,4,6,9,2
67646,3,0,1,4,5,3,2,6,1,1,1
67647,8,2,5,5,9,9,8,4,6,9,8
67648,8,2,5,5,9,9,8,4,6,9,8
67649,7,1,0,3,4,6,1,5,7,3,4
67650,0,4,5,0,2,9,4,4,6,8,2
67651,0,4,7,0,2,7,4,4,6,8,0
67652,0,4,7,0,2,7,4,1,4,8,0
67653,5,8,3,1,6,0,7,1,4,4,7
67654,0,4,5,0,2,9,4,4,6,8,2
67655,3,0,1,4,5,3,2,6,1,1,1
67656,7,1,0,3,4,6,1,5,7,3,4
67657,5,8,3,1,6,0,7,1,4,4,7
67658,1,7,6,2,0,8,0,9,5,6,5
67659,7,1,0,3,4,6,1,5,7,3,4
67660,2,3,4,6,8,2,6,8,9,5,6
67661,1,7,6,2,0,8,0,9,5,6,5
67662,0,4,3,0,2,0,4,1,4,8,0
67663,2,3,4,6,8,2,6,8,9,5,6
67664,5,8,3,1,6,0,7,1,4,4,7
67665,1,7,6,2,0,8,0,9,5,6,5
67666,2,3,4,6,8,2,6,8,9,5,6
67667,5,5,8,1,6,4,7,0,8,4,7
67668,4,5,8,9,3,4,3,0,8,7,3
67669,5,8,3,1,6,0,7,1,4,4,7
67670,4,5,8,9,3,4,3,0,8,7,3
67671,7,1,0,3,4,6,1,5,7,3,4
67672,7,1,0,3,4,6,1,5,7,3,4
67673,7,1,0,3,4,6,1,5,7,3,0
67674,7,1,0,3,4,6,1,5,7,3,4
67675,1,7,6,3,0,8,0,9,5,6,4
67676,7,1,0,3,4,6,1,5,7,3,4
67677,0,4,5,0,2,9,4,4,6,8,2
67678,6,5,2,7,1,5,9,2,3,2,9
67679,7,1,0,3,4,6,1,5,7,3,4
67680,0,4,7,0,2,7,4,1,4,8,0
67681,4,5,8,9,3,4,3,0,8,7,3
67682,0,4,7,0,2,7,4,4,6,8,0
67683,6,0,2,7,1,5,9,2,3,2,1
67684,4,5,8,9,3,4,3,0,8,7,3
67685,6,5,2,7,1,5,9,2,3,2,9
67686,1,7,6,2,0,8,0,9,5,6,5
67687,6,0,2,4,1,5,9,2,1,2,9
67688,3,6,1,8,5,3,2,6,0,1,1
67689,7,1,0,3,4,6,1,5,7,3,4
67690,7,1,0,3,4,6,1,5,7,3,4
67691,7,1,0,3,4,6,1,5,7,3,4
67692,1,7,6,2,0,8,0,9,5,6,5
67693,3,6,1,8,5,3,2,6,0,1,1
67694,7,1,0,3,4,6,1,5,7,3,4
67695,5,8,3,1,6,0,7,1,4,4,2
67696,5,8,3,1,6,0,7,1,4,4,7
67697,0,4,7,0,2,7,4,4,6,8,0
67698,7,1,0,3,4,6,1,5,7,3,4
67699,3,6,1,8,5,3,2,6,0,1,1
67700,0,4,3,0,2,0,4,1,4,8,0
67701,0,4,5,0,2,9,4,4,6,8,2
67702,3,6,1,8,5,3,2,6,0,1,1
67703,3,6,1,8,5,3,2,6,0,1,1
67704,0,4,3,0,2,0,4,1,4,8,0
67705,5,5,8,9,6,4,7,0,8,4,7
67706,3,6,1,8,5,3,2,6,0,1,1
67707,0,4,7,0,2,7,4,4,6,8,0
67708,9,9,9,2,7,1,5,7,2,0,5
67709,5,5,8,1,6,4,7,0,8,4,7
67710,6,5,2,7,1,5,9,2,3,2,9
67711,5,8,3,1,6,0,7,1,4,4,7
67712,5,5,2,1,6,5,7,0,8,4,7
67713,7,1,0,3,4,6,1,8,7,3,4
67714,7,1,0,3,4,6,1,5,7,3,4
67715,7,1,0,3,4,6,1,5,7,3,4
67716,6,5,2,7,1,5,9,2,3,2,9
67717,1,7,6,2,0,8,0,9,5,6,5
67718,2,3,4,6,8,2,6,8,9,5,6
67719,7,1,0,3,4,6,1,5,7,3,4
67720,7,1,0,3,4,6,1,5,7,3,4
67721,5,5,8,9,3,4,7,0,8,7,7
67722,1,7,6,2,0,8,0,9,5,6,5
67723,3,6,1,8,5,3,2,6,0,1,1
67724,6,0,2,4,1,5,9,3,1,2,9
67725,1,7,6,2,0,8,0,9,5,6,5
67726,5,8,3,1,6,0,7,1,4,4,0
67727,3,0,1,4,5,3,2,6,1,1,1
67728,9,9,9,2,7,1,5,7,2,0,5
67729,6,5,2,7,1,5,9,2,3,2,9
67730,2,0,4,4,8,2,6,2,1,5,6
67731,8,2,7,5,9,7,8,4,6,9,8
67732,2,3,4,6,8,2,6,8,9,5,6
67733,4,5,8,9,3,4,3,0,8,7,3
67734,8,2,5,5,9,9,8,4,6,9,2
67735,2,3,4,6,8,2,6,8,9,5,6
67736,9,9,9,2,7,1,5,7,2,0,5
67737,3,6,1,8,5,3,2,6,0,1,1
67738,9,9,9,2,7,1,5,7,2,0,5
67739,6,5,2,7,1,5,9,2,3,2,9
67740,7,1,0,3,4,6,1,5,7,3,6
67741,8,2,7,5,9,7,8,4,6,9,0
67742,2,3,4,6,8,2,6,3,9,5,6
67743,4,5,8,9,3,4,3,0,8,7,3
67744,8,2,5,5,9,9,8,4,6,9,2
67745,2,3,4,6,8,2,6,8,9,5,6
67746,8,2,7,5,9,7,8,4,6,9,8
67747,3,0,1,4,5,3,2,6,1,1,1
67748,9,9,9,2,7,1,5,7,2,0,5
67749,6,5,2,7,1,5,9,2,3,2,9
67750,6,3,2,7,1,5,9,2,3,2,9
67751,8,2,7,5,9,7,8,4,6,9,8
67752,2,0,4,4,8,2,6,3,1,5,6
67753,4,5,8,9,3,4,3,0,8,7,3
67754,8,2,5,5,9,9,8,4,6,9,8
67755,2,3,4,6,8,2,6,8,9,5,6
67756,8,2,4,5,9,2,8,4,6,9,8
67757,8,2,5,5,9,9,8,4,6,9,2
67758,4,5,8,9,3,4,3,0,8,7,3
67759,8,2,7,5,9,7,8,4,6,9,8
67760,8,2,5,5,9,9,8,4,6,9,2
67761,4,5,8,9,3,4,3,0,8,7,3
67762,6,5,2,7,1,5,9,2,3,2,9
67763,7,1,0,3,4,6,1,5,7,3,4
67764,8,2,7,5,9,7,8,4,6,9,8
67765,2,3,4,6,8,2,6,8,9,5,6
67766,8,2,5,5,9,9,8,4,6,9,2
67767,2,3,4,6,8,2,6,8,9,5,6
67768,4,5,8,9,3,4,3,0,8,7,3
67769,8,2,7,5,9,7,8,4,6,9,8
67770,2,3,4,6,8,2,6,8,9,5,6
67771,6,3,2,7,1,2,9,2,3,2,9
67772,6,5,2,7,1,5,9,2,3,2,9
67773,6,5,2,7,1,5,9,2,3,2,9
67774,7,3,4,6,4,6,6,8,9,3,6
67775,8,2,7,5,9,7,8,4,6,9,8
67776,2,3,4,6,8,2,6,8,9,5,6
67777,2,0,4,4,8,2,6,5,1,5,6
67778,4,5,8,9,3,4,3,0,8,7,3
67779,4,5,8,9,3,4,3,3,8,7,3
67780,3,6,1,8,5,3,2,6,0,1,1
67781,6,5,2,7,1,5,9,2,3,2,9
67782,3,0,1,4,5,3,2,6,1,1,1
67783,9,9,9,2,7,1,5,7,2,0,5
67784,9,9,9,2,7,1,5,7,2,0,5
67785,6,5,2,7,1,5,9,2,3,2,9
67786,0,4,5,0,2,9,4,4,6,8,2
67787,4,5,8,9,3,4,3,0,8,7,3
67788,2,3,4,6,8,2,6,8,9,5,6
67789,6,5,2,7,1,5,9,2,3,2,9
67790,9,9,9,2,7,1,5,7,2,0,5
67791,3,0,1,4,5,3,2,6,1,1,1
67792,4,5,8,9,3,4,3,0,8,7,3
67793,2,3,4,6,8,2,6,8,9,5,6
67794,6,5,2,7,1,5,9,2,3,2,9
67795,0,4,7,0,2,7,4,4,6,8,0
67796,8,2,5,5,9,9,8,4,6,9,8
67797,6,5,2,7,1,5,9,2,3,2,9
67798,2,0,4,7,8,2,6,2,3,5,6
67799,8,2,7,5,9,7,8,4,6,9,8
67800,6,0,2,7,1,5,9,2,3,2,9
67801,0,4,5,0,2,9,4,4,6,8,2
67802,9,9,9,2,7,1,5,7,2,0,5
67803,7,1,0,3,4,6,1,8,7,3,6
67804,6,1,2,7,1,5,9,5,7,2,9
67805,2,3,4,6,8,2,6,8,9,5,6
67806,9,9,9,2,7,1,5,7,2,0,5
67807,8,2,7,5,9,7,8,4,6,9,8
67808,9,9,9,2,7,1,5,3,2,0,8
67809,2,5,4,9,8,2,6,3,9,5,3
67810,3,6,1,8,5,3,2,6,0,1,1
67811,9,9,9,2,7,1,5,7,2,0,5
67812,9,9,9,2,7,1,5,7,2,0,5
67813,8,2,5,5,9,9,8,4,6,9,8
67814,2,3,4,6,8,2,6,8,9,5,6
67815,6,5,2,7,1,5,9,2,3,2,9
67816,4,5,8,9,3,4,3,0,8,7,3
67817,3,0,1,4,5,3,2,6,1,1,1
67818,5,2,7,5,9,7,7,4,6,9,7
67819,8,2,7,5,9,7,8,3,2,9,8
67820,3,0,1,4,5,3,2,6,1,1,1
67821,6,0,2,7,1,5,9,2,3,2,9
67822,9,9,9,2,7,1,5,7,2,0,5
67823,7,1,0,3,4,6,1,5,7,3,4
67824,4,5,8,9,3,4,3,0,8,7,3
67825,8,2,5,5,9,9,8,4,6,9,2
67826,9,9,9,2,7,1,5,3,2,0,5
67827,0,4,7,0,2,7,4,1,4,8,0
67828,8,4,7,0,2,7,4,4,6,8,0
67829,6,3,2,7,1,5,9,2,3,2,9
67830,3,6,1,8,5,3,2,6,0,1,1
67831,6,1,2,7,1,5,9,2,3,2,9
67832,9,9,9,2,7,1,5,7,2,0,5
67833,0,4,7,0,2,7,4,4,6,8,0
67834,8,4,7,0,2,7,8,4,6,8,0
67835,3,6,1,8,5,3,2,6,0,1,1
67836,5,2,7,1,6,7,7,4,6,4,7
67837,8,2,7,5,9,7,8,4,6,9,8
67838,3,0,1,4,5,3,2,6,1,1,1
67839,9,9,9,2,7,1,5,7,2,0,5
67840,6,5,2,7,1,5,9,2,3,2,9
67841,7,1,0,3,4,6,1,5,7,3,4
67842,8,2,7,5,9,7,8,3,8,9,8
67843,4,5,8,9,3,4,3,0,8,7,3
67844,0,4,5,0,2,9,4,4,6,8,2
67845,2,3,4,6,8,2,6,8,9,5,6
67846,3,0,1,4,5,3,2,6,1,1,1
67847,9,9,9,7,7,1,5,7,2,0,9
67848,6,5,2,7,1,5,9,2,3,2,9
67849,6,2,2,7,1,5,9,3,3,2,9
67850,4,5,8,9,3,4,3,3,8,7,3
67851,4,0,8,9,3,4,3,6,8,7,3
67852,8,2,5,5,9,9,8,4,6,9,2
67853,2,3,4,6,8,2,6,8,9,5,6
67854,8,2,7,5,9,7,8,4,6,9,0
67855,3,0,1,4,5,3,2,6,1,1,1
67856,9,9,9,7,7,1,5,7,2,0,9
67857,5,8,2,1,6,5,7,2,3,4,7
67858,6,5,2,7,1,5,9,2,3,2,9
67859,9,9,9,2,7,1,5,3,2,0,5
67860,3,0,1,4,5,3,2,6,1,1,1
67861,8,2,5,5,9,9,8,4,6,9,8
67862,2,3,4,6,8,2,6,8,9,5,6
67863,8,2,7,5,9,7,8,4,6,9,8
67864,0,4,3,0,2,0,4,1,4,8,0
67865,8,2,5,5,9,9,8,4,6,9,2
67866,3,0,1,4,5,3,2,6,1,1,1
67867,8,2,7,5,9,7,8,4,6,9,8
67868,3,0,1,4,5,3,2,6,1,1,1
67869,9,9,9,7,7,1,5,7,2,0,9
67870,9,2,9,5,7,1,8,3,2,9,8
67871,2,3,4,6,8,2,6,8,9,5,6
67872,2,3,4,6,8,2,6,8,9,5,6
67873,3,0,1,4,5,3,2,6,1,1,1
67874,8,2,7,5,9,7,8,4,6,9,8
67875,6,3,2,7,1,5,9,3,3,2,9
67876,5,5,7,1,6,7,7,1,4,4,7
67877,8,2,5,5,9,9,8,4,6,9,8
67878,2,3,4,6,8,2,6,8,9,5,6
67879,8,2,7,5,9,7,8,4,6,9,8
67880,4,5,8,9,3,4,3,3,8,7,3
67881,9,9,9,2,7,1,5,7,2,0,5
67882,3,0,1,4,5,3,2,6,1,1,1
67883,8,2,7,5,9,7,8,4,6,9,8
67884,8,2,7,5,9,7,8,4,6,9,0
67885,5,8,7,1,6,7,7,1,4,4,7
67886,5,8,3,1,6,0,7,1,4,4,7
67887,3,0,1,4,5,3,2,6,1,1,1
67888,9,9,9,2,7,1,5,7,2,0,5
67889,3,0,1,4,5,3,2,6,1,1,1
67890,9,9,9,2,7,1,5,7,2,0,5
67891,4,5,8,9,3,4,3,0,8,7,3
67892,8,2,7,5,9,7,8,4,6,9,8
67893,2,0,4,4,8,2,6,3,1,5,6
67894,6,5,2,7,1,5,9,2,3,2,7
67895,8,2,7,5,9,7,8,4,6,9,8
67896,9,9,9,2,7,1,5,7,2,0,5
67897,4,5,8,9,3,4,3,0,8,7,3
67898,3,0,1,4,5,3,2,6,1,1,1
67899,9,9,9,6,7,1,5,7,2,0,8
67900,9,9,9,7,7,1,5,7,2,0,9
67901,2,3,4,6,8,2,6,8,9,5,6
67902,8,2,4,5,9,2,8,4,6,9,8
67903,8,2,5,5,9,9,8,4,6,9,8
67904,4,5,8,9,3,4,3,0,8,7,3
67905,6,5,2,7,1,5,9,2,3,2,9
67906,4,5,8,9,3,4,3,0,8,7,3
67907,3,0,1,4,5,3,2,6,1,1,1
67908,8,2,5,5,9,9,8,4,6,9,8
67909,6,5,2,7,1,5,9,2,3,2,9
67910,5,2,7,5,9,7,7,4,6,9,7
67911,9,9,9,7,7,1,5,7,2,0,9
67912,8,2,5,5,9,9,8,4,6,9,8
67913,3,0,1,4,5,3,2,6,1,1,1
67914,4,5,8,9,3,4,3,0,8,7,3
67915,8,2,7,5,9,9,8,4,6,9,8
67916,9,9,9,7,7,1,5,7,2,0,9
67917,6,5,2,7,1,5,9,2,3,2,7
67918,9,9,9,2,7,1,5,7,2,0,5
67919,2,3,4,6,8,2,6,8,9,5,6
67920,9,9,9,7,7,1,5,7,2,0,9
67921,9,9,9,2,7,1,5,3,2,0,8
67922,6,5,2,7,1,5,9,2,3,2,9
67923,2,3,4,6,8,2,6,8,9,5,6
67924,8,2,5,5,9,9,8,4,6,9,8
67925,4,5,8,9,3,4,3,0,8,7,3
67926,2,3,4,6,8,2,6,8,9,5,6
67927,8,2,7,5,9,7,8,4,6,9,8
67928,9,9,9,7,7,1,5,7,2,0,9
67929,4,5,8,9,3,4,3,0,8,7,3
67930,6,5,2,7,1,5,9,2,3,2,9
67931,0,4,7,0,2,7,4,4,6,8,0
67932,2,0,4,3,8,2,6,5,7,5,6
67933,3,0,1,4,5,3,2,6,1,1,1
67934,9,9,9,2,7,1,5,7,2,0,5
67935,6,5,2,7,1,5,9,2,3,2,9
67936,7,1,0,3,4,6,1,5,7,3,4
67937,0,4,7,0,2,7,4,1,4,8,0
67938,2,3,4,6,8,2,6,8,9,5,6
67939,4,5,8,9,3,4,3,0,8,7,3
67940,8,2,5,5,9,9,8,4,6,9,2
67941,2,3,4,6,8,2,6,8,9,5,6
67942,8,2,7,5,9,7,8,4,6,9,8
67943,3,6,1,8,5,3,2,6,0,1,1
67944,9,9,9,2,7,1,5,7,2,0,5
67945,4,5,8,9,3,4,3,0,8,7,3
67946,7,1,0,3,4,6,1,5,7,3,4
67947,0,4,7,0,2,7,4,4,6,8,0
67948,2,3,4,6,8,2,6,8,9,5,6
67949,4,5,8,9,3,4,3,0,8,7,3
67950,8,2,5,5,9,9,8,4,6,9,2
67951,0,4,7,0,2,7,4,8,9,8,0
67952,0,4,7,0,2,7,4,4,6,8,0
67953,3,6,1,8,5,3,2,6,0,1,1
67954,9,9,9,2,7,1,5,7,2,0,5
67955,6,5,2,7,1,5,9,2,3,2,9
67956,7,1,0,3,4,6,1,5,7,3,4
67957,8,2,7,5,9,7,8,4,6,9,8
67958,2,0,4,6,8,2,6,3,9,5,6
67959,4,5,8,9,3,4,3,0,8,7,3
67960,8,2,5,5,9,9,8,4,6,9,8
67961,2,3,4,6,8,2,6,8,9,5,6
67962,0,4,7,0,2,7,4,4,6,8,0
67963,2,3,4,6,8,2,6,8,9,5,6
67964,0,4,7,0,2,7,4,8,6,8,0
67965,7,1,0,3,4,6,1,5,7,3,4
67966,8,2,5,5,9,9,8,4,6,9,2
67967,3,6,1,4,5,3,2,6,1,1,1
67968,7,1,0,3,4,6,1,5,7,3,4
67969,9,9,9,2,7,1,5,7,2,0,5
67970,4,5,8,9,3,4,3,0,8,7,3
67971,8,2,4,5,9,2,8,8,9,9,8
67972,8,2,7,5,9,7,8,4,6,9,8
67973,9,9,9,2,7,1,5,7,2,0,5
67974,2,2,7,5,9,7,8,3,6,9,8
67975,4,5,8,9,3,4,3,0,8,7,3
67976,5,2,7,1,6,7,7,4,6,4,7
67977,6,5,2,7,1,5,9,2,3,2,9
67978,8,2,5,5,9,9,8,4,6,9,2
67979,2,3,4,6,8,2,6,8,9,5,6
67980,9,9,9,2,7,1,5,7,2,0,5
67981,7,1,0,3,4,6,1,5,7,3,4
67982,0,4,7,0,2,7,4,4,6,8,0
67983,7,1,0,3,4,6,1,5,7,3,4
67984,8,2,7,5,9,7,8,4,6,9,8
67985,8,2,5,5,9,9,8,4,6,9,8
67986,6,5,2,7,1,5,9,2,3,2,9
67987,3,0,1,4,5,3,2,6,1,1,1
67988,2,2,7,5,8,7,6,3,6,5,8
67989,3,0,1,4,5,3,2,6,1,1,1
67990,9,9,9,2,7,1,5,7,2,0,5
67991,8,2,5,5,9,9,8,4,6,9,8
67992,6,5,2,7,1,5,9,2,3,2,9
67993,7,1,0,3,4,6,1,5,7,3,4
67994,6,5,2,7,1,5,9,2,3,2,9
67995,7,1,0,3,4,6,1,5,7,3,4
67996,9,9,9,2,7,1,5,3,2,0,5
67997,2,3,4,6,8,2,6,3,9,5,6
67998,8,2,5,5,9,9,8,4,6,9,8
67999,2,3,4,6,9,2,6,8,9,9,8
68000,5,8,7,1,6,7,7,1,4,4,7
68001,0,4,7,0,2,7,4,1,4,8,0
68002,8,4,5,0,2,9,8,4,6,8,2
68003,9,9,9,5,7,1,5,7,2,0,8
68004,9,9,9,2,7,1,5,7,2,0,5
68005,9,9,9,2,7,1,5,7,2,0,5
68006,0,4,5,0,2,9,4,4,6,8,2
68007,3,0,1,4,5,3,2,6,1,1,1
68008,8,2,5,5,9,9,8,4,6,9,8
68009,2,3,4,6,8,2,6,8,9,5,6
68010,7,1,0,3,4,6,1,5,7,3,4
68011,8,2,7,5,9,7,8,4,6,9,8
68012,2,3,4,6,8,2,6,8,9,5,6
68013,4,5,8,9,3,4,3,0,8,7,7
68014,7,1,0,3,4,6,1,5,7,3,4
68015,2,3,4,6,8,2,6,8,9,5,6
68016,3,0,1,4,5,3,2,6,1,1,1
68017,0,4,7,0,2,7,4,1,4,8,0
68018,4,5,8,9,3,4,3,0,8,7,3
68019,6,5,2,7,1,5,9,2,3,2,9
68020,1,7,6,2,0,8,0,9,5,6,5
68021,3,6,1,8,5,3,2,6,0,1,1
68022,9,9,9,2,7,1,5,7,2,0,5
68023,3,0,1,4,5,3,2,6,1,1,1
68024,4,5,8,9,3,4,3,0,8,7,3
68025,6,5,2,7,1,5,9,2,3,2,9
68026,7,1,0,3,4,6,1,5,7,3,4
68027,2,3,4,6,8,2,6,8,9,5,6
68028,0,4,7,0,2,7,4,4,6,8,0
68029,3,0,1,4,5,3,2,6,1,1,1
68030,8,2,5,5,9,9,8,4,6,9,2
68031,6,5,2,7,1,5,9,2,3,2,9
68032,7,1,0,3,4,6,1,5,7,3,4
68033,0,4,7,0,2,7,4,4,6,8,0
68034,2,3,4,6,8,2,6,8,9,5,6
68035,2,3,4,6,8,2,6,8,9,5,6
68036,6,5,2,7,1,5,9,2,3,2,9
68037,2,3,4,6,8,2,6,8,9,5,6
68038,2,0,4,6,8,2,6,8,9,5,6
68039,8,2,7,5,9,7,8,4,6,9,8
68040,4,5,8,9,3,4,3,0,8,7,3
68041,4,5,8,9,3,4,3,0,8,7,3
68042,4,5,8,9,3,4,3,0,8,7,3
68043,8,2,5,5,9,9,8,4,6,9,8
68044,8,2,5,5,9,9,8,4,6,9,8
68045,9,9,9,2,7,1,5,7,2,0,5
68046,2,3,4,6,8,2,6,8,9,5,8
68047,6,5,2,7,1,5,9,2,3,2,9
68048,1,7,6,2,0,8,0,9,5,6,5
68049,2,3,4,6,8,2,6,6,9,5,6
68050,6,0,2,7,1,5,9,2,3,2,9
68051,0,4,7,0,2,7,4,4,6,8,0
68052,8,2,5,5,9,9,8,4,6,9,2
68053,0,4,7,0,2,7,4,4,6,8,0
68054,8,2,7,5,9,7,8,4,6,9,8
68055,3,0,1,4,5,3,2,6,1,1,1
68056,3,6,1,8,5,3,2,6,0,1,1
68057,3,6,1,8,5,3,2,6,0,1,1
68058,1,7,6,2,0,8,0,9,5,6,5
68059,1,7,6,2,0,8,0,2,5,6,5
68060,2,3,4,6,8,2,6,8,9,5,6
68061,4,4,8,9,3,4,3,8,8,7,0
68062,2,3,4,6,8,2,6,3,9,5,6
68063,4,5,8,9,3,4,3,3,8,7,3
68064,8,2,4,5,9,9,8,8,6,9,8
68065,2,3,4,6,8,2,6,8,9,5,6
68066,8,4,7,0,2,7,4,4,6,8,2
68067,3,6,1,8,5,3,2,6,0,1,1
68068,1,7,6,2,0,8,0,9,5,6,5
68069,6,9,2,7,1,5,9,2,3,2,9
68070,7,1,0,3,4,6,1,5,7,3,4
68071,0,4,7,0,2,7,4,3,9,8,0
68072,2,3,4,6,8,2,6,8,9,5,6
68073,4,5,8,9,3,4,3,0,8,7,3
68074,8,2,5,5,9,9,8,4,6,9,8
68075,2,3,4,6,8,2,6,8,9,5,6
68076,8,4,7,0,9,7,8,4,6,8,0
68077,3,0,1,4,5,3,2,6,1,1,1
68078,1,7,6,2,0,8,0,9,5,6,5
68079,6,1,2,7,1,5,9,2,3,2,9
68080,7,1,0,3,4,6,1,5,7,3,4
68081,4,5,8,9,3,4,3,0,8,7,3
68082,2,3,4,6,8,2,6,8,9,5,6
68083,4,5,8,9,3,4,3,0,8,7,3
68084,0,4,7,0,2,7,4,1,4,8,0
68085,3,0,1,4,5,3,2,6,1,1,1
68086,1,7,6,2,0,8,0,9,5,6,5
68087,2,3,4,6,8,2,6,8,9,5,6
68088,1,7,6,2,0,8,0,9,5,6,5
68089,2,3,4,6,8,2,6,8,9,5,6
68090,1,7,6,2,0,8,0,9,5,6,5
68091,7,1,0,3,4,6,1,5,7,3,4
68092,0,4,7,0,8,7,4,3,9,5,0
68093,0,4,7,0,2,7,4,4,6,8,0
68094,2,3,4,6,8,2,6,8,9,5,6
68095,4,7,6,9,3,8,3,3,5,7,3
68096,4,5,8,9,3,4,3,3,8,7,3
68097,3,0,1,4,5,3,2,6,1,1,1
68098,3,0,1,4,5,3,2,6,1,1,1
68099,9,9,9,2,7,1,5,7,2,0,5
68100,1,7,6,2,0,8,0,9,5,6,5
68101,0,4,7,0,2,7,4,4,6,8,0
68102,2,3,4,6,8,2,6,8,9,5,6
68103,4,5,8,9,3,4,3,3,8,7,3
68104,4,5,4,9,8,2,3,3,8,5,3
68105,2,3,4,6,8,2,6,8,9,5,6
68106,9,9,9,5,7,1,5,7,2,0,8
68107,4,5,7,9,3,7,3,3,8,7,0
68108,6,5,2,7,1,5,9,2,3,2,9
68109,0,4,7,0,2,7,4,4,6,8,0
68110,8,2,5,5,9,9,8,4,6,9,2
68111,3,6,1,4,5,3,2,6,1,1,1
68112,6,3,2,7,1,5,9,2,3,2,9
68113,1,7,6,2,0,8,0,9,5,6,5
68114,3,0,1,4,5,3,2,6,1,1,1
68115,7,1,0,3,4,6,1,5,7,3,4
68116,4,5,8,9,3,4,3,0,8,7,3
68117,3,6,1,8,5,3,2,6,0,1,1
68118,9,9,9,2,7,1,5,7,2,0,5
68119,5,8,3,1,6,0,7,1,4,4,7
68120,2,3,4,6,8,2,6,8,9,5,6
68121,8,2,7,5,9,7,8,4,6,9,8
68122,8,2,7,5,9,7,8,3,6,9,8
68123,4,5,8,9,3,4,3,0,8,7,3
68124,8,2,5,5,9,9,8,4,6,9,2
68125,2,3,4,6,8,6,6,8,9,5,6
68126,0,4,3,0,2,0,4,1,4,8,0
68127,3,6,1,8,5,3,2,6,0,1,1
68128,9,9,9,2,7,1,5,7,2,0,5
68129,6,5,2,7,1,5,9,2,3,2,9
68130,7,1,0,3,4,6,1,5,7,3,4
68131,8,2,7,5,9,7,8,4,6,9,8
68132,9,2,7,2,7,1,5,3,2,0,8
68133,4,5,8,9,3,4,3,0,8,7,3
68134,8,2,5,5,9,9,8,4,6,9,2
68135,2,3,4,6,8,2,6,8,9,5,6
68136,0,4,7,0,2,7,4,4,6,8,2
68137,3,0,1,4,5,3,2,6,1,1,1
68138,9,9,9,2,7,1,5,7,2,0,5
68139,6,5,2,7,1,5,9,2,3,2,9
68140,7,1,0,3,4,6,1,5,7,3,4
68141,8,2,7,5,9,7,8,4,6,9,8
68142,9,2,7,5,9,7,8,3,2,9,8
68143,4,5,8,4,3,4,3,3,1,7,3
68144,8,2,5,5,9,9,8,4,6,9,8
68145,2,3,4,6,8,2,6,8,9,5,6
68146,8,2,7,5,9,7,8,4,6,9,8
68147,2,3,4,6,8,2,6,8,9,5,6
68148,4,5,8,9,3,4,3,0,8,7,3
68149,2,3,4,6,8,2,6,8,9,5,6
68150,0,4,7,0,2,7,4,4,6,8,0
68151,8,2,9,5,9,1,8,7,2,9,8
68152,3,6,1,8,5,3,2,6,0,1,1
68153,6,5,2,7,1,5,9,2,3,2,9
68154,7,1,0,3,4,6,1,5,7,3,4
68155,8,2,7,5,9,7,8,4,6,9,8
68156,2,3,4,6,8,2,6,8,9,5,6
68157,2,3,4,6,8,2,6,8,9,5,6
68158,9,2,7,2,7,7,5,3,2,0,8
68159,9,9,9,2,7,1,5,7,2,0,5
68160,2,5,4,2,8,2,6,3,2,5,8
68161,6,5,2,7,1,5,9,2,3,2,9
68162,7,1,0,3,4,6,1,5,7,3,4
68163,3,6,1,8,5,3,2,6,0,1,1
68164,9,9,9,2,7,1,5,7,2,0,5
68165,1,7,6,2,0,8,0,9,5,6,5
68166,9,9,9,2,7,1,5,7,2,0,5
68167,7,1,0,3,4,6,1,5,7,3,4
68168,1,7,6,2,0,8,0,9,5,6,5
68169,4,5,8,9,3,4,3,0,8,7,3
68170,9,9,9,2,7,1,5,3,2,0,5
68171,7,1,0,3,4,6,1,5,7,3,4
68172,3,0,1,4,5,3,2,6,1,1,1
68173,8,2,5,5,9,9,8,4,6,9,8
68174,6,5,2,7,1,5,9,2,3,2,9
68175,8,2,5,5,9,9,8,4,6,9,8
68176,8,2,7,5,9,7,8,4,6,9,8
68177,4,5,8,9,3,4,3,0,8,7,3
68178,8,2,7,5,9,7,8,3,8,9,8
68179,3,6,1,8,5,3,2,6,0,1,1
68180,8,2,7,5,9,7,8,3,6,9,8
68181,8,2,7,5,9,7,8,4,6,9,8
68182,8,2,7,5,9,7,8,4,6,9,8
68183,2,3,7,6,8,2,6,3,9,5,8
68184,8,2,7,5,9,7,8,4,6,9,8
68185,7,1,0,3,4,6,1,5,7,3,4
68186,7,1,0,3,4,6,1,8,7,3,4
68187,9,9,9,2,7,1,5,7,2,0,5
68188,8,2,5,5,9,9,8,4,6,9,2
68189,5,2,7,5,9,7,7,4,6,9,7
68190,8,2,5,5,9,9,8,4,6,9,8
68191,4,5,8,9,3,4,3,0,8,7,3
68192,2,0,4,6,8,2,6,3,9,5,6
68193,8,2,7,5,9,7,8,4,6,9,8
68194,3,0,1,4,5,3,2,3,1,1,1
68195,3,6,1,8,5,3,2,6,0,1,1
68196,3,6,1,8,5,3,2,6,0,1,1
68197,3,6,1,8,5,3,2,6,0,1,1
68198,5,8,3,1,6,0,7,1,4,4,7
68199,3,0,1,4,5,3,2,6,1,1,1
68200,4,5,8,9,3,4,3,0,8,7,3
68201,2,3,4,6,8,2,6,8,9,5,6
68202,8,2,5,5,9,9,8,4,6,9,8
68203,8,2,5,5,9,9,8,4,6,9,2
68204,8,2,7,5,9,7,8,4,6,9,7
68205,5,8,3,1,6,0,7,1,4,4,7
68206,2,3,4,6,8,2,6,8,9,5,6
68207,8,2,7,5,9,7,8,4,6,9,8
68208,6,5,2,7,1,5,9,2,3,2,9
68209,2,3,4,6,8,2,6,8,9,5,6
68210,0,8,3,1,6,0,4,1,4,4,0
68211,4,5,8,9,3,4,3,0,8,7,3
68212,3,6,1,8,5,3,2,6,0,1,1
68213,5,8,3,1,6,0,7,1,4,4,7
68214,2,3,4,6,8,2,6,3,9,5,6
68215,7,1,0,3,4,6,1,5,7,3,4
68216,2,3,4,6,8,2,6,8,9,5,6
68217,2,3,4,6,8,2,6,8,9,5,6
68218,8,2,5,5,9,9,8,4,6,9,8
68219,9,9,9,2,7,1,5,7,2,0,5
68220,8,2,7,5,9,7,8,4,6,9,8
68221,3,0,1,4,5,3,2,6,1,1,1
68222,8,2,7,5,9,7,8,4,6,9,8
68223,2,3,4,6,8,2,6,8,9,5,6
68224,2,3,4,6,8,2,6,3,9,5,6
68225,6,5,2,7,1,5,9,2,3,2,9
68226,7,1,0,3,4,6,1,5,7,3,4
68227,8,2,7,5,9,7,8,4,6,9,8
68228,3,0,1,4,5,3,2,3,1,1,1
68229,9,9,9,2,7,1,5,7,2,0,5
68230,8,2,7,5,9,7,8,4,6,9,8
68231,9,9,9,2,7,1,5,7,2,0,5
68232,9,2,7,2,7,7,5,3,2,0,8
68233,9,9,9,2,7,1,5,7,2,0,5
68234,8,2,5,5,9,9,8,4,6,9,8
68235,5,8,7,1,6,7,7,4,6,4,7
68236,2,3,4,6,8,2,6,3,9,5,6
68237,4,5,8,9,3,4,3,0,8,7,3
68238,6,5,2,7,1,5,9,2,3,2,9
68239,9,9,9,2,7,1,5,7,2,0,5
68240,4,5,8,9,3,4,3,3,8,7,3
68241,2,3,4,6,8,2,6,3,9,5,6
68242,2,3,4,6,8,2,6,8,9,5,6
68243,3,0,1,4,5,3,2,6,1,1,1
68244,9,9,9,7,7,1,5,7,2,0,9
68245,6,5,2,7,1,5,9,2,3,2,9
68246,7,1,0,3,4,6,1,5,7,3,4
68247,8,2,7,5,9,7,8,4,6,9,8
68248,8,2,5,5,9,9,8,4,6,9,2
68249,2,3,4,6,8,2,6,8,9,5,6
68250,8,2,7,5,9,7,8,4,6,9,8
68251,3,6,1,8,5,3,2,6,0,1,1
68252,9,9,9,2,7,1,5,7,2,0,5
68253,5,8,7,1,6,7,7,1,4,4,7
68254,2,1,4,3,8,2,6,5,7,5,6
68255,8,2,7,5,9,7,8,3,6,9,8
68256,4,5,8,9,3,4,3,3,8,7,3
68257,8,2,5,5,9,9,8,4,6,9,8
68258,8,2,7,5,9,7,8,4,6,9,8
68259,0,4,3,0,2,0,4,1,4,8,0
68260,3,6,1,8,5,3,2,6,0,1,1
68261,9,9,9,2,7,1,5,7,2,0,5
68262,9,9,9,2,7,1,5,7,2,0,5
68263,7,1,0,3,4,6,1,5,7,3,4
68264,8,2,7,5,9,7,8,4,6,9,8
68265,8,4,5,0,9,9,8,4,6,9,2
68266,2,3,4,6,8,2,6,8,9,5,6
68267,0,4,7,0,2,7,4,4,6,8,0
68268,9,9,9,2,7,1,5,7,2,0,5
68269,8,2,7,5,9,7,8,4,6,9,8
68270,9,9,9,2,7,1,5,3,2,0,8
68271,7,1,0,3,4,6,1,5,7,3,4
68272,7,1,0,3,4,6,1,5,7,3,4
68273,3,0,1,4,5,3,2,6,1,1,1
68274,8,2,7,5,9,7,8,4,6,9,8
68275,9,2,7,2,9,7,8,3,2,9,8
68276,8,2,7,5,9,7,8,3,3,9,8
68277,7,1,0,3,4,6,1,5,7,3,4
68278,5,0,1,4,5,3,7,3,1,1,7
68279,8,2,7,5,9,7,8,4,6,9,8
68280,8,2,7,5,9,7,8,4,6,9,8
68281,4,5,8,9,3,4,3,3,8,7,3
68282,8,2,5,5,9,9,8,4,6,9,8
68283,3,0,1,4,5,3,2,3,1,1,1
68284,0,4,5,0,2,9,4,4,6,8,2
68285,8,2,5,5,9,9,8,4,6,9,8
68286,9,9,9,2,7,1,5,7,2,0,5
68287,4,5,8,9,3,4,3,3,8,7,3
68288,0,4,7,0,2,7,4,1,4,8,0
68289,9,9,9,2,7,1,5,7,2,0,5
68290,7,1,0,3,4,6,1,5,7,3,4
68291,4,5,8,9,3,4,3,3,8,7,3
68292,6,5,2,7,1,5,9,2,3,2,9
68293,7,1,0,3,4,6,1,5,7,3,4
68294,8,2,7,5,9,7,8,4,6,9,0
68295,6,5,2,7,1,5,9,2,3,2,9
68296,7,1,0,3,4,6,1,5,7,3,4
68297,2,3,7,6,9,7,6,8,9,9,8
68298,8,2,7,5,9,7,8,4,6,9,8
68299,9,9,9,2,7,1,5,3,2,0,8
68300,2,3,4,6,8,2,6,8,9,5,6
68301,2,3,4,6,8,2,6,8,9,5,6
68302,8,2,5,5,9,9,8,4,6,9,2
68303,9,9,9,2,7,1,5,7,2,0,5
68304,8,2,5,5,9,9,8,4,6,9,2
68305,9,9,9,2,7,1,5,7,2,0,5
68306,9,9,9,2,7,1,5,7,2,0,5
68307,3,6,1,8,5,3,2,6,0,1,1
68308,7,1,0,3,4,6,1,5,7,3,4
68309,8,2,7,5,9,7,8,4,6,9,8
68310,1,5,6,2,0,8,0,9,5,6,5
68311,4,5,8,9,3,4,3,0,8,7,3
68312,8,2,7,5,9,7,8,4,6,9,8
68313,8,2,5,5,9,9,8,4,6,9,2
68314,8,2,7,5,9,7,8,4,6,9,8
68315,6,5,2,7,1,5,9,2,3,2,9
68316,8,2,5,5,9,9,8,4,6,9,8
68317,8,2,7,5,9,7,8,4,6,9,8
68318,6,0,2,7,1,5,9,3,3,2,9
68319,8,4,7,0,2,7,8,4,6,8,0
68320,6,5,2,7,1,5,9,2,3,2,9
68321,0,4,5,0,2,9,4,1,4,8,2
68322,8,2,7,5,9,7,8,4,6,9,8
68323,6,5,2,7,1,5,9,2,3,2,9
68324,9,9,9,7,7,1,5,7,2,0,9
68325,4,0,8,4,3,4,3,3,1,7,3
68326,6,5,2,7,1,5,9,3,3,2,9
68327,9,2,9,2,9,1,8,3,2,9,8
68328,7,1,0,3,4,6,1,5,7,3,4
68329,8,2,7,5,9,7,8,3,6,9,8
68330,2,3,4,6,8,2,6,8,9,5,6
68331,9,9,9,2,7,1,5,3,2,0,8
68332,0,4,3,0,2,0,4,1,4,8,2
68333,4,5,8,9,3,4,3,0,8,7,3
68334,8,2,7,5,9,7,8,4,6,9,0
68335,3,0,1,4,5,3,2,6,1,1,1
68336,4,5,8,9,3,4,3,0,8,7,3
68337,7,1,0,3,4,6,1,5,7,3,4
68338,3,6,1,8,5,3,2,6,0,1,1
68339,4,2,7,9,3,7,3,0,8,7,8
68340,9,9,9,2,7,1,5,7,2,0,5
68341,4,5,8,9,3,4,3,0,8,7,3
68342,3,0,1,4,5,3,2,6,1,1,1
68343,3,0,1,4,5,3,2,6,1,1,1
68344,9,9,9,2,7,1,5,7,2,0,5
68345,6,5,2,7,1,5,9,2,3,2,9
68346,7,1,0,3,4,6,1,5,7,3,4
68347,0,4,7,0,2,7,4,1,4,8,0
68348,2,3,7,6,8,7,6,3,9,5,6
68349,4,5,8,9,3,4,3,0,8,7,3
68350,8,2,5,5,9,9,8,4,6,9,2
68351,3,0,1,4,5,3,2,6,1,1,1
68352,9,9,9,2,7,1,5,7,2,0,5
68353,5,8,3,1,6,0,7,1,2,4,0
68354,7,1,0,3,4,6,1,5,7,3,4
68355,5,8,3,1,6,0,7,1,4,4,7
68356,8,4,5,0,2,9,4,4,6,8,2
68357,2,3,4,6,8,2,6,8,9,5,6
68358,8,2,7,5,9,7,8,4,6,9,8
68359,3,0,1,4,5,3,2,6,1,1,1
68360,9,9,9,2,7,1,5,7,2,0,5
68361,6,5,2,7,1,5,9,2,3,2,9
68362,7,0,0,4,4,6,1,5,1,3,4
68363,5,8,3,1,6,0,7,1,4,4,7
68364,8,2,5,5,9,9,8,4,6,9,8
68365,6,5,2,7,1,5,9,2,3,2,9
68366,7,1,0,3,4,6,1,5,7,3,4
68367,9,9,9,2,7,1,5,7,2,0,5
68368,4,5,8,9,3,4,3,0,8,7,3
68369,0,4,7,0,2,7,4,4,6,8,0
68370,7,1,0,3,4,6,1,5,7,3,4
68371,0,4,3,0,2,0,4,1,4,8,0
68372,8,2,7,5,9,7,8,4,6,9,8
68373,3,0,1,4,5,3,2,6,1,1,1
68374,5,8,3,1,6,0,7,1,4,4,7
68375,8,2,5,5,9,9,8,4,6,9,2
68376,1,7,6,2,0,8,0,9,5,6,5
68377,4,5,8,9,3,4,3,3,8,7,3
68378,8,2,7,5,9,7,8,4,6,9,8
68379,7,1,0,3,4,6,1,5,7,3,4
68380,4,5,8,9,3,4,3,0,8,7,3
68381,9,5,9,2,7,1,5,7,2,0,5
68382,3,0,1,4,5,3,2,3,1,1,1
68383,5,8,3,1,6,0,7,1,4,4,0
68384,2,3,4,6,8,2,6,8,9,5,6
68385,4,5,8,9,3,4,3,0,8,7,3
68386,2,3,4,6,8,2,6,8,9,5,6
68387,8,2,5,5,9,9,8,4,6,9,8
68388,3,0,1,4,5,3,2,3,1,1,1
68389,3,0,1,4,5,3,2,3,1,1,1
68390,9,9,9,2,7,1,5,7,2,0,5
68391,8,4,5,0,9,9,8,4,6,9,2
68392,5,8,7,1,6,7,7,1,4,4,7
68393,7,1,0,3,4,6,1,5,7,3,4
68394,6,5,2,7,1,5,9,2,3,2,9
68395,8,2,7,5,9,7,8,4,6,9,8
68396,9,9,9,2,7,1,5,7,2,0,5
68397,7,1,0,3,4,6,1,5,7,3,4
68398,8,2,5,5,9,9,8,4,6,9,2
68399,4,5,8,9,3,4,3,0,8,7,3
68400,5,8,3,1,6,0,7,1,4,4,7
68401,0,4,5,0,2,9,4,4,6,8,2
68402,0,4,5,0,2,9,4,4,6,8,2
68403,8,4,5,5,9,9,8,4,6,9,2
68404,0,4,3,0,2,0,4,1,4,8,0
68405,8,2,7,5,9,7,8,4,6,9,8
68406,5,8,3,1,6,0,7,1,4,4,0
68407,7,1,0,3,4,6,1,5,7,3,4
68408,9,9,9,2,7,1,5,7,2,0,5
68409,6,5,2,7,1,5,9,2,3,2,9
68410,4,5,8,9,3,4,3,0,8,7,3
68411,7,1,0,3,4,6,1,5,7,3,4
68412,9,2,7,2,7,7,5,3,2,0,8
68413,2,3,7,6,8,7,6,8,9,5,6
68414,3,0,1,4,5,3,2,6,1,1,1
68415,9,9,9,2,7,1,5,3,2,0,8
68416,9,9,9,2,7,1,5,7,2,0,5
68417,0,8,3,1,6,0,7,1,4,4,2
68418,9,9,9,2,7,1,5,7,2,0,5
68419,7,1,0,3,4,6,1,5,7,3,4
68420,9,9,9,2,7,1,5,7,2,0,5
68421,0,4,5,0,2,9,4,4,6,8,2
68422,8,2,7,5,9,7,8,4,6,9,8
68423,4,5,8,9,3,4,3,3,8,7,3
68424,6,5,2,7,1,5,9,2,3,2,9
68425,3,0,1,4,5,3,2,6,1,1,1
68426,5,8,3,1,6,0,7,1,4,4,7
68427,9,9,9,2,7,1,5,7,2,0,5
68428,8,2,5,5,9,9,8,4,6,9,2
68429,2,1,4,3,8,2,6,5,7,5,6
68430,7,1,0,3,4,6,1,5,7,3,4
68431,0,4,3,0,2,0,4,1,4,8,0
68432,9,9,9,2,7,1,5,7,2,0,5
68433,4,5,8,9,3,4,3,0,8,7,3
68434,5,8,3,1,6,0,7,1,4,4,7
68435,4,5,8,9,3,4,3,3,8,7,2
68436,0,4,3,0,2,0,4,1,4,8,0
68437,2,3,4,6,8,2,6,8,9,5,6
68438,6,5,2,7,1,5,9,2,3,2,9
68439,1,9,9,2,0,1,0,7,5,6,5
68440,2,3,7,6,8,7,6,8,9,5,8
68441,4,5,8,9,3,4,3,0,8,7,3
68442,5,8,3,1,6,0,7,1,4,4,7
68443,9,9,9,2,7,1,5,7,2,0,5
68444,9,9,7,2,7,7,5,9,2,0,5
68445,8,2,7,5,9,7,8,3,6,9,8
68446,4,5,8,9,3,4,3,0,8,7,3
68447,7,1,0,3,4,6,1,5,7,3,4
68448,3,6,1,8,5,3,2,6,0,1,1
68449,1,7,6,2,0,8,0,9,5,6,5
68450,6,5,2,7,1,5,9,2,3,2,9
68451,7,1,0,3,4,6,1,5,7,3,4
68452,0,4,3,0,2,0,4,1,4,8,0
68453,2,3,4,6,8,2,6,3,9,5,6
68454,4,5,8,9,3,4,3,0,8,7,3
68455,0,4,5,0,2,9,4,4,6,8,2
68456,7,6,0,8,4,6,1,6,0,3,4
68457,5,8,3,1,6,0,7,1,4,4,7
68458,3,6,1,8,5,3,2,6,0,1,1
68459,1,7,6,2,0,8,0,9,5,6,5
68460,6,5,2,7,1,5,9,2,3,2,9
68461,2,1,4,3,8,2,6,5,7,5,6
68462,0,4,7,0,2,7,4,1,4,8,0
68463,8,2,7,5,9,7,8,3,6,9,8
68464,5,5,8,9,3,4,7,0,8,7,7
68465,0,4,5,0,2,9,4,1,4,8,2
68466,7,1,0,3,4,6,1,5,7,3,4
68467,5,8,3,1,6,0,7,1,4,4,7
68468,3,6,1,8,5,3,2,6,0,1,1
68469,1,7,6,2,0,8,0,9,5,6,5
68470,6,5,2,7,1,5,9,2,3,2,9
68471,7,1,0,3,4,6,1,5,7,3,4
68472,0,8,3,0,2,0,4,1,4,8,0
68473,2,0,4,6,8,2,6,3,9,5,6
68474,4,5,8,9,3,4,3,0,8,7,3
68475,0,4,5,0,2,9,4,4,6,8,2
68476,2,0,4,4,8,2,6,5,1,5,6
68477,0,4,5,0,2,9,4,4,6,8,2
68478,4,5,8,9,3,4,3,0,8,7,3
68479,0,4,3,0,2,0,4,1,4,8,0
68480,0,4,5,0,2,9,4,4,6,8,2
68481,3,6,1,8,5,3,2,6,0,1,1
68482,6,5,2,7,1,5,9,2,3,2,9
68483,7,1,0,3,4,6,1,5,7,3,4
68484,5,8,3,1,6,0,7,1,4,4,7
68485,7,1,0,3,4,6,1,5,7,3,4
68486,2,3,4,6,8,2,6,8,9,5,6
68487,2,0,4,4,8,2,6,3,1,5,6
68488,1,7,6,2,0,8,0,9,5,6,5
68489,7,1,0,3,4,6,1,5,7,3,4
68490,3,6,1,8,5,3,2,6,0,1,1
68491,1,7,6,2,0,8,0,9,5,6,5
68492,4,5,8,9,3,4,3,0,8,7,3
68493,1,7,6,2,0,8,0,9,5,6,5
68494,7,1,0,3,4,6,1,5,7,3,4
68495,6,5,2,7,1,5,9,2,3,2,9
68496,3,6,1,8,5,3,2,6,0,1,1
68497,0,4,5,0,2,9,4,9,5,8,2
68498,6,5,2,7,1,5,9,2,3,2,9
68499,4,5,8,9,3,4,3,0,8,7,3
68500,5,8,3,1,6,0,7,1,4,4,7
68501,3,0,1,4,5,3,2,6,1,1,1
68502,2,3,4,6,8,2,6,8,9,5,6
68503,0,4,7,0,2,7,4,1,4,8,0
68504,0,4,3,0,2,0,4,1,4,8,0
68505,2,3,4,6,8,2,6,8,9,5,6
68506,0,4,3,0,2,0,4,1,4,8,0
68507,9,2,9,5,7,1,5,3,2,0,8
68508,2,0,4,4,8,2,6,2,1,5,6
68509,1,7,6,2,0,8,0,9,5,6,5
68510,0,4,5,0,2,9,4,4,6,8,2
68511,5,8,3,1,6,0,7,1,4,4,0
68512,0,4,5,0,2,9,4,4,6,8,2
68513,3,6,1,8,5,3,2,6,0,1,1
68514,3,6,1,8,5,3,2,6,0,1,1
68515,4,5,8,9,3,4,3,0,8,7,3
68516,4,5,8,9,3,4,3,0,8,7,3
68517,4,5,8,9,3,4,3,0,8,7,3
68518,7,1,0,3,4,6,1,5,7,3,4
68519,0,4,5,0,2,9,4,9,5,8,2
68520,0,4,3,0,2,0,4,1,4,8,0
68521,6,5,2,7,1,5,9,2,3,2,9
68522,4,5,8,9,3,4,3,0,8,7,3
68523,5,8,3,1,6,0,7,1,4,4,0
68524,2,3,4,6,8,2,6,8,9,5,6
68525,0,4,5,0,2,9,4,4,6,8,2
68526,1,7,6,2,0,8,0,9,5,6,5
68527,5,8,3,1,6,0,7,1,4,4,7
68528,3,6,1,8,5,3,2,6,0,1,1
68529,5,8,3,1,6,0,7,1,4,4,7
68530,2,0,4,4,8,2,6,8,1,5,6
68531,2,3,4,6,8,2,6,8,9,5,6
68532,4,5,8,9,3,4,3,0,8,7,3
68533,7,1,0,3,4,6,1,5,7,3,4
68534,5,8,3,1,6,0,7,1,4,4,0
68535,3,6,1,8,5,3,2,6,0,1,1
68536,1,7,6,2,0,8,0,9,5,6,5
68537,0,8,3,1,6,0,7,1,4,4,0
68538,1,7,6,2,0,8,0,9,5,6,5
68539,2,0,4,4,8,2,6,3,1,5,6
68540,1,7,6,2,0,8,0,9,5,6,5
68541,0,4,5,0,2,9,4,9,5,8,2
68542,4,5,8,9,3,4,3,0,8,7,3
68543,1,7,6,2,0,8,0,9,5,6,5
68544,6,0,2,4,1,5,9,2,1,2,9
68545,1,7,6,2,0,8,0,9,5,6,5
68546,4,5,8,9,3,4,3,0,8,7,3
68547,2,3,4,6,8,2,6,8,9,5,6
68548,3,6,1,8,5,3,2,6,0,1,1
68549,1,7,6,2,0,8,0,9,5,6,5
68550,6,5,2,7,1,5,9,2,3,2,9
68551,7,1,0,3,4,6,1,5,7,3,4
68552,5,8,3,1,6,0,7,1,4,4,7
68553,7,1,0,3,4,6,1,5,7,3,4
68554,5,5,8,9,3,4,7,0,8,7,7
68555,0,4,5,0,2,9,4,1,4,8,2
68556,2,3,4,6,8,2,6,8,9,5,6
68557,5,8,3,1,6,0,7,1,4,4,7
68558,3,6,1,8,5,3,2,6,0,1,1
68559,1,7,6,2,0,8,0,9,5,6,5
68560,6,5,2,7,1,5,9,2,3,2,9
68561,7,1,0,3,4,6,1,5,7,3,4
68562,5,8,3,1,6,0,7,1,4,4,7
68563,7,1,0,3,4,6,1,5,7,3,4
68564,4,5,8,9,3,4,3,0,8,7,3
68565,0,4,5,0,2,9,4,9,5,8,2
68566,2,3,4,6,8,2,6,8,9,5,6
68567,3,6,1,8,5,3,2,6,0,1,1
68568,1,7,6,2,0,8,0,9,5,6,5
68569,6,5,2,7,1,5,9,2,3,2,9
68570,7,1,0,3,4,6,1,5,7,3,4
68571,7,1,0,3,4,6,1,5,7,3,4
68572,4,5,8,9,3,4,3,0,8,7,7
68573,5,8,3,1,6,0,7,1,4,4,2
68574,2,3,4,6,8,2,6,8,9,5,6
68575,1,7,6,2,0,8,0,9,5,6,5
68576,3,6,1,8,5,3,2,6,0,1,1
68577,0,4,7,0,2,7,4,1,4,8,0
68578,7,1,0,3,4,6,1,5,7,3,4
68579,5,5,8,8,6,4,7,0,8,4,7
68580,4,5,8,9,3,4,3,0,8,7,3
68581,7,1,0,3,4,6,1,5,7,3,4
68582,5,8,3,1,6,0,7,1,4,4,0
68583,5,8,3,1,6,0,7,1,4,4,0
68584,3,0,1,4,5,3,2,3,1,1,1
68585,2,3,4,6,8,2,6,8,9,5,6
68586,1,7,6,2,0,8,0,9,5,6,5
68587,3,6,1,8,5,3,2,6,0,1,1
68588,5,5,8,1,6,4,7,0,8,4,7
68589,0,4,3,0,2,0,4,1,4,8,0
68590,0,4,3,0,2,0,4,1,4,8,0
68591,0,4,5,0,2,9,4,4,6,8,2
68592,6,5,2,7,1,5,9,2,3,2,9
68593,0,4,3,0,2,0,4,1,4,8,0
68594,6,5,2,7,1,5,9,2,3,2,9
68595,3,6,1,8,5,3,2,6,0,1,1
68596,0,8,3,1,6,0,7,1,4,4,0
68597,7,1,0,3,4,6,1,5,7,3,4
68598,7,1,0,3,4,6,1,5,7,3,4
68599,5,8,3,1,6,0,7,1,4,4,0
68600,1,7,6,2,0,8,0,9,5,6,5
68601,7,1,0,3,4,6,1,5,7,3,4
68602,6,1,2,7,1,5,9,2,3,2,9
68603,7,1,0,3,4,6,1,5,7,3,4
68604,1,7,6,2,0,8,0,9,5,6,5
68605,4,5,8,9,3,4,3,0,8,7,3
68606,0,4,5,0,2,9,4,9,5,8,2
68607,7,1,0,3,4,6,1,5,7,3,4
68608,0,4,3,0,2,0,4,1,4,8,2
68609,2,3,4,6,8,2,6,8,9,5,6
68610,0,4,3,0,2,0,4,1,4,8,0
68611,3,6,1,4,5,3,2,6,1,1,1
68612,6,5,2,7,1,5,9,2,3,2,9
68613,5,8,3,1,6,0,7,1,4,4,0
68614,3,0,1,4,5,3,2,6,1,1,1
68615,6,5,2,7,1,5,9,2,3,2,9
68616,0,4,3,0,2,0,4,1,4,8,0
68617,0,4,5,0,2,9,4,4,6,8,2
68618,2,3,4,6,8,2,6,8,9,5,6
68619,3,6,1,8,5,3,2,6,0,1,1
68620,0,4,5,0,2,9,4,1,4,8,2
68621,3,6,1,8,5,3,2,6,0,1,1
68622,4,5,8,9,3,4,3,0,8,7,3
68623,0,4,3,0,2,0,4,1,4,8,0
68624,7,1,0,3,4,6,1,5,7,3,4
68625,6,5,2,7,1,5,9,2,3,2,9
68626,0,4,3,0,2,0,4,1,4,8,0
68627,2,3,4,6,8,2,6,8,9,5,6
68628,4,5,8,9,3,4,3,0,8,7,3
68629,3,6,1,8,5,3,2,6,0,1,1
68630,7,1,0,3,4,6,1,5,7,3,4
68631,0,4,5,0,2,9,4,1,4,8,2
68632,7,1,0,3,4,6,1,5,7,3,4
68633,1,7,6,2,0,8,0,9,5,6,5
68634,3,6,1,8,5,3,2,6,0,1,1
68635,7,1,0,3,4,6,1,5,7,3,4
68636,1,7,6,2,0,8,0,9,5,6,5
68637,5,5,8,1,6,4,7,0,8,4,7
68638,0,4,5,0,2,9,4,1,4,8,2
68639,6,1,2,7,1,5,9,2,3,2,9
68640,0,4,3,0,2,0,4,1,4,8,0
68641,0,4,5,0,2,9,4,4,6,8,2
68642,0,4,3,0,2,0,4,1,4,8,0
68643,7,1,0,3,4,6,1,5,7,3,4
68644,4,5,8,9,3,4,3,0,8,7,3
68645,7,1,0,3,4,6,1,5,7,3,4
68646,6,5,2,7,1,5,9,2,3,2,9
68647,4,5,8,9,3,4,3,0,8,7,3
68648,6,5,2,7,1,5,9,2,3,2,9
68649,2,3,4,6,8,2,6,8,9,5,6
68650,9,9,9,2,7,1,5,7,2,0,5
68651,0,4,5,0,2,9,4,1,4,8,2
68652,7,1,0,3,4,6,1,5,7,3,4
68653,7,1,0,3,4,6,1,5,7,3,4
68654,0,4,5,0,2,9,4,1,4,8,2
68655,7,1,0,3,4,6,1,5,7,3,4
68656,7,1,0,3,4,6,1,5,7,3,4
68657,3,6,1,8,5,3,2,6,0,1,1
68658,1,7,6,2,0,8,0,9,5,6,5
68659,1,7,6,2,0,8,0,9,5,6,5
68660,7,1,0,3,4,6,1,5,7,3,4
68661,2,3,4,6,8,2,6,8,9,5,6
68662,5,8,3,1,6,0,7,1,4,4,7
68663,0,4,3,0,2,0,4,1,4,8,0
68664,5,8,3,1,6,0,7,1,4,4,7
68665,7,1,0,3,4,6,1,5,7,3,4
68666,1,7,6,2,0,8,0,9,5,6,5
68667,2,3,4,6,8,2,6,8,9,5,6
68668,5,5,8,9,3,4,7,0,8,7,7
68669,0,4,7,0,2,7,4,8,9,8,0
68670,0,4,3,0,2,0,4,1,4,8,0
68671,3,6,1,8,5,3,2,6,0,1,1
68672,9,9,9,2,7,1,5,7,2,0,5
68673,6,5,2,7,1,5,9,2,3,2,9
68674,7,1,0,3,4,6,1,5,7,3,4
68675,0,4,7,0,2,7,4,1,4,8,0
68676,2,3,4,6,8,2,6,8,9,5,6
68677,4,5,8,9,3,4,3,0,8,7,3
68678,8,2,5,5,9,9,8,4,6,9,2
68679,2,3,4,6,8,2,6,8,9,5,6
68680,0,4,7,0,2,7,4,1,4,8,0
68681,3,0,1,4,5,3,2,6,1,1,1
68682,9,9,9,2,7,1,5,7,2,0,5
68683,6,5,2,7,1,5,9,2,3,2,9
68684,2,3,4,6,8,2,6,8,9,5,6
68685,0,4,7,0,2,7,4,1,4,8,0
68686,2,3,4,6,8,2,6,3,9,5,6
68687,4,5,8,9,3,4,3,0,8,7,3
68688,8,4,5,0,2,9,8,4,6,8,2
68689,2,3,4,6,8,2,6,8,9,5,6
68690,0,4,7,0,2,7,4,4,6,8,0
68691,3,0,1,4,5,3,2,6,1,1,1
68692,9,9,9,2,7,1,5,7,2,0,5
68693,6,5,2,7,1,5,9,2,3,2,9
68694,7,1,0,3,4,6,1,5,7,3,4
68695,0,4,7,0,2,7,4,1,4,8,0
68696,8,2,7,5,9,7,8,3,2,9,8
68697,4,5,8,9,3,4,3,0,8,7,3
68698,8,2,5,5,9,9,8,4,6,9,2
68699,2,3,4,6,8,2,6,8,9,5,6
68700,0,4,7,0,2,7,4,4,6,8,0
68701,7,1,0,3,4,6,1,5,7,3,4
68702,2,3,4,6,8,2,6,8,9,5,6
68703,7,1,0,3,4,6,1,5,7,3,4
68704,6,5,2,7,1,5,9,2,3,2,9
68705,0,4,7,0,2,7,4,4,6,8,0
68706,7,1,0,3,4,6,1,5,7,3,4
68707,6,5,2,7,1,5,9,2,3,2,9
68708,9,9,9,2,7,1,5,7,2,0,5
68709,0,4,3,0,2,0,4,1,4,8,0
68710,2,3,4,6,8,2,6,8,9,5,6
68711,2,3,4,6,8,2,6,8,9,5,6
68712,6,5,2,7,1,5,9,2,3,2,9
68713,7,1,0,3,4,6,1,5,7,3,4
68714,6,5,2,7,1,5,9,2,3,2,9
68715,1,7,9,2,0,1,0,7,5,6,5
68716,7,1,0,3,4,6,1,5,7,3,4
68717,0,4,7,0,2,7,4,4,6,8,0
68718,8,2,5,5,9,9,8,4,6,9,8
68719,6,5,2,7,1,5,9,2,3,2,9
68720,9,9,9,2,7,1,5,7,2,0,5
68721,6,5,2,7,1,5,9,2,3,2,9
68722,2,3,4,6,8,2,6,8,9,5,6
68723,0,4,7,0,2,7,4,4,6,8,0
68724,9,9,9,2,7,1,5,7,2,0,5
68725,2,3,4,6,8,2,6,8,9,5,6
68726,7,3,0,3,4,6,1,8,9,3,4
68727,0,4,5,0,2,9,4,4,6,8,2
68728,2,3,4,6,8,2,6,8,9,5,6
68729,9,9,9,2,7,1,5,7,2,0,5
68730,3,0,1,4,5,3,2,6,1,1,1
68731,3,0,1,4,5,3,2,6,1,1,1
68732,4,5,8,9,3,4,3,0,8,7,3
68733,0,4,5,0,2,9,4,4,6,8,2
68734,0,4,5,0,2,9,4,1,4,8,2
68735,2,3,4,6,8,2,6,8,9,5,6
68736,8,2,5,5,9,9,8,4,6,9,8
68737,2,3,4,6,8,2,6,3,9,5,6
68738,3,0,1,4,5,3,2,3,1,1,1
68739,4,5,8,9,3,4,3,0,8,7,3
68740,1,7,6,2,0,8,0,9,5,6,5
68741,2,3,4,6,8,2,6,8,9,5,6
68742,8,4,5,5,9,9,8,4,6,9,2
68743,8,2,7,5,9,7,8,4,6,9,0
68744,4,5,8,9,3,4,3,0,8,7,3
68745,9,9,9,2,7,1,5,7,2,0,5
68746,6,5,2,7,1,5,9,2,3,2,9
68747,2,3,4,6,8,2,6,8,9,5,6
68748,3,0,1,4,5,3,2,6,1,1,1
68749,8,2,5,5,9,9,8,4,6,9,2
68750,0,4,3,0,2,0,4,1,4,8,0
68751,0,4,7,0,2,7,4,1,4,8,0
68752,2,0,4,4,8,2,6,3,1,5,6
68753,6,3,2,7,1,5,9,2,3,2,9
68754,5,8,3,1,6,0,7,1,4,4,7
68755,0,8,3,1,2,0,4,1,4,4,0
68756,0,4,4,0,2,2,4,8,9,8,0
68757,0,4,7,0,2,7,4,1,4,8,0
68758,9,9,9,2,7,1,5,7,2,0,5
68759,7,3,0,6,4,6,1,8,9,3,4
68760,4,5,8,9,3,4,3,0,8,7,3
68761,2,3,4,6,8,2,6,3,9,5,6
68762,8,2,7,5,9,7,8,4,6,9,8
68763,3,0,1,4,5,3,2,6,1,1,1
68764,3,0,1,4,5,3,2,6,1,1,1
68765,3,0,1,4,5,3,2,6,1,1,1
68766,7,1,0,3,4,6,1,3,7,3,4
68767,0,4,5,0,2,9,4,4,6,8,2
68768,9,9,9,2,7,1,5,7,2,0,5
68769,4,5,8,9,3,4,3,0,8,7,3
68770,5,8,3,1,6,0,7,1,4,4,7
68771,4,5,8,9,3,4,3,0,8,7,3
68772,3,0,1,4,5,3,2,6,1,1,1
68773,8,2,7,5,9,7,8,4,6,9,8
68774,2,3,4,6,8,2,6,3,9,5,6
68775,0,4,7,0,2,7,4,1,4,8,0
68776,9,9,9,2,7,1,5,7,2,0,5
68777,7,1,0,3,4,6,1,5,7,3,4
68778,7,1,0,3,4,6,1,8,7,3,4
68779,4,5,8,9,3,4,3,0,8,7,3
68780,7,1,0,3,4,6,1,5,7,3,4
68781,0,4,7,0,2,7,4,4,6,8,0
68782,0,4,7,0,2,7,4,4,6,8,0
68783,2,3,4,6,8,2,6,8,9,5,6
68784,0,4,7,0,2,7,4,1,4,8,0
68785,6,5,2,7,1,5,9,3,3,2,9
68786,0,4,5,0,2,9,4,1,4,8,2
68787,2,3,4,6,8,2,6,8,9,5,6
68788,2,3,4,6,8,2,6,8,9,5,6
68789,4,5,8,9,3,4,3,0,8,7,3
68790,5,8,7,1,6,7,7,1,4,4,0
68791,8,2,5,5,9,9,8,4,6,9,2
68792,4,5,8,9,3,4,3,0,8,7,3
68793,6,5,2,7,1,5,9,2,3,2,9
68794,6,5,2,7,1,5,9,2,3,2,9
68795,3,0,1,4,5,3,2,6,1,1,1
68796,0,4,7,0,2,7,4,1,4,8,0
68797,0,4,7,0,2,7,4,1,4,8,0
68798,3,6,1,8,5,3,2,6,0,1,1
68799,9,9,9,2,7,1,5,7,2,0,5
68800,6,5,2,7,1,5,9,2,3,2,9
68801,7,1,0,3,4,6,1,5,7,3,4
68802,5,2,7,5,9,7,7,4,6,9,7
68803,2,3,4,6,8,2,6,3,9,5,6
68804,4,5,8,9,3,4,3,0,8,7,3
68805,8,2,5,5,9,9,8,4,6,9,8
68806,2,3,4,6,8,2,6,8,9,5,6
68807,0,4,7,0,2,7,4,1,4,8,0
68808,3,0,1,4,5,3,2,6,1,1,1
68809,9,9,9,2,7,1,5,7,2,0,5
68810,6,5,2,7,1,5,9,2,3,2,9
68811,7,1,0,3,4,6,1,5,7,3,4
68812,8,2,7,5,9,7,8,4,6,9,8
68813,2,3,4,6,8,2,6,3,9,5,6
68814,4,5,8,9,3,4,3,3,8,7,3
68815,8,2,5,5,9,9,8,4,6,9,2
68816,9,9,9,2,7,1,5,7,2,0,5
68817,0,4,7,0,2,7,4,4,6,8,0
68818,3,0,1,4,5,3,2,6,1,1,1
68819,9,9,9,2,7,1,5,7,2,0,5
68820,6,5,2,7,1,5,9,2,3,2,9
68821,7,1,0,3,4,6,1,5,7,3,4
68822,5,2,7,5,9,7,7,4,6,9,7
68823,9,9,9,2,7,1,5,7,2,0,8
68824,4,5,8,9,3,4,3,3,8,7,3
68825,8,2,5,5,9,9,8,4,6,9,8
68826,2,3,4,6,8,2,6,8,9,5,6
68827,8,2,7,5,9,7,8,4,6,9,8
68828,4,5,8,9,3,4,3,0,8,7,3
68829,0,4,3,0,2,0,4,1,4,8,0
68830,6,5,2,7,1,5,9,2,3,2,9
68831,4,5,8,9,3,4,3,0,8,7,3
68832,0,4,3,0,2,0,4,1,4,8,0
68833,8,2,5,5,9,9,8,4,6,9,2
68834,2,3,4,6,8,2,6,3,9,5,6
68835,2,3,4,6,8,2,6,8,9,5,6
68836,0,4,7,0,2,7,4,1,4,8,0
68837,8,4,5,0,2,9,4,4,6,8,2
68838,6,5,2,7,1,5,9,2,3,2,9
68839,0,4,7,0,2,7,4,1,4,8,0
68840,2,3,4,6,8,2,6,5,9,5,6
68841,0,4,7,0,2,7,4,4,6,8,0
68842,7,1,0,3,4,6,1,5,7,3,4
68843,2,3,4,6,8,2,6,8,9,5,6
68844,6,5,2,7,1,5,9,2,3,2,9
68845,3,0,1,4,5,3,2,6,1,1,1
68846,0,4,7,0,2,7,4,1,6,8,0
68847,2,2,7,5,8,7,6,3,6,5,8
68848,4,5,8,9,3,4,3,0,8,7,3
68849,4,0,8,4,3,4,3,3,1,7,3
68850,9,9,9,2,7,1,5,7,2,0,5
68851,3,0,1,4,5,3,2,6,1,1,1
68852,4,5,8,9,3,4,3,0,8,7,3
68853,2,2,4,6,8,2,6,3,9,5,8
68854,7,1,0,3,4,6,1,5,7,3,4
68855,2,3,4,6,8,2,6,8,9,5,6
68856,7,1,0,3,4,6,1,5,7,3,4
68857,2,3,4,6,8,2,6,8,9,5,6
68858,3,0,1,4,5,3,2,6,1,1,1
68859,3,0,1,4,5,3,2,6,1,1,1
68860,7,1,0,3,4,6,1,5,7,3,4
68861,8,2,7,5,9,7,8,4,6,9,8
68862,9,9,9,2,7,1,5,7,2,0,5
68863,2,3,4,6,8,2,6,8,9,5,6
68864,7,1,0,3,4,6,1,5,7,3,4
68865,3,0,1,4,5,3,2,6,1,1,1
68866,2,3,4,6,8,2,6,8,9,5,6
68867,7,0,0,4,4,6,1,5,7,3,4
68868,3,6,1,8,5,3,2,6,0,1,1
68869,4,5,8,9,3,4,3,0,8,7,3
68870,6,5,2,7,1,5,9,2,3,2,9
68871,8,4,5,0,2,9,4,4,6,8,2
68872,2,3,4,6,8,2,6,8,9,5,6
68873,9,9,9,2,7,1,5,7,2,0,5
68874,0,4,5,0,2,9,4,4,6,8,2
68875,9,9,9,2,7,1,5,7,2,0,5
68876,2,1,4,3,8,2,6,5,7,5,6
68877,2,3,4,6,8,2,6,8,9,5,6
68878,2,2,4,5,8,2,6,3,9,5,8
68879,8,4,7,0,2,7,4,4,6,8,0
68880,6,5,2,7,1,5,9,2,3,2,9
68881,3,0,1,4,5,3,2,6,1,1,1
68882,0,4,7,0,2,7,4,1,4,8,0
68883,8,2,5,5,9,9,8,4,6,9,8
68884,4,5,8,9,3,4,3,0,8,7,3
68885,8,2,5,5,9,9,8,4,6,9,8
68886,8,2,7,5,9,7,8,4,6,9,8
68887,9,9,9,2,7,1,5,7,2,0,5
68888,4,5,8,9,3,4,3,0,8,7,3
68889,6,0,2,4,1,5,9,3,1,2,9
68890,4,5,8,9,3,4,3,0,8,7,3
68891,8,2,5,5,9,9,8,4,6,9,8
68892,9,9,9,2,7,1,5,7,2,0,5
68893,8,4,7,0,2,7,4,4,6,8,0
68894,2,3,4,6,8,2,6,8,9,5,6
68895,3,0,1,4,5,3,2,6,1,1,1
68896,4,5,8,9,3,4,3,0,8,7,3
68897,8,2,7,5,9,7,8,4,6,9,8
68898,8,2,7,5,9,7,8,4,6,9,8
68899,0,4,7,0,2,7,4,4,6,8,0
68900,8,4,7,5,9,7,8,4,6,9,0
68901,4,5,8,9,3,4,3,3,8,7,3
68902,6,5,2,7,1,5,9,2,3,2,9
68903,7,1,0,3,4,6,1,5,7,3,4
68904,8,2,5,5,9,9,8,4,6,9,2
68905,9,9,9,2,7,1,5,7,2,0,5
68906,8,2,7,5,9,7,8,4,6,9,8
68907,6,5,2,7,1,5,9,2,3,2,9
68908,6,5,2,7,1,5,9,3,3,2,9
68909,2,3,4,6,8,2,6,3,9,5,6
68910,7,1,0,3,4,6,1,5,7,3,4
68911,8,2,5,5,9,9,8,4,6,9,8
68912,9,9,9,6,7,1,5,7,2,0,6
68913,3,0,1,4,5,3,2,3,1,1,1
68914,9,9,9,2,7,1,5,7,2,0,5
68915,6,5,2,7,1,5,9,2,3,2,9
68916,7,1,0,3,4,6,1,5,7,3,4
68917,8,2,7,5,9,7,8,4,6,9,8
68918,8,2,5,5,9,9,8,4,6,9,2
68919,2,3,4,6,8,2,6,8,9,5,6
68920,8,2,7,5,9,7,8,4,6,9,8
68921,3,0,1,4,5,3,2,6,1,1,1
68922,9,9,9,2,7,1,5,7,2,0,5
68923,6,5,2,7,1,5,9,2,3,2,9
68924,2,3,4,6,8,2,6,8,9,5,6
68925,8,2,7,5,9,7,8,4,6,9,8
68926,8,2,5,5,9,9,8,4,6,9,8
68927,2,3,4,6,8,2,6,8,9,5,6
68928,8,2,7,5,9,7,8,4,6,9,2
68929,3,0,1,4,5,3,2,6,1,1,1
68930,9,9,9,2,7,1,5,7,2,0,5
68931,8,2,5,5,9,9,8,4,6,9,8
68932,2,3,4,6,8,2,6,8,9,5,8
68933,8,2,7,5,9,7,8,4,6,9,8
68934,2,3,4,6,8,2,6,8,9,5,6
68935,0,4,7,0,2,7,4,4,6,8,0
68936,6,5,2,7,1,5,9,2,3,2,9
68937,4,5,8,9,3,4,3,0,8,7,3
68938,9,9,9,2,7,1,5,7,2,0,5
68939,2,3,4,6,8,2,6,8,9,5,6
68940,2,3,4,6,8,2,6,3,9,5,6
68941,8,2,7,5,9,7,8,4,6,9,0
68942,2,3,4,6,8,2,6,8,9,5,6
68943,6,5,2,7,1,5,9,2,3,2,9
68944,4,5,8,9,3,4,3,3,8,7,3
68945,8,2,7,5,9,7,8,4,6,9,8
68946,7,1,0,3,4,6,1,5,7,3,4
68947,8,2,7,5,9,7,8,4,6,9,8
68948,9,9,9,2,7,1,5,7,2,0,5
68949,8,2,7,5,9,7,8,4,6,9,8
68950,6,5,2,7,1,5,9,2,3,2,9
68951,3,0,1,4,5,3,2,6,1,1,1
68952,2,3,4,6,8,2,6,8,9,5,0
68953,8,2,7,5,9,7,8,4,6,9,8
68954,8,2,7,5,9,7,8,4,6,9,8
68955,8,2,7,5,9,7,8,4,6,9,8
68956,8,2,9,5,9,1,8,4,2,9,8
68957,7,1,0,3,4,6,1,5,7,3,4
68958,2,3,4,6,8,2,6,8,9,5,6
68959,8,2,5,5,9,9,8,4,6,9,8
68960,8,2,7,5,9,7,8,4,6,9,8
68961,8,2,7,5,9,7,8,4,6,9,8
68962,8,2,7,5,9,7,8,4,6,9,8
68963,2,3,4,6,8,2,6,8,9,5,6
68964,8,2,7,5,9,7,8,3,6,9,8
68965,2,3,4,6,8,2,6,8,9,5,6
68966,6,5,2,7,1,5,9,2,3,2,9
68967,4,5,8,9,3,4,3,3,8,7,3
68968,4,5,8,9,3,4,3,0,8,7,3
68969,6,5,2,7,1,5,9,2,3,2,9
68970,2,3,4,6,8,2,6,8,9,5,6
68971,9,9,9,2,7,1,5,7,2,0,5
68972,2,1,4,3,8,2,6,5,7,5,6
68973,6,5,2,7,1,5,9,2,3,2,9
68974,8,2,5,5,9,9,8,4,6,9,2
68975,2,0,4,4,8,2,6,8,1,5,6
68976,9,9,9,2,7,1,5,7,2,0,5
68977,8,2,7,5,9,7,8,4,6,9,8
68978,3,0,1,4,5,3,2,6,1,1,1
68979,9,9,9,2,7,1,5,7,2,0,5
68980,9,9,9,2,7,1,5,7,2,0,5
68981,2,3,4,6,8,2,6,3,9,5,6
68982,9,9,9,2,7,1,5,9,2,0,5
68983,3,0,1,4,5,3,2,6,1,1,1
68984,8,2,5,5,9,9,8,4,6,9,2
68985,2,3,4,6,8,2,6,8,9,5,6
68986,9,9,9,2,7,1,5,7,2,0,5
68987,2,3,4,6,8,2,6,3,9,5,6
68988,9,9,9,2,7,1,5,7,2,0,5
68989,8,2,7,5,9,7,8,4,6,9,8
68990,4,5,8,9,3,4,3,0,8,7,3
68991,3,6,1,8,5,3,2,6,0,1,1
68992,3,6,1,8,5,3,2,6,0,1,1
68993,8,2,7,5,9,7,8,4,6,9,8
68994,8,2,7,5,9,7,8,4,6,9,8
68995,9,9,9,2,7,1,5,7,2,0,5
68996,4,5,8,9,3,4,3,0,8,7,3
68997,4,5,8,9,3,4,3,0,8,7,3
68998,8,2,7,5,9,7,8,4,6,9,8
68999,3,0,1,4,5,3,2,6,1,1,1
69000,8,2,5,5,9,9,8,4,6,9,8
69001,4,5,8,9,3,4,3,0,8,7,3
69002,9,9,9,2,7,1,5,7,2,0,5
69003,9,9,9,2,7,1,5,7,2,0,5
69004,3,0,1,4,5,3,2,3,1,1,1
69005,9,9,9,2,7,1,5,7,2,0,5
69006,2,3,4,6,8,2,6,8,9,5,6
69007,2,3,4,6,8,2,6,8,9,5,6
69008,8,2,7,5,9,7,8,3,6,9,8
69009,6,5,2,7,1,5,9,2,3,2,9
69010,2,3,4,6,8,2,6,8,9,5,6
69011,2,3,4,6,8,2,6,8,9,5,6
69012,5,2,7,5,6,7,7,0,8,4,8
69013,9,9,9,2,7,1,5,7,2,0,5
69014,4,0,8,4,3,4,3,0,1,7,3
69015,9,9,9,2,7,1,5,7,2,0,5
69016,9,0,9,4,7,1,5,3,2,0,8
69017,9,9,9,2,7,1,5,7,2,0,9
69018,6,5,2,7,1,5,9,2,3,2,9
69019,6,5,2,7,1,5,9,2,3,2,9
69020,2,3,4,6,8,2,6,8,9,5,6
69021,4,5,8,9,3,4,3,0,8,7,3
69022,6,1,2,7,1,5,9,2,3,2,9
69023,5,0,7,1,6,7,7,1,4,4,7
69024,6,3,2,7,1,5,9,2,3,2,9
69025,9,9,9,2,7,1,5,7,2,0,5
69026,8,2,7,5,9,7,8,4,6,9,8
69027,2,3,4,6,8,2,6,8,9,5,6
69028,8,2,7,5,9,7,8,4,6,9,8
69029,4,0,8,4,3,4,3,3,1,7,3
69030,9,9,9,2,7,1,5,7,2,0,5
69031,8,2,5,5,9,9,8,4,6,9,8
69032,6,3,2,7,1,5,9,2,3,2,9
69033,8,2,7,5,9,7,8,4,6,9,8
69034,8,2,7,5,9,7,8,4,6,9,0
69035,9,9,9,2,7,1,5,7,2,0,5
69036,6,3,2,7,1,5,9,2,3,2,9
69037,3,0,1,4,5,3,2,6,1,1,1
69038,3,0,1,4,5,3,2,6,1,1,1
69039,9,9,9,2,7,1,5,7,2,0,5
69040,4,5,8,9,3,4,3,3,8,7,3
69041,4,5,8,9,3,4,3,3,8,7,3
69042,2,3,4,6,8,2,6,8,9,5,6
69043,7,1,0,3,4,6,1,5,7,3,4
69044,0,4,5,0,2,9,4,4,6,8,2
69045,6,5,2,7,1,5,9,2,3,2,9
69046,2,3,4,6,8,2,6,8,9,5,6
69047,5,2,7,5,9,7,7,4,6,9,7
69048,6,5,2,7,1,5,9,2,3,2,9
69049,9,9,9,2,7,1,5,7,2,0,5
69050,4,5,8,9,3,4,3,3,8,7,3
69051,9,9,9,2,7,1,5,7,2,0,5
69052,3,6,1,8,5,3,2,6,0,1,1
69053,4,5,8,9,3,4,3,0,8,7,3
69054,8,2,5,5,9,9,8,4,6,9,8
69055,2,3,4,6,8,2,6,8,9,5,6
69056,2,3,4,3,8,2,6,5,7,5,6
69057,8,2,7,5,9,7,8,4,6,9,6
69058,4,5,8,9,3,4,3,3,8,7,3
69059,7,1,0,3,4,6,1,5,7,3,4
69060,3,6,1,8,5,3,2,6,0,1,1
69061,1,7,6,2,0,8,0,9,5,6,5
69062,6,5,2,7,1,5,9,2,3,2,9
69063,7,1,0,3,4,6,1,5,7,3,4
69064,5,8,3,1,6,0,7,1,4,4,7
69065,7,1,0,3,4,6,1,5,7,3,4
69066,4,5,8,9,3,4,3,0,8,7,3
69067,0,8,3,1,6,0,7,1,4,4,2
69068,7,3,3,6,4,0,1,8,9,3,0
69069,0,4,3,0,2,0,4,1,4,8,0
69070,3,6,1,8,5,3,2,6,0,1,1
69071,1,7,6,6,0,8,0,9,5,6,0
69072,6,1,2,7,1,5,9,2,3,2,9
69073,7,1,0,3,4,6,1,5,7,3,4
69074,5,8,3,1,6,0,7,1,4,4,7
69075,7,1,0,3,4,6,1,5,7,3,4
69076,4,5,8,9,3,4,3,0,8,7,3
69077,0,8,3,1,6,0,7,1,4,4,2
69078,2,3,4,6,8,2,6,8,9,5,6
69079,5,8,3,1,6,0,7,1,4,4,7
69080,3,0,1,4,5,3,2,6,1,1,1
69081,1,7,6,2,0,8,0,9,5,6,5
69082,9,9,9,7,7,1,5,7,2,0,9
69083,7,1,0,3,4,6,1,5,7,3,4
69084,0,8,3,1,6,0,7,1,4,4,0
69085,7,1,0,3,4,6,1,5,7,3,4
69086,4,5,8,9,3,4,3,0,8,7,3
69087,0,4,5,0,2,9,4,1,4,8,2
69088,7,1,0,3,4,6,1,5,7,3,4
69089,0,4,3,0,2,0,4,1,4,8,0
69090,1,7,6,2,0,8,0,9,5,6,5
69091,4,5,8,9,3,4,3,0,8,7,3
69092,7,1,0,3,4,6,1,5,7,3,4
69093,5,8,3,1,6,0,7,1,4,4,0
69094,5,8,3,1,6,0,7,1,4,4,7
69095,3,6,1,8,5,3,2,6,0,1,1
69096,1,7,6,2,0,8,0,9,5,6,5
69097,6,5,2,7,1,5,9,2,3,2,9
69098,5,8,3,1,6,0,7,1,4,4,7
69099,5,8,3,1,6,0,7,1,4,4,7
69100,7,1,0,3,4,6,1,5,7,3,4
69101,0,4,5,0,2,9,4,4,6,8,2
69102,0,4,3,0,2,0,4,1,4,8,0
69103,4,5,7,9,3,7,3,0,8,7,0
69104,5,8,3,1,6,0,7,1,4,4,0
69105,3,6,1,8,5,3,2,6,0,1,1
69106,7,1,0,3,4,6,1,5,7,3,4
69107,7,1,0,3,4,6,1,5,7,3,4
69108,5,8,3,1,6,0,7,1,4,4,7
69109,7,1,0,3,4,6,1,5,7,3,4
69110,7,1,0,3,4,6,1,5,7,3,4
69111,6,5,2,7,1,5,9,2,3,2,9
69112,1,7,6,2,0,8,0,9,5,6,5
69113,5,8,3,1,6,0,7,1,4,4,2
69114,2,3,4,6,8,2,6,8,9,5,6
69115,7,1,0,3,4,6,1,5,7,3,4
69116,5,8,3,1,6,0,7,1,4,4,7
69117,2,3,4,6,8,2,6,3,9,5,6
69118,7,1,0,3,4,6,1,5,7,3,4
69119,0,8,3,1,2,0,4,1,4,4,0
69120,1,7,6,2,0,8,0,9,5,6,5
69121,1,7,6,2,0,8,0,9,5,6,5
69122,4,5,8,9,3,4,3,0,8,7,3
69123,6,5,2,7,1,5,9,2,3,2,9
69124,1,7,6,2,0,8,0,9,5,6,5
69125,7,1,0,3,4,6,1,5,7,3,4
69126,7,1,0,3,4,6,1,5,7,3,4
69127,4,5,8,9,3,4,3,0,8,7,3
69128,0,4,3,0,2,0,4,1,4,8,0
69129,6,1,2,7,1,5,9,2,3,2,9
69130,4,5,8,9,3,4,3,0,8,7,3
69131,6,1,2,7,1,5,9,2,3,2,9
69132,7,1,0,3,4,6,1,5,7,3,4
69133,5,3,3,6,6,0,7,8,9,4,6
69134,3,6,1,8,5,3,2,6,0,1,1
69135,6,5,2,7,1,5,9,2,3,2,9
69136,5,8,3,1,6,0,7,1,4,4,0
69137,3,6,1,8,5,3,2,6,0,1,1
69138,4,5,8,9,3,4,3,0,8,7,3
69139,7,1,0,3,4,6,1,5,7,3,4
69140,1,7,6,2,0,8,0,9,5,6,5
69141,5,8,3,1,6,0,7,1,4,4,7
69142,0,4,7,0,2,7,4,1,4,8,0
69143,1,7,6,2,0,8,0,9,5,6,5
69144,0,4,3,0,2,0,4,1,4,8,0
69145,6,1,2,7,1,5,9,2,3,2,9
69146,4,5,8,9,3,4,3,0,8,7,3
69147,0,4,5,0,2,9,4,1,4,8,2
69148,4,5,8,9,3,4,3,3,8,7,3
69149,4,5,8,9,3,4,3,3,8,7,3
69150,7,1,0,3,4,6,1,5,7,3,4
69151,5,8,3,1,6,0,7,1,4,4,2
69152,0,4,7,0,2,7,4,1,4,8,0
69153,0,4,7,0,2,7,4,4,6,8,0
69154,6,1,2,7,1,5,9,2,3,2,9
69155,1,7,6,2,0,8,0,9,5,6,5
69156,7,1,0,3,4,6,1,5,7,3,4
69157,7,1,0,3,4,6,1,5,7,3,4
69158,3,6,1,4,5,3,2,6,0,1,1
69159,7,1,0,3,4,6,1,5,7,3,4
69160,2,3,4,6,8,2,6,8,9,5,6
69161,7,1,0,3,4,6,1,5,7,3,4
69162,3,0,1,4,5,3,2,6,1,1,1
69163,7,1,0,3,4,6,1,5,7,3,4
69164,0,4,3,0,2,0,4,1,4,8,2
69165,0,4,7,0,2,7,4,4,6,8,0
69166,5,8,3,1,6,0,7,1,4,4,7
69167,3,6,1,8,5,3,2,6,0,1,1
69168,9,9,9,2,7,1,5,7,2,0,5
69169,0,4,5,0,2,9,4,1,4,8,2
69170,0,4,7,0,2,7,4,1,4,8,0
69171,1,7,6,2,0,8,0,9,5,6,5
69172,5,8,3,1,6,0,7,1,4,4,7
69173,0,3,0,6,2,6,4,8,9,8,0
69174,3,6,1,8,5,3,2,6,0,1,1
69175,7,1,0,3,4,6,1,5,7,3,4
69176,7,1,0,3,4,6,1,5,7,3,4
69177,7,1,0,3,4,6,1,5,7,3,4
69178,4,5,8,9,3,4,3,0,8,7,3
69179,3,0,1,4,5,3,2,6,1,1,1
69180,9,9,9,2,7,1,5,7,2,0,5
69181,6,5,2,7,1,5,9,2,3,2,9
69182,2,3,4,6,8,2,6,8,9,5,6
69183,8,2,7,5,9,7,8,4,2,9,8
69184,2,2,4,5,8,2,6,3,2,5,8
69185,4,5,8,9,3,4,3,3,8,7,3
69186,8,2,7,5,9,7,8,4,6,9,8
69187,2,3,4,6,8,2,6,8,9,5,6
69188,8,2,7,5,9,7,8,4,6,9,8
69189,3,0,1,4,5,3,2,6,1,1,1
69190,9,9,9,2,7,1,5,7,2,0,5
69191,6,3,2,7,1,5,9,2,3,2,9
69192,2,3,4,6,8,2,6,8,9,5,6
69193,8,2,7,5,9,7,8,3,6,9,8
69194,9,9,9,2,7,1,5,3,2,0,5
69195,4,5,8,9,3,4,3,3,8,7,3
69196,8,2,5,5,9,9,8,4,6,9,8
69197,2,3,4,6,8,2,6,3,9,5,8
69198,8,2,7,5,9,7,8,4,6,9,8
69199,3,0,1,4,5,3,2,6,1,1,1
69200,9,9,9,2,7,1,5,7,2,0,5
69201,6,5,2,7,1,5,9,2,3,2,9
69202,2,3,4,6,8,2,6,8,9,5,6
69203,8,2,7,5,9,7,8,3,6,9,8
69204,8,2,5,5,9,9,8,4,6,9,8
69205,2,3,4,6,8,2,6,3,9,5,8
69206,8,2,7,5,9,7,8,4,6,9,8
69207,4,5,8,9,3,4,3,3,8,7,3
69208,8,2,7,5,9,7,8,4,6,9,8
69209,6,3,2,7,1,5,9,2,3,2,9
69210,4,5,8,9,3,4,3,3,8,7,3
69211,8,2,7,5,9,7,8,7,2,9,8
69212,8,2,5,5,9,9,8,4,6,9,8
69213,2,3,4,6,8,2,6,8,9,5,6
69214,8,2,7,5,9,7,8,4,6,9,8
69215,6,5,2,7,1,5,9,2,3,2,9
69216,8,2,7,5,9,7,8,4,6,9,8
69217,2,3,4,6,8,2,6,8,9,5,6
69218,8,2,7,5,9,7,8,4,6,9,8
69219,2,3,4,6,8,2,6,8,9,5,6
69220,3,6,1,8,5,3,2,6,0,1,1
69221,3,0,1,4,5,3,2,6,1,1,1
69222,9,9,9,2,7,1,5,7,2,0,5
69223,3,0,1,4,5,3,2,6,1,1,1
69224,8,2,7,5,9,7,8,4,6,9,8
69225,2,3,4,6,8,2,6,8,9,5,6
69226,4,5,8,9,3,4,3,3,8,7,3
69227,2,3,4,6,8,2,6,3,9,5,6
69228,8,2,7,5,9,1,8,3,2,9,8
69229,2,3,4,6,8,2,6,8,9,5,6
69230,3,6,1,8,5,3,2,6,0,1,1
69231,2,3,4,6,8,2,6,8,9,5,6
69232,8,2,7,5,9,7,8,4,6,9,8
69233,9,9,9,7,7,1,5,7,2,0,9
69234,9,9,9,2,7,1,5,3,2,0,5
69235,2,3,4,6,8,2,6,8,9,5,6
69236,3,0,1,4,5,3,2,6,1,1,1
69237,2,3,4,6,8,2,6,8,9,5,6
69238,2,3,4,6,8,2,6,8,9,5,6
69239,3,6,1,8,5,3,2,6,0,1,1
69240,4,0,8,4,3,4,3,3,1,7,3
69241,9,9,9,2,7,1,5,7,2,0,5
69242,8,2,5,5,9,9,8,4,6,9,2
69243,2,3,4,6,8,2,6,3,9,5,6
69244,3,0,1,4,5,3,2,6,1,1,1
69245,8,2,7,5,9,7,8,4,6,9,8
69246,6,5,2,7,1,5,9,2,3,2,9
69247,4,5,8,9,3,4,3,0,8,7,3
69248,8,2,7,5,9,9,8,4,6,9,8
69249,9,9,9,2,7,1,5,7,2,0,5
69250,8,2,7,5,9,7,8,4,6,9,8
69251,4,5,8,9,3,4,3,3,8,7,3
69252,8,2,7,5,9,7,8,4,6,9,8
69253,9,9,9,5,7,1,5,3,2,0,8
69254,8,2,7,5,9,7,8,4,6,9,8
69255,8,2,7,5,9,7,8,4,6,9,8
69256,4,0,8,9,3,4,3,3,1,7,3
69257,8,2,5,5,9,9,8,4,6,9,8
69258,9,9,9,2,7,1,5,7,2,0,5
69259,6,3,2,7,1,5,9,2,3,2,9
69260,2,2,7,5,8,7,6,3,6,5,8
69261,7,1,0,3,4,6,1,5,7,3,4
69262,8,2,5,5,9,9,8,4,6,9,8
69263,2,3,4,6,8,2,6,8,9,5,6
69264,3,6,1,8,5,3,2,6,0,1,1
69265,1,7,6,2,0,8,0,9,5,6,5
69266,6,5,2,7,1,5,9,2,3,2,9
69267,5,8,3,1,6,0,7,1,4,4,7
69268,0,4,3,0,2,0,4,1,4,8,0
69269,4,5,8,9,3,4,3,0,8,7,3
69270,0,4,5,0,2,9,4,4,6,8,2
69271,7,3,0,3,4,6,1,8,9,3,4
69272,0,4,3,0,2,0,4,1,4,8,0
69273,3,6,1,8,5,3,2,6,0,1,1
69274,1,7,6,2,0,8,0,9,5,6,5
69275,7,1,0,3,4,6,1,5,7,3,4
69276,5,8,3,1,6,0,7,1,4,4,7
69277,0,4,7,0,2,7,4,8,4,8,0
69278,4,5,8,9,3,4,3,0,8,7,3
69279,0,4,5,0,2,9,4,1,4,8,2
69280,7,1,0,3,4,6,1,5,7,3,4
69281,3,6,1,8,5,3,2,6,0,1,1
69282,1,7,6,2,0,8,0,9,5,6,5
69283,1,7,6,2,0,8,0,9,5,6,5
69284,5,8,3,1,6,0,7,1,4,4,7
69285,0,4,5,0,2,9,4,4,6,8,2
69286,2,3,4,6,8,2,6,8,9,5,6
69287,0,4,7,0,2,7,4,4,6,8,0
69288,0,4,5,0,2,9,4,4,6,8,2
69289,0,4,7,0,2,7,4,8,9,8,0
69290,8,2,7,5,9,7,8,4,6,9,8
69291,1,7,6,2,0,8,0,9,5,6,5
69292,0,4,7,0,2,7,4,1,4,8,0
69293,0,4,7,0,2,7,4,4,6,8,0
69294,0,4,5,0,2,9,4,1,4,8,2
69295,1,7,6,2,0,8,0,9,5,6,5
69296,3,6,1,8,5,3,2,6,0,1,1
69297,3,6,1,8,5,3,2,6,0,1,1
69298,2,3,4,6,8,2,6,8,9,5,6
69299,0,4,7,0,2,7,4,4,6,8,0
69300,5,8,3,1,6,0,7,1,4,4,2
69301,1,7,6,2,0,8,0,9,5,6,5
69302,5,8,3,1,6,0,7,1,4,4,2
69303,6,5,2,7,1,5,9,2,3,2,9
69304,6,5,2,7,1,5,9,2,3,2,9
69305,7,1,0,3,4,6,1,5,7,3,4
69306,5,5,8,9,3,4,7,0,8,7,7
69307,7,1,0,3,4,6,1,5,7,3,4
69308,7,1,0,3,4,6,1,5,7,3,4
69309,6,5,2,7,1,5,9,2,3,2,9
69310,3,6,1,8,5,3,2,6,0,1,1
69311,3,6,1,8,5,3,2,6,0,1,1
69312,4,5,8,9,3,4,3,0,8,7,3
69313,1,7,6,2,0,8,0,9,5,6,5
69314,0,4,5,0,2,9,4,4,6,8,2
69315,0,4,7,0,2,7,4,4,6,8,0
69316,7,1,0,3,4,6,1,5,7,3,4
69317,5,5,8,1,6,4,7,0,8,4,7
69318,6,5,2,7,1,5,9,2,3,2,9
69319,0,4,3,0,2,0,4,1,4,8,0
69320,0,4,3,0,2,0,4,1,4,8,0
69321,7,1,0,3,4,6,1,8,7,3,4
69322,2,3,4,6,8,2,6,8,9,5,6
69323,5,8,3,1,6,0,7,1,4,4,2
69324,1,7,6,2,0,8,0,9,5,6,5
69325,3,6,1,8,5,3,2,6,0,1,1
69326,2,3,4,6,8,2,6,8,9,5,6
69327,0,4,5,0,2,9,4,1,4,8,2
69328,0,4,5,0,2,9,4,1,4,8,2
69329,2,3,4,6,8,2,6,8,9,5,6
69330,2,3,4,6,8,2,6,8,9,5,6
69331,2,3,4,6,8,2,6,8,9,5,6
69332,7,1,0,3,4,6,1,5,7,3,4
69333,0,4,3,0,2,0,4,1,4,8,0
69334,4,5,8,9,3,4,3,0,8,7,3
69335,1,7,6,2,0,8,0,9,5,6,5
69336,1,7,6,2,0,8,0,9,5,6,5
69337,7,3,4,6,4,6,1,8,9,3,6
69338,2,3,4,6,8,2,6,8,9,5,6
69339,3,6,1,8,5,3,2,6,0,1,1
69340,0,4,5,0,2,9,4,4,6,8,2
69341,6,5,2,7,1,5,9,2,3,2,9
69342,6,5,6,2,1,8,9,3,3,2,5
69343,4,5,8,9,3,4,3,0,8,7,3
69344,5,8,3,1,6,0,7,1,4,4,7
69345,1,7,6,2,0,8,0,9,5,6,5
69346,6,5,2,7,1,5,9,2,3,2,6
69347,5,8,3,1,6,0,7,1,4,4,7
69348,1,7,6,2,0,8,0,9,5,6,5
69349,2,3,4,6,8,2,6,4,9,5,6
69350,0,8,3,0,2,0,4,1,4,8,0
69351,6,5,2,7,1,5,9,2,3,2,9
69352,3,6,1,8,5,3,2,6,0,1,1
69353,5,8,3,1,6,0,7,1,4,4,7
69354,7,1,0,3,4,6,1,5,7,3,4
69355,4,5,8,9,3,4,3,0,8,7,3
69356,1,7,6,2,0,8,0,9,5,6,5
69357,0,4,7,0,2,7,4,4,6,8,0
69358,3,6,1,8,5,3,2,6,0,1,1
69359,6,5,2,7,1,5,9,2,3,2,9
69360,2,3,4,6,8,2,6,8,9,5,6
69361,4,5,8,9,3,4,3,0,8,7,3
69362,0,4,7,0,2,7,4,4,6,8,0
69363,7,1,0,3,4,6,1,5,7,3,4
69364,4,5,8,9,3,4,3,0,8,7,3
69365,7,1,0,3,4,6,1,5,7,3,4
69366,4,5,8,9,3,4,3,0,8,7,3
69367,3,6,1,8,5,3,2,6,0,1,1
69368,1,7,6,2,0,8,0,9,5,6,5
69369,6,5,2,7,1,5,9,2,3,2,9
69370,7,1,0,3,4,6,1,5,7,3,4
69371,5,8,3,1,6,0,7,1,4,4,7
69372,7,1,0,3,4,6,1,5,7,3,4
69373,4,5,8,9,3,4,3,0,8,7,7
69374,0,4,5,0,2,9,4,1,4,8,2
69375,7,1,0,3,4,6,1,5,7,3,4
69376,5,8,3,1,6,0,7,1,4,4,7
69377,3,6,1,8,5,3,2,6,0,1,1
69378,1,7,6,2,0,8,0,9,5,6,5
69379,6,5,2,7,1,5,9,2,3,2,9
69380,7,1,0,3,4,6,1,5,7,3,4
69381,5,8,3,1,6,0,7,1,4,4,7
69382,5,8,3,1,6,0,7,1,4,4,7
69383,4,5,8,9,3,4,3,0,8,7,3
69384,0,4,5,0,2,9,4,1,4,8,2
69385,2,3,4,6,8,2,6,8,9,5,6
69386,0,4,7,0,2,7,4,4,6,8,0
69387,3,6,1,8,5,3,2,6,0,1,1
69388,1,7,6,2,0,8,0,9,5,6,5
69389,6,5,2,7,1,5,9,2,3,2,9
69390,7,1,0,3,4,6,1,5,7,3,4
69391,7,1,0,3,4,6,1,5,7,3,4
69392,5,5,8,9,3,4,7,0,8,7,7
69393,0,4,5,0,2,9,4,4,6,8,2
69394,7,1,0,3,4,6,1,5,7,3,4
69395,1,7,6,2,0,8,0,9,5,6,5
69396,3,6,1,8,5,3,2,6,0,1,1
69397,0,4,3,0,2,0,4,1,4,8,0
69398,7,1,0,3,4,6,1,5,7,3,4
69399,5,8,3,1,6,0,7,1,4,4,7
69400,7,1,0,3,4,6,1,5,7,3,4
69401,1,7,6,2,0,8,0,9,5,6,5
69402,2,3,4,6,8,2,6,8,9,5,6
69403,4,5,8,9,3,4,3,0,8,7,3
69404,5,8,3,1,6,0,7,1,4,4,7
69405,3,6,1,8,5,3,2,6,0,1,1
69406,5,8,3,1,6,0,7,1,4,4,0
69407,1,7,6,2,0,8,0,9,5,6,5
69408,5,8,3,1,6,0,7,1,4,4,7
69409,2,3,4,6,8,2,6,8,9,5,6
69410,2,3,4,6,8,2,6,8,9,5,6
69411,5,8,3,1,6,0,7,1,4,4,7
69412,5,8,3,1,6,0,7,1,4,4,7
69413,0,4,5,0,2,9,4,4,6,8,2
69414,3,6,1,8,5,3,2,6,0,1,1
69415,1,7,6,2,0,8,0,9,5,6,5
69416,5,8,3,1,6,0,7,1,4,4,7
69417,6,5,2,7,1,5,9,2,3,2,9
69418,7,1,0,3,4,6,1,8,7,3,4
69419,5,8,3,1,6,0,7,1,4,4,2
69420,2,3,4,6,8,2,6,8,9,5,6
69421,6,5,2,7,1,5,9,2,3,2,9
69422,2,3,4,6,8,2,6,3,9,5,6
69423,0,4,3,0,2,0,4,1,4,8,0
69424,4,5,8,9,3,4,3,0,8,7,3
69425,3,6,1,8,5,3,2,6,0,1,1
69426,4,5,8,9,3,4,3,0,8,7,3
69427,2,0,4,4,8,2,6,3,1,5,6
69428,2,3,4,6,8,2,6,8,9,5,6
69429,7,1,0,3,4,6,1,8,7,3,4
69430,7,1,0,3,4,6,1,3,7,3,9
69431,7,1,0,3,4,6,1,5,7,3,4
69432,5,8,3,1,6,0,7,1,4,4,0
69433,0,5,7,0,2,7,4,0,8,8,0
69434,1,7,6,2,0,8,0,9,5,6,5
69435,1,7,6,2,0,8,0,9,5,6,5
69436,3,1,1,3,5,3,2,6,7,1,1
69437,4,5,8,9,3,4,3,0,8,7,3
69438,1,7,6,2,0,8,0,9,5,6,5
69439,3,6,1,8,5,3,2,6,0,1,1
69440,3,6,1,8,5,3,2,6,0,1,1
69441,4,5,8,9,3,4,3,0,8,7,3
69442,6,5,2,7,1,5,9,2,3,2,9
69443,1,7,6,2,0,8,0,9,5,6,5
69444,1,7,6,2,0,8,0,9,5,6,5
69445,7,1,0,3,4,6,1,5,7,3,4
69446,5,8,3,2,6,0,7,1,4,4,5
69447,0,4,5,0,2,9,4,1,4,8,2
69448,0,4,5,0,2,9,4,1,4,8,2
69449,2,3,4,6,8,2,6,8,9,5,6
69450,2,3,4,6,8,2,6,8,9,5,6
69451,0,4,3,0,2,0,4,1,4,8,2
69452,7,1,0,3,4,6,1,5,7,3,4
69453,5,8,3,1,6,0,7,1,4,4,7
69454,4,5,8,9,3,4,3,0,8,7,3
69455,3,6,1,8,5,3,2,6,0,1,1
69456,5,9,3,2,6,0,7,1,4,4,5
69457,3,6,1,8,5,3,2,6,0,1,1
69458,0,4,5,0,2,9,4,1,4,8,2
69459,3,6,1,8,5,3,2,6,0,1,1
69460,7,1,0,3,4,6,1,5,7,3,4
69461,4,5,8,9,3,4,3,0,8,7,7
69462,2,3,4,6,8,2,6,8,9,5,6
69463,0,4,5,0,2,9,4,1,4,8,2
69464,1,7,6,2,0,8,0,9,5,6,5
69465,2,3,4,6,8,2,6,3,9,5,6
69466,0,4,7,0,2,7,4,4,6,8,0
69467,0,4,7,0,2,7,4,1,4,8,0
69468,2,3,4,6,8,2,6,8,9,5,6
69469,8,2,5,5,9,9,8,4,6,9,2
69470,6,5,2,7,1,5,9,2,3,2,9
69471,5,8,3,1,6,0,7,1,4,4,7
69472,5,8,3,1,6,0,7,1,4,4,7
69473,0,4,3,0,2,0,4,1,4,8,0
69474,7,1,0,3,4,6,1,5,7,3,4
69475,5,5,8,9,3,4,7,0,8,7,7
69476,6,5,2,7,1,5,9,2,3,2,9
69477,5,5,2,1,6,5,7,2,3,4,7
69478,2,3,4,6,8,2,6,3,9,5,6
69479,2,3,4,6,8,2,6,2,3,5,6
69480,6,5,2,7,1,5,9,2,3,2,9
69481,2,2,4,6,8,2,6,8,9,5,8
69482,2,3,4,6,8,2,6,8,9,5,6
69483,0,4,7,0,2,7,4,4,6,8,0
69484,5,8,3,1,6,0,7,1,4,4,7
69485,9,9,9,2,7,1,5,7,2,0,5
69486,0,4,5,0,2,9,4,1,4,8,2
69487,6,5,2,7,1,5,9,2,3,2,9
69488,3,6,1,8,5,3,2,6,0,1,1
69489,1,7,6,2,0,8,0,9,5,6,5
69490,7,1,0,3,4,6,1,7,7,3,5
69491,7,1,0,3,4,6,1,5,7,3,4
69492,5,8,3,1,6,0,7,1,4,4,7
69493,0,8,3,1,6,0,7,1,4,4,0
69494,5,5,8,9,3,4,7,0,8,7,7
69495,0,4,5,0,2,9,4,1,4,8,2
69496,2,3,4,6,8,2,6,8,9,5,6
69497,0,4,7,0,2,7,4,4,6,8,0
69498,3,6,1,8,5,3,2,6,0,1,1
69499,1,7,6,2,0,8,0,9,5,6,5
69500,6,5,2,7,1,5,9,2,3,2,9
69501,0,4,0,0,2,6,4,5,7,8,4
69502,5,8,3,1,6,0,7,1,4,4,7
69503,8,2,7,5,9,7,8,4,6,9,8
69504,5,5,8,1,6,4,7,0,8,4,7
69505,8,2,5,5,9,9,8,4,6,9,2
69506,8,2,7,5,9,7,8,8,6,9,8
69507,8,4,7,0,2,7,4,4,6,8,0
69508,3,0,1,4,5,3,2,3,1,1,1
69509,9,9,9,2,7,1,5,7,2,0,5
69510,6,5,2,7,1,5,9,2,3,2,9
69511,7,1,0,3,4,6,1,5,7,3,4
69512,8,4,7,5,9,7,8,4,6,9,8
69513,8,2,7,5,9,7,8,4,6,9,8
69514,4,5,8,9,3,4,3,0,8,7,3
69515,0,4,5,0,2,9,4,4,6,8,2
69516,2,3,4,6,8,2,6,8,9,5,6
69517,8,2,7,5,9,7,8,4,6,9,8
69518,9,9,9,2,7,1,5,7,2,0,5
69519,3,0,1,4,5,3,2,6,1,1,1
69520,9,9,9,2,7,1,5,7,2,0,5
69521,6,3,2,7,1,5,9,2,3,2,9
69522,0,4,3,0,2,0,4,1,4,8,2
69523,2,3,4,6,8,2,6,8,9,5,6
69524,7,1,0,3,4,6,1,5,7,3,4
69525,5,2,7,1,6,7,7,4,6,4,7
69526,5,8,3,1,6,0,7,1,4,4,7
69527,3,6,1,8,5,3,2,6,0,1,1
69528,3,6,1,8,5,3,2,6,0,1,1
69529,4,5,8,9,3,4,3,0,8,7,3
69530,8,2,9,5,9,1,8,4,6,9,8
69531,4,5,8,9,3,4,3,0,8,7,3
69532,4,5,8,9,3,4,3,0,8,7,3
69533,9,2,7,5,9,1,8,3,2,9,8
69534,8,2,5,5,9,9,8,4,6,9,2
69535,6,0,2,4,1,5,9,3,1,2,9
69536,2,3,4,6,8,2,6,8,9,5,6
69537,8,2,7,5,9,7,8,4,6,9,8
69538,9,2,9,5,7,1,5,7,2,0,8
69539,8,2,9,5,9,1,8,4,6,9,8
69540,9,9,9,2,7,1,5,7,2,0,5
69541,8,2,7,5,9,7,8,4,6,9,8
69542,2,0,4,4,8,2,6,3,1,5,6
69543,8,2,5,5,9,9,8,4,6,9,2
69544,8,2,7,5,9,7,8,4,6,9,8
69545,2,3,4,6,8,2,6,3,9,5,6
69546,8,4,5,5,9,9,8,4,6,9,2
69547,6,5,2,7,1,5,9,2,3,2,9
69548,7,1,0,3,4,6,1,5,7,3,4
69549,1,7,9,2,0,1,0,7,5,6,5
69550,8,2,7,5,9,7,8,4,6,9,7
69551,0,4,7,0,2,7,4,1,4,8,0
69552,2,3,4,6,8,2,6,3,9,5,6
69553,8,2,7,5,9,7,8,4,6,9,8
69554,8,2,9,5,9,1,8,4,2,9,8
69555,4,5,8,9,3,4,3,0,8,7,3
69556,9,9,9,2,7,1,5,7,2,0,5
69557,2,3,4,6,8,2,6,8,9,5,6
69558,2,3,4,6,8,2,6,8,9,5,6
69559,2,3,4,6,8,2,6,8,9,5,6
69560,9,9,9,2,7,1,5,7,2,0,5
69561,2,3,4,6,8,2,6,8,9,5,6
69562,8,2,7,5,9,7,8,4,6,9,8
69563,2,3,4,6,8,2,6,3,9,5,6
69564,6,5,2,7,1,5,9,2,3,2,9
69565,5,8,3,1,6,0,7,1,4,4,7
69566,8,2,5,5,9,9,8,4,6,9,8
69567,8,2,5,5,9,9,8,4,6,9,2
69568,4,5,8,9,3,4,3,0,8,7,3
69569,6,5,2,7,1,5,9,2,3,2,9
69570,9,9,9,2,7,1,5,7,2,0,5
69571,8,4,7,0,2,7,4,4,6,8,0
69572,2,3,4,6,8,2,6,8,9,5,6
69573,8,2,5,5,9,9,8,4,6,9,2
69574,2,3,4,6,8,2,6,8,9,5,6
69575,2,3,4,6,8,2,6,8,9,5,6
69576,0,4,5,0,2,9,4,4,6,8,2
69577,6,3,2,7,1,5,9,2,3,2,9
69578,6,5,2,7,1,5,9,2,3,2,9
69579,7,1,0,3,4,6,1,5,7,3,4
69580,8,2,7,5,9,7,8,4,6,9,8
69581,7,1,0,3,4,6,1,5,7,3,4
69582,2,3,4,6,8,2,6,5,9,5,6
69583,2,3,4,6,8,2,6,3,9,5,6
69584,8,2,7,5,9,7,8,4,6,9,8
69585,3,0,1,4,5,3,2,6,1,1,1
69586,8,4,5,0,2,9,4,4,6,8,2
69587,0,4,7,0,2,7,4,4,6,8,0
69588,0,4,7,0,2,7,4,8,9,8,0
69589,4,5,8,9,3,4,3,0,8,7,3
69590,2,3,4,6,8,2,6,8,9,5,6
69591,9,9,9,2,7,1,5,7,2,0,5
69592,8,2,7,5,9,7,8,4,6,9,8
69593,9,9,9,2,7,1,5,7,2,0,5
69594,9,9,9,2,7,1,5,7,2,0,5
69595,1,7,6,2,0,8,0,9,5,6,5
69596,2,3,4,6,8,2,6,8,9,5,6
69597,6,5,2,7,1,5,9,2,3,2,9
69598,4,5,8,9,3,4,3,0,8,7,3
69599,9,9,9,2,7,1,5,7,2,0,5
69600,9,9,9,2,7,1,5,3,2,0,8
69601,3,0,1,4,5,3,2,6,1,1,1
69602,9,9,9,2,7,1,5,7,2,0,5
69603,6,5,2,7,1,5,9,2,3,2,9
69604,7,1,0,3,4,6,1,5,7,3,4
69605,8,2,7,5,9,7,8,4,6,9,8
69606,9,9,9,2,7,1,5,7,2,0,5
69607,9,9,9,2,7,1,5,3,2,0,5
69608,8,2,5,5,9,9,8,4,6,9,8
69609,2,3,4,6,8,2,6,8,9,5,6
69610,8,2,5,5,9,9,8,4,6,9,8
69611,3,0,1,4,5,3,2,6,1,1,1
69612,9,9,9,2,7,1,5,7,2,0,5
69613,6,9,2,7,1,5,9,2,3,2,9
69614,2,0,4,4,8,2,6,3,1,5,6
69615,5,8,3,1,6,0,7,1,4,4,7
69616,8,2,7,5,9,7,8,3,6,9,8
69617,4,0,8,4,3,4,3,3,1,7,3
69618,8,2,5,5,9,9,8,4,6,9,8
69619,2,3,7,6,8,7,6,8,9,5,8
69620,8,2,7,5,9,7,8,4,6,9,8
69621,3,0,1,4,5,3,2,6,1,1,1
69622,9,9,9,2,7,1,5,7,2,0,5
69623,6,5,2,7,1,5,9,2,3,2,9
69624,2,3,4,6,8,2,6,8,9,5,6
69625,5,8,3,1,6,0,7,1,4,4,7
69626,9,9,9,2,7,1,5,3,2,0,5
69627,4,5,8,9,3,4,3,3,8,7,3
69628,8,2,5,5,9,9,8,4,6,9,2
69629,2,3,7,6,8,7,6,3,2,5,8
69630,2,3,4,6,8,2,6,8,9,5,6
69631,2,0,4,4,8,2,6,3,1,5,6
69632,9,9,9,2,7,1,5,3,2,0,5
69633,3,0,1,4,5,3,2,3,1,1,1
69634,9,9,9,2,7,1,5,7,2,0,6
69635,6,5,2,7,1,5,9,2,3,2,9
69636,7,1,0,3,4,6,1,5,7,3,4
69637,8,2,5,5,9,9,8,4,6,9,2
69638,8,2,7,5,9,7,8,4,6,9,8
69639,8,2,7,5,9,7,8,4,6,9,8
69640,8,2,9,5,9,1,8,4,2,9,8
69641,9,9,9,2,7,1,5,7,2,0,5
69642,8,2,5,5,9,9,8,4,6,9,2
69643,9,9,9,2,7,1,5,7,2,0,5
69644,8,2,5,5,9,9,8,4,6,9,2
69645,9,9,9,2,7,1,5,7,2,0,5
69646,9,9,7,5,7,7,5,7,2,0,8
69647,3,0,1,4,5,3,2,3,1,1,1
69648,3,0,1,4,5,3,2,6,1,1,1
69649,9,9,9,2,7,1,5,7,2,0,9
69650,8,2,5,5,9,9,8,4,6,9,8
69651,9,9,9,2,7,1,5,7,2,0,5
69652,8,2,5,5,9,9,8,3,6,9,8
69653,9,9,9,2,7,1,5,7,2,0,5
69654,2,3,4,6,8,2,6,8,9,5,6
69655,9,9,9,2,7,1,5,4,2,0,8
69656,6,3,2,7,1,5,9,2,3,2,9
69657,9,9,9,2,7,1,5,7,2,0,5
69658,4,5,8,9,3,4,3,3,8,7,3
69659,8,2,7,5,9,7,8,4,6,9,8
69660,8,2,5,5,9,9,8,4,6,9,2
69661,9,9,9,2,7,1,5,7,2,0,5
69662,2,3,4,6,8,2,6,8,9,5,6
69663,3,0,1,4,5,3,2,6,1,1,1
69664,8,2,7,5,9,7,8,4,6,9,8
69665,4,5,8,9,3,4,3,3,8,7,3
69666,2,0,4,4,8,2,6,3,1,5,8
69667,2,3,4,6,8,2,6,8,9,5,6
69668,0,4,7,0,2,7,4,4,6,8,0
69669,8,2,7,5,9,7,8,4,6,9,8
69670,2,3,4,6,8,2,6,8,9,5,6
69671,9,9,9,2,7,1,5,3,2,0,8
69672,8,2,7,5,9,7,8,4,2,9,8
69673,2,3,4,6,8,2,6,8,9,5,6
69674,9,9,9,2,7,1,5,7,2,0,5
69675,9,9,9,2,7,1,5,3,2,0,5
69676,8,2,7,5,9,7,8,4,6,9,8
69677,6,0,2,4,1,5,9,3,1,2,8
69678,4,5,8,9,3,4,3,3,8,7,3
69679,1,5,6,2,0,8,0,3,5,6,5
69680,2,3,4,6,8,2,6,8,9,5,6
69681,2,3,4,6,8,2,6,8,9,5,6
69682,9,9,9,2,7,1,5,7,2,0,5
69683,8,2,7,5,9,7,8,4,6,9,0
69684,8,2,5,5,9,9,8,4,6,9,2
69685,9,9,9,2,7,1,5,3,2,0,8
69686,6,9,2,7,1,5,9,2,3,2,9
69687,2,0,4,4,8,2,6,3,1,5,6
69688,3,0,1,4,5,3,2,3,1,1,1
69689,9,9,9,2,7,1,5,7,2,0,5
69690,8,2,5,5,9,9,8,4,6,9,2
69691,2,3,7,6,8,7,6,8,9,5,5
69692,0,4,5,0,2,9,4,4,6,8,2
69693,9,9,9,2,7,1,5,3,2,0,5
69694,2,3,4,6,8,2,6,8,9,5,6
69695,2,3,4,6,8,2,6,8,9,5,6
69696,6,9,2,7,1,5,9,2,3,2,9
69697,7,1,0,3,4,6,1,5,7,3,4
69698,1,7,6,9,0,8,0,3,5,6,3
69699,9,9,9,2,7,1,5,7,2,0,5
69700,9,7,6,2,7,8,5,9,2,0,5
69701,0,4,3,0,2,0,4,1,4,8,0
69702,8,2,7,5,9,7,8,3,2,9,8
69703,9,9,2,7,7,5,5,2,3,0,9
69704,3,0,1,4,5,3,2,6,1,1,1
69705,9,9,9,2,7,1,5,7,2,0,5
69706,6,5,2,7,1,5,9,2,3,2,9
69707,7,1,0,3,4,6,1,5,7,3,4
69708,8,2,7,5,9,7,8,4,6,9,8
69709,9,9,9,2,7,1,5,3,2,0,5
69710,4,6,8,9,3,4,3,0,8,7,3
69711,8,2,7,5,9,7,8,4,6,9,8
69712,2,3,4,6,8,2,6,3,9,5,6
69713,8,2,7,5,9,7,8,4,6,9,8
69714,3,0,1,4,5,3,2,6,1,1,1
69715,9,9,9,2,7,1,5,7,2,0,5
69716,2,0,4,4,8,2,6,3,1,5,6
69717,7,1,0,3,4,6,1,5,7,3,4
69718,8,2,7,5,9,7,8,3,6,9,8
69719,3,0,1,4,5,3,2,6,1,1,1
69720,4,0,8,4,3,4,3,3,1,7,3
69721,8,2,5,5,9,9,8,4,6,9,8
69722,2,3,4,6,8,2,6,3,2,5,6
69723,8,2,7,5,9,7,8,4,6,9,8
69724,3,0,1,4,5,3,2,6,1,1,1
69725,9,9,9,2,7,1,5,7,2,0,5
69726,2,0,4,4,8,2,6,3,1,5,6
69727,2,1,4,3,8,2,6,5,7,5,6
69728,8,2,7,5,9,7,8,3,2,9,8
69729,9,5,9,7,7,1,5,3,2,0,3
69730,4,5,8,9,3,4,3,0,8,7,3
69731,8,2,7,5,9,7,8,4,6,9,8
69732,2,3,4,6,8,2,6,3,9,5,6
69733,8,2,7,5,9,7,8,4,6,9,8
69734,8,2,5,5,9,9,8,4,6,9,8
69735,9,9,9,2,7,1,5,7,2,0,5
69736,4,0,8,4,3,4,3,3,1,7,3
69737,9,9,9,2,7,1,5,7,2,0,5
69738,8,2,7,5,9,7,8,3,6,9,8
69739,2,0,4,4,8,2,6,3,1,5,8
69740,8,2,7,5,9,7,8,4,6,9,8
69741,8,2,7,5,9,7,8,4,6,9,8
69742,2,3,4,6,8,2,6,3,9,5,6
69743,8,2,7,5,9,7,8,4,6,9,8
69744,9,9,9,2,7,1,5,7,2,0,5
69745,6,2,2,7,1,5,9,3,3,2,8
69746,8,2,7,5,9,7,8,4,6,9,8
69747,9,9,9,2,7,1,5,3,2,0,8
69748,2,3,4,6,8,2,6,3,9,5,6
69749,4,0,8,4,3,4,3,3,1,7,3
69750,2,1,4,3,8,2,6,5,7,5,6
69751,3,0,1,4,5,3,2,6,1,1,1
69752,3,0,1,4,5,3,2,3,1,1,1
69753,3,0,1,4,5,3,2,3,1,1,1
69754,9,9,9,2,7,1,5,3,2,0,5
69755,9,2,9,5,7,1,5,3,2,0,8
69756,4,5,8,9,3,4,3,0,8,7,3
69757,3,0,1,4,5,3,2,6,1,1,1
69758,7,1,0,3,4,6,1,5,7,3,4
69759,2,3,4,6,8,2,6,8,9,5,6
69760,9,9,9,2,7,1,5,7,2,0,5
69761,3,0,1,4,5,3,2,3,1,1,1
69762,2,9,4,2,8,2,6,3,2,5,5
69763,2,0,4,4,8,2,6,3,1,5,8
69764,8,2,7,5,9,7,8,4,6,9,8
69765,8,2,5,5,9,9,8,4,6,9,8
69766,8,2,7,5,9,7,8,4,6,9,8
69767,8,2,7,5,9,7,8,4,6,9,8
69768,3,0,1,4,5,3,2,6,1,1,1
69769,8,2,7,5,9,7,8,4,6,9,8
69770,6,0,2,4,1,5,9,3,1,2,9
69771,8,2,7,5,9,9,8,4,6,9,8
69772,9,9,9,2,7,1,5,7,2,0,5
69773,8,2,7,5,9,9,8,4,6,9,8
69774,9,9,9,2,7,1,5,7,2,0,5
69775,4,0,8,4,3,4,3,0,1,7,3
69776,4,5,8,9,3,4,3,3,8,7,3
69777,9,9,9,2,7,1,5,3,2,0,8
69778,4,5,8,9,3,4,3,0,8,7,3
69779,3,0,1,4,5,3,2,6,1,1,1
69780,9,9,9,2,7,1,5,7,2,0,8
69781,8,2,7,5,9,7,8,4,6,9,8
69782,4,5,8,9,3,4,3,3,8,7,3
69783,8,2,7,5,9,7,8,3,6,9,8
69784,8,2,7,5,9,7,8,4,6,9,8
69785,8,2,7,5,9,7,8,4,6,9,8
69786,2,0,4,4,8,2,6,3,1,5,6
69787,2,1,4,3,8,2,6,5,7,5,6
69788,8,2,5,5,9,9,8,4,6,9,8
69789,8,2,7,5,9,7,8,3,6,9,8
69790,7,1,0,3,4,6,1,3,7,3,4
69791,3,0,1,4,5,3,2,3,1,1,1
69792,9,9,9,2,7,1,5,7,2,0,8
69793,2,5,4,9,8,2,6,3,9,5,3
69794,4,5,8,9,3,4,3,0,8,7,3
69795,9,9,9,2,7,1,5,7,2,0,5
69796,9,9,9,2,7,1,5,7,2,0,5
69797,2,3,4,6,8,2,6,8,9,5,6
69798,6,5,2,7,1,5,9,2,3,2,9
69799,9,9,9,2,7,1,5,7,2,0,5
69800,3,0,1,4,5,3,2,3,1,1,1
69801,3,0,1,4,5,3,2,6,1,1,1
69802,9,9,9,2,7,1,5,7,2,0,5
69803,6,3,2,7,1,5,9,8,3,2,9
69804,7,1,0,3,4,6,1,5,7,3,4
69805,8,2,7,5,9,7,8,4,6,9,8
69806,0,4,5,0,2,9,4,4,6,8,2
69807,2,3,4,6,8,2,6,8,9,5,6
69808,0,4,7,0,2,7,4,1,4,8,0
69809,2,0,4,4,8,2,6,3,1,5,6
69810,9,9,9,2,7,1,5,7,2,0,5
69811,2,3,4,6,8,2,6,8,9,5,6
69812,2,1,4,3,8,2,6,3,7,5,6
69813,8,2,7,5,9,7,8,4,6,9,8
69814,2,3,4,2,8,2,6,3,9,5,6
69815,4,5,8,9,3,4,3,3,8,7,3
69816,0,4,5,0,2,9,4,4,6,8,2
69817,9,9,9,6,7,1,5,7,2,0,6
69818,3,0,1,4,5,3,2,3,1,1,1
69819,9,9,9,2,7,1,5,7,2,0,5
69820,6,3,2,7,1,5,9,8,3,2,9
69821,7,1,0,3,4,6,1,5,7,3,4
69822,8,2,7,5,9,7,8,4,6,9,8
69823,8,2,5,5,9,9,8,4,6,9,2
69824,2,3,4,6,8,2,6,8,9,5,6
69825,0,4,7,0,2,7,4,4,6,8,0
69826,2,0,4,4,8,2,6,3,1,5,6
69827,2,3,4,6,8,2,6,8,9,5,5
69828,2,1,4,3,8,2,6,3,7,5,6
69829,0,4,7,0,2,7,4,4,6,8,0
69830,2,9,9,2,8,2,6,7,2,5,6
69831,1,7,6,2,0,8,0,9,5,6,5
69832,2,3,4,6,8,2,6,8,9,5,6
69833,4,5,8,9,3,4,3,3,8,7,3
69834,2,3,4,6,8,2,6,8,9,5,6
69835,8,2,7,5,9,7,8,3,6,9,8
69836,9,9,9,2,7,1,5,7,2,0,5
69837,8,4,5,0,2,9,4,4,6,8,2
69838,9,9,9,2,7,1,5,7,2,0,5
69839,8,2,5,5,9,9,8,4,6,9,8
69840,6,0,2,7,1,5,9,3,3,2,9
69841,9,9,9,2,7,1,5,3,2,0,5
69842,4,5,8,9,3,4,3,3,8,7,3
69843,8,2,7,5,9,7,8,4,6,9,8
69844,9,9,9,2,7,1,5,7,2,0,5
69845,9,9,9,2,7,1,5,7,2,0,5
69846,9,9,9,2,7,1,5,7,2,0,5
69847,2,3,5,6,8,9,6,8,9,5,6
69848,9,9,9,2,7,1,5,7,2,0,5
69849,9,9,9,7,7,1,5,7,2,0,9
69850,3,0,1,4,5,3,2,3,1,1,1
69851,0,4,5,0,2,9,4,4,6,8,2
69852,8,2,5,5,9,9,8,4,6,9,8
69853,1,7,6,2,0,8,0,9,5,6,5
69854,2,3,4,6,8,2,6,8,9,5,6
69855,7,1,0,3,4,6,1,8,7,3,4
69856,8,2,7,5,9,7,8,4,6,9,8
69857,9,9,6,2,7,8,5,9,5,0,5
69858,9,9,9,2,7,1,5,7,2,0,5
69859,0,4,5,0,2,9,4,4,6,8,2
69860,7,1,0,3,4,6,1,5,7,3,4
69861,5,2,7,5,9,7,8,4,6,9,7
69862,2,9,4,2,8,2,6,3,2,5,6
69863,1,7,6,2,0,8,0,9,5,6,5
69864,8,2,5,5,9,9,8,4,6,9,2
69865,2,0,4,4,8,2,6,3,1,5,6
69866,5,8,3,1,6,0,7,1,4,4,7
69867,2,3,4,6,8,2,6,8,9,5,6
69868,8,2,5,5,9,9,8,4,6,9,8
69869,8,2,5,5,9,9,8,4,6,9,2
69870,2,3,4,6,8,2,6,8,9,5,6
69871,8,2,7,5,9,7,8,4,6,9,0
69872,7,1,0,3,4,6,1,5,7,3,4
69873,5,5,7,5,9,7,8,0,8,9,7
69874,7,3,0,6,4,6,1,8,9,3,4
69875,2,3,7,6,8,7,6,8,9,5,0
69876,9,9,9,2,7,1,5,7,2,0,5
69877,9,9,9,2,7,1,5,7,2,0,5
69878,9,9,9,2,7,1,5,7,2,0,5
69879,9,9,9,2,7,1,5,3,2,0,8
69880,9,9,9,6,7,1,5,7,2,0,6
69881,7,1,0,3,4,6,1,5,7,3,4
69882,7,1,0,3,4,6,1,5,7,3,4
69883,1,7,6,2,0,8,0,9,5,6,5
69884,8,2,5,5,9,9,8,4,6,9,2
69885,2,0,4,4,8,2,6,3,1,5,6
69886,1,7,6,2,0,8,0,3,5,6,5
69887,9,9,9,2,7,1,5,7,2,0,5
69888,2,3,4,6,8,2,6,3,9,5,6
69889,9,9,9,2,7,1,5,7,2,0,5
69890,8,2,7,5,9,7,8,3,6,9,8
69891,0,4,7,0,2,7,4,4,6,8,0
69892,2,3,4,2,8,2,6,3,2,5,5
69893,2,3,4,6,8,2,6,8,9,5,6
69894,8,2,5,5,9,9,8,4,6,9,8
69895,8,2,5,5,9,9,8,4,6,9,8
69896,9,9,9,2,7,1,5,7,2,0,5
69897,3,0,1,4,5,3,2,6,1,1,1
69898,9,9,9,2,7,1,5,7,2,0,5
69899,8,2,5,5,9,9,8,4,6,9,2
69900,2,3,4,6,8,2,6,8,9,5,6
69901,8,2,7,5,9,7,8,4,6,9,8
69902,3,0,1,4,5,3,2,3,1,1,1
69903,9,9,9,2,7,1,5,7,2,0,5
69904,9,9,9,2,7,1,5,3,2,0,8
69905,8,2,5,5,9,9,8,4,6,9,8
69906,8,2,7,5,9,7,8,3,2,9,8
69907,9,9,9,2,7,1,5,7,2,0,5
69908,4,5,8,9,3,4,3,3,8,7,3
69909,8,2,5,5,9,9,8,4,6,9,8
69910,9,9,9,2,7,1,5,3,2,0,5
69911,3,0,1,4,5,3,2,6,1,1,1
69912,9,9,9,2,7,1,5,7,2,0,5
69913,6,5,2,7,1,5,9,2,3,2,9
69914,2,3,4,6,8,2,6,8,9,5,6
69915,9,9,9,2,7,1,5,7,2,0,8
69916,8,2,5,5,9,9,8,4,6,9,2
69917,2,3,4,6,8,2,6,8,9,5,6
69918,0,4,7,0,2,7,4,1,4,8,0
69919,8,2,5,5,9,9,8,4,6,9,8
69920,2,3,4,6,8,2,6,8,9,5,6
69921,4,5,8,9,3,4,3,0,8,7,3
69922,8,2,7,5,9,7,8,4,6,9,8
69923,9,9,9,2,7,1,5,7,2,0,5
69924,8,2,7,5,9,7,8,4,6,9,8
69925,8,2,7,5,9,7,8,4,6,9,8
69926,6,3,2,7,1,5,9,2,3,2,9
69927,8,2,7,5,9,7,8,4,6,9,8
69928,8,2,7,5,9,7,8,4,6,9,8
69929,8,2,5,5,9,9,8,4,6,9,2
69930,3,0,1,4,5,3,2,3,1,1,1
69931,9,9,9,2,7,1,5,7,2,0,5
69932,0,4,3,0,2,0,4,1,4,8,0
69933,6,5,2,7,1,5,9,2,3,2,9
69934,2,3,4,6,8,2,6,8,9,5,6
69935,8,2,5,5,9,9,8,4,6,9,2
69936,2,3,4,6,8,2,6,8,9,5,6
69937,6,5,2,7,1,5,9,3,3,2,9
69938,4,5,8,9,3,4,3,3,8,7,3
69939,3,0,1,4,5,3,2,6,1,1,1
69940,4,5,8,9,3,4,3,0,8,7,3
69941,4,1,8,9,3,4,3,5,8,7,3
69942,2,3,4,6,8,2,6,8,9,5,6
69943,2,3,4,6,8,2,6,8,9,5,6
69944,2,3,7,6,8,7,6,8,9,5,8
69945,8,2,7,5,9,7,8,4,6,9,8
69946,9,9,9,2,7,1,5,7,2,0,5
69947,5,5,7,9,3,7,3,0,8,7,7
69948,3,0,1,4,5,3,2,6,1,1,1
69949,4,5,8,9,3,4,3,0,8,7,3
69950,9,9,9,2,7,1,5,7,2,0,5
69951,3,0,1,4,5,3,2,3,1,1,1
69952,3,0,1,4,5,3,2,6,1,1,1
69953,3,5,1,9,5,3,2,6,8,1,1
69954,3,0,1,4,5,3,2,6,1,1,1
69955,9,9,9,2,7,1,5,7,2,0,5
69956,9,9,9,2,7,1,5,7,2,0,5
69957,8,2,5,5,9,9,8,4,6,9,8
69958,8,2,9,5,9,1,8,4,6,9,8
69959,1,7,6,2,0,8,0,9,5,6,5
69960,0,4,7,0,2,7,4,4,6,8,0
69961,4,5,8,9,3,4,3,0,8,7,3
69962,3,0,1,4,5,3,2,6,1,1,1
69963,8,2,5,5,9,9,8,4,6,9,2
69964,3,0,1,4,5,3,2,3,1,1,1
69965,2,3,4,6,8,2,6,3,9,5,6
69966,4,5,8,9,3,4,3,0,8,7,3
69967,2,3,4,6,8,2,6,8,9,5,6
69968,8,2,5,5,9,9,8,4,6,9,8
69969,9,9,9,2,7,1,5,7,2,0,5
69970,2,5,4,7,8,2,6,3,5,5,6
69971,6,5,2,7,1,5,9,2,3,2,9
69972,0,4,7,0,2,7,4,1,4,8,0
69973,8,2,7,5,9,7,8,4,6,9,8
69974,8,2,7,5,9,7,8,4,6,9,8
69975,6,3,2,7,1,5,9,2,3,2,9
69976,4,5,8,9,3,4,3,3,8,7,3
69977,8,2,7,5,9,7,8,4,6,9,8
69978,9,9,9,2,7,1,5,7,2,0,5
69979,8,2,5,5,9,9,8,4,6,9,2
69980,6,0,2,4,1,5,9,2,1,2,9
69981,9,5,9,2,7,1,5,3,2,0,5
69982,6,5,2,7,1,5,9,3,3,2,9
69983,3,6,1,8,5,3,2,6,0,1,1
69984,1,7,6,2,0,8,0,9,5,6,5
69985,6,3,5,6,1,9,9,8,9,2,6
69986,7,3,4,6,4,6,6,8,9,3,6
69987,0,4,7,0,2,7,4,4,6,8,0
69988,2,3,4,6,8,2,6,3,9,5,6
69989,4,5,8,9,3,4,3,3,8,7,3
69990,8,2,5,5,9,9,8,4,6,9,2
69991,2,3,4,6,8,2,6,8,9,5,6
69992,0,4,7,0,2,7,4,4,6,8,0
69993,3,0,1,4,5,3,2,6,1,1,1
69994,9,9,9,2,7,1,5,7,2,0,5
69995,6,5,2,7,1,5,9,2,3,2,9
69996,7,1,0,3,4,6,1,5,7,3,4
69997,8,2,7,5,9,7,8,4,6,9,8
69998,2,2,7,2,8,2,6,3,6,5,8
69999,4,5,8,9,3,4,3,0,8,7,3
