,0,1,2,3,4,5,6,7,8,9,10
0,7,7,7,7,7,7,7,7,7,7,7
1,3,3,3,3,3,3,3,3,3,3,3
2,7,7,7,7,7,7,7,7,7,7,7
3,7,7,7,7,7,7,7,7,0,0,0
4,1,1,1,1,1,1,1,1,1,1,1
5,6,6,6,6,6,6,6,6,6,6,6
6,1,1,1,1,1,1,1,1,1,1,1
7,0,0,0,0,0,0,0,0,0,0,0
8,2,2,2,2,2,2,2,2,2,2,2
9,0,0,0,0,0,0,0,0,0,0,0
10,0,0,0,0,0,0,0,0,0,0,0
11,0,0,0,0,0,0,0,0,0,0,0
12,2,2,2,2,2,2,2,2,2,2,2
13,2,2,2,2,2,2,2,2,2,2,2
14,7,7,7,7,7,7,7,7,7,7,7
15,0,0,0,0,0,0,0,0,0,0,0
16,0,0,0,0,0,0,0,0,0,0,0
17,7,7,0,0,0,0,0,0,0,0,0
18,0,0,0,0,0,0,0,0,0,0,0
19,7,7,7,7,7,7,7,7,7,7,7
20,0,0,0,0,0,0,0,0,0,0,0
21,0,0,0,0,0,0,0,0,0,0,0
22,8,8,8,8,8,8,8,8,8,8,8
23,3,3,3,3,3,3,3,3,3,3,3
24,0,0,0,0,0,0,0,0,0,0,0
25,1,1,1,1,1,1,1,1,1,1,1
26,0,0,0,0,0,0,0,0,0,7,7
27,7,7,7,7,7,7,7,7,7,7,7
28,8,8,8,8,8,8,8,8,8,8,8
29,4,4,4,4,4,4,4,4,4,4,4
30,7,7,7,7,7,7,7,7,7,7,7
31,1,1,1,1,1,1,1,1,1,1,1
32,5,5,5,5,5,5,5,5,5,5,5
33,2,2,2,2,2,2,2,2,2,2,2
34,4,4,4,4,4,4,4,4,4,4,4
35,4,4,4,4,4,4,4,4,4,4,4
36,8,8,8,8,8,8,8,8,8,8,8
37,0,0,0,0,0,0,0,0,0,0,0
38,2,2,2,2,2,2,2,2,2,2,2
39,2,2,2,2,2,2,2,2,2,2,2
40,4,4,4,4,4,4,4,4,4,4,4
41,4,4,4,4,4,4,4,4,4,4,4
42,8,8,8,8,8,8,8,8,8,8,8
43,3,3,3,3,3,3,3,3,3,3,3
44,9,9,9,9,9,9,9,9,9,9,9
45,2,2,2,2,2,2,2,2,2,2,2
46,4,4,4,4,4,4,4,4,4,4,4
47,0,0,0,0,0,0,0,0,0,0,0
48,8,8,8,8,8,8,8,8,8,8,8
49,9,9,9,9,9,9,9,9,9,9,9
50,0,0,0,0,0,0,0,0,0,0,0
51,5,5,5,5,5,5,5,5,5,5,5
52,0,2,2,2,2,2,2,2,2,2,2
53,0,0,0,0,0,0,0,0,0,0,0
54,7,7,7,7,7,7,7,7,7,7,7
55,7,7,7,7,7,7,7,7,7,7,7
56,7,7,7,7,7,7,7,7,7,7,7
57,2,2,2,2,2,2,2,2,2,2,2
58,0,0,0,0,0,0,0,0,0,0,0
59,1,1,1,1,1,1,1,1,1,1,1
60,2,2,2,2,2,2,2,2,2,2,2
61,9,9,9,9,9,9,9,9,9,9,9
62,5,5,5,5,5,5,5,5,5,5,5
63,0,0,0,0,0,0,0,0,0,0,0
64,7,7,7,7,7,7,7,7,7,7,7
65,7,7,7,7,7,7,7,7,7,7,7
66,0,0,0,0,0,0,0,0,0,0,0
67,7,7,7,7,7,7,7,7,7,7,8
68,0,0,0,0,0,0,0,0,0,0,0
69,4,4,4,4,4,4,4,4,4,4,4
70,0,0,0,0,0,0,0,0,0,0,0
71,7,7,7,7,7,7,7,7,0,0,0
72,1,1,1,1,1,1,1,1,1,1,1
73,1,1,1,1,1,1,1,1,1,1,1
74,0,0,0,0,0,0,0,0,0,0,0
75,1,1,1,1,1,1,1,1,1,1,1
76,2,2,2,2,2,2,2,2,2,2,2
77,1,1,1,1,1,1,1,1,1,1,1
78,2,2,2,2,2,2,2,2,2,2,2
79,1,1,1,1,1,1,1,1,1,1,1
80,2,2,2,2,2,2,2,2,2,2,2
81,1,1,1,1,1,1,1,1,1,1,1
82,1,1,1,1,1,1,1,1,1,1,1
83,2,2,2,2,2,2,2,2,2,2,2
84,6,6,6,6,6,6,6,6,6,6,6
85,3,3,3,3,3,3,3,3,3,3,3
86,3,3,3,3,3,3,3,3,3,3,3
87,8,8,8,8,8,8,8,8,8,8,8
88,2,2,2,2,2,2,2,2,2,2,2
89,2,2,2,2,2,2,2,2,2,2,2
90,2,2,2,2,2,2,2,2,2,2,2
91,0,0,0,0,0,0,0,0,0,0,0
92,0,0,0,0,0,0,0,0,0,0,0
93,5,5,5,5,5,5,5,5,5,5,5
94,3,3,3,3,3,3,3,3,3,3,3
95,3,3,3,3,3,3,3,3,3,3,3
96,4,4,4,4,4,4,4,4,4,4,4
97,8,8,8,8,8,8,8,8,8,8,8
98,4,4,4,4,4,4,4,4,4,4,4
99,7,7,7,7,7,7,7,7,7,7,7
100,3,3,3,3,3,3,3,3,3,3,3
101,9,9,9,9,9,9,9,9,9,9,9
102,2,2,2,2,2,2,2,2,2,2,2
103,5,5,5,5,5,5,5,5,5,5,5
104,0,0,0,0,0,0,0,0,0,0,0
105,3,3,3,3,3,3,3,3,3,3,3
106,0,0,0,0,0,0,0,0,0,0,0
107,3,3,3,3,3,3,3,3,3,3,3
108,8,8,8,8,8,8,8,8,8,8,8
109,3,3,3,3,3,3,3,3,3,3,3
110,6,6,6,6,6,6,6,6,6,6,6
111,3,3,3,3,3,3,3,3,3,3,3
112,5,5,5,5,5,5,5,5,5,5,5
113,2,2,2,2,2,2,2,2,2,2,2
114,5,5,5,5,5,5,5,5,5,5,5
115,1,1,1,1,1,1,1,1,1,1,1
116,8,8,8,8,8,8,8,8,8,8,8
117,2,2,2,2,2,2,2,2,2,2,2
118,3,3,3,3,3,3,3,3,3,3,3
119,0,0,0,0,0,0,0,0,0,0,0
120,8,8,8,8,8,8,8,8,8,8,8
121,2,2,2,2,2,2,2,2,2,2,2
122,8,8,8,8,8,8,8,8,8,8,8
123,2,2,2,2,2,2,2,2,2,2,2
124,8,8,8,8,8,8,8,8,8,8,8
125,7,7,7,7,0,0,0,0,0,0,0
126,9,9,9,9,9,9,9,9,9,9,9
127,1,1,1,1,1,1,1,1,1,1,1
128,7,7,7,7,7,7,0,0,0,0,0
129,2,2,2,2,2,2,2,2,2,2,2
130,7,7,7,7,7,7,7,7,7,7,7
131,3,3,3,3,3,3,3,3,3,3,3
132,7,7,7,7,7,7,7,7,7,7,7
133,2,2,2,2,2,2,2,2,2,2,2
134,3,3,3,3,3,3,3,3,3,3,3
135,3,3,3,3,3,3,3,3,3,3,3
136,5,5,5,5,5,5,5,5,5,5,5
137,7,7,7,7,7,7,7,7,7,7,8
138,9,9,9,9,9,9,9,9,9,9,9
139,0,0,0,0,0,0,0,0,0,0,0
140,0,0,0,0,0,0,0,0,0,0,0
141,2,2,2,2,2,2,2,2,2,2,2
142,7,7,7,7,7,7,7,7,7,7,7
143,3,3,3,3,3,3,3,3,3,3,3
144,3,3,3,3,3,3,3,3,3,3,3
145,5,5,5,5,5,5,5,5,5,5,5
146,7,7,0,0,0,0,0,0,0,0,0
147,3,3,3,3,3,3,3,3,3,3,3
148,5,5,5,5,5,5,5,5,5,5,5
149,0,0,0,0,0,0,0,0,0,0,0
150,7,7,0,0,0,0,0,0,0,0,0
151,5,5,5,5,5,5,5,5,5,5,5
152,2,2,2,2,2,2,2,2,2,2,2
153,0,0,0,0,0,0,0,0,0,0,0
154,3,3,3,3,3,3,3,3,3,3,3
155,9,9,9,9,9,9,9,9,9,9,9
156,0,0,0,0,0,0,0,0,0,0,0
157,1,1,1,1,1,1,1,1,1,1,1
158,0,0,0,0,0,0,0,0,0,0,0
159,8,8,8,8,8,8,8,8,8,8,8
160,0,0,0,0,0,0,0,0,0,0,0
161,0,0,0,0,0,0,0,0,0,0,0
162,7,7,7,7,7,7,7,8,8,8,8
163,5,5,5,5,5,5,5,5,5,5,5
164,7,7,7,7,7,7,7,0,0,0,0
165,9,9,9,9,9,9,9,9,9,9,9
166,9,9,9,9,9,9,9,9,9,9,9
167,3,3,3,3,3,3,3,3,3,3,3
168,5,5,5,5,5,5,5,5,5,5,5
169,9,9,9,9,9,9,9,9,9,9,9
170,9,9,9,9,9,9,9,9,9,9,9
171,3,3,3,3,3,3,3,3,3,3,3
172,7,7,7,7,7,7,7,7,7,7,7
173,9,9,9,9,9,9,9,9,9,9,9
174,1,1,1,1,1,1,1,1,1,1,1
175,6,6,6,6,6,6,6,6,6,6,6
176,9,9,9,9,9,9,9,9,9,9,9
177,2,2,2,2,2,2,2,2,2,2,2
178,9,9,9,9,9,9,9,9,9,9,9
179,1,1,1,1,1,1,1,1,1,1,1
180,9,9,9,9,9,9,9,9,9,9,9
181,0,0,0,0,0,0,0,0,0,0,0
182,0,0,0,0,0,0,0,0,0,0,0
183,1,1,1,1,1,1,1,1,1,1,1
184,7,7,7,7,7,7,7,7,7,7,7
185,3,3,3,3,3,3,3,3,3,3,3
186,3,3,3,3,3,3,3,3,3,3,3
187,9,9,9,9,9,9,9,9,9,9,9
188,7,7,7,7,7,7,7,7,7,7,7
189,9,9,9,9,9,9,9,9,9,9,9
190,4,4,4,4,4,4,4,4,4,4,4
191,8,8,8,8,8,8,8,8,8,8,8
192,0,0,0,0,0,0,0,0,0,0,0
193,1,1,1,1,1,1,1,1,1,1,1
194,1,1,1,1,1,1,1,1,1,1,1
195,1,1,1,1,1,1,1,1,1,1,1
196,1,1,1,1,1,1,1,1,1,1,1
197,8,8,8,8,8,8,8,8,8,8,8
198,8,8,8,8,8,8,8,8,8,8,8
199,2,2,2,2,2,2,2,2,2,2,2
200,8,8,8,8,8,8,8,8,8,8,8
201,0,0,0,0,0,0,0,0,0,0,0
202,2,2,2,2,2,2,2,2,2,2,2
203,1,1,1,1,1,1,1,1,1,1,1
204,8,8,8,8,8,8,8,8,8,8,8
205,8,8,8,8,8,8,8,8,8,8,8
206,1,1,1,1,1,1,1,1,1,1,1
207,1,1,1,1,1,1,1,1,1,1,1
208,2,2,2,2,2,2,2,2,2,2,2
209,1,1,1,1,1,1,1,1,1,1,1
210,1,1,1,1,1,1,1,1,1,1,1
211,1,1,1,1,1,1,1,1,1,1,1
212,8,8,8,8,8,8,8,8,8,8,8
213,7,7,7,7,7,7,7,7,7,7,7
214,3,3,3,3,3,3,3,3,3,3,3
215,0,0,0,0,0,0,0,0,0,0,0
216,4,4,4,4,4,4,4,4,4,4,4
217,2,2,2,2,2,2,2,2,2,2,2
218,4,4,4,4,4,4,4,4,4,4,4
219,4,4,4,4,4,4,4,4,4,4,4
220,8,8,8,8,8,8,8,8,8,8,8
221,3,3,3,3,3,3,3,3,3,3,3
222,7,7,7,7,7,7,2,2,2,2,2
223,0,0,0,0,0,0,0,0,0,0,0
224,0,0,0,0,0,0,0,0,0,0,0
225,7,7,7,7,7,7,7,7,7,7,7
226,0,0,0,0,0,0,0,0,0,0,0
227,9,9,9,9,9,9,9,9,9,9,9
228,8,8,8,8,8,8,8,8,8,8,8
229,6,6,6,6,6,6,6,6,6,6,6
230,0,0,0,0,0,0,0,0,0,0,0
231,2,2,2,2,2,2,2,2,2,2,2
232,9,9,9,9,9,9,9,9,9,9,9
233,4,4,4,4,4,4,4,4,4,4,4
234,4,4,4,4,4,4,4,4,4,4,4
235,0,0,0,0,0,0,0,0,0,0,0
236,0,0,0,0,0,0,0,0,0,0,0
237,0,0,0,0,0,0,0,0,0,0,0
238,2,2,2,2,2,2,2,2,2,2,2
239,0,0,0,0,0,0,0,0,0,0,0
240,3,3,3,3,3,3,3,3,3,3,3
241,7,7,7,7,7,7,7,7,7,7,7
242,0,0,0,0,0,0,0,0,0,0,0
243,2,2,2,2,2,2,2,2,2,2,2
244,9,9,9,9,9,9,9,9,9,9,9
245,7,7,7,7,7,7,7,7,7,7,8
246,1,1,1,1,1,1,1,1,1,1,1
247,9,9,9,9,9,9,9,9,9,9,9
248,2,2,2,2,2,2,2,2,2,2,2
249,3,3,3,3,3,3,3,3,3,3,3
250,6,6,6,6,6,6,6,6,6,6,6
251,7,7,7,7,7,7,7,7,0,0,0
252,9,9,9,9,9,9,9,9,9,9,9
253,0,0,0,0,0,0,0,0,0,0,0
254,3,3,3,3,3,3,3,3,3,3,3
255,9,9,9,9,9,9,9,9,9,9,9
256,9,9,9,9,9,9,9,9,9,9,9
257,9,9,9,9,9,9,9,9,9,9,9
258,9,9,9,9,9,9,9,9,9,9,9
259,7,7,7,0,0,0,0,0,0,0,0
260,9,9,9,9,9,9,9,9,9,9,9
261,0,0,0,0,0,0,0,0,0,0,0
262,8,8,7,7,7,7,7,7,7,7,7
263,7,7,7,7,7,7,7,7,7,7,7
264,9,9,9,9,9,9,9,9,9,9,9
265,1,1,1,1,1,1,1,1,1,1,1
266,0,0,0,0,0,0,0,0,0,0,0
267,7,7,7,7,7,7,0,0,0,0,0
268,7,7,7,7,0,0,0,0,0,0,0
269,7,7,7,7,7,7,7,7,7,7,7
270,0,0,0,0,0,0,0,0,0,0,0
271,1,1,1,1,1,1,1,1,1,1,1
272,5,5,5,5,5,5,5,5,5,5,5
273,7,7,7,7,7,7,7,0,0,0,0
274,0,0,0,0,0,0,0,0,0,0,0
275,3,3,3,3,3,3,3,3,3,3,3
276,8,8,8,8,8,8,8,8,8,8,8
277,0,0,0,0,0,0,0,0,0,0,0
278,7,7,7,7,7,7,7,7,7,7,7
279,9,9,9,9,9,9,9,9,9,9,9
280,3,3,3,3,3,3,3,3,3,3,3
281,4,4,4,4,4,4,4,4,4,4,4
282,5,5,5,5,5,5,5,5,5,5,5
283,2,2,2,2,2,2,2,2,2,2,2
284,2,2,2,2,2,2,2,2,2,2,2
285,9,9,9,9,9,9,9,9,9,9,9
286,3,3,3,3,3,3,3,3,3,3,3
287,8,8,8,8,8,8,8,8,8,8,8
288,7,7,7,7,7,7,7,7,7,7,7
289,8,8,8,8,8,8,8,8,8,8,8
290,7,7,7,7,7,7,7,7,7,7,7
291,7,7,7,7,0,0,0,0,0,0,0
292,4,4,4,4,4,4,4,4,4,4,4
293,7,7,7,7,7,7,7,7,7,7,7
294,8,8,8,8,8,8,8,8,8,8,8
295,7,7,7,7,7,7,2,2,2,2,2
296,7,7,7,7,7,7,7,7,3,3,3
297,9,9,9,9,9,9,9,9,9,9,9
298,9,9,9,9,9,9,9,9,9,9,9
299,7,7,7,7,7,7,7,7,7,7,7
300,3,3,3,3,3,3,3,3,3,3,3
301,7,7,7,7,7,7,7,7,7,7,8
302,7,7,7,7,7,7,7,7,7,7,5
303,3,3,3,3,3,3,3,3,3,3,3
304,4,4,4,4,4,4,4,4,4,4,4
305,7,7,4,4,4,4,4,4,4,4,4
306,9,9,9,9,9,9,9,9,9,9,9
307,3,3,3,3,3,3,3,3,3,3,3
308,7,7,7,7,7,7,7,7,8,8,8
309,7,7,7,7,7,7,7,7,7,7,7
310,9,9,9,9,9,9,9,9,9,9,9
311,7,7,7,7,7,7,7,7,7,7,7
312,7,7,7,7,7,7,7,7,7,7,7
313,7,7,7,7,7,7,7,7,7,7,0
314,7,7,7,7,9,9,9,9,9,9,9
315,7,7,7,7,7,7,7,2,2,2,2
316,3,3,3,3,3,3,3,3,3,3,3
317,7,7,7,7,5,5,5,5,5,5,5
318,4,4,4,4,4,4,4,4,4,4,4
319,6,6,6,6,6,6,6,6,6,6,6
320,3,3,3,3,3,3,3,3,3,3,3
321,7,7,7,7,7,7,9,9,9,9,9
322,8,8,8,8,8,8,8,8,8,8,8
323,5,5,5,5,5,5,5,5,5,5,5
324,3,3,3,3,3,3,3,3,3,3,3
325,7,7,7,4,4,4,4,4,4,4,4
326,4,4,4,4,4,4,4,4,4,4,4
327,0,0,0,0,0,0,0,0,0,0,0
328,0,0,0,0,0,0,0,0,0,0,0
329,2,2,2,2,2,2,2,2,2,2,2
330,9,9,9,9,9,9,9,9,9,9,9
331,8,8,8,8,8,8,8,8,8,8,8
332,3,3,3,3,3,3,3,3,3,3,3
333,1,1,1,1,1,1,1,1,1,1,1
334,7,7,7,7,7,7,7,7,7,7,7
335,0,0,0,0,0,0,0,0,0,0,0
336,8,8,8,8,8,8,8,8,8,8,8
337,0,0,0,0,0,0,0,0,0,0,0
338,7,7,7,7,7,7,7,7,7,7,0
339,7,7,7,7,7,7,7,7,7,7,0
340,3,3,3,3,3,3,3,3,3,3,3
341,7,7,7,7,7,7,0,0,0,0,0
342,7,7,7,7,7,7,7,8,8,8,8
343,7,7,7,7,7,7,7,7,7,8,8
344,3,3,3,3,3,3,3,3,3,3,3
345,2,2,2,2,2,2,2,2,2,2,2
346,8,8,8,8,8,8,8,8,8,8,8
347,9,9,9,9,9,9,9,9,9,9,9
348,0,0,0,0,0,0,0,0,0,0,0
349,5,5,5,5,5,5,5,5,5,5,5
350,9,9,9,9,9,9,9,9,9,9,9
351,9,9,9,9,9,9,9,9,9,9,9
352,8,8,8,8,8,8,8,8,8,8,8
353,3,3,3,3,3,3,3,3,3,3,3
354,5,5,5,5,5,5,5,5,5,5,5
355,3,3,3,3,3,3,3,3,3,3,3
356,7,7,7,7,7,7,7,0,0,0,0
357,9,9,9,9,9,9,9,9,9,9,9
358,3,3,3,3,3,3,3,3,3,3,3
359,7,7,7,7,0,0,0,0,0,0,0
360,9,9,9,9,9,9,9,9,9,9,9
361,0,0,0,0,0,0,0,0,0,0,0
362,0,0,0,0,0,0,0,0,0,7,7
363,4,4,4,4,4,4,4,4,4,4,4
364,0,0,0,0,0,0,0,0,0,0,0
365,7,7,7,7,7,7,7,7,7,7,7
366,7,7,7,7,7,7,7,7,7,7,7
367,9,9,9,9,9,9,9,9,9,9,9
368,7,7,7,7,7,7,0,0,0,0,0
369,0,0,0,0,0,0,0,0,0,0,0
370,0,0,0,0,0,0,0,0,0,0,0
371,0,0,0,0,0,0,0,0,0,0,0
372,0,0,0,0,0,0,0,0,0,0,0
373,0,0,0,0,0,0,0,0,0,0,0
374,0,0,0,0,0,0,0,0,0,0,0
375,3,3,3,3,3,3,3,3,3,3,3
376,9,9,9,9,9,9,9,9,9,9,9
377,7,7,7,7,7,7,7,7,7,7,7
378,8,8,8,8,8,8,8,8,8,8,8
379,3,3,3,3,3,3,3,3,3,3,3
380,2,2,2,2,2,2,2,2,2,2,2
381,9,9,9,9,9,9,9,9,9,9,9
382,0,7,7,7,7,7,7,7,7,7,7
383,5,5,5,5,5,5,5,5,5,5,5
384,5,5,5,5,5,5,5,5,5,5,5
385,7,7,0,0,0,0,0,0,0,0,0
386,7,7,0,0,0,0,0,0,0,0,0
387,7,7,7,7,7,7,7,7,7,7,7
388,7,7,7,7,7,7,7,7,7,7,7
389,5,5,5,5,5,5,5,5,5,5,5
390,8,8,8,8,8,8,8,8,8,8,8
391,0,0,0,0,0,0,0,0,0,0,0
392,5,5,5,5,5,5,5,5,5,5,5
393,0,0,0,0,0,0,0,0,0,0,0
394,9,9,9,9,9,9,9,9,9,9,9
395,2,2,2,2,2,2,2,2,2,2,2
396,9,9,9,9,9,9,9,9,9,9,9
397,7,7,7,7,7,7,7,7,7,7,8
398,0,0,0,0,0,0,0,0,0,0,0
399,1,1,1,1,1,1,1,1,1,1,1
400,0,0,0,0,0,0,0,0,0,0,0
401,9,9,9,9,9,9,9,9,9,9,9
402,1,1,1,1,1,1,1,1,1,1,1
403,0,0,0,0,0,0,0,0,0,0,0
404,0,0,0,0,0,0,0,0,0,0,0
405,0,0,0,0,0,0,0,0,0,0,0
406,9,9,9,9,9,9,9,9,9,9,9
407,9,9,9,9,9,9,9,9,9,9,9
408,2,2,2,2,2,2,2,2,2,2,2
409,2,2,2,2,2,2,2,2,2,2,2
410,3,3,3,3,3,3,3,3,3,3,3
411,7,7,7,7,7,7,0,0,0,0,0
412,7,7,7,7,7,7,7,7,7,7,7
413,0,7,7,7,7,7,7,7,7,7,7
414,3,3,3,3,3,3,3,3,3,3,3
415,8,8,8,8,8,8,8,8,8,8,8
416,9,9,9,9,9,9,9,9,9,9,9
417,0,0,0,0,0,0,0,0,0,0,0
418,0,0,0,0,0,0,0,0,0,0,0
419,0,0,0,0,0,0,0,0,0,0,0
420,7,7,7,0,0,0,0,0,0,0,0
421,3,3,3,3,3,3,3,3,3,3,3
422,5,5,5,5,5,5,5,5,5,5,5
423,9,9,9,9,9,9,9,9,9,9,9
424,4,4,4,4,4,4,4,4,4,4,4
425,0,0,0,0,0,0,0,0,0,0,0
426,7,7,7,7,7,7,7,7,7,7,7
427,9,9,9,9,9,9,9,9,9,9,9
428,7,7,7,7,7,7,7,7,0,0,0
429,7,7,7,7,7,7,7,7,7,7,7
430,0,0,0,0,0,0,0,0,0,0,0
431,3,3,3,3,3,3,3,3,3,3,3
432,1,1,1,1,1,1,1,1,1,1,1
433,1,1,1,1,1,1,1,1,1,1,1
434,7,7,7,7,7,7,7,7,7,7,7
435,2,2,2,2,2,2,2,2,2,2,2
436,2,2,2,2,2,2,2,2,2,2,2
437,9,9,9,9,9,9,9,9,9,9,9
438,9,9,9,9,9,9,9,9,9,9,9
439,1,1,1,1,1,1,1,1,1,1,1
440,9,9,9,9,9,9,9,9,9,9,9
441,0,0,0,0,0,0,0,0,0,0,0
442,0,3,3,3,3,3,3,3,3,3,3
443,3,3,3,3,3,3,3,3,3,3,3
444,9,9,9,9,9,9,9,9,9,9,9
445,3,3,3,3,3,3,3,3,3,3,3
446,3,3,3,3,3,3,3,3,3,3,3
447,7,7,7,7,7,7,7,3,3,3,3
448,3,3,3,3,3,3,3,3,3,3,3
449,3,3,3,3,3,3,3,3,3,3,3
450,7,7,7,7,7,7,0,0,0,0,0
451,2,2,2,2,2,2,2,2,2,2,2
452,1,1,1,1,1,1,1,1,1,1,1
453,0,0,0,0,0,0,0,0,0,0,0
454,1,1,1,1,1,1,1,1,1,1,1
455,2,2,2,2,2,2,2,2,2,2,2
456,0,0,0,0,0,0,0,0,0,0,0
457,2,2,2,2,2,2,2,2,2,2,2
458,1,1,1,1,1,1,1,1,1,1,1
459,1,1,1,1,1,1,1,1,1,1,1
460,0,0,0,0,0,0,0,0,0,0,0
461,8,8,8,8,8,8,8,8,8,8,8
462,3,3,3,3,3,3,3,3,3,3,3
463,7,7,7,7,7,7,7,7,7,2,2
464,0,0,0,0,0,0,0,0,0,0,0
465,7,7,7,7,7,7,7,7,0,0,0
466,5,5,5,5,5,5,5,5,5,5,5
467,0,0,0,0,0,0,0,0,0,0,0
468,3,3,3,3,3,3,3,3,3,3,3
469,3,3,3,3,3,3,3,3,3,3,3
470,4,4,4,4,4,4,4,4,4,4,4
471,7,7,7,7,7,7,7,7,7,7,7
472,7,7,7,7,7,7,7,7,7,7,7
473,3,3,3,3,3,3,3,3,3,3,3
474,3,3,3,3,3,3,3,3,3,3,3
475,0,0,0,0,0,0,0,0,0,0,0
476,5,5,5,5,5,5,5,5,5,5,5
477,8,8,8,8,8,8,8,8,8,8,8
478,2,2,2,2,2,2,2,2,2,2,2
479,2,2,2,2,2,2,2,2,2,2,2
480,9,9,9,9,9,9,9,9,9,9,9
481,3,3,3,3,3,3,3,3,3,3,3
482,4,4,4,4,4,4,4,4,4,4,4
483,4,4,4,4,4,4,4,4,4,4,4
484,8,8,8,8,8,8,8,8,8,8,8
485,3,3,3,3,3,3,3,3,3,3,3
486,9,9,9,9,9,9,9,9,9,9,9
487,9,9,9,9,9,9,9,9,9,9,9
488,4,4,4,4,4,4,4,4,4,4,4
489,9,9,9,9,9,9,9,9,9,9,9
490,7,7,7,7,7,7,7,7,0,0,0
491,8,8,8,8,8,8,8,8,8,8,8
492,4,4,4,4,4,4,4,4,4,4,4
493,1,1,1,1,1,1,1,1,1,1,1
494,1,1,1,1,1,1,1,1,1,1,1
495,8,8,8,8,8,8,8,8,8,8,8
496,4,4,4,4,4,4,4,4,4,4,4
497,0,0,0,0,0,0,0,0,0,0,0
498,9,9,9,9,9,9,9,9,9,9,9
499,7,7,7,7,0,0,0,0,0,0,0
500,1,1,1,1,1,1,1,1,1,1,1
501,1,1,1,1,1,1,1,1,1,1,1
502,0,0,0,0,0,0,0,0,0,0,0
503,4,4,4,4,4,4,4,4,4,4,4
504,3,3,3,3,3,3,3,3,3,3,3
505,4,4,4,4,4,4,4,4,4,4,4
506,4,4,4,4,4,4,4,4,4,4,4
507,3,3,3,3,3,3,3,3,3,3,3
508,4,4,4,4,4,4,4,4,4,4,4
509,0,0,0,0,0,0,0,0,0,0,0
510,0,0,0,0,0,0,0,0,0,0,0
511,8,8,8,8,8,8,8,8,8,8,8
512,4,4,4,4,4,4,4,4,4,4,4
513,8,8,8,8,8,8,8,8,8,8,8
514,4,4,4,4,4,4,4,4,4,4,4
515,0,0,0,0,0,0,0,0,0,0,0
516,3,3,3,3,3,3,3,3,3,3,3
517,1,1,1,1,1,1,1,1,1,1,1
518,9,9,9,9,9,9,9,9,9,9,9
519,0,0,0,0,0,0,0,0,0,0,0
520,1,1,1,1,1,1,1,1,1,1,1
521,8,8,7,7,7,7,7,7,7,7,7
522,9,9,9,9,9,9,9,9,9,9,9
523,0,0,0,0,0,0,0,0,0,0,0
524,7,7,7,7,7,7,7,7,7,7,7
525,5,5,5,5,5,5,5,5,5,5,5
526,7,7,7,7,7,7,7,7,7,7,7
527,9,9,9,9,9,9,9,9,9,9,9
528,1,1,1,1,1,1,1,1,1,1,1
529,0,0,0,0,0,0,0,0,0,0,0
530,2,2,2,2,2,2,2,2,2,2,2
531,9,9,9,9,9,9,9,9,9,9,9
532,0,0,0,0,0,0,0,0,0,0,0
533,5,5,5,5,5,5,5,5,5,5,5
534,0,0,0,0,0,0,0,0,0,0,0
535,1,1,1,1,1,1,1,1,1,1,1
536,7,7,7,7,7,7,7,7,7,7,7
537,0,0,0,0,0,0,0,0,0,0,0
538,8,8,8,8,8,8,8,8,8,8,8
539,7,7,7,7,7,7,7,7,7,7,7
540,0,0,0,0,0,0,0,0,0,0,0
541,9,9,9,9,9,9,9,9,9,9,9
542,9,9,9,9,9,9,9,9,9,9,9
543,9,9,9,9,9,9,9,9,9,9,9
544,9,9,9,9,9,9,9,9,9,9,9
545,9,9,9,9,9,9,9,9,9,9,9
546,0,0,0,0,0,0,0,0,0,0,0
547,1,1,1,1,1,1,1,1,1,1,1
548,2,2,2,2,2,2,2,2,2,2,2
549,8,8,8,8,8,8,8,8,8,8,8
550,0,0,0,0,0,0,0,0,0,0,0
551,4,4,4,4,4,4,4,4,4,4,4
552,5,5,5,5,5,5,5,5,5,5,5
553,9,9,9,9,9,9,9,9,9,9,9
554,5,5,5,5,5,5,5,5,5,5,5
555,7,7,7,7,7,7,0,0,0,0,0
556,2,2,2,2,2,2,2,2,2,2,2
557,7,7,7,7,7,7,7,7,7,7,7
558,6,6,6,6,6,6,6,6,6,6,6
559,1,1,1,1,1,1,1,1,1,1,1
560,2,2,2,2,2,2,2,2,2,2,2
561,8,8,8,8,8,8,8,8,8,8,8
562,0,0,0,0,0,0,0,0,0,0,0
563,9,9,9,9,9,9,9,9,9,9,9
564,3,3,3,3,3,3,3,3,3,3,3
565,2,2,2,2,2,2,2,2,2,2,2
566,1,1,1,1,1,1,1,1,1,1,1
567,8,8,8,8,8,8,8,8,8,8,8
568,8,8,8,8,8,8,8,8,8,8,8
569,3,3,3,3,3,3,3,3,3,3,3
570,7,7,7,7,7,7,2,2,2,2,2
571,0,0,0,0,0,0,0,0,0,0,0
572,7,7,7,7,7,7,7,7,7,7,7
573,0,0,0,0,0,0,0,0,0,0,0
574,3,3,3,3,3,3,3,3,3,3,3
575,3,3,3,3,3,3,3,3,3,3,3
576,8,8,8,8,8,8,8,8,8,8,8
577,9,9,9,9,9,9,9,9,9,9,9
578,0,0,0,0,0,0,0,0,0,0,0
579,4,4,4,4,4,4,4,4,4,4,4
580,4,4,4,4,4,4,4,4,4,4,4
581,1,1,1,1,1,1,1,1,1,1,1
582,2,2,2,2,2,2,2,2,2,2,2
583,2,2,2,2,2,2,2,2,2,2,2
584,7,7,7,7,7,7,7,0,0,0,0
585,9,9,9,9,9,9,9,9,9,9,9
586,5,5,5,5,5,5,5,5,5,5,5
587,5,5,5,5,5,5,5,5,5,5,5
588,8,8,8,8,8,8,8,8,8,8,8
589,1,1,1,1,1,1,1,1,1,1,1
590,7,7,7,7,7,7,7,7,7,7,0
591,0,0,0,0,0,0,0,0,0,0,0
592,6,6,6,6,6,6,6,6,6,6,6
593,1,1,1,1,1,1,1,1,1,1,1
594,8,8,8,8,8,8,8,8,8,8,8
595,8,8,8,8,8,8,8,8,8,8,8
596,7,7,7,7,7,7,7,7,7,7,7
597,2,2,2,2,2,2,2,2,2,2,2
598,1,1,1,1,1,1,1,1,1,1,1
599,8,8,8,8,8,8,8,8,8,8,8
600,9,9,9,9,9,9,9,9,9,9,9
601,8,8,8,8,8,8,8,8,8,8,8
602,2,2,2,2,2,2,2,2,2,2,2
603,2,2,2,2,2,2,2,2,2,2,2
604,0,0,0,0,0,0,0,0,0,0,0
605,0,0,0,0,0,0,0,0,0,0,0
606,2,2,2,2,2,2,2,2,2,2,2
607,1,1,1,1,1,1,1,1,1,1,1
608,2,2,2,2,2,2,2,2,2,2,2
609,6,6,6,6,6,6,6,6,6,6,6
610,0,0,0,0,0,0,0,0,0,0,0
611,1,1,1,1,1,1,1,1,1,1,1
612,0,0,0,0,0,0,0,0,0,0,0
613,2,2,2,2,2,2,2,2,2,2,2
614,2,2,2,2,2,2,2,2,2,2,2
615,2,2,2,2,2,2,2,2,2,2,2
616,2,2,2,2,2,2,2,2,2,2,2
617,7,7,7,7,7,7,7,7,7,7,7
618,2,2,2,2,2,2,2,2,2,2,2
619,8,8,8,8,8,8,8,8,8,8,8
620,2,2,2,2,2,2,2,2,2,2,2
621,7,7,7,7,7,7,7,7,7,7,7
622,2,2,2,2,2,2,2,2,2,2,2
623,2,2,2,2,2,2,2,2,2,2,2
624,1,1,1,1,1,1,1,1,1,1,1
625,2,2,2,2,2,2,2,2,2,2,2
626,2,2,2,2,2,2,2,2,2,2,2
627,1,1,1,1,1,1,1,1,1,1,1
628,2,2,2,2,2,2,2,2,2,2,2
629,1,1,1,1,1,1,1,1,1,1,1
630,2,2,2,2,2,2,2,2,2,2,2
631,1,1,1,1,1,1,1,1,1,1,1
632,7,7,7,7,7,7,7,7,7,7,7
633,3,3,3,3,3,3,3,3,3,3,3
634,4,4,4,4,4,4,4,4,4,4,4
635,2,2,2,2,2,2,2,2,2,2,2
636,9,9,9,9,9,9,9,9,9,9,9
637,1,1,1,1,1,1,1,1,1,1,1
638,9,9,9,9,9,9,9,9,9,9,9
639,7,7,7,7,7,7,7,7,7,7,7
640,2,2,2,2,2,2,2,2,2,2,2
641,1,1,1,1,1,1,1,1,1,1,1
642,2,2,2,2,2,2,2,2,2,2,2
643,0,0,0,0,0,0,0,0,0,0,0
644,0,0,0,0,0,0,0,0,0,0,0
645,5,5,5,5,5,5,5,5,5,5,5
646,8,8,8,8,8,8,8,8,8,8,8
647,2,2,2,2,2,2,2,2,2,2,2
648,1,1,1,1,1,1,1,1,1,1,1
649,1,1,1,1,1,1,1,1,1,1,1
650,7,7,0,0,0,0,0,0,0,0,0
651,2,2,2,2,2,2,2,2,2,2,2
652,1,1,1,1,1,1,1,1,1,1,1
653,2,2,2,2,2,2,2,2,2,2,2
654,0,7,7,7,7,7,7,7,7,7,7
655,0,0,0,0,0,0,0,0,0,0,0
656,5,5,5,5,5,5,5,5,5,5,5
657,9,9,9,9,9,9,9,9,9,9,9
658,7,7,7,7,7,7,7,7,7,7,7
659,0,0,0,0,0,0,0,0,0,0,0
660,0,0,0,0,0,0,0,0,0,0,0
661,3,3,3,3,3,3,3,3,3,3,3
662,7,7,7,7,7,7,7,7,0,0,0
663,7,7,7,7,7,7,7,7,7,7,7
664,4,4,4,4,4,4,4,4,4,4,4
665,3,3,3,3,3,3,3,3,3,3,3
666,7,7,7,7,7,7,7,7,7,7,7
667,7,7,7,7,7,7,7,7,7,7,7
668,9,9,9,9,9,9,9,9,9,9,9
669,2,2,2,2,2,2,2,2,2,2,2
670,2,2,2,2,2,2,2,2,2,2,2
671,9,9,9,9,9,9,9,9,9,9,9
672,2,2,2,2,2,2,2,2,2,2,2
673,9,9,9,9,9,9,9,9,9,9,9
674,2,2,2,2,2,2,2,2,2,2,2
675,1,1,1,1,1,1,1,1,1,1,1
676,8,8,8,8,8,8,8,8,8,8,8
677,3,3,3,3,3,3,3,3,3,3,3
678,3,3,3,3,3,3,3,3,3,3,3
679,1,1,1,1,1,1,1,1,1,1,1
680,1,1,1,1,1,1,1,1,1,1,1
681,5,5,5,5,5,5,5,5,5,5,5
682,9,9,9,9,9,9,9,9,9,9,9
683,0,0,0,0,0,0,0,0,0,0,0
684,9,9,9,9,9,9,9,9,9,9,9
685,3,3,3,3,3,3,3,3,3,3,3
686,0,0,0,0,0,0,0,0,0,0,0
687,3,3,3,3,3,3,3,3,3,3,3
688,9,9,9,9,9,9,9,9,9,9,9
689,0,0,0,0,0,0,0,0,0,0,0
690,9,9,9,9,9,9,9,9,9,9,9
691,5,5,5,5,5,5,5,5,5,5,5
692,5,5,5,5,5,5,5,5,5,5,5
693,9,9,9,9,9,9,9,9,9,9,9
694,0,0,0,0,0,0,0,0,0,0,0
695,8,8,8,8,8,8,8,8,8,8,8
696,3,3,3,3,3,3,3,3,3,3,3
697,9,9,9,9,9,9,9,9,9,9,9
698,8,8,8,8,8,8,8,8,8,8,8
699,5,5,5,5,5,5,5,5,5,5,5
700,0,0,0,0,0,0,0,0,0,0,0
701,8,8,8,8,8,8,8,8,8,8,8
702,5,5,5,5,5,5,5,5,5,5,5
703,8,8,7,7,7,7,7,7,7,7,7
704,4,4,4,4,4,4,4,4,4,4,4
705,8,8,8,8,8,8,8,8,8,8,8
706,9,9,9,9,9,9,9,9,9,9,9
707,7,7,7,7,7,7,7,7,7,7,7
708,4,4,4,4,4,4,4,4,4,4,4
709,9,9,9,9,9,9,9,9,9,9,9
710,8,8,8,8,8,8,8,8,8,8,8
711,3,3,3,3,3,3,3,3,3,3,3
712,4,4,4,4,4,4,4,4,4,4,4
713,0,0,0,0,0,0,0,0,0,0,0
714,7,7,7,7,7,7,7,7,7,7,7
715,3,3,3,3,3,3,3,3,3,3,3
716,5,5,5,5,5,5,5,5,5,5,5
717,5,5,5,5,5,5,5,5,5,5,5
718,9,9,9,9,9,9,9,9,9,9,9
719,8,8,8,8,8,8,8,8,8,8,8
720,6,6,6,6,6,6,6,6,6,6,6
721,9,9,9,9,9,9,9,9,9,9,9
722,7,7,7,7,7,7,7,7,7,7,7
723,7,7,7,7,7,7,7,7,0,0,0
724,2,2,2,2,2,2,2,2,2,2,2
725,0,0,0,0,0,0,0,0,0,0,0
726,0,0,0,0,0,0,0,0,0,0,0
727,1,1,1,1,1,1,1,1,1,1,1
728,0,0,0,0,0,0,0,0,0,0,0
729,0,0,0,0,0,0,0,0,0,0,0
730,3,3,3,3,3,3,3,3,3,3,3
731,1,1,1,1,1,1,1,1,1,1,1
732,1,1,1,1,1,1,1,1,1,1,1
733,0,0,0,0,0,0,0,0,0,0,0
734,0,0,0,0,0,0,0,0,0,0,0
735,0,0,0,0,0,0,0,0,0,0,0
736,0,0,0,0,0,0,0,0,0,0,0
737,7,7,7,7,7,7,7,7,7,7,7
738,3,3,3,3,3,3,3,3,3,3,3
739,4,4,4,4,4,4,4,4,4,4,4
740,9,9,9,9,9,9,9,9,9,9,9
741,2,2,2,2,2,2,2,2,2,2,2
742,3,3,3,3,3,3,3,3,3,3,3
743,0,0,0,0,0,0,0,0,0,0,0
744,2,2,2,2,2,2,2,2,2,2,2
745,4,4,4,4,4,4,4,4,4,4,4
746,3,3,3,3,3,3,3,3,3,3,3
747,0,0,0,0,0,0,0,0,0,0,0
748,4,4,4,4,4,4,4,4,4,4,4
749,3,3,3,3,3,3,3,3,3,3,3
750,9,9,9,9,9,9,9,9,9,9,9
751,7,7,7,7,7,7,7,7,7,7,7
752,2,2,2,2,2,2,2,2,2,2,2
753,2,2,2,2,2,2,2,2,2,2,2
754,8,8,8,8,8,8,8,8,8,8,8
755,8,8,8,8,8,8,8,8,8,8,8
756,2,2,2,2,2,2,2,2,2,2,2
757,9,9,9,9,9,9,9,9,9,9,9
758,7,7,7,7,7,7,7,7,7,7,7
759,6,6,6,6,6,6,6,6,6,6,6
760,1,1,1,1,1,1,1,1,1,1,1
761,7,7,7,7,7,7,7,7,0,0,0
762,7,7,7,7,7,7,7,8,8,8,8
763,7,7,7,7,7,7,7,7,7,7,7
764,0,0,0,0,0,0,0,0,0,0,0
765,0,0,0,0,0,0,0,0,0,0,0
766,5,5,5,5,5,5,5,5,5,5,5
767,0,0,0,0,0,0,0,0,0,0,0
768,0,0,0,0,0,0,0,0,0,0,0
769,0,0,0,0,0,0,0,0,0,0,0
770,9,9,9,9,9,9,9,9,9,9,9
771,0,0,0,0,0,0,0,0,0,0,0
772,4,4,4,4,4,4,4,4,4,4,4
773,4,4,4,4,4,4,4,4,4,4,4
774,3,3,3,3,3,3,3,3,3,3,3
775,4,4,4,4,4,4,4,4,4,4,4
776,0,0,0,0,0,0,0,0,0,0,0
777,4,4,4,4,4,4,4,4,4,4,4
778,3,3,3,3,3,3,3,3,3,3,3
779,7,7,7,7,7,7,7,7,7,7,7
780,3,3,3,3,3,3,3,3,3,3,3
781,9,9,9,9,9,9,9,9,9,9,9
782,9,9,9,9,9,9,9,9,9,9,9
783,2,2,2,2,2,2,2,2,2,2,2
784,1,1,1,1,1,1,1,1,1,1,1
785,5,5,5,5,5,5,5,5,5,5,5
786,1,1,1,1,1,1,1,1,1,1,1
787,4,4,4,4,4,4,4,4,4,4,4
788,4,4,4,4,4,4,4,4,4,4,4
789,4,4,4,4,4,4,4,4,4,4,4
790,3,3,3,3,3,3,3,3,3,3,3
791,4,4,4,4,4,4,4,4,4,4,4
792,3,3,3,3,3,3,3,3,3,3,3
793,3,3,3,3,3,3,3,3,3,3,3
794,9,9,9,9,9,9,9,9,9,9,9
795,7,7,7,7,7,7,7,0,0,0,0
796,4,4,4,4,4,4,4,4,4,4,4
797,4,4,4,4,4,4,4,4,4,4,4
798,3,3,3,3,3,3,3,3,3,3,3
799,3,3,3,3,3,3,3,3,3,3,3
800,0,0,0,0,0,0,0,0,0,0,0
801,3,3,3,3,3,3,3,3,3,3,3
802,3,3,3,3,3,3,3,3,3,3,3
803,0,0,0,0,0,0,0,0,0,0,0
804,9,9,9,9,9,9,9,9,9,9,9
805,7,7,7,7,7,7,7,7,7,7,7
806,9,9,9,9,9,9,9,9,9,9,9
807,9,9,9,9,9,9,9,9,9,9,9
808,7,7,7,7,7,7,7,7,7,7,7
809,7,7,7,7,7,0,0,0,0,0,0
810,3,3,3,3,3,3,3,3,3,3,3
811,0,0,0,0,0,0,0,0,0,0,0
812,2,2,2,2,2,2,2,2,2,2,2
813,8,8,8,8,8,8,8,8,8,8,8
814,2,2,2,2,2,2,2,2,2,2,2
815,0,0,0,0,0,0,0,0,0,0,0
816,9,9,9,9,9,9,9,9,9,9,9
817,2,2,2,2,2,2,2,2,2,2,2
818,8,8,8,8,8,8,8,8,8,8,8
819,8,8,8,8,8,8,8,8,8,8,8
820,1,1,1,1,1,1,1,1,1,1,1
821,7,7,7,7,7,7,7,7,7,7,7
822,3,3,3,3,3,3,3,3,3,3,3
823,7,7,7,7,7,7,7,7,7,7,7
824,0,0,0,0,0,0,0,0,0,0,0
825,0,0,0,0,0,0,0,0,0,0,0
826,0,0,0,0,0,0,0,0,0,0,0
827,9,9,9,9,9,9,9,9,9,9,9
828,1,1,1,1,1,1,1,1,1,1,1
829,7,7,7,7,7,7,7,8,8,8,8
830,8,8,8,8,8,8,8,8,8,8,8
831,7,7,7,7,7,7,7,7,7,7,7
832,9,9,9,9,9,9,9,9,9,9,9
833,2,2,2,2,2,2,2,2,2,2,2
834,9,9,9,9,9,9,9,9,9,9,9
835,9,9,9,9,9,9,9,9,9,9,9
836,7,7,7,7,7,7,7,7,7,7,7
837,7,7,7,7,7,7,7,7,7,0,0
838,0,0,0,0,0,0,0,0,0,0,0
839,9,9,9,9,9,9,9,9,9,9,9
840,9,9,9,9,9,9,9,9,9,9,9
841,5,5,5,5,5,5,5,5,5,5,5
842,0,0,0,0,0,0,0,0,0,0,0
843,9,9,9,9,9,9,9,9,9,9,9
844,0,0,0,0,0,0,0,0,0,0,0
845,0,0,0,0,0,0,0,0,0,0,0
846,9,9,9,9,9,9,9,9,9,9,9
847,0,0,0,0,0,0,0,0,0,0,0
848,2,2,2,2,2,2,2,2,2,2,2
849,2,2,2,2,2,2,2,2,2,2,2
850,1,1,1,1,1,1,1,1,1,1,1
851,1,1,1,1,1,1,1,1,1,1,1
852,8,8,8,8,8,8,8,8,8,8,8
853,0,0,0,0,0,0,0,0,0,0,0
854,9,9,9,9,9,9,9,9,9,9,9
855,9,9,9,9,9,9,9,9,9,9,9
856,0,0,0,0,0,0,0,0,0,0,0
857,0,0,0,0,0,0,0,0,0,0,0
858,0,0,0,0,0,0,0,0,0,0,0
859,1,1,1,1,1,1,1,1,1,1,1
860,2,2,2,2,2,2,2,2,2,2,2
861,2,2,2,2,2,2,2,2,2,2,2
862,8,8,8,8,8,8,8,8,8,8,8
863,0,0,0,0,0,0,0,0,0,0,0
864,0,0,0,0,0,0,0,0,0,0,0
865,7,7,7,7,7,7,7,7,7,7,7
866,7,7,7,7,7,7,7,7,7,7,7
867,2,2,2,2,2,2,2,2,2,2,2
868,7,7,7,7,7,7,7,7,7,3,3
869,7,7,7,7,0,0,0,0,0,0,0
870,9,9,9,9,9,9,9,9,9,9,9
871,8,8,8,8,8,8,8,8,8,8,8
872,9,9,9,9,9,9,9,9,9,9,9
873,7,7,7,7,7,7,7,7,7,0,0
874,9,9,9,9,9,9,9,9,9,9,9
875,5,5,5,5,5,5,5,5,5,5,5
876,7,7,7,0,0,0,0,0,0,0,0
877,5,5,5,5,5,5,5,5,5,5,5
878,0,0,0,0,0,0,0,0,0,0,0
879,0,0,0,0,0,0,0,0,0,0,0
880,7,7,7,7,7,7,7,8,8,8,8
881,5,5,5,5,5,5,5,5,5,5,5
882,5,5,5,5,5,5,5,5,5,5,5
883,3,3,3,3,3,3,3,3,3,3,3
884,7,7,7,7,0,0,0,0,0,0,0
885,9,9,9,9,9,9,9,9,9,9,9
886,2,2,2,2,2,2,2,2,2,2,2
887,7,7,0,0,0,0,0,0,0,0,0
888,0,0,0,0,0,0,0,0,0,0,0
889,2,2,2,2,2,2,2,2,2,2,2
890,5,5,5,5,5,5,5,5,5,5,5
891,5,5,5,5,5,5,5,5,5,5,5
892,5,5,5,5,5,5,5,5,5,5,5
893,1,1,1,1,1,1,1,1,1,1,1
894,3,3,3,3,3,3,3,3,3,3,3
895,7,7,7,0,0,0,0,0,0,0,0
896,7,7,0,0,0,0,0,0,0,0,0
897,7,7,7,7,7,7,7,7,7,7,7
898,2,2,2,2,2,2,2,2,2,2,2
899,1,1,1,1,1,1,1,1,1,1,1
900,0,0,0,0,0,0,0,0,0,0,0
901,3,3,3,3,3,3,3,3,3,3,3
902,0,0,0,0,0,0,0,0,0,0,0
903,0,0,0,0,0,0,0,0,0,0,0
904,7,7,7,7,7,7,7,7,7,7,7
905,3,3,3,3,3,3,3,3,3,3,3
906,5,5,5,5,5,5,5,5,5,5,5
907,9,9,9,9,9,9,9,9,9,9,9
908,0,0,0,0,0,0,0,0,0,0,0
909,7,7,7,7,7,7,7,7,0,0,0
910,0,0,0,0,0,0,0,0,0,0,0
911,3,3,3,3,3,3,3,3,3,3,3
912,0,0,0,0,0,0,0,0,0,0,0
913,3,3,3,3,3,3,3,3,3,3,3
914,9,9,9,9,9,9,9,9,9,9,9
915,2,2,2,2,2,2,2,2,2,2,2
916,2,2,2,2,2,2,2,2,2,2,2
917,5,5,5,5,5,5,5,5,5,5,5
918,2,2,2,2,2,2,2,2,2,2,2
919,0,0,0,0,0,0,0,0,0,0,0
920,1,1,1,1,1,1,1,1,1,1,1
921,0,0,0,0,0,0,0,0,0,0,0
922,3,3,3,3,3,3,3,3,3,3,3
923,1,1,1,1,1,1,1,1,1,1,1
924,3,3,3,3,3,3,3,3,3,3,3
925,2,2,2,2,2,2,2,2,2,2,2
926,2,2,2,2,2,2,2,2,2,2,2
927,0,0,0,0,0,0,0,0,0,0,0
928,0,0,0,0,0,0,0,0,0,0,0
929,0,0,0,0,0,0,0,0,0,0,0
930,7,7,7,7,7,7,7,7,7,7,7
931,0,0,0,0,0,0,0,0,0,0,0
932,0,0,0,0,0,0,0,0,0,0,0
933,2,2,2,2,2,2,2,2,2,2,2
934,2,2,2,2,2,2,2,2,2,2,2
935,2,2,2,2,2,2,2,2,2,2,2
936,2,2,2,2,2,2,2,2,2,2,2
937,0,0,0,0,0,0,0,0,0,0,0
938,7,7,7,7,7,7,7,7,7,7,7
939,9,9,9,9,9,9,9,9,9,9,9
940,7,7,7,7,7,7,7,7,7,7,7
941,0,7,7,7,7,7,7,7,7,7,7
942,7,7,7,7,7,7,7,7,0,0,0
943,0,0,0,0,0,0,0,0,0,0,0
944,3,3,3,3,3,3,3,3,3,3,3
945,7,7,7,7,7,7,7,7,7,7,7
946,5,5,5,5,5,5,5,5,5,5,5
947,9,9,9,9,9,9,9,9,9,9,9
948,9,9,9,9,9,9,9,9,9,9,9
949,0,0,0,0,0,0,0,0,0,0,0
950,0,0,0,0,0,0,0,0,0,0,0
951,2,2,2,2,2,2,2,2,2,2,2
952,0,0,0,0,0,0,0,0,0,0,0
953,2,2,2,2,2,2,2,2,2,2,2
954,0,0,0,0,0,0,0,0,0,0,0
955,0,0,0,0,0,0,0,0,0,0,0
956,0,0,0,0,0,0,0,0,0,0,0
957,9,9,9,9,9,9,9,9,9,9,9
958,0,0,0,0,0,0,0,0,0,0,0
959,9,9,9,9,9,9,9,9,9,9,9
960,9,9,9,9,9,9,9,9,9,9,9
961,2,2,2,2,2,2,2,2,2,2,2
962,0,0,0,0,0,0,0,0,0,0,0
963,0,0,0,0,0,0,0,0,0,0,0
964,2,2,2,2,2,2,2,2,2,2,2
965,2,2,2,2,2,2,2,2,2,2,2
966,7,7,7,7,7,7,7,7,7,7,7
967,7,7,7,7,7,7,7,7,7,7,7
968,7,7,7,7,7,7,7,7,7,7,7
969,7,7,7,7,7,7,7,7,7,7,7
970,7,7,7,7,7,7,7,7,7,7,7
971,3,3,3,3,3,3,3,3,3,3,3
972,3,3,3,3,3,3,3,3,3,3,3
973,2,2,2,2,2,2,2,2,2,2,2
974,2,2,2,2,2,2,2,2,2,2,2
975,2,2,2,2,2,2,2,2,2,2,2
976,2,2,2,2,2,2,2,2,2,2,2
977,0,0,0,0,0,0,0,0,0,0,0
978,8,8,8,8,8,8,8,8,8,8,8
979,8,8,8,8,8,8,8,8,8,8,8
980,0,0,0,0,0,0,0,0,0,0,0
981,0,0,0,0,0,0,0,0,0,0,0
982,7,7,7,7,7,7,7,7,7,7,7
983,0,0,0,0,0,0,0,0,0,0,0
984,0,0,0,0,0,0,0,0,0,0,0
985,0,0,0,0,0,0,0,0,0,0,0
986,2,2,2,2,2,2,2,2,2,2,2
987,2,2,2,2,2,2,2,2,2,2,2
988,1,1,1,1,1,1,1,1,1,1,1
989,1,1,1,1,1,1,1,1,1,1,1
990,1,1,1,1,1,1,1,1,1,1,1
991,2,2,2,2,2,2,2,2,2,2,2
992,2,2,2,2,2,2,2,2,2,2,2
993,2,2,2,2,2,2,2,2,2,2,2
994,9,9,9,9,9,9,9,9,9,9,9
995,0,0,0,0,0,0,0,0,0,0,0
996,7,7,7,7,7,7,7,7,7,7,8
997,8,8,8,8,8,8,8,8,8,8,8
998,8,8,8,8,8,8,8,8,8,8,8
999,8,8,8,8,8,8,8,8,8,8,8
1000,4,4,4,4,4,4,4,4,4,4,4
1001,2,2,2,2,2,2,2,2,2,2,2
1002,3,3,3,3,3,3,3,3,3,3,3
1003,7,7,7,7,0,0,0,0,0,0,0
1004,1,1,1,1,1,1,1,1,1,1,1
1005,9,9,9,9,9,9,9,9,9,9,9
1006,0,0,0,0,0,0,0,0,0,0,0
1007,0,0,0,0,0,0,0,0,0,0,0
1008,9,9,9,9,9,9,9,9,9,9,9
1009,9,9,9,9,9,9,9,9,9,9,9
1010,2,2,2,2,2,2,2,2,2,2,2
1011,0,0,0,0,0,0,0,0,0,0,0
1012,0,0,0,0,0,0,0,0,0,0,0
1013,0,0,0,0,0,0,0,0,0,0,0
1014,2,2,2,2,2,2,2,2,2,2,2
1015,2,2,2,2,2,2,2,2,2,2,2
1016,3,3,3,3,3,3,3,3,3,3,3
1017,3,3,3,3,3,3,3,3,3,3,3
1018,2,2,2,2,2,2,2,2,2,2,2
1019,2,2,2,2,2,2,2,2,2,2,2
1020,7,7,7,7,7,7,7,7,7,7,7
1021,7,7,7,7,7,7,7,7,7,7,7
1022,0,0,0,0,0,0,0,0,0,0,0
1023,5,5,5,5,5,5,5,5,5,5,5
1024,2,2,2,2,2,2,2,2,2,2,2
1025,2,2,2,2,2,2,2,2,2,2,2
1026,2,2,2,2,2,2,2,2,2,2,2
1027,2,2,2,2,2,2,2,2,2,2,2
1028,7,7,7,7,7,7,7,7,7,7,7
1029,0,0,0,0,0,0,0,0,0,0,0
1030,0,0,0,0,0,0,0,0,0,0,0
1031,0,0,0,0,0,0,0,0,0,0,0
1032,2,2,2,2,2,2,2,2,2,2,2
1033,7,7,7,7,7,7,7,7,7,7,7
1034,0,0,0,0,0,0,0,0,0,0,0
1035,5,5,5,5,5,5,5,5,5,5,5
1036,4,4,4,4,4,4,4,4,4,4,4
1037,7,7,7,7,0,0,0,0,0,0,0
1038,5,5,5,5,5,5,5,5,5,5,5
1039,3,3,3,3,3,3,3,3,3,3,3
1040,0,0,0,0,0,0,0,0,0,0,0
1041,3,3,3,3,3,3,3,3,3,3,3
1042,1,1,1,1,1,1,1,1,1,1,1
1043,0,0,0,0,0,0,0,0,0,0,0
1044,1,1,1,1,1,1,1,1,1,1,1
1045,1,1,1,1,1,1,1,1,1,1,1
1046,1,1,1,1,1,1,1,1,1,1,1
1047,1,1,1,1,1,1,1,1,1,1,1
1048,0,0,0,0,0,0,0,0,0,0,0
1049,7,7,7,7,7,7,7,7,7,7,7
1050,4,4,4,4,4,4,4,4,4,4,4
1051,7,7,7,7,7,7,2,2,2,2,2
1052,0,0,0,0,0,0,0,0,0,0,0
1053,9,9,9,9,9,9,9,9,9,9,9
1054,7,7,7,7,7,7,7,7,7,7,7
1055,0,0,0,0,0,0,0,0,0,0,0
1056,9,9,9,9,9,9,9,9,9,9,9
1057,7,7,7,7,7,7,7,7,7,7,7
1058,0,0,0,0,0,0,0,0,0,0,0
1059,3,3,3,3,3,3,3,3,3,3,3
1060,3,3,3,3,3,3,3,3,3,3,3
1061,3,3,3,3,3,3,3,3,3,3,3
1062,2,2,2,2,2,2,2,2,2,2,2
1063,7,7,7,7,7,7,7,7,7,7,7
1064,3,3,3,3,3,3,3,3,3,3,3
1065,0,0,0,0,0,0,0,0,0,0,0
1066,8,8,8,8,8,8,8,8,8,8,8
1067,7,7,7,7,7,7,7,7,7,7,7
1068,8,8,8,8,8,8,8,8,8,8,8
1069,0,0,0,0,0,0,0,0,0,0,0
1070,3,3,3,3,3,3,3,3,3,3,3
1071,9,9,9,9,9,9,9,9,9,9,9
1072,7,7,7,7,0,0,0,0,0,0,0
1073,7,7,7,0,0,0,0,0,0,0,0
1074,5,5,5,5,5,5,5,5,5,5,5
1075,0,0,0,0,0,0,0,0,0,0,0
1076,4,4,4,4,4,4,4,4,4,4,4
1077,7,7,7,7,7,7,7,7,7,7,7
1078,9,9,9,9,9,9,9,9,9,9,9
1079,5,5,5,5,5,5,5,5,5,5,5
1080,2,2,2,2,2,2,2,2,2,2,2
1081,9,9,9,9,9,9,9,9,9,9,9
1082,0,0,0,0,0,0,0,0,0,0,0
1083,2,2,2,2,2,2,2,2,2,2,2
1084,4,4,4,4,4,4,4,4,4,4,4
1085,4,4,4,4,4,4,4,4,4,4,4
1086,7,7,7,7,7,7,7,7,7,7,7
1087,2,2,2,2,2,2,2,2,2,2,2
1088,7,7,7,7,7,7,7,8,8,8,8
1089,8,8,8,8,8,8,8,8,8,8,8
1090,1,1,1,1,1,1,1,1,1,1,1
1091,0,0,0,0,0,0,0,0,0,0,0
1092,0,0,0,0,0,0,0,0,0,0,0
1093,3,3,3,3,3,3,3,3,3,3,3
1094,2,2,2,2,2,2,2,2,2,2,2
1095,2,2,2,2,2,2,2,2,2,2,2
1096,9,9,9,9,9,9,9,9,9,9,9
1097,5,5,5,5,5,5,5,5,5,5,5
1098,5,5,5,5,5,5,5,5,5,5,5
1099,7,7,7,7,7,7,7,0,0,0,0
1100,9,9,9,9,9,9,9,9,9,9,9
1101,3,3,3,3,3,3,3,3,3,3,3
1102,3,3,3,3,3,3,3,3,3,3,3
1103,0,0,0,0,0,0,0,0,0,0,0
1104,5,5,5,5,5,5,5,5,5,5,5
1105,5,5,5,5,5,5,5,5,5,5,5
1106,5,5,5,5,5,5,5,5,5,5,5
1107,4,4,4,4,4,4,4,4,4,4,4
1108,8,8,8,8,8,8,8,8,8,8,8
1109,9,9,9,9,9,9,9,9,9,9,9
1110,0,0,0,0,0,0,0,0,0,0,0
1111,3,3,3,3,3,3,3,3,3,3,3
1112,5,5,5,5,5,5,5,5,5,5,5
1113,3,3,3,3,3,3,3,3,3,3,3
1114,5,5,5,5,5,5,5,5,5,5,5
1115,7,7,7,8,8,8,8,8,8,8,8
1116,9,9,9,9,9,9,9,9,9,9,9
1117,7,7,7,7,7,7,7,7,7,7,7
1118,8,8,8,8,8,8,8,8,8,8,8
1119,9,9,9,9,9,9,9,9,9,9,9
1120,9,9,9,9,9,9,9,9,9,9,9
1121,0,0,0,0,0,0,0,0,0,0,0
1122,5,5,5,5,5,5,5,5,5,5,5
1123,9,9,9,9,9,9,9,9,9,9,9
1124,0,0,0,0,0,0,0,0,0,0,0
1125,1,1,1,1,1,1,1,1,1,1,1
1126,0,0,0,0,0,0,0,0,0,0,0
1127,0,0,0,0,0,0,0,0,0,0,0
1128,7,7,7,7,7,7,7,7,7,7,7
1129,7,7,7,7,0,0,0,0,0,0,0
1130,3,3,3,3,3,3,3,3,3,3,3
1131,7,7,7,7,7,7,7,7,7,7,7
1132,2,2,2,2,2,2,2,2,2,2,2
1133,9,9,9,9,9,9,9,9,9,9,9
1134,0,0,0,0,0,0,0,0,0,0,0
1135,0,0,0,0,0,0,0,0,0,0,0
1136,0,0,0,0,0,0,0,0,0,0,0
1137,0,0,0,0,0,0,0,0,0,0,0
1138,0,0,0,0,0,0,0,0,0,0,0
1139,7,7,7,7,7,7,7,7,7,7,7
1140,0,0,0,0,0,0,0,0,0,0,0
1141,0,0,0,0,0,0,0,0,0,0,0
1142,8,8,8,8,8,8,8,8,8,8,8
1143,4,4,4,4,4,4,4,4,4,4,4
1144,3,3,3,3,3,3,3,3,3,3,3
1145,6,6,6,6,6,6,6,6,6,6,6
1146,9,9,9,9,9,9,9,9,9,9,9
1147,7,7,7,7,0,0,0,0,0,0,0
1148,9,9,9,9,9,9,9,9,9,9,9
1149,5,5,5,5,5,5,5,5,5,5,5
1150,3,3,3,3,3,3,3,3,3,3,3
1151,3,3,3,3,3,3,3,3,3,3,3
1152,7,7,7,7,7,7,7,7,7,7,7
1153,8,8,8,8,8,8,8,8,8,8,8
1154,5,5,5,5,5,5,5,5,5,5,5
1155,9,9,9,9,9,9,9,9,9,9,9
1156,5,5,5,5,5,5,5,5,5,5,5
1157,0,0,0,0,0,0,0,0,0,0,0
1158,0,0,0,0,0,0,0,0,0,0,0
1159,3,3,3,3,3,3,3,3,3,3,3
1160,7,7,7,7,7,7,7,7,7,7,7
1161,7,7,7,7,7,7,7,7,7,7,7
1162,0,0,0,0,0,0,0,0,0,0,0
1163,0,0,0,0,0,0,0,0,0,0,0
1164,9,9,9,9,9,9,9,9,9,9,9
1165,9,9,9,9,9,9,9,9,9,9,9
1166,7,7,7,7,0,0,0,0,0,0,0
1167,5,5,5,5,5,5,5,5,5,5,5
1168,7,7,7,7,7,7,7,7,7,7,7
1169,5,5,5,5,5,5,5,5,5,5,5
1170,5,5,5,5,5,5,5,5,5,5,5
1171,7,7,7,0,0,0,0,0,0,0,0
1172,7,7,7,7,7,7,7,8,8,8,8
1173,7,7,7,7,7,7,7,8,8,8,8
1174,0,0,0,0,0,0,0,0,0,0,0
1175,7,7,7,7,7,7,7,8,8,8,8
1176,7,7,7,7,7,7,7,7,7,7,7
1177,7,7,7,7,7,7,7,7,7,7,7
1178,0,0,0,0,0,0,0,0,0,0,0
1179,2,2,2,2,2,2,2,2,2,2,2
1180,5,5,5,5,5,5,5,5,5,5,5
1181,5,5,5,5,5,5,5,5,5,5,5
1182,3,3,3,3,3,3,3,3,3,3,3
1183,3,3,3,3,3,3,3,3,3,3,3
1184,9,9,9,9,9,9,9,9,9,9,9
1185,8,8,8,8,8,8,8,8,8,8,8
1186,9,9,9,9,9,9,9,9,9,9,9
1187,0,0,0,0,0,0,0,0,0,0,0
1188,4,4,4,4,4,4,4,4,4,4,4
1189,0,0,0,0,0,0,0,0,0,0,0
1190,9,9,9,9,9,9,9,9,9,9,9
1191,3,3,3,3,3,3,3,3,3,3,3
1192,0,0,0,0,0,0,0,0,0,0,0
1193,3,3,3,3,3,3,3,3,3,3,3
1194,9,9,9,9,9,9,9,9,9,9,9
1195,4,4,4,4,4,4,4,4,4,4,4
1196,0,0,0,0,0,0,0,0,0,0,0
1197,3,3,3,3,3,3,3,3,3,3,3
1198,3,3,3,3,3,3,3,3,3,3,3
1199,1,1,1,1,1,1,1,1,1,1,1
1200,9,9,9,9,9,9,9,9,9,9,9
1201,5,5,5,5,5,5,5,5,5,5,5
1202,3,3,3,3,3,3,3,3,3,3,3
1203,5,5,5,5,5,5,5,5,5,5,5
1204,9,9,9,9,9,9,9,9,9,9,9
1205,7,7,7,7,7,7,7,7,7,7,7
1206,8,8,8,8,8,8,8,8,8,8,8
1207,4,4,4,4,4,4,4,4,4,4,4
1208,4,4,4,4,4,4,4,4,4,4,4
1209,4,4,4,4,4,4,4,4,4,4,4
1210,0,0,0,0,0,0,0,0,0,7,7
1211,0,0,0,0,0,0,0,0,0,0,0
1212,7,7,7,7,7,7,7,7,7,7,7
1213,5,5,5,5,5,5,5,5,5,5,5
1214,9,9,9,9,9,9,9,9,9,9,9
1215,0,0,0,0,0,0,0,0,0,0,0
1216,9,9,9,9,9,9,9,9,9,9,9
1217,9,9,9,9,9,9,9,9,9,9,9
1218,2,2,2,2,2,2,2,2,2,2,2
1219,2,2,2,2,2,2,2,2,2,2,2
1220,9,9,9,9,9,9,9,9,9,9,9
1221,0,0,0,0,0,0,0,0,0,0,0
1222,5,5,5,5,5,5,5,5,5,5,5
1223,5,5,5,5,5,5,5,5,5,5,5
1224,3,3,3,3,3,3,3,3,3,3,3
1225,4,4,4,4,4,4,4,4,4,4,4
1226,3,3,3,3,3,3,3,3,3,3,3
1227,8,8,8,8,8,8,8,8,8,8,8
1228,9,9,9,9,9,9,9,9,9,9,9
1229,3,3,3,3,3,3,3,3,3,3,3
1230,2,2,2,2,2,2,2,2,2,2,2
1231,7,7,7,7,7,7,7,8,8,8,8
1232,7,7,7,7,7,7,7,7,7,7,7
1233,0,0,0,0,0,0,0,0,0,0,0
1234,7,7,7,7,7,7,2,2,2,2,2
1235,0,0,0,0,0,0,0,0,0,0,0
1236,0,0,0,0,0,0,0,0,0,0,0
1237,2,2,2,2,2,2,2,2,2,2,2
1238,2,2,2,2,2,2,2,2,2,2,2
1239,2,2,2,2,2,2,2,2,2,2,2
1240,7,7,7,7,7,7,7,7,7,7,7
1241,0,0,0,0,0,0,0,0,0,0,0
1242,7,7,7,7,7,7,7,7,7,7,7
1243,7,7,7,7,7,7,7,7,7,7,7
1244,5,5,5,5,5,5,5,5,5,5,5
1245,2,2,2,2,2,2,2,2,2,2,2
1246,8,8,8,8,8,8,8,8,8,8,8
1247,7,7,7,7,7,7,7,7,7,7,7
1248,7,7,7,7,7,7,7,7,7,7,0
1249,7,7,7,7,7,7,7,7,7,7,7
1250,0,0,0,0,0,0,0,0,0,0,0
1251,5,5,5,5,5,5,5,5,5,5,5
1252,5,5,5,5,5,5,5,5,5,5,5
1253,0,0,0,0,0,0,0,0,0,0,0
1254,2,2,2,2,2,2,2,2,2,2,2
1255,9,9,9,9,9,9,9,9,9,9,9
1256,9,9,9,9,9,9,9,9,9,9,9
1257,9,9,9,9,9,9,9,9,9,9,9
1258,9,9,9,9,9,9,9,9,9,9,9
1259,5,5,5,5,5,5,5,5,5,5,5
1260,9,9,9,9,9,9,9,9,9,9,9
1261,9,9,9,9,9,9,9,9,9,9,9
1262,0,0,0,0,0,0,0,0,0,0,0
1263,3,3,3,3,3,3,3,3,3,3,3
1264,3,3,3,3,3,3,3,3,3,3,3
1265,4,4,4,4,4,4,4,4,4,4,4
1266,3,3,3,3,3,3,3,3,3,3,3
1267,4,4,4,4,4,4,4,4,4,4,4
1268,4,4,4,4,4,4,4,4,4,4,4
1269,7,7,7,7,7,7,7,7,7,7,7
1270,7,7,7,7,7,7,7,7,7,7,7
1271,0,0,0,0,0,0,0,0,0,0,0
1272,0,0,0,0,0,0,0,0,0,0,0
1273,0,0,0,0,0,0,0,0,0,0,0
1274,5,5,5,5,5,5,5,5,5,5,5
1275,5,5,5,5,5,5,5,5,5,5,5
1276,7,7,7,7,7,7,7,7,7,7,7
1277,2,2,2,2,2,2,2,2,2,2,2
1278,0,0,0,0,0,0,0,0,0,0,0
1279,9,9,9,9,9,9,9,9,9,9,9
1280,0,0,0,0,0,0,0,0,0,0,0
1281,0,0,0,0,0,0,0,0,0,0,0
1282,0,0,0,0,0,0,0,0,0,0,0
1283,0,0,0,0,0,0,0,0,0,0,0
1284,7,7,7,7,7,7,7,7,7,7,7
1285,5,5,5,5,5,5,5,5,5,5,5
1286,9,9,9,9,9,9,9,9,9,9,9
1287,5,5,5,5,5,5,5,5,5,5,5
1288,1,1,1,1,1,1,1,1,1,1,1
1289,0,0,0,0,0,0,0,0,0,0,0
1290,2,2,2,2,2,2,2,2,2,2,2
1291,7,7,7,7,7,7,7,7,7,7,7
1292,9,9,9,9,9,9,9,9,9,9,9
1293,0,7,7,7,7,7,7,7,7,7,7
1294,3,3,3,3,3,3,3,3,3,3,3
1295,0,0,0,0,0,0,0,0,0,0,0
1296,8,8,8,8,8,8,8,8,8,8,8
1297,8,8,8,8,8,8,8,8,8,8,8
1298,2,2,2,2,2,2,2,2,2,2,2
1299,8,8,8,8,8,8,8,8,8,8,8
1300,0,0,0,0,0,0,0,0,0,0,0
1301,7,7,7,7,7,7,7,7,7,7,7
1302,0,0,0,0,0,0,0,0,0,0,0
1303,7,7,7,7,7,7,7,7,7,7,7
1304,1,1,1,1,1,1,1,1,1,1,1
1305,0,0,0,0,0,0,0,0,0,0,0
1306,2,2,2,2,2,2,2,2,2,2,2
1307,7,7,7,7,7,7,7,7,7,3,3
1308,7,7,7,7,7,7,7,7,7,7,7
1309,7,7,7,7,7,7,7,7,7,7,7
1310,0,0,0,0,0,0,0,0,0,0,0
1311,0,0,0,0,0,0,0,0,0,0,0
1312,3,3,3,3,3,3,3,3,3,3,3
1313,0,0,0,0,0,0,0,0,0,0,0
1314,0,0,0,0,0,0,0,0,0,0,0
1315,8,8,8,8,8,8,8,8,8,8,8
1316,9,9,9,9,9,9,9,9,9,9,9
1317,9,9,9,9,9,9,9,9,9,9,9
1318,5,5,5,5,5,5,5,5,5,5,5
1319,5,5,5,5,5,5,5,5,5,5,5
1320,3,3,3,3,3,3,3,3,3,3,3
1321,9,9,9,9,9,9,9,9,9,9,9
1322,5,5,5,5,5,5,5,5,5,5,5
1323,1,1,1,1,1,1,1,1,1,1,1
1324,0,0,0,0,0,0,0,0,0,0,0
1325,7,7,7,7,0,0,0,0,0,0,0
1326,7,7,7,7,7,7,7,7,7,7,8
1327,2,2,2,2,2,2,2,2,2,2,2
1328,0,0,0,0,0,0,0,0,0,0,0
1329,7,7,7,7,7,7,7,7,7,7,7
1330,7,7,7,0,0,0,0,0,0,0,0
1331,7,7,7,7,7,7,7,7,7,7,7
1332,7,7,7,7,7,7,7,7,7,7,7
1333,5,5,5,5,5,5,5,5,5,5,5
1334,3,3,3,3,3,3,3,3,3,3,3
1335,8,8,8,8,8,8,8,8,8,8,8
1336,0,0,0,0,0,0,0,0,0,0,0
1337,8,8,8,8,8,8,8,8,8,8,8
1338,0,0,0,0,0,0,0,0,0,0,0
1339,7,7,7,7,7,7,7,7,7,7,7
1340,7,7,7,7,7,7,7,7,7,7,8
1341,7,7,7,7,7,7,7,7,7,7,7
1342,0,0,0,0,0,0,0,0,0,0,0
1343,7,7,7,8,8,8,8,8,8,8,8
1344,9,9,9,9,9,9,9,9,9,9,9
1345,7,7,7,7,7,7,7,7,7,7,7
1346,8,8,8,8,8,8,8,8,8,8,8
1347,0,0,0,0,0,0,0,0,0,0,0
1348,9,9,9,9,9,9,9,9,9,9,9
1349,7,7,7,7,7,7,7,7,7,7,7
1350,8,8,8,8,8,8,8,8,8,8,8
1351,7,7,7,7,7,7,7,8,8,8,8
1352,0,0,0,0,0,0,0,0,0,0,0
1353,0,0,0,0,0,0,0,0,0,0,0
1354,4,4,4,4,4,4,4,4,4,4,4
1355,7,7,7,7,7,7,7,7,7,7,7
1356,4,4,4,4,4,4,4,4,4,4,4
1357,5,5,5,5,5,5,5,5,5,5,5
1358,8,8,8,8,8,8,8,8,8,8,8
1359,5,5,5,5,5,5,5,5,5,5,5
1360,3,3,3,3,3,3,3,3,3,3,3
1361,3,3,3,3,3,3,3,3,3,3,3
1362,3,3,3,3,3,3,3,3,3,3,3
1363,4,4,4,4,4,4,4,4,4,4,4
1364,4,4,4,4,4,4,4,4,4,4,4
1365,3,3,3,3,3,3,3,3,3,3,3
1366,5,5,5,5,5,5,5,5,5,5,5
1367,7,7,7,7,7,7,7,7,7,7,7
1368,2,2,2,2,2,2,2,2,2,2,2
1369,4,4,4,4,4,4,4,4,4,4,4
1370,3,3,3,3,3,3,3,3,3,3,3
1371,0,0,0,0,0,0,0,0,0,0,0
1372,0,0,0,0,0,0,0,0,0,0,0
1373,1,1,1,1,1,1,1,1,1,1,1
1374,9,9,9,9,9,9,9,9,9,9,9
1375,9,9,9,9,9,9,9,9,9,9,9
1376,9,9,9,9,9,9,9,9,9,9,9
1377,3,3,3,3,3,3,3,3,3,3,3
1378,9,9,9,9,9,9,9,9,9,9,9
1379,3,3,3,3,3,3,3,3,3,3,3
1380,7,7,7,7,7,7,7,7,7,7,7
1381,3,3,3,3,3,3,3,3,3,3,3
1382,5,5,5,5,5,5,5,5,5,5,5
1383,9,9,9,9,9,9,9,9,9,9,9
1384,5,5,5,5,5,5,5,5,5,5,5
1385,3,3,3,3,3,3,3,3,3,3,3
1386,4,4,4,4,4,4,4,4,4,4,4
1387,9,9,9,9,9,9,9,9,9,9,9
1388,6,6,6,6,6,6,6,6,6,6,6
1389,6,6,6,6,6,6,6,6,6,6,6
1390,3,3,3,3,3,3,3,3,3,3,3
1391,8,8,8,8,8,8,8,8,8,8,8
1392,8,8,8,8,8,8,8,8,8,8,8
1393,8,8,8,8,8,8,8,8,8,8,8
1394,3,3,3,3,3,3,3,3,3,3,3
1395,7,7,7,7,7,7,7,7,7,7,7
1396,1,1,1,1,1,1,1,1,1,1,1
1397,1,1,1,1,1,1,1,1,1,1,1
1398,3,3,3,3,3,3,3,3,3,3,3
1399,8,8,8,8,8,8,8,8,8,8,8
1400,2,2,2,2,2,2,2,2,2,2,2
1401,9,9,9,9,9,9,9,9,9,9,9
1402,8,8,8,8,8,8,8,8,8,8,8
1403,8,8,8,8,8,8,8,8,8,8,8
1404,0,0,0,0,0,0,0,0,0,0,0
1405,3,3,3,3,3,3,3,3,3,3,3
1406,0,0,0,0,0,0,0,0,0,0,0
1407,9,9,9,9,9,9,9,9,9,9,9
1408,4,4,4,4,4,4,4,4,4,4,4
1409,7,7,7,7,7,7,7,7,7,7,7
1410,8,8,8,8,8,8,8,8,8,8,8
1411,3,3,3,3,3,3,3,3,3,3,3
1412,2,2,2,2,2,2,2,2,2,2,2
1413,3,3,3,3,3,3,3,3,3,3,3
1414,7,7,7,7,7,7,7,7,7,7,7
1415,5,5,5,5,5,5,5,5,5,5,5
1416,3,3,3,3,3,3,3,3,3,3,3
1417,9,9,9,9,9,9,9,9,9,9,9
1418,2,2,2,2,2,2,2,2,2,2,2
1419,3,3,3,3,3,3,3,3,3,3,3
1420,4,4,4,4,4,4,4,4,4,4,4
1421,8,8,8,8,8,8,8,8,8,8,8
1422,0,0,0,0,0,0,0,0,0,0,0
1423,4,4,4,4,4,4,4,4,4,4,4
1424,8,8,8,8,8,8,8,8,8,8,8
1425,5,5,5,5,5,5,5,5,5,5,5
1426,3,3,3,3,3,3,3,3,3,3,3
1427,9,9,9,9,9,9,9,9,9,9,9
1428,7,7,7,7,7,7,7,7,7,7,7
1429,3,3,3,3,3,3,3,3,3,3,3
1430,9,9,9,9,9,9,9,9,9,9,9
1431,2,2,2,2,2,2,2,2,2,2,2
1432,4,4,4,4,4,4,4,4,4,4,4
1433,3,3,3,3,3,3,3,3,3,3,3
1434,4,4,4,4,4,4,4,4,4,4,4
1435,5,5,5,5,5,5,5,5,5,5,5
1436,4,4,4,4,4,4,4,4,4,4,4
1437,4,4,4,4,4,4,4,4,4,4,4
1438,3,3,3,3,3,3,3,3,3,3,3
1439,1,1,1,1,1,1,1,1,1,1,1
1440,8,8,8,8,8,8,8,8,8,8,8
1441,9,9,9,9,9,9,9,9,9,9,9
1442,8,8,8,8,8,8,8,8,8,8,8
1443,8,8,8,8,8,8,8,8,8,8,8
1444,7,7,7,7,7,7,7,7,7,7,7
1445,3,3,3,3,3,3,3,3,3,3,3
1446,1,1,1,1,1,1,1,1,1,1,1
1447,9,9,9,9,9,9,9,9,9,9,9
1448,5,5,5,5,5,5,5,5,5,5,5
1449,7,7,7,7,7,7,7,7,7,7,7
1450,4,4,4,4,4,4,4,4,4,4,4
1451,0,0,0,0,0,0,0,0,0,0,0
1452,5,5,5,5,5,5,5,5,5,5,5
1453,2,2,2,2,2,2,2,2,2,2,2
1454,1,1,1,1,1,1,1,1,1,1,1
1455,5,5,5,5,5,5,5,5,5,5,5
1456,4,4,4,4,4,4,4,4,4,4,4
1457,0,0,0,0,0,0,0,0,0,0,0
1458,3,3,3,3,3,3,3,3,3,3,3
1459,5,5,5,5,5,5,5,5,5,5,5
1460,1,1,1,1,1,1,1,1,1,1,1
1461,4,4,4,4,4,4,4,4,4,4,4
1462,1,1,1,1,1,1,1,1,1,1,1
1463,0,0,0,0,0,0,0,0,0,0,0
1464,9,9,9,9,9,9,9,9,9,9,9
1465,5,5,5,5,5,5,5,5,5,5,5
1466,9,9,9,9,9,9,9,9,9,9,9
1467,0,0,0,0,0,0,0,0,0,0,0
1468,3,3,3,3,3,3,3,3,3,3,3
1469,3,3,3,3,3,3,3,3,3,3,3
1470,1,1,1,1,1,1,1,1,1,1,1
1471,0,0,0,0,0,0,0,0,0,0,0
1472,5,5,5,5,5,5,5,5,5,5,5
1473,7,7,7,7,7,7,7,7,7,7,7
1474,7,7,7,7,7,7,7,7,7,7,7
1475,7,7,7,7,7,7,7,7,7,7,7
1476,7,7,7,7,7,7,7,7,7,7,7
1477,2,2,2,2,2,2,2,2,2,2,2
1478,2,2,2,2,2,2,2,2,2,2,2
1479,8,8,8,8,8,8,8,8,8,8,8
1480,5,5,5,5,5,5,5,5,5,5,5
1481,8,8,8,8,8,8,8,8,8,8,8
1482,0,0,0,0,0,0,0,0,0,0,0
1483,7,7,7,7,7,7,7,7,7,3,3
