,0,1,2,3,4,5,6,7,8,9,10
0,1,1,1,1,1,1,1,1,0,0,0
1,1,1,1,0,0,0,0,0,0,0,0
2,1,1,1,0,0,0,0,0,0,0,0
3,1,1,1,1,1,1,1,1,0,0,0
4,1,1,1,1,1,1,1,1,0,0,0
5,1,1,0,0,0,0,0,0,0,0,0
6,1,1,0,0,0,0,0,0,0,0,0
7,1,0,0,0,0,0,0,0,0,0,0
8,0,0,0,0,0,0,0,0,0,0,0
9,0,0,0,0,0,0,0,0,0,0,0
10,0,0,0,0,0,0,0,0,0,0,0
11,0,0,0,0,0,0,0,0,0,0,0
12,0,0,0,0,0,0,0,0,0,0,0
13,0,0,0,0,0,0,1,1,1,1,1
14,0,0,0,0,0,0,0,1,1,1,1
15,0,0,0,0,0,1,1,1,1,1,1
16,0,0,0,0,0,0,0,0,0,0,0
17,0,0,0,0,0,0,0,1,1,1,1
18,0,0,0,0,0,0,1,1,1,1,1
19,0,0,0,0,0,1,1,1,1,1,1
20,0,0,0,0,1,1,1,1,1,1,1
21,1,1,1,1,1,1,1,1,1,1,1
22,1,1,1,1,1,1,1,1,1,1,1
23,1,1,1,1,1,1,1,1,1,1,1
24,1,1,1,1,1,1,1,1,1,1,1
25,1,1,1,1,1,1,1,1,1,1,1
26,1,1,1,1,1,1,1,1,0,0,0
27,0,0,0,0,0,0,0,0,0,0,0
28,1,1,1,1,1,1,0,0,0,0,0
29,0,0,0,0,0,0,0,0,0,1,1
30,1,1,1,1,1,0,0,0,0,0,0
31,0,0,0,0,0,0,0,0,0,0,0
32,1,1,1,1,1,1,1,1,1,1,1
33,0,0,0,0,0,0,0,0,0,0,0
34,1,1,1,1,0,0,0,0,0,0,0
35,0,0,0,0,1,1,1,1,1,1,1
36,1,1,1,1,1,1,1,0,0,0,0
37,0,0,0,1,1,1,1,1,1,1,1
38,1,1,1,1,1,0,0,0,0,0,0
39,0,0,0,0,0,0,0,0,0,0,0
40,1,1,1,1,1,1,1,1,1,1,1
41,0,0,0,0,0,0,0,0,0,0,0
42,1,1,1,1,1,1,1,0,0,0,0
43,0,0,0,0,0,0,0,0,0,0,0
44,1,1,1,1,1,1,1,1,1,1,0
45,0,0,0,0,0,0,0,0,0,0,0
46,1,1,1,1,1,1,1,1,0,0,0
47,0,0,0,0,0,0,0,0,0,0,0
48,1,1,1,1,1,1,1,0,0,0,0
49,0,0,0,0,0,0,0,0,0,0,0
50,1,1,1,1,1,1,1,1,1,1,1
51,0,0,0,0,0,0,0,0,0,0,0
52,1,1,1,1,1,1,1,1,1,1,1
53,0,0,1,1,1,1,1,1,1,1,1
54,0,0,0,0,0,0,0,0,0,0,0
55,1,1,1,1,1,1,1,1,1,1,1
56,1,1,1,1,1,1,1,1,1,1,1
57,0,0,0,0,0,0,0,0,0,0,0
58,1,1,1,1,1,1,0,0,0,0,0
59,0,0,0,0,0,0,0,0,0,0,0
60,0,0,0,0,0,0,0,0,0,0,0
61,1,1,1,1,1,1,1,1,1,1,1
62,1,1,1,1,1,1,1,1,1,1,1
63,0,0,0,0,0,0,0,0,0,0,0
64,1,1,1,1,1,1,1,1,1,1,1
65,0,0,0,0,0,0,0,0,0,0,0
66,1,1,1,1,1,1,1,1,1,1,1
67,0,0,0,0,0,0,0,0,0,0,0
68,1,1,1,1,1,1,1,1,1,1,1
69,0,0,0,0,0,0,0,0,0,0,0
70,1,1,1,1,1,1,1,1,0,0,0
71,1,1,1,1,1,1,1,1,1,1,1
72,1,1,1,1,1,1,1,1,0,0,0
73,0,0,0,0,0,0,0,0,0,0,0
74,1,1,1,1,1,1,1,1,1,0,0
75,0,0,0,0,0,0,0,0,0,0,0
76,1,1,1,1,1,1,0,0,0,0,0
77,0,0,0,0,0,0,0,0,0,0,0
78,1,1,1,1,0,0,0,0,0,0,0
79,0,0,0,0,0,0,0,0,0,0,0
80,1,1,1,1,1,1,1,1,1,1,1
81,0,0,0,0,0,0,0,0,0,0,0
82,0,0,0,0,0,0,0,0,0,0,0
83,1,1,1,1,1,1,1,1,1,1,1
84,1,1,1,1,1,0,0,0,0,0,0
85,0,0,0,0,0,0,0,0,0,0,0
86,0,0,0,0,0,0,0,0,0,0,0
87,1,1,1,1,1,1,1,1,1,1,1
88,1,1,1,1,1,1,1,1,1,1,1
89,0,0,0,0,0,0,0,0,0,0,0
90,1,1,1,0,0,0,0,0,0,0,0
91,0,0,0,0,0,0,0,0,0,0,0
92,0,0,0,0,0,0,0,0,0,0,0
93,1,1,1,1,1,1,1,1,1,1,1
94,1,1,1,1,1,1,1,1,1,1,0
95,0,0,0,0,0,0,0,0,0,0,0
96,1,1,1,1,1,1,1,1,1,1,1
97,0,0,0,0,0,0,0,0,0,0,0
98,1,1,1,1,1,1,1,1,0,0,0
99,0,0,0,0,0,0,0,0,0,0,0
100,1,1,1,1,1,1,1,1,1,1,0
101,0,0,0,0,0,0,0,0,0,0,0
102,1,1,1,1,1,1,1,1,1,1,1
103,0,0,0,0,0,0,0,0,0,0,0
104,1,1,1,1,1,1,1,1,1,1,1
105,0,0,0,0,0,0,0,0,0,0,0
106,1,1,1,1,0,0,0,0,0,0,0
107,0,0,0,0,0,0,0,0,0,0,0
108,1,1,1,1,1,1,1,1,1,0,0
109,0,0,0,0,0,0,0,0,0,0,0
110,0,0,0,0,0,0,0,0,0,0,0
111,1,1,1,1,1,1,1,1,1,1,1
112,1,1,1,1,1,1,1,1,1,1,1
113,0,1,1,1,1,1,1,1,1,1,1
114,0,0,0,0,0,0,0,0,0,0,0
115,1,1,1,1,1,1,1,1,1,1,1
116,1,1,1,1,1,1,1,1,1,1,1
117,0,0,0,0,0,0,0,0,0,0,0
118,1,1,1,1,1,1,1,1,1,1,1
119,0,0,0,0,0,0,0,0,0,0,0
120,1,1,1,1,1,1,1,1,1,1,1
121,0,0,0,0,0,0,0,0,0,0,0
122,0,0,0,0,0,0,0,0,0,0,0
123,1,1,1,1,1,1,1,1,1,1,1
124,1,1,1,1,1,1,1,1,1,1,1
125,0,0,0,0,0,0,0,0,0,0,0
126,1,1,1,1,1,1,1,1,1,1,1
127,0,0,0,0,0,0,0,0,0,0,0
128,1,1,1,1,1,1,1,1,1,1,1
129,0,0,0,0,0,0,0,0,0,0,0
130,1,1,1,1,1,1,1,1,1,1,1
131,0,0,0,0,0,0,0,0,0,0,0
132,1,1,1,1,1,1,1,1,1,1,1
133,0,0,0,0,0,0,0,0,0,0,0
134,1,1,1,1,1,1,1,1,1,1,1
135,0,0,0,0,0,0,0,0,0,0,0
136,1,1,1,1,1,1,1,1,1,1,1
137,0,0,0,0,0,0,0,0,0,0,0
138,1,1,1,1,1,1,1,1,1,1,1
139,0,0,0,0,0,0,0,0,0,0,0
140,1,1,1,1,1,1,1,1,1,1,1
141,0,0,0,0,0,0,0,0,0,0,0
142,1,1,1,1,1,1,1,1,1,1,1
143,0,0,0,0,0,0,0,0,0,0,0
144,1,1,1,1,1,1,1,1,1,1,1
145,0,0,0,0,0,0,0,0,0,0,0
146,1,1,1,1,1,1,1,1,1,1,1
147,0,0,0,0,0,0,0,0,0,0,0
148,1,1,1,1,1,1,1,1,1,1,1
149,0,0,0,0,0,0,0,0,0,0,0
150,1,1,1,1,1,1,1,1,1,1,1
151,0,0,0,0,0,0,0,0,0,0,0
152,1,1,1,1,1,1,1,1,1,1,1
153,0,0,0,0,0,0,0,0,0,0,0
154,1,1,1,1,1,1,1,1,1,1,1
155,0,0,0,0,0,0,0,0,0,0,0
156,1,1,1,1,1,1,1,1,1,1,1
157,0,0,0,0,0,0,0,0,0,0,0
158,1,1,1,1,1,1,1,1,1,1,1
159,0,0,0,0,0,0,0,0,0,0,0
160,1,1,1,1,1,1,1,1,1,1,1
161,0,0,0,0,0,0,0,0,0,0,0
162,1,1,1,1,1,1,1,1,1,1,1
163,0,0,0,0,0,0,0,0,0,0,0
164,1,1,1,1,1,1,1,1,1,1,1
165,0,0,0,0,0,0,0,0,0,0,0
166,1,1,1,1,1,1,1,1,1,1,1
167,0,0,0,0,0,0,0,0,0,0,0
168,1,1,1,1,1,1,1,1,1,1,1
169,0,0,0,0,0,0,0,0,0,0,0
170,1,1,1,1,1,1,1,1,1,1,1
171,0,0,0,0,0,0,0,0,0,0,0
172,1,1,1,1,1,1,1,1,1,1,1
173,0,0,0,0,0,0,0,0,0,0,0
174,1,1,1,0,0,0,0,0,0,0,0
175,0,0,0,0,0,0,0,0,0,0,0
176,1,1,0,0,0,0,0,0,0,0,0
177,0,0,0,0,0,0,0,0,0,0,0
178,1,1,1,1,1,1,1,1,1,1,1
179,0,0,0,0,0,0,0,0,0,0,0
180,1,1,1,1,1,1,1,1,1,1,1
181,0,0,0,0,0,0,0,0,0,0,0
182,1,1,1,1,1,1,1,1,1,1,1
183,0,0,0,0,0,0,0,0,0,0,0
184,1,1,1,1,1,1,1,1,1,1,1
185,0,0,0,0,0,0,0,0,0,0,0
186,1,1,1,1,1,1,1,1,1,1,1
187,0,0,0,0,0,0,0,0,0,0,0
188,1,1,1,1,1,1,1,1,1,1,1
189,0,0,0,0,0,0,0,0,0,0,0
190,1,1,1,1,1,1,1,1,1,1,1
191,0,0,0,0,0,0,0,0,0,0,0
192,1,1,1,1,1,1,1,1,1,1,1
193,0,0,0,0,0,0,0,0,0,0,0
194,1,1,1,1,1,1,1,1,1,1,1
195,0,0,0,0,0,0,0,0,0,0,0
196,1,1,1,1,1,1,1,1,1,1,1
197,0,0,0,0,0,0,0,0,0,0,0
198,1,1,1,1,1,1,1,1,1,1,1
199,0,0,0,0,0,0,0,0,0,0,0
200,1,1,1,1,1,1,1,1,1,1,1
201,0,0,0,0,0,0,0,0,0,0,0
202,1,1,1,1,1,1,1,1,1,1,0
203,1,1,1,1,1,1,1,1,1,1,1
204,1,1,1,1,1,1,1,1,1,1,1
205,1,1,1,1,1,1,1,1,1,1,1
206,1,1,1,1,1,1,1,1,1,1,1
207,1,1,1,1,1,1,1,1,1,1,1
208,1,1,1,1,1,1,1,1,1,1,1
209,1,1,1,1,1,1,1,1,1,1,1
210,1,1,1,1,1,1,1,1,1,0,0
211,1,0,0,0,0,0,0,0,0,0,0
212,0,0,0,0,0,0,0,0,0,0,0
213,0,0,0,0,0,0,0,0,0,0,0
214,0,0,0,0,0,0,0,0,0,0,0
215,0,0,0,0,0,0,0,0,0,0,0
216,0,0,0,0,0,0,0,0,0,0,0
217,0,0,0,0,0,0,0,0,0,0,0
218,0,0,0,0,0,0,0,0,0,0,0
219,0,0,0,0,0,0,0,0,0,0,0
220,0,0,0,0,0,0,0,0,0,0,0
221,0,0,0,0,0,0,0,0,0,0,0
222,0,0,0,0,0,0,0,0,0,0,0
223,0,0,0,0,0,0,0,0,0,0,0
224,0,0,0,0,0,0,0,0,0,0,0
225,1,1,1,1,1,1,1,1,1,1,1
226,1,1,1,1,1,1,1,1,1,1,1
227,1,1,1,1,1,1,1,1,1,1,1
228,1,1,1,1,1,1,1,1,1,1,1
229,0,0,0,0,0,0,0,0,0,0,0
230,1,1,1,1,1,1,1,1,1,1,1
231,0,0,0,0,0,0,0,0,0,0,0
232,1,1,1,1,1,1,1,1,1,1,1
233,0,0,0,0,0,0,0,0,0,0,0
234,1,1,1,1,1,1,1,1,1,1,1
235,0,0,0,0,0,0,0,0,0,0,0
236,1,1,1,1,1,1,1,1,1,1,1
237,0,0,0,0,0,0,0,0,0,0,0
238,1,1,1,1,1,1,1,1,1,1,1
239,0,0,0,0,0,0,0,0,0,0,0
240,1,1,1,1,1,1,1,1,1,1,1
241,0,0,0,0,0,0,0,0,0,0,0
242,1,1,1,1,1,1,1,1,1,1,1
243,0,0,0,0,0,0,0,0,0,0,0
244,1,1,1,1,1,1,1,1,1,1,1
245,0,0,0,0,0,0,0,0,0,0,0
246,1,1,1,1,1,1,1,1,1,1,1
247,0,0,0,0,0,0,0,0,0,0,0
248,1,1,1,1,1,1,1,1,1,1,1
249,0,0,0,0,0,0,0,0,0,0,0
250,1,1,1,1,1,1,1,1,1,1,1
251,0,0,0,0,0,0,0,0,0,0,0
252,1,1,1,1,1,1,1,1,1,1,1
253,0,0,0,0,0,0,0,0,0,0,0
254,1,1,1,1,1,1,1,1,1,1,1
255,0,0,0,0,0,0,0,0,0,0,0
256,1,1,1,1,1,1,1,1,1,1,1
257,0,0,0,0,0,0,0,0,0,0,0
258,1,1,1,1,1,1,1,1,1,1,1
259,0,0,0,0,0,0,0,0,0,0,0
260,1,1,1,1,1,1,1,1,1,1,1
261,0,0,0,0,0,0,0,0,0,0,0
262,1,1,1,1,1,1,1,1,1,1,1
263,0,0,0,0,0,0,0,0,0,0,0
264,1,1,1,1,1,1,1,1,1,1,1
265,0,0,0,0,0,0,0,0,0,0,0
266,1,1,1,1,1,1,1,1,1,1,1
267,0,0,0,0,0,0,0,0,0,0,0
268,1,1,1,1,1,1,1,1,1,1,1
269,0,0,0,0,0,0,0,0,0,0,0
270,1,1,1,1,1,1,1,1,1,1,1
271,0,0,0,0,0,0,0,0,0,0,0
272,1,1,1,1,1,1,1,1,1,1,1
273,0,0,0,0,0,0,0,0,0,0,0
274,1,1,1,1,1,1,1,1,1,1,1
275,0,0,0,0,0,0,0,0,0,0,0
276,1,1,1,1,1,1,1,1,1,1,1
277,0,0,0,0,0,0,0,0,0,0,0
278,1,1,1,1,1,1,1,1,1,1,1
279,0,0,0,0,0,0,0,0,0,0,0
280,1,1,1,1,1,1,1,1,1,1,1
281,0,0,0,0,0,0,0,0,0,0,0
282,1,1,1,1,1,1,1,1,1,1,1
283,0,0,0,0,0,0,0,0,0,0,0
284,1,1,1,1,1,1,1,1,1,1,0
285,0,0,0,0,0,0,0,0,0,0,0
286,1,1,1,1,1,1,1,1,1,1,1
287,0,0,0,0,0,0,0,0,0,0,0
288,1,1,1,1,1,1,1,1,1,1,1
289,0,0,0,0,0,0,0,0,0,0,0
290,1,1,1,1,1,1,1,1,1,1,1
291,0,0,0,0,0,0,0,0,0,0,0
292,1,1,1,1,1,1,1,1,1,1,1
293,0,0,0,0,0,0,0,0,0,0,0
294,1,1,1,1,1,1,1,1,1,1,1
295,0,0,0,0,0,0,0,0,0,0,0
296,1,1,1,1,1,1,1,1,1,1,1
297,0,0,0,0,0,0,0,0,0,0,0
298,1,1,1,1,1,1,1,1,1,1,1
299,0,0,0,0,0,0,0,0,0,0,0
300,1,1,1,1,1,1,1,1,1,1,1
301,0,0,0,0,0,0,0,0,0,0,0
302,1,1,1,1,1,1,1,1,1,1,1
303,0,0,0,0,0,0,0,0,0,0,0
304,1,1,1,1,1,1,0,0,0,0,0
305,0,0,0,0,0,0,0,0,0,0,0
306,1,1,1,1,1,1,1,1,1,1,1
307,0,0,0,0,0,0,0,0,0,0,0
308,1,1,1,1,1,1,1,1,1,1,1
309,0,0,0,0,0,0,0,0,0,0,0
310,1,1,1,1,1,1,1,1,1,1,1
311,0,0,0,0,0,0,0,0,0,0,0
312,1,1,1,1,1,1,1,1,1,1,1
313,0,0,0,0,0,0,0,0,0,0,0
314,1,1,1,1,1,1,1,1,1,1,1
315,0,0,0,0,0,0,0,0,0,0,0
316,1,1,1,1,1,1,1,1,1,1,1
317,0,0,0,0,0,0,0,0,0,0,0
318,1,1,1,1,1,1,1,1,1,1,1
319,0,0,0,0,0,0,0,0,0,0,0
320,1,1,1,1,1,1,1,1,1,1,1
321,0,0,0,0,0,0,0,0,0,0,0
322,1,1,1,1,1,1,1,1,1,1,1
323,0,0,0,0,0,0,0,0,0,0,0
324,1,1,1,1,1,1,1,1,1,1,1
325,0,0,0,0,0,0,0,0,0,0,0
326,1,1,1,1,1,1,1,1,1,1,1
327,0,0,0,0,0,0,0,0,0,0,0
328,1,1,1,1,1,1,1,1,1,1,1
329,0,0,0,0,0,0,0,0,0,0,0
330,1,1,1,1,1,1,1,1,1,1,1
331,0,0,0,0,0,0,0,0,0,0,0
332,1,1,1,1,1,1,1,1,1,1,1
333,0,0,0,0,0,0,0,0,0,0,0
334,1,1,1,1,1,1,1,1,1,1,1
335,0,0,0,0,0,0,0,0,0,0,0
336,0,0,0,0,0,0,0,0,0,0,0
337,1,1,1,1,1,1,1,1,1,1,1
338,1,1,1,1,1,1,1,1,1,1,1
339,0,0,0,0,0,0,0,0,0,0,0
340,1,1,1,1,1,1,1,1,1,1,1
341,0,0,0,0,0,0,0,0,0,0,0
342,1,1,1,1,1,1,1,1,1,1,1
343,0,0,0,0,0,0,0,0,0,0,0
344,1,1,1,1,1,1,1,1,1,1,1
345,0,0,0,0,0,0,0,0,0,0,0
346,1,1,1,1,1,1,1,1,1,1,1
347,0,0,0,0,0,0,0,0,0,0,0
348,1,1,1,1,1,1,1,1,1,1,1
349,0,0,0,0,0,0,0,0,0,0,0
350,1,1,1,1,1,1,1,1,1,1,1
351,0,0,0,0,0,0,0,0,0,0,0
352,1,1,1,1,1,1,1,1,1,1,1
353,0,0,0,0,0,0,0,0,0,0,0
354,1,1,1,1,1,1,1,1,1,1,1
355,0,0,0,0,0,0,0,0,0,0,0
356,1,1,1,1,1,1,1,1,1,1,1
357,0,0,0,0,0,0,0,0,0,0,0
358,1,1,1,1,1,1,1,1,1,1,1
359,0,0,0,0,0,0,0,0,0,0,0
360,1,1,1,1,1,1,1,1,1,1,1
361,0,0,0,0,0,0,0,0,0,0,0
362,1,1,1,1,1,1,1,1,1,1,1
363,0,0,0,0,0,0,0,0,0,0,0
364,1,1,1,1,1,1,1,1,1,1,1
365,0,0,0,0,0,0,0,0,0,0,0
366,1,1,1,1,1,1,1,1,1,1,1
367,0,0,0,0,0,0,0,0,0,0,0
368,1,1,1,1,1,1,1,1,1,1,1
369,0,0,0,0,0,0,0,0,0,0,0
370,1,1,1,1,1,1,1,1,1,1,1
371,0,0,0,0,0,0,0,0,0,0,0
372,1,1,1,1,1,1,1,1,1,1,1
373,0,0,0,0,0,0,0,0,0,0,0
374,1,1,1,1,1,1,1,1,1,1,1
375,0,0,0,0,0,0,0,0,0,0,0
376,1,1,1,1,1,1,1,1,1,1,1
377,0,0,0,0,0,0,0,0,0,0,0
378,1,1,1,1,1,1,1,1,1,1,1
379,0,0,0,0,0,0,0,0,0,0,0
380,1,1,1,1,1,1,1,1,1,0,0
381,1,1,1,1,1,1,1,1,1,1,1
382,1,1,1,1,1,1,1,1,1,1,1
383,1,1,1,1,1,1,1,1,1,1,1
384,1,1,1,1,1,1,1,1,1,1,1
385,1,1,1,1,1,1,1,1,1,1,1
386,1,1,1,1,1,1,1,1,1,1,1
387,1,1,1,1,1,1,1,1,1,1,1
388,1,1,1,1,1,1,1,1,1,1,1
389,1,1,1,1,1,1,1,1,1,1,0
390,1,1,1,1,1,1,1,1,1,1,0
391,1,1,1,1,1,1,1,1,1,0,0
392,0,0,0,0,0,0,0,0,0,0,0
393,0,0,0,0,0,0,0,0,0,0,0
394,0,0,0,0,0,0,0,0,0,0,0
395,0,0,0,0,0,0,0,0,0,0,0
396,0,0,0,0,0,0,0,0,0,0,0
397,0,0,0,0,0,0,0,0,0,0,0
398,0,0,0,0,0,0,0,0,0,0,0
399,0,0,0,0,0,0,0,0,0,0,0
400,0,0,0,0,0,0,0,0,0,0,0
401,0,0,0,0,0,0,0,0,0,0,0
402,0,0,0,0,0,0,0,0,0,0,0
403,0,0,0,0,0,0,0,0,0,0,0
404,0,0,0,0,0,0,0,0,0,0,0
405,1,1,1,1,1,1,1,1,1,1,1
406,1,1,1,1,1,1,1,1,1,1,1
407,0,0,0,0,0,0,0,0,0,0,0
408,1,1,1,1,1,1,1,1,1,1,1
409,0,0,0,0,0,0,0,0,0,0,0
410,1,1,1,1,1,1,1,1,1,1,1
411,0,0,0,0,0,0,0,0,0,0,0
412,1,1,1,1,1,1,1,1,1,1,1
413,0,0,0,0,0,0,0,0,0,0,0
414,1,1,1,1,1,1,1,1,1,1,1
415,0,0,0,0,0,0,0,0,0,0,0
416,1,1,1,1,1,1,1,1,1,1,1
417,0,0,0,0,0,0,0,0,0,0,0
418,1,1,1,1,1,1,1,1,1,1,1
419,0,0,0,0,0,0,0,0,0,0,0
420,1,1,1,1,1,1,1,1,1,1,1
421,0,0,0,0,0,0,0,0,0,0,0
422,1,1,1,1,1,1,1,1,1,1,1
423,0,0,0,0,0,0,0,0,0,0,0
424,1,1,1,1,1,1,1,1,1,1,1
425,0,0,0,0,0,0,0,0,0,0,0
426,1,1,1,1,1,1,1,1,1,1,1
427,0,0,0,0,0,0,0,0,0,0,0
428,1,1,1,1,1,1,1,1,1,1,1
429,0,0,0,0,0,0,0,0,0,0,0
430,1,1,1,1,1,1,1,1,1,1,1
431,0,0,0,0,0,0,0,0,0,0,0
432,1,1,1,1,1,1,1,1,1,1,1
433,0,0,0,0,0,0,0,0,0,0,0
434,1,1,1,1,1,1,1,1,1,1,1
435,0,0,0,0,0,0,0,0,0,0,0
436,1,1,0,0,0,0,0,0,0,0,0
437,0,0,0,0,0,0,0,0,0,0,0
438,1,1,1,1,1,1,1,1,1,1,1
439,0,0,0,0,0,0,0,0,0,0,0
440,1,1,1,1,1,1,1,1,1,1,1
441,0,0,0,0,0,0,0,0,0,0,0
442,1,1,1,1,1,1,1,1,1,1,1
443,0,0,0,0,0,0,0,0,0,0,0
444,1,1,1,1,1,1,1,1,1,1,1
445,0,0,0,0,0,0,0,0,0,0,0
446,1,1,1,1,1,1,1,1,1,1,1
447,0,0,0,0,0,0,0,0,0,0,0
448,1,1,1,1,1,1,1,1,1,1,1
449,0,0,0,0,0,0,0,0,0,0,0
450,1,1,1,1,1,1,1,1,1,1,1
451,0,0,0,0,0,0,0,0,0,0,0
452,1,1,1,1,1,1,1,1,1,1,1
453,0,0,0,0,0,0,0,0,0,0,0
454,1,1,1,1,1,1,1,1,1,1,1
455,0,0,0,0,0,0,0,0,0,0,0
456,1,1,1,1,1,1,1,1,1,1,1
457,0,0,0,0,0,0,0,0,0,0,0
458,1,1,1,1,1,1,1,1,1,1,1
459,0,0,0,0,0,0,0,0,0,0,0
460,1,1,1,1,1,1,1,1,1,1,1
461,0,0,0,0,0,0,0,0,0,0,0
462,1,1,1,1,1,1,1,1,1,1,1
463,0,0,0,0,0,0,0,0,0,0,0
464,1,1,1,1,1,1,1,1,1,1,1
465,0,0,0,1,1,1,1,1,1,1,1
466,1,1,1,1,1,1,1,1,1,1,1
467,0,0,0,0,0,0,0,0,0,0,0
468,1,1,1,1,1,1,1,1,1,1,1
469,0,0,0,0,0,0,0,0,0,0,0
470,1,1,1,1,1,1,1,1,1,1,1
471,0,0,0,0,0,0,0,0,0,0,0
472,1,1,1,1,1,1,1,1,1,1,1
473,0,0,0,0,0,0,0,0,0,0,0
474,1,1,1,1,1,1,1,1,1,1,1
475,0,0,0,0,0,0,0,0,0,0,0
476,1,1,1,1,1,1,1,1,1,1,1
477,0,0,0,0,0,0,0,0,0,0,0
478,1,1,1,1,1,1,1,1,1,1,1
479,0,0,0,0,0,0,0,0,0,0,0
480,1,1,1,1,1,1,1,1,1,1,1
481,0,0,0,0,0,0,0,0,0,0,0
482,1,1,1,1,1,1,1,1,1,1,1
483,0,0,0,0,0,0,0,0,0,0,0
484,1,1,1,1,1,1,1,1,1,1,1
485,0,0,0,0,0,0,0,0,0,0,0
486,1,1,1,1,1,1,1,1,1,1,1
487,0,0,0,0,0,0,0,0,0,0,0
488,1,1,1,1,1,1,1,1,1,1,1
489,0,0,0,0,0,0,0,0,0,0,0
490,1,1,1,1,1,1,1,1,1,1,1
491,0,0,0,0,0,0,0,0,0,0,0
492,1,1,1,1,1,1,1,1,1,1,1
493,0,0,0,0,0,0,0,0,0,0,0
494,1,1,1,1,1,1,1,1,1,1,1
495,0,0,0,0,0,0,0,0,0,0,0
496,1,1,1,1,1,1,1,1,1,1,1
497,0,0,0,0,0,0,0,0,0,0,0
498,1,1,1,1,1,1,1,1,1,1,1
499,0,0,0,0,0,0,0,0,0,0,0
500,1,1,1,1,1,1,1,1,1,1,1
501,0,0,0,0,0,0,0,0,0,0,0
502,1,1,1,1,1,1,1,1,1,1,1
503,0,0,0,0,0,0,0,0,0,0,0
504,1,1,1,1,1,1,1,1,1,1,1
505,0,0,0,0,0,0,0,0,0,0,0
506,1,1,1,1,1,1,1,1,1,1,1
507,0,0,0,0,0,0,0,0,0,0,0
508,1,1,1,1,1,1,1,1,1,1,1
509,0,0,0,0,0,0,0,0,0,0,0
510,1,1,1,1,1,1,1,1,1,1,1
511,0,0,0,0,0,0,0,0,0,0,0
512,1,1,1,1,1,1,1,1,1,1,1
513,0,0,0,0,0,0,0,0,0,0,0
514,1,1,1,1,1,1,1,1,1,1,1
515,0,0,0,0,0,0,0,0,0,0,0
516,1,1,1,1,1,1,1,1,1,1,1
517,0,0,0,0,0,0,0,0,0,0,0
518,1,1,1,1,1,1,1,1,1,1,1
519,1,1,1,1,1,1,1,1,1,1,1
520,1,1,1,1,1,1,1,1,1,1,1
521,1,1,1,1,1,1,1,1,1,1,1
522,1,1,0,0,0,0,0,0,0,0,0
523,1,1,1,1,1,1,1,1,1,1,1
524,1,1,1,1,1,1,1,1,1,1,1
525,1,1,1,1,1,1,1,1,1,1,1
526,1,1,1,1,1,1,1,1,1,1,1
527,1,1,1,1,1,1,1,1,1,1,1
528,1,1,1,1,1,1,1,1,1,1,1
529,1,1,1,1,1,1,1,1,0,0,0
530,1,1,1,1,1,1,1,1,1,1,1
531,0,0,0,0,0,0,0,0,0,0,0
532,0,0,0,0,0,0,0,0,0,0,0
533,0,0,0,0,0,0,0,0,0,0,0
534,0,0,0,0,0,0,0,0,0,0,0
535,0,0,0,0,0,0,0,0,0,0,0
536,0,0,0,0,0,0,0,0,0,0,0
537,0,0,0,0,0,0,0,0,0,0,0
538,0,0,0,0,0,0,0,0,0,0,0
539,0,0,0,0,0,0,0,0,0,0,0
540,0,0,0,0,0,0,0,0,0,0,0
541,0,0,0,0,0,0,0,0,0,0,0
542,0,0,0,0,0,0,0,0,0,0,0
543,0,0,0,0,0,0,0,0,0,0,0
544,1,1,1,1,1,1,1,1,1,1,1
545,0,0,0,0,0,0,0,0,0,0,0
546,1,1,1,1,0,0,0,0,0,0,0
547,0,0,0,0,0,0,0,0,0,0,0
548,1,1,1,1,1,1,1,1,1,1,1
549,0,0,0,0,0,0,0,0,0,0,0
550,1,1,1,1,1,1,1,1,1,1,1
551,0,0,0,0,0,0,0,0,0,0,0
552,1,1,1,1,1,1,1,1,1,1,1
553,0,0,0,0,0,0,0,0,0,0,0
554,1,1,1,1,1,1,1,1,1,1,1
555,0,0,0,0,0,0,0,0,0,0,0
556,1,1,1,1,1,1,1,1,1,1,1
557,0,0,0,0,0,0,0,0,0,0,0
558,1,1,1,1,1,1,1,1,1,1,1
559,0,0,0,0,0,0,0,0,0,0,0
560,1,1,1,1,1,1,1,1,1,1,1
561,0,0,0,0,0,0,0,0,0,0,0
562,1,1,1,1,1,1,1,1,1,1,1
563,0,0,0,0,0,0,0,0,0,0,0
564,1,1,1,1,1,1,1,1,1,1,1
565,0,0,0,0,0,0,0,0,0,0,0
566,1,1,1,1,1,1,1,1,1,1,1
567,0,0,0,0,0,0,0,0,0,0,0
568,1,1,1,1,1,1,1,1,1,1,1
569,0,0,0,0,0,0,0,0,0,0,0
570,1,1,1,1,1,1,1,1,1,1,1
571,0,0,0,0,0,0,0,0,0,0,0
572,1,1,1,1,1,1,1,1,1,1,1
573,0,0,0,0,0,0,0,0,0,0,0
574,1,1,1,1,1,1,1,1,1,1,1
575,0,0,0,0,0,0,0,0,0,0,0
576,1,1,1,1,1,1,1,1,1,1,1
577,0,0,0,0,0,0,0,0,0,0,0
578,1,1,1,1,1,1,1,1,1,1,1
579,0,0,0,0,0,0,0,0,0,0,0
580,1,1,1,1,1,1,1,1,1,1,1
581,0,0,0,0,0,0,0,0,0,0,0
582,1,1,1,1,1,1,1,1,1,1,1
583,0,0,0,0,0,0,0,0,0,0,0
584,1,1,1,1,1,1,1,1,1,1,1
585,0,0,0,0,0,0,0,0,0,0,0
586,1,1,1,1,1,1,1,1,1,1,1
587,0,0,0,0,0,0,0,0,0,0,0
588,1,1,1,1,1,1,1,1,1,1,1
589,0,0,0,0,0,0,0,0,0,0,0
590,1,1,1,1,1,1,1,1,1,1,1
591,0,0,0,0,0,0,0,0,0,0,0
592,1,1,1,1,1,1,1,1,1,1,1
593,0,0,0,0,0,0,0,0,0,0,0
594,1,1,1,1,1,1,1,1,1,1,1
595,0,0,0,0,0,0,0,0,0,0,0
596,1,1,1,1,1,1,1,1,1,1,1
597,0,0,0,0,0,0,0,0,0,0,0
598,1,1,1,1,1,1,1,1,1,1,1
599,0,0,0,0,0,0,0,0,0,0,0
600,1,1,1,1,1,1,1,1,1,1,1
601,0,0,0,0,0,0,0,0,0,0,0
602,1,1,1,1,1,1,1,1,1,1,1
603,0,0,0,0,0,0,0,0,0,0,0
604,1,1,1,1,1,1,1,1,1,1,1
605,0,0,0,0,0,0,0,0,0,0,0
606,1,1,1,1,1,1,1,1,1,1,1
607,0,0,0,0,0,0,0,0,0,0,0
608,1,1,1,1,1,1,1,1,1,1,1
609,0,0,0,0,0,0,0,0,0,0,0
610,1,1,1,1,1,1,1,1,1,1,1
611,0,0,0,0,0,0,0,0,0,0,0
612,1,1,1,1,1,1,1,1,1,1,1
613,0,0,0,0,0,0,0,0,0,0,0
614,1,1,1,1,1,1,1,1,1,1,1
615,0,0,0,0,0,0,0,0,0,0,0
616,1,1,1,1,1,1,1,1,1,1,1
617,0,0,0,0,0,0,0,0,0,0,0
618,1,1,1,1,1,1,1,1,1,1,1
619,0,0,0,0,0,0,0,0,0,0,0
620,1,1,1,1,1,1,1,1,1,1,1
621,0,0,0,0,0,0,0,0,0,0,0
622,1,1,1,1,1,1,1,1,1,1,1
623,0,0,0,0,0,0,0,0,0,0,0
624,1,1,1,1,1,1,1,1,1,1,1
625,0,0,0,0,0,0,0,0,0,0,0
626,1,1,1,1,1,1,1,1,1,1,1
627,0,0,0,0,0,0,0,0,0,0,0
628,1,1,1,1,1,1,1,1,1,1,1
629,0,0,0,0,0,0,0,0,0,0,0
630,1,1,1,1,1,1,1,1,1,1,1
631,0,0,0,0,0,0,0,0,0,0,0
632,1,1,1,1,1,1,1,1,1,1,1
633,0,0,0,0,0,0,0,0,0,0,0
634,1,1,1,1,1,1,1,1,1,1,1
635,0,0,0,0,0,0,0,0,0,0,0
636,1,1,1,1,1,1,1,1,1,1,1
637,0,0,0,0,0,0,0,0,0,0,0
638,1,1,1,1,1,1,1,1,1,1,1
639,0,0,0,0,0,0,0,0,0,0,0
640,1,1,1,1,1,1,1,1,1,1,1
641,0,0,0,0,0,0,0,0,0,0,0
642,1,1,1,1,1,1,1,1,1,1,1
643,0,0,0,0,0,0,0,0,0,0,0
644,1,1,1,1,1,1,1,1,1,1,1
645,0,0,0,0,0,0,0,0,0,0,0
646,1,1,1,1,1,1,1,1,1,1,1
647,0,0,0,0,0,0,0,0,0,0,0
648,1,1,1,1,1,1,1,1,1,1,1
649,0,0,0,0,0,0,0,0,0,0,0
650,1,1,1,1,1,1,1,1,1,1,1
651,1,1,1,1,1,1,1,1,1,1,1
652,1,1,1,1,1,1,1,1,1,1,1
653,1,1,1,1,1,1,1,1,1,1,1
654,1,1,1,1,1,1,1,1,1,1,1
655,1,1,1,1,1,1,1,1,1,1,1
656,1,1,1,1,1,1,1,1,1,1,1
657,1,1,1,1,1,1,1,1,1,1,1
658,1,1,1,1,1,1,1,1,1,1,1
659,1,1,1,1,1,1,1,1,1,1,1
660,1,1,1,1,1,1,1,1,1,1,1
661,1,1,1,1,1,1,1,1,1,1,1
662,1,1,1,1,1,1,1,1,1,1,1
663,0,0,0,0,0,0,0,0,0,0,0
664,0,0,0,0,0,0,0,0,0,0,0
665,0,0,0,0,0,0,0,0,0,0,0
666,0,0,0,0,0,0,0,0,0,0,0
667,0,0,0,0,0,0,0,0,0,0,0
668,0,0,0,0,0,0,0,0,0,0,0
669,0,0,0,0,0,0,0,0,0,0,0
670,0,0,0,0,0,0,0,0,0,0,0
671,0,0,0,0,0,0,0,0,0,0,0
672,0,0,0,0,0,0,0,0,0,0,0
673,0,0,0,0,0,0,0,0,0,0,0
674,0,0,0,0,0,0,0,0,0,0,0
675,0,0,0,0,0,0,0,0,0,0,0
676,1,1,1,1,1,1,1,1,1,1,1
677,0,0,0,0,0,0,0,0,0,0,0
678,1,1,1,1,1,1,1,1,1,1,1
679,0,0,0,0,0,0,0,0,0,0,0
680,1,1,1,1,1,1,1,1,1,1,1
681,0,0,0,0,0,0,0,0,0,0,0
682,1,1,1,1,1,1,1,1,1,1,1
683,0,0,0,0,0,0,0,0,0,0,0
684,1,1,1,1,1,1,1,1,1,0,0
685,0,0,0,0,0,0,0,0,0,0,0
686,1,1,1,1,1,1,1,1,1,1,1
687,0,0,0,0,0,0,0,0,0,0,0
688,1,1,1,1,1,1,1,1,1,1,1
689,0,0,0,0,0,0,0,0,0,0,0
690,1,1,1,1,1,1,1,1,1,1,1
691,0,0,0,0,0,0,0,0,0,0,0
692,1,1,1,1,1,1,1,1,1,1,1
693,0,0,0,0,0,0,0,0,0,0,0
694,1,1,1,1,1,1,1,1,1,1,1
695,0,0,0,0,0,0,0,0,0,0,0
696,1,1,1,1,1,1,1,1,1,1,1
697,0,0,0,0,0,0,0,0,0,0,0
698,1,1,1,1,1,1,1,1,1,1,1
699,0,0,0,0,0,0,0,0,0,0,0
700,1,1,1,1,1,1,1,1,1,1,1
701,0,0,0,0,0,0,0,0,0,0,0
702,1,1,1,1,1,1,1,1,1,1,1
703,0,0,0,0,0,0,0,0,0,0,0
704,1,1,1,1,1,1,1,1,1,1,1
705,0,0,0,0,0,0,0,0,0,0,0
706,1,1,1,1,1,1,1,1,1,1,1
707,0,0,0,0,0,0,0,0,0,0,0
708,1,1,1,1,1,1,1,1,1,1,1
709,0,0,0,0,0,0,0,0,0,0,0
710,1,1,1,1,1,1,1,1,1,1,1
711,0,0,0,0,0,0,0,0,0,0,0
712,1,1,1,1,1,1,1,1,1,1,1
713,0,0,0,0,0,0,0,0,0,0,0
714,1,1,1,1,1,1,1,1,1,1,1
715,0,0,0,0,0,0,0,0,0,0,0
716,1,1,1,1,1,1,1,1,1,1,1
717,0,0,0,0,0,0,0,0,0,0,0
718,1,1,1,1,1,1,1,1,1,1,1
719,0,0,0,0,0,0,0,0,0,0,0
720,1,1,1,0,0,0,0,0,0,0,0
721,0,0,0,0,0,0,0,0,0,0,0
722,1,1,1,1,1,1,1,1,1,1,1
723,0,0,0,0,0,0,0,0,0,0,0
724,1,1,1,1,1,1,1,1,1,1,1
725,0,0,0,0,0,0,0,0,0,0,0
726,1,1,1,1,1,1,1,1,1,1,1
727,0,0,0,0,0,0,0,0,0,0,0
728,1,1,1,1,1,1,1,1,1,1,1
729,0,0,0,0,0,0,0,0,0,0,0
730,1,1,1,1,1,1,1,1,1,1,1
731,0,0,0,0,0,0,0,0,0,0,0
732,1,1,1,1,1,1,1,1,1,1,1
733,0,0,0,0,0,0,0,0,0,0,0
734,1,1,1,1,1,1,1,1,1,1,1
735,0,0,0,0,0,0,0,0,0,0,0
736,1,1,1,1,1,1,1,1,1,1,1
737,0,0,0,0,0,0,0,0,0,0,0
738,1,1,1,1,1,1,1,1,1,1,1
739,0,0,0,0,0,0,0,0,0,0,0
740,1,1,1,1,1,1,1,1,1,1,1
741,0,0,0,0,0,0,0,0,0,0,0
742,1,1,1,1,1,1,1,1,1,1,1
743,0,0,0,0,0,0,0,0,0,0,0
744,1,1,1,1,1,1,1,1,1,1,1
745,0,0,0,0,0,0,0,0,0,0,0
746,1,1,1,1,1,1,1,1,1,1,1
747,0,0,0,0,0,0,0,0,0,0,0
748,1,1,1,1,1,1,1,1,1,1,1
749,0,0,0,0,0,0,0,0,0,0,0
750,1,1,1,1,1,1,1,1,1,1,1
751,0,0,0,0,0,0,0,0,0,0,0
752,1,1,1,1,1,1,1,1,1,1,1
753,0,0,0,0,0,0,0,0,0,0,0
754,1,1,1,1,1,1,1,1,1,1,1
755,0,0,0,0,0,0,0,0,0,0,0
756,1,1,1,1,1,1,1,1,1,1,1
757,0,0,0,0,0,0,0,0,0,0,0
758,1,1,1,1,1,1,1,1,1,1,1
759,0,0,0,0,0,0,0,0,0,0,0
760,1,1,1,1,1,1,1,1,1,1,1
761,0,0,0,0,0,0,0,0,0,0,0
762,1,1,1,1,1,1,1,1,1,1,1
763,0,0,0,0,0,0,0,0,0,0,0
764,1,1,1,1,1,1,1,1,1,1,1
765,0,0,0,0,0,0,0,0,0,0,0
766,1,1,1,1,1,1,1,1,1,1,1
767,0,0,0,0,0,0,0,0,0,0,0
768,1,1,1,1,1,1,1,1,1,1,1
769,1,1,1,1,1,1,1,1,1,1,1
770,1,1,1,1,1,1,1,1,1,1,1
771,1,1,1,1,1,1,1,1,1,1,1
772,1,1,1,0,0,0,0,0,0,0,0
773,1,1,1,1,1,1,1,1,1,1,1
774,1,1,1,1,1,1,1,1,1,1,1
775,1,1,1,1,1,1,1,1,1,1,1
776,1,1,1,1,1,1,1,1,1,1,1
777,1,1,1,1,1,1,1,1,1,1,1
778,1,1,1,1,1,1,1,1,1,1,1
779,1,1,1,1,1,1,1,1,1,1,1
780,1,1,1,1,1,1,1,1,1,1,1
781,0,0,0,0,0,0,0,0,0,0,0
782,0,0,0,0,0,0,0,0,0,0,0
783,0,0,0,0,0,0,0,0,0,0,0
784,0,0,0,0,0,0,0,0,0,0,0
785,0,0,0,0,0,0,0,0,0,0,0
786,0,0,0,0,0,0,0,0,0,0,0
787,0,0,0,0,0,0,0,0,0,0,0
788,0,0,0,0,0,0,0,0,0,0,0
789,0,0,0,0,0,0,0,0,0,0,0
790,0,0,0,0,0,0,0,0,0,0,0
791,0,0,0,0,0,0,0,0,0,0,0
792,0,0,0,0,0,0,0,0,0,0,0
793,0,0,0,0,0,0,0,0,0,0,0
794,1,1,1,1,1,1,1,1,1,1,1
795,0,0,0,0,0,0,0,0,0,0,0
796,1,1,1,1,1,1,1,1,1,1,1
797,0,0,0,0,0,0,0,0,0,0,0
798,1,1,1,1,1,1,1,1,1,1,1
799,0,0,0,0,0,0,0,0,0,0,0
800,1,1,1,1,1,1,1,1,1,1,1
801,0,0,0,0,0,0,0,0,0,0,0
802,1,1,1,1,1,0,0,0,0,0,0
803,0,0,0,0,0,0,0,0,0,0,0
804,1,1,1,1,1,1,1,1,1,1,1
805,0,0,0,0,0,0,0,0,0,0,0
806,1,1,1,1,1,1,1,1,1,1,1
807,0,0,0,0,0,0,0,0,0,0,0
808,1,1,1,1,1,1,1,1,1,1,1
809,0,0,0,0,0,0,0,0,0,0,0
810,1,1,1,1,1,1,1,1,1,1,1
811,0,0,0,0,0,0,0,0,0,0,0
812,1,1,1,1,1,1,1,1,1,1,1
813,0,0,0,0,0,0,0,0,0,0,0
814,1,1,1,1,1,1,1,1,1,1,1
815,0,0,0,0,0,0,0,0,0,0,0
816,1,1,1,1,1,1,1,1,1,1,1
817,0,0,0,0,0,0,0,0,0,0,0
818,1,1,1,1,0,0,0,0,0,0,0
819,0,0,0,0,0,0,0,0,0,0,0
820,1,1,1,1,1,1,1,1,1,1,1
821,0,0,0,0,0,0,0,0,0,0,0
822,1,1,1,1,1,1,1,1,1,1,1
823,0,0,0,0,0,0,0,0,0,0,0
824,1,1,1,1,1,1,1,1,1,1,1
825,0,0,0,0,0,0,0,0,0,0,0
826,1,1,1,1,1,1,1,1,1,1,1
827,0,0,0,0,0,0,0,0,0,0,0
828,1,1,1,1,1,1,1,1,1,1,1
829,0,0,0,0,0,0,0,0,0,0,0
830,1,1,1,1,1,1,1,1,1,1,1
831,0,0,0,0,0,0,0,0,0,0,0
832,1,1,1,1,1,1,1,1,1,1,1
833,0,0,0,0,0,0,0,0,0,0,0
834,1,1,1,1,1,1,1,1,1,1,1
835,0,0,0,0,0,0,0,0,0,0,0
836,1,1,1,1,1,1,1,1,1,1,1
837,0,0,0,0,0,0,0,0,0,0,0
838,1,1,1,1,1,1,1,1,1,1,1
839,0,0,0,0,0,0,0,0,0,0,0
840,1,1,1,1,1,1,1,1,1,1,1
841,0,0,0,0,0,0,0,0,0,0,0
842,1,1,1,1,1,1,1,0,0,0,0
843,0,0,0,0,0,0,0,0,0,0,0
844,1,1,1,1,1,1,1,1,1,1,1
845,0,0,0,0,0,0,0,0,0,0,0
846,1,1,1,1,1,1,1,1,1,1,1
847,0,0,0,0,0,0,0,0,0,0,0
848,1,1,1,1,1,1,1,1,1,1,1
849,0,0,0,0,0,0,0,0,0,0,0
850,1,1,1,1,1,1,1,1,1,1,1
851,0,0,0,0,0,0,0,0,0,0,0
852,1,1,1,1,1,1,1,1,1,1,1
853,0,0,0,0,0,0,0,0,0,0,0
854,1,1,1,1,1,1,1,1,0,0,0
855,1,1,1,1,1,1,1,1,1,1,1
856,1,1,1,1,1,1,1,1,1,1,1
857,1,1,1,1,1,1,1,1,1,1,1
858,1,1,1,1,1,1,1,1,1,1,1
859,1,1,1,1,1,1,1,1,1,0,0
860,1,1,1,1,1,1,1,1,1,1,1
861,1,1,1,1,1,1,1,1,1,1,1
862,1,1,1,1,1,1,1,1,1,1,1
863,1,1,1,1,1,1,1,1,1,1,1
864,1,1,1,1,1,1,1,1,1,1,1
865,1,1,1,1,1,1,1,1,1,1,1
866,1,1,1,1,1,1,1,1,1,1,0
867,0,0,0,0,0,0,0,0,0,0,0
868,0,0,0,0,0,0,0,0,0,0,0
869,0,0,0,0,0,0,0,0,0,0,0
870,0,0,0,0,0,0,0,0,0,0,0
871,0,0,0,0,0,0,0,0,0,0,0
872,0,0,0,0,0,0,0,0,0,0,0
873,0,0,0,0,0,0,0,0,0,0,0
874,0,0,0,0,0,0,0,0,0,0,0
875,0,0,0,0,0,0,0,0,0,0,0
876,0,0,0,0,0,0,0,0,0,0,0
877,0,0,0,0,0,0,0,0,0,0,0
878,0,0,0,0,0,0,0,0,0,0,0
879,0,0,0,0,0,0,0,0,0,0,0
880,1,1,1,1,1,1,1,1,1,1,1
881,0,0,0,0,0,0,0,0,0,0,0
882,1,1,1,1,1,1,1,1,1,1,1
883,0,0,0,0,0,0,0,0,0,0,0
884,1,1,1,1,1,1,1,1,1,1,1
885,0,0,0,0,0,0,0,0,0,0,0
886,1,1,1,1,1,1,1,1,1,1,1
887,0,0,0,0,0,0,0,0,0,0,0
888,1,1,1,1,1,1,1,1,1,1,1
889,0,0,0,0,0,0,0,0,0,0,0
890,1,1,1,1,1,1,1,1,1,1,1
891,0,0,0,0,0,0,0,0,0,0,0
892,1,1,1,1,1,1,1,1,1,1,1
893,0,0,0,0,0,0,0,0,0,0,0
894,1,1,1,1,1,1,1,1,1,1,1
895,0,0,0,0,0,0,0,0,0,0,0
896,1,1,1,1,1,1,1,1,1,1,1
897,0,0,0,0,0,0,0,0,0,0,0
898,1,1,1,1,1,1,1,1,1,1,1
899,0,0,0,0,0,0,0,0,0,0,0
900,1,1,1,1,1,1,1,1,1,1,1
901,0,0,0,0,0,0,0,0,0,0,0
902,1,1,1,1,1,1,1,1,1,1,1
903,1,1,1,1,1,1,1,1,1,1,1
904,1,1,1,1,1,1,1,1,1,1,1
905,1,1,1,1,1,1,1,1,1,1,1
906,0,0,0,0,0,0,0,0,0,0,0
907,0,0,0,0,0,0,0,0,0,0,0
908,0,0,0,0,0,0,0,0,0,0,0
909,0,0,0,0,0,0,0,0,0,0,0
910,1,1,1,1,1,1,1,1,1,1,1
911,0,0,0,0,0,0,0,0,0,0,0
912,1,1,1,1,1,1,1,1,1,1,1
913,0,0,0,0,0,0,0,0,0,0,0
914,1,1,1,1,1,1,1,1,1,1,1
915,0,0,0,0,0,0,0,0,0,0,0
916,1,1,1,1,1,1,1,1,1,1,1
917,0,0,0,0,0,0,0,0,0,0,0
918,1,1,1,1,1,1,1,1,1,1,1
919,0,0,0,0,0,0,0,0,0,0,0
920,1,1,1,1,1,1,1,1,1,1,1
921,0,0,0,0,0,0,0,0,0,0,0
922,1,1,1,1,1,1,1,1,1,1,1
923,0,0,0,0,0,0,0,0,0,0,0
924,1,1,1,1,1,1,1,1,1,1,1
925,1,1,1,1,1,1,1,1,1,1,1
926,1,1,1,1,1,1,1,1,1,1,1
927,1,1,1,1,1,1,1,1,1,1,1
928,1,1,1,1,1,1,1,1,1,1,1
929,1,1,1,1,1,1,1,1,1,1,0
930,1,1,1,1,1,1,1,1,1,1,1
931,1,1,1,1,1,1,1,1,1,1,1
932,1,1,1,1,1,1,1,1,1,1,1
933,1,1,1,1,1,1,1,1,1,1,1
934,1,1,1,1,1,1,1,1,1,1,1
935,1,1,1,1,1,1,1,1,1,1,1
936,1,1,1,1,1,1,1,1,1,1,1
937,0,0,0,0,0,0,0,0,0,0,0
938,0,0,0,0,0,0,0,0,0,0,0
939,0,0,0,0,0,0,0,0,0,0,0
940,0,0,0,0,0,0,0,0,0,0,0
941,0,0,0,0,0,0,0,0,0,0,0
942,0,0,0,0,0,0,0,0,0,0,0
943,0,0,0,0,0,0,0,0,0,0,0
944,0,0,0,0,0,0,0,0,0,0,0
945,0,0,0,0,0,0,0,0,0,0,0
946,0,0,0,0,0,0,0,0,0,0,0
947,0,0,0,0,0,0,0,0,0,0,0
948,0,0,0,0,0,0,0,0,0,0,0
949,0,0,0,0,0,0,0,0,0,0,0
950,1,1,1,1,1,1,1,1,1,1,1
951,0,0,0,0,0,0,0,0,0,0,0
952,1,1,1,1,1,1,1,1,1,1,1
953,0,0,0,0,0,0,0,0,0,0,0
954,1,1,1,1,1,1,1,1,1,1,1
955,0,0,0,0,0,0,0,0,0,0,0
956,1,1,1,1,1,1,1,1,1,1,1
957,0,0,0,0,0,0,0,0,0,0,0
958,1,1,1,1,1,1,1,1,1,1,1
959,0,0,0,0,0,0,0,0,0,0,0
960,1,1,1,1,1,1,1,1,1,1,1
961,0,0,0,0,0,0,0,0,0,0,0
962,1,1,1,1,1,1,1,1,1,1,1
963,0,0,0,0,0,0,0,0,0,0,0
964,1,1,1,1,1,1,1,1,1,1,1
965,0,0,0,0,0,0,0,0,0,0,0
966,1,1,1,1,1,1,1,1,1,1,1
967,0,0,0,0,0,0,0,0,0,0,0
968,1,1,1,1,1,1,1,1,1,1,1
969,0,0,0,0,0,0,0,0,0,0,0
970,1,1,1,1,1,1,1,1,1,1,1
971,0,0,0,0,0,0,0,0,0,0,0
972,1,1,1,1,1,1,1,1,1,1,1
973,1,1,1,1,1,1,1,1,1,1,1
974,1,1,1,1,1,1,1,1,1,1,1
975,1,1,1,1,1,1,1,1,1,1,1
976,0,0,0,0,0,0,0,0,0,0,0
977,0,0,0,0,0,0,0,0,0,0,0
978,0,0,0,0,0,0,0,0,0,0,0
979,0,0,0,0,0,0,0,0,0,0,0
980,1,1,1,1,1,1,1,1,1,1,1
981,0,0,0,0,0,0,0,0,0,0,0
982,1,1,1,1,1,1,1,1,1,1,1
983,0,0,0,0,0,0,0,0,0,0,0
984,1,1,1,1,1,1,1,1,1,1,1
985,0,0,0,0,0,0,0,0,0,0,0
986,1,1,1,1,1,1,1,1,1,1,1
987,0,0,0,0,0,0,0,0,0,0,0
988,1,1,1,1,1,1,1,1,1,1,1
989,0,0,0,0,0,0,0,0,0,0,0
990,1,1,1,1,1,1,1,1,1,1,1
991,1,1,1,1,1,1,1,1,1,1,1
992,1,1,1,1,1,1,1,1,1,1,1
993,1,1,1,1,1,1,1,1,1,1,1
994,1,1,1,1,1,1,1,1,1,1,1
995,1,1,1,1,1,1,1,1,1,1,1
996,1,1,1,1,1,1,1,1,1,1,1
997,1,1,1,1,1,1,1,1,1,1,1
998,1,1,1,1,1,1,1,1,1,1,1
999,1,1,1,1,1,1,1,1,1,1,1
1000,1,1,1,1,1,1,1,1,1,1,1
1001,1,1,1,1,1,1,1,1,1,1,1
1002,1,1,1,1,1,1,1,1,1,1,1
1003,0,0,0,0,0,0,0,0,0,0,0
1004,0,0,0,0,0,0,0,0,0,0,0
1005,0,0,0,0,0,0,0,0,0,0,0
1006,0,0,0,0,0,0,0,0,0,0,0
1007,0,0,0,0,0,0,0,0,0,0,0
1008,0,0,0,0,0,0,0,0,0,0,0
1009,0,0,0,0,0,0,0,0,0,0,0
1010,0,0,0,0,0,0,0,0,0,0,0
1011,0,0,0,0,0,0,0,0,0,0,0
1012,0,0,0,0,0,0,0,0,0,0,0
1013,0,0,0,0,0,0,0,0,0,0,0
1014,0,0,0,0,0,0,0,0,0,0,0
1015,0,0,0,0,0,0,0,0,0,0,0
