,0,1
0,8,8
1,5,5
2,5,5
3,18,18
4,4,4
5,17,17
6,1,1
7,19,19
8,24,24
9,3,3
10,17,17
11,25,25
12,2,2
13,16,16
14,25,25
15,5,5
16,7,7
17,13,13
18,21,21
19,24,24
20,24,24
21,7,7
22,4,4
23,25,25
24,12,12
25,13,13
26,16,16
27,18,18
28,25,25
29,7,7
30,11,11
31,10,10
32,6,6
33,16,16
34,18,18
35,1,1
36,1,1
37,0,0
38,2,2
39,13,13
40,5,5
41,17,17
42,5,5
43,1,1
44,21,21
45,17,17
46,18,18
47,4,4
48,3,3
49,17,17
50,16,16
51,11,11
52,23,23
53,2,2
54,1,1
55,25,25
56,19,19
57,1,1
58,21,21
59,5,5
60,15,15
61,20,20
62,17,17
63,2,2
64,4,4
65,11,11
66,24,24
67,4,4
68,2,2
69,3,3
70,5,5
71,1,1
72,7,7
73,22,22
74,12,12
75,1,1
76,7,7
77,7,7
78,19,19
79,7,7
80,18,18
81,21,21
82,3,3
83,25,25
84,23,23
85,23,23
86,2,2
87,16,16
88,6,6
89,6,6
90,16,16
91,6,6
92,18,18
93,25,25
94,15,15
95,1,1
96,7,7
97,1,1
98,15,15
99,6,6
100,8,8
101,21,21
102,25,25
103,23,23
104,4,4
105,8,8
106,21,21
107,3,3
108,1,1
109,9,9
110,12,12
111,13,13
112,21,21
113,12,12
114,25,25
115,14,14
116,4,4
117,2,2
118,19,19
119,17,17
120,5,5
121,20,20
122,5,5
123,7,7
124,5,5
125,6,6
126,2,2
127,0,0
128,5,5
129,9,9
130,19,19
131,7,7
132,4,4
133,20,20
134,19,19
135,6,6
136,5,5
137,24,24
138,6,6
139,12,12
140,21,21
141,23,23
142,4,4
143,15,15
144,19,19
145,16,16
146,8,8
147,19,19
148,8,8
149,25,25
150,10,10
151,3,3
152,2,2
153,16,16
154,10,10
155,1,1
156,4,4
157,3,3
158,5,5
159,7,7
160,21,21
161,18,18
162,0,0
163,19,19
164,13,13
165,15,15
166,25,25
167,2,2
168,21,21
169,8,8
170,1,1
171,4,4
172,16,16
173,14,14
174,21,21
175,17,17
176,24,24
177,18,18
178,21,21
179,7,7
180,21,21
181,1,1
182,14,14
183,17,17
184,0,0
185,12,12
186,7,7
187,4,4
188,21,21
189,4,4
190,16,16
191,25,25
192,2,2
193,25,25
194,16,16
195,0,0
196,25,25
197,1,1
198,6,6
199,6,6
200,21,21
201,23,23
202,5,5
203,4,4
204,7,7
205,3,3
206,5,5
207,3,3
208,8,8
209,1,1
210,23,23
211,7,7
212,5,5
213,10,10
214,24,24
215,24,24
216,19,19
217,1,1
218,24,24
219,2,2
220,9,9
221,17,17
222,13,13
223,5,5
224,1,1
225,25,25
226,11,11
227,0,0
228,5,5
229,12,12
230,18,18
231,2,2
232,19,19
233,2,2
234,19,19
235,0,0
236,24,24
237,25,25
238,8,8
239,5,5
240,21,21
241,21,21
242,8,8
243,23,23
244,21,21
245,2,2
246,4,4
247,17,17
248,13,13
249,2,2
250,10,10
251,5,5
252,1,1
253,13,13
254,16,16
255,21,21
256,24,24
257,2,2
258,6,6
259,1,1
260,14,14
261,24,24
262,3,3
263,21,21
264,23,23
265,16,16
266,14,14
267,1,1
268,10,10
269,8,8
270,3,3
271,21,21
272,25,25
273,23,23
274,20,20
275,24,24
276,1,1
277,25,25
278,4,4
279,1,1
280,16,16
281,16,16
282,16,16
283,25,25
284,5,5
285,18,18
286,4,4
287,1,1
288,25,25
289,16,16
290,3,3
291,25,25
292,23,23
293,17,17
294,12,12
295,19,19
296,4,4
297,9,9
298,25,25
299,17,17
300,7,7
301,0,0
302,21,21
303,17,17
304,19,19
305,1,1
306,25,25
307,22,22
308,15,15
309,7,7
310,12,12
311,18,18
312,1,1
313,19,19
314,24,24
315,9,9
316,16,16
317,16,16
318,8,8
319,10,10
320,7,7
321,1,1
322,5,5
323,13,13
324,9,9
325,4,4
326,0,0
327,19,19
328,5,5
329,7,7
330,18,18
331,3,3
332,20,20
333,4,4
334,24,24
335,0,0
336,18,18
337,19,19
338,5,5
339,20,20
340,16,16
341,7,7
342,17,17
343,2,2
344,9,9
345,4,4
346,2,2
347,7,7
348,1,1
349,6,6
350,20,20
351,10,10
352,24,24
353,24,24
354,3,3
355,20,20
356,15,15
357,8,8
358,2,2
359,3,3
360,2,2
361,4,4
362,2,2
363,16,16
364,1,1
365,24,24
366,18,18
367,14,14
368,25,25
369,16,16
370,25,25
371,14,14
372,16,16
373,18,18
374,6,6
375,5,5
376,8,8
377,3,3
378,17,17
379,5,5
380,2,2
381,6,6
382,13,13
383,9,9
384,18,18
385,13,13
386,5,5
387,25,25
388,16,16
389,21,21
390,24,24
391,2,2
392,7,7
393,4,4
394,12,12
395,2,2
396,25,25
397,3,3
398,4,4
399,23,23
400,25,25
401,25,25
402,3,3
403,6,6
404,5,5
405,23,23
406,10,10
407,24,24
408,4,4
409,22,22
410,23,23
411,18,18
412,5,5
413,13,13
414,20,20
415,22,22
416,8,8
417,8,8
418,5,5
419,8,8
420,6,6
421,15,15
422,8,8
423,2,2
424,15,15
425,15,15
426,22,22
427,3,3
428,4,4
429,25,25
430,21,21
431,0,0
432,9,9
433,21,21
434,13,13
435,5,5
436,24,24
437,18,18
438,24,24
439,11,11
440,14,14
441,22,22
442,22,22
443,17,17
444,7,7
445,25,25
446,24,24
447,25,25
448,5,5
449,3,3
450,24,24
451,5,5
452,9,9
453,24,24
454,24,24
455,18,18
456,8,8
457,23,23
458,16,16
459,3,3
460,15,15
461,22,22
462,24,24
463,4,4
464,16,16
465,4,4
466,6,6
467,17,17
468,4,4
469,5,5
470,24,24
471,2,2
472,2,2
473,19,19
474,11,11
475,2,2
476,5,5
477,0,0
478,23,23
479,6,6
480,0,0
481,8,8
482,3,3
483,19,19
484,1,1
485,5,5
486,5,5
487,4,4
488,18,18
489,1,1
490,16,16
491,4,4
492,4,4
493,5,5
494,4,4
495,1,1
496,9,9
497,16,16
498,10,10
499,16,16
500,14,14
501,20,20
502,19,19
503,20,20
504,2,2
505,7,7
506,0,0
507,2,2
508,1,1
509,5,5
510,1,1
511,3,3
512,25,25
513,24,24
514,7,7
515,21,21
516,0,0
517,19,19
518,9,9
519,21,21
520,15,15
521,3,3
522,2,2
523,24,24
524,16,16
525,7,7
526,8,8
527,2,2
528,20,20
529,3,3
530,8,8
531,1,1
532,11,11
533,8,8
534,21,21
535,16,16
536,1,1
537,7,7
538,8,8
539,18,18
540,16,16
541,4,4
542,17,17
543,24,24
544,8,8
545,24,24
546,11,11
547,12,12
548,4,4
549,4,4
550,5,5
551,16,16
552,18,18
553,17,17
554,16,16
555,25,25
556,18,18
557,20,20
558,1,1
559,3,3
560,23,23
561,12,12
562,11,11
563,10,10
564,24,24
565,19,19
566,23,23
567,21,21
568,25,25
569,3,3
570,2,2
571,7,7
572,8,8
573,15,15
574,4,4
575,25,25
576,20,20
577,3,3
578,7,7
579,7,7
580,3,3
581,3,3
582,25,25
583,7,7
584,20,20
585,0,0
586,0,0
587,0,0
588,25,25
589,12,12
590,0,0
591,4,4
592,4,4
593,25,25
594,15,15
595,7,7
596,7,7
597,12,12
598,21,21
599,4,4
600,0,0
601,6,6
602,21,21
603,8,8
604,9,9
605,9,9
606,7,7
607,18,18
608,19,19
609,18,18
610,2,2
611,21,21
612,1,1
613,24,24
614,8,8
615,25,25
616,20,20
617,23,23
618,24,24
619,25,25
620,2,2
621,21,21
622,9,9
623,25,25
624,22,22
625,2,2
626,7,7
627,12,12
628,17,17
629,7,7
630,0,0
631,5,5
632,24,24
633,4,4
634,9,9
635,8,8
636,15,15
637,20,20
638,19,19
639,18,18
640,21,21
641,23,23
642,5,5
643,25,25
644,5,5
645,20,20
646,1,1
647,2,2
648,2,2
649,1,1
650,5,5
651,25,25
652,18,18
653,16,16
654,3,3
655,0,0
656,4,4
657,5,5
658,12,12
659,21,21
660,4,4
661,3,3
662,1,1
663,24,24
664,15,15
665,20,20
666,9,9
667,24,24
668,9,9
669,0,0
670,24,24
671,8,8
672,24,24
673,8,8
674,22,22
675,19,19
676,12,12
677,4,4
678,13,13
679,9,9
680,25,25
681,1,1
682,4,4
683,8,8
684,7,7
685,25,25
686,19,19
687,5,5
688,16,16
689,1,1
690,18,18
691,24,24
692,22,22
693,3,3
694,9,9
695,16,16
696,4,4
697,6,6
698,25,25
699,1,1
700,4,4
701,2,2
702,2,2
703,19,19
704,2,2
705,16,16
706,3,3
707,24,24
708,8,8
709,16,16
710,16,16
711,4,4
712,25,25
713,10,10
714,12,12
715,25,25
716,9,9
717,22,22
718,25,25
719,7,7
720,24,24
721,14,14
722,24,24
723,1,1
724,11,11
725,15,15
726,16,16
727,16,16
728,2,2
729,21,21
730,10,10
731,3,3
732,19,19
733,24,24
734,25,25
735,8,8
736,20,20
737,23,23
738,3,3
739,6,6
740,6,6
741,6,6
742,24,24
743,9,9
744,4,4
745,24,24
746,6,6
747,10,10
748,2,2
749,19,19
750,2,2
751,20,20
752,8,8
753,8,8
754,15,15
755,25,25
756,5,5
757,5,5
758,25,25
759,11,11
760,5,5
761,16,16
762,4,4
763,4,4
764,18,18
765,19,19
766,6,6
767,10,10
768,1,1
769,19,19
770,5,5
771,24,24
772,19,19
773,4,4
774,23,23
775,24,24
776,16,16
777,0,0
778,5,5
779,21,21
780,5,5
781,5,5
782,13,13
783,21,21
784,15,15
785,3,3
786,24,24
787,17,17
788,8,8
789,19,19
790,19,19
791,24,24
792,15,15
793,25,25
794,16,16
795,16,16
796,23,23
797,24,24
798,12,12
799,24,24
800,0,0
801,20,20
802,3,3
803,24,24
804,21,21
805,25,25
806,2,2
807,5,5
808,25,25
809,16,16
810,7,7
811,7,7
812,5,5
813,19,19
814,2,2
815,4,4
816,10,10
817,0,0
818,21,21
819,22,22
820,4,4
821,4,4
822,24,24
823,21,21
824,6,6
825,13,13
826,2,2
827,11,11
828,7,7
829,7,7
830,16,16
831,10,10
832,8,8
833,5,5
834,24,24
835,3,3
836,1,1
837,5,5
838,17,17
839,4,4
840,23,23
841,9,9
842,24,24
843,15,15
844,6,6
845,5,5
846,17,17
847,4,4
848,3,3
849,9,9
850,17,17
851,15,15
852,10,10
853,7,7
854,21,21
855,6,6
856,13,13
857,4,4
858,16,16
859,13,13
860,12,12
861,6,6
862,7,7
863,8,8
864,4,4
865,16,16
866,2,2
867,1,1
868,6,6
869,2,2
870,17,17
871,2,2
872,2,2
873,25,25
874,25,25
875,14,14
876,18,18
877,11,11
878,22,22
879,5,5
880,2,2
881,16,16
882,2,2
883,7,7
884,20,20
885,2,2
886,15,15
887,22,22
888,20,20
889,21,21
890,23,23
891,13,13
892,19,19
893,3,3
894,5,5
895,6,6
896,2,2
897,17,17
898,7,7
899,8,8
900,11,11
901,16,16
902,4,4
903,10,10
904,21,21
905,3,3
906,16,16
907,11,11
908,8,8
909,25,25
910,25,25
911,6,6
912,24,24
913,3,3
914,4,4
915,24,24
916,24,24
917,17,17
918,6,6
919,16,16
920,4,4
921,24,24
922,24,24
923,20,20
924,11,11
925,25,25
926,5,5
927,9,9
928,5,5
929,15,15
930,2,2
931,3,3
932,16,16
933,13,13
934,9,9
935,7,7
936,5,5
937,0,0
938,21,21
939,21,21
940,7,7
941,8,8
942,25,25
943,9,9
944,19,19
945,21,21
946,2,2
947,9,9
948,7,7
949,1,1
950,17,17
951,25,25
952,25,25
953,16,16
954,16,16
955,13,13
956,5,5
957,8,8
958,3,3
959,1,1
960,1,1
961,2,2
962,5,5
963,7,7
964,5,5
965,25,25
966,6,6
967,2,2
968,24,24
969,7,7
970,20,20
971,20,20
972,9,9
973,7,7
974,18,18
975,7,7
976,24,24
977,21,21
978,2,2
979,4,4
980,9,9
981,8,8
982,4,4
983,4,4
984,0,0
985,20,20
986,13,13
987,20,20
988,1,1
989,7,7
990,21,21
991,19,19
992,4,4
993,18,18
994,7,7
995,20,20
996,4,4
997,25,25
998,9,9
999,7,7
1000,8,8
1001,8,8
1002,14,14
1003,8,8
1004,4,4
1005,2,2
1006,14,14
1007,12,12
1008,11,11
1009,21,21
1010,16,16
1011,15,15
1012,18,18
1013,0,0
1014,3,3
1015,25,25
1016,8,8
1017,10,10
1018,7,7
1019,4,4
1020,7,7
1021,20,20
1022,7,7
1023,19,19
1024,0,0
1025,14,14
1026,20,20
1027,19,19
1028,20,20
1029,15,15
1030,19,19
1031,0,0
1032,4,4
1033,3,3
1034,3,3
1035,6,6
1036,1,1
1037,2,2
1038,21,21
1039,20,20
1040,6,6
1041,19,19
1042,19,19
1043,13,13
1044,7,7
1045,23,23
1046,16,16
1047,22,22
1048,1,1
1049,5,5
1050,15,15
1051,10,10
1052,23,23
1053,15,15
1054,17,17
1055,22,22
1056,3,3
1057,6,6
1058,6,6
1059,1,1
1060,13,13
1061,18,18
1062,3,3
1063,16,16
1064,13,13
1065,22,22
1066,22,22
1067,11,11
1068,7,7
1069,15,15
1070,24,24
1071,2,2
1072,2,2
1073,23,23
1074,1,1
1075,5,5
1076,3,3
1077,19,19
1078,1,1
1079,4,4
1080,16,16
1081,15,15
1082,7,7
1083,24,24
1084,7,7
1085,1,1
1086,17,17
1087,1,1
1088,1,1
1089,4,4
1090,4,4
1091,13,13
1092,6,6
1093,3,3
1094,7,7
1095,1,1
1096,25,25
1097,5,5
1098,7,7
1099,16,16
1100,5,5
1101,6,6
1102,4,4
1103,25,25
1104,3,3
1105,15,15
1106,7,7
1107,12,12
1108,12,12
1109,25,25
1110,1,1
1111,2,2
1112,9,9
1113,5,5
1114,4,4
1115,5,5
1116,10,10
1117,15,15
1118,24,24
1119,9,9
1120,3,3
1121,9,9
1122,25,25
1123,12,12
1124,5,5
1125,13,13
1126,4,4
1127,4,4
1128,23,23
1129,2,2
1130,2,2
1131,25,25
1132,5,5
1133,21,21
1134,24,24
1135,11,11
1136,18,18
1137,25,25
1138,8,8
1139,19,19
1140,6,6
1141,17,17
1142,2,2
1143,12,12
1144,2,2
1145,2,2
1146,3,3
1147,23,23
1148,2,2
1149,2,2
1150,24,24
1151,16,16
1152,8,8
1153,23,23
1154,20,20
1155,22,22
1156,0,0
1157,12,12
1158,6,6
1159,4,4
1160,25,25
1161,0,0
1162,4,4
1163,16,16
1164,18,18
1165,2,2
1166,23,23
1167,11,11
1168,15,15
1169,8,8
1170,4,4
1171,24,24
1172,23,23
1173,7,7
1174,16,16
1175,13,13
1176,24,24
1177,6,6
1178,6,6
1179,3,3
1180,24,24
1181,9,9
1182,4,4
1183,7,7
1184,1,1
1185,22,22
1186,1,1
1187,21,21
1188,5,5
1189,16,16
1190,15,15
1191,11,11
1192,1,1
1193,7,7
1194,1,1
1195,24,24
1196,8,8
1197,15,15
1198,2,2
1199,1,1
1200,24,24
1201,1,1
1202,1,1
1203,3,3
1204,2,2
1205,16,16
1206,21,21
1207,2,2
1208,18,18
1209,25,25
1210,7,7
1211,4,4
1212,25,25
1213,4,4
1214,8,8
1215,4,4
1216,15,15
1217,2,2
1218,1,1
1219,8,8
1220,17,17
1221,15,15
1222,20,20
1223,17,17
1224,9,9
1225,3,3
1226,4,4
1227,19,19
1228,16,16
1229,13,13
1230,3,3
1231,4,4
1232,6,6
1233,12,12
1234,7,7
1235,4,4
1236,8,8
1237,6,6
1238,7,7
1239,2,2
1240,4,4
1241,9,9
1242,24,24
1243,1,1
1244,6,6
1245,7,7
1246,8,8
1247,0,0
1248,20,20
1249,5,5
1250,18,18
1251,2,2
1252,5,5
1253,20,20
1254,15,15
1255,15,15
1256,6,6
1257,10,10
1258,16,16
1259,24,24
1260,0,0
1261,24,24
1262,2,2
1263,24,24
1264,19,19
1265,18,18
1266,16,16
1267,1,1
1268,17,17
1269,18,18
1270,4,4
1271,17,17
1272,8,8
1273,16,16
1274,2,2
1275,3,3
1276,18,18
1277,16,16
1278,10,10
1279,12,12
1280,24,24
1281,3,3
1282,25,25
1283,15,15
1284,21,21
1285,21,21
1286,13,13
1287,2,2
1288,8,8
1289,15,15
1290,11,11
1291,23,23
1292,25,25
1293,23,23
1294,17,17
1295,3,3
1296,24,24
1297,25,25
1298,4,4
1299,19,19
1300,20,20
1301,4,4
1302,25,25
1303,15,15
1304,16,16
1305,5,5
1306,17,17
1307,6,6
1308,17,17
1309,21,21
1310,21,21
1311,22,22
1312,25,25
1313,17,17
1314,12,12
1315,7,7
1316,18,18
1317,7,7
1318,4,4
1319,2,2
1320,4,4
1321,4,4
1322,4,4
1323,25,25
1324,25,25
1325,9,9
1326,9,9
1327,23,23
1328,25,25
1329,19,19
1330,25,25
1331,15,15
1332,6,6
1333,21,21
1334,5,5
1335,2,2
1336,3,3
1337,13,13
1338,4,4
1339,2,2
1340,1,1
1341,8,8
1342,1,1
1343,16,16
1344,3,3
1345,24,24
1346,18,18
1347,4,4
1348,4,4
1349,19,19
1350,12,12
1351,10,10
1352,2,2
1353,7,7
1354,13,13
1355,10,10
1356,8,8
1357,16,16
1358,21,21
1359,6,6
1360,25,25
1361,21,21
1362,13,13
1363,9,9
1364,7,7
1365,25,25
1366,2,2
1367,13,13
1368,21,21
1369,5,5
1370,20,20
1371,16,16
1372,6,6
1373,9,9
1374,5,5
1375,9,9
1376,21,21
1377,22,22
1378,25,25
1379,24,24
1380,24,24
1381,25,25
1382,25,25
1383,6,6
1384,7,7
1385,5,5
1386,8,8
1387,19,19
1388,7,7
1389,4,4
1390,9,9
1391,21,21
1392,16,16
1393,9,9
1394,9,9
1395,13,13
1396,19,19
1397,6,6
1398,3,3
1399,10,10
1400,10,10
1401,21,21
1402,7,7
1403,25,25
1404,8,8
1405,5,5
1406,25,25
1407,8,8
1408,7,7
1409,5,5
1410,24,24
1411,17,17
1412,3,3
1413,4,4
1414,16,16
1415,14,14
1416,5,5
1417,23,23
1418,7,7
1419,20,20
1420,24,24
1421,22,22
1422,24,24
1423,11,11
1424,0,0
1425,10,10
1426,15,15
1427,12,12
1428,6,6
1429,24,24
1430,4,4
1431,8,8
1432,24,24
1433,5,5
1434,21,21
1435,19,19
1436,9,9
1437,1,1
1438,5,5
1439,18,18
1440,7,7
1441,2,2
1442,19,19
1443,5,5
1444,23,23
1445,0,0
1446,16,16
1447,20,20
1448,2,2
1449,24,24
1450,7,7
1451,4,4
1452,24,24
1453,24,24
1454,8,8
1455,5,5
1456,18,18
1457,2,2
1458,18,18
1459,5,5
1460,7,7
1461,5,5
1462,9,9
1463,21,21
1464,17,17
1465,17,17
1466,8,8
1467,8,8
1468,7,7
1469,11,11
1470,4,4
1471,24,24
1472,4,4
1473,21,21
1474,5,5
1475,19,19
1476,1,1
1477,23,23
1478,6,6
1479,0,0
1480,17,17
1481,9,9
1482,3,3
1483,5,5
1484,1,1
1485,24,24
1486,20,20
1487,21,21
1488,3,3
1489,1,1
1490,18,18
1491,15,15
1492,19,19
1493,7,7
1494,19,19
1495,25,25
1496,12,12
1497,24,24
1498,2,2
1499,2,2
1500,4,4
1501,18,18
1502,7,7
1503,2,2
1504,9,9
1505,7,7
1506,23,23
1507,2,2
1508,7,7
1509,9,9
1510,7,7
1511,10,10
1512,7,7
1513,20,20
1514,2,2
1515,25,25
1516,13,13
1517,7,7
1518,24,24
1519,6,6
1520,5,5
1521,25,25
1522,9,9
1523,24,24
1524,18,18
1525,4,4
1526,23,23
1527,1,1
1528,7,7
1529,5,5
1530,22,22
1531,24,24
1532,9,9
1533,13,13
1534,7,7
1535,11,11
1536,24,24
1537,9,9
1538,20,20
1539,6,6
1540,1,1
1541,16,16
1542,5,5
1543,20,20
1544,6,6
1545,4,4
1546,3,3
1547,0,0
1548,5,5
1549,13,13
1550,1,1
1551,16,16
1552,15,15
1553,20,20
1554,12,12
1555,4,4
1556,7,7
1557,24,24
1558,15,15
1559,7,7
1560,19,19
1561,9,9
1562,24,24
1563,24,24
1564,5,5
1565,22,22
1566,0,0
1567,5,5
1568,18,18
1569,8,8
1570,4,4
1571,4,4
1572,21,21
1573,7,7
1574,25,25
1575,7,7
1576,6,6
1577,12,12
1578,24,24
1579,12,12
1580,4,4
1581,7,7
1582,13,13
1583,16,16
1584,3,3
1585,3,3
1586,16,16
1587,21,21
1588,7,7
1589,1,1
1590,13,13
1591,7,7
1592,4,4
1593,19,19
1594,25,25
1595,24,24
1596,6,6
1597,24,24
1598,3,3
1599,2,2
1600,6,6
1601,13,13
1602,18,18
1603,19,19
1604,7,7
1605,7,7
1606,12,12
1607,13,13
1608,7,7
1609,21,21
1610,10,10
1611,5,5
1612,6,6
1613,5,5
1614,21,21
1615,18,18
1616,13,13
1617,0,0
1618,6,6
1619,17,17
1620,21,21
1621,16,16
1622,19,19
1623,8,8
1624,17,17
1625,24,24
1626,3,3
1627,9,9
1628,7,7
1629,21,21
1630,6,6
1631,16,16
1632,24,24
1633,1,1
1634,15,15
1635,0,0
1636,5,5
1637,0,0
1638,21,21
1639,21,21
1640,14,14
1641,25,25
1642,25,25
1643,5,5
1644,7,7
1645,25,25
1646,9,9
1647,17,17
1648,1,1
1649,20,20
1650,5,5
1651,23,23
1652,7,7
1653,25,25
1654,18,18
1655,25,25
1656,0,0
1657,10,10
1658,1,1
1659,10,10
1660,7,7
1661,2,2
1662,10,10
1663,7,7
1664,13,13
1665,7,7
1666,23,23
1667,20,20
1668,6,6
1669,6,6
1670,17,17
1671,18,18
1672,13,13
1673,3,3
1674,5,5
1675,4,4
1676,24,24
1677,2,2
1678,2,2
1679,18,18
1680,0,0
1681,8,8
1682,8,8
1683,0,0
1684,4,4
1685,5,5
1686,9,9
1687,23,23
1688,17,17
1689,7,7
1690,21,21
1691,15,15
1692,19,19
1693,6,6
1694,16,16
1695,6,6
1696,13,13
1697,3,3
1698,23,23
1699,2,2
1700,19,19
1701,19,19
1702,25,25
1703,23,23
1704,1,1
1705,4,4
1706,5,5
1707,12,12
1708,15,15
1709,24,24
1710,12,12
1711,25,25
1712,25,25
1713,3,3
1714,2,2
1715,19,19
1716,3,3
1717,18,18
1718,25,25
1719,6,6
1720,4,4
1721,1,1
1722,21,21
1723,18,18
1724,9,9
1725,15,15
1726,5,5
1727,21,21
1728,4,4
1729,4,4
1730,7,7
1731,3,3
1732,21,21
1733,18,18
1734,12,12
1735,24,24
1736,13,13
1737,18,18
1738,1,1
1739,7,7
1740,1,1
1741,9,9
1742,5,5
1743,18,18
1744,6,6
1745,14,14
1746,3,3
1747,24,24
1748,5,5
1749,7,7
1750,8,8
1751,21,21
1752,11,11
1753,4,4
1754,4,4
1755,1,1
1756,9,9
1757,25,25
1758,0,0
1759,21,21
1760,23,23
1761,17,17
1762,1,1
1763,23,23
1764,14,14
1765,9,9
1766,24,24
1767,5,5
1768,3,3
1769,8,8
1770,6,6
1771,0,0
1772,24,24
1773,3,3
1774,2,2
1775,21,21
1776,5,5
1777,21,21
1778,8,8
1779,19,19
1780,0,0
1781,10,10
1782,4,4
1783,10,10
1784,2,2
1785,3,3
1786,7,7
1787,15,15
1788,17,17
1789,3,3
1790,2,2
1791,16,16
1792,16,16
1793,5,5
1794,6,6
1795,5,5
1796,24,24
1797,25,25
1798,1,1
1799,2,2
1800,8,8
1801,12,12
1802,13,13
1803,25,25
1804,21,21
1805,2,2
1806,21,21
1807,17,17
1808,25,25
1809,1,1
1810,9,9
1811,5,5
1812,1,1
1813,8,8
1814,1,1
1815,8,8
1816,0,0
1817,16,16
1818,16,16
1819,13,13
1820,23,23
1821,1,1
1822,18,18
1823,4,4
1824,19,19
1825,6,6
1826,2,2
1827,18,18
1828,16,16
1829,11,11
1830,25,25
1831,18,18
1832,9,9
1833,6,6
1834,9,9
1835,6,6
1836,7,7
1837,7,7
1838,12,12
1839,13,13
1840,4,4
1841,4,4
1842,24,24
1843,8,8
1844,24,24
1845,12,12
1846,9,9
1847,20,20
1848,25,25
1849,6,6
1850,16,16
1851,3,3
1852,18,18
1853,5,5
1854,15,15
1855,13,13
1856,19,19
1857,16,16
1858,9,9
1859,17,17
1860,5,5
1861,12,12
1862,16,16
1863,17,17
1864,24,24
1865,19,19
1866,2,2
1867,7,7
1868,15,15
1869,15,15
1870,2,2
1871,0,0
1872,25,25
1873,24,24
1874,25,25
1875,5,5
1876,6,6
1877,4,4
1878,25,25
1879,6,6
1880,17,17
1881,15,15
1882,17,17
1883,3,3
1884,7,7
1885,23,23
1886,7,7
1887,21,21
1888,25,25
1889,8,8
1890,25,25
1891,2,2
1892,25,25
1893,7,7
1894,3,3
1895,15,15
1896,5,5
1897,2,2
1898,23,23
1899,24,24
1900,6,6
1901,19,19
1902,0,0
1903,7,7
1904,9,9
1905,1,1
1906,22,22
1907,13,13
1908,25,25
1909,7,7
1910,8,8
1911,20,20
1912,15,15
1913,21,21
1914,23,23
1915,13,13
1916,16,16
1917,18,18
1918,25,25
1919,25,25
1920,16,16
1921,16,16
1922,7,7
1923,2,2
1924,20,20
1925,21,21
1926,15,15
1927,18,18
1928,7,7
1929,2,2
1930,24,24
1931,4,4
1932,4,4
1933,3,3
1934,16,16
1935,0,0
1936,2,2
1937,7,7
1938,6,6
1939,18,18
1940,3,3
1941,18,18
1942,8,8
1943,13,13
1944,24,24
1945,1,1
1946,9,9
1947,6,6
1948,4,4
1949,7,7
1950,19,19
1951,15,15
1952,17,17
1953,19,19
1954,2,2
1955,5,5
1956,21,21
1957,10,10
1958,16,16
1959,16,16
1960,19,19
1961,5,5
1962,0,0
1963,19,19
1964,2,2
1965,13,13
1966,7,7
1967,9,9
1968,20,20
1969,16,16
1970,18,18
1971,20,20
1972,21,21
1973,2,2
1974,16,16
1975,24,24
1976,17,17
1977,1,1
1978,6,6
1979,1,1
1980,20,20
1981,8,8
1982,12,12
1983,2,2
1984,9,9
1985,16,16
1986,4,4
1987,10,10
1988,25,25
1989,24,24
1990,15,15
1991,4,4
1992,4,4
1993,4,4
1994,19,19
1995,7,7
1996,7,7
1997,0,0
1998,23,23
1999,22,22
2000,4,4
2001,20,20
2002,6,6
2003,1,1
2004,4,4
2005,6,6
2006,7,7
2007,25,25
2008,7,7
2009,17,17
2010,15,15
2011,9,9
2012,2,2
2013,21,21
2014,7,7
2015,10,10
2016,21,21
2017,24,24
2018,25,25
2019,1,1
2020,0,0
2021,3,3
2022,9,9
2023,25,25
2024,25,25
2025,24,24
2026,19,19
2027,23,23
2028,25,25
2029,8,8
2030,7,7
2031,11,11
2032,3,3
2033,22,22
2034,4,4
2035,9,9
2036,25,25
2037,13,13
2038,3,3
2039,18,18
2040,25,25
2041,16,16
2042,25,25
2043,24,24
2044,21,21
2045,8,8
2046,4,4
2047,17,17
2048,16,16
2049,0,0
2050,14,14
2051,4,4
2052,9,9
2053,21,21
2054,16,16
2055,7,7
2056,22,22
2057,24,24
2058,24,24
2059,25,25
2060,20,20
2061,13,13
2062,16,16
2063,13,13
2064,16,16
2065,4,4
2066,9,9
2067,16,16
2068,24,24
2069,0,0
2070,4,4
2071,16,16
2072,9,9
2073,9,9
2074,2,2
2075,9,9
2076,13,13
2077,24,24
2078,3,3
2079,11,11
2080,25,25
2081,1,1
2082,6,6
2083,3,3
2084,16,16
2085,2,2
2086,7,7
2087,7,7
2088,16,16
2089,18,18
2090,4,4
2091,0,0
2092,13,13
2093,8,8
2094,5,5
2095,1,1
2096,9,9
2097,24,24
2098,1,1
2099,0,0
2100,1,1
2101,25,25
2102,20,20
2103,4,4
2104,1,1
2105,8,8
2106,25,25
2107,2,2
2108,21,21
2109,6,6
2110,7,7
2111,9,9
2112,4,4
2113,6,6
2114,25,25
2115,0,0
2116,9,9
2117,20,20
2118,6,6
2119,20,20
2120,4,4
2121,18,18
2122,19,19
2123,0,0
2124,24,24
2125,0,0
2126,3,3
2127,5,5
2128,7,7
2129,6,6
2130,1,1
2131,1,1
2132,4,4
2133,1,1
2134,16,16
2135,16,16
2136,21,21
2137,19,19
2138,24,24
2139,22,22
2140,20,20
2141,18,18
2142,24,24
2143,14,14
2144,20,20
2145,25,25
2146,14,14
2147,16,16
2148,20,20
2149,10,10
2150,2,2
2151,25,25
2152,2,2
2153,10,10
2154,21,21
2155,24,24
2156,23,23
2157,18,18
2158,25,25
2159,23,23
2160,17,17
2161,22,22
2162,1,1
2163,8,8
2164,13,13
2165,2,2
2166,25,25
2167,2,2
2168,4,4
2169,16,16
2170,20,20
2171,21,21
2172,7,7
2173,25,25
2174,17,17
2175,16,16
2176,20,20
2177,21,21
2178,10,10
2179,20,20
2180,16,16
2181,14,14
2182,24,24
2183,3,3
2184,9,9
2185,1,1
2186,12,12
2187,7,7
2188,8,8
2189,5,5
2190,8,8
2191,1,1
2192,1,1
2193,25,25
2194,5,5
2195,2,2
2196,25,25
2197,0,0
2198,25,25
2199,9,9
2200,3,3
2201,6,6
2202,16,16
2203,9,9
2204,16,16
2205,16,16
2206,25,25
2207,10,10
2208,8,8
2209,20,20
2210,25,25
2211,19,19
2212,15,15
2213,4,4
2214,9,9
2215,2,2
2216,2,2
2217,13,13
2218,16,16
2219,8,8
2220,10,10
2221,16,16
2222,7,7
2223,19,19
2224,12,12
2225,21,21
2226,2,2
2227,16,16
2228,18,18
2229,3,3
2230,2,2
2231,19,19
2232,3,3
2233,24,24
2234,25,25
2235,18,18
2236,5,5
2237,19,19
2238,1,1
2239,14,14
2240,24,24
2241,20,20
2242,4,4
2243,9,9
2244,2,2
2245,6,6
2246,24,24
2247,4,4
2248,23,23
2249,19,19
2250,19,19
2251,4,4
2252,24,24
2253,5,5
2254,5,5
2255,6,6
2256,21,21
2257,25,25
2258,1,1
2259,18,18
2260,5,5
2261,24,24
2262,7,7
2263,5,5
2264,19,19
2265,24,24
2266,18,18
2267,7,7
2268,2,2
2269,17,17
2270,24,24
2271,9,9
2272,1,1
2273,6,6
2274,5,5
2275,1,1
2276,24,24
2277,2,2
2278,10,10
2279,7,7
2280,21,21
2281,9,9
2282,8,8
2283,3,3
2284,15,15
2285,5,5
2286,1,1
2287,23,23
2288,5,5
2289,3,3
2290,16,16
2291,24,24
2292,9,9
2293,25,25
2294,25,25
2295,18,18
2296,2,2
2297,18,18
2298,2,2
2299,15,15
2300,19,19
2301,3,3
2302,1,1
2303,13,13
2304,0,0
2305,20,20
2306,1,1
2307,19,19
2308,4,4
2309,12,12
2310,4,4
2311,24,24
2312,2,2
2313,16,16
2314,16,16
2315,0,0
2316,22,22
2317,20,20
2318,16,16
2319,7,7
2320,13,13
2321,25,25
2322,2,2
2323,16,16
2324,1,1
2325,13,13
2326,24,24
2327,4,4
2328,16,16
2329,13,13
2330,14,14
2331,1,1
2332,25,25
2333,2,2
2334,6,6
2335,5,5
2336,25,25
2337,24,24
2338,16,16
2339,14,14
2340,21,21
2341,15,15
2342,24,24
2343,7,7
2344,0,0
2345,12,12
2346,4,4
2347,15,15
2348,4,4
2349,5,5
2350,24,24
2351,18,18
2352,5,5
2353,4,4
2354,7,7
2355,17,17
2356,13,13
2357,20,20
2358,5,5
2359,4,4
2360,7,7
2361,18,18
2362,19,19
2363,22,22
2364,8,8
2365,4,4
2366,22,22
2367,4,4
2368,12,12
2369,17,17
2370,12,12
2371,23,23
2372,19,19
2373,24,24
2374,18,18
2375,21,21
2376,0,0
2377,9,9
2378,4,4
2379,5,5
2380,15,15
2381,4,4
2382,14,14
2383,11,11
2384,7,7
2385,18,18
2386,25,25
2387,3,3
2388,0,0
2389,5,5
2390,2,2
2391,3,3
2392,1,1
2393,25,25
2394,10,10
2395,5,5
2396,9,9
2397,23,23
2398,8,8
2399,18,18
2400,24,24
2401,7,7
2402,2,2
2403,14,14
2404,19,19
2405,18,18
2406,7,7
2407,19,19
2408,2,2
2409,1,1
2410,14,14
2411,4,4
2412,2,2
2413,21,21
2414,14,14
2415,6,6
2416,2,2
2417,7,7
2418,9,9
2419,1,1
2420,12,12
2421,6,6
2422,1,1
2423,7,7
2424,3,3
2425,7,7
2426,2,2
2427,1,1
2428,5,5
2429,13,13
2430,0,0
2431,10,10
2432,18,18
2433,25,25
2434,20,20
2435,1,1
2436,1,1
2437,2,2
2438,6,6
2439,18,18
2440,20,20
2441,16,16
2442,4,4
2443,3,3
2444,8,8
2445,23,23
2446,2,2
2447,5,5
2448,25,25
2449,19,19
2450,10,10
2451,1,1
2452,18,18
2453,9,9
2454,5,5
2455,19,19
2456,21,21
2457,25,25
2458,25,25
2459,7,7
2460,21,21
2461,6,6
2462,25,25
2463,13,13
2464,25,25
2465,9,9
2466,24,24
2467,5,5
2468,8,8
2469,19,19
2470,3,3
2471,25,25
2472,7,7
2473,8,8
2474,4,4
2475,25,25
2476,23,23
2477,2,2
2478,2,2
2479,16,16
2480,13,13
2481,3,3
2482,3,3
2483,6,6
2484,7,7
2485,11,11
2486,1,1
2487,3,3
2488,7,7
2489,10,10
2490,19,19
2491,7,7
2492,1,1
2493,8,8
2494,19,19
2495,18,18
2496,4,4
2497,9,9
2498,24,24
2499,16,16
2500,19,19
2501,1,1
2502,6,6
2503,15,15
2504,11,11
2505,2,2
2506,7,7
2507,24,24
2508,2,2
2509,21,21
2510,1,1
2511,19,19
2512,18,18
2513,16,16
2514,8,8
2515,1,1
2516,7,7
2517,7,7
2518,6,6
2519,7,7
2520,18,18
2521,3,3
2522,24,24
2523,1,1
2524,5,5
2525,16,16
2526,25,25
2527,5,5
2528,24,24
2529,24,24
2530,18,18
2531,3,3
2532,4,4
2533,21,21
2534,17,17
2535,8,8
2536,2,2
2537,5,5
2538,6,6
2539,7,7
2540,0,0
2541,21,21
2542,25,25
2543,2,2
2544,19,19
2545,19,19
2546,5,5
2547,12,12
2548,3,3
2549,8,8
2550,15,15
2551,18,18
2552,16,16
2553,25,25
2554,3,3
2555,25,25
2556,16,16
2557,18,18
2558,4,4
2559,5,5
2560,11,11
2561,3,3
2562,19,19
2563,7,7
2564,21,21
2565,24,24
2566,14,14
2567,9,9
2568,9,9
2569,2,2
2570,21,21
2571,16,16
2572,1,1
2573,2,2
2574,6,6
2575,9,9
2576,19,19
2577,8,8
2578,2,2
2579,10,10
2580,3,3
2581,16,16
2582,7,7
2583,16,16
2584,20,20
2585,13,13
2586,23,23
2587,24,24
2588,17,17
2589,4,4
2590,3,3
2591,15,15
2592,25,25
2593,25,25
2594,3,3
2595,10,10
2596,16,16
2597,1,1
2598,16,16
2599,0,0
2600,12,12
2601,19,19
2602,20,20
2603,23,23
2604,2,2
2605,5,5
2606,10,10
2607,21,21
2608,2,2
2609,3,3
2610,5,5
2611,11,11
2612,17,17
2613,15,15
2614,5,5
2615,25,25
2616,5,5
2617,6,6
2618,6,6
2619,4,4
2620,1,1
2621,22,22
2622,0,0
2623,17,17
2624,0,0
2625,19,19
2626,4,4
2627,8,8
2628,8,8
2629,4,4
2630,6,6
2631,3,3
2632,17,17
2633,3,3
2634,3,3
2635,7,7
2636,7,7
2637,21,21
2638,19,19
2639,1,1
2640,12,12
2641,24,24
2642,13,13
2643,1,1
2644,1,1
2645,18,18
2646,25,25
2647,20,20
2648,11,11
2649,1,1
2650,7,7
2651,17,17
2652,2,2
2653,5,5
2654,7,7
2655,16,16
2656,4,4
2657,13,13
2658,16,16
2659,19,19
2660,16,16
2661,6,6
2662,24,24
2663,3,3
2664,18,18
2665,1,1
2666,16,16
2667,14,14
2668,9,9
2669,0,0
2670,10,10
2671,10,10
2672,25,25
2673,0,0
2674,14,14
2675,16,16
2676,6,6
2677,5,5
2678,3,3
2679,10,10
2680,25,25
2681,5,5
2682,4,4
2683,18,18
2684,16,16
2685,9,9
2686,9,9
2687,21,21
2688,6,6
2689,16,16
2690,25,25
2691,15,15
2692,9,9
2693,2,2
2694,5,5
2695,23,23
2696,10,10
2697,18,18
2698,19,19
2699,3,3
2700,2,2
2701,6,6
2702,3,3
2703,4,4
2704,3,3
2705,24,24
2706,16,16
2707,10,10
2708,20,20
2709,1,1
2710,24,24
2711,16,16
2712,25,25
2713,17,17
2714,2,2
2715,15,15
2716,21,21
2717,13,13
2718,24,24
2719,17,17
2720,12,12
2721,24,24
2722,4,4
2723,2,2
2724,11,11
2725,1,1
2726,21,21
2727,11,11
2728,20,20
2729,7,7
2730,20,20
2731,25,25
2732,25,25
2733,5,5
2734,24,24
2735,2,2
2736,21,21
2737,6,6
2738,2,2
2739,8,23
2740,13,13
2741,19,19
2742,5,5
2743,19,19
2744,6,6
2745,15,15
2746,2,2
2747,5,5
2748,7,7
2749,9,9
2750,0,0
2751,7,7
2752,21,21
2753,15,15
2754,7,7
2755,2,2
2756,3,3
2757,2,2
2758,0,0
2759,8,8
2760,20,20
2761,20,20
2762,2,2
2763,22,22
2764,11,11
2765,6,6
2766,17,17
2767,8,8
2768,10,10
2769,13,13
2770,25,25
2771,25,25
2772,20,20
2773,7,7
2774,5,5
2775,7,7
2776,13,13
2777,24,24
2778,17,17
2779,24,24
2780,23,23
2781,7,7
2782,7,7
2783,9,9
2784,13,13
2785,0,0
2786,24,24
2787,4,4
2788,4,4
2789,13,13
2790,9,9
2791,12,12
2792,2,2
2793,6,6
2794,7,7
2795,5,5
2796,24,24
2797,8,8
2798,13,13
2799,25,25
2800,19,19
2801,2,2
2802,23,23
2803,1,1
2804,6,6
2805,0,0
2806,4,4
2807,4,4
2808,15,15
2809,9,9
2810,23,23
2811,10,10
2812,6,6
2813,4,4
2814,19,19
2815,13,13
2816,2,2
2817,12,12
2818,20,20
2819,12,12
2820,16,16
2821,7,7
2822,15,15
2823,9,9
2824,9,9
2825,3,3
2826,4,4
2827,8,8
2828,16,16
2829,3,3
2830,10,10
2831,17,17
2832,4,4
2833,15,15
2834,1,1
2835,24,24
2836,2,2
2837,24,24
2838,1,1
2839,5,5
2840,9,9
2841,0,0
2842,4,4
2843,1,1
2844,1,1
2845,21,21
2846,10,10
2847,15,15
2848,0,0
2849,21,21
2850,18,18
2851,10,10
2852,3,3
2853,13,13
2854,2,2
2855,7,7
2856,2,2
2857,0,0
2858,4,4
2859,1,1
2860,4,4
2861,2,2
2862,5,5
2863,17,17
2864,17,17
2865,3,3
2866,9,9
2867,21,21
2868,23,23
2869,5,5
2870,5,5
2871,21,21
2872,20,20
2873,4,4
2874,9,9
2875,7,7
2876,0,0
2877,5,5
2878,1,1
2879,3,3
2880,18,18
2881,9,9
2882,20,20
2883,3,3
2884,17,17
2885,23,23
2886,16,16
2887,7,7
2888,9,9
2889,2,2
2890,21,21
2891,21,21
2892,25,25
2893,21,21
2894,25,25
2895,25,25
2896,4,4
2897,16,16
2898,25,25
2899,2,2
2900,15,15
2901,4,4
2902,2,2
2903,17,17
2904,17,17
2905,15,15
2906,2,2
2907,2,2
2908,24,24
2909,18,18
2910,0,0
2911,1,1
2912,21,21
2913,7,7
2914,5,5
2915,2,2
2916,25,25
2917,1,1
2918,24,24
2919,20,20
2920,19,19
2921,12,12
2922,2,2
2923,4,4
2924,24,24
2925,3,3
2926,7,7
2927,3,3
2928,2,2
2929,10,10
2930,8,8
2931,22,22
2932,10,10
2933,11,11
2934,6,6
2935,2,2
2936,24,24
2937,19,19
2938,9,9
2939,2,2
2940,21,21
2941,20,20
2942,13,13
2943,25,25
2944,2,2
2945,20,20
2946,1,1
2947,4,4
2948,6,6
2949,7,7
2950,24,24
2951,14,14
2952,14,14
2953,7,7
2954,4,4
2955,20,20
2956,13,13
2957,1,1
2958,25,25
2959,11,11
2960,4,4
2961,2,2
2962,16,16
2963,20,20
2964,17,17
2965,17,17
2966,21,21
2967,20,20
2968,5,5
2969,2,2
2970,4,4
2971,6,6
2972,15,15
2973,25,25
2974,7,7
2975,1,1
2976,2,2
2977,18,18
2978,4,4
2979,21,21
2980,16,16
2981,4,4
2982,8,8
2983,24,24
2984,7,7
2985,3,3
2986,4,4
2987,17,17
2988,7,7
2989,5,5
2990,5,5
2991,4,4
2992,7,7
2993,2,2
2994,9,9
2995,19,19
2996,11,11
2997,16,16
2998,25,25
2999,20,20
3000,11,11
3001,19,19
3002,9,9
3003,8,8
3004,24,24
3005,23,23
3006,7,7
3007,25,25
3008,2,2
3009,5,5
3010,7,7
3011,0,0
3012,23,23
3013,8,8
3014,7,7
3015,5,5
3016,15,15
3017,1,1
3018,5,5
3019,17,17
3020,9,9
3021,4,4
3022,23,23
3023,24,24
3024,19,19
3025,19,19
3026,25,25
3027,18,18
3028,1,1
3029,1,1
3030,18,18
3031,20,20
3032,2,2
3033,24,24
3034,16,16
3035,23,23
3036,7,7
3037,7,7
3038,2,2
3039,24,24
3040,16,16
3041,10,10
3042,16,16
3043,5,5
3044,14,14
3045,19,19
3046,2,2
3047,12,12
3048,7,7
3049,2,2
3050,7,7
3051,7,7
3052,2,2
3053,3,3
3054,20,20
3055,16,16
3056,7,7
3057,19,19
3058,19,19
3059,25,25
3060,15,15
3061,23,23
3062,7,7
3063,2,2
3064,1,1
3065,14,14
3066,10,10
3067,15,15
3068,4,4
3069,6,6
3070,6,6
3071,18,18
3072,19,19
3073,6,6
3074,18,18
3075,6,6
3076,9,9
3077,16,16
3078,18,18
3079,4,4
3080,23,23
3081,7,7
3082,23,23
3083,17,17
3084,2,2
3085,1,1
3086,7,7
3087,17,17
3088,8,8
3089,3,3
3090,25,25
3091,5,5
3092,4,4
3093,25,25
3094,19,19
3095,15,15
3096,5,5
3097,23,23
3098,4,4
3099,7,7
3100,2,2
3101,23,23
3102,8,8
3103,0,0
3104,24,24
3105,9,9
3106,20,20
3107,17,17
3108,7,7
3109,0,0
3110,25,25
3111,4,4
3112,21,21
3113,8,8
3114,20,20
3115,20,20
3116,10,10
3117,6,6
3118,13,13
3119,8,8
3120,16,16
3121,5,5
3122,5,5
3123,4,4
3124,0,0
3125,2,2
3126,6,6
3127,25,25
3128,18,18
3129,5,5
3130,9,9
3131,4,4
3132,8,8
3133,22,22
3134,18,18
3135,15,15
3136,22,22
3137,8,8
3138,19,19
3139,6,6
3140,15,15
3141,10,10
3142,4,4
3143,3,3
3144,18,18
3145,6,6
3146,6,6
3147,2,2
3148,18,18
3149,16,16
3150,13,13
3151,8,8
3152,2,2
3153,4,4
3154,24,24
3155,4,4
3156,9,9
3157,25,25
3158,2,2
3159,18,18
3160,5,5
3161,10,10
3162,2,2
3163,21,21
3164,25,25
3165,16,16
3166,14,14
3167,20,20
3168,25,25
3169,8,8
3170,4,4
3171,4,4
3172,17,17
3173,16,16
3174,24,24
3175,0,0
3176,24,24
3177,21,21
3178,25,25
3179,16,16
3180,6,6
3181,1,1
3182,5,5
3183,10,10
3184,18,18
3185,9,9
3186,2,2
3187,3,3
3188,12,12
3189,13,13
3190,24,24
3191,7,7
3192,21,21
3193,24,24
3194,8,8
3195,20,20
3196,9,9
3197,18,18
3198,4,4
3199,2,2
3200,8,8
3201,24,24
3202,21,21
3203,0,0
3204,25,25
3205,13,13
3206,2,2
3207,3,3
3208,13,13
3209,1,1
3210,3,3
3211,20,20
3212,24,24
3213,20,20
3214,25,25
3215,13,13
3216,20,20
3217,9,9
3218,20,20
3219,8,8
3220,4,4
3221,2,2
3222,8,8
3223,2,2
3224,19,19
3225,2,2
3226,13,13
3227,5,5
3228,16,16
3229,1,1
3230,6,6
3231,15,15
3232,5,5
3233,25,25
3234,10,10
3235,8,8
3236,20,20
3237,20,20
3238,4,4
3239,1,1
3240,16,16
3241,24,24
3242,16,16
3243,8,8
3244,13,13
3245,7,7
3246,25,25
3247,15,15
3248,9,9
3249,4,4
3250,5,5
3251,24,24
3252,11,11
3253,23,23
3254,4,4
3255,8,8
3256,7,7
3257,1,1
3258,18,18
3259,4,4
3260,3,3
3261,5,5
3262,5,5
3263,15,15
3264,21,21
3265,15,15
3266,9,9
3267,13,13
3268,2,2
3269,5,5
3270,15,15
3271,4,4
3272,6,6
3273,13,13
3274,0,0
3275,0,0
3276,18,18
3277,7,7
3278,10,10
3279,20,20
3280,8,8
3281,21,21
3282,25,25
3283,9,9
3284,3,3
3285,21,21
3286,7,7
3287,20,20
3288,23,23
3289,8,8
3290,14,14
3291,10,10
3292,13,13
3293,1,1
3294,3,3
3295,9,9
3296,24,24
3297,7,7
3298,4,4
3299,20,20
3300,21,21
3301,18,18
3302,24,24
3303,1,1
3304,7,7
3305,25,25
3306,21,21
3307,2,2
3308,1,1
3309,5,5
3310,10,10
3311,7,7
3312,24,24
3313,4,4
3314,4,4
3315,25,25
3316,1,1
3317,1,1
3318,13,13
3319,6,6
3320,20,20
3321,3,3
3322,17,17
3323,3,3
3324,3,3
3325,0,0
3326,7,7
3327,25,25
3328,24,24
3329,2,2
3330,2,2
3331,22,22
3332,24,24
3333,20,20
3334,15,15
3335,17,17
3336,5,5
3337,7,7
3338,1,1
3339,13,13
3340,6,6
3341,0,0
3342,0,0
3343,23,23
3344,1,1
3345,0,0
3346,1,1
3347,2,2
3348,13,13
3349,6,6
3350,2,2
3351,7,7
3352,0,0
3353,0,0
3354,2,2
3355,0,0
3356,12,12
3357,1,1
3358,25,25
3359,16,16
3360,19,19
3361,0,0
3362,15,15
3363,7,7
3364,25,25
3365,16,16
3366,6,6
3367,4,4
3368,4,4
3369,16,16
3370,4,4
3371,8,8
3372,7,7
3373,1,1
3374,21,21
3375,21,21
3376,7,7
3377,17,17
3378,24,24
3379,16,16
3380,21,21
3381,11,11
3382,10,10
3383,4,4
3384,25,25
3385,8,8
3386,12,12
3387,2,2
3388,1,1
3389,2,2
3390,25,25
3391,5,5
3392,11,11
3393,6,6
3394,5,5
3395,2,2
3396,5,5
3397,0,0
3398,4,4
3399,1,1
3400,16,16
3401,17,17
3402,23,23
3403,2,2
3404,3,3
3405,24,24
3406,3,3
3407,21,21
3408,21,21
3409,5,5
3410,9,9
3411,24,24
3412,25,25
3413,0,0
3414,4,4
3415,7,7
3416,4,4
3417,6,6
3418,25,25
3419,4,4
3420,18,18
3421,24,24
3422,15,15
3423,10,10
3424,10,10
3425,21,21
3426,15,15
3427,21,21
3428,23,23
3429,19,19
3430,4,4
3431,3,3
3432,1,1
3433,25,25
3434,10,10
3435,2,2
3436,7,7
3437,11,11
3438,21,21
3439,1,1
3440,23,23
3441,9,9
3442,25,25
3443,21,21
3444,11,11
3445,3,3
3446,2,2
3447,5,5
3448,5,5
3449,4,4
3450,21,21
3451,20,20
3452,25,25
3453,13,13
3454,2,2
3455,23,23
3456,22,22
3457,16,16
3458,5,5
3459,1,1
3460,13,13
3461,23,23
3462,1,1
3463,25,25
3464,25,25
3465,6,6
3466,24,24
3467,19,19
3468,1,1
3469,21,21
3470,2,2
3471,1,1
3472,7,7
3473,23,23
3474,6,6
3475,13,13
3476,10,10
3477,2,2
3478,19,19
3479,0,0
3480,2,2
3481,0,0
3482,3,3
3483,24,24
3484,15,15
3485,2,2
3486,7,7
3487,2,2
3488,5,5
3489,12,12
3490,1,1
3491,3,3
3492,4,4
3493,1,1
3494,16,16
3495,17,17
3496,2,2
3497,24,24
3498,9,9
3499,25,25
3500,9,9
3501,20,20
3502,11,11
3503,2,2
3504,6,6
3505,9,9
3506,24,24
3507,5,5
3508,13,13
3509,19,19
3510,0,0
3511,5,5
3512,3,3
3513,16,16
3514,5,5
3515,1,1
3516,24,24
3517,2,2
3518,15,15
3519,5,5
3520,25,25
3521,2,2
3522,9,9
3523,2,2
3524,13,13
3525,24,24
3526,17,17
3527,2,2
3528,5,5
3529,18,18
3530,15,15
3531,5,5
3532,3,3
3533,16,16
3534,5,5
3535,25,25
3536,17,17
3537,5,5
3538,15,15
3539,15,15
3540,23,23
3541,10,10
3542,0,0
3543,4,4
3544,20,20
3545,25,25
3546,24,24
3547,18,18
3548,4,4
3549,2,2
3550,2,2
3551,11,11
3552,16,16
3553,1,1
3554,16,16
3555,6,6
3556,19,19
3557,14,14
3558,5,5
3559,7,7
3560,23,23
3561,8,8
3562,6,6
3563,21,21
3564,10,10
3565,5,5
3566,7,7
3567,25,25
3568,21,21
3569,14,14
3570,21,21
3571,3,3
3572,0,0
3573,11,11
3574,20,20
3575,25,25
3576,21,21
3577,4,4
3578,16,16
3579,25,25
3580,18,18
3581,16,16
3582,9,9
3583,5,5
3584,24,24
3585,6,6
3586,10,10
3587,16,16
3588,2,2
3589,2,2
3590,4,4
3591,25,25
3592,17,17
3593,1,1
3594,5,5
3595,22,22
3596,16,16
3597,5,5
3598,4,4
3599,4,4
3600,20,20
3601,6,6
3602,8,8
3603,25,25
3604,3,3
3605,9,9
3606,9,9
3607,6,6
3608,6,6
3609,8,8
3610,7,7
3611,7,7
3612,12,12
3613,4,4
3614,20,20
3615,17,17
3616,6,6
3617,24,24
3618,18,18
3619,25,25
3620,4,4
3621,13,13
3622,2,2
3623,0,0
3624,25,25
3625,25,25
3626,20,20
3627,7,7
3628,21,21
3629,2,2
3630,24,24
3631,23,23
3632,8,8
3633,9,9
3634,23,23
3635,23,23
3636,3,3
3637,14,14
3638,2,2
3639,5,5
3640,23,23
3641,8,8
3642,2,2
3643,9,9
3644,12,12
3645,13,13
3646,4,4
3647,3,3
3648,5,5
3649,2,2
3650,12,12
3651,16,16
3652,18,18
3653,25,25
3654,23,23
3655,25,25
3656,25,25
3657,25,25
3658,9,9
3659,2,2
3660,8,8
3661,19,19
3662,17,17
3663,12,12
3664,18,18
3665,16,16
3666,17,17
3667,20,20
3668,5,5
3669,7,7
3670,7,7
3671,25,25
3672,24,24
3673,15,15
3674,20,20
3675,6,6
3676,7,7
3677,20,20
3678,2,2
3679,8,8
3680,17,17
3681,6,6
3682,7,7
3683,4,4
3684,24,24
3685,11,11
3686,2,2
3687,17,17
3688,13,13
3689,1,1
3690,7,7
3691,11,11
3692,20,20
3693,5,5
3694,20,20
3695,18,18
3696,23,23
3697,1,1
3698,1,1
3699,17,17
3700,6,6
3701,25,25
3702,19,19
3703,15,15
3704,25,25
3705,0,0
3706,20,20
3707,15,15
3708,7,7
3709,7,7
3710,16,16
3711,3,3
3712,23,23
3713,2,2
3714,0,0
3715,18,18
3716,15,15
3717,2,2
3718,16,16
3719,17,17
3720,21,21
3721,5,5
3722,10,10
3723,11,11
3724,2,2
3725,2,2
3726,2,2
3727,25,25
3728,6,6
3729,23,23
3730,3,3
3731,2,2
3732,19,19
3733,5,5
3734,8,8
3735,8,8
3736,23,23
3737,1,1
3738,15,15
3739,16,16
3740,5,5
3741,1,1
3742,4,4
3743,25,25
3744,16,16
3745,7,7
3746,5,5
3747,7,7
3748,21,21
3749,13,13
3750,0,0
3751,3,3
3752,9,9
3753,25,25
3754,18,18
3755,19,19
3756,18,18
3757,19,19
3758,2,2
3759,7,7
3760,24,24
3761,8,8
3762,3,3
3763,7,7
3764,5,5
3765,3,3
3766,24,24
3767,4,4
3768,13,13
3769,17,17
3770,5,5
3771,19,19
3772,2,2
3773,25,25
3774,19,19
3775,7,7
3776,25,25
3777,1,1
3778,2,2
3779,20,20
3780,25,25
3781,4,4
3782,19,19
3783,23,23
3784,7,7
3785,19,19
3786,9,9
3787,7,7
3788,8,8
3789,18,18
3790,13,13
3791,23,23
3792,18,18
3793,16,16
3794,5,5
3795,2,2
3796,8,8
3797,7,7
3798,14,14
3799,12,12
3800,1,1
3801,11,11
3802,19,19
3803,12,12
3804,23,23
3805,2,2
3806,15,15
3807,4,4
3808,23,23
3809,5,5
3810,20,20
3811,19,19
3812,2,2
3813,21,21
3814,3,3
3815,6,6
3816,23,23
3817,3,3
3818,2,2
3819,8,8
3820,15,15
3821,17,17
3822,16,16
3823,17,17
3824,8,8
3825,2,2
3826,13,13
3827,4,4
3828,11,11
3829,8,8
3830,5,5
3831,24,24
3832,5,5
3833,17,17
3834,3,3
3835,21,21
3836,6,6
3837,25,25
3838,7,7
3839,15,15
3840,25,25
3841,21,21
3842,3,3
3843,9,9
3844,0,0
3845,1,1
3846,20,20
3847,8,8
3848,25,25
3849,23,23
3850,25,25
3851,5,5
3852,7,7
3853,0,0
3854,7,7
3855,4,4
3856,7,7
3857,1,1
3858,6,6
3859,12,12
3860,21,21
3861,22,22
3862,5,5
3863,12,12
3864,24,24
3865,13,13
3866,10,10
3867,15,15
3868,2,2
3869,16,16
3870,23,23
3871,4,4
3872,16,16
3873,7,7
3874,12,12
3875,12,12
3876,15,15
3877,21,21
3878,25,25
3879,6,6
3880,17,17
3881,9,9
3882,2,2
3883,8,8
3884,5,5
3885,12,12
3886,6,6
3887,7,7
3888,2,2
3889,0,0
3890,7,7
3891,12,12
3892,23,23
3893,24,24
3894,16,16
3895,0,0
3896,21,21
3897,5,5
3898,25,25
3899,9,9
3900,20,20
3901,4,4
3902,5,5
3903,16,16
3904,4,4
3905,21,21
3906,8,8
3907,15,15
3908,16,16
3909,2,2
3910,4,4
3911,21,21
3912,10,10
3913,21,21
3914,21,21
3915,3,3
3916,13,13
3917,5,5
3918,7,7
3919,12,12
3920,8,8
3921,8,8
3922,8,8
3923,17,17
3924,7,7
3925,21,21
3926,8,8
3927,2,2
3928,25,25
3929,7,7
3930,24,24
3931,3,3
3932,4,4
3933,3,3
3934,5,5
3935,6,6
3936,7,7
3937,16,16
3938,6,6
3939,2,2
3940,16,16
3941,16,16
3942,0,0
3943,25,25
3944,5,5
3945,12,12
3946,17,17
3947,9,9
3948,4,4
3949,1,1
3950,25,25
3951,24,24
3952,17,17
3953,19,19
3954,23,23
3955,25,25
3956,3,3
3957,12,12
3958,16,16
3959,5,5
3960,15,15
3961,25,25
3962,12,12
3963,18,18
3964,17,17
3965,3,3
3966,2,2
3967,5,5
3968,12,12
3969,4,4
3970,18,18
3971,25,25
3972,1,1
3973,11,11
3974,13,13
3975,2,2
3976,5,5
3977,5,5
3978,16,16
3979,18,18
3980,16,16
3981,17,17
3982,23,23
3983,22,22
3984,24,24
3985,1,1
3986,1,1
3987,4,4
3988,6,6
3989,23,23
3990,1,1
3991,9,9
3992,0,0
3993,10,10
3994,2,2
3995,23,23
3996,1,1
3997,20,20
3998,17,17
3999,23,23
4000,12,12
4001,3,3
4002,23,23
4003,7,7
4004,1,1
4005,9,9
4006,25,25
4007,24,24
4008,14,14
4009,17,17
4010,6,6
4011,9,9
4012,25,25
4013,12,12
4014,13,13
4015,20,20
4016,25,25
4017,2,2
4018,9,9
4019,24,24
4020,18,18
4021,2,2
4022,4,4
4023,2,2
4024,20,20
4025,5,5
4026,2,2
4027,20,20
4028,21,21
4029,7,7
4030,2,2
4031,20,20
4032,2,2
4033,3,3
4034,19,19
4035,7,7
4036,16,16
4037,4,4
4038,1,1
4039,6,6
4040,4,4
4041,1,1
4042,25,25
4043,7,7
4044,17,17
4045,4,4
4046,1,1
4047,4,4
4048,4,4
4049,0,0
4050,2,2
4051,23,23
4052,6,6
4053,16,16
4054,7,7
4055,9,9
4056,7,7
4057,12,12
4058,18,18
4059,17,17
4060,1,1
4061,3,3
4062,17,17
4063,6,6
4064,23,23
4065,4,4
4066,12,12
4067,3,3
4068,25,25
4069,7,7
4070,12,12
4071,6,6
4072,7,7
4073,2,2
4074,16,16
4075,4,4
4076,25,25
4077,8,8
4078,18,18
4079,19,19
4080,12,12
4081,4,4
4082,7,7
4083,21,21
4084,4,4
4085,16,16
4086,9,9
4087,16,16
4088,4,4
4089,15,15
4090,15,15
4091,11,11
4092,9,9
4093,1,1
4094,18,18
4095,8,8
4096,7,7
4097,12,12
4098,10,10
4099,6,6
4100,19,19
4101,20,20
4102,8,8
4103,24,24
4104,10,10
4105,4,4
4106,7,7
4107,1,1
4108,25,25
4109,6,6
4110,20,20
4111,11,11
4112,12,12
4113,9,9
4114,6,6
4115,8,8
4116,3,3
4117,5,5
4118,20,20
4119,13,13
4120,1,1
4121,9,9
4122,21,21
4123,14,14
4124,0,0
4125,9,9
4126,11,11
4127,18,18
4128,3,3
4129,15,15
4130,0,0
4131,25,25
4132,10,10
4133,10,10
4134,15,15
4135,5,5
4136,3,3
4137,3,3
4138,16,16
4139,20,20
4140,5,5
4141,11,11
4142,24,24
4143,7,7
4144,12,12
4145,12,12
4146,6,6
4147,8,8
4148,1,1
4149,3,3
4150,5,5
4151,5,5
4152,2,2
4153,3,3
4154,9,9
4155,16,16
4156,20,20
4157,23,23
4158,12,12
4159,2,2
4160,18,18
4161,8,8
4162,2,2
4163,5,5
4164,1,1
4165,8,8
4166,25,25
4167,6,6
4168,5,5
4169,25,25
4170,10,10
4171,24,24
4172,7,7
4173,22,22
4174,20,20
4175,24,24
4176,21,21
4177,24,24
4178,0,0
4179,9,9
4180,1,1
4181,9,9
4182,7,7
4183,19,19
4184,9,9
4185,3,3
4186,19,19
4187,25,25
4188,25,25
4189,20,20
4190,25,25
4191,23,23
4192,18,18
4193,5,5
4194,4,4
4195,0,0
4196,24,24
4197,2,2
4198,4,4
4199,24,24
4200,16,16
4201,2,2
4202,12,12
4203,3,3
4204,5,5
4205,9,9
4206,6,6
4207,21,21
4208,0,0
4209,14,14
4210,21,21
4211,2,2
4212,0,0
4213,11,11
4214,2,2
4215,2,2
4216,7,7
4217,3,3
4218,13,13
4219,8,8
4220,9,9
4221,23,23
4222,4,4
4223,21,21
4224,2,2
4225,9,9
4226,21,21
4227,11,11
4228,18,18
4229,20,20
4230,2,2
4231,5,5
4232,20,20
4233,24,24
4234,20,20
4235,5,5
4236,4,4
4237,23,23
4238,22,22
4239,1,1
4240,11,11
4241,13,13
4242,2,2
4243,16,16
4244,16,16
4245,19,19
4246,23,23
4247,25,25
4248,16,16
4249,13,13
4250,5,5
4251,3,3
4252,16,16
4253,23,23
4254,22,22
4255,21,21
4256,8,8
4257,18,18
4258,8,8
4259,7,7
4260,25,25
4261,25,25
4262,25,25
4263,24,24
4264,15,15
4265,23,23
4266,7,7
4267,0,0
4268,2,2
4269,25,25
4270,23,23
4271,15,15
4272,18,18
4273,3,3
4274,13,13
4275,2,2
4276,7,7
4277,14,14
4278,8,8
4279,23,23
4280,25,25
4281,10,10
4282,9,9
4283,10,10
4284,12,12
4285,24,24
4286,3,3
4287,9,9
4288,16,16
4289,24,24
4290,2,2
4291,1,1
4292,25,25
4293,13,13
4294,0,0
4295,1,1
4296,5,5
4297,15,15
4298,23,23
4299,6,6
4300,1,1
4301,19,19
4302,16,16
4303,21,21
4304,9,9
4305,7,7
4306,9,9
4307,1,1
4308,8,8
4309,16,16
4310,16,16
4311,13,13
4312,21,21
4313,20,20
4314,21,21
4315,21,21
4316,0,0
4317,7,7
4318,20,20
4319,18,18
4320,17,17
4321,1,1
4322,1,1
4323,18,18
4324,17,17
4325,24,24
4326,10,10
4327,17,17
4328,11,11
4329,1,1
4330,25,25
4331,7,7
4332,21,21
4333,9,9
4334,21,21
4335,6,6
4336,8,8
4337,20,20
4338,4,4
4339,5,5
4340,16,16
4341,18,18
4342,25,25
4343,24,24
4344,25,25
4345,13,13
4346,15,15
4347,6,6
4348,25,25
4349,1,1
4350,17,17
4351,12,12
4352,25,25
4353,2,2
4354,9,9
4355,10,10
4356,5,5
4357,1,1
4358,25,25
4359,18,18
4360,19,19
4361,1,1
4362,22,22
4363,9,9
4364,2,2
4365,7,7
4366,16,16
4367,24,24
4368,16,16
4369,24,24
4370,15,15
4371,25,25
4372,22,22
4373,13,13
4374,2,2
4375,3,3
4376,0,0
4377,2,2
4378,2,2
4379,2,2
4380,13,13
4381,19,19
4382,24,24
4383,23,23
4384,19,19
4385,18,18
4386,21,21
4387,18,18
4388,6,6
4389,7,7
4390,4,4
4391,2,2
4392,15,15
4393,6,6
4394,3,3
4395,19,19
4396,17,17
4397,9,9
4398,15,15
4399,25,25
4400,2,2
4401,19,19
4402,22,22
4403,22,22
4404,3,3
4405,25,25
4406,17,17
4407,7,7
4408,25,25
4409,4,4
4410,4,4
4411,25,25
4412,1,1
4413,21,21
4414,6,6
4415,1,1
4416,21,21
4417,9,9
4418,16,16
4419,19,19
4420,9,9
4421,7,7
4422,20,20
4423,7,7
4424,6,6
4425,5,5
4426,16,16
4427,5,5
4428,21,21
4429,3,3
4430,5,5
4431,6,6
4432,2,2
4433,13,13
4434,1,1
4435,6,6
4436,24,24
4437,2,2
4438,3,3
4439,0,0
4440,2,2
4441,8,8
4442,18,18
4443,6,6
4444,9,9
4445,17,17
4446,6,6
4447,9,9
4448,5,5
4449,25,25
4450,6,6
4451,5,5
4452,10,10
4453,7,7
4454,5,5
4455,18,18
4456,13,13
4457,6,6
4458,2,2
4459,5,5
4460,13,13
4461,1,1
4462,9,9
4463,25,25
4464,9,9
4465,16,16
4466,7,7
4467,0,0
4468,2,2
4469,20,20
4470,20,20
4471,9,9
4472,6,6
4473,4,4
4474,4,4
4475,4,4
4476,6,6
4477,2,2
4478,15,15
4479,2,2
4480,7,7
4481,6,6
4482,1,1
4483,19,19
4484,6,6
4485,17,17
4486,12,12
4487,4,4
4488,2,2
4489,25,25
4490,1,1
4491,20,20
4492,16,16
4493,5,5
4494,25,25
4495,2,2
4496,16,16
4497,0,0
4498,14,14
4499,24,24
4500,1,1
4501,2,2
4502,23,23
4503,7,7
4504,9,9
4505,6,6
4506,24,24
4507,4,4
4508,19,19
4509,4,4
4510,24,24
4511,21,21
4512,20,20
4513,7,7
4514,7,7
4515,2,2
4516,25,25
4517,4,4
4518,15,15
4519,9,9
4520,4,4
4521,2,2
4522,12,12
4523,25,25
4524,0,0
4525,25,25
4526,3,3
4527,7,7
4528,2,2
4529,3,3
4530,16,16
4531,16,16
4532,6,6
4533,11,11
4534,16,16
4535,25,25
4536,21,21
4537,5,5
4538,7,7
4539,23,23
4540,8,8
4541,15,15
4542,1,1
4543,6,6
4544,16,16
4545,5,5
4546,24,24
4547,15,15
4548,6,6
4549,7,7
4550,25,25
4551,2,2
4552,6,6
4553,16,16
4554,14,14
4555,16,16
4556,4,4
4557,25,25
4558,7,7
4559,2,2
4560,25,4
4561,1,1
4562,25,25
4563,21,21
4564,17,17
4565,24,24
4566,6,6
4567,16,16
4568,21,21
4569,1,1
4570,16,16
4571,9,9
4572,5,5
4573,5,5
4574,8,8
4575,9,9
4576,5,5
4577,25,25
4578,25,25
4579,25,25
4580,2,2
4581,6,6
4582,13,13
4583,18,18
4584,23,23
4585,15,15
4586,22,22
4587,1,1
4588,6,6
4589,10,10
4590,3,3
4591,5,5
4592,3,3
4593,17,17
4594,5,5
4595,12,12
4596,9,9
4597,17,17
4598,3,3
4599,7,7
4600,8,8
4601,17,17
4602,25,25
4603,15,15
4604,10,10
4605,20,20
4606,1,1
4607,15,15
4608,24,24
4609,25,25
4610,1,1
4611,8,8
4612,10,10
4613,7,7
4614,16,16
4615,25,25
4616,3,3
4617,4,4
4618,10,10
4619,18,18
4620,22,22
4621,0,0
4622,20,20
4623,13,13
4624,13,13
4625,14,14
4626,6,6
4627,10,10
4628,4,4
4629,2,2
4630,16,16
4631,5,5
4632,11,11
4633,9,9
4634,24,24
4635,6,6
4636,15,15
4637,8,8
4638,25,25
4639,19,19
4640,7,7
4641,7,7
4642,6,6
4643,21,21
4644,22,22
4645,7,7
4646,25,25
4647,25,25
4648,16,16
4649,2,2
4650,10,10
4651,8,8
4652,5,5
4653,18,18
4654,20,20
4655,9,9
4656,4,4
4657,4,4
4658,20,20
4659,20,20
4660,24,24
4661,17,17
4662,15,15
4663,24,24
4664,25,25
4665,4,4
4666,6,6
4667,24,24
4668,5,5
4669,4,4
4670,21,21
4671,25,25
4672,23,23
4673,20,20
4674,1,1
4675,2,2
4676,1,1
4677,23,23
4678,15,15
4679,7,7
4680,5,5
4681,6,6
4682,21,21
4683,3,3
4684,1,1
4685,2,2
4686,12,12
4687,20,20
4688,20,20
4689,2,2
4690,25,25
4691,8,8
4692,0,0
4693,0,0
4694,0,0
4695,6,6
4696,3,3
4697,6,6
4698,21,21
4699,18,18
4700,2,2
4701,15,15
4702,22,22
4703,15,15
4704,5,5
4705,25,25
4706,2,2
4707,8,8
4708,10,10
4709,10,10
4710,19,19
4711,6,6
4712,3,3
4713,2,2
4714,8,8
4715,4,4
4716,23,23
4717,24,24
4718,19,19
4719,4,4
4720,2,2
4721,20,20
4722,2,2
4723,20,20
4724,25,25
4725,8,8
4726,21,21
4727,25,25
4728,20,20
4729,1,1
4730,16,16
4731,1,1
4732,5,5
4733,24,24
4734,24,24
4735,23,23
4736,24,24
4737,16,16
4738,21,21
4739,8,8
4740,20,20
4741,8,8
4742,9,9
4743,20,20
4744,1,1
4745,5,5
4746,18,18
4747,6,6
4748,8,8
4749,0,0
4750,3,3
4751,20,20
4752,17,17
4753,1,1
4754,21,21
4755,5,5
4756,24,24
4757,25,25
4758,1,1
4759,18,18
4760,5,5
4761,5,5
4762,3,3
4763,25,25
4764,18,18
4765,24,24
4766,6,6
4767,11,11
4768,20,20
4769,16,16
4770,8,8
4771,4,4
4772,3,3
4773,5,5
4774,3,3
4775,4,4
4776,13,13
4777,3,3
4778,16,16
4779,6,6
4780,25,25
4781,21,21
4782,4,4
4783,9,9
4784,24,24
4785,2,2
4786,5,5
4787,25,25
4788,2,2
4789,5,5
4790,11,11
4791,3,3
4792,5,5
4793,18,18
4794,12,12
4795,19,19
4796,9,9
4797,23,23
4798,8,8
4799,20,20
4800,18,18
4801,22,22
4802,5,5
4803,1,1
4804,16,16
4805,20,20
4806,23,23
4807,23,23
4808,12,12
4809,2,2
4810,17,17
4811,16,16
4812,4,4
4813,24,24
4814,6,6
4815,3,3
4816,7,7
4817,17,17
4818,9,9
4819,7,7
4820,25,25
4821,23,23
4822,12,12
4823,16,16
4824,16,16
4825,6,6
4826,15,15
4827,1,1
4828,7,7
4829,7,7
4830,19,19
4831,7,7
4832,23,23
4833,1,1
4834,8,8
4835,9,9
4836,2,2
4837,5,5
4838,5,5
4839,3,3
4840,18,18
4841,9,9
4842,8,8
4843,3,3
4844,12,12
4845,2,2
4846,3,3
4847,1,1
4848,5,5
4849,2,2
4850,13,13
4851,3,3
4852,25,25
4853,14,14
4854,16,16
4855,7,7
4856,13,13
4857,24,24
4858,6,6
4859,5,5
4860,21,21
4861,11,11
4862,0,0
4863,11,11
4864,2,2
4865,13,13
4866,13,13
4867,24,24
4868,11,11
4869,2,2
4870,9,9
4871,3,3
4872,6,6
4873,4,4
4874,20,20
4875,18,18
4876,3,3
4877,6,6
4878,16,16
4879,7,7
4880,8,8
4881,1,1
4882,7,7
4883,22,22
4884,17,17
4885,18,18
4886,19,19
4887,18,18
4888,4,4
4889,3,3
4890,24,24
4891,5,5
4892,16,16
4893,1,1
4894,4,4
4895,24,24
4896,1,1
4897,15,15
4898,16,16
4899,19,19
4900,25,25
4901,2,2
4902,7,7
4903,21,21
4904,13,13
4905,15,15
4906,8,8
4907,5,5
4908,24,24
4909,2,2
4910,2,2
4911,2,2
4912,8,8
4913,25,25
4914,6,6
4915,16,16
4916,18,18
4917,1,1
4918,25,25
4919,3,3
4920,1,1
4921,5,5
4922,0,0
4923,2,2
4924,3,3
4925,7,7
4926,0,0
4927,6,6
4928,13,13
4929,1,1
4930,25,25
4931,13,13
4932,4,4
4933,25,25
4934,8,8
4935,24,24
4936,11,11
4937,2,2
4938,7,7
4939,12,12
4940,16,16
4941,3,3
4942,5,5
4943,12,12
4944,23,23
4945,2,2
4946,3,3
4947,19,19
4948,16,16
4949,21,21
4950,8,8
4951,16,16
4952,25,25
4953,12,12
4954,24,24
4955,0,0
4956,7,7
4957,25,25
4958,2,2
4959,17,17
4960,22,22
4961,4,4
4962,3,3
4963,0,0
4964,5,5
4965,7,7
4966,2,2
4967,7,7
4968,17,17
4969,6,6
4970,25,25
4971,23,23
4972,4,4
4973,16,16
4974,6,6
4975,15,15
4976,24,24
4977,21,21
4978,4,4
4979,17,17
4980,5,5
4981,24,24
4982,8,8
4983,17,17
4984,17,17
4985,3,3
4986,0,0
4987,2,2
4988,9,9
4989,5,5
4990,25,25
4991,18,18
4992,24,24
4993,17,17
4994,25,25
4995,2,2
4996,9,9
4997,16,16
4998,8,8
4999,5,5
5000,13,13
5001,25,25
5002,23,23
5003,0,0
5004,12,12
5005,0,0
5006,5,5
5007,11,11
5008,13,13
5009,9,9
5010,11,11
5011,0,0
5012,20,20
5013,6,6
5014,24,24
5015,4,4
5016,2,2
5017,5,5
5018,19,19
5019,8,8
5020,6,6
5021,23,23
5022,11,11
5023,6,6
5024,3,3
5025,2,2
5026,17,17
5027,16,16
5028,23,23
5029,16,16
5030,13,13
5031,20,20
5032,16,16
5033,15,15
5034,7,7
5035,16,16
5036,13,13
5037,5,5
5038,16,16
5039,2,2
5040,19,19
5041,24,24
5042,6,6
5043,19,19
5044,19,19
5045,12,12
5046,13,13
5047,25,25
5048,21,21
5049,6,6
5050,25,25
5051,13,13
5052,4,4
5053,5,5
5054,20,20
5055,7,7
5056,9,9
5057,18,18
5058,4,4
5059,7,7
5060,11,11
5061,18,18
5062,25,25
5063,21,21
5064,2,2
5065,8,8
5066,22,22
5067,10,10
5068,25,25
5069,7,7
5070,2,2
5071,14,14
5072,16,16
5073,7,7
5074,21,21
5075,7,7
5076,0,0
5077,19,19
5078,2,2
5079,24,24
5080,1,1
5081,1,1
5082,14,14
5083,25,25
5084,2,2
5085,18,18
5086,1,1
5087,23,23
5088,15,15
5089,11,11
5090,7,7
5091,5,5
5092,12,12
5093,8,8
5094,19,19
5095,9,9
5096,21,21
5097,11,11
5098,25,25
5099,14,14
5100,1,1
5101,25,25
5102,15,15
5103,2,2
5104,14,14
5105,8,8
5106,5,5
5107,5,5
5108,19,19
5109,21,21
5110,18,18
5111,3,3
5112,25,25
5113,9,9
5114,4,4
5115,8,8
5116,24,24
5117,25,25
5118,25,25
5119,24,24
5120,5,5
5121,7,7
5122,16,16
5123,19,19
5124,10,10
5125,16,16
5126,2,2
5127,1,1
5128,2,2
5129,25,25
5130,20,20
5131,24,24
5132,1,1
5133,5,5
5134,4,4
5135,6,6
5136,4,4
5137,5,5
5138,5,5
5139,6,6
5140,3,3
5141,25,25
5142,7,7
5143,1,1
5144,6,6
5145,3,3
5146,25,25
5147,20,20
5148,1,1
5149,19,19
5150,18,18
5151,20,20
5152,6,6
5153,9,9
5154,12,12
5155,17,17
5156,9,9
5157,9,9
5158,19,19
5159,6,6
5160,1,1
5161,1,1
5162,5,5
5163,6,6
5164,6,6
5165,15,15
5166,13,13
5167,12,12
5168,24,24
5169,23,23
5170,9,9
5171,3,3
5172,2,2
5173,25,25
5174,3,3
5175,25,25
5176,21,21
5177,15,15
5178,6,6
5179,24,24
5180,0,0
5181,15,15
5182,25,25
5183,16,16
5184,16,16
5185,9,9
5186,6,6
5187,8,8
5188,25,25
5189,2,2
5190,23,23
5191,23,23
5192,21,21
5193,8,8
5194,3,3
5195,25,25
5196,9,9
5197,23,23
5198,11,11
5199,21,21
5200,23,23
5201,21,21
5202,13,13
5203,5,5
5204,21,21
5205,7,7
5206,6,6
5207,5,5
5208,2,2
5209,1,1
5210,24,24
5211,13,13
5212,24,24
5213,23,23
5214,0,0
5215,22,22
5216,19,19
5217,24,24
5218,2,2
5219,21,21
5220,19,19
5221,21,21
5222,18,18
5223,17,17
5224,1,1
5225,3,13
5226,17,17
5227,4,4
5228,7,7
5229,17,17
5230,19,19
5231,16,16
5232,14,14
5233,25,25
5234,12,12
5235,2,2
5236,18,18
5237,5,5
5238,16,16
5239,13,13
5240,5,5
5241,19,19
5242,7,7
5243,7,7
5244,0,0
5245,18,18
5246,8,8
5247,7,7
5248,25,25
5249,13,13
5250,11,11
5251,17,17
5252,23,23
5253,20,20
5254,13,13
5255,21,21
5256,2,2
5257,24,24
5258,9,9
5259,7,7
5260,4,4
5261,16,16
5262,1,1
5263,13,13
5264,18,18
5265,16,16
5266,7,7
5267,7,7
5268,5,5
5269,4,4
5270,17,17
5271,3,3
5272,1,1
5273,16,16
5274,23,23
5275,2,2
5276,2,2
5277,1,1
5278,20,20
5279,24,24
5280,3,3
5281,20,20
5282,3,3
5283,9,9
5284,16,16
5285,20,20
5286,21,21
5287,2,2
5288,6,6
5289,21,21
5290,20,20
5291,4,4
5292,18,18
5293,4,4
5294,5,5
5295,7,7
5296,12,12
5297,15,15
5298,8,8
5299,5,5
5300,6,6
5301,20,20
5302,1,1
5303,6,6
5304,17,17
5305,5,5
5306,2,2
5307,3,3
5308,20,20
5309,7,7
5310,6,6
5311,5,5
5312,24,24
5313,8,8
5314,25,25
5315,6,6
5316,23,23
5317,10,10
5318,25,25
5319,23,23
5320,7,7
5321,15,15
5322,5,5
5323,3,3
5324,24,24
5325,19,19
5326,4,4
5327,10,10
5328,7,7
5329,16,16
5330,23,23
5331,12,12
5332,18,18
5333,0,0
5334,4,4
5335,17,17
5336,5,5
5337,2,2
5338,18,18
5339,20,20
5340,3,3
5341,5,5
5342,18,18
5343,25,25
5344,9,9
5345,16,16
5346,3,3
5347,2,2
5348,5,5
5349,15,15
5350,4,4
5351,11,11
5352,9,9
5353,15,15
5354,24,24
5355,25,25
5356,2,2
5357,23,23
5358,2,2
5359,4,4
5360,7,7
5361,3,3
5362,7,7
5363,10,10
5364,3,3
5365,5,5
5366,19,19
5367,3,3
5368,12,12
5369,3,3
5370,16,16
5371,0,0
5372,1,1
5373,25,25
5374,7,7
5375,7,7
5376,4,4
5377,10,10
5378,7,7
5379,4,4
5380,19,19
5381,17,17
5382,8,8
5383,3,3
5384,5,5
5385,20,20
5386,24,24
5387,17,17
5388,8,8
5389,23,23
5390,24,24
5391,11,11
5392,1,1
5393,3,3
5394,2,2
5395,21,21
5396,12,12
5397,18,18
5398,7,7
5399,2,2
5400,8,8
5401,11,11
5402,11,11
5403,2,2
5404,3,3
5405,0,0
5406,15,15
5407,10,10
5408,24,24
5409,2,2
5410,4,4
5411,8,8
5412,1,1
5413,16,16
5414,16,16
5415,19,19
5416,17,17
5417,3,3
5418,12,12
5419,1,1
5420,11,11
5421,23,23
5422,19,19
5423,21,21
5424,7,7
5425,3,3
5426,7,7
5427,7,7
5428,25,25
5429,25,25
5430,21,21
5431,10,10
5432,6,6
5433,16,16
5434,21,21
5435,1,1
5436,4,4
5437,16,16
5438,3,3
5439,16,16
5440,2,2
5441,0,0
5442,18,18
5443,17,17
5444,16,16
5445,8,8
5446,13,13
5447,7,7
5448,7,7
5449,24,24
5450,7,7
5451,15,15
5452,24,24
5453,20,20
5454,6,6
5455,4,4
5456,18,18
5457,24,24
5458,25,25
5459,15,15
5460,18,18
5461,15,15
5462,9,9
5463,24,24
5464,17,17
5465,8,8
5466,0,0
5467,1,1
5468,5,5
5469,18,18
5470,16,16
5471,25,25
5472,17,17
5473,2,2
5474,4,4
5475,18,18
5476,8,8
5477,7,7
5478,25,25
5479,17,17
5480,6,6
5481,24,24
5482,23,23
5483,2,2
5484,15,15
5485,16,16
5486,5,5
5487,2,2
5488,12,12
5489,2,2
5490,13,13
5491,20,20
5492,23,23
5493,16,16
5494,7,7
5495,3,3
5496,5,5
5497,21,21
5498,13,13
5499,4,4
5500,2,2
5501,25,25
5502,3,3
5503,25,25
5504,16,16
5505,20,20
5506,1,1
5507,4,4
5508,21,21
5509,23,23
5510,3,3
5511,12,12
5512,24,24
5513,9,9
5514,19,19
5515,21,21
5516,16,16
5517,9,9
5518,24,24
5519,9,9
5520,23,23
5521,9,9
5522,20,20
5523,15,15
5524,5,5
5525,25,25
5526,5,5
5527,18,18
5528,16,16
5529,9,9
5530,1,1
5531,0,0
5532,4,4
5533,4,4
5534,4,4
5535,19,19
5536,24,24
5537,5,5
5538,4,4
5539,2,2
5540,7,7
5541,23,23
5542,13,13
5543,25,25
5544,25,25
5545,5,5
5546,20,20
5547,6,6
5548,6,6
5549,20,20
5550,9,9
5551,13,13
5552,7,7
5553,7,7
5554,18,18
5555,16,16
5556,7,7
5557,5,5
5558,20,20
5559,24,24
5560,5,5
5561,23,23
5562,16,16
5563,16,16
5564,17,17
5565,25,25
5566,8,8
5567,24,24
5568,10,10
5569,0,0
5570,16,16
5571,24,24
5572,10,10
5573,7,7
5574,4,4
5575,8,8
5576,15,15
5577,3,3
5578,23,23
5579,20,20
5580,7,7
5581,6,6
5582,7,7
5583,2,2
5584,25,25
5585,21,21
5586,24,24
5587,9,9
5588,5,5
5589,6,6
5590,13,13
5591,12,12
5592,7,7
5593,5,5
5594,14,14
5595,5,5
5596,20,20
5597,16,16
5598,7,7
5599,1,1
5600,3,3
5601,3,3
5602,16,16
5603,21,21
5604,12,12
5605,10,10
5606,4,4
5607,16,16
5608,13,13
5609,4,4
5610,20,20
5611,18,18
5612,11,11
5613,3,3
5614,2,2
5615,15,15
5616,16,16
5617,16,16
5618,2,2
5619,20,20
5620,15,15
5621,25,25
5622,16,16
5623,3,3
5624,19,19
5625,3,3
5626,17,17
5627,20,20
5628,21,21
5629,8,8
5630,19,19
5631,16,16
5632,24,24
5633,24,24
5634,18,18
5635,4,4
5636,0,0
5637,4,4
5638,21,21
5639,7,7
5640,5,5
5641,8,8
5642,24,24
5643,5,5
5644,3,3
5645,23,23
5646,1,1
5647,2,2
5648,7,7
5649,18,18
5650,24,24
5651,9,9
5652,8,8
5653,2,2
5654,16,16
5655,20,20
5656,17,17
5657,7,7
5658,25,25
5659,24,24
5660,6,6
5661,23,23
5662,13,13
5663,10,10
5664,17,17
5665,11,11
5666,21,21
5667,22,22
5668,20,20
5669,23,23
5670,23,23
5671,1,1
5672,11,11
5673,24,24
5674,24,24
5675,2,2
5676,13,13
5677,12,12
5678,11,11
5679,9,9
5680,7,7
5681,4,4
5682,19,19
5683,25,25
5684,7,7
5685,1,1
5686,8,8
5687,19,19
5688,11,11
5689,8,8
5690,1,1
5691,2,2
5692,24,24
5693,13,13
5694,25,25
5695,17,17
5696,3,3
5697,5,5
5698,4,4
5699,5,5
5700,25,25
5701,24,24
5702,5,5
5703,7,7
5704,6,6
5705,4,4
5706,6,6
5707,20,20
5708,5,5
5709,21,21
5710,19,19
5711,15,15
5712,21,21
5713,24,24
5714,3,3
5715,5,5
5716,15,15
5717,20,20
5718,21,21
5719,2,2
5720,2,2
5721,6,6
5722,2,2
5723,9,9
5724,20,20
5725,17,17
5726,5,5
5727,20,20
5728,24,24
5729,21,21
5730,12,12
5731,1,1
5732,13,13
5733,2,2
5734,14,14
5735,25,25
5736,16,16
5737,2,2
5738,1,1
5739,24,24
5740,20,20
5741,0,0
5742,20,20
5743,10,10
5744,4,4
5745,25,25
5746,1,1
5747,1,1
5748,3,3
5749,17,17
5750,2,2
5751,4,4
5752,9,9
5753,5,5
5754,25,25
5755,20,20
5756,18,18
5757,2,2
5758,16,16
5759,2,2
5760,7,7
5761,25,25
5762,2,2
5763,7,7
5764,16,16
5765,2,2
5766,5,5
5767,25,25
5768,5,5
5769,5,5
5770,2,2
5771,24,24
5772,16,16
5773,21,21
5774,24,24
5775,8,8
5776,4,4
5777,4,4
5778,2,2
5779,24,24
5780,13,13
5781,9,9
5782,24,24
5783,19,19
5784,17,17
5785,7,7
5786,18,18
5787,2,2
5788,15,15
5789,16,16
5790,18,18
5791,5,5
5792,25,25
5793,10,10
5794,7,7
5795,5,5
5796,1,1
5797,2,2
5798,7,7
5799,7,7
5800,4,4
5801,24,24
5802,1,1
5803,1,1
5804,5,5
5805,24,24
5806,18,18
5807,2,2
5808,18,18
5809,8,8
5810,1,1
5811,5,5
5812,23,23
5813,24,24
5814,25,25
5815,15,15
5816,12,12
5817,4,4
5818,15,15
5819,25,25
5820,21,21
5821,24,24
5822,19,19
5823,4,4
5824,5,5
5825,7,7
5826,24,24
5827,13,13
5828,15,15
5829,4,4
5830,5,5
5831,8,8
5832,1,1
5833,24,24
5834,18,18
5835,22,22
5836,5,5
5837,0,0
5838,0,0
5839,12,12
5840,15,15
5841,25,25
5842,12,12
5843,17,17
5844,9,9
5845,21,21
5846,0,0
5847,11,11
5848,14,14
5849,13,13
5850,25,25
5851,3,3
5852,5,5
5853,19,19
5854,5,5
5855,12,12
5856,19,19
5857,4,4
5858,21,21
5859,0,0
5860,16,16
5861,22,22
5862,3,3
5863,24,24
5864,10,10
5865,7,7
5866,2,2
5867,17,17
5868,17,17
5869,25,25
5870,24,24
5871,5,5
5872,9,9
5873,19,19
5874,2,2
5875,25,25
5876,0,0
5877,19,19
5878,21,21
5879,6,6
5880,3,3
5881,15,15
5882,7,7
5883,23,23
5884,2,2
5885,25,25
5886,10,10
5887,16,16
5888,4,4
5889,2,2
5890,3,3
5891,1,1
5892,5,5
5893,25,25
5894,6,6
5895,0,0
5896,3,3
5897,1,1
5898,7,7
5899,2,2
5900,9,9
5901,6,6
5902,3,3
5903,17,17
5904,16,16
5905,24,24
5906,5,5
5907,5,5
5908,14,14
5909,7,7
5910,21,21
5911,21,21
5912,3,3
5913,16,16
5914,3,3
5915,12,12
5916,7,7
5917,7,7
5918,4,4
5919,0,0
5920,6,6
5921,0,0
5922,4,4
5923,6,6
5924,3,3
5925,24,24
5926,9,9
5927,23,23
5928,16,16
5929,7,7
5930,7,7
5931,23,23
5932,4,4
5933,8,8
5934,18,18
5935,25,25
5936,16,16
5937,22,22
5938,14,14
5939,3,3
5940,24,24
5941,5,5
5942,19,19
5943,4,4
5944,17,17
5945,8,8
5946,10,10
5947,23,23
5948,12,12
5949,5,5
5950,0,0
5951,25,25
5952,25,25
5953,24,24
5954,10,10
5955,3,3
5956,18,18
5957,9,9
5958,6,6
5959,10,10
5960,3,3
5961,4,4
5962,7,7
5963,1,1
5964,6,6
5965,2,2
5966,3,3
5967,24,24
5968,4,4
5969,0,0
5970,2,2
5971,24,24
5972,2,2
5973,8,8
5974,23,23
5975,2,2
5976,12,12
5977,7,7
5978,16,16
5979,7,7
5980,10,10
5981,18,18
5982,25,25
5983,24,24
5984,11,11
5985,2,2
5986,8,8
5987,3,3
5988,4,4
5989,3,3
5990,4,4
5991,10,10
5992,18,18
5993,25,25
5994,16,16
5995,25,25
5996,23,23
5997,6,6
5998,16,16
5999,8,8
6000,20,20
6001,0,0
6002,20,20
6003,18,18
6004,18,18
6005,1,1
6006,24,24
6007,7,7
6008,16,16
6009,0,0
6010,3,3
6011,20,20
6012,12,12
6013,10,10
6014,5,5
6015,24,24
6016,12,12
6017,23,23
6018,18,18
6019,18,18
6020,20,20
6021,6,6
6022,9,9
6023,4,4
6024,13,13
6025,9,9
6026,7,7
6027,1,1
6028,2,2
6029,2,2
6030,25,25
6031,7,7
6032,3,3
6033,6,6
6034,1,1
6035,23,23
6036,25,25
6037,21,21
6038,25,25
6039,3,3
6040,0,0
6041,21,21
6042,16,16
6043,6,6
6044,5,5
6045,5,5
6046,17,17
6047,16,16
6048,1,1
6049,25,25
6050,4,4
6051,24,24
6052,17,17
6053,13,13
6054,2,2
6055,10,10
6056,25,25
6057,3,3
6058,15,15
6059,11,11
6060,21,21
6061,7,7
6062,1,1
6063,23,23
6064,18,18
6065,23,23
6066,4,4
6067,6,6
6068,21,21
6069,7,7
6070,6,6
6071,17,17
6072,16,16
6073,1,1
6074,17,17
6075,2,2
6076,2,2
6077,1,1
6078,10,10
6079,9,9
6080,24,24
6081,17,17
6082,15,15
6083,13,13
6084,9,9
6085,16,16
6086,6,6
6087,4,4
6088,7,7
6089,24,24
6090,1,1
6091,16,16
6092,25,25
6093,13,13
6094,15,15
6095,0,0
6096,8,8
6097,4,4
6098,18,18
6099,21,21
6100,24,24
6101,2,2
6102,4,4
6103,13,13
6104,25,25
6105,2,2
6106,24,24
6107,6,6
6108,2,2
6109,1,1
6110,22,22
6111,16,16
6112,11,11
6113,24,24
6114,17,17
6115,25,25
6116,7,7
6117,9,9
6118,1,1
6119,9,9
6120,5,5
6121,18,18
6122,8,8
6123,16,16
6124,10,10
6125,4,4
6126,24,24
6127,19,19
6128,11,11
6129,19,19
6130,13,13
6131,22,22
6132,5,5
6133,15,15
6134,5,5
6135,15,15
6136,15,15
6137,19,19
6138,2,2
6139,1,1
6140,4,4
6141,18,18
6142,9,9
6143,25,25
6144,10,10
6145,18,18
6146,24,24
6147,1,1
6148,10,10
6149,13,13
6150,16,16
6151,17,17
6152,20,20
6153,2,2
6154,16,16
6155,2,2
6156,24,24
6157,1,1
6158,17,17
6159,20,20
6160,6,6
6161,17,17
6162,1,1
6163,18,18
6164,0,0
6165,2,2
6166,21,21
6167,19,19
6168,4,4
6169,19,19
6170,4,4
6171,6,6
6172,18,18
6173,12,12
6174,5,5
6175,2,2
6176,19,19
6177,16,16
6178,1,1
6179,3,3
6180,2,2
6181,6,6
6182,21,21
6183,16,16
6184,25,25
6185,25,25
6186,3,3
6187,5,5
6188,1,1
6189,12,12
6190,5,5
6191,4,4
6192,2,2
6193,6,6
6194,18,18
6195,2,2
6196,13,13
6197,20,20
6198,24,24
6199,4,4
6200,6,6
6201,7,7
6202,7,7
6203,2,2
6204,17,17
6205,24,24
6206,24,24
6207,7,7
6208,7,7
6209,1,1
6210,20,20
6211,4,4
6212,25,25
6213,5,5
6214,5,5
6215,11,11
6216,2,2
6217,13,13
6218,21,21
6219,8,8
6220,1,1
6221,3,3
6222,13,13
6223,12,12
6224,1,1
6225,5,5
6226,4,4
6227,10,10
6228,0,0
6229,5,5
6230,23,23
6231,20,20
6232,25,25
6233,2,2
6234,1,1
6235,25,25
6236,12,12
6237,8,8
6238,6,6
6239,2,2
6240,24,24
6241,12,12
6242,4,4
6243,17,17
6244,5,5
6245,4,4
6246,25,25
6247,1,1
6248,20,20
6249,5,5
6250,2,2
6251,3,3
6252,19,19
6253,25,25
6254,3,3
6255,7,7
6256,21,21
6257,5,5
6258,5,5
6259,1,1
6260,2,2
6261,23,23
6262,1,1
6263,4,4
6264,22,22
6265,17,17
6266,0,0
6267,18,18
6268,7,7
6269,7,7
6270,13,13
6271,10,10
6272,7,7
6273,9,9
6274,8,8
6275,25,25
6276,7,7
6277,13,13
6278,13,13
6279,2,2
6280,8,8
6281,24,24
6282,24,24
6283,22,22
6284,20,20
6285,5,5
6286,24,24
6287,9,9
6288,15,15
6289,16,16
6290,16,16
6291,24,24
6292,16,16
6293,15,15
6294,4,4
6295,18,18
6296,24,24
6297,1,1
6298,5,5
6299,15,15
6300,23,23
6301,4,4
6302,3,3
6303,5,5
6304,0,0
6305,1,1
6306,19,19
6307,2,2
6308,19,19
6309,1,1
6310,1,1
6311,20,20
6312,18,18
6313,4,4
6314,6,6
6315,6,6
6316,0,0
6317,5,5
6318,2,2
6319,0,0
6320,7,7
6321,13,13
6322,18,18
6323,5,5
6324,0,0
6325,7,7
6326,11,11
6327,21,21
6328,15,15
6329,17,17
6330,7,7
6331,7,7
6332,0,0
6333,25,25
6334,5,5
6335,9,9
6336,9,9
6337,5,5
6338,5,5
6339,1,1
6340,21,21
6341,2,2
6342,11,11
6343,10,10
6344,18,18
6345,10,10
6346,2,2
6347,5,5
6348,1,1
6349,18,18
6350,16,16
6351,21,21
6352,20,20
6353,6,6
6354,23,23
6355,2,2
6356,25,25
6357,3,3
6358,1,1
6359,11,11
6360,9,9
6361,1,1
6362,3,3
6363,7,7
6364,25,25
6365,2,2
6366,7,7
6367,7,7
6368,9,9
6369,10,10
6370,21,21
6371,24,24
6372,21,21
6373,11,11
6374,9,9
6375,3,3
6376,21,21
6377,9,9
6378,19,19
6379,2,2
6380,0,0
6381,1,1
6382,7,7
6383,7,7
6384,1,1
6385,11,11
6386,6,6
6387,0,0
6388,15,15
6389,24,24
6390,6,6
6391,13,13
6392,5,5
6393,6,6
6394,17,17
6395,5,5
6396,5,5
6397,2,2
6398,21,21
6399,17,17
6400,4,4
6401,25,25
6402,22,22
6403,13,13
6404,15,15
6405,25,25
6406,18,18
6407,8,8
6408,19,19
6409,16,16
6410,1,1
6411,25,25
6412,19,19
6413,21,21
6414,11,11
6415,2,2
6416,24,24
6417,18,18
6418,2,2
6419,7,7
6420,6,6
6421,5,5
6422,3,3
6423,18,18
6424,16,16
6425,4,4
6426,6,6
6427,5,5
6428,3,3
6429,13,13
6430,8,8
6431,18,18
6432,8,8
6433,7,7
6434,8,8
6435,9,9
6436,21,21
6437,8,8
6438,24,24
6439,5,5
6440,24,24
6441,11,11
6442,6,6
6443,16,16
6444,9,9
6445,19,19
6446,18,18
6447,6,6
6448,12,12
6449,16,16
6450,13,13
6451,9,9
6452,19,19
6453,6,6
6454,20,20
6455,2,2
6456,16,16
6457,25,25
6458,7,7
6459,21,21
6460,2,2
6461,5,5
6462,10,10
6463,6,6
6464,24,24
6465,15,15
6466,1,1
6467,20,20
6468,23,23
6469,18,18
6470,21,21
6471,3,3
6472,20,20
6473,16,16
6474,6,6
6475,25,25
6476,6,6
6477,1,1
6478,5,5
6479,2,2
6480,20,20
6481,7,7
6482,7,7
6483,25,25
6484,17,17
6485,9,9
6486,10,10
6487,0,0
6488,21,21
6489,24,24
6490,2,2
6491,4,4
6492,3,3
6493,1,1
6494,9,9
6495,10,10
6496,3,3
6497,1,1
6498,25,25
6499,13,13
6500,18,18
6501,6,6
6502,2,2
6503,25,25
6504,8,8
6505,10,10
6506,6,6
6507,18,18
6508,16,16
6509,3,3
6510,10,10
6511,7,7
6512,25,25
6513,16,16
6514,24,24
6515,24,24
6516,13,13
6517,6,6
6518,4,4
6519,5,5
6520,1,1
6521,16,16
6522,8,8
6523,23,23
6524,18,18
6525,1,1
6526,19,19
6527,19,19
6528,21,21
6529,24,24
6530,20,20
6531,12,12
6532,24,24
6533,6,6
6534,8,8
6535,15,15
6536,2,2
6537,25,25
6538,1,1
6539,9,9
6540,8,8
6541,4,4
6542,20,20
6543,7,7
6544,6,6
6545,18,18
6546,20,20
6547,25,25
6548,24,24
6549,25,25
6550,16,16
6551,11,11
6552,6,6
6553,24,24
6554,8,8
6555,17,17
6556,21,21
6557,4,4
6558,21,21
6559,25,25
6560,20,20
6561,2,2
6562,19,19
6563,13,13
6564,4,4
6565,4,4
6566,5,5
6567,8,8
6568,21,21
6569,16,16
6570,25,25
6571,24,24
6572,4,4
6573,7,7
6574,14,14
6575,17,17
6576,8,8
6577,0,0
6578,20,20
6579,6,6
6580,1,1
6581,16,16
6582,4,4
6583,3,3
6584,11,11
6585,7,7
6586,13,13
6587,25,25
6588,24,24
6589,7,7
6590,20,20
6591,9,9
6592,5,5
6593,23,23
6594,6,6
6595,15,15
6596,2,2
6597,25,25
6598,4,4
6599,6,6
6600,2,2
6601,3,3
6602,18,18
6603,9,9
6604,11,11
6605,23,23
6606,25,25
6607,25,25
6608,3,3
6609,21,21
6610,7,7
6611,16,16
6612,18,18
6613,2,2
6614,23,23
6615,15,15
6616,21,21
6617,24,24
6618,2,2
6619,25,25
6620,21,21
6621,18,18
6622,0,0
6623,15,15
6624,16,16
6625,21,21
6626,5,5
6627,2,2
6628,16,16
6629,0,0
6630,22,22
6631,10,10
6632,25,25
6633,10,10
6634,17,17
6635,18,18
6636,1,1
6637,2,2
6638,21,21
6639,6,6
6640,7,7
6641,12,12
6642,15,15
6643,1,1
6644,7,7
6645,1,1
6646,25,25
6647,24,24
6648,18,18
6649,18,18
6650,8,8
6651,5,5
6652,7,7
6653,6,6
6654,20,20
6655,6,6
6656,25,25
6657,2,2
6658,17,17
6659,6,6
6660,16,16
6661,19,19
6662,5,5
6663,0,0
6664,8,8
6665,24,24
6666,18,18
6667,5,5
6668,9,9
6669,25,25
6670,25,25
6671,21,21
6672,16,16
6673,9,9
6674,5,5
6675,24,24
6676,5,5
6677,15,15
6678,25,25
6679,7,7
6680,3,3
6681,10,10
6682,8,8
6683,6,6
6684,18,18
6685,20,20
6686,15,15
6687,19,19
6688,3,3
6689,21,21
6690,23,23
6691,24,24
6692,2,2
6693,18,18
6694,23,23
6695,7,7
6696,23,23
6697,10,10
6698,0,0
6699,22,22
6700,6,6
6701,1,1
6702,5,5
6703,9,9
6704,13,13
6705,18,18
6706,7,7
6707,24,24
6708,16,16
6709,16,16
6710,0,0
6711,0,0
6712,21,21
6713,4,4
6714,2,2
6715,20,20
6716,16,16
6717,2,2
6718,1,1
6719,21,21
6720,21,21
6721,17,17
6722,16,16
6723,24,24
6724,5,5
6725,1,1
6726,16,16
6727,7,7
6728,10,10
6729,3,3
6730,13,13
6731,21,21
6732,4,4
6733,11,11
6734,7,7
6735,7,7
6736,14,14
6737,1,1
6738,24,24
6739,10,10
6740,17,17
6741,20,20
6742,16,16
6743,16,16
6744,9,9
6745,5,5
6746,20,20
6747,24,24
6748,20,20
6749,12,12
6750,8,8
6751,19,19
6752,16,16
6753,16,16
6754,25,25
6755,0,0
6756,0,0
6757,1,1
6758,1,1
6759,19,19
6760,7,7
6761,1,1
6762,2,2
6763,13,13
6764,9,9
6765,24,24
6766,6,6
6767,13,13
6768,24,24
6769,24,24
6770,1,1
6771,16,16
6772,7,7
6773,24,24
6774,2,2
6775,3,3
6776,5,5
6777,1,1
6778,16,16
6779,21,21
6780,16,16
6781,25,25
6782,17,17
6783,22,22
6784,9,9
6785,4,4
6786,18,18
6787,16,16
6788,1,1
6789,7,7
6790,2,2
6791,19,19
6792,18,18
6793,24,24
6794,24,24
6795,2,2
6796,16,16
6797,7,7
6798,4,4
6799,16,16
6800,10,10
6801,4,4
6802,24,24
6803,21,21
6804,21,21
6805,9,9
6806,5,5
6807,9,9
6808,5,5
6809,2,2
6810,20,20
6811,3,3
6812,11,11
6813,11,11
6814,16,16
6815,2,2
6816,8,8
6817,7,7
6818,7,7
6819,20,20
6820,6,6
6821,4,4
6822,10,10
6823,8,8
6824,7,7
6825,5,5
6826,7,7
6827,0,0
6828,6,6
6829,2,2
6830,14,14
6831,4,4
6832,7,7
6833,25,25
6834,20,20
6835,16,16
6836,7,7
6837,12,12
6838,8,8
6839,3,3
6840,16,16
6841,7,7
6842,4,4
6843,18,18
6844,1,1
6845,21,21
6846,13,13
6847,23,23
6848,16,16
6849,23,23
6850,7,7
6851,1,1
6852,13,13
6853,11,11
6854,11,11
6855,0,0
6856,13,13
6857,7,7
6858,20,20
6859,15,15
6860,23,23
6861,13,13
6862,21,21
6863,25,25
6864,16,16
6865,5,5
6866,2,2
6867,16,16
6868,24,24
6869,6,6
6870,12,12
6871,2,2
6872,5,5
6873,16,16
6874,5,5
6875,4,4
6876,13,13
6877,15,15
6878,12,12
6879,24,24
6880,10,10
6881,3,3
6882,2,2
6883,10,10
6884,5,5
6885,5,5
6886,10,10
6887,13,13
6888,23,23
6889,25,25
6890,16,16
6891,0,0
6892,24,24
6893,18,18
6894,17,17
6895,23,23
6896,19,19
6897,21,21
6898,5,5
6899,24,24
6900,15,15
6901,25,25
6902,19,19
6903,0,0
6904,2,2
6905,20,20
6906,6,6
6907,3,3
6908,13,13
6909,5,5
6910,4,4
6911,6,6
6912,4,4
6913,22,22
6914,24,24
6915,5,5
6916,24,24
6917,11,11
6918,25,25
6919,20,20
6920,5,5
6921,5,5
6922,2,2
6923,7,7
6924,2,2
6925,17,17
6926,5,5
6927,6,6
6928,24,24
6929,2,2
6930,19,19
6931,0,0
6932,12,12
6933,18,18
6934,23,23
6935,1,1
6936,18,18
6937,15,15
6938,8,8
6939,2,2
6940,13,13
6941,12,12
6942,1,1
6943,5,5
6944,21,21
6945,16,16
6946,1,1
6947,2,2
6948,8,8
6949,2,2
6950,19,19
6951,1,1
6952,5,5
6953,2,2
6954,24,24
6955,4,4
6956,4,4
6957,12,12
6958,19,19
6959,2,2
6960,10,10
6961,25,25
6962,9,9
6963,0,0
6964,4,4
6965,6,6
6966,25,25
6967,25,25
6968,20,20
6969,24,24
6970,5,5
6971,18,18
6972,3,3
6973,24,24
6974,12,12
6975,17,17
6976,25,25
6977,19,19
6978,9,9
6979,22,22
6980,15,15
6981,18,18
6982,25,25
6983,8,8
6984,20,20
6985,19,19
6986,9,9
6987,24,24
6988,20,20
6989,16,16
6990,8,8
6991,16,16
6992,9,9
6993,6,6
6994,5,5
6995,8,8
6996,15,15
6997,17,17
6998,16,16
6999,8,8
7000,9,9
7001,23,23
7002,5,5
7003,6,6
7004,13,13
7005,19,19
7006,6,6
7007,1,1
7008,8,8
7009,15,15
7010,20,20
7011,5,5
7012,17,17
7013,13,13
7014,5,5
7015,25,25
7016,5,5
7017,9,9
7018,0,0
7019,19,19
7020,1,1
7021,25,25
7022,18,18
7023,7,7
7024,15,15
7025,16,16
7026,4,4
7027,25,25
7028,2,2
7029,7,7
7030,16,16
7031,10,10
7032,5,5
7033,8,8
7034,24,24
7035,25,25
7036,1,1
7037,21,21
7038,24,24
7039,19,19
7040,25,25
7041,4,4
7042,19,19
7043,24,24
7044,25,25
7045,24,24
7046,12,12
7047,19,19
7048,11,11
7049,13,13
7050,0,0
7051,20,20
7052,1,1
7053,9,9
7054,9,9
7055,17,25
7056,0,0
7057,9,9
7058,2,2
7059,25,25
7060,7,7
7061,9,9
7062,25,25
7063,12,12
7064,25,25
7065,11,11
7066,20,20
7067,2,2
7068,3,3
7069,5,5
7070,12,12
7071,24,24
7072,1,1
7073,24,24
7074,8,8
7075,23,23
7076,21,21
7077,2,2
7078,10,10
7079,25,25
7080,9,9
7081,17,17
7082,8,8
7083,6,6
7084,13,13
7085,8,8
7086,5,5
7087,25,25
7088,8,8
7089,7,7
7090,24,24
7091,2,2
7092,7,7
7093,9,9
7094,4,4
7095,7,7
7096,8,8
7097,8,8
7098,20,20
7099,8,8
7100,21,21
7101,16,16
7102,4,4
7103,7,7
7104,23,23
7105,9,9
7106,5,5
7107,7,7
7108,21,21
7109,2,2
7110,18,18
7111,2,2
7112,4,4
7113,7,7
7114,5,5
7115,11,11
7116,17,17
7117,5,5
7118,22,22
7119,7,7
7120,4,4
7121,2,2
7122,16,16
7123,7,7
7124,16,16
7125,23,23
7126,6,6
7127,25,25
7128,7,7
7129,2,2
7130,19,19
7131,25,25
7132,2,2
7133,3,3
7134,16,16
7135,6,6
7136,16,16
7137,18,18
7138,7,7
7139,9,9
7140,25,25
7141,13,13
7142,5,5
7143,4,4
7144,4,4
7145,2,2
7146,5,5
7147,3,3
7148,16,16
7149,6,6
7150,6,6
7151,5,5
7152,10,10
7153,1,1
7154,4,4
7155,24,24
7156,15,15
7157,7,7
7158,20,20
7159,1,1
7160,1,1
7161,14,14
7162,8,8
7163,14,14
7164,4,4
7165,16,16
7166,1,1
7167,8,8
7168,25,25
7169,24,24
7170,3,3
7171,5,5
7172,1,1
7173,18,18
7174,12,12
7175,20,20
7176,18,18
7177,6,6
7178,5,5
7179,6,6
7180,19,19
7181,25,25
7182,4,4
7183,16,16
7184,25,25
7185,7,7
7186,7,7
7187,25,25
7188,20,20
7189,2,2
7190,2,2
7191,19,19
7192,8,8
7193,21,21
7194,16,16
7195,0,0
7196,11,11
7197,25,25
7198,8,8
7199,9,9
7200,12,12
7201,7,7
7202,0,0
7203,5,5
7204,6,6
7205,18,18
7206,11,11
7207,21,21
7208,13,13
7209,25,25
7210,2,2
7211,7,7
7212,23,23
7213,2,2
7214,21,21
7215,9,9
7216,5,5
7217,5,5
7218,18,18
7219,14,14
7220,3,3
7221,19,19
7222,4,4
7223,5,5
7224,6,6
7225,7,7
7226,6,6
7227,17,17
7228,25,25
7229,4,4
7230,7,7
7231,15,15
7232,23,23
7233,2,2
7234,21,21
7235,4,4
7236,25,25
7237,6,6
7238,5,5
7239,2,2
7240,7,7
7241,7,7
7242,18,18
7243,4,4
7244,24,24
7245,13,13
7246,5,5
7247,19,19
7248,12,12
7249,24,24
7250,1,1
7251,21,21
7252,19,19
7253,8,8
7254,7,7
7255,23,23
7256,13,13
7257,21,21
7258,0,0
7259,3,3
7260,6,6
7261,7,7
7262,25,25
7263,16,16
7264,11,11
7265,0,0
7266,13,13
7267,22,22
7268,17,17
7269,11,11
7270,14,14
7271,1,1
7272,6,6
7273,10,10
7274,4,4
7275,7,7
7276,5,5
7277,24,24
7278,6,6
7279,4,4
7280,16,16
7281,13,13
7282,6,6
7283,24,24
7284,25,25
7285,25,25
7286,2,2
7287,2,2
7288,20,20
7289,3,3
7290,2,2
7291,5,5
7292,23,23
7293,5,5
7294,5,5
7295,2,2
7296,3,3
7297,4,4
7298,5,5
7299,18,18
7300,16,16
7301,8,8
7302,25,25
7303,9,9
7304,1,1
7305,3,3
7306,4,4
7307,23,23
7308,8,8
7309,21,21
7310,1,1
7311,9,9
7312,3,3
7313,25,25
7314,12,12
7315,0,0
7316,4,4
7317,20,20
7318,2,2
7319,25,25
7320,13,13
7321,11,11
7322,23,23
7323,9,9
7324,10,10
7325,10,10
7326,7,7
7327,25,25
7328,9,9
7329,3,3
7330,7,7
7331,6,6
7332,0,0
7333,5,5
7334,0,0
7335,24,24
7336,19,19
7337,7,7
7338,17,17
7339,21,21
7340,16,16
7341,20,20
7342,3,3
7343,2,2
7344,6,6
7345,5,5
7346,1,1
7347,5,5
7348,5,5
7349,8,8
7350,5,5
7351,21,21
7352,25,25
7353,8,8
7354,4,4
7355,20,20
7356,23,23
7357,8,8
7358,12,12
7359,10,10
7360,25,25
7361,5,5
7362,5,5
7363,23,23
7364,25,25
7365,2,2
7366,2,2
7367,5,5
7368,24,24
7369,2,2
7370,24,24
7371,1,1
7372,20,20
7373,4,4
7374,19,19
7375,20,20
7376,5,5
7377,18,18
7378,11,11
7379,8,8
7380,15,15
7381,23,23
7382,4,4
7383,5,5
7384,7,7
7385,23,23
7386,18,18
7387,8,8
7388,4,4
7389,19,19
7390,21,21
7391,16,16
7392,12,12
7393,4,4
7394,11,11
7395,13,13
7396,15,15
7397,10,10
7398,19,19
7399,25,25
7400,17,17
7401,24,24
7402,25,25
7403,5,5
7404,9,9
7405,24,24
7406,19,19
7407,25,25
7408,0,0
7409,18,18
7410,25,25
7411,17,17
7412,19,19
7413,8,8
7414,18,18
7415,4,4
7416,18,18
7417,5,5
7418,2,2
7419,9,9
7420,1,1
7421,4,4
7422,6,6
7423,3,3
7424,5,5
7425,19,19
7426,19,19
7427,7,7
7428,1,1
7429,4,4
7430,17,17
7431,4,4
7432,2,2
7433,19,19
7434,9,9
7435,21,21
7436,2,2
7437,15,15
7438,6,6
7439,7,7
7440,25,25
7441,20,20
7442,23,23
7443,1,1
7444,21,21
7445,24,24
7446,9,9
7447,3,3
7448,5,5
7449,23,23
7450,9,9
7451,4,4
7452,24,24
7453,24,24
7454,24,24
7455,16,16
7456,16,16
7457,1,1
7458,6,6
7459,21,21
7460,12,12
7461,20,20
7462,9,9
7463,12,12
7464,8,8
7465,12,12
7466,9,9
7467,5,5
7468,7,7
7469,18,18
7470,19,19
7471,5,5
7472,18,18
7473,3,3
7474,10,10
7475,23,23
7476,3,3
7477,22,22
7478,14,14
7479,21,21
7480,24,24
7481,4,4
7482,17,17
7483,0,0
7484,1,1
7485,16,16
7486,13,13
7487,1,1
7488,25,25
7489,21,21
7490,0,0
7491,14,14
7492,1,1
7493,23,23
7494,19,19
7495,5,5
7496,7,7
7497,5,5
7498,6,6
7499,13,13
7500,25,25
7501,2,2
7502,9,9
7503,12,12
7504,2,2
7505,2,2
7506,24,24
7507,8,8
7508,25,25
7509,5,5
7510,5,5
7511,25,25
7512,25,25
7513,1,1
7514,21,21
7515,5,5
7516,7,7
7517,4,4
7518,13,13
7519,20,20
7520,0,0
7521,1,1
7522,24,24
7523,25,25
7524,21,21
7525,5,5
7526,1,1
7527,15,15
7528,19,19
7529,25,25
7530,25,25
7531,25,25
7532,24,24
7533,12,12
7534,25,25
7535,20,20
7536,23,23
7537,23,23
7538,19,19
7539,6,6
7540,16,16
7541,9,9
7542,20,20
7543,3,3
7544,0,0
7545,6,6
7546,5,5
7547,21,21
7548,7,7
7549,6,6
7550,7,7
7551,4,4
7552,0,0
7553,7,7
7554,7,7
7555,16,16
7556,7,7
7557,16,16
7558,16,16
7559,0,0
7560,4,4
7561,24,24
7562,25,25
7563,16,16
7564,13,13
7565,9,9
7566,19,19
7567,0,0
7568,24,24
7569,21,21
7570,25,25
7571,5,5
7572,23,23
7573,16,16
7574,22,22
7575,1,1
7576,7,7
7577,21,21
7578,16,16
7579,6,6
7580,2,2
7581,16,16
7582,19,19
7583,24,24
7584,6,6
7585,20,20
7586,7,7
7587,13,13
7588,14,14
7589,2,2
7590,0,0
7591,23,23
7592,20,20
7593,6,6
7594,15,15
7595,16,16
7596,8,8
7597,23,23
7598,15,15
7599,16,16
7600,1,1
7601,4,4
7602,25,25
7603,7,7
7604,14,14
7605,6,6
7606,16,16
7607,12,12
7608,19,19
7609,7,7
7610,5,5
7611,4,4
7612,19,19
7613,5,5
7614,2,2
7615,11,11
7616,25,25
7617,6,6
7618,3,3
7619,16,16
7620,2,2
7621,9,9
7622,0,0
7623,17,17
7624,12,12
7625,2,2
7626,16,16
7627,4,4
7628,20,20
7629,21,21
7630,7,7
7631,8,8
7632,18,18
7633,24,24
7634,24,24
7635,20,20
7636,1,1
7637,13,13
7638,5,5
7639,1,1
7640,20,20
7641,19,19
7642,24,24
7643,20,20
7644,5,5
7645,5,5
7646,23,23
7647,7,7
7648,7,7
7649,24,24
7650,20,20
7651,8,8
7652,2,2
7653,4,4
7654,16,16
7655,21,21
7656,25,25
7657,19,19
7658,13,13
7659,4,4
7660,7,7
7661,6,6
7662,24,24
7663,16,16
7664,25,25
7665,0,0
7666,21,21
7667,23,23
7668,8,8
7669,21,21
7670,16,16
7671,25,25
7672,4,4
7673,8,8
7674,2,2
7675,7,7
7676,15,15
7677,5,5
7678,2,2
7679,25,25
7680,24,24
7681,5,5
7682,10,10
7683,4,4
7684,25,25
7685,7,7
7686,2,2
7687,21,21
7688,1,1
7689,1,1
7690,21,21
7691,19,19
7692,20,20
7693,19,19
7694,4,4
7695,1,1
7696,19,19
7697,1,1
7698,25,25
7699,16,16
7700,6,6
7701,2,2
7702,18,18
7703,18,18
7704,20,20
7705,4,4
7706,7,7
7707,10,10
7708,4,4
7709,18,18
7710,8,8
7711,2,2
7712,25,25
7713,24,24
7714,1,1
7715,2,2
7716,16,16
7717,18,18
7718,3,3
7719,2,2
7720,24,24
7721,6,6
7722,3,3
7723,5,5
7724,5,5
7725,0,0
7726,5,5
7727,25,25
7728,23,23
7729,10,10
7730,3,3
7731,7,7
7732,5,5
7733,24,24
7734,7,7
7735,21,21
7736,17,17
7737,20,20
7738,5,5
7739,8,8
7740,6,6
7741,6,6
7742,2,2
7743,13,13
7744,1,1
7745,1,1
7746,9,9
7747,17,17
7748,24,24
7749,19,19
7750,7,7
7751,16,2
7752,19,19
7753,18,18
7754,6,6
7755,2,2
7756,6,6
7757,2,2
7758,3,3
7759,9,9
7760,2,2
7761,4,4
7762,6,6
7763,4,4
7764,25,25
7765,24,24
7766,17,17
7767,20,20
7768,16,16
7769,25,25
7770,16,16
7771,25,25
7772,25,25
7773,2,2
7774,24,24
7775,0,0
7776,2,2
7777,24,24
7778,13,13
7779,11,11
7780,0,0
7781,1,1
7782,5,5
7783,0,0
7784,21,21
7785,0,0
7786,5,5
7787,5,5
7788,22,22
7789,4,4
7790,8,8
7791,13,13
7792,5,5
7793,5,5
7794,9,9
7795,25,25
7796,4,4
7797,18,18
7798,1,1
7799,10,10
7800,6,6
7801,25,25
7802,8,8
7803,16,16
7804,8,8
7805,5,5
7806,21,21
7807,22,22
7808,13,13
7809,3,3
7810,7,7
7811,20,20
7812,7,7
7813,5,5
7814,19,19
7815,1,1
7816,5,5
7817,2,2
7818,1,1
7819,4,4
7820,20,20
7821,18,18
7822,14,14
7823,24,24
7824,16,16
7825,3,3
7826,20,20
7827,25,25
7828,5,5
7829,12,12
7830,16,16
7831,4,4
7832,9,9
7833,17,17
7834,5,5
7835,9,9
7836,21,21
7837,17,17
7838,22,22
7839,24,24
7840,13,13
7841,23,23
7842,4,4
7843,23,23
7844,9,9
7845,23,23
7846,5,5
7847,25,25
7848,24,24
7849,24,24
7850,25,25
7851,24,24
7852,7,7
7853,19,19
7854,19,19
7855,24,24
7856,25,25
7857,1,1
7858,7,7
7859,17,17
7860,17,17
7861,16,16
7862,5,5
7863,24,24
7864,16,16
7865,4,4
7866,25,25
7867,4,4
7868,20,20
7869,10,10
7870,7,7
7871,16,16
7872,7,7
7873,23,23
7874,6,6
7875,18,18
7876,25,25
7877,12,12
7878,1,1
7879,0,0
7880,6,6
7881,21,21
7882,24,24
7883,20,20
7884,10,10
7885,21,21
7886,20,20
7887,20,20
7888,5,5
7889,24,24
7890,16,16
7891,17,17
7892,25,25
7893,15,15
7894,2,2
7895,1,1
7896,5,5
7897,21,21
7898,19,19
7899,17,17
7900,2,2
7901,16,16
7902,1,1
7903,6,6
7904,3,3
7905,0,0
7906,2,2
7907,2,2
7908,6,6
7909,6,6
7910,8,8
7911,5,5
7912,25,25
7913,25,25
7914,4,4
7915,24,24
7916,11,11
7917,7,7
7918,8,8
7919,2,2
7920,8,8
7921,23,23
7922,21,21
7923,10,10
7924,5,5
7925,17,17
7926,7,7
7927,12,12
7928,11,11
7929,2,2
7930,15,15
7931,19,19
7932,4,4
7933,24,24
7934,6,6
7935,20,20
7936,22,22
7937,19,19
7938,25,25
7939,23,23
7940,25,25
7941,24,24
7942,22,22
7943,2,2
7944,7,7
7945,4,4
7946,6,6
7947,14,14
7948,1,1
7949,24,24
7950,25,25
7951,24,24
7952,6,6
7953,16,16
7954,20,20
7955,3,3
7956,17,17
7957,3,3
7958,23,23
7959,7,7
7960,16,16
7961,25,25
7962,8,8
7963,25,25
7964,21,21
7965,2,2
7966,25,25
7967,8,8
7968,7,7
7969,7,7
7970,4,4
7971,2,2
7972,4,4
7973,0,0
7974,9,9
7975,25,25
7976,20,20
7977,17,17
7978,24,24
7979,20,20
7980,20,20
7981,21,21
7982,15,15
7983,25,25
7984,24,24
7985,21,21
7986,1,1
7987,18,18
7988,17,17
7989,21,21
7990,21,21
7991,24,24
7992,16,16
7993,25,25
7994,21,21
7995,5,5
7996,17,17
7997,25,25
7998,3,3
7999,25,25
8000,15,15
8001,19,19
8002,2,2
8003,16,16
8004,11,11
8005,25,25
8006,20,20
8007,22,22
8008,21,21
8009,18,18
8010,24,24
8011,18,18
8012,24,24
8013,0,0
8014,16,16
8015,16,16
8016,5,5
8017,19,19
8018,10,10
8019,16,16
8020,16,16
8021,16,16
8022,7,7
8023,25,25
8024,3,3
8025,21,21
8026,17,17
8027,0,0
8028,1,1
8029,19,19
8030,3,3
8031,25,25
8032,5,5
8033,23,23
8034,1,1
8035,18,18
8036,2,2
8037,2,2
8038,25,25
8039,7,7
8040,24,24
8041,1,1
8042,6,6
8043,2,2
8044,17,17
8045,9,9
8046,0,0
8047,8,8
8048,15,15
8049,8,8
8050,24,24
8051,21,21
8052,15,15
8053,5,5
8054,25,25
8055,8,8
8056,7,7
8057,10,10
8058,25,25
8059,6,6
8060,16,16
8061,17,17
8062,22,22
8063,18,18
8064,1,1
8065,4,4
8066,17,17
8067,6,6
8068,7,7
8069,3,3
8070,19,19
8071,23,23
8072,0,0
8073,1,1
8074,1,1
8075,4,4
8076,4,4
8077,24,24
8078,24,24
8079,4,4
8080,16,16
8081,2,2
8082,23,23
8083,25,25
8084,2,2
8085,18,18
8086,18,18
8087,5,5
8088,1,1
8089,24,24
8090,23,23
8091,8,8
8092,25,25
8093,18,18
8094,2,2
8095,25,25
8096,6,6
8097,2,2
8098,1,1
8099,4,4
8100,18,18
8101,20,20
8102,21,21
8103,4,4
8104,25,25
8105,5,5
8106,18,18
8107,14,14
8108,21,21
8109,13,13
8110,3,3
8111,16,16
8112,25,25
8113,19,19
8114,5,5
8115,9,9
8116,5,5
8117,0,0
8118,19,19
8119,1,1
8120,24,24
8121,16,16
8122,2,2
8123,25,25
8124,15,15
8125,7,7
8126,4,4
8127,16,16
8128,4,4
8129,3,3
8130,16,16
8131,16,16
8132,18,18
8133,7,7
8134,23,23
8135,24,24
8136,8,8
8137,18,18
8138,2,2
8139,8,8
8140,13,13
8141,19,19
8142,3,3
8143,25,25
8144,9,9
8145,10,10
8146,24,24
8147,19,19
8148,16,16
8149,3,3
8150,13,13
8151,25,25
8152,8,8
8153,16,16
8154,5,5
8155,9,9
8156,6,6
8157,5,5
8158,5,5
8159,24,24
8160,6,6
8161,5,5
8162,18,18
8163,3,3
8164,6,6
8165,19,19
8166,8,8
8167,8,8
8168,17,17
8169,4,4
8170,2,2
8171,10,10
8172,15,15
8173,4,4
8174,5,5
8175,19,19
8176,9,9
8177,9,9
8178,18,18
8179,25,25
8180,23,23
8181,18,18
8182,2,2
8183,8,8
8184,17,17
8185,2,2
8186,6,6
8187,5,5
8188,11,11
8189,17,17
8190,23,23
8191,24,24
8192,4,4
8193,7,7
8194,15,15
8195,10,10
8196,25,25
8197,10,10
8198,13,13
8199,21,21
8200,19,19
8201,18,18
8202,23,23
8203,24,24
8204,3,3
8205,20,20
8206,24,24
8207,9,9
8208,5,5
8209,6,6
8210,25,25
8211,4,4
8212,19,19
8213,0,0
8214,3,3
8215,25,25
8216,2,2
8217,18,18
8218,10,10
8219,10,10
8220,7,7
8221,24,24
8222,1,1
8223,19,19
8224,7,7
8225,2,2
8226,2,2
8227,10,10
8228,0,0
8229,7,7
8230,13,13
8231,3,3
8232,20,20
8233,2,2
8234,13,13
8235,4,4
8236,23,23
8237,8,8
8238,2,2
8239,16,16
8240,18,18
8241,5,5
8242,12,12
8243,4,4
8244,3,3
8245,5,5
8246,23,23
8247,9,9
8248,19,19
8249,7,7
8250,23,23
8251,16,16
8252,19,19
8253,1,1
8254,12,12
8255,5,5
8256,20,20
8257,23,23
8258,7,7
8259,7,7
8260,1,1
8261,2,2
8262,0,0
8263,5,5
8264,5,5
8265,16,16
8266,5,5
8267,2,2
8268,18,18
8269,19,19
8270,24,24
8271,16,16
8272,11,11
8273,6,6
8274,9,9
8275,20,20
8276,19,19
8277,16,16
8278,24,24
8279,23,23
8280,7,7
8281,4,4
8282,4,4
8283,5,5
8284,19,19
8285,24,24
8286,21,21
8287,20,20
8288,6,6
8289,23,23
8290,17,17
8291,5,5
8292,5,5
8293,16,16
8294,1,1
8295,18,18
8296,11,11
8297,7,7
8298,14,14
8299,20,20
8300,15,15
8301,25,25
8302,1,1
8303,7,7
8304,8,8
8305,17,17
8306,24,24
8307,17,17
8308,5,5
8309,2,2
8310,0,0
8311,24,24
8312,9,9
8313,3,3
8314,1,1
8315,12,12
8316,0,0
8317,8,8
8318,9,9
8319,12,12
8320,19,19
8321,18,18
8322,16,16
8323,13,13
8324,0,0
8325,2,2
8326,2,2
8327,2,2
8328,5,5
8329,1,1
8330,9,9
8331,17,17
8332,19,19
8333,21,21
8334,7,7
8335,21,21
8336,20,20
8337,10,10
8338,24,24
8339,2,2
8340,0,0
8341,19,19
8342,3,3
8343,20,20
8344,12,12
8345,25,25
8346,4,4
8347,2,2
8348,21,21
8349,21,21
8350,25,25
8351,21,21
8352,20,20
8353,6,6
8354,13,13
8355,1,1
8356,16,16
8357,16,16
8358,5,5
8359,6,6
8360,7,7
8361,21,21
8362,18,18
8363,6,6
8364,25,25
8365,18,18
8366,2,2
8367,6,6
8368,15,15
8369,16,16
8370,18,18
8371,5,5
8372,20,20
8373,1,1
8374,7,7
8375,25,25
8376,23,23
8377,3,3
8378,19,19
8379,16,16
8380,14,14
8381,21,21
8382,0,0
8383,22,22
8384,16,16
8385,13,13
8386,16,16
8387,6,6
8388,7,7
8389,6,6
8390,5,5
8391,20,20
8392,1,1
8393,16,16
8394,4,4
8395,5,5
8396,1,1
8397,3,3
8398,24,24
8399,8,8
8400,9,9
8401,5,5
8402,11,11
8403,22,22
8404,7,7
8405,0,0
8406,4,4
8407,24,24
8408,24,24
8409,23,23
8410,9,9
8411,1,1
8412,11,11
8413,24,24
8414,18,18
8415,25,25
8416,20,20
8417,7,7
8418,24,24
8419,16,16
8420,2,2
8421,10,10
8422,23,23
8423,10,10
8424,0,0
8425,24,24
8426,7,7
8427,18,18
8428,19,19
8429,25,25
8430,1,1
8431,17,17
8432,2,2
8433,3,3
8434,13,13
8435,7,7
8436,2,2
8437,10,10
8438,8,8
8439,24,24
8440,24,24
8441,23,23
8442,6,6
8443,16,16
8444,10,10
8445,8,8
8446,2,2
8447,16,16
8448,3,3
8449,12,12
8450,5,5
8451,15,15
8452,16,16
8453,0,0
8454,16,16
8455,16,16
8456,23,23
8457,7,7
8458,9,9
8459,1,1
8460,8,8
8461,0,0
8462,6,6
8463,25,25
8464,10,10
8465,13,13
8466,1,1
8467,0,0
8468,3,3
8469,6,6
8470,8,8
8471,4,4
8472,15,15
8473,20,20
8474,3,3
8475,3,3
8476,13,13
8477,0,0
8478,21,21
8479,0,0
8480,10,10
8481,3,3
8482,21,21
8483,5,5
8484,9,9
8485,2,2
8486,5,5
8487,2,2
8488,25,25
8489,25,25
8490,1,1
8491,3,3
8492,9,9
8493,14,14
8494,16,16
8495,21,21
8496,9,9
8497,17,17
8498,21,21
8499,24,24
8500,23,23
8501,18,18
8502,22,22
8503,18,18
8504,22,22
8505,24,24
8506,16,16
8507,15,15
8508,6,6
8509,14,14
8510,24,24
8511,20,20
8512,10,10
8513,18,18
8514,17,17
8515,21,21
8516,2,2
8517,25,25
8518,6,6
8519,24,24
8520,16,16
8521,7,7
8522,25,25
8523,11,11
8524,4,4
8525,15,15
8526,4,4
8527,2,2
8528,5,5
8529,24,24
8530,10,10
8531,17,17
8532,7,7
8533,16,16
8534,7,7
8535,17,17
8536,10,10
8537,7,7
8538,21,21
8539,5,5
8540,7,7
8541,20,20
8542,18,18
8543,13,13
8544,21,21
8545,9,9
8546,5,5
8547,16,16
8548,1,1
8549,14,14
8550,2,2
8551,2,2
8552,2,2
8553,5,5
8554,20,20
8555,16,16
8556,4,4
8557,9,9
8558,13,13
8559,6,6
8560,7,7
8561,12,12
8562,13,13
8563,8,8
8564,7,7
8565,8,8
8566,0,0
8567,4,4
8568,14,14
8569,3,3
8570,25,25
8571,0,0
8572,0,0
8573,2,2
8574,19,19
8575,9,9
8576,15,15
8577,17,17
8578,3,3
8579,3,3
8580,7,7
8581,19,19
8582,7,7
8583,20,20
8584,24,24
8585,19,19
8586,21,21
8587,18,18
8588,1,1
8589,5,5
8590,16,16
8591,24,24
8592,3,3
8593,23,23
8594,9,9
8595,0,0
8596,2,2
8597,8,8
8598,19,19
8599,9,9
8600,16,16
8601,6,6
8602,18,18
8603,20,20
8604,24,24
8605,3,3
8606,1,1
8607,8,8
8608,2,2
8609,9,9
8610,24,24
8611,17,17
8612,4,4
8613,25,25
8614,23,23
8615,18,18
8616,1,1
8617,17,17
8618,5,5
8619,7,7
8620,24,24
8621,18,18
8622,4,4
8623,21,21
8624,12,12
8625,7,7
8626,23,23
8627,10,10
8628,2,2
8629,21,21
8630,7,7
8631,25,25
8632,18,18
8633,6,6
8634,4,4
8635,25,25
8636,2,2
8637,23,23
8638,7,7
8639,7,7
8640,16,16
8641,1,1
8642,2,2
8643,2,2
8644,16,16
8645,24,24
8646,3,3
8647,20,20
8648,21,21
8649,15,15
8650,21,21
8651,2,2
8652,1,1
8653,7,7
8654,3,3
8655,9,9
8656,15,15
8657,2,2
8658,25,25
8659,17,17
8660,17,17
8661,6,6
8662,11,11
8663,17,17
8664,7,7
8665,19,19
8666,20,20
8667,25,25
8668,19,19
8669,20,20
8670,24,24
8671,12,12
8672,25,25
8673,4,4
8674,0,0
8675,7,7
8676,24,24
8677,5,5
8678,0,0
8679,11,11
8680,4,4
8681,20,20
8682,17,17
8683,11,11
8684,24,24
8685,24,24
8686,24,24
8687,7,7
8688,19,19
8689,20,20
8690,10,10
8691,15,15
8692,0,0
8693,20,20
8694,7,7
8695,25,25
8696,25,25
8697,5,5
8698,24,24
8699,5,5
8700,20,20
8701,13,13
8702,2,2
8703,5,5
8704,15,15
8705,1,1
8706,6,6
8707,24,24
8708,7,7
8709,0,0
8710,17,17
8711,21,21
8712,18,18
8713,1,1
8714,1,1
8715,2,2
8716,2,2
8717,22,22
8718,21,21
8719,4,4
8720,6,6
8721,20,20
8722,25,25
8723,17,17
8724,5,5
8725,2,2
8726,19,19
8727,17,17
8728,2,2
8729,7,7
8730,8,8
8731,20,20
8732,3,3
8733,5,5
8734,12,12
8735,20,20
8736,9,9
8737,7,7
8738,23,23
8739,23,23
8740,21,21
8741,3,3
8742,24,24
8743,1,1
8744,1,1
8745,8,8
8746,8,8
8747,24,24
8748,8,8
8749,16,16
8750,10,10
8751,18,18
8752,19,19
8753,21,21
8754,7,7
8755,25,25
8756,2,2
8757,20,20
8758,18,18
8759,14,14
8760,0,0
8761,11,11
8762,19,19
8763,2,2
8764,13,13
8765,1,1
8766,5,5
8767,23,23
8768,16,16
8769,9,9
8770,24,24
8771,15,15
8772,21,21
8773,23,23
8774,3,3
8775,0,0
8776,2,2
8777,14,14
8778,24,24
8779,10,10
8780,25,25
8781,4,4
8782,16,16
8783,6,6
8784,20,20
8785,6,6
8786,16,16
8787,9,9
8788,23,23
8789,4,4
8790,13,13
8791,7,7
8792,5,5
8793,13,13
8794,23,23
8795,8,8
8796,2,2
8797,6,6
8798,2,2
8799,23,23
8800,24,24
8801,9,9
8802,13,13
8803,7,7
8804,23,23
8805,7,7
8806,19,19
8807,15,15
8808,20,20
8809,18,18
8810,1,1
8811,7,7
8812,2,2
8813,3,3
8814,3,3
8815,25,25
8816,1,1
8817,16,16
8818,4,4
8819,5,5
8820,18,18
8821,15,15
8822,21,21
8823,5,5
8824,25,25
8825,19,19
8826,2,2
8827,11,11
8828,24,24
8829,4,4
8830,5,5
8831,11,11
8832,5,5
8833,24,24
8834,10,10
8835,21,21
8836,16,16
8837,25,25
8838,10,10
8839,20,20
8840,17,17
8841,18,18
8842,7,7
8843,14,14
8844,22,22
8845,23,23
8846,9,9
8847,21,21
8848,25,25
8849,1,1
8850,24,24
8851,15,15
8852,25,25
8853,4,4
8854,23,23
8855,0,0
8856,6,6
8857,3,3
8858,5,5
8859,24,24
8860,24,24
8861,1,1
8862,14,14
8863,24,24
8864,7,7
8865,6,6
8866,16,16
8867,5,5
8868,18,18
8869,5,5
8870,20,20
8871,12,12
8872,25,25
8873,3,3
8874,24,24
8875,12,12
8876,17,17
8877,13,13
8878,25,25
8879,8,8
8880,7,7
8881,22,22
8882,2,2
8883,4,4
8884,1,1
8885,5,5
8886,12,12
8887,5,5
8888,14,14
8889,15,15
8890,2,2
8891,6,6
8892,7,7
8893,20,20
8894,1,1
8895,21,21
8896,12,12
8897,17,17
8898,7,7
8899,9,9
8900,3,3
8901,3,3
8902,5,5
8903,13,13
8904,8,8
8905,1,1
8906,16,16
8907,18,18
8908,7,7
8909,5,5
8910,15,15
8911,18,18
8912,23,23
8913,6,6
8914,16,16
8915,7,7
8916,7,7
8917,13,13
8918,12,12
8919,21,21
8920,9,9
8921,4,4
8922,15,15
8923,9,9
8924,18,18
8925,25,25
8926,3,3
8927,1,1
8928,20,20
8929,6,6
8930,16,16
8931,0,0
8932,7,7
8933,21,21
8934,6,6
8935,2,2
8936,2,2
8937,2,2
8938,23,23
8939,9,9
8940,25,25
8941,3,3
8942,21,21
8943,10,10
8944,4,4
8945,2,2
8946,16,16
8947,3,3
8948,18,18
8949,4,4
8950,7,7
8951,12,12
8952,20,20
8953,1,1
8954,1,1
8955,3,3
8956,17,17
8957,3,3
8958,7,7
8959,3,3
8960,4,4
8961,19,19
8962,3,3
8963,18,18
8964,0,0
8965,7,7
8966,8,8
8967,4,4
8968,23,23
8969,2,2
8970,5,5
8971,7,7
8972,5,5
8973,16,16
8974,6,6
8975,23,23
8976,25,25
8977,19,19
8978,1,1
8979,9,9
8980,25,25
8981,7,7
8982,7,7
8983,8,8
8984,19,19
8985,3,3
8986,7,7
8987,2,2
8988,8,8
8989,4,4
8990,21,21
8991,5,5
8992,25,25
8993,21,21
8994,8,8
8995,8,8
8996,1,1
8997,19,19
8998,23,23
8999,10,10
9000,1,1
9001,5,5
9002,16,16
9003,10,10
9004,21,21
9005,19,19
9006,5,5
9007,17,17
9008,5,5
9009,20,20
9010,23,23
9011,24,24
9012,7,7
9013,25,25
9014,15,15
9015,2,2
9016,5,5
9017,21,21
9018,16,16
9019,25,25
9020,4,4
9021,5,5
9022,0,0
9023,13,13
9024,25,25
9025,2,2
9026,19,19
9027,5,5
9028,10,10
9029,7,7
9030,16,16
9031,4,4
9032,8,8
9033,10,10
9034,8,8
9035,21,21
9036,15,15
9037,11,11
9038,0,0
9039,25,25
9040,5,5
9041,16,16
9042,2,2
9043,7,7
9044,2,2
9045,5,5
9046,12,12
9047,4,4
9048,6,6
9049,23,23
9050,16,16
9051,13,13
9052,17,17
9053,2,2
9054,17,17
9055,0,0
9056,4,4
9057,23,23
9058,8,8
9059,21,21
9060,19,19
9061,5,5
9062,13,13
9063,19,19
9064,23,23
9065,19,19
9066,5,5
9067,7,7
9068,1,1
9069,4,4
9070,25,25
9071,2,2
9072,23,23
9073,0,0
9074,8,8
9075,18,18
9076,4,4
9077,25,25
9078,2,2
9079,4,4
9080,4,4
9081,2,2
9082,10,10
9083,19,19
9084,15,15
9085,23,23
9086,4,4
9087,0,0
9088,4,4
9089,1,1
9090,18,18
9091,13,13
9092,7,7
9093,1,1
9094,0,0
9095,8,8
9096,24,24
9097,19,19
9098,20,20
9099,5,5
9100,8,8
9101,24,24
9102,1,1
9103,6,6
9104,25,25
9105,2,2
9106,7,7
9107,16,16
9108,17,17
9109,3,3
9110,5,5
9111,23,23
9112,23,23
9113,0,0
9114,7,7
9115,4,4
9116,22,22
9117,17,17
9118,16,16
9119,18,18
9120,24,24
9121,1,1
9122,6,6
9123,4,4
9124,9,9
9125,2,2
9126,24,24
9127,8,8
9128,20,20
9129,5,5
9130,1,1
9131,12,12
9132,24,24
9133,20,20
9134,18,18
9135,18,18
9136,20,20
9137,13,13
9138,21,21
9139,15,15
9140,16,16
9141,6,6
9142,17,17
9143,16,16
9144,0,0
9145,25,25
9146,3,3
9147,16,16
9148,19,19
9149,10,10
9150,1,1
9151,9,9
9152,0,0
9153,5,5
9154,15,15
9155,20,20
9156,9,9
9157,7,7
9158,8,8
9159,25,25
9160,8,8
9161,25,25
9162,3,3
9163,16,16
9164,17,17
9165,12,12
9166,24,24
9167,1,1
9168,4,4
9169,25,25
9170,18,18
9171,4,4
9172,10,10
9173,19,19
9174,6,6
9175,17,17
9176,25,25
9177,7,7
9178,20,20
9179,12,12
9180,16,16
9181,24,24
9182,10,10
9183,5,5
9184,9,9
9185,23,23
9186,20,20
9187,9,9
9188,7,7
9189,4,4
9190,18,18
9191,24,24
9192,9,9
9193,7,7
9194,5,5
9195,5,5
9196,3,3
9197,21,21
9198,19,19
9199,2,2
9200,18,18
9201,2,2
9202,7,7
9203,1,1
9204,2,2
9205,11,11
9206,16,16
9207,10,10
9208,2,2
9209,7,7
9210,16,16
9211,13,13
9212,25,25
9213,17,17
9214,1,1
9215,17,17
9216,25,25
9217,3,3
9218,15,15
9219,14,14
9220,6,6
9221,24,24
9222,17,17
9223,23,23
9224,16,16
9225,13,13
9226,2,2
9227,7,7
9228,18,18
9229,5,5
9230,2,2
9231,1,1
9232,25,25
9233,7,7
9234,3,3
9235,0,0
9236,19,19
9237,19,19
9238,2,2
9239,2,2
9240,7,7
9241,24,24
9242,24,24
9243,18,18
9244,9,9
9245,15,15
9246,16,16
9247,8,8
9248,5,5
9249,11,11
9250,11,11
9251,16,16
9252,24,24
9253,25,25
9254,21,21
9255,23,23
9256,16,16
9257,7,7
9258,15,15
9259,3,3
9260,15,15
9261,2,2
9262,13,13
9263,20,20
9264,2,2
9265,3,3
9266,10,10
9267,7,7
9268,0,0
9269,0,0
9270,2,2
9271,17,17
9272,21,21
9273,15,15
9274,9,9
9275,3,3
9276,7,7
9277,1,1
9278,24,24
9279,5,5
9280,18,18
9281,9,9
9282,18,18
9283,5,5
9284,16,16
9285,1,1
9286,24,24
9287,7,7
9288,3,3
9289,25,25
9290,4,4
9291,6,6
9292,4,4
9293,8,8
9294,2,2
9295,2,2
9296,8,8
9297,1,1
9298,25,25
9299,5,5
9300,25,25
9301,10,10
9302,16,16
9303,17,17
9304,2,2
9305,21,21
9306,20,20
9307,2,2
9308,6,6
9309,2,2
9310,9,9
9311,4,4
9312,2,2
9313,9,9
9314,7,7
9315,25,25
9316,5,5
9317,21,21
9318,25,25
9319,24,24
9320,4,4
9321,18,18
9322,12,12
9323,4,4
9324,16,16
9325,17,17
9326,15,15
9327,2,2
9328,16,16
9329,5,5
9330,18,18
9331,24,24
9332,20,20
9333,13,13
9334,7,7
9335,4,4
9336,4,4
9337,13,13
9338,5,5
9339,17,17
9340,2,2
9341,2,2
9342,23,23
9343,25,25
9344,5,5
9345,19,19
9346,5,5
9347,23,23
9348,13,13
9349,0,0
9350,16,16
9351,24,24
9352,6,6
9353,25,25
9354,24,24
9355,2,2
9356,5,5
9357,2,2
9358,5,5
9359,2,2
9360,21,21
9361,25,25
9362,1,1
9363,1,1
9364,20,20
9365,5,5
9366,0,0
9367,16,16
9368,20,20
9369,13,13
9370,25,25
9371,24,24
9372,4,4
9373,17,17
9374,15,15
9375,23,23
9376,24,24
9377,15,15
9378,17,17
9379,6,6
9380,2,2
9381,16,16
9382,20,20
9383,24,24
9384,16,16
9385,23,23
9386,20,20
9387,7,7
9388,25,25
9389,13,13
9390,13,13
9391,16,16
9392,12,12
9393,8,8
9394,19,19
9395,7,7
9396,7,7
9397,5,5
9398,1,1
9399,4,4
9400,5,5
9401,16,16
9402,1,1
9403,15,15
9404,21,21
9405,25,25
9406,4,4
9407,24,24
9408,25,25
9409,19,19
9410,19,19
9411,25,25
9412,24,24
9413,4,4
9414,1,1
9415,1,1
9416,15,15
9417,1,1
9418,22,22
9419,2,2
9420,6,6
9421,15,15
9422,1,1
9423,1,1
9424,0,0
9425,5,5
9426,20,20
9427,7,7
9428,19,19
9429,4,4
9430,24,24
9431,16,16
9432,23,23
9433,19,19
9434,6,6
9435,13,13
9436,7,7
9437,3,3
9438,15,15
9439,20,20
9440,20,20
9441,4,4
9442,22,22
9443,19,19
9444,6,6
9445,6,6
9446,2,2
9447,9,9
9448,1,1
9449,4,4
9450,1,1
9451,4,4
9452,21,21
9453,5,5
9454,20,20
9455,24,24
9456,16,16
9457,23,23
9458,25,25
9459,11,11
9460,12,12
9461,0,0
9462,2,2
9463,7,7
9464,4,4
9465,5,5
9466,10,10
9467,23,23
9468,4,4
9469,9,9
9470,12,12
9471,18,18
9472,16,16
9473,4,4
9474,2,2
9475,9,9
9476,4,4
9477,5,5
9478,21,21
9479,9,9
9480,8,8
9481,24,24
9482,16,16
9483,4,4
9484,0,0
9485,5,5
9486,9,9
9487,8,8
9488,12,12
9489,3,3
9490,20,20
9491,21,21
9492,2,2
9493,13,13
9494,22,22
9495,18,18
9496,25,25
9497,18,18
9498,1,1
9499,7,7
9500,8,8
9501,25,25
9502,5,5
9503,24,24
9504,7,7
9505,11,11
9506,4,4
9507,23,23
9508,11,11
9509,24,24
9510,8,8
9511,5,5
9512,7,7
9513,5,5
9514,4,4
9515,13,13
9516,15,15
9517,18,18
9518,17,17
9519,24,24
9520,25,25
9521,9,9
9522,16,16
9523,13,13
9524,10,10
9525,5,5
9526,18,18
9527,4,4
9528,5,5
9529,20,20
9530,21,21
9531,0,0
9532,4,4
9533,23,23
9534,5,5
9535,11,11
9536,3,3
9537,18,18
9538,8,8
9539,19,19
9540,8,8
9541,15,15
9542,25,25
9543,17,17
9544,24,24
9545,2,2
9546,7,7
9547,4,4
9548,24,24
9549,25,25
9550,20,20
9551,16,16
9552,18,18
9553,3,3
9554,24,24
9555,14,14
9556,4,4
9557,16,16
9558,24,24
9559,4,4
9560,19,19
9561,21,21
9562,7,7
9563,2,2
9564,5,5
9565,4,4
9566,18,18
9567,15,15
9568,24,24
9569,7,7
9570,5,5
9571,15,15
9572,24,24
9573,19,19
9574,6,6
9575,13,13
9576,13,13
9577,12,12
9578,2,2
9579,25,25
9580,3,3
9581,9,9
9582,9,9
9583,3,3
9584,15,15
9585,2,2
9586,20,20
9587,13,13
9588,10,10
9589,4,4
9590,17,17
9591,8,8
9592,0,0
9593,19,19
9594,1,1
9595,13,13
9596,2,2
9597,3,3
9598,2,2
9599,20,20
9600,2,2
9601,18,18
9602,18,18
9603,0,0
9604,25,25
9605,7,7
9606,11,11
9607,2,2
9608,5,5
9609,6,6
9610,1,1
9611,1,1
9612,5,5
9613,21,21
9614,7,7
9615,18,18
9616,1,1
9617,19,19
9618,7,7
9619,16,16
9620,7,7
9621,2,2
9622,23,23
9623,25,25
9624,13,13
9625,14,14
9626,5,5
9627,4,4
9628,1,1
9629,15,15
9630,23,23
9631,6,6
9632,12,12
9633,16,16
9634,23,23
9635,2,2
9636,25,25
9637,5,5
9638,15,15
9639,7,7
9640,1,1
9641,3,3
9642,24,24
9643,19,19
9644,18,18
9645,21,21
9646,4,4
9647,2,2
9648,25,25
9649,24,24
9650,7,7
9651,24,24
9652,17,17
9653,16,16
9654,25,25
9655,7,7
9656,7,7
9657,11,11
9658,1,1
9659,8,8
9660,2,2
9661,5,5
9662,17,17
9663,25,25
9664,1,1
9665,2,2
9666,1,1
9667,21,21
9668,20,20
9669,4,4
9670,0,0
9671,3,3
9672,9,9
9673,12,12
9674,24,24
9675,21,21
9676,6,6
9677,25,25
9678,1,1
9679,1,1
9680,21,21
9681,4,4
9682,25,25
9683,2,2
9684,25,25
9685,13,13
9686,25,25
9687,19,19
9688,5,5
9689,16,16
9690,2,2
9691,5,5
9692,16,16
9693,20,20
9694,24,24
9695,7,7
9696,16,16
9697,9,9
9698,6,6
9699,2,2
9700,23,23
9701,25,25
9702,24,24
9703,21,21
9704,9,9
9705,5,5
9706,3,3
9707,6,6
9708,9,9
9709,13,13
9710,25,25
9711,20,20
9712,4,4
9713,2,2
9714,1,1
9715,16,16
9716,17,17
9717,0,0
9718,7,7
9719,2,2
9720,11,11
9721,18,18
9722,4,4
9723,2,2
9724,8,8
9725,1,1
9726,6,6
9727,8,8
9728,16,16
9729,1,1
9730,24,24
9731,21,21
9732,25,25
9733,20,20
9734,9,9
9735,6,6
9736,23,23
9737,7,7
9738,24,24
9739,15,15
9740,7,7
9741,4,4
9742,24,24
9743,21,21
9744,2,2
9745,5,5
9746,23,23
9747,16,16
9748,23,23
9749,8,8
9750,24,24
9751,0,0
9752,5,5
9753,4,4
9754,24,24
9755,20,20
9756,17,17
9757,5,5
9758,16,16
9759,15,15
9760,15,15
9761,6,6
9762,16,16
9763,7,7
9764,5,5
9765,12,12
9766,16,16
9767,12,12
9768,23,23
9769,24,24
9770,19,19
9771,2,2
9772,18,18
9773,4,4
9774,4,4
9775,17,17
9776,24,24
9777,5,5
9778,19,19
9779,25,25
9780,14,14
9781,24,24
9782,17,17
9783,21,21
9784,10,10
9785,1,1
9786,12,12
9787,8,8
9788,20,20
9789,24,24
9790,4,4
9791,25,25
9792,7,7
9793,24,24
9794,16,16
9795,15,15
9796,25,25
9797,11,11
9798,6,6
9799,1,1
9800,16,16
9801,6,6
9802,14,14
9803,21,21
9804,20,20
9805,9,9
9806,2,2
9807,11,11
9808,18,18
9809,18,18
9810,2,2
9811,1,1
9812,25,25
9813,2,2
9814,13,13
9815,2,2
9816,4,4
9817,24,24
9818,20,20
9819,0,0
9820,15,15
9821,23,23
9822,25,25
9823,5,5
9824,16,16
9825,18,18
9826,19,19
9827,25,25
9828,11,11
9829,1,1
9830,8,8
9831,4,4
9832,6,6
9833,5,5
9834,4,4
9835,20,20
9836,4,4
9837,9,9
9838,3,3
9839,15,15
9840,3,3
9841,1,1
9842,5,5
9843,17,17
9844,15,15
9845,2,2
9846,25,25
9847,18,18
9848,5,5
9849,25,25
9850,11,11
9851,17,17
9852,25,25
9853,11,11
9854,10,10
9855,7,7
9856,10,10
9857,25,25
9858,16,16
9859,3,3
9860,15,15
9861,9,9
9862,6,6
9863,19,19
9864,6,6
9865,1,1
9866,3,3
9867,2,2
9868,18,18
9869,3,3
9870,24,24
9871,11,11
9872,1,1
9873,25,25
9874,5,5
9875,5,5
9876,4,4
9877,9,9
9878,24,24
9879,8,8
9880,18,18
9881,4,4
9882,24,24
9883,9,9
9884,12,12
9885,11,11
9886,25,25
9887,20,20
9888,20,20
9889,16,16
9890,12,12
9891,19,19
9892,21,21
9893,12,12
9894,2,2
9895,8,8
9896,3,3
9897,17,17
9898,16,16
9899,25,25
9900,18,18
9901,21,21
9902,11,11
9903,11,11
9904,25,25
9905,8,8
9906,16,16
9907,16,16
9908,1,1
9909,12,12
9910,5,5
9911,20,20
9912,25,25
9913,5,5
9914,20,20
9915,21,21
9916,2,2
9917,3,3
9918,17,17
9919,5,5
9920,5,5
9921,2,2
9922,3,3
9923,1,1
9924,5,5
9925,24,24
9926,21,21
9927,4,4
9928,2,2
9929,24,24
9930,20,20
9931,2,2
9932,6,6
9933,5,5
9934,5,5
9935,7,7
9936,7,7
9937,7,7
9938,5,5
9939,5,5
9940,4,4
9941,3,3
9942,6,25
9943,2,2
9944,5,5
9945,14,14
9946,11,11
9947,8,8
9948,6,6
9949,12,12
9950,12,12
9951,1,1
9952,3,3
9953,8,8
9954,3,3
9955,4,4
9956,15,15
9957,9,9
9958,24,24
9959,17,17
9960,18,18
9961,19,19
9962,25,25
9963,10,10
9964,0,0
9965,16,16
9966,19,19
9967,24,24
9968,17,17
9969,1,1
9970,6,6
9971,2,2
9972,17,17
9973,24,24
9974,24,24
9975,2,2
9976,3,3
9977,7,7
9978,12,12
9979,21,21
9980,13,13
9981,21,21
9982,2,2
9983,18,18
9984,16,16
9985,9,9
9986,11,11
9987,7,7
9988,16,16
9989,17,17
9990,7,7
9991,0,0
9992,7,7
9993,8,8
9994,7,7
9995,3,3
9996,15,15
9997,12,12
9998,16,16
9999,25,25
10000,18,18
10001,22,22
10002,2,2
10003,9,9
10004,9,9
10005,18,18
10006,4,4
10007,25,25
10008,14,14
10009,4,4
10010,13,13
10011,25,25
10012,7,7
10013,20,20
10014,10,10
10015,7,7
10016,16,16
10017,9,9
10018,4,4
10019,7,7
10020,19,19
10021,5,5
10022,3,3
10023,10,10
10024,19,19
10025,17,17
10026,2,2
10027,13,13
10028,5,5
10029,3,3
10030,11,11
10031,8,8
10032,5,5
10033,1,1
10034,15,15
10035,6,6
10036,17,17
10037,25,25
10038,12,12
10039,25,25
10040,13,13
10041,17,17
10042,5,5
10043,9,9
10044,7,7
10045,7,7
10046,11,11
10047,0,0
10048,19,19
10049,2,2
10050,9,9
10051,3,3
10052,2,2
10053,24,24
10054,24,24
10055,4,4
10056,3,3
10057,25,25
10058,4,4
10059,24,24
10060,6,6
10061,7,7
10062,19,19
10063,2,2
10064,9,9
10065,3,3
10066,10,10
10067,5,5
10068,24,24
10069,22,22
10070,4,4
10071,18,18
10072,21,21
10073,25,25
10074,7,7
10075,3,3
10076,24,24
10077,2,2
10078,10,10
10079,22,22
10080,1,1
10081,25,25
10082,16,16
10083,4,4
10084,24,24
10085,25,25
10086,2,2
10087,13,13
10088,15,15
10089,5,5
10090,3,3
10091,18,18
10092,1,1
10093,10,10
10094,2,2
10095,4,4
10096,4,4
10097,24,24
10098,14,14
10099,10,10
10100,15,15
10101,7,7
10102,21,21
10103,8,8
10104,25,25
10105,23,23
10106,10,10
10107,24,24
10108,8,8
10109,12,12
10110,21,21
10111,0,0
10112,5,5
10113,7,7
10114,15,15
10115,8,8
10116,24,24
10117,25,25
10118,3,3
10119,18,18
10120,1,1
10121,23,23
10122,3,3
10123,4,4
10124,24,24
10125,25,25
10126,5,5
10127,16,16
10128,10,10
10129,8,8
10130,7,7
10131,8,8
10132,2,2
10133,20,20
10134,11,11
10135,7,7
10136,2,2
10137,5,5
10138,8,8
10139,2,2
10140,18,18
10141,8,8
10142,15,15
10143,8,8
10144,7,7
10145,5,5
10146,7,7
10147,25,25
10148,7,7
10149,18,18
10150,3,3
10151,2,2
10152,17,17
10153,4,4
10154,2,2
10155,7,7
10156,3,3
10157,18,18
10158,1,1
10159,25,25
10160,3,3
10161,15,15
10162,2,2
10163,21,21
10164,23,23
10165,17,17
10166,6,6
10167,1,1
10168,14,14
10169,11,11
10170,8,8
10171,12,12
10172,5,5
10173,9,9
10174,24,24
10175,18,18
10176,19,19
10177,4,4
10178,2,2
10179,14,14
10180,8,8
10181,0,0
10182,8,8
10183,19,19
10184,2,2
10185,3,3
10186,2,2
10187,16,16
10188,5,5
10189,5,5
10190,7,7
10191,21,21
10192,23,23
10193,1,1
10194,6,6
10195,8,8
10196,8,8
10197,20,20
10198,25,25
10199,0,0
10200,20,20
10201,21,21
10202,25,25
10203,19,19
10204,5,5
10205,24,24
10206,16,16
10207,25,25
10208,3,3
10209,21,21
10210,15,15
10211,5,5
10212,3,3
10213,3,3
10214,4,4
10215,13,13
10216,20,20
10217,12,12
10218,12,12
10219,13,13
10220,19,19
10221,6,6
10222,0,0
10223,1,1
10224,11,11
10225,6,6
10226,24,24
10227,4,4
10228,2,2
10229,0,0
10230,0,0
10231,8,8
10232,10,10
10233,12,12
10234,15,15
10235,16,16
10236,14,14
10237,8,8
10238,1,1
10239,2,2
10240,16,16
10241,21,21
10242,5,5
10243,0,0
10244,21,21
10245,3,3
10246,7,7
10247,19,19
10248,14,14
10249,8,8
10250,1,1
10251,3,3
10252,12,12
10253,17,17
10254,2,2
10255,3,3
10256,16,16
10257,1,1
10258,10,10
10259,25,25
10260,6,6
10261,2,2
10262,18,18
10263,18,18
10264,13,13
10265,3,3
10266,18,18
10267,2,2
10268,2,2
10269,9,9
10270,17,17
10271,21,21
10272,9,9
10273,6,6
10274,6,6
10275,2,2
10276,16,16
10277,4,4
10278,6,6
10279,1,1
10280,18,18
10281,5,5
10282,24,24
10283,10,10
10284,16,16
10285,3,3
10286,13,13
10287,25,25
10288,10,10
10289,19,19
10290,23,23
10291,20,20
10292,2,2
10293,0,0
10294,11,11
10295,25,25
10296,9,9
10297,9,9
10298,3,3
10299,9,9
10300,24,24
10301,5,5
10302,17,17
10303,24,24
10304,6,6
10305,4,4
10306,7,7
10307,1,1
10308,24,24
10309,0,0
10310,16,16
10311,8,8
10312,1,1
10313,13,13
10314,14,14
10315,16,16
10316,2,2
10317,24,24
10318,16,16
10319,17,17
10320,15,15
10321,0,0
10322,15,15
10323,3,3
10324,1,1
10325,9,9
10326,2,2
10327,21,21
10328,9,9
10329,4,4
10330,23,23
10331,15,15
10332,16,16
10333,7,7
10334,16,16
10335,24,24
10336,2,2
10337,18,18
10338,5,5
10339,9,9
10340,3,3
10341,20,20
10342,19,19
10343,3,3
10344,23,23
10345,1,1
10346,24,24
10347,13,13
10348,17,17
10349,4,4
10350,4,4
10351,18,18
10352,25,25
10353,23,23
10354,9,9
10355,20,20
10356,7,7
10357,3,3
10358,24,24
10359,4,4
10360,24,24
10361,16,16
10362,4,4
10363,21,21
10364,18,18
10365,25,25
10366,6,6
10367,21,21
10368,18,18
10369,5,5
10370,2,2
10371,25,25
10372,2,2
10373,2,2
10374,21,21
10375,2,2
10376,10,10
10377,0,0
10378,15,15
10379,4,4
10380,1,1
10381,24,24
10382,8,8
10383,14,14
10384,7,7
10385,15,15
10386,21,21
10387,2,2
10388,16,16
10389,24,24
10390,0,0
10391,23,23
10392,22,22
10393,8,8
10394,0,0
10395,21,21
10396,2,2
10397,7,7
10398,8,8
10399,20,20
10400,6,6
10401,19,19
10402,6,6
10403,11,11
10404,4,4
10405,7,7
10406,7,7
10407,16,16
10408,9,9
10409,7,7
10410,9,9
10411,3,3
10412,0,0
10413,18,18
10414,10,10
10415,2,2
10416,16,16
10417,2,2
10418,5,5
10419,7,7
10420,4,4
10421,9,9
10422,21,21
10423,16,16
10424,4,4
10425,25,25
10426,1,1
10427,2,2
10428,6,6
10429,16,16
10430,5,5
10431,21,21
10432,1,1
10433,21,21
10434,20,20
10435,20,20
10436,3,3
10437,19,19
10438,15,15
10439,25,25
10440,24,24
10441,2,2
10442,25,25
10443,18,18
10444,13,13
10445,8,8
10446,1,1
10447,2,2
10448,5,5
10449,7,7
10450,8,8
10451,7,7
10452,4,4
10453,13,13
10454,25,25
10455,4,4
10456,11,11
10457,1,1
10458,15,15
10459,20,20
10460,25,25
10461,24,24
10462,5,5
10463,25,25
10464,8,8
10465,3,3
10466,7,7
10467,18,18
10468,7,7
10469,24,24
10470,7,7
10471,12,12
10472,13,13
10473,22,22
10474,19,19
10475,1,1
10476,25,25
10477,18,18
10478,9,9
10479,23,23
10480,6,6
10481,20,20
10482,24,24
10483,25,25
10484,25,25
10485,5,5
10486,9,9
10487,25,25
10488,10,10
10489,7,7
10490,23,23
10491,3,3
10492,2,2
10493,2,2
10494,2,2
10495,3,3
10496,2,2
10497,6,6
10498,25,25
10499,5,5
10500,1,1
10501,3,3
10502,5,5
10503,17,17
10504,0,0
10505,7,7
10506,16,16
10507,24,24
10508,11,11
10509,22,22
10510,10,10
10511,18,18
10512,7,7
10513,3,3
10514,25,25
10515,10,10
10516,10,10
10517,24,24
10518,20,20
10519,5,5
10520,3,3
10521,3,3
10522,18,18
10523,1,1
10524,13,13
10525,1,1
10526,16,16
10527,19,19
10528,1,1
10529,18,18
10530,16,16
10531,23,23
10532,5,5
10533,2,2
10534,7,7
10535,16,16
10536,4,4
10537,2,2
10538,5,5
10539,8,8
10540,25,25
10541,19,19
10542,5,5
10543,3,3
10544,18,18
10545,23,23
10546,7,7
10547,2,2
10548,1,1
10549,22,22
10550,18,18
10551,4,4
10552,1,1
10553,1,1
10554,9,9
10555,9,9
10556,11,11
10557,8,8
10558,25,25
10559,0,0
10560,24,24
10561,17,17
10562,25,25
10563,24,24
10564,11,11
10565,0,0
10566,9,9
10567,5,5
10568,0,0
10569,16,16
10570,9,9
10571,14,14
10572,2,2
10573,11,11
10574,23,23
10575,25,25
10576,1,1
10577,2,2
10578,19,19
10579,24,24
10580,0,0
10581,18,18
10582,17,17
10583,4,4
10584,20,20
10585,1,1
10586,18,18
10587,11,11
10588,5,5
10589,7,7
10590,1,1
10591,16,16
10592,4,4
10593,1,1
10594,25,25
10595,24,24
10596,12,12
10597,13,13
10598,25,25
10599,24,24
10600,5,5
10601,21,21
10602,25,25
10603,24,24
10604,9,9
10605,10,10
10606,8,8
10607,23,23
10608,12,12
10609,2,2
10610,8,8
10611,21,21
10612,25,25
10613,25,25
10614,10,10
10615,23,23
10616,2,2
10617,7,7
10618,15,15
10619,7,7
10620,20,20
10621,2,2
10622,18,18
10623,16,16
10624,24,24
10625,1,1
10626,0,0
10627,1,1
10628,3,3
10629,1,1
10630,2,2
10631,12,12
10632,21,21
10633,1,1
10634,2,2
10635,5,5
10636,7,7
10637,7,7
10638,2,2
10639,25,25
10640,4,4
10641,7,7
10642,10,10
10643,18,18
10644,9,9
10645,2,2
10646,2,2
10647,21,21
10648,22,22
10649,17,17
10650,17,17
10651,9,9
10652,9,9
10653,18,18
10654,4,4
10655,8,8
10656,9,9
10657,1,1
10658,8,8
10659,20,20
10660,5,5
10661,18,18
10662,8,8
10663,5,5
10664,17,17
10665,4,4
10666,17,17
10667,2,2
10668,11,11
10669,1,1
10670,25,25
10671,19,19
10672,2,2
10673,7,7
10674,0,0
10675,19,19
10676,24,24
10677,25,25
10678,15,15
10679,2,2
10680,0,0
10681,19,19
10682,21,21
10683,3,3
10684,16,16
10685,8,8
10686,5,5
10687,5,5
10688,24,24
10689,17,17
10690,5,5
10691,15,15
10692,4,4
10693,16,16
10694,4,4
10695,18,18
10696,1,1
10697,15,15
10698,4,4
10699,25,25
10700,18,18
10701,17,17
10702,3,3
10703,17,17
10704,5,5
10705,2,2
10706,19,19
10707,3,3
10708,17,17
10709,6,6
10710,8,8
10711,3,3
10712,25,25
10713,1,1
10714,25,25
10715,16,16
10716,0,0
10717,16,16
10718,4,4
10719,5,5
10720,12,12
10721,0,0
10722,20,20
10723,5,5
10724,24,24
10725,25,25
10726,6,6
10727,18,18
10728,18,18
10729,19,19
10730,0,0
10731,25,25
10732,24,24
10733,20,20
10734,7,7
10735,9,9
10736,21,21
10737,16,16
10738,10,10
10739,7,7
10740,21,21
10741,5,5
10742,7,7
10743,1,1
10744,9,9
10745,7,7
10746,1,1
10747,15,15
10748,18,18
10749,7,7
10750,16,16
10751,9,9
10752,4,4
10753,3,3
10754,4,4
10755,21,21
10756,2,2
10757,8,8
10758,1,1
10759,15,15
10760,16,16
10761,1,1
10762,7,7
10763,24,24
10764,16,16
10765,21,21
10766,25,25
10767,19,19
10768,19,19
10769,25,25
10770,8,8
10771,6,6
10772,9,9
10773,2,2
10774,24,24
10775,4,4
10776,20,20
10777,6,6
10778,25,25
10779,1,1
10780,15,15
10781,2,2
10782,6,6
10783,2,2
10784,9,9
10785,1,1
10786,23,23
10787,20,20
10788,21,21
10789,2,2
10790,24,24
10791,21,21
10792,25,25
10793,4,4
10794,7,7
10795,7,7
10796,3,3
10797,24,24
10798,24,24
10799,9,9
10800,18,18
10801,11,11
10802,2,2
10803,24,24
10804,20,20
10805,2,2
10806,7,7
10807,2,2
10808,16,16
10809,1,1
10810,25,25
10811,8,8
10812,23,23
10813,5,5
10814,13,13
10815,15,15
10816,10,10
10817,24,24
10818,25,25
10819,21,21
10820,24,24
10821,8,8
10822,4,4
10823,4,4
10824,5,5
10825,25,25
10826,1,1
10827,21,21
10828,5,5
10829,3,3
10830,19,19
10831,16,16
10832,17,17
10833,2,2
10834,2,2
10835,19,19
10836,3,3
10837,24,24
10838,16,16
10839,17,17
10840,2,2
10841,2,2
10842,8,8
10843,9,9
10844,19,19
10845,5,5
10846,24,24
10847,12,12
10848,23,23
10849,4,4
10850,3,3
10851,9,9
10852,18,18
10853,21,21
10854,10,10
10855,16,16
10856,18,18
10857,11,11
10858,16,16
10859,7,7
10860,7,7
10861,4,4
10862,10,10
10863,6,6
10864,0,0
10865,18,18
10866,24,24
10867,5,5
10868,2,2
10869,25,25
10870,17,17
10871,0,0
10872,21,21
10873,18,18
10874,10,10
10875,16,16
10876,20,20
10877,13,13
10878,7,7
10879,23,23
10880,3,3
10881,24,24
10882,19,19
10883,0,0
10884,18,18
10885,12,12
10886,2,2
10887,20,20
10888,9,9
10889,25,25
10890,0,0
10891,16,16
10892,13,13
10893,2,2
10894,7,7
10895,5,5
10896,8,8
10897,2,2
10898,24,24
10899,25,25
10900,25,25
10901,6,6
10902,16,16
10903,7,7
10904,4,4
10905,19,19
10906,2,2
10907,18,18
10908,10,10
10909,25,25
10910,15,15
10911,20,20
10912,2,2
10913,6,6
10914,16,16
10915,25,25
10916,20,20
10917,7,7
10918,7,7
10919,24,24
10920,22,22
10921,18,18
10922,13,13
10923,20,20
10924,9,9
10925,3,3
10926,25,25
10927,24,24
10928,17,17
10929,7,7
10930,2,2
10931,4,4
10932,1,1
10933,12,12
10934,5,5
10935,13,13
10936,13,13
10937,13,13
10938,2,2
10939,24,24
10940,2,2
10941,24,24
10942,1,1
10943,25,25
10944,17,17
10945,12,12
10946,4,4
10947,25,25
10948,5,5
10949,6,6
10950,9,9
10951,22,22
10952,24,24
10953,23,23
10954,7,7
10955,2,2
10956,1,1
10957,9,9
10958,23,23
10959,12,12
10960,16,16
10961,19,19
10962,20,20
10963,5,5
10964,7,7
10965,8,8
10966,4,4
10967,13,13
10968,18,18
10969,9,9
10970,18,18
10971,18,18
10972,6,6
10973,21,21
10974,8,8
10975,9,9
10976,22,22
10977,1,1
10978,13,13
10979,24,24
10980,13,13
10981,11,11
10982,2,2
10983,8,8
10984,2,2
10985,9,9
10986,23,23
10987,5,5
10988,16,16
10989,24,24
10990,4,4
10991,9,9
10992,17,17
10993,2,2
10994,1,1
10995,18,18
10996,10,10
10997,2,2
10998,18,18
10999,7,7
11000,4,4
11001,21,21
11002,25,25
11003,9,9
11004,21,21
11005,16,16
11006,4,4
11007,5,5
11008,23,23
11009,21,21
11010,6,6
11011,24,24
11012,21,21
11013,25,25
11014,2,2
11015,5,5
11016,23,23
11017,1,1
11018,16,16
11019,24,24
11020,2,2
11021,9,9
11022,6,6
11023,25,25
11024,23,23
11025,3,3
11026,25,25
11027,25,25
11028,13,13
11029,2,2
11030,7,7
11031,6,6
11032,16,16
11033,7,7
11034,20,20
11035,15,15
11036,0,0
11037,18,18
11038,16,16
11039,6,6
11040,5,5
11041,25,25
11042,19,19
11043,25,25
11044,15,15
11045,13,13
11046,1,1
11047,5,5
11048,18,18
11049,25,25
11050,1,1
11051,11,11
11052,2,2
11053,13,13
11054,18,18
11055,14,14
11056,3,3
11057,3,3
11058,16,16
11059,16,16
11060,2,2
11061,16,16
11062,6,6
11063,20,20
11064,0,0
11065,1,1
11066,19,19
11067,5,5
11068,7,7
11069,19,19
11070,1,1
11071,1,1
11072,7,7
11073,4,4
11074,16,16
11075,3,3
11076,5,5
11077,15,15
11078,0,0
11079,25,25
11080,25,25
11081,16,16
11082,4,4
11083,6,6
11084,21,21
11085,20,20
11086,13,13
11087,21,21
11088,13,13
11089,2,2
11090,8,8
11091,1,1
11092,13,13
11093,18,18
11094,19,19
11095,25,25
11096,7,7
11097,6,6
11098,2,2
11099,2,2
11100,25,25
11101,5,5
11102,8,8
11103,2,2
11104,5,5
11105,6,6
11106,21,21
11107,23,23
11108,2,2
11109,4,4
11110,25,25
11111,24,24
11112,7,7
11113,18,18
11114,13,13
11115,21,21
11116,20,20
11117,21,21
11118,20,20
11119,6,6
11120,18,18
11121,5,5
11122,24,24
11123,24,24
11124,7,7
11125,7,7
11126,11,11
11127,9,9
11128,19,19
11129,11,11
11130,1,1
11131,12,12
11132,16,16
11133,1,1
11134,21,21
11135,9,9
11136,3,3
11137,25,25
11138,7,7
11139,4,4
11140,13,13
11141,8,8
11142,24,24
11143,16,16
11144,2,2
11145,13,13
11146,4,4
11147,2,2
11148,23,23
11149,6,6
11150,9,9
11151,24,24
11152,5,5
11153,23,23
11154,7,7
11155,4,4
11156,24,24
11157,2,2
11158,4,4
11159,23,23
11160,24,24
11161,23,23
11162,19,19
11163,24,24
11164,2,2
11165,21,21
11166,18,18
11167,20,20
11168,5,5
11169,8,8
11170,7,7
11171,1,1
11172,2,2
11173,5,5
11174,11,11
11175,25,25
11176,5,5
11177,24,24
11178,24,24
11179,22,22
11180,21,21
11181,5,5
11182,13,13
11183,23,23
11184,20,20
11185,7,7
11186,19,19
11187,1,1
11188,10,10
11189,25,25
11190,0,0
11191,7,7
11192,21,21
11193,16,16
11194,7,7
11195,2,2
11196,7,7
11197,2,2
11198,7,7
11199,2,2
11200,7,7
11201,16,16
11202,25,25
11203,1,1
11204,7,7
11205,25,25
11206,6,6
11207,17,17
11208,10,10
11209,9,9
11210,1,1
11211,19,19
11212,7,7
11213,6,6
11214,19,19
11215,24,24
11216,17,17
11217,21,21
11218,17,17
11219,19,19
11220,13,13
11221,17,17
11222,8,8
11223,0,0
11224,3,3
11225,4,4
11226,12,12
11227,4,4
11228,21,21
11229,22,22
11230,3,3
11231,9,9
11232,18,18
11233,4,4
11234,21,21
11235,7,7
11236,16,16
11237,7,7
11238,5,5
11239,7,7
11240,2,2
11241,3,3
11242,8,8
11243,12,12
11244,3,3
11245,7,7
11246,16,16
11247,2,2
11248,25,25
11249,24,24
11250,23,23
11251,15,15
11252,2,2
11253,9,9
11254,2,2
11255,2,2
11256,23,23
11257,25,25
11258,5,5
11259,6,6
11260,1,1
11261,25,25
11262,23,23
11263,25,25
11264,5,5
11265,2,2
11266,18,18
11267,10,10
11268,11,11
11269,6,6
11270,21,21
11271,10,10
11272,19,19
11273,8,8
11274,12,12
11275,0,0
11276,25,25
11277,2,2
11278,18,18
11279,6,6
11280,16,16
11281,4,4
11282,7,7
11283,7,7
11284,2,2
11285,9,9
11286,7,7
11287,5,5
11288,25,25
11289,10,10
11290,5,5
11291,21,21
11292,15,15
11293,17,17
11294,5,5
11295,6,6
11296,24,24
11297,25,25
11298,18,18
11299,7,7
11300,7,7
11301,25,25
11302,2,2
11303,5,5
11304,1,1
11305,18,18
11306,3,3
11307,0,0
11308,1,1
11309,21,21
11310,24,24
11311,5,5
11312,9,9
11313,4,4
11314,2,2
11315,0,0
11316,23,23
11317,18,18
11318,25,25
11319,9,9
11320,16,16
11321,1,1
11322,7,7
11323,3,3
11324,24,24
11325,7,7
11326,4,4
11327,4,4
11328,25,25
11329,13,13
11330,7,7
11331,4,4
11332,3,3
11333,20,20
11334,4,4
11335,16,16
11336,21,21
11337,6,6
11338,24,24
11339,9,9
11340,3,3
11341,16,16
11342,25,25
11343,0,0
11344,3,3
11345,9,9
11346,18,18
11347,5,5
11348,16,16
11349,4,4
11350,5,5
11351,9,9
11352,0,0
11353,0,0
11354,25,25
11355,4,4
11356,7,7
11357,17,17
11358,13,13
11359,7,7
11360,25,25
11361,3,3
11362,25,25
11363,13,13
11364,8,8
11365,13,13
11366,1,1
11367,9,9
11368,21,21
11369,16,16
11370,9,9
11371,2,2
11372,14,14
11373,25,25
11374,16,16
11375,3,3
11376,2,2
11377,4,4
11378,23,23
11379,5,5
11380,3,3
11381,4,4
11382,3,3
11383,7,7
11384,5,5
11385,6,6
11386,16,16
11387,6,6
11388,18,18
11389,9,9
11390,13,13
11391,5,5
11392,13,13
11393,1,1
11394,24,24
11395,4,4
11396,16,16
11397,2,2
11398,18,18
11399,8,8
11400,3,3
11401,22,22
11402,16,16
11403,16,16
11404,24,24
11405,16,16
11406,7,7
11407,25,25
11408,7,7
11409,7,7
11410,4,4
11411,9,9
11412,5,5
11413,24,24
11414,5,5
11415,1,1
11416,5,5
11417,13,13
11418,5,5
11419,15,15
11420,6,6
11421,6,6
11422,16,16
11423,18,18
11424,5,5
11425,13,13
11426,25,25
11427,4,4
11428,25,25
11429,18,18
11430,17,17
11431,9,9
11432,21,21
11433,17,17
11434,7,7
11435,16,16
11436,8,8
11437,8,8
11438,15,15
11439,1,1
11440,7,7
11441,25,25
11442,5,5
11443,2,2
11444,4,4
11445,0,0
11446,7,7
11447,10,10
11448,7,7
11449,18,18
11450,6,6
11451,20,20
11452,5,5
11453,23,23
11454,1,1
11455,1,1
11456,1,1
11457,6,6
11458,5,5
11459,18,18
11460,18,18
11461,0,0
11462,19,19
11463,4,4
11464,6,6
11465,1,1
11466,17,17
11467,23,23
11468,18,18
11469,2,2
11470,3,3
11471,16,16
11472,4,4
11473,2,2
11474,24,24
11475,8,8
11476,20,20
11477,3,3
11478,21,21
11479,6,6
11480,5,5
11481,2,2
11482,7,7
11483,7,7
11484,6,6
11485,18,18
11486,17,17
11487,17,17
11488,2,2
11489,3,3
11490,25,25
11491,12,12
11492,20,20
11493,5,5
11494,12,12
11495,11,11
11496,3,3
11497,23,23
11498,18,18
11499,8,8
11500,6,6
11501,19,19
11502,12,12
11503,7,7
11504,21,21
11505,5,5
11506,20,20
11507,2,2
11508,25,25
11509,3,3
11510,12,12
11511,17,17
11512,4,4
11513,8,8
11514,3,3
11515,15,15
11516,5,5
11517,21,21
11518,4,4
11519,1,1
11520,24,24
11521,16,16
11522,22,22
11523,25,25
11524,20,20
11525,25,25
11526,24,24
11527,3,3
11528,2,2
11529,4,4
11530,21,21
11531,19,19
11532,21,21
11533,3,3
11534,23,23
11535,18,18
11536,3,3
11537,13,13
11538,20,20
11539,3,3
11540,18,18
11541,18,18
11542,4,4
11543,13,13
11544,25,25
11545,3,3
11546,20,20
11547,6,6
11548,20,20
11549,5,5
11550,18,18
11551,16,16
11552,16,16
11553,5,5
11554,12,12
11555,11,11
11556,6,6
11557,6,6
11558,5,5
11559,10,10
11560,18,18
11561,3,3
11562,2,2
11563,17,17
11564,7,7
11565,24,24
11566,18,18
11567,1,1
11568,22,22
11569,5,5
11570,16,16
11571,23,23
11572,7,7
11573,16,16
11574,19,19
11575,24,24
11576,5,5
11577,5,5
11578,18,18
11579,24,24
11580,4,4
11581,8,8
11582,8,8
11583,4,4
11584,10,10
11585,2,2
11586,6,6
11587,21,21
11588,3,3
11589,21,21
11590,9,9
11591,6,6
11592,21,21
11593,20,20
11594,16,16
11595,18,18
11596,15,15
11597,25,25
11598,9,9
11599,9,9
11600,6,6
11601,4,4
11602,4,4
11603,20,20
11604,17,17
11605,10,10
11606,19,19
11607,24,24
11608,7,7
11609,25,25
11610,8,8
11611,16,16
11612,20,20
11613,13,13
11614,3,3
11615,8,8
11616,5,5
11617,2,2
11618,9,9
11619,25,25
11620,3,3
11621,19,19
11622,17,17
11623,6,6
11624,5,5
11625,18,18
11626,8,8
11627,17,17
11628,2,2
11629,1,1
11630,24,24
11631,25,25
11632,9,9
11633,6,6
11634,25,25
11635,5,5
11636,25,25
11637,17,17
11638,13,13
11639,0,0
11640,25,25
11641,3,3
11642,7,7
11643,13,13
11644,10,10
11645,16,16
11646,16,16
11647,18,18
11648,19,19
11649,7,7
11650,4,4
11651,13,13
11652,7,7
11653,8,8
11654,17,17
11655,19,19
11656,16,16
11657,7,7
11658,1,1
11659,5,5
11660,7,7
11661,9,9
11662,18,18
11663,2,2
11664,0,0
11665,7,7
11666,8,8
11667,10,10
11668,8,8
11669,1,1
11670,10,10
11671,24,24
11672,2,2
11673,1,1
11674,4,4
11675,13,13
11676,25,25
11677,1,1
11678,16,16
11679,23,23
11680,25,25
11681,4,4
11682,5,5
11683,20,20
11684,17,17
11685,16,16
11686,12,12
11687,10,10
11688,3,3
11689,23,23
11690,19,19
11691,2,2
11692,5,5
11693,14,14
11694,22,22
11695,6,6
11696,9,9
11697,8,8
11698,3,3
11699,3,3
11700,13,13
11701,7,7
11702,2,2
11703,0,0
11704,8,8
11705,23,23
11706,15,15
11707,1,1
11708,16,16
11709,2,2
11710,1,1
11711,12,12
11712,24,24
11713,5,5
11714,20,20
11715,9,9
11716,13,13
11717,8,8
11718,24,24
11719,3,3
11720,6,6
11721,4,4
11722,7,7
11723,24,24
11724,16,16
11725,2,2
11726,18,18
11727,8,8
11728,17,17
11729,16,16
11730,0,0
11731,6,6
11732,6,6
11733,23,23
11734,15,15
11735,24,24
11736,17,17
11737,20,20
11738,14,14
11739,20,20
11740,7,7
11741,7,7
11742,24,24
11743,3,3
11744,2,2
11745,16,16
11746,1,1
11747,20,20
11748,24,24
11749,13,13
11750,8,8
11751,25,25
11752,16,16
11753,25,25
11754,25,25
11755,18,18
11756,9,9
11757,19,19
11758,25,25
11759,20,20
11760,4,4
11761,4,4
11762,19,19
11763,10,10
11764,2,2
11765,18,18
11766,12,12
11767,10,10
11768,1,1
11769,10,10
11770,9,9
11771,18,18
11772,18,18
11773,19,19
11774,7,7
11775,2,2
11776,0,0
11777,23,23
11778,7,7
11779,2,2
11780,18,18
11781,25,25
11782,23,23
11783,22,22
11784,24,24
11785,5,5
11786,8,8
11787,16,16
11788,1,1
11789,16,16
11790,1,1
11791,25,25
11792,8,8
11793,6,6
11794,2,2
11795,3,3
11796,4,4
11797,2,2
11798,11,11
11799,2,2
11800,4,4
11801,9,9
11802,21,21
11803,15,15
11804,4,4
11805,5,5
11806,11,11
11807,22,22
11808,2,2
11809,16,16
11810,2,2
11811,18,18
11812,7,7
11813,25,25
11814,4,4
11815,2,2
11816,23,23
11817,9,9
11818,2,2
11819,16,16
11820,2,2
11821,5,5
11822,1,1
11823,5,5
11824,5,5
11825,0,0
11826,2,2
11827,16,16
11828,18,18
11829,5,5
11830,8,8
11831,7,7
11832,23,23
11833,5,5
11834,3,3
11835,22,22
11836,22,22
11837,1,1
11838,8,8
11839,5,5
11840,13,13
11841,6,6
11842,18,18
11843,9,9
11844,2,2
11845,20,20
11846,17,17
11847,21,21
11848,5,5
11849,25,25
11850,2,2
11851,9,9
11852,16,16
11853,9,9
11854,9,9
11855,5,5
11856,5,5
11857,7,7
11858,21,21
11859,2,2
11860,17,17
11861,2,2
11862,2,2
11863,18,18
11864,3,3
11865,7,7
11866,24,24
11867,23,23
11868,7,7
11869,10,10
11870,24,24
11871,5,5
11872,9,9
11873,10,10
11874,2,2
11875,25,25
11876,7,7
11877,5,5
11878,25,25
11879,19,19
11880,4,4
11881,6,6
11882,15,15
11883,24,24
11884,4,4
11885,0,0
11886,3,3
11887,2,2
11888,21,21
11889,18,18
11890,18,18
11891,0,0
11892,10,10
11893,0,0
11894,6,6
11895,23,23
11896,20,20
11897,3,3
11898,24,24
11899,25,25
11900,10,10
11901,0,0
11902,3,3
11903,10,10
11904,20,20
11905,2,2
11906,3,3
11907,4,4
11908,25,25
11909,9,9
11910,5,5
11911,16,16
11912,7,7
11913,24,24
11914,13,13
11915,6,6
11916,24,24
11917,16,16
11918,16,16
11919,20,20
11920,2,2
11921,17,17
11922,7,7
11923,16,16
11924,17,17
11925,22,22
11926,7,7
11927,25,25
11928,20,20
11929,10,10
11930,9,9
11931,7,7
11932,2,2
11933,11,11
11934,18,18
11935,16,16
11936,2,2
11937,1,1
11938,23,23
11939,25,25
11940,25,25
11941,25,25
11942,21,21
11943,8,8
11944,25,25
11945,13,13
11946,21,21
11947,4,4
11948,0,0
11949,6,6
11950,8,8
11951,8,8
11952,9,9
11953,5,5
11954,7,7
11955,5,5
11956,1,1
11957,25,25
11958,23,23
11959,5,5
11960,2,2
11961,3,3
11962,9,9
11963,13,13
11964,2,2
11965,24,24
11966,25,25
11967,18,18
11968,16,16
11969,21,21
11970,3,3
11971,5,5
11972,21,21
11973,5,5
11974,17,17
11975,0,0
11976,2,2
11977,23,23
11978,15,15
11979,18,18
11980,1,1
11981,9,9
11982,25,25
11983,25,25
11984,2,2
11985,0,0
11986,5,5
11987,25,25
11988,21,21
11989,17,17
11990,25,25
11991,9,9
11992,22,22
11993,6,6
11994,6,6
11995,12,12
11996,24,24
11997,24,24
11998,25,25
11999,17,17
12000,0,0
12001,6,6
12002,19,19
12003,5,5
12004,15,15
12005,8,8
12006,1,1
12007,2,2
12008,24,24
12009,8,8
12010,19,19
12011,17,17
12012,13,13
12013,20,20
12014,1,1
12015,24,24
12016,9,9
12017,4,4
12018,2,2
12019,25,25
12020,16,16
12021,5,5
12022,23,23
12023,8,8
12024,8,8
12025,13,13
12026,24,24
12027,16,16
12028,19,19
12029,16,16
12030,7,7
12031,1,1
12032,11,11
12033,20,20
12034,0,0
12035,7,7
12036,21,21
12037,20,20
12038,7,7
12039,18,18
12040,22,22
12041,2,2
12042,6,6
12043,6,6
12044,22,22
12045,8,8
12046,25,25
12047,7,7
12048,23,23
12049,5,5
12050,9,9
12051,2,2
12052,10,10
12053,7,7
12054,11,11
12055,20,20
12056,25,25
12057,8,8
12058,17,17
12059,22,22
12060,19,19
12061,7,7
12062,1,1
12063,9,9
12064,1,1
12065,19,19
12066,22,22
12067,24,24
12068,20,20
12069,25,25
12070,19,19
12071,5,5
12072,16,16
12073,24,24
12074,24,24
12075,5,5
12076,12,12
12077,8,8
12078,12,12
12079,18,18
12080,7,7
12081,16,16
12082,20,20
12083,24,24
12084,7,7
12085,2,2
12086,7,7
12087,16,16
12088,2,2
12089,21,21
12090,3,3
12091,7,7
12092,4,4
12093,4,4
12094,14,14
12095,25,25
12096,4,4
12097,18,18
12098,23,23
12099,17,17
12100,10,10
12101,8,8
12102,19,19
12103,5,5
12104,13,13
12105,9,9
12106,5,5
12107,16,16
12108,15,15
12109,22,22
12110,5,5
12111,24,24
12112,7,7
12113,6,6
12114,15,15
12115,10,10
12116,5,5
12117,25,25
12118,18,18
12119,3,3
12120,7,7
12121,24,24
12122,0,0
12123,6,6
12124,21,21
12125,4,4
12126,25,25
12127,19,19
12128,25,25
12129,23,23
12130,4,4
12131,9,9
12132,16,16
12133,2,2
12134,2,2
12135,20,20
12136,16,16
12137,0,0
12138,18,18
12139,4,4
12140,13,13
12141,16,16
12142,18,18
12143,5,5
12144,20,20
12145,2,2
12146,9,9
12147,21,21
12148,12,12
12149,12,12
12150,16,16
12151,3,3
12152,24,24
12153,7,7
12154,9,9
12155,25,25
12156,18,18
12157,23,23
12158,4,4
12159,16,16
12160,17,17
12161,6,6
12162,4,4
12163,23,23
12164,6,6
12165,18,18
12166,4,4
12167,6,6
12168,15,15
12169,16,16
12170,3,3
12171,1,1
12172,9,9
12173,3,3
12174,5,5
12175,17,17
12176,8,8
12177,11,11
12178,20,20
12179,8,8
12180,7,7
12181,21,21
12182,6,6
12183,25,25
12184,25,25
12185,10,10
12186,2,2
12187,5,5
12188,20,20
12189,0,0
12190,2,2
12191,2,2
12192,7,7
12193,8,8
12194,4,4
12195,2,2
12196,5,5
12197,5,5
12198,25,25
12199,16,16
12200,1,1
12201,5,5
12202,6,6
12203,3,3
12204,17,17
12205,23,23
12206,8,8
12207,20,20
12208,6,6
12209,11,11
12210,17,17
12211,5,5
12212,1,1
12213,8,8
12214,1,1
12215,16,16
12216,9,9
12217,21,21
12218,14,14
12219,6,6
12220,17,17
12221,8,8
12222,25,25
12223,21,21
12224,10,10
12225,18,18
12226,2,2
12227,8,8
12228,24,24
12229,7,7
12230,8,8
12231,1,1
12232,5,5
12233,20,20
12234,6,6
12235,25,25
12236,8,8
12237,19,19
12238,25,25
12239,8,8
12240,5,5
12241,16,16
12242,25,25
12243,24,24
12244,2,2
12245,10,10
12246,17,17
12247,0,0
12248,4,4
12249,2,2
12250,2,2
12251,2,2
12252,19,19
12253,25,25
12254,13,13
12255,2,2
12256,1,1
12257,8,8
12258,16,16
12259,15,15
12260,21,21
12261,13,13
12262,1,1
12263,18,18
12264,6,6
12265,7,7
12266,9,9
12267,4,4
12268,17,17
12269,21,21
12270,4,4
12271,25,25
12272,5,5
12273,2,2
12274,13,13
12275,10,10
12276,18,18
12277,12,12
12278,7,7
12279,2,2
12280,17,17
12281,4,4
12282,13,13
12283,0,0
12284,2,2
12285,1,1
12286,5,5
12287,15,15
12288,3,3
12289,1,1
12290,4,4
12291,5,5
12292,18,18
12293,11,11
12294,12,12
12295,24,24
12296,16,16
12297,6,6
12298,10,10
12299,1,1
12300,21,21
12301,14,14
12302,17,17
12303,5,5
12304,24,24
12305,13,13
12306,24,24
12307,5,5
12308,15,15
12309,2,2
12310,1,1
12311,25,25
12312,11,11
12313,18,18
12314,25,25
12315,23,23
12316,24,24
12317,19,19
12318,9,9
12319,2,2
12320,3,3
12321,24,24
12322,23,23
12323,24,24
12324,3,3
12325,19,19
12326,24,24
12327,1,1
12328,0,0
12329,0,0
12330,15,15
12331,19,19
12332,6,6
12333,4,4
12334,5,5
12335,21,21
12336,19,19
12337,14,14
12338,0,0
12339,18,18
12340,5,5
12341,8,8
12342,19,19
12343,25,25
12344,2,2
12345,25,25
12346,18,18
12347,3,3
12348,4,4
12349,5,5
12350,5,5
12351,6,6
12352,15,15
12353,23,23
12354,10,10
12355,5,5
12356,18,18
12357,5,5
12358,1,1
12359,16,16
12360,8,8
12361,23,23
12362,19,19
12363,5,5
12364,13,13
12365,11,11
12366,25,25
12367,5,5
12368,2,2
12369,2,2
12370,8,8
12371,4,4
12372,2,2
12373,5,5
12374,5,5
12375,2,2
12376,16,16
12377,13,13
12378,13,13
12379,16,16
12380,21,21
12381,16,16
12382,19,19
12383,18,18
12384,5,5
12385,13,13
12386,16,16
12387,7,7
12388,23,23
12389,19,19
12390,23,23
12391,11,11
12392,16,16
12393,12,12
12394,2,2
12395,12,12
12396,22,22
12397,7,7
12398,2,2
12399,24,24
12400,11,11
12401,23,23
12402,5,5
12403,2,2
12404,1,1
12405,13,13
12406,15,15
12407,2,2
12408,16,16
12409,24,24
12410,1,1
12411,25,25
12412,17,17
12413,6,6
12414,7,7
12415,2,2
12416,20,20
12417,2,2
12418,2,2
12419,5,5
12420,24,24
12421,10,10
12422,3,3
12423,24,24
12424,24,24
12425,15,15
12426,24,24
12427,10,10
12428,16,16
12429,5,5
12430,17,17
12431,12,12
12432,7,7
12433,4,4
12434,25,25
12435,18,18
12436,7,7
12437,17,17
12438,21,21
12439,18,18
12440,7,7
12441,21,21
12442,4,4
12443,8,8
12444,4,4
12445,10,10
12446,7,7
12447,17,17
12448,5,5
12449,7,7
12450,15,15
12451,2,2
12452,16,16
12453,17,17
12454,2,2
12455,19,19
12456,4,4
12457,0,0
12458,20,20
12459,17,17
12460,25,25
12461,19,19
12462,25,25
12463,25,25
12464,2,2
12465,2,2
12466,25,25
12467,0,0
12468,4,4
12469,10,10
12470,16,16
12471,24,24
12472,1,1
12473,15,15
12474,4,4
12475,7,7
12476,1,1
12477,4,4
12478,9,9
12479,0,0
12480,23,23
12481,17,17
12482,7,7
12483,10,10
12484,1,1
12485,13,13
12486,7,7
12487,19,19
12488,18,18
12489,18,18
12490,16,16
12491,21,21
12492,7,7
12493,21,21
12494,4,4
12495,2,2
12496,21,21
12497,24,24
12498,21,21
12499,16,16
12500,2,2
12501,16,16
12502,5,5
12503,8,8
12504,21,21
12505,19,19
12506,4,4
12507,20,20
12508,19,19
12509,25,25
12510,12,12
12511,24,24
12512,20,20
12513,6,6
12514,5,5
12515,3,3
12516,10,10
12517,19,19
12518,5,5
12519,25,25
12520,9,9
12521,25,25
12522,10,10
12523,4,4
12524,20,20
12525,23,23
12526,9,9
12527,10,10
12528,10,10
12529,4,4
12530,24,24
12531,7,7
12532,6,6
12533,7,7
12534,16,16
12535,2,2
12536,4,4
12537,18,18
12538,25,25
12539,1,1
12540,1,1
12541,19,19
12542,22,22
12543,1,1
12544,8,8
12545,1,1
12546,6,6
12547,17,17
12548,0,0
12549,5,5
12550,2,2
12551,1,1
12552,2,2
12553,2,2
12554,21,21
12555,15,15
12556,3,3
12557,4,4
12558,17,17
12559,17,17
12560,16,16
12561,4,4
12562,3,3
12563,18,18
12564,3,3
12565,16,16
12566,5,5
12567,17,17
12568,7,7
12569,24,24
12570,15,15
12571,25,25
12572,16,16
12573,20,20
12574,20,20
12575,4,4
12576,9,9
12577,8,8
12578,6,6
12579,1,1
12580,15,15
12581,17,17
12582,21,21
12583,0,0
12584,17,17
12585,5,5
12586,23,23
12587,8,8
12588,17,17
12589,25,25
12590,1,1
12591,0,0
12592,24,24
12593,0,0
12594,7,7
12595,20,20
12596,13,13
12597,1,1
12598,7,7
12599,17,17
12600,5,5
12601,24,24
12602,7,7
12603,23,23
12604,1,1
12605,7,7
12606,21,21
12607,25,25
12608,7,7
12609,20,20
12610,3,3
12611,2,2
12612,16,16
12613,11,11
12614,16,16
12615,7,7
12616,2,2
12617,18,18
12618,5,5
12619,0,0
12620,3,3
12621,6,6
12622,7,7
12623,16,16
12624,13,13
12625,25,25
12626,25,25
12627,0,0
12628,21,21
12629,9,9
12630,24,24
12631,20,20
12632,19,19
12633,5,5
12634,6,6
12635,18,18
12636,3,3
12637,20,20
12638,10,10
12639,4,4
12640,23,23
12641,24,24
12642,6,6
12643,5,5
12644,15,15
12645,0,0
12646,7,7
12647,5,5
12648,15,15
12649,0,0
12650,23,23
12651,0,0
12652,25,25
12653,7,7
12654,6,6
12655,5,5
12656,20,20
12657,24,24
12658,21,21
12659,16,16
12660,4,4
12661,25,25
12662,18,18
12663,21,21
12664,18,18
12665,7,7
12666,5,5
12667,9,9
12668,1,1
12669,3,3
12670,13,13
12671,25,25
12672,16,16
12673,25,25
12674,19,19
12675,25,25
12676,14,14
12677,6,6
12678,24,24
12679,16,16
12680,2,2
12681,12,12
12682,25,25
12683,24,24
12684,8,8
12685,18,18
12686,19,19
12687,4,4
12688,20,20
12689,11,11
12690,9,9
12691,21,21
12692,5,5
12693,5,5
12694,25,25
12695,18,18
12696,5,5
12697,16,16
12698,25,25
12699,25,25
12700,18,18
12701,4,4
12702,18,18
12703,19,19
12704,19,19
12705,15,15
12706,17,17
12707,7,7
12708,19,19
12709,7,7
12710,14,14
12711,18,18
12712,7,7
12713,8,8
12714,5,5
12715,18,18
12716,18,18
12717,4,4
12718,19,19
12719,1,1
12720,10,10
12721,20,20
12722,18,18
12723,1,1
12724,24,24
12725,23,23
12726,3,3
12727,21,21
12728,18,18
12729,7,7
12730,19,19
12731,25,25
12732,24,24
12733,5,5
12734,21,21
12735,18,18
12736,9,9
12737,13,13
12738,6,6
12739,18,18
12740,20,20
12741,7,7
12742,0,0
12743,19,19
12744,20,20
12745,23,23
12746,10,10
12747,12,12
12748,19,19
12749,5,5
12750,5,5
12751,7,7
12752,23,23
12753,15,15
12754,7,7
12755,4,4
12756,21,21
12757,12,12
12758,5,5
12759,18,18
12760,21,21
12761,25,25
12762,23,23
12763,9,9
12764,12,12
12765,25,25
12766,17,17
12767,7,7
12768,25,25
12769,1,1
12770,6,6
12771,11,11
12772,7,7
12773,6,6
12774,16,16
12775,21,21
12776,12,12
12777,11,11
12778,22,22
12779,7,7
12780,20,20
12781,5,5
12782,0,0
12783,25,25
12784,12,12
12785,20,20
12786,2,2
12787,7,7
12788,7,7
12789,7,7
12790,16,16
12791,1,1
12792,7,7
12793,2,2
12794,24,24
12795,1,1
12796,4,4
12797,19,19
12798,24,24
12799,24,24
12800,7,7
12801,17,17
12802,7,7
12803,21,21
12804,2,2
12805,2,2
12806,4,4
12807,25,25
12808,25,25
12809,2,2
12810,25,25
12811,20,20
12812,7,7
12813,24,24
12814,24,24
12815,20,20
12816,18,18
12817,12,12
12818,5,5
12819,4,4
12820,17,17
12821,13,13
12822,25,25
12823,25,25
12824,6,6
12825,4,4
12826,4,4
12827,21,21
12828,4,4
12829,5,5
12830,6,6
12831,25,25
12832,3,3
12833,13,13
12834,24,24
12835,8,8
12836,16,16
12837,2,2
12838,0,0
12839,21,21
12840,21,21
12841,18,18
12842,13,13
12843,4,4
12844,11,11
12845,7,7
12846,17,17
12847,9,9
12848,2,2
12849,0,0
12850,2,2
12851,4,4
12852,15,15
12853,5,5
12854,9,9
12855,19,19
12856,12,12
12857,10,10
12858,1,1
12859,25,25
12860,1,1
12861,4,4
12862,4,4
12863,0,0
12864,2,2
12865,16,16
12866,20,20
12867,16,16
12868,6,6
12869,15,15
12870,25,25
12871,17,17
12872,24,24
12873,24,24
12874,18,18
12875,2,2
12876,10,10
12877,11,11
12878,24,24
12879,20,20
12880,9,9
12881,5,5
12882,24,24
12883,20,20
12884,14,14
12885,19,19
12886,24,24
12887,24,24
12888,18,18
12889,17,17
12890,18,18
12891,21,21
12892,5,5
12893,19,19
12894,7,7
12895,4,4
12896,25,25
12897,24,24
12898,23,23
12899,1,1
12900,9,9
12901,24,24
12902,14,14
12903,4,4
12904,6,6
12905,7,7
12906,21,21
12907,8,8
12908,7,7
12909,4,4
12910,4,4
12911,21,21
12912,19,19
12913,10,10
12914,4,4
12915,8,8
12916,23,23
12917,17,17
12918,7,7
12919,5,5
12920,4,4
12921,9,9
12922,18,18
12923,2,2
12924,23,23
12925,2,2
12926,2,2
12927,18,18
12928,1,1
12929,2,2
12930,19,19
12931,21,21
12932,20,20
12933,13,13
12934,6,6
12935,17,17
12936,7,7
12937,17,17
12938,17,17
12939,11,11
12940,21,21
12941,3,3
12942,7,7
12943,22,22
12944,4,4
12945,17,17
12946,5,5
12947,13,13
12948,25,25
12949,9,9
12950,8,8
12951,12,12
12952,24,24
12953,2,2
12954,24,24
12955,8,8
12956,8,8
12957,0,0
12958,21,21
12959,6,6
12960,18,18
12961,3,3
12962,24,24
12963,24,24
12964,18,18
12965,4,4
12966,23,23
12967,16,16
12968,17,17
12969,17,17
12970,1,1
12971,21,21
12972,23,23
12973,22,22
12974,2,2
12975,18,18
12976,7,7
12977,18,18
12978,23,23
12979,1,1
12980,13,13
12981,2,2
12982,4,4
12983,2,2
12984,24,24
12985,7,7
12986,24,24
12987,4,4
12988,7,7
12989,18,18
12990,21,21
12991,2,2
12992,5,5
12993,20,20
12994,5,5
12995,7,7
12996,18,18
12997,25,25
12998,16,16
12999,24,24
13000,23,23
13001,25,25
13002,3,3
13003,10,10
13004,7,7
13005,14,14
13006,2,2
13007,12,12
13008,15,15
13009,25,25
13010,5,5
13011,0,0
13012,12,12
13013,19,19
13014,6,6
13015,25,25
13016,11,11
13017,10,10
13018,13,13
13019,5,5
13020,24,24
13021,5,5
13022,3,3
13023,5,5
13024,23,23
13025,14,14
13026,2,2
13027,25,25
13028,24,24
13029,17,17
13030,25,25
13031,4,4
13032,19,19
13033,2,2
13034,5,5
13035,4,4
13036,20,20
13037,17,17
13038,13,13
13039,2,2
13040,15,15
13041,9,9
13042,0,0
13043,23,23
13044,14,14
13045,25,25
13046,2,2
13047,18,18
13048,7,7
13049,17,17
13050,2,2
13051,18,18
13052,16,16
13053,20,20
13054,0,0
13055,16,16
13056,25,25
13057,2,2
13058,18,18
13059,22,22
13060,25,25
13061,1,1
13062,6,6
13063,19,19
13064,17,17
13065,1,1
13066,9,9
13067,4,4
13068,5,5
13069,1,1
13070,24,24
13071,8,8
13072,0,0
13073,25,25
13074,21,21
13075,24,24
13076,2,2
13077,18,18
13078,15,15
13079,10,10
13080,24,24
13081,0,0
13082,10,10
13083,18,18
13084,5,5
13085,24,24
13086,12,12
13087,18,18
13088,8,8
13089,16,16
13090,17,17
13091,7,7
13092,4,4
13093,25,25
13094,18,18
13095,19,19
13096,21,21
13097,25,25
13098,2,2
13099,5,5
13100,15,15
13101,3,3
13102,24,24
13103,1,1
13104,7,7
13105,6,6
13106,0,0
13107,16,16
13108,3,3
13109,2,2
13110,6,6
13111,19,19
13112,17,17
13113,5,5
13114,7,7
13115,1,1
13116,5,5
13117,15,15
13118,10,10
13119,0,0
13120,16,16
13121,2,2
13122,2,2
13123,1,1
13124,4,4
13125,9,9
13126,18,18
13127,9,9
13128,5,5
13129,5,5
13130,18,18
13131,15,15
13132,23,23
13133,7,7
13134,13,13
13135,5,5
13136,20,20
13137,25,25
13138,17,17
13139,22,22
13140,6,6
13141,9,9
13142,20,20
13143,23,23
13144,5,5
13145,4,4
13146,12,12
13147,20,20
13148,24,24
13149,9,9
13150,5,5
13151,7,7
13152,15,15
13153,5,5
13154,23,23
13155,8,8
13156,7,7
13157,1,1
13158,24,24
13159,17,17
13160,4,4
13161,19,19
13162,4,4
13163,16,16
13164,5,5
13165,17,17
13166,8,8
13167,4,4
13168,21,21
13169,13,13
13170,24,24
13171,20,20
13172,21,21
13173,23,23
13174,16,16
13175,5,5
13176,5,5
13177,18,18
13178,8,8
13179,13,13
13180,9,9
13181,19,19
13182,4,4
13183,7,7
13184,13,13
13185,1,1
13186,22,22
13187,10,10
13188,4,4
13189,20,20
13190,10,10
13191,24,24
13192,20,20
13193,7,7
13194,21,21
13195,16,16
13196,23,23
13197,4,4
13198,0,0
13199,7,7
13200,8,8
13201,4,4
13202,3,3
13203,16,16
13204,18,18
13205,24,24
13206,13,13
13207,3,3
13208,25,25
13209,25,25
13210,2,2
13211,3,3
13212,24,24
13213,12,12
13214,9,9
13215,1,1
13216,7,7
13217,6,6
13218,12,12
13219,23,23
13220,8,8
13221,16,16
13222,25,25
13223,5,5
13224,25,25
13225,17,17
13226,8,8
13227,0,0
13228,8,8
13229,7,7
13230,21,21
13231,5,5
13232,10,10
13233,23,23
13234,13,13
13235,3,3
13236,23,23
13237,6,6
13238,20,20
13239,4,4
13240,23,23
13241,3,3
13242,3,3
13243,6,6
13244,5,5
13245,7,7
13246,6,6
13247,1,1
13248,4,4
13249,8,8
13250,9,9
13251,0,0
13252,5,5
13253,17,17
13254,21,21
13255,4,4
13256,13,13
13257,9,9
13258,20,20
13259,19,19
13260,25,25
13261,7,7
13262,19,19
13263,17,17
13264,24,24
13265,23,23
13266,18,18
13267,24,24
13268,9,9
13269,7,7
13270,25,25
13271,19,19
13272,8,8
13273,16,16
13274,18,18
13275,4,4
13276,25,25
13277,8,8
13278,8,8
13279,23,20
13280,18,18
13281,0,0
13282,1,1
13283,7,7
13284,25,25
13285,16,16
13286,16,16
13287,24,24
13288,6,6
13289,1,1
13290,25,25
13291,23,23
13292,16,16
13293,18,18
13294,25,25
13295,9,9
13296,1,1
13297,15,15
13298,25,25
13299,20,20
13300,2,2
13301,5,5
13302,23,23
13303,3,3
13304,20,20
13305,13,13
13306,0,0
13307,6,6
13308,9,9
13309,0,0
13310,20,20
13311,25,25
13312,19,19
13313,7,7
13314,0,0
13315,10,10
13316,19,19
13317,10,10
13318,13,13
13319,4,4
13320,4,4
13321,8,8
13322,4,4
13323,24,24
13324,2,2
13325,17,17
13326,3,3
13327,18,18
13328,7,7
13329,5,5
13330,16,16
13331,12,12
13332,2,2
13333,16,16
13334,5,5
13335,24,24
13336,19,19
13337,23,23
13338,23,23
13339,24,24
13340,7,7
13341,8,8
13342,23,23
13343,13,13
13344,2,2
13345,8,8
13346,4,4
13347,4,4
13348,16,16
13349,0,0
13350,25,25
13351,1,1
13352,23,23
13353,6,6
13354,21,21
13355,23,23
13356,16,16
13357,4,4
13358,23,23
13359,7,7
13360,1,1
13361,20,20
13362,9,9
13363,13,13
13364,0,0
13365,2,2
13366,23,23
13367,7,7
13368,5,5
13369,16,16
13370,10,10
13371,0,0
13372,10,10
13373,16,16
13374,3,3
13375,1,1
13376,3,3
13377,23,23
13378,2,2
13379,12,12
13380,7,7
13381,19,19
13382,17,17
13383,15,15
13384,2,2
13385,16,16
13386,24,24
13387,8,8
13388,1,1
13389,16,16
13390,7,7
13391,24,24
13392,4,4
13393,6,6
13394,4,4
13395,1,1
13396,13,13
13397,1,1
13398,19,19
13399,25,25
13400,13,13
13401,18,18
13402,4,4
13403,23,23
13404,20,20
13405,7,7
13406,15,15
13407,12,12
13408,3,3
13409,4,4
13410,18,18
13411,10,10
13412,15,15
13413,3,3
13414,19,19
13415,3,3
13416,9,9
13417,20,20
13418,24,24
13419,2,2
13420,1,1
13421,0,0
13422,3,3
13423,12,12
13424,20,20
13425,21,21
13426,22,22
13427,2,2
13428,25,25
13429,24,24
13430,16,16
13431,9,9
13432,4,4
13433,2,2
13434,18,18
13435,2,2
13436,23,23
13437,4,4
13438,7,7
13439,4,4
13440,5,5
13441,2,2
13442,25,25
13443,0,0
13444,25,25
13445,13,13
13446,25,25
13447,2,2
13448,25,25
13449,4,4
13450,24,24
13451,11,11
13452,25,25
13453,5,5
13454,8,8
13455,18,18
13456,7,7
13457,25,25
13458,23,23
13459,7,7
13460,16,16
13461,9,9
13462,25,25
13463,7,7
13464,0,0
13465,5,5
13466,6,6
13467,19,19
13468,4,4
13469,5,5
13470,7,7
13471,20,20
13472,24,24
13473,24,24
13474,19,19
13475,5,5
13476,17,17
13477,13,13
13478,6,6
13479,2,2
13480,6,6
13481,5,5
13482,16,16
13483,7,7
13484,19,19
13485,17,17
13486,21,21
13487,20,20
13488,25,25
13489,17,17
13490,3,3
13491,16,16
13492,6,6
13493,3,3
13494,5,5
13495,1,1
13496,1,1
13497,9,9
13498,12,12
13499,0,0
13500,9,9
13501,10,10
13502,5,5
13503,4,4
13504,23,23
13505,3,3
13506,7,7
13507,4,4
13508,25,25
13509,20,20
13510,6,6
13511,19,19
13512,23,23
13513,25,25
13514,15,15
13515,2,2
13516,16,16
13517,14,14
13518,6,6
13519,2,2
13520,13,13
13521,12,12
13522,6,6
13523,7,7
13524,6,6
13525,24,24
13526,9,9
13527,14,14
13528,9,9
13529,2,2
13530,11,11
13531,24,24
13532,17,17
13533,11,11
13534,7,7
13535,3,3
13536,22,22
13537,24,24
13538,19,19
13539,6,6
13540,6,6
13541,9,9
13542,6,6
13543,4,4
13544,4,4
13545,0,0
13546,18,18
13547,8,8
13548,12,12
13549,4,4
13550,11,11
13551,3,3
13552,8,8
13553,6,6
13554,25,25
13555,4,4
13556,17,17
13557,2,2
13558,21,21
13559,5,5
13560,15,15
13561,5,5
13562,23,23
13563,11,11
13564,25,25
13565,4,4
13566,19,19
13567,0,0
13568,16,16
13569,5,5
13570,8,8
13571,10,10
13572,2,2
13573,25,25
13574,20,20
13575,4,4
13576,13,13
13577,16,16
13578,1,1
13579,7,7
13580,10,10
13581,19,19
13582,2,2
13583,20,20
13584,0,0
13585,2,2
13586,21,21
13587,16,16
13588,23,23
13589,4,4
13590,8,8
13591,25,25
13592,6,6
13593,24,24
13594,8,8
13595,5,5
13596,16,16
13597,16,16
13598,5,5
13599,18,18
13600,16,16
13601,0,0
13602,17,17
13603,6,6
13604,24,24
13605,23,23
13606,11,11
13607,3,3
13608,20,20
13609,25,25
13610,17,17
13611,1,1
13612,16,16
13613,8,8
13614,1,1
13615,10,10
13616,19,19
13617,15,15
13618,4,4
13619,19,19
13620,5,5
13621,13,13
13622,4,4
13623,14,14
13624,25,25
13625,15,15
13626,20,20
13627,5,5
13628,11,11
13629,1,1
13630,16,16
13631,2,2
13632,5,5
13633,21,21
13634,20,20
13635,6,6
13636,12,12
13637,7,7
13638,7,7
13639,25,25
13640,1,1
13641,5,5
13642,25,25
13643,2,2
13644,21,21
13645,1,1
13646,18,18
13647,12,12
13648,2,2
13649,23,23
13650,5,5
13651,4,4
13652,25,25
13653,8,8
13654,21,21
13655,2,2
13656,18,18
13657,2,2
13658,2,2
13659,19,19
13660,0,0
13661,25,25
13662,7,7
13663,2,2
13664,2,2
13665,3,3
13666,5,5
13667,23,23
13668,5,5
13669,6,6
13670,8,8
13671,9,9
13672,16,16
13673,1,1
13674,20,20
13675,5,5
13676,9,9
13677,24,24
13678,3,3
13679,6,6
13680,24,24
13681,25,25
13682,13,13
13683,16,16
13684,5,5
13685,23,23
13686,25,25
13687,16,16
13688,25,25
13689,16,16
13690,19,19
13691,7,7
13692,2,2
13693,4,4
13694,4,4
13695,20,20
13696,7,7
13697,23,23
13698,21,21
13699,19,19
13700,25,25
13701,5,5
13702,9,9
13703,6,6
13704,18,18
13705,24,24
13706,15,15
13707,24,24
13708,25,25
13709,20,20
13710,24,24
13711,4,4
13712,20,20
13713,8,8
13714,21,21
13715,22,22
13716,20,20
13717,16,16
13718,4,4
13719,21,21
13720,25,25
13721,21,21
13722,4,4
13723,6,6
13724,3,3
13725,19,19
13726,21,21
13727,12,12
13728,1,1
13729,4,4
13730,22,22
13731,21,21
13732,7,7
13733,16,16
13734,7,7
13735,7,7
13736,13,13
13737,20,20
13738,5,5
13739,5,5
13740,25,25
13741,7,7
13742,1,1
13743,2,2
13744,2,2
13745,17,17
13746,1,1
13747,20,20
13748,2,2
13749,17,17
13750,1,1
13751,4,4
13752,18,18
13753,17,17
13754,18,18
13755,2,2
13756,23,23
13757,20,20
13758,22,22
13759,7,7
13760,10,10
13761,14,14
13762,17,17
13763,19,19
13764,21,21
13765,25,25
13766,5,5
13767,6,6
13768,25,25
13769,21,21
13770,2,2
13771,21,21
13772,17,17
13773,15,15
13774,11,11
13775,5,5
13776,4,4
13777,17,17
13778,20,20
13779,6,6
13780,7,7
13781,21,21
13782,18,18
13783,4,4
13784,17,17
13785,10,10
13786,17,17
13787,2,2
13788,18,18
13789,4,4
13790,3,3
13791,1,1
13792,24,24
13793,22,22
13794,13,13
13795,14,14
13796,4,4
13797,6,6
13798,7,7
13799,22,22
13800,15,15
13801,12,12
13802,1,1
13803,9,9
13804,6,6
13805,20,20
13806,8,8
13807,3,3
13808,6,6
13809,20,20
13810,3,3
13811,5,5
13812,4,4
13813,25,25
13814,3,3
13815,13,13
13816,24,24
13817,2,2
13818,7,7
13819,1,1
13820,19,19
13821,6,6
13822,9,9
13823,25,25
13824,7,7
13825,12,12
13826,6,6
13827,2,2
13828,25,25
13829,21,21
13830,12,12
13831,6,6
13832,2,2
13833,25,25
13834,5,5
13835,6,6
13836,17,17
13837,25,25
13838,18,18
13839,3,3
13840,24,24
13841,4,4
13842,9,9
13843,20,20
13844,14,14
13845,16,16
13846,1,1
13847,1,1
13848,5,5
13849,24,24
13850,0,0
13851,25,25
13852,24,24
13853,19,19
13854,2,2
13855,18,18
13856,25,25
13857,2,2
13858,19,19
13859,2,2
13860,4,4
13861,20,20
13862,7,7
13863,22,22
13864,17,17
13865,25,25
13866,13,13
13867,5,5
13868,3,3
13869,17,17
13870,13,13
13871,1,1
13872,2,2
13873,16,16
13874,20,20
13875,8,8
13876,18,18
13877,13,13
13878,16,16
13879,0,0
13880,25,25
13881,13,13
13882,8,8
13883,22,22
13884,16,16
13885,16,16
13886,19,19
13887,10,10
13888,24,24
13889,19,19
13890,1,1
13891,23,23
13892,9,9
13893,9,9
13894,13,13
13895,21,21
13896,24,24
13897,1,1
13898,2,2
13899,7,7
13900,16,16
13901,5,5
13902,1,1
13903,12,12
13904,18,18
13905,1,1
13906,15,15
13907,12,12
13908,24,24
13909,25,25
13910,7,7
13911,9,9
13912,5,5
13913,8,8
13914,24,24
13915,7,7
13916,13,13
13917,19,19
13918,1,1
13919,16,16
13920,7,7
13921,20,20
13922,6,6
13923,16,16
13924,25,25
13925,9,9
13926,11,11
13927,6,6
13928,7,7
13929,25,25
13930,9,9
13931,0,0
13932,2,2
13933,2,2
13934,23,23
13935,4,4
13936,4,4
13937,2,2
13938,9,9
13939,24,24
13940,7,7
13941,19,19
13942,24,24
13943,9,9
13944,23,23
13945,23,23
13946,15,15
13947,0,0
13948,19,19
13949,24,24
13950,17,17
13951,7,7
13952,21,21
13953,2,2
13954,5,5
13955,25,25
13956,8,8
13957,5,5
13958,7,7
13959,21,21
13960,16,16
13961,1,1
13962,5,5
13963,22,22
13964,3,3
13965,5,5
13966,7,7
13967,23,23
13968,8,8
13969,24,24
13970,17,17
13971,19,19
13972,18,18
13973,25,25
13974,25,25
13975,10,10
13976,0,0
13977,9,9
13978,2,2
13979,16,16
13980,2,2
13981,8,8
13982,15,15
13983,25,25
13984,17,17
13985,2,2
13986,10,10
13987,2,2
13988,12,12
13989,1,1
13990,4,4
13991,12,12
13992,2,2
13993,4,4
13994,1,1
13995,20,20
13996,21,21
13997,8,8
13998,1,1
13999,23,23
14000,6,6
14001,17,17
14002,16,16
14003,5,5
14004,2,2
14005,16,16
14006,4,4
14007,5,5
14008,3,3
14009,2,2
14010,6,6
14011,7,7
14012,4,4
14013,9,9
14014,5,5
14015,19,19
14016,17,17
14017,25,25
14018,21,21
14019,21,21
14020,3,3
14021,2,2
14022,25,25
14023,5,7
14024,8,8
14025,16,16
14026,10,10
14027,21,21
14028,7,7
14029,25,25
14030,8,8
14031,18,18
14032,19,19
14033,17,17
14034,13,13
14035,25,25
14036,5,5
14037,5,5
14038,16,16
14039,20,20
14040,7,7
14041,20,20
14042,4,4
14043,21,21
14044,2,2
14045,15,15
14046,2,2
14047,2,2
14048,23,23
14049,23,23
14050,2,2
14051,6,6
14052,11,11
14053,17,17
14054,4,4
14055,25,25
14056,0,0
14057,5,5
14058,7,7
14059,5,5
14060,3,3
14061,8,8
14062,6,6
14063,9,9
14064,20,20
14065,8,8
14066,2,2
14067,2,2
14068,21,21
14069,7,7
14070,15,15
14071,1,1
14072,13,13
14073,13,13
14074,20,20
14075,10,10
14076,12,12
14077,23,23
14078,23,23
14079,20,20
14080,12,12
14081,11,11
14082,9,9
14083,9,9
14084,24,24
14085,6,6
14086,0,0
14087,12,12
14088,18,18
14089,25,25
14090,6,6
14091,0,0
14092,3,3
14093,25,25
14094,18,18
14095,25,25
14096,6,6
14097,10,10
14098,25,25
14099,7,7
14100,0,0
14101,6,6
14102,5,5
14103,2,2
14104,20,20
14105,4,4
14106,10,10
14107,8,8
14108,21,21
14109,6,6
14110,5,5
14111,20,20
14112,18,18
14113,21,21
14114,1,1
14115,6,6
14116,25,25
14117,2,2
14118,6,6
14119,25,25
14120,16,16
14121,8,8
14122,12,12
14123,24,24
14124,24,24
14125,0,0
14126,25,25
14127,4,4
14128,11,11
14129,18,18
14130,24,24
14131,20,20
14132,14,14
14133,4,4
14134,24,24
14135,18,18
14136,7,7
14137,16,16
14138,11,11
14139,10,10
14140,5,5
14141,24,24
14142,16,16
14143,23,23
14144,24,24
14145,11,11
14146,10,10
14147,6,6
14148,0,0
14149,24,24
14150,25,25
14151,0,0
14152,4,4
14153,20,20
14154,19,19
14155,6,6
14156,5,5
14157,10,10
14158,0,0
14159,5,5
14160,2,2
14161,1,1
14162,18,18
14163,25,25
14164,1,1
14165,1,1
14166,24,24
14167,8,8
14168,24,24
14169,18,18
14170,18,18
14171,1,1
14172,25,25
14173,13,13
14174,5,5
14175,6,6
14176,10,10
14177,8,8
14178,0,0
14179,7,7
14180,17,17
14181,16,16
14182,17,17
14183,5,5
14184,23,23
14185,1,1
14186,20,20
14187,23,23
14188,19,19
14189,20,20
14190,4,4
14191,4,4
14192,10,10
14193,7,7
14194,25,25
14195,21,21
14196,3,3
14197,11,11
14198,19,19
14199,18,18
14200,21,21
14201,2,2
14202,2,2
14203,9,9
14204,23,23
14205,24,24
14206,12,12
14207,4,4
14208,5,5
14209,7,7
14210,0,0
14211,6,6
14212,6,6
14213,5,5
14214,23,23
14215,24,24
14216,18,18
14217,18,18
14218,13,13
14219,14,14
14220,16,16
14221,5,5
14222,5,5
14223,17,17
14224,21,21
14225,19,19
14226,7,7
14227,18,18
14228,20,20
14229,0,0
14230,22,22
14231,8,8
14232,18,18
14233,16,16
14234,25,25
14235,22,22
14236,7,7
14237,16,16
14238,18,18
14239,18,18
14240,4,4
14241,16,16
14242,17,17
14243,23,23
14244,20,20
14245,7,7
14246,22,22
14247,5,5
14248,16,16
14249,15,15
14250,25,25
14251,11,11
14252,6,6
14253,10,10
14254,25,25
14255,5,5
14256,2,2
14257,8,8
14258,6,6
14259,4,4
14260,7,7
14261,13,13
14262,15,15
14263,25,25
14264,18,18
14265,7,7
14266,0,0
14267,4,4
14268,25,25
14269,25,25
14270,17,17
14271,23,23
14272,3,3
14273,2,2
14274,4,4
14275,3,3
14276,1,1
14277,24,24
14278,25,25
14279,16,16
14280,4,4
14281,19,19
14282,3,3
14283,4,4
14284,5,5
14285,25,25
14286,4,4
14287,17,17
14288,3,3
14289,17,17
14290,3,3
14291,9,9
14292,25,25
14293,3,3
14294,6,6
14295,15,15
14296,3,3
14297,2,2
14298,2,2
14299,7,7
14300,10,10
14301,18,18
14302,2,2
14303,22,22
14304,16,16
14305,0,0
14306,2,2
14307,23,23
14308,9,9
14309,25,25
14310,15,15
14311,4,4
14312,7,7
14313,17,17
14314,3,3
14315,18,18
14316,24,24
14317,23,23
14318,20,20
14319,3,3
14320,21,21
14321,7,7
14322,18,18
14323,8,8
14324,2,2
14325,2,2
14326,17,17
14327,0,0
14328,3,3
14329,7,7
14330,0,0
14331,6,6
14332,22,22
14333,7,7
14334,18,18
14335,17,17
14336,18,18
14337,2,2
14338,0,0
14339,4,4
14340,6,6
14341,25,25
14342,18,18
14343,18,18
14344,7,7
14345,3,3
14346,2,2
14347,5,5
14348,23,23
14349,19,19
14350,9,9
14351,1,1
14352,20,20
14353,19,19
14354,21,21
14355,2,2
14356,13,13
14357,0,0
14358,15,15
14359,8,8
14360,23,23
14361,7,7
14362,9,9
14363,21,21
14364,7,7
14365,2,2
14366,16,16
14367,25,25
14368,9,9
14369,10,10
14370,16,16
14371,5,5
14372,20,20
14373,18,18
14374,8,8
14375,12,12
14376,25,25
14377,4,4
14378,24,24
14379,19,19
14380,20,20
14381,16,16
14382,20,20
14383,8,8
14384,15,15
14385,19,19
14386,7,7
14387,23,23
14388,6,6
14389,25,25
14390,1,1
14391,25,25
14392,18,18
14393,7,7
14394,1,1
14395,22,22
14396,5,5
14397,20,20
14398,12,12
14399,2,5
14400,5,5
14401,2,2
14402,21,21
14403,17,17
14404,25,25
14405,19,19
14406,21,21
14407,8,8
14408,2,2
14409,0,0
14410,1,1
14411,2,2
14412,7,7
14413,25,25
14414,25,25
14415,8,8
14416,8,8
14417,4,4
14418,3,3
14419,21,21
14420,3,3
14421,6,6
14422,9,9
14423,0,0
14424,24,24
14425,4,4
14426,7,7
14427,5,5
14428,21,21
14429,14,14
14430,8,8
14431,19,19
14432,23,23
14433,2,2
14434,25,25
14435,9,9
14436,19,19
14437,25,25
14438,21,21
14439,21,21
14440,16,16
14441,7,7
14442,13,13
14443,8,8
14444,4,4
14445,5,5
14446,11,11
14447,19,19
14448,2,2
14449,0,0
14450,3,3
14451,10,10
14452,12,12
14453,21,21
14454,9,9
14455,25,25
14456,13,13
14457,20,20
14458,16,16
14459,22,22
14460,24,24
14461,4,4
14462,15,15
14463,23,23
14464,7,7
14465,24,24
14466,18,18
14467,3,3
14468,18,18
14469,8,8
14470,7,7
14471,24,24
14472,25,25
14473,20,20
14474,21,21
14475,13,13
14476,25,25
14477,18,18
14478,7,7
14479,11,11
14480,22,22
14481,15,15
14482,5,5
14483,24,24
14484,6,6
14485,23,23
14486,1,1
14487,5,5
14488,24,24
14489,9,9
14490,18,18
14491,1,1
14492,1,1
14493,25,25
14494,2,2
14495,5,5
14496,21,21
14497,15,15
14498,25,25
14499,15,15
14500,4,4
14501,8,8
14502,5,5
14503,25,25
14504,25,25
14505,18,18
14506,5,5
14507,24,24
14508,0,0
14509,23,23
14510,17,17
14511,25,25
14512,3,3
14513,7,7
14514,19,19
14515,23,23
14516,0,0
14517,5,5
14518,6,6
14519,1,1
14520,24,24
14521,4,4
14522,18,18
14523,7,7
14524,5,5
14525,11,11
14526,7,7
14527,18,18
14528,13,13
14529,9,9
14530,15,15
14531,5,5
14532,25,25
14533,21,21
14534,15,15
14535,6,6
14536,4,4
14537,9,9
14538,19,19
14539,16,16
14540,18,18
14541,15,15
14542,0,0
14543,12,12
14544,13,13
14545,7,7
14546,5,5
14547,9,9
14548,25,25
14549,7,7
14550,15,15
14551,8,8
14552,21,21
14553,16,16
14554,24,24
14555,5,5
14556,25,25
14557,20,20
14558,19,19
14559,15,15
14560,4,4
14561,24,24
14562,17,17
14563,12,12
14564,19,19
14565,1,1
14566,6,6
14567,7,7
14568,23,23
14569,6,6
14570,7,7
14571,17,17
14572,21,21
14573,11,11
14574,11,11
14575,7,7
14576,14,14
14577,19,19
14578,7,7
14579,11,11
14580,18,18
14581,9,9
14582,8,8
14583,20,20
14584,24,24
14585,20,20
14586,10,10
14587,8,8
14588,12,12
14589,13,13
14590,9,9
14591,5,5
14592,6,6
14593,9,9
14594,4,4
14595,16,16
14596,15,15
14597,4,4
14598,21,21
14599,2,2
14600,6,6
14601,24,24
14602,20,20
14603,4,4
14604,21,21
14605,15,15
14606,17,17
14607,1,1
14608,2,2
14609,7,7
14610,11,11
14611,18,18
14612,18,18
14613,5,5
14614,13,13
14615,14,14
14616,6,6
14617,9,9
14618,5,5
14619,2,2
14620,16,16
14621,3,3
14622,0,0
14623,7,7
14624,13,13
14625,16,16
14626,16,16
14627,23,23
14628,4,4
14629,2,2
14630,5,5
14631,2,2
14632,13,13
14633,8,8
14634,1,1
14635,4,4
14636,3,3
14637,14,14
14638,1,1
14639,6,6
14640,5,5
14641,13,13
14642,18,18
14643,19,19
14644,18,18
14645,22,22
14646,18,18
14647,24,24
14648,1,1
14649,0,0
14650,15,15
14651,1,1
14652,16,16
14653,21,21
14654,18,18
14655,22,22
14656,2,2
14657,19,19
14658,6,6
14659,9,9
14660,8,8
14661,9,9
14662,11,11
14663,25,25
14664,10,10
14665,5,5
14666,11,11
14667,6,6
14668,8,8
14669,21,21
14670,21,21
14671,5,5
14672,10,10
14673,17,17
14674,19,19
14675,16,16
14676,5,5
14677,7,7
14678,16,16
14679,12,12
14680,0,0
14681,6,6
14682,2,2
14683,20,20
14684,15,15
14685,12,12
14686,18,18
14687,11,11
14688,25,25
14689,8,8
14690,16,16
14691,23,23
14692,25,25
14693,19,19
14694,21,21
14695,5,5
14696,5,5
14697,24,24
14698,24,24
14699,15,15
14700,20,20
14701,5,5
14702,20,20
14703,3,3
14704,17,17
14705,5,5
14706,4,4
14707,10,10
14708,20,20
14709,25,25
14710,20,20
14711,17,17
14712,23,23
14713,3,3
14714,25,25
14715,25,25
14716,9,9
14717,19,19
14718,11,11
14719,4,4
14720,25,25
14721,15,15
14722,5,5
14723,6,6
14724,1,1
14725,2,2
14726,25,25
14727,8,8
14728,9,9
14729,25,25
14730,23,23
14731,25,25
14732,2,2
14733,21,21
14734,10,10
14735,24,24
14736,5,5
14737,23,23
14738,0,0
14739,17,17
14740,16,16
14741,4,4
14742,21,21
14743,7,7
14744,12,12
14745,21,21
14746,11,11
14747,3,3
14748,18,18
14749,0,0
14750,15,15
14751,4,4
14752,2,2
14753,3,3
14754,20,20
14755,5,5
14756,18,18
14757,5,5
14758,2,2
14759,19,19
14760,2,2
14761,20,20
14762,15,15
14763,5,5
14764,25,25
14765,7,7
14766,16,16
14767,23,23
14768,9,9
14769,15,15
14770,21,21
14771,1,1
14772,18,18
14773,19,19
14774,19,19
14775,25,25
14776,23,23
14777,0,0
14778,23,23
14779,12,12
14780,15,15
14781,7,7
14782,15,15
14783,13,13
14784,15,15
14785,6,6
14786,21,21
14787,0,0
14788,12,12
14789,6,6
14790,16,16
14791,5,5
14792,11,11
14793,0,0
14794,9,9
14795,11,11
14796,6,6
14797,0,0
14798,20,20
14799,1,1
14800,20,20
14801,8,8
14802,4,4
14803,10,10
14804,18,18
14805,16,16
14806,5,5
14807,2,2
14808,24,24
14809,21,21
14810,12,12
14811,25,25
14812,22,22
14813,10,10
14814,13,13
14815,5,5
14816,23,23
14817,11,11
14818,21,21
14819,19,19
14820,0,0
14821,15,15
14822,20,20
14823,24,24
14824,16,16
14825,5,5
14826,11,11
14827,8,8
14828,17,17
14829,16,16
14830,13,13
14831,6,6
14832,10,10
14833,5,5
14834,18,18
14835,20,20
14836,5,5
14837,24,24
14838,2,2
14839,20,20
14840,4,4
14841,17,17
14842,1,1
14843,24,24
14844,16,16
14845,1,1
14846,25,25
14847,7,7
14848,19,19
14849,21,21
14850,21,21
14851,7,7
14852,19,19
14853,6,6
14854,3,3
14855,20,20
14856,7,7
14857,9,9
14858,2,2
14859,12,12
14860,25,25
14861,12,12
14862,20,20
14863,18,18
14864,16,16
14865,21,21
14866,21,21
14867,25,25
14868,12,12
14869,16,16
14870,17,17
14871,5,5
14872,3,3
14873,25,25
14874,19,19
14875,5,5
14876,18,18
14877,1,1
14878,3,3
14879,2,2
14880,23,23
14881,4,4
14882,25,25
14883,10,10
14884,3,3
14885,23,23
14886,5,5
14887,1,1
14888,10,10
14889,25,25
14890,2,2
14891,11,11
14892,5,5
14893,6,6
14894,24,24
14895,3,3
14896,5,5
14897,24,24
14898,7,7
14899,2,2
14900,4,4
14901,7,7
14902,18,18
14903,9,9
14904,1,1
14905,4,4
14906,5,5
14907,8,8
14908,24,24
14909,7,7
14910,1,1
14911,9,9
14912,18,18
14913,5,5
14914,6,6
14915,1,1
14916,6,6
14917,15,15
14918,24,24
14919,20,20
14920,15,15
14921,2,2
14922,17,17
14923,20,20
14924,6,6
14925,7,7
14926,2,2
14927,8,8
14928,21,21
14929,25,25
14930,3,3
14931,12,12
14932,16,16
14933,3,3
14934,3,3
14935,20,20
14936,4,4
14937,19,19
14938,9,9
14939,5,5
14940,25,25
14941,7,7
14942,20,20
14943,22,22
14944,2,2
14945,20,20
14946,5,5
14947,17,17
14948,24,24
14949,7,7
14950,13,13
14951,23,23
14952,19,19
14953,17,17
14954,0,0
14955,3,3
14956,2,2
14957,16,16
14958,20,20
14959,13,13
14960,3,3
14961,3,3
14962,2,2
14963,24,24
14964,6,6
14965,7,7
14966,16,16
14967,5,5
14968,17,17
14969,8,8
14970,21,21
14971,5,5
14972,2,2
14973,2,2
14974,16,16
14975,4,4
14976,16,16
14977,25,25
14978,17,17
14979,3,3
14980,10,10
14981,21,21
14982,0,0
14983,7,7
14984,0,0
14985,8,8
14986,7,7
14987,24,24
14988,10,10
14989,16,16
14990,15,15
14991,18,18
14992,25,25
14993,16,16
14994,0,0
14995,25,25
14996,10,10
14997,6,6
14998,17,17
14999,0,0
15000,13,13
15001,3,3
15002,6,6
15003,25,25
15004,6,6
15005,3,3
15006,0,0
15007,18,18
15008,6,6
15009,1,1
15010,6,6
15011,25,25
15012,24,24
15013,25,25
15014,12,12
15015,1,1
15016,1,1
15017,1,1
15018,2,2
15019,5,5
15020,9,9
15021,1,1
15022,16,16
15023,19,19
15024,4,4
15025,7,7
15026,25,25
15027,9,9
15028,25,25
15029,13,13
15030,0,0
15031,23,23
15032,1,1
15033,4,4
15034,0,0
15035,3,3
15036,19,19
15037,1,1
15038,7,7
15039,23,23
15040,19,19
15041,15,15
15042,7,7
15043,1,1
15044,3,3
15045,7,7
15046,2,2
15047,24,24
15048,15,15
15049,5,5
15050,16,16
15051,22,22
15052,17,17
15053,21,21
15054,25,25
15055,21,21
15056,8,8
15057,7,7
15058,17,17
15059,1,1
15060,7,7
15061,4,4
15062,18,18
15063,25,25
15064,12,12
15065,15,15
15066,2,2
15067,25,25
15068,17,17
15069,25,25
15070,7,7
15071,7,7
15072,13,13
15073,4,4
15074,9,9
15075,4,4
15076,19,19
15077,7,7
15078,8,8
15079,19,19
15080,21,21
15081,24,24
15082,7,7
15083,10,10
15084,5,5
15085,12,12
15086,24,24
15087,25,25
15088,24,24
15089,10,10
15090,17,17
15091,7,7
15092,16,16
15093,13,13
15094,7,7
15095,9,9
15096,4,4
15097,23,23
15098,24,24
15099,1,1
15100,6,6
15101,16,16
15102,10,10
15103,4,4
15104,1,1
15105,7,7
15106,4,4
15107,15,15
15108,2,2
15109,7,7
15110,5,5
15111,16,16
15112,4,4
15113,6,6
15114,7,7
15115,1,1
15116,25,25
15117,4,4
15118,17,17
15119,18,18
15120,20,20
15121,19,19
15122,5,5
15123,5,5
15124,1,1
15125,24,24
15126,23,23
15127,11,11
15128,5,5
15129,2,2
15130,6,6
15131,3,3
15132,3,3
15133,16,16
15134,17,17
15135,2,2
15136,16,16
15137,15,15
15138,21,21
15139,13,13
15140,7,7
15141,23,23
15142,2,2
15143,19,19
15144,0,0
15145,10,10
15146,20,20
15147,24,24
15148,2,2
15149,21,21
15150,7,7
15151,8,8
15152,25,25
15153,5,5
15154,1,1
15155,1,1
15156,2,2
15157,20,20
15158,2,2
15159,12,12
15160,9,9
15161,25,25
15162,2,2
15163,2,2
15164,3,3
15165,24,24
15166,1,1
15167,19,19
15168,2,2
15169,25,25
15170,4,4
15171,15,15
15172,25,25
15173,18,18
15174,11,11
15175,19,19
15176,1,1
15177,2,2
15178,17,17
15179,25,25
15180,4,4
15181,7,7
15182,2,2
15183,5,5
15184,2,2
15185,24,24
15186,5,5
15187,19,19
15188,1,1
15189,20,20
15190,1,1
15191,21,21
15192,11,11
15193,5,5
15194,6,6
15195,20,20
15196,23,23
15197,0,0
15198,25,25
15199,6,6
15200,1,1
15201,3,3
15202,4,4
15203,17,17
15204,2,2
15205,17,17
15206,6,6
15207,1,1
15208,17,17
15209,25,25
15210,6,6
15211,25,25
15212,6,6
15213,15,15
15214,10,10
15215,5,5
15216,2,2
15217,6,6
15218,11,11
15219,5,5
15220,13,13
15221,21,21
15222,24,24
15223,9,9
15224,15,15
15225,16,16
15226,5,5
15227,12,12
15228,13,13
15229,14,14
15230,18,18
15231,4,4
15232,22,22
15233,23,23
15234,19,19
15235,4,4
15236,12,12
15237,3,3
15238,9,9
15239,16,16
15240,19,19
15241,24,24
15242,22,22
15243,13,13
15244,16,16
15245,19,19
15246,25,25
15247,1,1
15248,10,10
15249,3,3
15250,1,1
15251,24,24
15252,2,2
15253,1,1
15254,1,1
15255,23,23
15256,23,23
15257,17,17
15258,21,21
15259,4,4
15260,1,1
15261,9,9
15262,2,2
15263,7,7
15264,13,13
15265,5,5
15266,1,1
15267,9,9
15268,6,6
15269,2,2
15270,10,10
15271,15,15
15272,10,10
15273,13,13
15274,18,18
15275,24,24
15276,15,15
15277,0,0
15278,18,18
15279,18,18
15280,5,5
15281,3,3
15282,11,11
15283,10,10
15284,2,2
15285,20,20
15286,5,5
15287,3,3
15288,16,16
15289,1,1
15290,4,4
15291,7,7
15292,16,16
15293,18,18
15294,19,19
15295,21,21
15296,21,21
15297,6,6
15298,10,10
15299,21,21
15300,16,16
15301,21,21
15302,25,25
15303,9,9
15304,3,3
15305,15,15
15306,3,3
15307,8,8
15308,9,9
15309,5,5
15310,23,23
15311,9,9
15312,20,20
15313,9,9
15314,0,0
15315,4,4
15316,24,24
15317,12,12
15318,11,11
15319,5,5
15320,18,18
15321,12,12
15322,25,25
15323,19,19
15324,0,0
15325,21,21
15326,16,16
15327,5,5
15328,7,7
15329,3,3
15330,2,2
15331,13,13
15332,19,19
15333,18,18
15334,14,14
15335,24,24
15336,24,24
15337,3,3
15338,1,1
15339,0,0
15340,18,18
15341,25,25
15342,4,4
15343,24,24
15344,17,17
15345,17,17
15346,6,6
15347,18,18
15348,24,24
15349,5,5
15350,0,0
15351,17,17
15352,25,25
15353,4,4
15354,5,5
15355,9,9
15356,20,20
15357,13,13
15358,7,7
15359,19,19
15360,19,19
15361,5,5
15362,7,7
15363,8,8
15364,18,18
15365,6,6
15366,20,20
15367,0,0
15368,5,5
15369,5,5
15370,16,16
15371,24,24
15372,17,17
15373,23,23
15374,10,10
15375,3,3
15376,18,18
15377,16,16
15378,25,25
15379,16,16
15380,9,9
15381,1,1
15382,23,23
15383,6,6
15384,7,7
15385,7,7
15386,25,25
15387,9,9
15388,12,12
15389,4,4
15390,9,9
15391,19,19
15392,7,7
15393,20,20
15394,7,7
15395,22,22
15396,16,16
15397,16,16
15398,3,3
15399,0,0
15400,20,20
15401,2,2
15402,20,20
15403,5,5
15404,19,19
15405,13,13
15406,1,1
15407,2,2
15408,9,9
15409,5,5
15410,9,9
15411,3,3
15412,10,10
15413,11,11
15414,20,20
15415,6,6
15416,16,16
15417,1,1
15418,16,16
15419,7,7
15420,23,23
15421,7,7
15422,8,8
15423,24,24
15424,6,6
15425,5,5
15426,7,7
15427,20,20
15428,16,16
15429,7,7
15430,9,9
15431,15,15
15432,25,25
15433,2,2
15434,9,9
15435,16,16
15436,1,1
15437,23,23
15438,3,3
15439,22,22
15440,11,11
15441,7,7
15442,10,10
15443,19,19
15444,16,16
15445,25,25
15446,19,19
15447,19,19
15448,16,16
15449,15,15
15450,1,1
15451,13,13
15452,20,20
15453,7,7
15454,12,12
15455,21,21
15456,14,14
15457,4,4
15458,21,21
15459,0,0
15460,13,13
15461,24,24
15462,15,15
15463,18,18
15464,25,25
15465,4,4
15466,18,18
15467,19,19
15468,10,10
15469,25,25
15470,20,20
15471,18,18
15472,25,25
15473,21,21
15474,6,6
15475,2,2
15476,10,10
15477,19,19
15478,9,9
15479,19,19
15480,24,24
15481,17,17
15482,17,17
15483,24,24
15484,2,2
15485,10,10
15486,5,5
15487,9,9
15488,8,8
15489,1,1
15490,16,16
15491,24,24
15492,21,21
15493,15,15
15494,12,12
15495,0,0
15496,1,1
15497,25,25
15498,17,17
15499,2,2
15500,11,11
15501,2,2
15502,6,6
15503,24,24
15504,24,24
15505,1,1
15506,5,5
15507,18,18
15508,25,25
15509,16,16
15510,6,6
15511,21,21
15512,2,2
15513,16,16
15514,3,3
15515,5,5
15516,4,4
15517,4,4
15518,15,15
15519,13,13
15520,9,9
15521,5,5
15522,5,5
15523,18,18
15524,12,12
15525,10,10
15526,16,16
15527,16,16
15528,21,21
15529,5,5
15530,7,7
15531,5,5
15532,5,5
15533,0,0
15534,4,4
15535,12,12
15536,4,4
15537,23,23
15538,15,15
15539,6,6
15540,13,13
15541,2,2
15542,24,24
15543,20,20
15544,6,6
15545,1,1
15546,6,6
15547,6,6
15548,2,2
15549,9,9
15550,25,25
15551,1,1
15552,5,5
15553,24,24
15554,8,8
15555,17,17
15556,18,18
15557,2,2
15558,10,10
15559,23,23
15560,7,7
15561,8,8
15562,24,24
15563,21,21
15564,14,14
15565,1,1
15566,10,10
15567,1,1
15568,21,21
15569,25,25
15570,4,4
15571,9,9
15572,4,4
15573,5,5
15574,1,1
15575,19,19
15576,10,10
15577,2,2
15578,24,24
15579,23,23
15580,1,1
15581,14,14
15582,19,19
15583,19,19
15584,2,2
15585,23,23
15586,14,14
15587,13,13
15588,11,11
15589,25,25
15590,10,10
15591,8,8
15592,7,7
15593,3,3
15594,0,0
15595,0,0
15596,7,7
15597,15,15
15598,11,11
15599,20,20
15600,7,7
15601,17,17
15602,6,6
15603,7,7
15604,0,0
15605,5,5
15606,25,25
15607,9,9
15608,22,22
15609,1,1
15610,5,5
15611,18,18
15612,8,8
15613,24,24
15614,4,4
15615,6,6
15616,5,5
15617,5,5
15618,9,9
15619,2,2
15620,21,21
15621,8,8
15622,24,24
15623,24,24
15624,1,1
15625,0,0
15626,7,7
15627,7,7
15628,10,10
15629,10,10
15630,22,22
15631,19,19
15632,19,19
15633,6,6
15634,25,25
15635,15,15
15636,18,18
15637,11,11
15638,16,16
15639,2,2
15640,21,21
15641,12,12
15642,24,24
15643,25,25
15644,25,25
15645,22,22
15646,5,5
15647,6,6
15648,7,7
15649,21,21
15650,25,25
15651,9,9
15652,20,20
15653,6,6
15654,5,5
15655,2,2
15656,2,2
15657,1,1
15658,20,20
15659,17,17
15660,4,4
15661,3,3
15662,11,11
15663,5,5
15664,2,2
15665,6,6
15666,23,23
15667,16,16
15668,8,8
15669,15,15
15670,17,17
15671,4,4
15672,25,25
15673,3,3
15674,2,2
15675,0,0
15676,25,25
15677,7,7
15678,15,15
15679,25,25
15680,24,24
15681,21,21
15682,9,9
15683,24,24
15684,2,2
15685,10,10
15686,1,1
15687,2,2
15688,8,8
15689,21,21
15690,18,18
15691,5,5
15692,16,16
15693,8,8
15694,8,8
15695,5,5
15696,3,3
15697,20,20
15698,7,7
15699,3,3
15700,4,4
15701,6,6
15702,3,3
15703,21,21
15704,5,5
15705,11,11
15706,19,19
15707,7,7
15708,25,25
15709,14,14
15710,7,7
15711,24,24
15712,11,11
15713,16,16
15714,5,5
15715,5,5
15716,5,5
15717,24,24
15718,3,3
15719,18,18
15720,21,21
15721,2,2
15722,25,25
15723,21,21
15724,25,25
15725,15,15
15726,20,20
15727,22,22
15728,0,0
15729,5,5
15730,14,14
15731,24,24
15732,25,25
15733,2,2
15734,7,7
15735,3,3
15736,3,3
15737,19,19
15738,3,3
15739,5,5
15740,17,17
15741,7,7
15742,7,7
15743,9,9
15744,8,8
15745,0,0
15746,16,16
15747,5,5
15748,25,25
15749,3,3
15750,21,21
15751,4,4
15752,13,13
15753,17,17
15754,8,8
15755,23,23
15756,4,4
15757,15,15
15758,10,10
15759,16,16
15760,3,3
15761,1,1
15762,18,18
15763,5,5
15764,25,25
15765,25,25
15766,9,9
15767,19,19
15768,2,2
15769,2,2
15770,22,22
15771,5,5
15772,1,1
15773,1,1
15774,6,6
15775,21,21
15776,2,2
15777,19,19
15778,15,15
15779,13,13
15780,24,24
15781,14,14
15782,21,21
15783,25,25
15784,19,19
15785,19,19
15786,12,12
15787,13,13
15788,5,5
15789,11,11
15790,8,8
15791,7,7
15792,2,2
15793,5,5
15794,6,6
15795,24,24
15796,0,0
15797,4,4
15798,22,22
15799,21,21
15800,16,16
15801,16,16
15802,1,1
15803,1,1
15804,8,8
15805,9,9
15806,21,21
15807,19,19
15808,25,25
15809,24,24
15810,4,4
15811,4,4
15812,13,13
15813,17,17
15814,18,18
15815,25,25
15816,8,8
15817,14,14
15818,24,24
15819,2,2
15820,24,24
15821,19,19
15822,0,0
15823,16,16
15824,4,4
15825,19,19
15826,25,25
15827,24,24
15828,24,24
15829,5,5
15830,4,4
15831,19,19
15832,0,0
15833,5,5
15834,8,8
15835,3,3
15836,19,19
15837,6,6
15838,25,25
15839,5,5
15840,25,25
15841,6,6
15842,5,5
15843,15,15
15844,13,13
15845,24,24
15846,7,7
15847,16,16
15848,11,11
15849,0,0
15850,2,2
15851,10,10
15852,7,7
15853,20,20
15854,0,0
15855,9,9
15856,0,0
15857,3,3
15858,5,5
15859,25,25
15860,19,19
15861,16,16
15862,21,21
15863,13,13
15864,21,21
15865,9,9
15866,24,24
15867,7,7
15868,16,16
15869,25,25
15870,23,23
15871,13,13
15872,14,14
15873,12,12
15874,16,16
15875,17,17
15876,3,3
15877,4,4
15878,8,8
15879,24,24
15880,2,2
15881,8,8
15882,16,16
15883,7,7
15884,6,6
15885,5,5
15886,5,5
15887,0,0
15888,3,3
15889,25,25
15890,18,18
15891,13,13
15892,2,2
15893,9,9
15894,20,20
15895,3,3
15896,10,10
15897,1,1
15898,25,25
15899,2,2
15900,19,19
15901,9,9
15902,24,24
15903,25,25
15904,21,21
15905,1,1
15906,13,13
15907,16,16
15908,4,4
15909,7,7
15910,4,4
15911,1,1
15912,8,8
15913,6,6
15914,25,25
15915,16,16
15916,20,20
15917,25,25
15918,8,8
15919,24,24
15920,25,25
15921,17,17
15922,25,25
15923,18,18
15924,16,16
15925,9,9
15926,17,17
15927,13,13
15928,4,4
15929,7,7
15930,5,5
15931,8,8
15932,18,18
15933,5,5
15934,16,16
15935,6,6
15936,2,2
15937,24,24
15938,25,25
15939,16,16
15940,22,22
15941,2,2
15942,24,24
15943,21,21
15944,23,23
15945,20,20
15946,4,4
15947,7,7
15948,24,24
15949,5,5
15950,9,9
15951,11,11
15952,13,13
15953,6,6
15954,5,5
15955,2,2
15956,7,7
15957,3,3
15958,7,7
15959,1,1
15960,0,0
15961,24,24
15962,2,2
15963,13,13
15964,14,14
15965,5,5
15966,16,16
15967,24,24
15968,16,16
15969,9,9
15970,16,16
15971,12,12
15972,5,5
15973,8,8
15974,24,24
15975,0,0
15976,5,5
15977,23,23
15978,24,24
15979,23,23
15980,7,7
15981,17,17
15982,4,4
15983,19,19
15984,24,24
15985,22,22
15986,16,16
15987,5,5
15988,20,20
15989,2,2
15990,24,24
15991,0,0
15992,12,12
15993,0,0
15994,0,0
15995,11,11
15996,2,2
15997,3,3
15998,17,17
15999,4,4
16000,16,16
16001,5,5
16002,16,16
16003,10,10
16004,5,5
16005,6,6
16006,4,4
16007,23,23
16008,25,25
16009,24,24
16010,15,15
16011,24,24
16012,13,13
16013,11,11
16014,2,2
16015,16,16
16016,25,25
16017,24,24
16018,0,0
16019,1,1
16020,2,2
16021,25,25
16022,13,13
16023,23,23
16024,4,4
16025,3,3
16026,1,1
16027,7,7
16028,8,8
16029,2,2
16030,9,9
16031,12,12
16032,13,13
16033,12,12
16034,25,25
16035,4,4
16036,24,24
16037,7,7
16038,4,4
16039,7,7
16040,1,1
16041,16,16
16042,19,19
16043,1,1
16044,5,5
16045,15,15
16046,25,25
16047,13,13
16048,2,2
16049,19,19
16050,22,22
16051,2,2
16052,18,18
16053,9,9
16054,15,15
16055,19,19
16056,2,2
16057,13,13
16058,21,21
16059,12,12
16060,9,9
16061,2,2
16062,2,2
16063,25,25
16064,5,5
16065,6,6
16066,10,10
16067,25,25
16068,1,1
16069,7,7
16070,23,23
16071,25,25
16072,18,18
16073,19,19
16074,15,15
16075,8,8
16076,4,4
16077,0,0
16078,10,10
16079,24,24
16080,20,20
16081,2,2
16082,17,17
16083,10,10
16084,5,5
16085,20,20
16086,13,13
16087,3,3
16088,6,6
16089,4,4
16090,2,2
16091,18,18
16092,24,24
16093,5,5
16094,25,25
16095,11,11
16096,1,1
16097,13,13
16098,7,7
16099,20,20
16100,10,10
16101,17,17
16102,0,0
16103,1,1
16104,1,1
16105,1,1
16106,17,17
16107,21,21
16108,25,25
16109,8,8
16110,1,1
16111,18,18
16112,9,9
16113,16,16
16114,2,2
16115,16,16
16116,5,5
16117,9,9
16118,1,1
16119,5,5
16120,20,20
16121,1,1
16122,25,25
16123,11,11
16124,8,8
16125,21,21
16126,19,19
16127,24,24
16128,20,20
16129,4,4
16130,2,2
16131,11,11
16132,25,25
16133,25,25
16134,18,18
16135,5,5
16136,10,10
16137,21,21
16138,1,1
16139,25,25
16140,24,24
16141,8,8
16142,16,16
16143,19,19
16144,24,24
16145,8,8
16146,1,1
16147,3,3
16148,5,5
16149,25,25
16150,20,20
16151,24,24
16152,9,9
16153,10,10
16154,23,23
16155,4,4
16156,5,5
16157,17,17
16158,4,4
16159,20,20
16160,17,17
16161,12,12
16162,3,3
16163,2,2
16164,19,19
16165,24,24
16166,12,12
16167,16,16
16168,7,7
16169,7,7
16170,21,21
16171,5,5
16172,15,15
16173,18,18
16174,9,9
16175,25,25
16176,1,1
16177,0,0
16178,15,15
16179,2,2
16180,21,21
16181,2,2
16182,24,24
16183,7,7
16184,11,11
16185,7,7
16186,23,23
16187,1,1
16188,17,17
16189,3,3
16190,15,15
16191,9,9
16192,0,0
16193,6,6
16194,3,3
16195,18,18
16196,5,5
16197,1,1
16198,0,0
16199,25,25
16200,15,15
16201,6,6
16202,23,23
16203,2,2
16204,3,3
16205,2,2
16206,21,21
16207,6,6
16208,24,24
16209,9,9
16210,7,7
16211,7,7
16212,20,20
16213,6,6
16214,8,8
16215,18,18
16216,9,9
16217,14,14
16218,7,7
16219,12,12
16220,9,9
16221,25,25
16222,7,7
16223,21,21
16224,2,2
16225,25,25
16226,6,6
16227,5,5
16228,16,16
16229,19,19
16230,16,16
16231,18,18
16232,24,24
16233,3,3
16234,23,23
16235,7,7
16236,4,4
16237,23,23
16238,3,3
16239,0,0
16240,8,8
16241,14,14
16242,7,7
16243,7,7
16244,19,19
16245,21,21
16246,5,5
16247,21,21
16248,5,5
16249,7,7
16250,2,2
16251,18,18
16252,8,8
16253,11,11
16254,1,1
16255,11,11
16256,17,17
16257,25,25
16258,9,9
16259,7,7
16260,21,21
16261,16,16
16262,2,2
16263,18,18
16264,12,12
16265,7,7
16266,19,19
16267,16,16
16268,2,2
16269,5,5
16270,4,4
16271,13,13
16272,13,13
16273,16,16
16274,2,2
16275,11,11
16276,18,18
16277,24,24
16278,23,23
16279,8,8
16280,20,20
16281,7,7
16282,22,22
16283,21,21
16284,9,9
16285,24,24
16286,11,11
16287,7,7
16288,6,6
16289,24,24
16290,4,4
16291,25,25
16292,6,6
16293,3,3
16294,7,7
16295,2,2
16296,1,1
16297,10,10
16298,1,1
16299,1,1
16300,7,7
16301,20,20
16302,16,16
16303,5,5
16304,25,25
16305,2,2
16306,4,4
16307,10,10
16308,3,3
16309,19,19
16310,4,4
16311,2,2
16312,20,20
16313,3,3
16314,12,12
16315,6,6
16316,4,4
16317,21,21
16318,25,25
16319,9,9
16320,7,7
16321,8,8
16322,12,12
16323,25,25
16324,10,10
16325,3,3
16326,11,11
16327,15,15
16328,5,5
16329,1,1
16330,2,2
16331,19,19
16332,25,25
16333,5,5
16334,25,25
16335,25,25
16336,25,25
16337,16,16
16338,17,17
16339,1,1
16340,10,10
16341,5,5
16342,1,1
16343,2,2
16344,25,25
16345,19,19
16346,5,5
16347,19,19
16348,21,21
16349,7,7
16350,20,20
16351,5,5
16352,2,2
16353,5,5
16354,24,24
16355,2,2
16356,16,16
16357,2,2
16358,7,7
16359,4,4
16360,18,18
16361,6,6
16362,24,24
16363,23,23
16364,23,23
16365,10,10
16366,8,8
16367,9,9
16368,19,19
16369,14,14
16370,1,1
16371,7,7
16372,13,13
16373,17,17
16374,24,24
16375,24,24
16376,4,4
16377,24,24
16378,19,19
16379,7,7
16380,25,25
16381,2,2
16382,24,24
16383,3,3
16384,2,2
16385,17,17
16386,7,7
16387,12,12
16388,2,2
16389,13,13
16390,15,15
16391,7,7
16392,2,2
16393,7,7
16394,2,2
16395,15,15
16396,7,7
16397,24,24
16398,25,25
16399,20,20
16400,4,4
16401,5,5
16402,22,22
16403,7,7
16404,7,7
16405,16,16
16406,6,6
16407,15,15
16408,2,2
16409,20,20
16410,1,1
16411,17,17
16412,4,4
16413,17,17
16414,7,7
16415,21,21
16416,9,9
16417,24,24
16418,10,10
16419,5,5
16420,4,4
16421,4,4
16422,8,8
16423,24,24
16424,21,21
16425,19,19
16426,16,16
16427,19,19
16428,18,18
16429,21,21
16430,3,3
16431,5,5
16432,2,2
16433,25,25
16434,14,14
16435,7,7
16436,1,1
16437,4,4
16438,23,23
16439,9,9
16440,24,24
16441,0,0
16442,16,16
16443,22,22
16444,16,16
16445,25,25
16446,25,25
16447,25,25
16448,9,9
16449,15,15
16450,16,16
16451,1,1
16452,12,12
16453,21,21
16454,8,8
16455,13,13
16456,0,0
16457,12,12
16458,25,25
16459,2,2
16460,24,24
16461,25,25
16462,9,9
16463,2,2
16464,5,5
16465,2,2
16466,13,13
16467,23,23
16468,9,9
16469,5,5
16470,18,18
16471,25,25
16472,12,12
16473,19,19
16474,17,17
16475,4,4
16476,4,4
16477,5,5
16478,3,3
16479,25,25
16480,19,19
16481,0,0
16482,3,3
16483,9,9
16484,5,5
16485,23,23
16486,6,6
16487,23,23
16488,7,7
16489,19,19
16490,18,18
16491,7,7
16492,24,24
16493,25,25
16494,16,16
16495,21,21
16496,6,6
16497,1,1
16498,2,2
16499,11,11
16500,19,19
16501,2,2
16502,2,2
16503,21,21
16504,24,24
16505,9,9
16506,18,18
16507,5,5
16508,25,25
16509,18,18
16510,17,17
16511,9,9
16512,7,7
16513,4,4
16514,1,1
16515,7,7
16516,7,7
16517,17,17
16518,0,0
16519,5,5
16520,9,9
16521,21,21
16522,21,21
16523,16,16
16524,17,17
16525,24,24
16526,5,5
16527,25,25
16528,4,4
16529,11,11
16530,12,12
16531,17,17
16532,25,25
16533,0,0
16534,19,19
16535,4,4
16536,8,8
16537,17,17
16538,12,12
16539,5,5
16540,4,4
16541,11,11
16542,20,20
16543,25,25
16544,11,11
16545,6,6
16546,13,13
16547,2,2
16548,2,2
16549,21,21
16550,20,20
16551,21,21
16552,23,23
16553,22,22
16554,3,3
16555,4,4
16556,6,6
16557,20,20
16558,20,20
16559,5,5
16560,3,3
16561,6,6
16562,13,13
16563,25,25
16564,1,1
16565,24,24
16566,21,21
16567,11,11
16568,13,13
16569,20,20
16570,12,12
16571,3,3
16572,19,19
16573,20,20
16574,6,6
16575,2,2
16576,24,24
16577,9,9
16578,24,24
16579,25,25
16580,16,16
16581,1,1
16582,9,9
16583,20,20
16584,4,4
16585,1,1
16586,11,11
16587,14,14
16588,5,5
16589,7,7
16590,7,7
16591,4,4
16592,2,2
16593,24,24
16594,17,17
16595,24,24
16596,18,18
16597,16,16
16598,4,4
16599,5,5
16600,10,10
16601,19,19
16602,7,7
16603,25,25
16604,12,12
16605,4,4
16606,7,7
16607,18,18
16608,1,1
16609,19,19
16610,18,18
16611,14,14
16612,2,2
16613,12,12
16614,5,5
16615,20,20
16616,3,3
16617,7,7
16618,25,25
16619,23,23
16620,2,2
16621,22,22
16622,11,11
16623,24,24
16624,0,0
16625,1,1
16626,7,7
16627,5,5
16628,17,17
16629,9,9
16630,2,2
16631,7,7
16632,7,7
16633,18,18
16634,18,18
16635,5,5
16636,7,7
16637,18,18
16638,8,8
16639,7,7
16640,5,5
16641,9,9
16642,2,2
16643,7,7
16644,24,24
16645,3,3
16646,24,24
16647,6,6
16648,6,6
16649,0,0
16650,2,2
16651,11,11
16652,4,4
16653,10,10
16654,17,17
16655,7,7
16656,24,24
16657,11,11
16658,12,12
16659,5,5
16660,8,8
16661,24,24
16662,7,7
16663,4,4
16664,7,7
16665,25,25
16666,12,12
16667,9,9
16668,7,7
16669,19,19
16670,3,3
16671,19,19
16672,24,24
16673,14,14
16674,1,1
16675,4,4
16676,4,4
16677,15,15
16678,18,18
16679,1,1
16680,11,11
16681,14,14
16682,12,12
16683,21,21
16684,0,0
16685,5,5
16686,6,6
16687,20,20
16688,16,16
16689,11,11
16690,10,10
16691,16,16
16692,5,5
16693,15,15
16694,10,10
16695,18,18
16696,6,6
16697,24,24
16698,21,21
16699,23,23
16700,25,25
16701,24,24
16702,2,2
16703,9,9
16704,5,5
16705,8,8
16706,15,15
16707,2,2
16708,8,8
16709,2,2
16710,5,5
16711,19,19
16712,1,1
16713,18,18
16714,20,20
16715,11,11
16716,13,13
16717,6,6
16718,8,8
16719,4,4
16720,24,24
16721,6,6
16722,10,10
16723,2,2
16724,7,7
16725,7,7
16726,2,2
16727,20,20
16728,12,12
16729,2,2
16730,25,25
16731,4,4
16732,12,12
16733,9,9
16734,1,1
16735,1,1
16736,5,5
16737,23,23
16738,8,8
16739,3,3
16740,19,19
16741,25,25
16742,8,8
16743,6,6
16744,1,1
16745,2,2
16746,0,0
16747,15,15
16748,23,23
16749,18,18
16750,25,25
16751,7,7
16752,1,1
16753,17,17
16754,6,6
16755,18,18
16756,9,9
16757,8,8
16758,25,25
16759,16,16
16760,23,23
16761,1,1
16762,4,4
16763,25,25
16764,1,1
16765,12,12
16766,7,7
16767,7,7
16768,15,15
16769,5,5
16770,24,24
16771,19,19
16772,10,10
16773,12,12
16774,25,25
16775,13,13
16776,1,1
16777,2,2
16778,1,1
16779,1,1
16780,21,21
16781,2,2
16782,7,7
16783,8,8
16784,16,16
16785,5,5
16786,25,25
16787,9,9
16788,0,0
16789,7,7
16790,2,2
16791,9,9
16792,25,25
16793,19,19
16794,1,1
16795,21,21
16796,3,3
16797,23,23
16798,16,16
16799,18,18
16800,1,1
16801,13,13
16802,10,10
16803,21,21
16804,1,1
16805,19,19
16806,1,1
16807,3,3
16808,24,24
16809,11,11
16810,16,16
16811,8,8
16812,7,7
16813,16,16
16814,16,16
16815,10,10
16816,21,21
16817,3,3
16818,23,23
16819,5,5
16820,15,15
16821,25,25
16822,1,1
16823,0,0
16824,2,2
16825,21,21
16826,5,5
16827,3,3
16828,18,18
16829,13,13
16830,24,24
16831,20,20
16832,10,10
16833,6,6
16834,2,2
16835,13,13
16836,18,18
16837,4,4
16838,3,3
16839,2,2
16840,4,4
16841,2,2
16842,18,18
16843,19,19
16844,13,13
16845,9,9
16846,25,25
16847,11,11
16848,25,25
16849,21,21
16850,7,7
16851,24,24
16852,17,17
16853,1,1
16854,2,2
16855,3,3
16856,4,4
16857,9,9
16858,6,6
16859,1,1
16860,24,24
16861,8,8
16862,24,24
16863,12,12
16864,15,15
16865,21,21
16866,14,14
16867,11,11
16868,25,25
16869,2,2
16870,5,5
16871,23,23
16872,4,4
16873,2,2
16874,15,15
16875,10,10
16876,24,24
16877,2,2
16878,20,20
16879,4,4
16880,7,7
16881,2,2
16882,1,1
16883,21,21
16884,1,1
16885,7,7
16886,6,6
16887,6,6
16888,3,3
16889,23,23
16890,5,5
16891,9,9
16892,1,1
16893,16,16
16894,12,12
16895,25,25
16896,8,8
16897,21,21
16898,16,16
16899,25,25
16900,25,25
16901,22,22
16902,19,19
16903,16,16
16904,15,15
16905,2,2
16906,13,13
16907,22,22
16908,16,16
16909,0,0
16910,15,15
16911,17,17
16912,5,5
16913,15,15
16914,20,20
16915,13,13
16916,2,2
16917,24,24
16918,23,23
16919,5,5
16920,0,0
16921,4,4
16922,1,1
16923,8,8
16924,20,20
16925,18,18
16926,5,5
16927,2,2
16928,18,18
16929,9,9
16930,5,5
16931,22,22
16932,16,16
16933,3,3
16934,4,4
16935,1,1
16936,14,14
16937,3,3
16938,13,13
16939,3,3
16940,6,6
16941,9,9
16942,9,9
16943,6,6
16944,4,4
16945,13,13
16946,5,5
16947,5,5
16948,7,7
16949,25,25
16950,7,7
16951,17,17
16952,2,2
16953,20,20
16954,15,15
16955,24,24
16956,1,1
16957,25,25
16958,0,0
16959,22,22
16960,9,9
16961,5,5
16962,0,0
16963,16,16
16964,5,5
16965,25,25
16966,21,21
16967,21,21
16968,25,25
16969,20,20
16970,19,19
16971,7,7
16972,7,7
16973,21,21
16974,9,9
16975,24,24
16976,18,18
16977,5,5
16978,2,2
16979,3,3
16980,5,5
16981,21,21
16982,25,25
16983,17,17
16984,15,15
16985,16,16
16986,24,24
16987,25,25
16988,2,2
16989,19,19
16990,4,4
16991,19,19
16992,22,22
16993,1,1
16994,25,25
16995,7,7
16996,8,8
16997,2,2
16998,10,10
16999,6,6
17000,15,15
17001,18,18
17002,6,6
17003,18,18
17004,16,16
17005,5,5
17006,4,4
17007,4,4
17008,21,21
17009,16,16
17010,21,21
17011,18,18
17012,6,6
17013,20,20
17014,9,9
17015,14,14
17016,4,4
17017,17,17
17018,15,15
17019,5,5
17020,25,25
17021,13,13
17022,16,16
17023,1,1
17024,5,5
17025,21,21
17026,13,13
17027,25,25
17028,7,7
17029,5,5
17030,16,16
17031,7,7
17032,23,23
17033,6,6
17034,21,21
17035,23,23
17036,18,18
17037,2,2
17038,1,1
17039,13,13
17040,24,24
17041,21,21
17042,8,8
17043,11,11
17044,0,0
17045,6,6
17046,21,21
17047,1,1
17048,25,25
17049,8,8
17050,11,11
17051,21,21
17052,5,5
17053,4,4
17054,16,16
17055,18,18
17056,25,25
17057,17,17
17058,24,24
17059,1,1
17060,2,2
17061,4,4
17062,2,2
17063,6,6
17064,5,5
17065,24,24
17066,5,5
17067,8,8
17068,16,16
17069,4,4
17070,7,7
17071,9,9
17072,7,7
17073,5,5
17074,9,9
17075,8,8
17076,4,4
17077,21,21
17078,12,12
17079,20,20
17080,9,9
17081,11,11
17082,24,24
17083,4,4
17084,2,2
17085,24,24
17086,23,23
17087,2,2
17088,10,10
17089,2,2
17090,7,7
17091,24,24
17092,1,1
17093,19,19
17094,16,16
17095,21,21
17096,25,25
17097,8,8
17098,6,6
17099,17,17
17100,24,24
17101,1,1
17102,18,18
17103,3,3
17104,20,20
17105,17,17
17106,13,13
17107,13,13
17108,9,9
17109,9,9
17110,24,24
17111,0,0
17112,5,5
17113,2,2
17114,2,2
17115,1,1
17116,24,24
17117,25,25
17118,16,16
17119,24,24
17120,17,17
17121,4,4
17122,7,7
17123,9,9
17124,22,22
17125,16,16
17126,10,10
17127,10,10
17128,3,3
17129,3,3
17130,10,10
17131,20,20
17132,24,24
17133,5,5
17134,2,2
17135,16,16
17136,8,8
17137,1,1
17138,7,7
17139,24,24
17140,15,15
17141,6,6
17142,12,12
17143,5,5
17144,25,25
17145,4,4
17146,17,17
17147,18,18
17148,2,2
17149,0,0
17150,25,25
17151,2,2
17152,19,19
17153,19,19
17154,18,18
17155,19,19
17156,8,8
17157,11,11
17158,2,2
17159,4,4
17160,24,24
17161,1,1
17162,22,22
17163,2,2
17164,25,25
17165,2,2
17166,1,1
17167,1,1
17168,3,3
17169,14,14
17170,5,5
17171,19,19
17172,18,18
17173,17,17
17174,25,25
17175,5,5
17176,8,8
17177,3,3
17178,9,9
17179,18,18
17180,13,13
17181,9,9
17182,25,25
17183,7,7
17184,5,5
17185,21,21
17186,0,0
17187,9,9
17188,20,20
17189,12,12
17190,1,1
17191,18,18
17192,2,2
17193,8,8
17194,8,8
17195,2,2
17196,12,12
17197,3,3
17198,21,21
17199,16,16
17200,15,15
17201,18,18
17202,25,25
17203,1,1
17204,4,4
17205,5,5
17206,5,5
17207,21,21
17208,7,7
17209,13,13
17210,16,16
17211,4,4
17212,24,24
17213,24,24
17214,18,18
17215,18,18
17216,7,7
17217,19,19
17218,15,15
17219,18,18
17220,2,2
17221,3,3
17222,2,2
17223,24,24
17224,1,1
17225,19,19
17226,2,2
17227,24,24
17228,2,2
17229,25,25
17230,13,13
17231,2,2
17232,8,8
17233,6,6
17234,9,9
17235,25,25
17236,4,4
17237,21,21
17238,0,0
17239,2,2
17240,6,6
17241,23,23
17242,16,16
17243,9,9
17244,15,15
17245,23,23
17246,25,25
17247,15,15
17248,24,24
17249,5,5
17250,10,10
17251,7,7
17252,7,7
17253,0,0
17254,18,18
17255,17,17
17256,16,16
17257,7,7
17258,5,5
17259,16,16
17260,11,11
17261,4,4
17262,6,6
17263,4,4
17264,6,6
17265,19,19
17266,18,18
17267,22,22
17268,7,7
17269,2,2
17270,6,6
17271,24,24
17272,5,5
17273,13,13
17274,20,20
17275,21,21
17276,1,1
17277,5,5
17278,1,1
17279,10,10
17280,9,9
17281,21,21
17282,7,7
17283,6,6
17284,3,3
17285,3,3
17286,2,2
17287,5,5
17288,17,17
17289,18,18
17290,5,5
17291,16,16
17292,2,2
17293,5,5
17294,4,4
17295,16,16
17296,2,2
17297,20,20
17298,13,13
17299,10,10
17300,6,6
17301,7,7
17302,2,2
17303,13,13
17304,4,4
17305,24,24
17306,3,3
17307,23,23
17308,12,12
17309,4,4
17310,17,17
17311,2,2
17312,5,5
17313,18,18
17314,1,1
17315,10,10
17316,17,17
17317,5,5
17318,9,9
17319,24,24
17320,24,24
17321,24,24
17322,2,2
17323,19,19
17324,20,20
17325,7,7
17326,3,3
17327,18,18
17328,0,0
17329,7,7
17330,7,7
17331,5,5
17332,2,2
17333,25,25
17334,5,5
17335,3,3
17336,2,2
17337,10,10
17338,5,5
17339,7,7
17340,7,7
17341,6,6
17342,20,20
17343,7,7
17344,14,14
17345,0,0
17346,25,25
17347,21,21
17348,0,0
17349,24,24
17350,4,4
17351,5,5
17352,16,16
17353,6,6
17354,13,13
17355,25,25
17356,5,5
17357,23,23
17358,16,16
17359,2,2
17360,25,25
17361,2,2
17362,17,17
17363,7,7
17364,4,4
17365,10,10
17366,5,5
17367,18,18
17368,0,0
17369,13,13
17370,24,24
17371,2,2
17372,10,10
17373,13,13
17374,6,6
17375,18,18
17376,25,25
17377,25,25
17378,4,4
17379,16,16
17380,5,5
17381,20,20
17382,7,7
17383,13,13
17384,1,1
17385,17,17
17386,25,25
17387,18,18
17388,2,2
17389,23,23
17390,2,2
17391,24,24
17392,13,13
17393,8,8
17394,9,9
17395,16,16
17396,5,5
17397,24,24
17398,24,24
17399,6,6
17400,24,24
17401,7,7
17402,11,11
17403,20,20
17404,1,1
17405,17,17
17406,9,9
17407,9,9
17408,23,23
17409,24,24
17410,2,2
17411,3,3
17412,17,17
17413,5,5
17414,3,3
17415,2,2
17416,4,4
17417,15,15
17418,10,10
17419,3,3
17420,2,2
17421,22,22
17422,4,4
17423,8,8
17424,8,8
17425,25,25
17426,22,22
17427,21,21
17428,25,25
17429,25,25
17430,2,2
17431,13,13
17432,6,6
17433,2,2
17434,16,16
17435,4,4
17436,4,4
17437,23,23
17438,13,13
17439,3,3
17440,16,16
17441,17,17
17442,3,3
17443,19,19
17444,25,25
17445,1,1
17446,15,15
17447,21,21
17448,7,7
17449,8,8
17450,4,4
17451,8,8
17452,5,5
17453,8,8
17454,22,22
17455,18,18
17456,19,19
17457,18,18
17458,3,3
17459,13,13
17460,2,2
17461,6,6
17462,3,3
17463,16,16
17464,17,17
17465,5,5
17466,0,0
17467,14,14
17468,4,4
17469,5,5
17470,7,7
17471,2,2
17472,1,1
17473,19,19
17474,19,19
17475,4,4
17476,25,25
17477,5,5
17478,23,23
17479,16,16
17480,2,2
17481,1,1
17482,24,24
17483,25,25
17484,1,1
17485,1,1
17486,2,2
17487,23,23
17488,9,9
17489,24,24
17490,16,16
17491,10,10
17492,5,5
17493,1,1
17494,17,17
17495,24,24
17496,21,21
17497,7,7
17498,22,22
17499,0,0
17500,15,15
17501,21,21
17502,10,10
17503,5,5
17504,15,15
17505,12,12
17506,17,17
17507,0,0
17508,4,4
17509,25,25
17510,16,16
17511,4,4
17512,2,2
17513,12,12
17514,25,25
17515,13,13
17516,4,4
17517,2,2
17518,16,16
17519,20,20
17520,24,24
17521,24,24
17522,19,19
17523,5,5
17524,11,11
17525,20,20
17526,13,13
17527,4,4
17528,1,1
17529,7,7
17530,18,18
17531,13,13
17532,7,7
17533,16,16
17534,14,14
17535,1,1
17536,7,7
17537,13,13
17538,6,6
17539,4,4
17540,13,13
17541,2,2
17542,19,19
17543,1,1
17544,1,1
17545,6,6
17546,13,13
17547,16,16
17548,6,6
17549,24,24
17550,3,3
17551,18,18
17552,6,6
17553,7,7
17554,16,16
17555,3,3
17556,16,16
17557,24,24
17558,4,4
17559,13,13
17560,13,13
17561,1,1
17562,23,23
17563,2,2
17564,17,17
17565,6,6
17566,19,19
17567,24,24
17568,21,21
17569,2,2
17570,21,21
17571,8,8
17572,17,17
17573,17,17
17574,5,5
17575,7,7
17576,24,24
17577,0,0
17578,10,10
17579,2,2
17580,21,21
17581,9,9
17582,24,24
17583,4,4
17584,7,7
17585,23,23
17586,2,2
17587,15,15
17588,10,10
17589,9,9
17590,9,9
17591,6,6
17592,14,14
17593,20,20
17594,24,24
17595,5,5
17596,0,0
17597,18,18
17598,16,16
17599,20,20
17600,10,10
17601,21,21
17602,5,5
17603,21,21
17604,4,4
17605,18,18
17606,2,2
17607,18,18
17608,5,5
17609,14,14
17610,9,9
17611,9,9
17612,7,7
17613,23,23
17614,4,4
17615,1,1
17616,2,2
17617,11,11
17618,24,24
17619,18,18
17620,13,13
17621,16,16
17622,16,16
17623,5,5
17624,16,16
17625,4,4
17626,18,18
17627,21,21
17628,7,7
17629,21,21
17630,25,25
17631,8,8
17632,10,10
17633,7,7
17634,5,5
17635,7,7
17636,18,18
17637,21,21
17638,5,5
17639,22,22
17640,24,24
17641,6,6
17642,10,10
17643,25,25
17644,21,21
17645,1,1
17646,25,25
17647,4,4
17648,8,8
17649,2,2
17650,21,21
17651,20,20
17652,7,7
17653,6,6
17654,1,1
17655,1,1
17656,13,13
17657,25,25
17658,15,15
17659,17,17
17660,6,6
17661,25,25
17662,9,9
17663,1,1
17664,21,21
17665,16,16
17666,16,16
17667,1,1
17668,5,5
17669,3,3
17670,5,5
17671,10,10
17672,20,20
17673,10,10
17674,17,17
17675,17,17
17676,24,24
17677,7,7
17678,16,16
17679,13,13
17680,24,24
17681,17,17
17682,11,11
17683,5,5
17684,8,8
17685,13,13
17686,2,2
17687,11,11
17688,16,16
17689,8,8
17690,25,25
17691,4,4
17692,4,4
17693,15,15
17694,9,9
17695,8,8
17696,21,21
17697,24,24
17698,19,19
17699,23,23
17700,19,19
17701,3,3
17702,2,2
17703,16,16
17704,11,11
17705,5,5
17706,11,11
17707,21,21
17708,8,8
17709,4,4
17710,1,1
17711,9,9
17712,24,24
17713,5,5
17714,20,20
17715,5,5
17716,20,20
17717,13,13
17718,6,6
17719,13,13
17720,22,22
17721,5,5
17722,9,9
17723,20,20
17724,12,12
17725,4,4
17726,25,25
17727,25,25
17728,25,25
17729,25,25
17730,4,4
17731,12,12
17732,15,15
17733,7,7
17734,24,24
17735,5,5
17736,7,7
17737,8,8
17738,9,9
17739,0,0
17740,18,18
17741,2,2
17742,17,17
17743,16,16
17744,24,24
17745,3,3
17746,18,18
17747,4,4
17748,24,24
17749,3,3
17750,3,3
17751,22,22
17752,14,14
17753,7,7
17754,16,16
17755,2,2
17756,23,23
17757,5,5
17758,25,25
17759,7,7
17760,0,0
17761,4,4
17762,17,17
17763,8,8
17764,0,0
17765,5,5
17766,3,3
17767,25,25
17768,3,3
17769,7,7
17770,15,15
17771,21,21
17772,0,0
17773,24,24
17774,2,2
17775,5,5
17776,3,3
17777,17,17
17778,12,12
17779,2,2
17780,1,1
17781,21,21
17782,16,16
17783,1,1
17784,19,19
17785,5,5
17786,5,5
17787,25,25
17788,1,1
17789,4,4
17790,24,24
17791,2,2
17792,4,4
17793,9,9
17794,1,1
17795,20,20
17796,1,1
17797,21,21
17798,12,12
17799,9,9
17800,22,22
17801,10,10
17802,5,5
17803,25,25
17804,3,3
17805,15,15
17806,25,25
17807,25,25
17808,19,19
17809,9,9
17810,21,21
17811,5,5
17812,1,1
17813,25,25
17814,21,21
17815,10,10
17816,13,13
17817,3,3
17818,21,21
17819,3,3
17820,10,10
17821,24,24
17822,24,24
17823,9,9
17824,18,18
17825,2,2
17826,25,25
17827,19,19
17828,2,2
17829,2,2
17830,17,17
17831,8,8
17832,18,18
17833,25,25
17834,2,2
17835,13,13
17836,21,21
17837,16,16
17838,2,2
17839,1,1
17840,4,4
17841,24,24
17842,12,12
17843,21,21
17844,2,2
17845,4,4
17846,4,4
17847,0,0
17848,0,0
17849,21,21
17850,10,10
17851,7,7
17852,9,9
17853,9,9
17854,8,8
17855,19,19
17856,1,1
17857,6,6
17858,25,25
17859,18,18
17860,21,21
17861,4,4
17862,2,2
17863,16,16
17864,4,4
17865,18,18
17866,7,7
17867,17,17
17868,16,16
17869,25,25
17870,12,12
17871,5,5
17872,15,15
17873,18,18
17874,15,15
17875,20,20
17876,21,21
17877,17,17
17878,13,13
17879,1,1
17880,22,22
17881,1,1
17882,2,2
17883,4,4
17884,16,16
17885,5,5
17886,1,1
17887,10,10
17888,7,7
17889,7,7
17890,5,5
17891,20,20
17892,19,19
17893,25,25
17894,18,18
17895,18,18
17896,4,4
17897,18,18
17898,5,5
17899,5,5
17900,19,19
17901,17,17
17902,12,12
17903,4,4
17904,24,24
17905,20,20
17906,25,25
17907,12,12
17908,8,8
17909,2,2
17910,1,1
17911,25,25
17912,18,18
17913,2,2
17914,7,7
17915,5,5
17916,23,23
17917,19,19
17918,3,3
17919,24,24
17920,17,17
17921,2,2
17922,7,7
17923,2,2
17924,1,1
17925,2,2
17926,21,21
17927,0,0
17928,25,25
17929,2,2
17930,5,5
17931,7,7
17932,5,5
17933,3,3
17934,24,24
17935,13,13
17936,16,16
17937,5,5
17938,4,4
17939,2,2
17940,4,4
17941,4,4
17942,8,8
17943,19,19
17944,15,15
17945,25,25
17946,1,1
17947,4,4
17948,5,5
17949,3,3
17950,13,13
17951,13,13
17952,17,17
17953,14,14
17954,3,3
17955,10,10
17956,21,21
17957,17,17
17958,2,2
17959,2,2
17960,7,7
17961,6,6
17962,1,1
17963,20,20
17964,2,2
17965,0,0
17966,9,9
17967,19,19
17968,15,15
17969,2,2
17970,25,25
17971,7,7
17972,3,3
17973,15,15
17974,13,13
17975,9,9
17976,5,5
17977,12,12
17978,19,19
17979,7,7
17980,16,16
17981,2,2
17982,3,3
17983,8,8
17984,16,16
17985,8,8
17986,5,5
17987,5,5
17988,9,9
17989,6,6
17990,16,16
17991,25,25
17992,7,7
17993,2,2
17994,3,3
17995,12,12
17996,5,5
17997,11,11
17998,2,2
17999,17,17
18000,16,16
18001,7,7
18002,18,18
18003,20,20
18004,7,7
18005,23,23
18006,24,24
18007,9,9
18008,7,7
18009,0,0
18010,25,25
18011,15,15
18012,10,10
18013,3,3
18014,6,6
18015,5,5
18016,10,10
18017,24,24
18018,25,25
18019,21,21
18020,25,25
18021,20,20
18022,7,7
18023,16,16
18024,13,13
18025,22,22
18026,15,15
18027,21,21
18028,1,1
18029,21,21
18030,3,3
18031,5,5
18032,6,6
18033,16,16
18034,7,7
18035,1,1
18036,25,25
18037,1,1
18038,25,25
18039,7,7
18040,8,8
18041,4,4
18042,16,16
18043,9,9
18044,4,4
18045,8,8
18046,24,24
18047,16,16
18048,14,14
18049,3,3
18050,1,1
18051,5,5
18052,24,24
18053,9,9
18054,7,7
18055,1,1
18056,0,0
18057,24,24
18058,15,15
18059,21,21
18060,25,25
18061,5,5
18062,12,12
18063,7,7
18064,1,1
18065,12,12
18066,1,1
18067,2,2
18068,4,4
18069,13,13
18070,4,4
18071,23,23
18072,9,9
18073,5,5
18074,5,5
18075,7,7
18076,4,4
18077,5,5
18078,9,9
18079,14,14
18080,6,6
18081,23,23
18082,20,20
18083,19,19
18084,2,2
18085,3,3
18086,24,24
18087,24,24
18088,1,1
18089,13,13
18090,12,12
18091,17,17
18092,24,24
18093,21,21
18094,20,20
18095,16,16
18096,5,5
18097,0,0
18098,2,2
18099,16,16
18100,24,24
18101,20,20
18102,4,4
18103,9,9
18104,18,18
18105,1,1
18106,4,4
18107,1,1
18108,1,1
18109,14,14
18110,18,18
18111,24,24
18112,2,2
18113,5,5
18114,1,1
18115,1,1
18116,2,2
18117,5,5
18118,2,2
18119,22,22
18120,23,23
18121,20,20
18122,24,24
18123,10,10
18124,4,4
18125,16,16
18126,23,23
18127,0,0
18128,6,6
18129,16,16
18130,17,17
18131,15,15
18132,3,3
18133,5,5
18134,8,8
18135,24,24
18136,25,25
18137,1,1
18138,16,16
18139,2,2
18140,17,17
18141,12,12
18142,6,6
18143,2,2
18144,12,12
18145,20,20
18146,5,5
18147,7,7
18148,5,5
18149,20,20
18150,7,7
18151,24,24
18152,4,4
18153,2,2
18154,3,3
18155,3,3
18156,2,2
18157,10,10
18158,25,25
18159,0,0
18160,2,2
18161,5,5
18162,6,6
18163,6,6
18164,3,3
18165,1,1
18166,9,9
18167,7,7
18168,25,25
18169,9,9
18170,4,4
18171,3,3
18172,15,15
18173,4,4
18174,24,24
18175,7,7
18176,19,19
18177,25,25
18178,25,25
18179,20,20
18180,10,10
18181,4,4
18182,25,25
18183,18,18
18184,4,4
18185,13,13
18186,18,18
18187,0,0
18188,5,5
18189,2,2
18190,25,25
18191,25,25
18192,16,16
18193,16,16
18194,3,3
18195,6,6
18196,1,1
18197,1,1
18198,10,10
18199,9,9
18200,6,6
18201,2,2
18202,0,0
18203,24,24
18204,20,20
18205,2,2
18206,9,9
18207,3,3
18208,18,18
18209,5,5
18210,11,11
18211,1,1
18212,25,25
18213,2,2
18214,5,5
18215,12,12
18216,5,5
18217,5,5
18218,3,3
18219,19,19
18220,17,17
18221,19,19
18222,7,7
18223,16,16
18224,9,9
18225,25,25
18226,5,5
18227,0,0
18228,2,2
18229,19,19
18230,6,6
18231,2,2
18232,6,6
18233,25,25
18234,7,7
18235,2,2
18236,12,12
18237,24,24
18238,5,5
18239,11,11
18240,11,11
18241,2,2
18242,17,17
18243,7,7
18244,11,11
18245,20,20
18246,5,5
18247,18,18
18248,5,5
18249,7,7
18250,3,3
18251,16,16
18252,4,4
18253,15,15
18254,4,4
18255,24,24
18256,23,23
18257,20,20
18258,5,5
18259,13,13
18260,5,5
18261,9,9
18262,12,12
18263,2,2
18264,12,12
18265,2,2
18266,19,19
18267,24,24
18268,5,5
18269,2,2
18270,25,25
18271,7,7
18272,3,3
18273,7,7
18274,21,21
18275,18,18
18276,25,25
18277,20,20
18278,10,10
18279,1,1
18280,24,24
18281,18,18
18282,18,18
18283,3,3
18284,8,8
18285,21,21
18286,19,19
18287,2,2
18288,0,0
18289,3,3
18290,2,2
18291,14,14
18292,24,24
18293,8,8
18294,21,21
18295,25,25
18296,19,19
18297,7,7
18298,24,24
18299,24,24
18300,6,6
18301,22,22
18302,24,24
18303,15,15
18304,16,16
18305,19,19
18306,3,3
18307,16,16
18308,2,2
18309,0,0
18310,13,13
18311,20,20
18312,18,18
18313,0,0
18314,21,21
18315,20,20
18316,23,23
18317,20,20
18318,7,7
18319,1,1
18320,5,5
18321,9,9
18322,25,25
18323,8,8
18324,11,11
18325,12,12
18326,24,24
18327,12,12
18328,18,18
18329,8,8
18330,5,5
18331,5,5
18332,8,8
18333,2,2
18334,21,21
18335,21,21
18336,4,4
18337,24,24
18338,20,20
18339,23,23
18340,8,8
18341,21,21
18342,4,4
18343,25,25
18344,5,5
18345,5,5
18346,2,2
18347,13,13
18348,2,2
18349,7,7
18350,16,16
18351,18,18
18352,1,1
18353,9,9
18354,9,9
18355,6,6
18356,21,21
18357,25,25
18358,6,6
18359,4,4
18360,2,2
18361,7,7
18362,1,1
18363,21,21
18364,14,14
18365,21,21
18366,9,9
18367,25,25
18368,24,24
18369,0,0
18370,7,7
18371,13,13
18372,19,19
18373,22,22
18374,21,21
18375,7,7
18376,15,15
18377,22,22
18378,2,2
18379,4,4
18380,16,16
18381,0,0
18382,17,17
18383,23,23
18384,24,24
18385,21,21
18386,4,4
18387,1,1
18388,22,22
18389,4,4
18390,8,8
18391,16,16
18392,1,1
18393,24,24
18394,24,24
18395,7,7
18396,6,6
18397,21,21
18398,19,19
18399,18,18
18400,11,11
18401,5,5
18402,7,7
18403,25,25
18404,18,18
18405,10,10
18406,20,20
18407,6,6
18408,8,8
18409,24,24
18410,25,25
18411,6,6
18412,5,5
18413,18,18
18414,1,1
18415,3,3
18416,5,5
18417,11,11
18418,9,9
18419,20,20
18420,8,8
18421,10,10
18422,2,2
18423,20,20
18424,24,24
18425,25,25
18426,16,16
18427,1,1
18428,9,9
18429,21,21
18430,21,21
18431,18,18
18432,25,25
18433,7,7
18434,19,19
18435,11,11
18436,23,23
18437,3,3
18438,5,5
18439,16,16
18440,0,0
18441,8,8
18442,17,17
18443,3,3
18444,8,8
18445,23,23
18446,24,24
18447,2,2
18448,24,24
18449,13,13
18450,20,20
18451,4,4
18452,2,2
18453,24,24
18454,19,19
18455,16,16
18456,17,17
18457,2,2
18458,15,15
18459,4,4
18460,0,0
18461,1,1
18462,22,22
18463,13,13
18464,18,18
18465,8,8
18466,1,1
18467,13,13
18468,18,18
18469,5,5
18470,19,19
18471,12,12
18472,16,16
18473,21,21
18474,2,2
18475,9,9
18476,16,16
18477,5,5
18478,25,25
18479,18,18
18480,3,3
18481,8,8
18482,4,4
18483,15,15
18484,21,21
18485,4,4
18486,5,5
18487,4,4
18488,7,7
18489,24,24
18490,18,18
18491,23,23
18492,0,0
18493,8,8
18494,25,25
18495,25,25
18496,11,11
18497,21,21
18498,19,19
18499,9,9
18500,16,16
18501,20,20
18502,18,18
18503,8,8
18504,16,16
18505,9,9
18506,24,24
18507,9,9
18508,17,17
18509,6,6
18510,9,9
18511,3,3
18512,17,17
18513,17,17
18514,25,25
18515,7,7
18516,15,15
18517,25,25
18518,2,2
18519,17,17
18520,21,21
18521,21,21
18522,7,7
18523,0,0
18524,5,5
18525,8,8
18526,21,21
18527,9,9
18528,2,2
18529,7,7
18530,20,20
18531,19,19
18532,12,12
18533,13,13
18534,25,25
18535,7,7
18536,0,0
18537,19,19
18538,13,13
18539,24,24
18540,13,13
18541,7,7
18542,5,5
18543,25,25
18544,20,20
18545,5,5
18546,2,2
18547,24,24
18548,0,0
18549,20,20
18550,0,0
18551,19,19
18552,0,0
18553,16,16
18554,2,2
18555,4,4
18556,13,13
18557,4,4
18558,18,18
18559,3,3
18560,6,6
18561,8,8
18562,16,16
18563,21,21
18564,16,16
18565,5,5
18566,18,18
18567,4,4
18568,6,6
18569,19,19
18570,3,3
18571,13,13
18572,10,10
18573,1,1
18574,23,23
18575,18,18
18576,5,5
18577,19,19
18578,17,17
18579,16,16
18580,4,4
18581,1,1
18582,23,23
18583,1,1
18584,1,1
18585,23,23
18586,0,0
18587,25,25
18588,16,16
18589,21,21
18590,5,5
18591,0,0
18592,16,16
18593,14,14
18594,4,4
18595,23,23
18596,17,17
18597,16,16
18598,1,1
18599,21,21
18600,5,5
18601,5,5
18602,13,13
18603,24,24
18604,24,24
18605,3,3
18606,24,24
18607,21,21
18608,21,21
18609,4,4
18610,3,3
18611,24,24
18612,5,5
18613,6,6
18614,1,1
18615,1,1
18616,25,25
18617,19,19
18618,14,14
18619,1,1
18620,10,10
18621,7,7
18622,17,17
18623,20,20
18624,2,2
18625,6,6
18626,7,7
18627,25,25
18628,2,2
18629,5,5
18630,0,0
18631,7,7
18632,24,24
18633,25,25
18634,23,23
18635,3,3
18636,25,25
18637,17,17
18638,4,4
18639,15,15
18640,13,13
18641,7,7
18642,20,20
18643,6,6
18644,25,25
18645,12,12
18646,1,1
18647,13,13
18648,16,16
18649,9,9
18650,10,10
18651,2,2
18652,7,7
18653,3,3
18654,25,25
18655,5,5
18656,19,19
18657,19,19
18658,15,15
18659,21,21
18660,6,6
18661,13,13
18662,1,1
18663,2,2
18664,6,6
18665,5,5
18666,16,16
18667,5,5
18668,19,19
18669,23,23
18670,10,10
18671,1,1
18672,25,25
18673,17,17
18674,7,7
18675,6,6
18676,5,5
18677,4,4
18678,3,3
18679,21,21
18680,7,7
18681,5,5
18682,21,21
18683,24,24
18684,3,3
18685,16,16
18686,24,24
18687,7,7
18688,4,4
18689,7,7
18690,18,18
18691,9,9
18692,13,13
18693,20,20
18694,24,24
18695,1,1
18696,5,5
18697,5,5
18698,2,2
18699,13,13
18700,16,16
18701,17,17
18702,2,2
18703,7,7
18704,21,21
18705,17,17
18706,13,13
18707,3,3
18708,20,20
18709,24,24
18710,10,10
18711,6,6
18712,3,3
18713,25,25
18714,20,20
18715,4,4
18716,3,3
18717,7,7
18718,8,8
18719,25,25
18720,7,7
18721,2,2
18722,20,20
18723,8,8
18724,18,18
18725,21,21
18726,9,9
18727,21,21
18728,5,5
18729,5,5
18730,4,4
18731,2,2
18732,8,8
18733,2,2
18734,11,11
18735,4,4
18736,13,13
18737,20,20
18738,14,14
18739,1,1
18740,18,18
18741,1,1
18742,4,4
18743,11,11
18744,2,2
18745,16,16
18746,25,25
18747,21,21
18748,24,24
18749,24,24
18750,20,20
18751,25,25
18752,1,1
18753,4,4
18754,2,2
18755,2,2
18756,18,18
18757,8,8
18758,7,7
18759,13,13
18760,23,23
18761,19,19
18762,19,19
18763,25,25
18764,10,10
18765,7,7
18766,7,7
18767,18,18
18768,7,7
18769,10,10
18770,16,16
18771,12,12
18772,4,4
18773,1,1
18774,20,20
18775,7,7
18776,2,2
18777,19,19
18778,24,24
18779,20,20
18780,5,5
18781,10,10
18782,25,25
18783,13,13
18784,1,1
18785,21,21
18786,13,13
18787,6,6
18788,25,25
18789,4,4
18790,16,16
18791,5,5
18792,9,9
18793,14,14
18794,12,12
18795,18,18
18796,5,5
18797,4,4
18798,9,9
18799,19,19
18800,12,12
18801,17,17
18802,25,25
18803,20,20
18804,21,21
18805,3,3
18806,23,23
18807,0,0
18808,9,9
18809,15,15
18810,25,25
18811,2,2
18812,18,18
18813,25,25
18814,21,21
18815,21,21
18816,12,12
18817,20,20
18818,10,10
18819,2,2
18820,2,2
18821,8,8
18822,13,13
18823,13,13
18824,9,9
18825,9,9
18826,10,10
18827,0,0
18828,21,21
18829,23,23
18830,17,17
18831,7,7
18832,8,8
18833,23,23
18834,16,16
18835,9,9
18836,6,6
18837,7,7
18838,13,13
18839,16,16
18840,2,2
18841,16,16
18842,8,8
18843,5,5
18844,25,25
18845,6,6
18846,0,0
18847,2,2
18848,1,1
18849,14,14
18850,13,13
18851,25,25
18852,10,10
18853,1,1
18854,16,16
18855,17,17
18856,7,7
18857,11,11
18858,5,5
18859,24,24
18860,7,7
18861,10,10
18862,24,24
18863,9,9
18864,25,25
18865,3,3
18866,16,16
18867,13,13
18868,24,24
18869,2,2
18870,9,9
18871,2,2
18872,1,1
18873,25,25
18874,24,24
18875,3,3
18876,7,7
18877,5,5
18878,25,25
18879,5,5
18880,24,24
18881,12,12
18882,4,4
18883,13,13
18884,6,6
18885,1,1
18886,24,24
18887,5,5
18888,7,7
18889,18,18
18890,2,2
18891,2,2
18892,19,19
18893,7,7
18894,13,13
18895,1,1
18896,1,1
18897,25,25
18898,1,1
18899,5,5
18900,7,7
18901,24,24
18902,3,3
18903,7,7
18904,4,4
18905,18,18
18906,13,13
18907,11,11
18908,3,3
18909,2,2
18910,2,2
18911,10,10
18912,4,4
18913,5,5
18914,24,24
18915,25,25
18916,6,6
18917,25,25
18918,8,8
18919,4,4
18920,25,25
18921,3,3
18922,5,5
18923,1,1
18924,18,18
18925,9,9
18926,21,21
18927,19,19
18928,5,5
18929,24,24
18930,4,4
18931,4,4
18932,9,9
18933,18,18
18934,25,25
18935,25,25
18936,8,8
18937,1,1
18938,5,5
18939,16,16
18940,4,4
18941,24,24
18942,3,3
18943,18,18
18944,6,6
18945,13,13
18946,24,24
18947,4,4
18948,12,12
18949,21,21
18950,12,12
18951,11,11
18952,21,21
18953,24,24
18954,24,24
18955,18,18
18956,5,5
18957,2,2
18958,1,1
18959,5,5
18960,24,24
18961,2,2
18962,5,5
18963,16,16
18964,7,7
18965,3,3
18966,18,18
18967,25,25
18968,0,0
18969,1,1
18970,1,1
18971,7,7
18972,24,24
18973,14,14
18974,5,5
18975,9,9
18976,18,18
18977,6,6
18978,9,9
18979,18,18
18980,5,5
18981,10,10
18982,25,25
18983,2,2
18984,2,2
18985,16,16
18986,25,25
18987,13,13
18988,12,12
18989,1,1
18990,5,5
18991,5,5
18992,4,4
18993,21,21
18994,23,23
18995,8,8
18996,21,21
18997,16,16
18998,7,7
18999,5,5
19000,5,5
19001,23,23
19002,24,24
19003,11,11
19004,13,13
19005,5,5
19006,8,8
19007,0,0
19008,2,2
19009,7,7
19010,8,8
19011,7,7
19012,21,21
19013,4,4
19014,25,25
19015,3,3
19016,2,2
19017,5,5
19018,19,19
19019,20,20
19020,4,4
19021,24,24
19022,19,19
19023,8,8
19024,16,16
19025,25,25
19026,0,0
19027,12,12
19028,6,6
19029,14,14
19030,24,24
19031,20,20
19032,17,17
19033,15,15
19034,25,25
19035,13,13
19036,18,18
19037,16,16
19038,25,25
19039,4,4
19040,8,8
19041,5,5
19042,5,5
19043,4,4
19044,1,1
19045,2,2
19046,7,7
19047,7,7
19048,17,17
19049,7,7
19050,8,8
19051,18,18
19052,20,20
19053,5,5
19054,5,5
19055,1,1
19056,19,19
19057,7,7
19058,15,15
19059,19,19
19060,20,20
19061,4,4
19062,19,19
19063,12,12
19064,20,20
19065,7,7
19066,19,19
19067,3,3
19068,4,4
19069,15,15
19070,7,7
19071,9,9
19072,7,7
19073,5,5
19074,9,9
19075,24,24
19076,25,25
19077,9,9
19078,13,13
19079,2,2
19080,25,25
19081,25,25
19082,24,24
19083,2,2
19084,10,10
19085,1,1
19086,2,2
19087,5,5
19088,13,13
19089,3,3
19090,8,8
19091,21,21
19092,2,2
19093,16,16
19094,3,3
19095,12,12
19096,13,13
19097,12,12
19098,5,5
19099,5,5
19100,1,1
19101,17,17
19102,6,6
19103,9,9
19104,7,7
19105,13,13
19106,2,2
19107,24,24
19108,25,25
19109,7,7
19110,17,17
19111,19,19
19112,15,15
19113,8,8
19114,4,4
19115,20,20
19116,24,24
19117,6,6
19118,3,3
19119,25,25
19120,2,2
19121,3,3
19122,21,21
19123,25,25
19124,5,5
19125,2,2
19126,7,7
19127,24,24
19128,16,16
19129,4,4
19130,2,2
19131,5,5
19132,12,12
19133,23,23
19134,20,20
19135,23,23
19136,16,16
19137,7,7
19138,13,13
19139,25,25
19140,4,4
19141,18,18
19142,20,20
19143,20,20
19144,19,19
19145,16,16
19146,22,22
19147,0,0
19148,4,4
19149,22,22
19150,8,8
19151,25,25
19152,1,1
19153,23,23
19154,6,6
19155,18,18
19156,16,16
19157,2,2
19158,25,25
19159,1,1
19160,23,23
19161,4,4
19162,6,6
19163,16,16
19164,19,19
19165,8,8
19166,15,15
19167,5,5
19168,2,2
19169,1,1
19170,5,5
19171,16,16
19172,2,2
19173,24,24
19174,8,8
19175,3,3
19176,5,5
19177,11,11
19178,3,3
19179,2,2
19180,21,21
19181,4,4
19182,1,1
19183,3,3
19184,24,24
19185,16,16
19186,3,3
19187,7,7
19188,2,2
19189,2,2
19190,25,25
19191,19,19
19192,25,25
19193,25,25
19194,10,10
19195,25,25
19196,16,16
19197,9,9
19198,23,23
19199,25,25
19200,15,15
19201,23,23
19202,4,4
19203,19,19
19204,2,2
19205,20,20
19206,18,18
19207,23,23
19208,21,21
19209,12,12
19210,1,1
19211,15,15
19212,5,5
19213,16,16
19214,15,15
19215,0,0
19216,21,21
19217,21,21
19218,0,0
19219,18,18
19220,17,17
19221,20,20
19222,9,9
19223,9,9
19224,7,7
19225,1,1
19226,0,0
19227,15,15
19228,7,7
19229,2,2
19230,3,3
19231,7,7
19232,8,8
19233,24,24
19234,4,4
19235,7,7
19236,8,8
19237,19,19
19238,5,5
19239,25,25
19240,17,17
19241,16,16
19242,13,13
19243,25,25
19244,10,10
19245,18,18
19246,18,18
19247,2,2
19248,20,20
19249,17,17
19250,13,13
19251,0,0
19252,9,9
19253,21,21
19254,25,25
19255,6,6
19256,3,3
19257,25,25
19258,9,9
19259,9,9
19260,25,25
19261,15,15
19262,19,19
19263,6,6
19264,7,7
19265,16,16
19266,16,16
19267,24,24
19268,25,25
19269,16,16
19270,11,11
19271,13,13
19272,16,16
19273,15,15
19274,7,7
19275,25,25
19276,5,5
19277,3,3
19278,25,25
19279,18,18
19280,20,20
19281,24,24
19282,11,11
19283,9,9
19284,18,18
19285,1,1
19286,2,2
19287,18,18
19288,13,13
19289,20,20
19290,19,19
19291,16,16
19292,17,17
19293,0,0
19294,7,7
19295,2,2
19296,17,17
19297,4,4
19298,0,0
19299,21,21
19300,16,16
19301,20,20
19302,25,25
19303,8,8
19304,9,9
19305,4,4
19306,19,19
19307,18,18
19308,16,16
19309,25,25
19310,0,0
19311,7,7
19312,7,7
19313,1,1
19314,7,7
19315,8,8
19316,1,1
19317,4,4
19318,3,3
19319,5,5
19320,16,16
19321,18,18
19322,16,16
19323,19,19
19324,8,8
19325,16,16
19326,1,1
19327,17,17
19328,9,9
19329,23,23
19330,3,3
19331,16,16
19332,24,24
19333,1,1
19334,2,2
19335,4,4
19336,3,3
19337,3,3
19338,14,14
19339,16,16
19340,25,25
19341,21,21
19342,15,15
19343,18,18
19344,25,25
19345,8,8
19346,15,15
19347,23,23
19348,0,0
19349,6,6
19350,20,20
19351,20,20
19352,17,17
19353,18,18
19354,5,5
19355,2,2
19356,20,20
19357,21,21
19358,0,0
19359,7,7
19360,2,2
19361,0,0
19362,13,13
19363,8,8
19364,24,24
19365,2,2
19366,2,2
19367,16,16
19368,16,16
19369,3,3
19370,5,5
19371,6,6
19372,18,18
19373,2,2
19374,0,0
19375,1,1
19376,3,3
19377,5,5
19378,3,3
19379,13,13
19380,25,25
19381,9,9
19382,7,7
19383,7,7
19384,17,17
19385,1,1
19386,25,25
19387,2,2
19388,7,7
19389,11,11
19390,2,2
19391,3,3
19392,4,4
19393,1,1
19394,5,5
19395,24,24
19396,4,4
19397,25,25
19398,16,16
19399,6,6
19400,25,25
19401,25,25
19402,8,8
19403,24,24
19404,24,24
19405,15,15
19406,5,5
19407,24,24
19408,12,12
19409,4,4
19410,20,20
19411,21,21
19412,7,7
19413,3,3
19414,16,16
19415,17,17
19416,2,2
19417,7,7
19418,1,1
19419,17,17
19420,19,19
19421,5,5
19422,17,17
19423,2,2
19424,16,16
19425,1,1
19426,11,11
19427,4,4
19428,6,6
19429,6,6
19430,5,5
19431,15,15
19432,12,12
19433,13,13
19434,4,4
19435,1,1
19436,5,7
19437,18,18
19438,16,16
19439,2,2
19440,5,5
19441,10,10
19442,19,19
19443,7,7
19444,4,4
19445,23,23
19446,2,2
19447,15,15
19448,0,0
19449,25,25
19450,20,20
19451,7,7
19452,8,8
19453,2,2
19454,23,23
19455,20,20
19456,18,18
19457,4,4
19458,16,16
19459,16,16
19460,22,22
19461,23,23
19462,9,9
19463,5,5
19464,24,24
19465,4,4
19466,18,18
19467,20,20
19468,4,4
19469,24,24
19470,14,14
19471,22,22
19472,8,8
19473,18,18
19474,6,6
19475,22,22
19476,1,1
19477,22,22
19478,5,5
19479,5,5
19480,24,24
19481,24,24
19482,24,24
19483,23,23
19484,23,23
19485,5,5
19486,0,0
19487,2,2
19488,0,0
19489,24,24
19490,4,4
19491,6,6
19492,5,5
19493,18,18
19494,15,15
19495,1,1
19496,7,7
19497,18,18
19498,0,0
19499,0,0
19500,5,5
19501,0,0
19502,24,24
19503,15,15
19504,18,18
19505,13,13
19506,23,23
19507,21,21
19508,16,16
19509,14,14
19510,6,6
19511,23,23
19512,18,18
19513,1,1
19514,0,0
19515,7,7
19516,2,2
19517,6,6
19518,7,7
19519,21,21
19520,2,2
19521,20,20
19522,9,9
19523,12,12
19524,1,1
19525,17,17
19526,7,7
19527,2,2
19528,25,25
19529,2,2
19530,17,17
19531,24,24
19532,15,15
19533,20,20
19534,5,5
19535,6,6
19536,9,9
19537,5,5
19538,7,7
19539,6,6
19540,25,25
19541,5,5
19542,24,24
19543,0,0
19544,1,1
19545,11,11
19546,21,21
19547,24,24
19548,22,22
19549,9,9
19550,1,1
19551,8,8
19552,16,16
19553,9,9
19554,17,17
19555,16,16
19556,7,7
19557,23,23
19558,25,25
19559,25,25
19560,5,5
19561,7,7
19562,3,3
19563,14,14
19564,18,18
19565,6,6
19566,24,24
19567,5,5
19568,25,25
19569,8,8
19570,1,1
19571,2,2
19572,24,24
19573,8,8
19574,9,9
19575,5,5
19576,8,8
19577,3,3
19578,0,0
19579,4,4
19580,12,12
19581,25,25
19582,7,7
19583,17,17
19584,4,4
19585,8,8
19586,4,4
19587,2,2
19588,7,7
19589,16,16
19590,18,18
19591,5,5
19592,21,21
19593,9,9
19594,21,21
19595,9,9
19596,4,4
19597,3,3
19598,11,11
19599,8,8
19600,21,21
19601,9,9
19602,1,1
19603,20,20
19604,6,6
19605,5,5
19606,17,17
19607,10,10
19608,12,12
19609,4,4
19610,3,3
19611,25,25
19612,0,0
19613,23,23
19614,18,18
19615,25,25
19616,16,16
19617,8,8
19618,1,1
19619,16,16
19620,3,3
19621,1,1
19622,5,5
19623,7,7
19624,3,3
19625,13,13
19626,2,2
19627,19,19
19628,0,0
19629,5,5
19630,11,11
19631,21,21
19632,14,14
19633,21,21
19634,13,13
19635,5,5
19636,7,7
19637,2,2
19638,21,21
19639,8,8
19640,4,4
19641,4,4
19642,8,8
19643,2,2
19644,21,21
19645,7,7
19646,8,8
19647,2,2
19648,20,20
19649,18,18
19650,5,5
19651,17,17
19652,12,12
19653,5,5
19654,7,7
19655,4,4
19656,2,2
19657,1,1
19658,21,21
19659,21,21
19660,21,21
19661,4,4
19662,7,7
19663,25,25
19664,12,12
19665,1,1
19666,25,25
19667,0,0
19668,9,9
19669,2,2
19670,7,7
19671,8,8
19672,3,3
19673,5,5
19674,16,16
19675,9,9
19676,24,24
19677,23,23
19678,19,19
19679,20,20
19680,18,18
19681,21,21
19682,4,4
19683,23,23
19684,25,25
19685,8,8
19686,10,10
19687,1,1
19688,2,2
19689,5,5
19690,1,1
19691,5,5
19692,25,25
19693,1,1
19694,25,25
19695,16,16
19696,9,9
19697,5,5
19698,9,9
19699,2,2
19700,18,18
19701,7,7
19702,7,7
19703,19,19
19704,4,4
19705,5,5
19706,1,1
19707,2,2
19708,23,23
19709,13,13
19710,18,18
19711,3,3
19712,4,4
19713,2,2
19714,5,5
19715,25,25
19716,13,13
19717,0,0
19718,2,2
19719,25,25
19720,16,16
19721,5,5
19722,7,7
19723,23,23
19724,5,5
19725,16,16
19726,1,1
19727,25,25
19728,7,7
19729,25,25
19730,0,0
19731,19,19
19732,24,24
19733,13,13
19734,1,1
19735,11,11
19736,25,25
19737,23,23
19738,24,24
19739,2,2
19740,25,25
19741,13,13
19742,4,4
19743,7,7
19744,7,7
19745,19,19
19746,10,10
19747,5,5
19748,8,8
19749,23,23
19750,25,25
19751,6,6
19752,13,13
19753,22,22
19754,25,25
19755,20,20
19756,15,15
19757,21,21
19758,20,20
19759,7,7
19760,20,20
19761,25,25
19762,3,3
19763,5,5
19764,4,4
19765,21,21
19766,17,17
19767,24,24
19768,12,12
19769,21,21
19770,9,9
19771,25,25
19772,15,15
19773,17,17
19774,21,21
19775,25,25
19776,3,3
19777,15,15
19778,13,13
19779,20,20
19780,21,21
19781,20,20
19782,7,7
19783,15,15
19784,4,4
19785,5,5
19786,22,22
19787,18,18
19788,25,25
19789,7,7
19790,3,3
19791,5,5
19792,8,8
19793,3,3
19794,25,25
19795,20,20
19796,24,24
19797,2,2
19798,4,4
19799,3,3
19800,5,5
19801,8,8
19802,24,24
19803,9,9
19804,5,5
19805,1,1
19806,19,19
19807,7,7
19808,17,17
19809,4,4
19810,2,2
19811,2,2
19812,16,16
19813,18,18
19814,23,23
19815,1,1
19816,9,9
19817,2,2
19818,0,0
19819,19,19
19820,7,7
19821,3,3
19822,19,19
19823,7,7
19824,25,25
19825,4,4
19826,4,4
19827,1,1
19828,25,25
19829,5,5
19830,22,22
19831,22,22
19832,10,10
19833,1,1
19834,20,20
19835,5,5
19836,25,25
19837,25,25
19838,25,25
19839,18,18
19840,7,7
19841,13,13
19842,5,5
19843,7,7
19844,12,12
19845,25,25
19846,10,10
19847,25,25
19848,7,7
19849,0,0
19850,1,1
19851,5,5
19852,7,7
19853,19,19
19854,21,21
19855,10,10
19856,18,18
19857,2,2
19858,25,25
19859,21,21
19860,11,11
19861,24,24
19862,18,18
19863,3,3
19864,6,6
19865,15,15
19866,25,25
19867,2,2
19868,21,21
19869,20,20
19870,16,16
19871,24,24
19872,4,4
19873,7,7
19874,2,2
19875,8,8
19876,7,7
19877,16,16
19878,8,8
19879,17,17
19880,7,7
19881,23,23
19882,6,6
19883,16,16
19884,17,17
19885,0,0
19886,1,1
19887,10,10
19888,19,19
19889,17,17
19890,3,3
19891,4,4
19892,19,19
19893,19,19
19894,7,7
19895,10,10
19896,10,10
19897,17,17
19898,15,15
19899,17,17
19900,5,5
19901,16,16
19902,8,8
19903,11,11
19904,6,6
19905,13,13
19906,20,20
19907,0,0
19908,25,25
19909,6,6
19910,21,21
19911,9,9
19912,24,24
19913,2,2
19914,20,20
19915,6,6
19916,1,1
19917,20,20
19918,16,16
19919,8,8
19920,25,25
19921,3,3
19922,2,2
19923,25,25
19924,15,15
19925,4,4
19926,11,11
19927,7,7
19928,11,11
19929,18,18
19930,21,21
19931,4,4
19932,16,16
19933,9,9
19934,9,9
19935,25,25
19936,2,2
19937,1,1
19938,23,23
19939,3,3
19940,21,21
19941,11,11
19942,0,0
19943,4,4
19944,2,2
19945,2,2
19946,1,1
19947,6,6
19948,20,20
19949,16,16
19950,7,7
19951,19,19
19952,8,8
19953,24,24
19954,0,0
19955,7,7
19956,7,7
19957,5,5
19958,5,5
19959,17,17
19960,12,12
19961,19,19
19962,2,2
19963,21,21
19964,13,13
19965,20,20
19966,19,19
19967,7,7
19968,6,6
19969,2,2
19970,5,5
19971,16,16
19972,2,2
19973,20,20
19974,7,7
19975,4,4
19976,11,11
19977,19,19
19978,25,25
19979,16,16
19980,4,4
19981,21,21
19982,8,8
19983,21,21
19984,4,4
19985,5,5
19986,3,3
19987,11,11
19988,16,16
19989,20,20
19990,18,18
19991,1,1
19992,6,6
19993,22,22
19994,2,2
19995,4,4
19996,6,6
19997,21,21
19998,24,24
19999,19,19
