,0,1,2,3,4,5,6,7,8,9,10
0,1,1,1,1,1,1,1,1,1,1,1
1,1,1,1,1,1,1,1,1,1,1,1
2,0,0,0,0,0,0,0,0,0,0,0
3,0,0,0,0,0,0,0,0,0,0,0
4,0,0,0,0,0,0,0,0,1,1,1
5,0,0,0,0,0,0,0,0,0,0,0
6,0,0,0,0,0,0,0,0,0,0,0
7,1,1,1,1,1,1,1,1,1,1,1
8,1,1,1,1,1,1,1,1,1,1,1
9,1,1,1,1,1,1,1,1,1,1,1
10,1,1,1,0,0,0,0,0,0,0,0
11,1,1,1,1,1,1,1,0,0,0,0
12,0,0,0,0,0,0,0,0,0,0,0
13,0,0,0,0,0,0,0,0,0,0,0
14,0,0,0,0,0,0,0,1,1,1,1
15,0,0,0,0,0,0,0,0,0,0,0
16,1,1,1,1,1,1,1,1,1,1,1
17,0,0,0,0,0,0,0,0,0,0,0
18,0,0,0,0,0,0,0,0,0,0,0
19,1,1,1,1,1,1,1,1,1,1,1
20,1,1,1,1,1,1,1,1,1,1,1
21,1,1,1,1,1,1,1,1,1,1,1
22,0,0,0,0,0,0,0,0,0,0,0
23,1,1,1,1,1,1,1,1,1,1,1
24,1,1,1,1,1,1,1,1,1,1,1
25,0,0,0,0,0,0,0,0,0,0,0
26,1,1,1,1,1,1,1,1,1,1,1
27,0,0,0,0,0,0,0,0,0,0,0
28,1,1,1,1,1,1,1,1,1,1,1
29,1,1,1,1,1,1,1,1,1,1,1
30,1,1,1,1,1,0,0,0,0,0,0
31,0,0,0,0,0,0,0,0,0,0,0
32,1,1,1,1,1,1,1,1,1,1,1
33,0,0,0,0,0,0,0,0,0,0,1
34,0,0,0,0,0,0,0,0,0,0,0
35,0,0,0,0,0,0,0,0,0,0,0
36,0,0,0,0,0,0,0,0,0,0,0
37,1,1,1,1,0,0,0,0,0,0,0
38,0,0,0,0,0,0,0,0,0,0,0
39,1,1,1,1,1,1,1,1,1,1,1
40,0,0,0,0,0,0,0,0,0,0,0
41,0,0,0,0,0,0,0,0,0,0,0
42,1,1,1,1,0,0,0,0,0,0,0
43,1,1,1,1,1,1,1,1,1,1,1
44,0,0,0,0,0,0,0,0,0,0,0
45,0,0,0,0,0,0,0,0,0,0,0
46,1,1,1,1,1,1,1,1,1,1,1
47,1,1,1,1,1,1,1,1,1,1,1
48,0,0,0,0,0,0,0,0,0,0,0
49,1,1,1,1,1,1,1,1,1,1,1
50,1,1,1,1,1,1,1,1,1,1,1
51,1,1,1,1,1,1,1,1,0,0,0
52,1,1,1,1,1,1,1,1,1,1,1
53,1,1,1,1,1,1,1,1,1,1,1
54,1,1,1,1,1,1,1,1,1,1,1
55,1,1,1,1,1,1,1,1,1,1,1
56,1,1,1,1,1,1,1,1,1,1,1
57,1,1,1,1,1,1,1,1,1,1,1
58,0,0,0,0,0,0,0,0,0,0,0
59,1,1,1,1,1,1,1,1,1,1,1
60,1,1,1,1,1,1,1,1,1,1,1
61,0,0,0,0,0,0,0,0,0,0,0
62,0,0,0,0,0,0,0,0,0,0,0
63,0,0,0,0,0,0,0,0,0,0,0
64,1,1,1,1,1,1,1,1,1,1,1
65,1,1,1,1,1,1,1,1,1,1,1
66,0,0,0,0,0,0,0,0,0,1,1
67,0,0,0,0,0,0,0,0,0,0,0
68,0,0,0,0,0,0,0,0,0,0,0
69,1,1,1,1,1,1,1,1,1,1,1
70,0,0,0,0,0,0,0,0,0,0,0
71,0,0,0,0,0,0,0,0,0,0,0
72,1,1,1,1,1,1,1,1,1,1,1
73,0,0,1,1,1,1,1,1,1,1,1
74,0,0,0,0,0,0,0,0,0,0,0
75,0,0,0,0,0,0,0,0,0,0,0
76,0,0,0,0,0,0,0,0,0,0,0
77,0,0,0,0,0,0,0,0,0,0,0
78,1,1,1,1,1,1,1,1,1,1,1
79,0,0,0,0,0,0,0,0,0,0,0
80,0,0,0,0,0,0,0,0,0,0,0
81,1,1,1,0,0,0,0,0,0,0,0
82,1,1,1,1,1,1,1,1,1,1,1
83,1,1,1,1,1,1,1,1,1,1,1
84,0,1,1,1,1,1,1,1,1,1,1
85,1,1,1,1,1,1,1,1,1,1,1
86,1,1,1,1,1,1,1,1,1,1,1
87,0,0,0,0,0,0,0,0,0,0,0
88,1,1,1,1,1,1,1,1,1,1,0
89,1,1,1,1,1,1,1,0,0,0,0
90,1,1,1,1,1,1,1,1,1,1,1
91,0,0,0,0,0,0,0,0,0,0,0
92,0,0,0,0,0,0,0,0,0,0,0
93,1,1,1,1,1,0,0,0,0,0,0
94,0,0,0,0,0,0,0,0,0,0,0
95,0,0,0,0,0,0,0,0,0,0,0
96,0,0,1,1,1,1,1,1,1,1,1
97,1,1,1,1,1,1,1,1,1,1,1
98,1,1,1,1,1,1,1,1,1,1,1
99,1,1,1,1,1,1,1,1,1,1,1
100,0,0,0,0,0,0,0,0,1,1,1
101,0,0,0,0,0,0,0,0,0,0,0
102,0,0,0,0,0,0,0,0,0,0,0
103,1,1,1,1,1,1,1,1,1,1,1
104,1,1,1,1,1,1,1,1,1,1,1
105,0,0,0,0,0,0,0,0,0,0,0
106,0,0,0,0,0,0,0,0,0,0,0
107,1,1,1,1,1,1,1,1,1,1,1
108,0,0,0,0,0,0,0,0,0,0,0
109,1,1,1,1,1,1,1,1,1,1,1
110,0,0,0,0,0,0,0,0,0,0,0
111,1,1,1,1,1,1,1,1,1,1,1
112,1,1,1,1,1,1,1,1,1,1,1
113,1,1,1,1,1,1,1,1,1,1,1
114,0,0,0,0,0,0,0,0,0,0,0
115,0,0,0,0,0,0,0,0,0,0,0
116,1,1,1,1,1,1,1,1,1,1,1
117,1,1,1,1,0,0,0,0,0,0,0
118,1,1,1,1,1,1,1,1,1,1,1
119,0,0,0,0,0,0,0,0,0,0,0
120,0,0,0,0,0,0,0,0,0,0,0
121,1,1,1,1,1,1,1,1,1,1,1
122,1,1,1,1,1,1,1,1,1,1,1
123,1,1,1,1,1,0,0,0,0,0,0
124,0,0,0,0,0,0,0,0,0,0,0
125,1,1,1,1,1,1,1,1,1,1,1
126,1,1,1,1,1,1,1,1,1,1,1
127,1,1,1,1,1,1,1,1,1,1,1
128,1,1,1,1,1,1,1,1,1,1,1
129,0,0,0,0,0,0,0,0,0,0,0
130,1,1,1,1,1,1,1,1,1,1,1
131,1,1,1,1,1,1,1,1,1,1,1
132,1,1,1,1,1,1,1,1,1,1,1
133,1,1,1,1,1,1,1,1,0,0,0
134,1,1,1,1,1,1,1,1,1,1,1
135,1,1,1,1,1,1,1,1,1,1,1
136,0,0,0,0,0,0,0,0,0,0,0
137,1,1,1,1,1,0,0,0,0,0,0
138,1,0,0,0,0,0,0,0,0,0,0
139,1,1,1,1,1,1,1,1,1,1,1
140,0,0,0,0,0,0,0,0,0,0,0
141,0,0,0,0,0,0,0,0,0,0,0
142,0,0,0,0,0,0,0,1,1,1,1
143,1,1,1,1,1,1,1,1,1,1,1
144,0,0,0,0,0,0,0,0,0,0,0
145,1,1,1,1,1,0,0,0,0,0,0
146,1,1,1,1,1,1,1,1,1,1,1
147,0,0,0,0,0,0,0,0,0,0,0
148,1,1,1,1,1,1,1,1,1,1,1
149,1,1,1,1,1,1,0,0,0,0,0
150,0,0,0,0,0,0,0,0,0,0,0
151,0,0,0,0,0,0,0,0,1,1,1
152,1,1,1,0,0,0,0,0,0,0,0
153,1,1,1,1,1,1,1,1,1,1,1
154,1,1,1,1,1,1,1,1,1,1,1
155,0,0,0,0,0,0,0,0,0,0,0
156,1,0,0,0,0,0,0,0,0,0,0
157,0,0,0,0,0,0,0,0,0,0,0
158,1,1,1,1,1,1,1,1,1,1,1
159,1,1,1,1,1,1,1,1,1,1,1
160,0,0,0,0,0,0,0,0,0,0,0
161,1,1,1,1,1,1,1,1,1,1,1
162,0,0,0,0,0,0,0,0,0,0,0
163,1,1,1,1,1,1,1,1,1,1,0
164,1,1,1,1,1,1,1,1,1,1,1
165,1,1,1,1,1,1,1,1,1,1,1
166,0,0,0,0,0,0,0,0,0,0,0
167,1,1,1,1,0,0,0,0,0,0,0
168,1,1,1,1,1,1,1,1,1,1,1
169,0,0,0,0,0,0,0,0,0,0,0
170,1,1,1,1,1,1,1,1,1,1,1
171,1,1,1,1,1,1,1,1,1,0,0
172,1,1,1,1,1,1,1,1,1,1,1
173,0,0,0,0,0,0,0,0,0,0,0
174,0,0,0,0,0,0,0,0,0,0,0
175,1,1,1,1,1,1,1,1,1,1,1
176,0,1,1,1,1,1,1,1,1,1,1
177,1,0,0,0,0,0,0,0,0,0,0
178,1,1,1,1,1,1,1,1,1,1,1
179,1,1,1,1,0,0,0,0,0,0,0
180,1,1,1,1,1,1,1,1,1,1,1
181,1,1,1,1,1,1,1,1,1,1,1
182,1,1,1,1,1,1,1,1,1,1,1
183,1,1,1,1,1,1,0,0,0,0,0
184,0,0,0,0,0,0,0,0,0,0,0
185,1,1,1,1,1,0,0,0,0,0,0
186,1,1,0,0,0,0,0,0,0,0,0
187,1,1,1,1,1,0,0,0,0,0,0
188,1,1,0,0,0,0,0,0,0,0,0
189,1,1,1,1,1,1,1,1,1,1,1
190,1,1,1,1,1,1,1,1,1,1,1
191,1,1,1,1,1,1,1,1,1,1,1
192,0,0,0,0,0,0,0,0,0,0,0
193,1,1,1,1,1,1,1,1,1,1,1
194,0,0,0,0,0,0,0,0,0,0,0
195,1,1,1,1,1,1,1,1,0,0,0
196,1,1,1,1,1,1,1,1,1,1,1
197,1,1,1,1,1,1,1,1,1,1,1
198,0,0,0,0,0,0,0,0,0,0,0
199,1,1,1,1,1,1,1,1,1,1,1
200,1,1,1,1,1,1,1,1,1,1,1
201,1,1,1,1,1,1,1,1,1,1,1
202,0,0,0,0,0,0,0,0,0,0,0
203,0,0,0,0,0,0,0,0,0,0,0
204,1,1,1,1,1,1,1,1,1,1,1
205,0,0,0,0,0,0,0,0,0,0,0
206,0,0,0,0,0,0,0,0,0,0,0
207,0,0,0,0,0,0,0,0,0,0,0
208,1,1,1,1,1,1,1,1,1,1,1
209,1,1,1,1,1,1,1,1,1,1,1
210,1,1,1,1,1,1,1,1,1,1,1
211,1,1,1,1,1,1,1,1,1,1,1
212,1,1,1,1,0,0,0,0,0,0,0
213,1,1,1,1,1,1,1,1,1,1,1
214,0,0,0,0,0,0,0,0,0,0,0
215,1,1,1,1,1,1,1,1,1,1,1
216,1,1,1,1,1,1,1,1,1,1,1
217,1,1,1,1,0,0,0,0,0,0,0
218,0,0,0,0,0,0,0,0,0,0,0
219,0,0,0,0,0,0,0,0,0,0,0
220,1,1,1,1,1,1,1,1,1,1,1
221,1,1,1,1,1,1,1,1,1,1,1
222,0,0,0,0,0,0,0,0,0,0,0
223,0,0,0,0,0,0,0,0,0,0,0
224,1,1,1,1,1,1,1,1,1,1,1
225,1,1,1,1,1,1,1,1,1,1,1
226,1,1,1,1,1,1,1,1,1,1,1
227,1,1,1,1,1,1,1,1,1,1,1
228,1,1,1,1,0,0,0,0,0,0,0
229,0,0,0,0,0,1,1,1,1,1,1
230,0,0,0,0,0,0,0,0,0,0,0
231,1,1,1,1,1,0,0,0,0,0,0
232,1,1,1,1,1,1,0,0,0,0,0
233,1,1,1,1,1,1,1,1,1,1,1
234,1,1,1,1,1,1,1,1,1,1,1
235,1,1,1,0,0,0,0,0,0,0,0
236,0,0,0,0,0,0,0,0,0,0,0
237,1,1,1,1,1,1,1,1,1,1,1
238,0,0,0,0,0,0,0,0,0,0,0
239,1,1,1,1,1,1,1,1,1,1,1
240,1,1,1,1,1,1,1,1,1,1,1
241,0,0,0,0,0,0,0,0,0,0,0
242,1,1,1,1,1,1,1,1,1,1,1
243,0,0,0,0,0,0,0,0,0,0,0
244,1,1,1,1,1,1,1,1,1,1,1
245,1,1,1,1,0,0,0,0,0,0,0
246,0,0,0,0,0,0,0,0,0,0,0
247,0,0,0,0,0,0,0,0,0,0,0
248,0,0,0,0,0,0,0,0,0,0,0
249,1,1,1,1,1,1,1,1,1,1,1
250,1,1,1,1,1,1,1,1,1,1,1
251,0,0,0,0,0,0,0,0,0,0,0
252,1,1,1,1,1,1,1,1,1,1,1
253,0,0,0,0,0,0,0,0,0,0,0
254,0,0,0,0,0,0,0,0,0,0,0
255,1,1,1,1,1,1,1,1,1,1,1
256,1,1,1,1,0,0,0,0,0,0,0
257,1,1,1,1,1,1,1,1,1,1,1
258,1,1,1,1,1,1,1,1,1,1,1
259,0,0,0,0,0,0,0,0,0,0,0
260,1,1,1,1,1,1,1,1,1,1,1
261,1,1,1,1,1,1,1,1,1,1,1
262,1,1,1,0,0,0,0,0,0,0,0
263,1,1,1,1,1,1,1,1,1,1,1
264,1,1,1,1,1,1,1,1,1,1,1
265,0,0,0,0,0,0,0,0,0,1,1
266,1,1,1,1,1,1,1,1,1,1,0
267,0,0,0,0,0,0,0,0,0,0,0
268,0,0,0,0,0,0,0,0,0,0,0
269,1,1,1,1,1,1,1,1,1,1,1
270,1,1,1,1,1,1,1,1,1,1,1
271,0,0,0,0,0,0,0,0,0,0,0
272,0,0,0,0,0,0,0,0,0,0,0
273,1,1,1,1,1,1,1,1,1,1,1
274,1,1,1,1,0,0,0,0,0,0,0
275,0,0,0,0,0,0,0,0,0,0,0
276,1,1,1,1,1,1,1,1,1,1,1
277,1,1,0,0,0,0,0,0,0,0,0
278,0,0,0,0,0,0,0,0,0,0,0
279,1,1,1,1,1,1,1,1,1,1,1
280,1,1,1,1,1,1,1,1,1,1,1
281,0,0,0,0,0,0,0,0,0,0,0
282,1,1,1,1,1,1,1,0,0,0,0
283,0,0,0,0,0,0,0,0,0,0,0
284,0,0,0,0,0,0,0,0,0,0,0
285,1,1,1,1,1,1,1,1,1,1,1
286,1,1,1,1,0,0,0,0,0,0,0
287,1,1,1,0,0,0,0,0,0,0,0
288,0,0,0,0,0,0,0,0,0,0,0
289,1,1,1,1,1,1,1,1,1,1,1
290,1,1,1,1,1,1,1,1,1,1,1
291,1,1,1,1,1,1,1,1,1,1,1
292,1,1,1,1,1,1,1,1,1,1,1
293,0,0,0,0,0,0,0,0,0,0,0
294,1,1,1,1,1,1,1,1,1,1,1
295,1,1,1,1,1,1,1,1,1,1,1
296,1,1,1,1,1,1,1,1,1,1,1
297,0,0,0,0,0,0,0,0,0,0,0
298,1,1,1,1,1,1,1,1,1,1,1
299,0,0,0,0,0,0,0,0,0,0,0
300,1,1,1,1,1,1,1,1,1,1,1
301,1,1,1,1,1,1,1,1,1,1,1
302,1,1,1,1,1,1,1,0,0,0,0
303,1,1,1,1,1,1,1,1,1,1,1
304,0,0,0,0,0,0,0,0,0,0,0
305,1,1,1,1,1,1,1,1,1,1,1
306,1,1,1,1,1,1,1,1,1,1,1
307,1,1,1,1,1,1,1,1,1,1,1
308,1,1,1,1,1,1,1,1,1,1,1
309,1,1,1,1,1,1,1,1,1,1,1
310,0,0,0,0,0,0,0,0,0,0,0
311,1,1,1,1,1,1,1,1,1,1,1
312,1,1,1,1,1,1,1,1,1,1,1
313,1,1,1,1,1,1,1,1,1,1,1
314,0,0,0,0,0,0,0,0,0,0,0
315,0,0,0,0,0,0,0,0,0,0,0
316,1,1,1,1,1,1,1,1,1,1,1
317,1,1,1,1,1,1,1,1,1,1,1
318,1,1,1,1,1,1,1,1,1,1,1
319,1,1,1,1,1,0,0,0,0,0,0
320,1,1,0,0,0,0,0,0,0,0,0
321,1,1,1,1,1,1,1,1,1,1,1
322,1,1,1,1,0,0,0,0,0,0,0
323,1,1,1,1,1,1,1,1,1,1,1
324,0,0,0,0,0,0,0,0,0,0,0
325,0,0,0,0,0,0,0,0,0,0,0
326,0,0,0,0,0,0,0,0,0,0,0
327,0,0,0,0,0,0,0,0,0,0,0
328,1,1,0,0,0,0,0,0,0,0,0
329,1,1,1,1,1,1,1,1,1,1,1
330,0,0,0,0,0,0,0,0,0,0,0
331,0,0,0,0,0,0,0,0,0,0,0
332,1,1,1,1,1,1,1,1,1,1,1
333,0,0,0,0,0,0,0,0,0,0,0
334,0,0,0,0,0,0,0,0,0,0,0
335,1,1,1,1,1,1,1,1,1,1,1
336,1,1,1,1,1,1,1,1,1,1,1
337,0,0,0,0,0,0,0,0,0,0,0
338,1,1,1,0,0,0,0,0,0,0,0
339,1,1,1,1,1,1,1,1,1,1,1
340,1,1,1,1,1,1,1,1,1,1,1
341,1,1,1,1,1,1,1,0,0,0,0
342,1,1,1,1,1,1,1,1,1,1,1
343,1,1,1,1,1,1,1,1,1,1,1
344,1,1,1,1,1,1,1,1,1,1,1
345,1,1,1,1,1,1,1,1,1,1,1
346,0,0,0,0,0,0,0,0,0,0,0
347,1,1,1,1,0,0,0,0,0,0,0
348,0,0,0,0,0,0,0,0,0,0,0
349,1,1,1,1,1,1,0,0,0,0,0
350,0,0,0,0,0,0,0,0,0,0,0
351,0,0,0,0,0,0,0,0,0,0,0
352,1,1,1,1,1,1,1,1,1,1,1
353,1,1,1,1,1,1,1,1,1,1,0
354,0,0,0,0,0,0,0,0,0,0,0
355,1,1,1,1,1,1,1,1,1,1,1
356,1,1,1,1,1,1,1,1,1,1,1
357,0,0,0,0,0,0,0,0,0,0,0
358,0,0,0,0,0,0,0,0,0,0,0
359,1,1,1,1,1,0,0,0,0,0,0
360,1,1,1,1,1,1,1,1,1,1,1
361,1,1,1,1,1,1,1,1,1,1,1
362,0,0,0,0,0,0,0,0,0,0,0
363,0,0,0,0,0,0,0,0,0,0,0
364,0,0,0,0,0,0,0,0,0,0,0
365,1,1,1,1,0,0,0,0,0,0,0
366,1,1,1,1,1,1,1,1,1,1,1
367,1,1,1,1,1,1,1,1,1,1,1
368,1,1,1,1,1,1,1,1,1,1,1
369,1,1,1,1,0,0,0,0,0,0,0
370,1,1,1,1,1,1,1,1,1,1,1
371,1,1,1,1,1,1,1,0,0,0,0
372,1,1,1,1,1,1,1,1,1,1,1
373,1,1,1,1,1,1,1,1,1,1,1
374,1,1,1,1,1,1,1,1,1,1,1
375,1,1,1,1,1,1,1,1,1,1,1
376,1,1,1,1,1,1,1,1,1,1,1
377,1,1,1,1,1,1,1,1,1,1,1
378,0,0,0,0,0,0,0,0,0,0,0
379,1,1,1,1,1,1,1,1,1,1,1
380,0,0,0,0,0,0,0,0,0,0,0
381,1,1,1,1,1,1,1,1,1,1,1
382,0,0,0,0,0,0,0,0,0,0,0
383,0,0,0,0,0,0,0,0,0,0,0
384,1,1,1,1,1,1,1,0,0,0,0
385,0,0,0,0,0,0,0,0,0,0,0
386,1,1,1,1,1,1,1,1,1,1,1
387,1,1,1,1,1,1,1,1,1,1,1
388,1,1,1,1,1,1,1,1,1,1,1
389,1,1,1,1,0,0,0,0,0,0,0
390,1,1,1,1,1,1,1,1,1,1,0
391,1,1,1,1,1,1,1,1,1,1,1
392,1,1,1,1,1,1,1,1,1,1,1
393,1,1,1,0,0,0,0,0,0,0,0
394,1,1,1,1,1,1,1,1,1,1,1
395,1,1,1,1,1,1,1,1,1,1,1
396,0,0,0,0,0,0,0,0,0,0,0
397,1,1,1,1,1,1,1,1,1,1,1
398,0,0,0,0,0,0,0,0,0,0,0
399,1,1,1,1,1,1,1,1,1,1,1
400,1,1,1,1,1,1,0,0,0,0,0
401,0,0,0,0,0,0,0,0,0,0,0
402,0,0,0,0,0,0,0,0,0,0,0
403,0,0,0,0,0,0,0,0,0,0,0
404,1,1,1,0,0,0,0,0,0,0,0
405,1,1,1,1,1,1,1,1,1,1,1
406,0,0,0,0,0,0,0,0,0,0,0
407,1,1,1,1,1,1,1,1,1,1,1
408,1,1,1,1,1,1,1,0,0,0,0
409,1,1,1,1,1,1,1,1,1,1,1
410,1,1,1,0,0,0,0,0,0,0,0
411,0,0,0,0,0,0,0,0,0,0,0
412,0,0,0,0,0,0,0,0,0,0,0
413,1,1,1,1,1,1,1,1,1,1,1
414,0,0,0,0,0,0,0,0,0,0,0
415,1,1,1,1,1,1,1,1,1,1,1
416,1,1,1,1,1,1,1,1,1,1,1
417,1,1,1,1,1,1,1,1,1,1,1
418,1,1,1,1,1,1,1,1,1,1,1
419,1,1,1,1,1,1,1,1,1,1,1
420,0,0,0,0,0,0,0,0,0,0,0
421,1,1,1,1,1,0,0,0,0,0,0
422,1,1,1,1,0,0,0,0,0,0,0
423,1,1,1,1,1,1,1,1,1,1,1
424,0,0,0,0,0,0,0,0,0,0,0
425,1,1,1,1,1,1,1,1,1,1,1
426,1,1,1,1,1,1,1,1,0,0,0
427,1,1,1,1,1,1,1,1,1,1,1
428,1,1,1,1,1,1,1,1,1,1,1
429,0,0,0,0,0,0,0,0,0,0,0
430,1,1,1,1,1,1,1,1,1,0,0
431,1,1,1,1,1,1,1,1,1,1,1
432,1,1,1,1,1,1,1,1,1,1,1
433,1,1,1,1,1,0,0,0,0,0,0
434,1,1,1,1,1,1,1,0,0,0,0
435,1,1,1,1,1,1,1,1,1,1,1
436,1,1,1,1,1,1,1,1,1,1,1
437,1,1,1,1,1,1,1,1,1,1,1
438,1,1,1,1,1,1,1,1,1,1,1
439,1,1,1,1,1,1,1,0,0,0,0
440,1,1,1,1,1,1,1,1,1,1,1
441,1,1,1,1,1,1,1,1,1,1,1
442,1,1,1,1,1,1,1,1,1,1,1
443,0,0,0,0,0,0,0,0,0,0,0
444,1,1,1,1,1,1,1,1,1,0,0
445,0,0,0,0,0,0,0,0,0,0,0
446,1,1,1,1,1,1,1,1,1,1,1
447,0,0,0,0,0,0,0,0,0,0,0
448,1,1,1,1,0,0,0,0,0,0,0
449,1,1,1,1,1,1,1,1,1,1,1
450,1,1,1,1,1,1,1,1,1,1,1
451,1,0,0,0,0,0,0,0,0,0,0
452,0,0,0,0,0,0,0,0,0,0,0
453,1,1,1,1,1,1,1,1,1,1,1
454,1,1,1,1,1,1,1,1,1,1,1
455,1,1,1,1,1,1,1,1,1,1,1
456,1,1,1,1,1,1,1,1,1,1,1
457,1,1,1,1,1,1,1,1,1,1,1
458,0,0,0,0,0,0,0,0,0,0,0
459,1,1,1,1,1,1,1,1,1,1,1
460,1,1,1,1,1,1,1,1,0,0,0
461,1,1,1,1,1,1,1,1,1,1,1
462,1,1,1,1,1,1,0,0,0,0,0
463,1,1,1,1,1,1,1,1,1,1,1
464,1,1,1,1,1,1,1,1,1,1,1
465,1,1,1,1,1,1,1,1,1,1,1
466,1,1,1,1,0,0,0,0,0,0,0
467,0,0,0,0,0,0,0,0,0,0,0
468,1,1,1,1,1,1,1,1,1,1,1
469,0,0,0,0,0,0,0,0,0,0,0
470,1,1,1,1,1,1,1,1,1,1,1
471,1,1,1,1,1,1,1,1,1,1,1
472,1,1,1,1,1,1,1,1,1,1,1
473,1,1,1,1,1,1,1,1,1,1,1
474,1,1,1,1,1,1,1,1,0,0,0
475,1,1,1,1,1,1,1,1,1,1,1
476,1,1,1,1,1,1,1,1,1,1,1
477,1,0,0,0,0,0,0,0,0,0,0
478,0,0,0,0,0,0,0,0,0,0,0
479,1,1,1,1,1,1,1,1,1,1,1
480,1,1,1,1,1,1,1,1,1,1,1
481,0,0,0,0,0,0,0,0,0,0,0
482,0,0,0,0,0,0,0,0,0,0,0
483,0,0,0,0,0,0,0,0,0,0,0
484,1,1,1,1,1,1,1,1,1,1,1
485,1,1,1,1,1,1,1,1,1,1,1
486,0,0,0,0,0,0,0,0,0,0,0
487,1,1,1,1,1,1,1,1,1,1,1
488,1,1,1,1,1,1,1,1,1,1,1
489,0,0,0,0,0,0,0,0,0,0,0
490,1,1,1,1,1,1,1,1,1,1,1
491,1,1,1,1,1,1,1,1,1,1,1
492,1,1,1,1,1,1,1,1,1,1,1
493,1,1,1,1,1,1,1,1,1,1,1
494,1,1,1,1,1,1,1,1,1,1,1
495,1,1,1,1,1,1,1,1,1,1,1
496,1,1,1,1,1,1,1,1,1,1,1
497,1,1,1,1,1,1,1,1,1,1,1
498,1,1,0,0,0,0,0,0,0,0,0
499,1,1,1,1,1,1,1,1,1,1,1
500,1,1,1,1,1,1,1,1,1,1,1
501,1,1,1,1,1,1,1,1,1,1,1
502,0,0,0,0,0,0,0,0,0,0,1
503,0,0,0,0,0,0,0,0,0,0,0
504,1,1,1,1,1,1,1,1,1,1,1
505,0,0,0,0,0,0,0,0,0,0,0
506,0,0,0,0,0,0,0,0,0,0,1
507,0,0,0,0,0,0,0,0,0,0,0
508,0,0,0,0,0,0,0,0,0,0,0
509,1,1,1,1,1,1,1,1,1,1,1
510,0,0,0,0,0,0,0,0,0,0,0
511,0,0,0,0,0,0,0,0,0,0,0
512,0,0,0,0,0,0,0,0,0,0,0
513,0,0,0,0,0,0,0,0,0,0,0
514,0,0,0,0,0,0,0,0,1,1,1
515,0,0,0,0,0,0,0,0,0,0,0
516,0,0,0,0,0,0,0,0,0,0,0
517,0,0,0,0,0,0,0,0,0,0,0
518,0,0,0,0,0,0,0,0,0,0,0
519,0,0,0,0,0,0,0,0,0,1,1
520,1,1,1,1,1,1,1,1,1,1,1
521,1,1,1,1,1,1,1,1,1,1,1
522,0,0,0,0,0,0,0,0,0,0,0
523,0,0,0,0,0,0,0,0,0,0,0
524,1,1,1,1,1,1,1,1,1,1,1
525,0,0,0,0,0,0,0,0,0,0,0
526,0,0,0,0,0,0,0,0,0,0,0
527,0,0,0,0,0,0,0,0,0,0,0
528,0,0,0,0,0,0,0,0,1,1,1
529,1,1,1,1,1,1,1,1,1,1,1
530,0,0,0,0,0,0,0,0,0,0,0
531,0,0,1,1,1,1,1,1,1,1,1
532,0,0,0,0,0,0,0,0,0,0,0
533,1,1,1,1,1,1,1,1,1,1,1
534,0,0,0,0,0,0,0,0,0,0,0
535,0,0,0,0,0,0,0,0,0,0,0
536,0,0,0,0,0,0,0,0,0,0,0
537,1,1,1,1,1,1,1,1,1,1,1
538,0,0,0,0,0,0,0,0,0,0,0
539,1,1,1,1,1,1,1,1,1,1,1
540,0,0,0,0,0,0,0,0,0,1,1
541,0,0,0,0,0,1,1,1,1,1,1
542,0,0,0,0,0,0,0,0,0,0,0
543,1,1,1,1,1,1,1,1,1,1,1
544,0,0,0,0,0,0,0,0,0,0,0
545,0,0,0,0,0,0,0,0,0,0,0
546,1,1,1,1,1,1,1,1,1,1,1
547,1,1,1,1,1,1,1,1,1,1,1
548,0,0,0,0,0,0,0,0,0,0,0
549,1,1,1,1,1,1,1,1,1,1,1
550,1,1,1,1,1,1,1,1,1,1,1
551,1,1,1,1,1,1,1,1,1,1,1
552,1,1,1,1,1,1,1,1,1,1,1
553,1,1,1,1,1,1,1,1,1,1,1
554,1,1,1,1,1,1,1,1,1,1,1
555,1,1,1,1,1,1,1,1,1,1,1
556,1,1,1,1,1,1,1,1,1,1,1
557,0,0,0,0,0,0,0,0,0,0,0
558,0,0,0,0,0,0,0,0,0,0,1
559,0,0,0,0,0,0,0,0,0,0,0
560,0,0,0,0,0,0,0,0,0,0,0
561,0,0,0,0,0,0,0,0,0,0,0
562,0,0,0,0,0,0,0,0,0,0,0
563,0,0,0,0,0,0,0,0,0,0,0
564,0,0,0,0,0,0,0,0,0,0,0
565,0,0,0,0,0,0,0,0,0,0,0
566,0,0,0,0,0,0,0,0,0,0,0
567,0,0,0,0,0,0,0,0,0,0,0
568,0,0,0,0,0,0,0,0,0,0,0
569,1,1,1,1,1,1,1,1,1,1,1
570,0,0,0,0,0,0,0,0,0,0,1
571,0,0,0,0,0,0,0,1,1,1,1
572,0,0,0,0,0,0,0,0,0,0,0
573,1,1,1,1,1,1,1,1,1,1,1
574,0,0,0,0,0,0,0,0,0,0,0
575,0,0,0,0,0,0,0,0,0,1,1
576,0,0,0,0,0,0,0,0,0,0,0
577,0,0,0,0,0,0,0,0,0,0,0
578,0,0,0,0,0,0,0,0,0,0,0
579,0,0,0,0,0,0,0,0,0,0,0
580,0,0,0,0,0,0,0,0,0,0,0
581,0,0,0,0,0,0,0,0,0,0,0
582,1,1,1,1,1,1,1,1,1,1,1
583,1,1,1,1,1,1,1,1,1,1,1
584,1,1,1,1,1,1,1,1,1,1,1
585,1,1,1,1,1,1,1,1,1,1,1
586,1,1,1,1,1,1,1,1,1,1,1
587,0,0,0,0,0,0,0,0,0,0,0
588,0,0,0,0,0,0,0,1,1,1,1
589,0,0,0,0,0,0,0,0,0,0,0
590,1,1,1,1,1,1,1,1,1,1,1
591,0,0,0,0,0,0,0,0,0,0,0
592,0,0,0,0,0,0,0,0,0,0,0
593,1,1,1,1,1,1,1,1,1,1,1
594,0,0,0,0,0,0,0,0,0,1,1
595,0,0,0,0,0,0,0,0,0,0,0
596,0,0,0,0,0,0,0,0,0,0,0
597,0,0,0,1,1,1,1,1,1,1,1
598,1,1,1,1,1,1,1,1,1,1,1
599,0,0,0,0,0,0,0,0,0,0,0
600,1,1,1,1,1,1,1,1,1,1,1
601,0,0,0,0,0,0,0,0,0,0,0
602,0,0,0,0,0,0,0,0,0,1,1
603,0,0,0,0,0,0,0,0,0,0,0
604,0,0,0,0,0,0,0,0,0,0,0
605,0,0,0,0,0,0,0,0,0,0,1
606,0,0,0,0,0,0,0,0,0,0,0
607,0,0,0,0,0,0,0,0,0,0,0
608,0,0,0,0,0,0,0,0,0,1,1
609,0,0,0,0,0,0,0,0,0,0,0
610,0,0,0,0,0,0,0,0,0,0,0
611,0,0,0,0,0,0,0,0,0,0,0
612,1,1,1,1,1,1,1,1,1,1,1
613,0,0,0,0,0,0,0,0,0,0,0
614,0,0,0,0,0,0,0,0,0,0,0
615,0,0,0,0,0,0,0,0,0,0,0
616,1,1,1,1,1,1,1,1,1,1,1
617,0,0,0,0,0,0,0,0,0,0,0
618,1,1,1,1,1,1,1,1,1,1,1
619,0,0,0,0,0,0,0,0,0,0,0
620,0,0,0,0,0,0,0,0,0,0,0
621,0,0,0,0,0,0,0,0,0,0,0
622,0,0,0,0,0,0,0,0,0,0,0
623,0,0,0,0,0,0,0,0,0,0,0
624,0,0,0,0,0,0,0,0,0,0,1
625,1,1,1,1,1,1,1,1,1,1,1
626,0,0,0,0,0,0,0,0,0,0,0
627,0,0,0,0,0,0,0,0,0,0,0
628,1,1,1,1,1,1,1,1,1,1,1
629,0,0,0,0,0,0,0,0,0,0,0
630,1,1,1,1,1,1,1,1,1,1,1
631,0,0,0,0,0,0,0,0,0,0,0
632,1,1,1,1,1,1,1,1,1,1,1
633,0,0,0,0,0,0,0,0,0,0,0
634,1,1,1,1,1,1,1,1,1,1,1
635,1,1,1,1,1,1,1,1,1,1,1
636,0,0,0,0,0,0,0,0,0,1,1
637,0,0,0,0,0,0,0,0,0,0,0
638,0,0,0,0,0,0,0,0,0,0,0
639,1,1,1,1,1,1,1,1,1,1,1
640,0,0,0,0,0,0,0,0,0,0,0
641,0,0,0,0,0,0,0,0,0,0,0
642,1,1,1,1,1,1,1,1,1,1,1
643,0,0,0,0,0,0,0,0,0,0,0
644,0,0,0,0,0,0,0,0,0,0,0
645,0,0,0,0,0,0,0,0,0,0,0
646,0,0,1,1,1,1,1,1,1,1,1
647,0,0,0,0,0,0,0,0,0,0,1
648,0,0,0,0,0,0,0,0,0,0,0
649,1,1,1,1,1,1,1,1,1,1,1
650,0,0,0,0,0,0,0,0,0,0,0
651,0,0,1,1,1,1,1,1,1,1,1
652,0,0,0,0,0,0,0,0,0,0,0
653,1,1,1,1,1,1,1,1,1,1,1
654,0,0,0,0,0,0,0,0,0,0,0
655,0,0,0,0,0,0,0,0,0,0,0
656,0,0,0,0,0,0,0,0,0,0,0
657,0,0,0,0,0,0,0,0,0,0,0
658,0,0,0,0,0,0,0,0,0,0,0
659,1,1,1,1,1,1,1,1,1,1,1
660,0,0,0,0,0,0,0,0,0,0,0
661,0,0,0,0,0,0,0,0,0,0,0
662,0,0,0,0,0,0,0,0,0,0,0
663,0,0,0,0,0,0,0,0,0,0,0
664,1,1,1,1,1,1,1,1,1,1,1
665,0,0,0,0,0,0,0,0,1,1,1
666,0,0,0,0,0,0,0,0,0,0,0
667,0,0,0,0,0,0,0,0,0,0,0
668,1,1,1,1,1,1,1,1,1,1,1
669,0,0,0,0,0,0,0,0,0,0,0
670,1,1,1,1,1,1,1,1,1,1,1
671,0,1,1,1,1,1,1,1,1,1,1
672,0,0,0,0,0,0,0,0,0,0,0
673,0,0,0,0,0,0,0,0,0,0,0
674,0,0,0,0,0,0,1,1,1,1,1
675,0,0,0,0,0,0,0,0,0,0,0
676,1,1,1,1,1,1,1,1,1,1,1
677,0,0,0,0,0,0,0,0,0,0,0
678,1,1,1,1,1,1,1,1,1,1,1
679,1,1,1,1,1,1,1,1,1,1,1
680,1,1,1,1,1,1,1,1,1,1,1
681,0,0,0,0,0,0,0,0,1,1,1
682,0,0,0,1,1,1,1,1,1,1,1
683,1,1,1,1,1,1,1,1,1,1,1
684,0,0,0,0,0,0,0,0,0,0,0
685,1,1,1,1,1,1,1,1,1,1,1
686,0,0,0,0,0,0,0,0,0,0,0
687,0,0,0,0,0,0,0,0,0,0,0
688,0,0,0,0,0,0,0,0,0,0,0
689,1,1,1,1,1,1,1,1,1,1,1
690,1,1,1,1,1,1,1,1,1,1,1
691,0,0,0,0,0,0,0,0,0,0,0
692,0,0,0,0,0,0,0,0,0,0,0
693,0,0,0,0,0,0,0,0,0,0,0
694,0,0,0,0,0,0,0,0,0,1,1
695,0,0,0,0,0,0,0,0,0,0,0
696,1,1,1,1,1,1,1,1,1,1,1
697,0,0,0,0,0,0,0,0,0,0,0
698,0,0,0,0,0,0,0,0,0,0,0
699,1,1,1,1,1,1,1,1,1,1,1
700,1,1,1,1,1,1,1,1,1,1,1
701,0,0,0,0,0,0,0,0,0,0,0
702,0,0,0,0,0,0,0,0,0,0,0
703,0,0,0,0,0,0,0,0,0,0,0
704,1,1,1,1,1,1,1,1,1,1,1
705,0,0,0,0,0,0,0,0,0,0,0
706,0,0,0,0,0,0,0,0,0,0,1
707,0,0,0,0,0,0,0,0,0,0,0
708,0,0,0,0,0,0,0,0,0,0,0
709,1,1,1,1,1,1,1,1,1,1,1
710,0,0,0,0,0,0,0,0,0,0,0
711,1,1,1,1,1,1,1,1,1,1,1
712,1,1,1,1,1,1,1,1,1,1,1
713,1,1,1,1,1,1,1,1,1,1,1
714,0,0,0,0,0,0,0,0,0,0,0
715,1,1,1,1,1,1,1,1,1,1,1
716,0,0,0,0,0,0,1,1,1,1,1
717,0,0,0,0,0,0,0,0,0,0,0
718,0,0,0,0,0,0,0,1,1,1,1
719,0,0,0,0,0,0,0,0,0,0,0
720,1,1,1,1,1,1,1,1,1,1,1
721,0,0,0,0,0,0,0,0,0,0,0
722,0,0,0,0,0,0,0,0,0,0,0
723,0,0,0,0,0,0,0,0,0,0,0
724,0,0,0,0,0,0,0,0,0,0,0
725,0,0,0,0,0,0,0,0,0,0,0
726,1,1,1,1,1,1,1,1,1,1,1
727,1,1,1,1,1,1,1,1,1,1,1
728,0,0,0,0,0,0,0,0,0,0,0
729,1,1,1,1,1,1,1,1,1,1,1
730,0,0,0,0,0,0,1,1,1,1,1
731,1,1,1,1,1,1,1,1,1,1,1
732,1,1,1,1,1,1,1,1,1,1,1
733,1,1,1,1,1,1,1,1,1,1,1
734,1,1,1,1,1,1,1,1,1,1,1
735,0,0,0,0,0,0,0,0,0,0,0
736,0,0,0,0,0,0,0,0,0,0,0
737,1,1,1,1,1,1,1,1,1,1,1
738,0,0,0,0,0,0,0,0,0,0,0
739,1,1,1,1,1,1,1,1,1,1,1
740,1,1,1,1,1,1,1,1,1,1,1
741,0,0,0,0,0,0,0,0,0,0,0
742,0,0,0,0,0,0,0,0,0,0,0
743,0,0,0,0,0,0,0,1,1,1,1
744,0,0,0,0,0,0,0,0,0,0,0
745,1,1,1,1,1,1,1,1,1,1,1
746,0,0,0,0,0,0,0,0,0,0,0
747,0,0,0,0,0,0,0,0,0,0,0
748,0,0,0,0,0,0,0,0,0,0,0
749,1,1,1,1,1,1,1,1,1,1,1
750,1,1,1,1,1,1,1,1,1,1,1
751,0,0,0,0,0,0,0,0,0,0,0
752,0,0,0,0,0,0,0,0,0,0,0
753,0,0,0,0,0,0,0,0,0,0,0
754,0,0,0,0,0,0,0,0,0,0,0
755,1,1,1,1,1,1,1,1,1,1,1
756,0,0,0,0,0,0,0,0,0,0,0
757,0,0,0,0,0,0,0,0,0,0,0
758,0,0,0,0,0,0,0,0,0,0,0
759,0,0,0,0,0,0,0,0,0,0,0
760,0,0,0,0,0,0,0,0,0,0,0
761,1,1,1,1,1,1,1,1,1,1,1
762,0,0,0,0,0,0,0,0,0,0,0
763,1,1,1,1,1,1,1,1,1,1,1
764,0,0,0,0,0,0,0,0,0,0,0
765,1,1,1,1,1,1,1,1,1,1,1
766,0,0,0,0,0,0,0,0,0,0,0
767,0,0,0,0,0,0,0,0,0,0,0
768,0,0,0,0,0,0,0,0,0,1,1
769,1,1,1,1,1,1,1,1,1,1,1
770,0,0,0,0,0,0,0,0,0,0,0
771,0,0,0,0,0,0,0,0,0,0,0
772,0,0,0,0,0,0,0,0,0,0,0
773,0,0,0,0,0,0,0,0,0,0,0
774,1,1,1,1,1,1,1,1,1,1,1
775,0,0,0,0,0,0,0,0,0,0,0
776,0,0,0,0,0,0,0,0,0,0,0
777,0,0,0,0,0,0,0,0,0,0,0
778,0,0,0,0,0,0,0,0,0,0,0
779,0,0,0,0,0,0,0,0,0,0,0
780,1,1,1,1,1,1,1,1,1,1,1
781,0,0,0,0,0,0,0,0,0,0,0
782,0,0,0,0,0,0,0,0,0,0,0
783,0,0,0,0,0,0,0,0,0,0,0
784,0,0,0,0,0,0,0,0,0,0,0
785,0,0,0,0,0,0,0,0,0,0,0
786,0,0,0,0,0,0,0,0,0,0,0
787,0,0,0,0,0,0,0,0,0,0,0
788,0,1,1,1,1,1,1,1,1,1,1
789,1,1,1,1,1,1,1,1,1,1,1
790,1,1,1,1,1,1,1,1,1,1,1
791,1,1,1,1,1,1,1,1,1,1,1
792,0,0,0,0,0,0,0,0,0,0,0
793,0,0,0,0,0,0,0,0,0,0,0
794,0,0,0,0,0,0,0,0,0,0,0
795,0,0,0,0,0,0,0,0,0,0,0
796,0,0,0,0,0,0,0,0,0,0,0
797,0,0,0,0,0,0,0,0,0,0,0
798,0,0,0,0,0,0,0,0,0,0,0
799,0,0,0,0,0,0,0,0,0,0,1
800,0,0,0,0,0,0,0,0,0,0,0
801,0,0,0,0,0,0,0,0,0,0,0
802,0,0,0,0,0,0,0,0,0,0,0
803,1,1,1,1,1,1,1,1,1,1,1
804,0,0,0,0,0,0,0,0,0,0,0
805,0,0,0,0,0,0,0,0,0,0,0
806,1,1,1,1,1,1,1,1,1,1,1
807,1,1,1,1,1,1,1,1,1,1,1
808,1,1,1,1,1,1,1,1,1,1,1
809,1,1,1,1,1,1,1,1,1,1,1
810,0,0,0,0,0,0,0,0,0,0,0
811,1,1,1,1,1,1,1,1,1,1,1
812,1,1,1,1,1,1,1,1,1,1,1
813,1,1,1,1,1,1,1,1,1,1,1
814,0,0,0,0,0,0,0,0,0,0,0
815,0,0,0,0,0,0,0,0,0,0,0
816,1,1,1,1,1,1,1,1,1,1,1
817,1,1,1,1,1,1,1,1,1,1,1
818,1,1,1,1,1,1,1,1,1,1,1
819,0,0,0,0,0,0,0,0,0,0,0
820,1,1,1,1,1,1,1,1,1,1,1
821,1,1,1,1,1,1,1,1,1,1,1
822,1,1,1,1,1,1,1,1,1,1,1
823,0,0,0,0,0,0,0,0,0,0,0
824,0,0,0,0,0,0,0,0,0,0,0
825,0,0,0,0,0,0,0,0,0,0,0
826,0,0,0,0,0,0,0,0,0,0,0
827,0,0,0,0,0,0,0,0,0,0,0
828,0,0,0,0,0,0,0,0,0,0,0
829,1,1,1,1,1,1,1,1,1,1,1
830,0,0,0,0,0,0,0,0,0,0,0
831,0,0,0,0,0,0,0,0,0,0,0
832,1,1,1,1,1,1,1,1,1,1,1
833,0,0,0,0,0,0,0,0,0,0,0
834,0,0,0,0,0,0,0,0,0,0,0
835,0,0,0,0,0,0,0,0,0,0,0
836,1,1,1,1,1,1,1,1,1,1,1
837,0,0,0,0,0,0,0,0,0,0,0
838,0,0,0,0,0,0,0,0,0,0,0
839,0,0,0,0,0,0,0,0,0,0,1
840,0,0,0,0,0,0,0,0,0,0,0
841,0,0,0,0,0,0,0,0,0,0,0
842,1,1,1,1,1,1,1,1,1,1,1
843,0,0,0,0,0,0,0,0,0,0,1
844,1,1,1,1,1,1,1,1,1,1,1
845,0,0,0,0,0,0,0,0,0,0,0
846,0,0,0,0,0,0,0,0,0,0,0
847,0,0,0,0,0,0,0,0,0,1,1
848,0,0,0,0,0,0,0,0,0,0,0
849,1,1,1,1,1,1,1,1,1,1,1
850,0,0,0,0,0,0,0,0,0,0,0
851,0,0,1,1,1,1,1,1,1,1,1
852,0,0,0,0,0,0,0,0,0,0,0
853,0,0,0,0,0,0,0,0,0,0,0
854,0,0,0,0,0,0,0,0,0,0,0
855,1,1,1,1,1,1,1,1,1,1,1
856,0,0,0,0,0,0,0,0,0,0,1
857,0,0,0,0,0,0,0,0,0,1,1
858,0,0,0,0,0,0,0,0,0,0,0
859,0,0,0,0,0,0,0,0,0,0,0
860,1,1,1,1,1,1,1,1,1,1,1
861,1,1,1,1,1,1,1,1,1,1,1
862,0,0,0,0,0,0,0,0,0,0,0
863,0,0,0,0,0,0,0,0,0,1,1
864,0,0,0,0,0,0,0,0,0,0,0
865,1,1,1,1,1,1,1,1,1,1,1
866,1,1,1,1,1,1,1,1,1,1,1
867,1,1,1,1,1,1,1,1,1,1,1
868,1,1,1,1,1,1,1,1,1,1,1
869,1,1,1,1,1,1,1,1,1,1,1
870,1,1,1,1,1,1,1,1,1,1,1
871,0,0,0,0,0,0,0,0,0,0,0
872,1,1,1,1,1,1,1,1,1,1,1
873,1,1,1,1,1,1,1,1,1,1,1
874,1,1,1,1,1,1,1,1,1,1,1
875,0,0,0,0,0,0,0,0,0,0,0
876,0,0,0,0,0,0,0,0,0,0,0
877,1,1,1,1,1,1,1,1,1,1,1
878,0,0,0,0,0,0,0,0,0,0,1
879,1,1,1,1,1,1,1,1,1,1,1
880,0,0,0,0,0,0,0,0,0,0,0
881,1,1,1,1,1,1,1,1,1,1,1
882,0,0,0,0,0,0,0,0,0,0,0
883,0,0,0,0,0,0,0,0,0,0,0
884,0,0,0,0,0,0,0,0,0,0,0
885,0,0,0,0,0,0,0,0,0,0,0
886,1,1,1,1,1,1,1,1,1,1,1
887,1,1,1,1,1,1,1,1,1,1,1
888,1,1,1,1,1,1,1,1,1,1,1
889,1,1,1,1,1,1,1,1,1,1,1
890,0,0,0,0,0,0,0,0,0,0,0
891,0,0,0,0,0,0,0,0,0,0,0
892,0,0,0,0,0,0,0,0,0,0,0
893,1,1,1,1,1,1,1,1,1,1,1
894,0,0,1,1,1,1,1,1,1,1,1
895,1,1,1,1,1,1,1,1,1,1,1
896,0,0,0,0,0,0,0,0,0,0,0
897,1,1,1,1,1,1,1,1,1,1,1
898,0,0,0,0,0,0,0,0,0,0,0
899,1,1,1,1,1,1,1,1,1,1,1
900,1,1,1,1,1,1,1,1,1,1,1
901,0,0,0,0,0,0,0,0,0,0,0
902,0,0,0,0,0,0,0,0,0,0,0
903,0,0,0,0,0,0,0,0,0,0,0
904,1,1,1,1,1,1,1,1,1,1,1
905,1,1,1,1,1,1,1,1,1,1,1
906,0,0,0,0,0,0,0,0,0,0,0
907,0,0,0,0,0,0,0,0,0,0,0
908,0,0,0,0,0,0,0,0,0,0,0
909,0,0,0,0,0,0,0,0,0,0,0
910,0,0,0,0,0,0,0,0,0,0,0
911,0,0,0,0,0,0,0,0,0,0,0
912,0,0,0,0,0,0,0,0,0,0,0
913,1,1,1,1,1,1,1,1,1,1,1
914,0,0,0,0,0,0,0,0,0,0,0
915,0,0,0,0,0,0,0,0,0,0,0
916,1,1,1,1,1,1,1,1,1,1,1
917,0,0,0,0,0,0,0,0,0,0,0
918,0,0,0,0,0,0,0,0,0,0,0
919,1,1,1,1,1,1,1,1,1,1,1
920,0,0,0,0,0,0,0,0,0,0,0
921,0,0,0,0,0,0,0,0,0,1,1
922,1,1,1,1,1,1,1,1,1,1,1
923,0,0,0,0,0,0,0,0,0,1,1
924,0,0,0,0,0,0,0,0,0,0,0
925,0,0,0,0,0,0,0,0,0,0,0
926,0,0,0,0,0,0,0,0,0,0,0
927,1,1,1,1,1,1,1,1,1,1,1
928,0,0,0,0,0,0,0,0,0,0,0
929,0,0,0,0,0,0,0,0,0,0,0
930,0,0,0,0,0,0,0,0,0,0,1
931,1,1,1,1,1,1,1,1,1,1,1
932,0,0,0,0,0,0,0,0,0,0,0
933,0,0,0,0,0,0,0,0,0,0,0
934,0,0,0,0,0,0,0,0,0,0,0
935,0,0,0,0,0,0,0,0,0,0,0
936,0,0,0,0,0,0,0,0,0,0,0
937,1,1,1,1,1,1,1,1,1,1,1
938,1,1,1,1,1,1,1,1,1,1,1
939,0,0,0,0,0,0,0,0,0,0,0
940,1,1,1,1,1,1,1,1,1,1,1
941,1,1,1,1,1,1,1,1,1,1,1
942,0,0,0,0,0,0,0,0,0,0,0
943,0,0,0,0,0,0,0,0,0,0,0
944,0,1,1,1,1,1,1,1,1,1,1
945,0,0,0,0,0,0,0,0,0,0,0
946,1,1,1,1,1,1,1,1,1,1,1
947,0,0,0,0,0,0,0,0,0,0,0
948,1,1,1,1,1,1,1,1,1,1,1
949,1,1,1,1,1,1,1,1,1,1,1
950,1,1,1,1,1,1,1,1,1,1,1
951,0,0,0,0,0,0,0,0,0,0,0
952,0,0,0,0,0,0,0,0,0,0,0
953,0,0,0,1,1,1,1,1,1,1,1
954,0,0,0,0,0,0,0,0,0,0,0
955,1,1,1,1,1,1,1,1,1,1,1
956,1,1,1,1,1,1,1,1,1,1,1
957,1,1,1,1,1,1,1,1,1,1,1
958,0,0,0,0,0,0,0,0,0,0,0
959,1,1,1,1,1,1,1,1,1,1,1
960,1,1,1,1,1,1,1,1,1,1,1
961,0,0,0,0,0,0,0,0,0,0,0
962,0,0,0,0,0,1,1,1,1,1,1
963,0,0,0,0,0,0,0,0,0,0,1
964,1,1,1,1,1,1,1,1,1,1,1
965,1,1,1,1,1,1,1,1,1,1,1
966,1,1,1,1,1,1,1,1,1,1,1
967,0,0,0,0,0,0,0,0,0,0,0
968,1,1,1,1,1,1,1,1,1,1,1
969,0,0,0,0,0,0,0,0,0,0,0
970,0,0,0,0,0,0,0,0,0,0,0
971,1,1,1,1,1,1,1,1,1,1,1
972,1,1,1,1,1,1,1,1,1,1,1
973,1,1,1,1,1,1,1,1,1,1,1
974,0,0,0,0,0,0,0,0,0,0,0
975,0,0,0,0,0,0,0,0,0,0,0
976,0,0,0,0,0,0,0,0,0,0,0
977,0,0,0,0,0,0,0,0,0,0,0
978,0,0,0,0,0,0,0,0,0,0,0
979,1,1,1,1,1,1,1,1,1,1,1
980,0,0,0,0,0,0,0,0,0,0,0
981,0,0,0,0,0,0,0,0,0,0,0
982,0,0,0,0,0,0,0,0,0,0,0
983,0,0,0,0,0,0,0,0,0,0,0
984,1,1,1,1,1,1,1,1,1,1,1
985,0,0,0,0,0,0,0,0,0,0,0
986,0,0,0,0,0,0,0,0,0,0,0
987,1,1,1,1,1,1,1,1,1,1,1
988,0,0,0,0,0,0,0,0,0,0,0
989,0,0,0,0,0,0,0,0,0,0,0
990,1,1,1,1,1,1,1,1,1,1,1
991,0,0,0,0,0,0,0,0,0,0,0
992,0,0,0,0,0,0,0,0,0,0,0
993,1,1,1,1,1,1,1,1,1,1,1
994,0,0,1,1,1,1,1,1,1,1,1
995,1,1,1,1,1,1,1,1,1,1,1
996,0,0,0,0,0,0,0,0,0,0,0
997,0,0,0,0,0,0,0,0,0,0,0
998,0,0,0,0,0,0,0,0,0,0,0
999,0,0,0,0,0,0,0,0,1,1,1
