,0,1
0,2,2
1,3,3
2,5,5
3,9,9
4,0,0
5,6,6
6,1,1
7,2,2
8,1,1
9,8,8
10,2,2
11,9,9
12,7,7
13,4,4
14,1,1
15,8,8
16,6,6
17,2,2
18,4,4
19,8,8
20,5,5
21,3,3
22,8,8
23,9,9
24,1,1
25,6,6
26,0,0
27,7,7
28,8,8
29,9,9
30,1,1
31,2,2
32,4,4
33,8,8
34,2,2
35,9,9
36,4,4
37,3,3
38,0,0
39,4,4
40,1,1
41,2,2
42,0,0
43,8,8
44,1,1
45,0,0
46,2,2
47,2,2
48,7,7
49,2,2
50,7,7
51,3,3
52,0,0
53,9,9
54,0,0
55,2,2
56,3,3
57,8,8
58,5,5
59,9,9
60,5,5
61,9,9
62,4,4
63,3,3
64,5,5
65,9,9
66,4,4
67,9,9
68,7,7
69,7,7
70,1,1
71,8,8
72,1,1
73,4,4
74,7,7
75,3,3
76,7,7
77,9,9
78,9,9
79,8,8
80,7,7
81,2,2
82,6,6
83,4,4
84,0,0
85,2,2
86,7,7
87,8,8
88,3,3
89,8,8
90,4,4
91,8,8
92,5,5
93,4,4
94,2,2
95,3,3
96,8,8
97,2,2
98,7,7
99,9,1
100,0,0
101,8,8
102,1,1
103,8,8
104,1,1
105,9,9
106,4,4
107,2,2
108,3,3
109,4,4
110,5,5
111,7,7
112,1,1
113,9,9
114,3,3
115,8,8
116,0,0
117,6,6
118,3,3
119,3,3
120,7,7
121,3,3
122,6,6
123,8,8
124,1,1
125,2,2
126,4,4
127,8,8
128,1,1
129,4,4
130,7,7
131,8,8
132,1,1
133,0,0
134,5,5
135,2,2
136,7,7
137,9,9
138,7,7
139,8,8
140,8,8
141,9,9
142,0,0
143,5,5
144,7,7
145,9,9
146,2,2
147,4,4
148,8,8
149,7,7
150,1,1
151,4,4
152,1,1
153,8,8
154,0,0
155,4,4
156,3,3
157,2,2
158,5,5
159,6,6
160,0,0
161,2,2
162,0,0
163,9,9
164,5,5
165,4,4
166,8,8
167,8,8
168,8,8
169,2,2
170,0,0
171,6,6
172,0,0
173,9,9
174,1,1
175,9,9
176,0,0
177,9,9
178,3,3
179,2,2
180,1,1
181,2,2
182,7,7
183,8,8
184,1,1
185,8,8
186,4,4
187,6,6
188,5,5
189,4,4
190,4,4
191,9,9
192,3,3
193,8,8
194,5,5
195,8,8
196,5,5
197,2,2
198,7,7
199,6,6
200,1,1
201,9,9
202,2,2
203,2,2
204,4,4
205,9,9
206,3,3
207,8,8
208,1,1
209,3,3
210,7,7
211,1,1
212,1,1
213,6,6
214,0,0
215,7,7
216,7,7
217,0,0
218,4,4
219,2,2
220,6,6
221,4,4
222,5,5
223,8,8
224,2,2
225,2,2
226,0,0
227,8,8
228,7,7
229,3,3
230,8,8
231,1,1
232,4,4
233,6,6
234,3,3
235,2,2
236,2,2
237,0,0
238,4,4
239,2,2
240,1,1
241,5,5
242,7,7
243,8,8
244,7,7
245,2,2
246,7,7
247,8,8
248,1,1
249,3,3
250,5,5
251,1,1
252,6,6
253,6,6
254,7,7
255,2,2
256,9,9
257,8,8
258,8,8
259,2,2
260,5,5
261,4,4
262,4,4
263,8,8
264,5,5
265,2,2
266,7,7
267,0,0
268,8,8
269,9,9
270,1,1
271,0,0
272,0,0
273,2,2
274,9,9
275,0,0
276,1,1
277,6,6
278,4,4
279,2,2
280,0,0
281,7,7
282,5,5
283,3,3
284,7,7
285,0,0
286,4,4
287,9,9
288,0,0
289,0,0
290,9,9
291,2,2
292,0,0
293,3,3
294,5,5
295,2,2
296,3,3
297,8,8
298,7,7
299,4,4
300,9,9
301,8,8
302,4,4
303,3,3
304,0,0
305,8,8
306,3,3
307,8,8
308,6,6
309,9,9
310,1,1
311,4,4
312,7,7
313,8,8
314,5,5
315,9,9
316,7,7
317,6,6
318,9,9
319,8,8
320,3,3
321,2,2
322,5,5
323,4,4
324,0,0
325,6,6
326,3,3
327,2,2
328,2,2
329,8,8
330,7,7
331,4,4
332,7,7
333,7,7
334,5,5
335,8,8
336,0,0
337,8,8
338,0,0
339,6,6
340,0,0
341,2,2
342,0,0
343,2,2
344,5,5
345,9,9
346,2,2
347,6,6
348,2,2
349,8,8
350,0,0
351,9,9
352,7,7
353,8,8
354,0,0
355,9,9
356,7,7
357,9,9
358,1,1
359,3,3
360,1,1
361,2,2
362,0,0
363,8,8
364,0,0
365,6,6
366,1,1
367,4,4
368,1,1
369,0,0
370,1,1
371,8,8
372,0,0
373,8,8
374,0,0
375,6,6
376,7,7
377,8,8
378,6,6
379,8,8
380,5,5
381,6,6
382,1,1
383,8,8
384,0,0
385,6,6
386,7,7
387,8,8
388,1,1
389,8,8
390,6,6
391,6,6
392,7,7
393,2,2
394,1,1
395,4,4
396,2,2
397,9,9
398,1,1
399,3,3
400,6,6
401,4,4
402,0,0
403,2,2
404,7,7
405,2,2
406,1,1
407,2,2
408,1,1
409,8,8
410,6,6
411,8,8
412,1,1
413,8,8
414,4,4
415,2,2
416,9,9
417,9,9
418,9,9
419,8,8
420,2,2
421,4,4
422,8,8
423,8,8
424,5,5
425,2,2
426,0,0
427,3,3
428,0,0
429,3,3
430,4,4
431,4,4
432,6,6
433,2,2
434,5,5
435,3,3
436,0,0
437,9,9
438,5,5
439,2,2
440,3,3
441,8,8
442,0,0
443,9,9
444,1,1
445,2,2
446,5,5
447,9,9
448,6,6
449,4,4
450,1,1
451,4,4
452,7,7
453,3,3
454,1,1
455,9,9
456,2,2
457,6,6
458,3,3
459,0,0
460,5,5
461,5,5
462,3,3
463,9,9
464,3,3
465,4,4
466,9,9
467,8,8
468,5,5
469,2,2
470,1,1
471,8,8
472,1,1
473,3,3
474,2,2
475,9,9
476,5,5
477,6,6
478,0,0
479,7,7
480,2,2
481,8,8
482,0,0
483,8,8
484,1,1
485,2,2
486,7,7
487,8,8
488,5,5
489,3,3
490,7,7
491,9,9
492,9,9
493,6,6
494,3,3
495,7,7
496,2,2
497,8,8
498,4,4
499,2,2
500,0,0
501,9,9
502,1,1
503,9,9
504,7,7
505,8,8
506,5,5
507,9,9
508,9,9
509,8,8
510,9,9
511,9,9
512,0,0
513,9,9
514,7,7
515,6,6
516,5,5
517,2,2
518,8,8
519,3,3
520,0,0
521,8,8
522,8,8
523,9,9
524,3,3
525,8,8
526,3,3
527,8,8
528,4,4
529,8,8
530,6,6
531,5,5
532,7,7
533,9,9
534,4,4
535,9,9
536,4,4
537,9,9
538,9,9
539,2,2
540,1,1
541,8,8
542,2,2
543,9,9
544,7,7
545,2,2
546,7,7
547,4,4
548,6,6
549,2,2
550,0,0
551,6,6
552,1,1
553,9,9
554,7,7
555,6,6
556,1,1
557,2,2
558,1,1
559,2,2
560,9,9
561,2,2
562,0,0
563,6,6
564,0,0
565,4,4
566,0,0
567,8,8
568,6,6
569,8,8
570,6,6
571,2,2
572,1,1
573,9,9
574,1,1
575,2,2
576,0,0
577,3,3
578,4,4
579,9,9
580,0,0
581,2,2
582,7,7
583,9,9
584,4,4
585,8,8
586,8,8
587,9,9
588,9,9
589,8,8
590,0,0
591,6,6
592,5,5
593,9,9
594,7,7
595,8,8
596,3,3
597,4,4
598,4,4
599,8,8
600,0,0
601,8,8
602,7,7
603,3,3
604,1,1
605,9,9
606,5,5
607,4,4
608,5,5
609,9,9
610,5,5
611,9,9
612,3,3
613,2,2
614,8,8
615,2,2
616,5,5
617,8,8
618,1,1
619,6,6
620,7,7
621,8,8
622,3,3
623,4,4
624,8,8
625,2,2
626,8,8
627,4,4
628,7,7
629,2,2
630,1,1
631,9,9
632,0,0
633,3,3
634,1,1
635,6,6
636,8,8
637,9,9
638,1,1
639,3,3
640,5,5
641,9,9
642,6,6
643,2,2
644,9,9
645,2,2
646,9,9
647,9,9
648,9,9
649,4,4
650,1,1
651,8,8
652,2,2
653,2,2
654,0,0
655,8,8
656,4,4
657,6,6
658,4,4
659,2,2
660,4,4
661,9,9
662,3,3
663,8,8
664,0,0
665,4,4
666,4,4
667,6,6
668,7,7
669,3,3
670,3,3
671,9,9
672,4,4
673,6,6
674,1,1
675,7,7
676,1,1
677,0,0
678,1,1
679,2,2
680,8,8
681,4,4
682,5,5
683,8,8
684,6,6
685,2,2
686,0,0
687,0,0
688,1,1
689,3,3
690,7,7
691,9,9
692,5,5
693,6,6
694,1,1
695,2,2
696,9,9
697,8,8
698,9,9
699,2,2
700,8,8
701,4,4
702,3,3
703,8,8
704,5,5
705,9,9
706,5,5
707,8,8
708,1,1
709,3,3
710,1,1
711,9,9
712,2,2
713,6,6
714,6,6
715,2,2
716,6,6
717,8,8
718,5,5
719,7,7
720,1,1
721,4,4
722,7,7
723,8,8
724,0,0
725,9,9
726,7,7
727,8,8
728,8,8
729,5,5
730,0,0
731,2,2
732,6,6
733,3,3
734,7,7
735,4,4
736,7,7
737,4,4
738,1,1
739,4,4
740,2,2
741,0,0
742,5,5
743,3,3
744,0,0
745,3,3
746,1,1
747,9,9
748,7,7
749,8,8
750,0,0
751,2,2
752,7,7
753,8,8
754,0,0
755,8,8
756,2,2
757,2,2
758,2,2
759,4,4
760,7,7
761,2,2
762,4,4
763,0,0
764,5,5
765,9,9
766,2,2
767,7,7
768,7,7
769,2,2
770,5,5
771,2,2
772,8,8
773,8,8
774,6,6
775,9,9
776,4,4
777,2,2
778,0,0
779,9,9
780,1,1
781,3,3
782,0,0
783,9,9
784,2,2
785,4,4
786,0,0
787,3,3
788,2,2
789,2,2
790,3,3
791,2,2
792,7,7
793,0,0
794,4,4
795,8,8
796,2,2
797,8,8
798,0,0
799,2,2
800,0,0
801,5,5
802,4,4
803,8,8
804,5,5
805,2,2
806,0,0
807,9,9
808,1,1
809,9,9
810,4,4
811,2,2
812,0,0
813,6,6
814,6,6
815,2,2
816,4,4
817,2,2
818,3,3
819,8,8
820,5,5
821,9,9
822,1,1
823,2,2
824,0,0
825,3,3
826,5,5
827,8,8
828,5,5
829,4,4
830,7,7
831,2,2
832,2,2
833,9,9
834,0,0
835,9,9
836,7,7
837,2,2
838,1,1
839,8,8
840,7,7
841,4,4
842,5,5
843,9,9
844,2,2
845,2,2
846,7,7
847,8,8
848,5,5
849,3,3
850,4,4
851,5,5
852,4,4
853,8,8
854,0,0
855,8,8
856,7,7
857,2,2
858,9,9
859,3,3
860,3,3
861,2,2
862,6,6
863,5,5
864,1,1
865,2,2
866,7,7
867,2,2
868,0,0
869,3,3
870,1,1
871,9,9
872,3,3
873,6,6
874,7,7
875,7,7
876,1,1
877,5,5
878,1,1
879,9,9
880,8,8
881,4,4
882,5,5
883,8,8
884,9,9
885,2,2
886,7,7
887,8,8
888,0,0
889,3,3
890,7,7
891,9,9
892,1,1
893,6,6
894,8,8
895,7,7
896,8,8
897,5,5
898,0,0
899,9,9
900,0,0
901,4,4
902,3,3
903,8,8
904,0,0
905,9,9
906,5,5
907,6,6
908,5,5
909,7,7
910,5,5
911,8,8
912,2,2
913,2,2
914,5,5
915,9,9
916,4,4
917,6,6
918,9,9
919,9,9
920,1,1
921,9,9
922,1,1
923,2,2
924,7,7
925,2,2
926,5,5
927,3,3
928,8,8
929,8,8
930,8,8
931,6,6
932,5,5
933,8,8
934,8,8
935,9,9
936,0,0
937,8,8
938,9,9
939,9,9
940,5,5
941,9,9
942,8,8
943,6,6
944,4,4
945,8,8
946,2,2
947,9,9
948,9,9
949,3,3
950,8,8
951,9,9
952,2,2
953,0,0
954,8,8
955,4,4
956,7,7
957,2,2
958,4,4
959,9,9
960,7,7
961,9,9
962,8,8
963,2,2
964,2,2
965,3,3
966,4,4
967,8,8
968,0,0
969,8,8
970,7,7
971,8,8
972,2,2
973,4,4
974,7,7
975,7,7
976,2,2
977,4,4
978,1,1
979,2,2
980,0,0
981,8,8
982,1,1
983,7,7
984,3,3
985,9,9
986,5,5
987,8,8
988,5,5
989,6,6
990,5,5
991,0,0
992,7,7
993,9,9
994,0,0
995,8,8
996,4,4
997,3,3
998,7,7
999,9,9
1000,2,2
1001,8,8
1002,1,1
1003,9,9
1004,0,0
1005,8,8
1006,0,0
1007,0,0
1008,0,0
1009,9,9
1010,6,6
1011,6,6
1012,1,1
1013,9,9
1014,0,0
1015,3,3
1016,2,2
1017,9,9
1018,3,3
1019,8,8
1020,4,4
1021,2,2
1022,8,8
1023,8,8
1024,5,5
1025,9,9
1026,2,2
1027,8,8
1028,3,3
1029,3,3
1030,4,4
1031,9,9
1032,2,2
1033,6,6
1034,6,6
1035,2,2
1036,8,8
1037,8,8
1038,5,5
1039,2,2
1040,3,3
1041,4,4
1042,0,0
1043,8,8
1044,1,1
1045,2,2
1046,5,5
1047,6,6
1048,6,6
1049,3,3
1050,5,5
1051,9,9
1052,1,1
1053,6,6
1054,8,8
1055,2,2
1056,0,0
1057,8,8
1058,7,7
1059,9,9
1060,1,1
1061,8,8
1062,2,2
1063,2,2
1064,7,7
1065,9,9
1066,8,8
1067,2,2
1068,7,7
1069,9,9
1070,1,1
1071,2,2
1072,0,0
1073,8,8
1074,6,6
1075,5,5
1076,7,7
1077,2,2
1078,3,3
1079,9,9
1080,9,9
1081,9,9
1082,8,8
1083,5,5
1084,1,1
1085,9,9
1086,7,7
1087,4,4
1088,9,9
1089,9,9
1090,3,3
1091,4,4
1092,4,4
1093,3,3
1094,0,0
1095,9,9
1096,6,6
1097,6,6
1098,0,0
1099,8,8
1100,1,1
1101,2,2
1102,3,3
1103,8,8
1104,7,7
1105,2,2
1106,9,9
1107,3,3
1108,7,7
1109,2,2
1110,0,0
1111,9,9
1112,0,0
1113,4,4
1114,0,0
1115,9,9
1116,5,5
1117,9,9
1118,1,1
1119,2,2
1120,1,1
1121,6,6
1122,0,0
1123,9,9
1124,6,6
1125,8,8
1126,8,8
1127,5,5
1128,3,3
1129,6,6
1130,7,7
1131,9,9
1132,1,1
1133,8,8
1134,6,6
1135,9,9
1136,4,4
1137,2,2
1138,0,0
1139,4,4
1140,5,5
1141,7,7
1142,0,0
1143,7,7
1144,7,7
1145,7,7
1146,4,4
1147,8,8
1148,9,9
1149,1,1
1150,7,7
1151,2,2
1152,3,3
1153,8,8
1154,8,8
1155,9,9
1156,0,0
1157,8,8
1158,7,7
1159,4,4
1160,5,5
1161,8,8
1162,7,7
1163,8,8
1164,0,0
1165,9,9
1166,0,0
1167,8,8
1168,2,2
1169,8,8
1170,7,7
1171,8,8
1172,5,5
1173,8,8
1174,1,1
1175,6,6
1176,5,5
1177,0,0
1178,1,1
1179,3,3
1180,0,0
1181,9,9
1182,1,1
1183,6,6
1184,4,4
1185,6,6
1186,0,0
1187,5,5
1188,6,6
1189,4,4
1190,5,5
1191,8,8
1192,1,1
1193,2,2
1194,5,5
1195,2,2
1196,5,5
1197,9,9
1198,5,5
1199,6,6
1200,1,1
1201,2,2
1202,4,4
1203,8,8
1204,4,4
1205,8,8
1206,7,7
1207,2,2
1208,0,0
1209,3,3
1210,7,7
1211,9,9
1212,5,5
1213,4,4
1214,2,2
1215,5,5
1216,0,0
1217,8,8
1218,7,7
1219,2,2
1220,5,5
1221,0,0
1222,7,7
1223,8,8
1224,4,4
1225,0,0
1226,7,7
1227,8,8
1228,4,4
1229,8,8
1230,1,1
1231,0,0
1232,0,0
1233,2,2
1234,1,1
1235,8,8
1236,7,7
1237,2,2
1238,1,1
1239,8,8
1240,1,1
1241,6,6
1242,1,1
1243,1,1
1244,2,2
1245,2,2
1246,6,6
1247,2,2
1248,5,5
1249,6,6
1250,8,8
1251,0,0
1252,1,1
1253,5,5
1254,7,7
1255,6,6
1256,0,0
1257,4,4
1258,5,5
1259,9,9
1260,5,5
1261,0,0
1262,6,6
1263,2,2
1264,6,6
1265,2,2
1266,4,4
1267,2,2
1268,2,2
1269,4,4
1270,1,1
1271,2,2
1272,5,5
1273,5,5
1274,8,8
1275,8,8
1276,3,3
1277,9,9
1278,4,4
1279,2,2
1280,8,8
1281,0,0
1282,7,7
1283,9,9
1284,8,8
1285,8,8
1286,0,0
1287,9,9
1288,0,0
1289,2,2
1290,7,7
1291,8,8
1292,8,8
1293,1,1
1294,2,2
1295,6,6
1296,2,2
1297,4,4
1298,2,2
1299,6,6
1300,8,8
1301,6,6
1302,8,8
1303,4,4
1304,3,3
1305,0,0
1306,0,0
1307,8,8
1308,5,5
1309,4,4
1310,3,3
1311,8,8
1312,7,7
1313,2,2
1314,5,5
1315,2,2
1316,8,8
1317,6,6
1318,4,4
1319,2,2
1320,7,7
1321,9,9
1322,0,0
1323,4,4
1324,2,2
1325,9,9
1326,0,0
1327,4,4
1328,0,0
1329,2,2
1330,9,9
1331,9,9
1332,8,8
1333,8,8
1334,1,1
1335,8,8
1336,7,7
1337,4,4
1338,0,0
1339,2,2
1340,7,7
1341,6,6
1342,1,1
1343,0,0
1344,7,7
1345,8,8
1346,3,3
1347,8,8
1348,1,1
1349,2,2
1350,1,1
1351,6,6
1352,7,7
1353,8,8
1354,1,1
1355,8,8
1356,7,7
1357,2,2
1358,4,4
1359,2,2
1360,5,5
1361,5,5
1362,7,7
1363,3,3
1364,7,7
1365,9,9
1366,5,5
1367,3,3
1368,3,3
1369,9,9
1370,0,0
1371,3,3
1372,3,3
1373,8,8
1374,1,1
1375,9,9
1376,5,5
1377,2,2
1378,7,7
1379,0,0
1380,5,5
1381,8,8
1382,5,5
1383,8,8
1384,2,2
1385,6,6
1386,3,3
1387,2,2
1388,2,2
1389,4,4
1390,1,1
1391,6,6
1392,8,8
1393,4,4
1394,1,1
1395,6,6
1396,0,0
1397,6,6
1398,4,4
1399,0,0
1400,0,0
1401,0,0
1402,5,5
1403,3,3
1404,4,4
1405,9,9
1406,7,7
1407,6,6
1408,5,5
1409,7,7
1410,8,8
1411,9,9
1412,0,0
1413,2,2
1414,5,5
1415,4,4
1416,5,5
1417,8,8
1418,4,4
1419,2,2
1420,7,7
1421,8,8
1422,8,8
1423,8,8
1424,5,5
1425,9,9
1426,0,0
1427,6,6
1428,7,7
1429,2,2
1430,2,2
1431,8,8
1432,7,7
1433,9,9
1434,2,2
1435,4,4
1436,2,2
1437,8,8
1438,6,6
1439,2,2
1440,5,5
1441,8,8
1442,2,2
1443,3,3
1444,4,4
1445,9,9
1446,5,5
1447,5,5
1448,5,5
1449,7,7
1450,1,1
1451,8,8
1452,1,1
1453,2,2
1454,7,7
1455,9,9
1456,4,4
1457,2,2
1458,1,1
1459,8,8
1460,5,5
1461,9,9
1462,5,5
1463,9,9
1464,2,2
1465,8,8
1466,5,5
1467,9,9
1468,2,2
1469,2,2
1470,7,7
1471,3,3
1472,1,1
1473,9,9
1474,7,7
1475,2,2
1476,1,1
1477,9,9
1478,6,6
1479,3,3
1480,8,8
1481,9,9
1482,2,2
1483,9,9
1484,2,2
1485,9,9
1486,7,7
1487,8,8
1488,4,4
1489,3,3
1490,7,7
1491,8,8
1492,1,1
1493,4,4
1494,5,5
1495,3,3
1496,9,9
1497,9,9
1498,0,0
1499,8,8
1500,0,0
1501,3,3
1502,3,3
1503,4,4
1504,4,4
1505,2,2
1506,1,1
1507,8,8
1508,5,5
1509,4,4
1510,6,6
1511,5,5
1512,2,2
1513,8,8
1514,0,0
1515,4,4
1516,2,2
1517,3,3
1518,5,5
1519,9,9
1520,4,4
1521,9,9
1522,5,5
1523,8,8
1524,2,2
1525,8,8
1526,7,7
1527,9,9
1528,1,1
1529,6,6
1530,3,3
1531,9,9
1532,3,3
1533,2,2
1534,5,5
1535,9,9
1536,4,4
1537,5,5
1538,6,6
1539,6,6
1540,4,4
1541,5,5
1542,2,2
1543,2,2
1544,1,1
1545,9,9
1546,5,5
1547,8,8
1548,1,1
1549,6,6
1550,6,6
1551,2,2
1552,0,0
1553,4,4
1554,1,1
1555,8,8
1556,2,2
1557,9,9
1558,6,6
1559,6,6
1560,5,5
1561,6,6
1562,4,4
1563,6,6
1564,0,0
1565,8,8
1566,7,7
1567,4,4
1568,5,5
1569,8,8
1570,8,8
1571,3,3
1572,1,1
1573,5,5
1574,5,5
1575,9,9
1576,5,5
1577,2,2
1578,3,3
1579,9,9
1580,5,5
1581,7,7
1582,4,4
1583,7,7
1584,6,6
1585,8,8
1586,8,8
1587,4,4
1588,7,7
1589,8,8
1590,3,3
1591,8,8
1592,2,2
1593,9,9
1594,1,1
1595,5,5
1596,3,3
1597,9,9
1598,2,2
1599,2,2
1600,7,7
1601,9,9
1602,7,7
1603,2,2
1604,5,5
1605,3,3
1606,3,3
1607,1,1
1608,5,5
1609,6,6
1610,8,8
1611,7,7
1612,8,8
1613,5,5
1614,9,9
1615,2,2
1616,7,7
1617,4,4
1618,4,4
1619,8,8
1620,5,5
1621,2,2
1622,5,5
1623,0,0
1624,6,6
1625,3,3
1626,3,3
1627,9,9
1628,5,5
1629,6,6
1630,5,5
1631,7,7
1632,5,5
1633,5,5
1634,2,2
1635,8,8
1636,0,0
1637,4,4
1638,8,8
1639,8,8
1640,1,1
1641,2,2
1642,3,3
1643,8,8
1644,7,7
1645,3,3
1646,5,5
1647,9,9
1648,6,6
1649,6,6
1650,7,7
1651,7,7
1652,7,7
1653,0,0
1654,1,1
1655,0,0
1656,1,1
1657,2,2
1658,9,9
1659,8,8
1660,6,6
1661,6,6
1662,5,5
1663,0,0
1664,3,3
1665,9,9
1666,0,0
1667,8,8
1668,2,2
1669,4,4
1670,7,7
1671,4,4
1672,5,5
1673,8,8
1674,3,3
1675,7,7
1676,1,1
1677,7,7
1678,3,3
1679,6,6
1680,9,9
1681,9,9
1682,7,7
1683,8,8
1684,5,5
1685,5,5
1686,1,1
1687,8,8
1688,5,5
1689,7,7
1690,2,2
1691,2,2
1692,5,5
1693,0,0
1694,4,4
1695,0,0
1696,1,1
1697,9,9
1698,7,7
1699,1,1
1700,1,1
1701,3,3
1702,5,5
1703,9,9
1704,1,1
1705,0,0
1706,4,4
1707,4,4
1708,4,4
1709,3,3
1710,1,1
1711,6,6
1712,3,3
1713,2,2
1714,1,1
1715,6,6
1716,1,1
1717,9,9
1718,1,1
1719,0,0
1720,0,0
1721,0,0
1722,2,2
1723,3,3
1724,6,6
1725,3,3
1726,4,4
1727,6,6
1728,8,8
1729,3,3
1730,0,0
1731,4,4
1732,5,5
1733,0,0
1734,9,9
1735,6,6
1736,0,0
1737,7,7
1738,0,0
1739,0,0
1740,5,5
1741,4,4
1742,3,3
1743,0,0
1744,1,1
1745,2,2
1746,0,0
1747,8,8
1748,5,5
1749,2,2
1750,9,9
1751,0,0
1752,7,7
1753,7,7
1754,6,6
1755,7,7
1756,7,7
1757,5,5
1758,9,9
1759,2,2
1760,7,7
1761,4,4
1762,0,0
1763,8,8
1764,5,5
1765,8,8
1766,6,6
1767,8,8
1768,4,4
1769,3,3
1770,8,8
1771,3,3
1772,0,0
1773,2,2
1774,6,6
1775,3,3
1776,2,2
1777,2,2
1778,7,7
1779,4,4
1780,2,2
1781,4,4
1782,5,5
1783,2,2
1784,2,2
1785,9,9
1786,1,1
1787,9,9
1788,2,2
1789,8,8
1790,7,7
1791,2,2
1792,4,4
1793,2,2
1794,5,5
1795,9,9
1796,3,3
1797,3,3
1798,3,3
1799,2,2
1800,6,6
1801,4,4
1802,4,4
1803,8,8
1804,8,8
1805,2,2
1806,2,2
1807,9,9
1808,0,0
1809,7,7
1810,8,8
1811,8,8
1812,1,1
1813,9,9
1814,6,6
1815,9,9
1816,1,1
1817,2,2
1818,8,8
1819,3,3
1820,5,5
1821,8,8
1822,1,1
1823,6,6
1824,7,7
1825,0,0
1826,5,5
1827,8,8
1828,3,3
1829,2,2
1830,4,4
1831,9,9
1832,1,1
1833,8,8
1834,2,2
1835,4,4
1836,7,7
1837,3,3
1838,1,1
1839,1,1
1840,5,5
1841,4,4
1842,5,5
1843,7,7
1844,4,4
1845,5,5
1846,9,9
1847,2,2
1848,8,8
1849,4,4
1850,0,0
1851,5,5
1852,1,1
1853,2,2
1854,0,0
1855,5,5
1856,2,2
1857,3,3
1858,0,0
1859,9,9
1860,9,9
1861,4,4
1862,7,7
1863,7,7
1864,2,2
1865,5,5
1866,4,4
1867,8,8
1868,3,3
1869,4,4
1870,2,2
1871,0,0
1872,7,7
1873,2,2
1874,6,6
1875,9,9
1876,3,3
1877,3,3
1878,0,0
1879,1,1
1880,1,1
1881,5,5
1882,0,0
1883,7,7
1884,5,5
1885,0,0
1886,5,5
1887,7,7
1888,5,5
1889,4,4
1890,4,4
1891,8,8
1892,4,4
1893,2,2
1894,6,6
1895,8,8
1896,6,6
1897,3,3
1898,4,4
1899,0,0
1900,7,7
1901,2,2
1902,1,1
1903,0,0
1904,0,0
1905,0,0
1906,9,9
1907,3,3
1908,1,1
1909,9,9
1910,1,1
1911,5,5
1912,5,5
1913,2,2
1914,2,2
1915,9,9
1916,5,5
1917,4,4
1918,4,4
1919,8,8
1920,2,2
1921,7,7
1922,5,5
1923,6,6
1924,2,2
1925,0,0
1926,3,3
1927,3,3
1928,0,0
1929,7,7
1930,3,3
1931,9,9
1932,5,5
1933,8,8
1934,5,5
1935,6,6
1936,1,1
1937,0,0
1938,9,9
1939,0,0
1940,5,5
1941,7,7
1942,1,1
1943,2,2
1944,8,8
1945,1,1
1946,5,5
1947,6,6
1948,0,0
1949,0,0
1950,5,5
1951,4,4
1952,6,6
1953,0,0
1954,6,6
1955,2,2
1956,3,3
1957,4,4
1958,0,0
1959,7,7
1960,5,5
1961,7,7
1962,0,0
1963,3,3
1964,7,7
1965,2,2
1966,7,7
1967,0,0
1968,0,0
1969,3,3
1970,8,8
1971,2,2
1972,6,6
1973,0,0
1974,7,7
1975,0,0
1976,5,5
1977,9,9
1978,2,2
1979,5,5
1980,4,4
1981,4,4
1982,0,0
1983,0,0
1984,5,5
1985,4,4
1986,4,4
1987,4,4
1988,9,9
1989,9,9
1990,4,4
1991,2,2
1992,1,1
1993,2,2
1994,7,7
1995,3,3
1996,7,7
1997,7,7
1998,6,6
1999,3,3
2000,4,4
2001,2,2
2002,7,7
2003,8,8
2004,6,6
2005,4,4
2006,8,8
2007,0,0
2008,1,1
2009,3,3
2010,2,2
2011,7,7
2012,1,1
2013,2,2
2014,5,5
2015,1,1
2016,5,5
2017,6,6
2018,9,9
2019,4,4
2020,4,4
2021,7,7
2022,6,6
2023,2,2
2024,0,0
2025,4,4
2026,2,2
2027,0,0
2028,2,2
2029,2,2
2030,1,1
2031,5,5
2032,5,5
2033,0,0
2034,5,5
2035,4,4
2036,5,5
2037,2,2
2038,2,2
2039,9,9
2040,1,1
2041,0,0
2042,1,1
2043,2,2
2044,1,1
2045,9,9
2046,8,8
2047,9,9
2048,8,8
2049,9,9
2050,0,0
2051,3,3
2052,5,5
2053,6,6
2054,0,0
2055,8,8
2056,7,7
2057,2,2
2058,3,3
2059,4,4
2060,5,5
2061,4,4
2062,4,4
2063,2,2
2064,6,6
2065,6,6
2066,2,2
2067,2,2
2068,7,7
2069,5,5
2070,9,9
2071,8,8
2072,5,5
2073,6,6
2074,7,7
2075,6,6
2076,1,1
2077,2,2
2078,9,9
2079,3,3
2080,7,7
2081,3,3
2082,3,3
2083,9,9
2084,3,3
2085,6,6
2086,9,9
2087,7,7
2088,7,7
2089,8,8
2090,0,0
2091,2,2
2092,5,5
2093,4,4
2094,1,1
2095,0,0
2096,4,4
2097,2,2
2098,8,8
2099,0,0
2100,3,3
2101,3,3
2102,0,0
2103,1,1
2104,6,6
2105,6,6
2106,0,0
2107,7,7
2108,9,9
2109,0,0
2110,9,9
2111,2,2
2112,3,3
2113,4,4
2114,2,2
2115,0,0
2116,8,8
2117,2,2
2118,5,5
2119,8,8
2120,2,2
2121,3,3
2122,9,9
2123,9,9
2124,7,7
2125,6,6
2126,5,5
2127,7,7
2128,7,7
2129,5,5
2130,7,7
2131,2,2
2132,9,9
2133,0,0
2134,1,1
2135,2,2
2136,1,1
2137,8,8
2138,4,4
2139,7,7
2140,8,8
2141,0,0
2142,8,8
2143,7,7
2144,3,3
2145,0,0
2146,7,7
2147,3,3
2148,4,4
2149,7,7
2150,0,0
2151,1,1
2152,4,4
2153,4,4
2154,1,1
2155,7,7
2156,4,4
2157,0,0
2158,4,4
2159,9,9
2160,3,3
2161,0,0
2162,1,1
2163,4,4
2164,5,5
2165,2,2
2166,9,9
2167,4,4
2168,1,1
2169,8,8
2170,7,7
2171,6,6
2172,7,7
2173,0,0
2174,2,2
2175,2,2
2176,5,5
2177,9,9
2178,4,4
2179,2,2
2180,7,7
2181,0,0
2182,7,7
2183,7,7
2184,7,7
2185,0,0
2186,7,7
2187,0,0
2188,1,1
2189,6,6
2190,5,5
2191,3,3
2192,2,2
2193,2,2
2194,0,0
2195,3,3
2196,4,4
2197,1,1
2198,1,1
2199,0,0
2200,7,7
2201,6,6
2202,1,1
2203,7,7
2204,5,5
2205,6,6
2206,0,0
2207,7,7
2208,8,8
2209,4,4
2210,2,2
2211,4,4
2212,4,4
2213,5,5
2214,4,4
2215,2,2
2216,0,0
2217,0,0
2218,7,7
2219,0,0
2220,1,1
2221,0,0
2222,0,0
2223,0,0
2224,0,0
2225,1,1
2226,4,4
2227,1,1
2228,7,7
2229,0,0
2230,7,7
2231,6,6
2232,7,7
2233,7,7
2234,4,4
2235,0,0
2236,5,5
2237,2,2
2238,8,8
2239,4,4
2240,5,5
2241,7,7
2242,4,4
2243,7,7
2244,5,5
2245,3,3
2246,0,0
2247,8,8
2248,7,7
2249,4,4
2250,2,2
2251,6,6
2252,1,1
2253,3,3
2254,0,0
2255,1,1
2256,5,5
2257,3,3
2258,3,3
2259,4,4
2260,1,1
2261,6,6
2262,4,4
2263,7,7
2264,5,5
2265,2,2
2266,2,2
2267,0,0
2268,7,7
2269,3,3
2270,6,6
2271,0,0
2272,2,2
2273,6,6
2274,5,5
2275,7,7
2276,0,0
2277,8,8
2278,4,4
2279,2,2
2280,6,6
2281,7,7
2282,7,7
2283,6,6
2284,5,5
2285,7,7
2286,1,1
2287,7,7
2288,6,6
2289,0,0
2290,5,5
2291,4,4
2292,5,5
2293,4,4
2294,0,0
2295,4,4
2296,4,4
2297,0,0
2298,3,3
2299,0,0
2300,4,4
2301,9,9
2302,7,7
2303,7,7
2304,5,5
2305,6,6
2306,1,1
2307,1,1
2308,0,0
2309,6,6
2310,7,7
2311,4,4
2312,5,5
2313,2,2
2314,6,6
2315,7,7
2316,1,1
2317,0,0
2318,1,1
2319,0,0
2320,2,2
2321,0,0
2322,6,6
2323,0,0
2324,5,5
2325,3,3
2326,1,1
2327,3,3
2328,7,7
2329,7,7
2330,2,2
2331,0,0
2332,6,6
2333,3,3
2334,0,0
2335,9,9
2336,1,1
2337,6,6
2338,5,5
2339,2,2
2340,7,7
2341,8,8
2342,7,7
2343,9,9
2344,0,0
2345,4,4
2346,6,6
2347,8,8
2348,8,8
2349,9,9
2350,7,7
2351,8,8
2352,5,5
2353,3,3
2354,6,6
2355,9,9
2356,1,1
2357,6,6
2358,2,2
2359,6,6
2360,5,5
2361,8,8
2362,1,1
2363,9,9
2364,5,5
2365,4,4
2366,1,1
2367,8,8
2368,7,7
2369,9,9
2370,0,0
2371,8,8
2372,4,4
2373,3,3
2374,9,9
2375,9,9
2376,0,0
2377,6,6
2378,7,7
2379,9,9
2380,0,0
2381,8,8
2382,2,2
2383,9,9
2384,1,1
2385,8,8
2386,0,0
2387,4,4
2388,2,2
2389,6,6
2390,5,5
2391,8,8
2392,8,8
2393,9,9
2394,7,7
2395,2,2
2396,3,3
2397,4,4
2398,0,0
2399,6,6
2400,7,7
2401,9,9
2402,6,6
2403,3,3
2404,3,3
2405,9,9
2406,6,6
2407,8,8
2408,2,2
2409,6,6
2410,1,1
2411,3,3
2412,7,7
2413,2,2
2414,7,7
2415,9,9
2416,0,0
2417,8,8
2418,6,6
2419,9,9
2420,5,5
2421,2,2
2422,4,4
2423,9,9
2424,5,5
2425,9,9
2426,9,9
2427,8,8
2428,2,2
2429,9,9
2430,7,7
2431,8,8
2432,1,1
2433,8,8
2434,0,0
2435,2,2
2436,7,7
2437,9,9
2438,0,0
2439,8,8
2440,3,3
2441,8,8
2442,1,1
2443,8,8
2444,1,1
2445,9,9
2446,1,1
2447,8,8
2448,1,1
2449,8,8
2450,4,4
2451,8,8
2452,5,5
2453,8,8
2454,6,6
2455,8,8
2456,2,2
2457,6,6
2458,0,0
2459,4,4
2460,0,0
2461,9,9
2462,9,9
2463,2,2
2464,6,6
2465,8,8
2466,5,5
2467,8,8
2468,1,1
2469,2,2
2470,4,4
2471,8,8
2472,9,9
2473,3,3
2474,4,4
2475,2,2
2476,7,7
2477,8,8
2478,7,7
2479,4,4
2480,4,4
2481,2,2
2482,7,7
2483,3,3
2484,8,8
2485,8,8
2486,4,4
2487,4,4
2488,0,0
2489,2,2
2490,0,0
2491,8,8
2492,0,0
2493,3,3
2494,4,4
2495,9,9
2496,4,4
2497,9,9
2498,4,4
2499,6,6
2500,3,3
2501,8,8
2502,0,0
2503,2,2
2504,4,4
2505,9,9
2506,7,7
2507,2,2
2508,6,6
2509,8,8
2510,6,6
2511,2,2
2512,0,0
2513,6,6
2514,0,0
2515,8,8
2516,4,4
2517,6,6
2518,6,6
2519,4,4
2520,5,5
2521,8,8
2522,0,0
2523,4,4
2524,7,7
2525,3,3
2526,7,7
2527,2,2
2528,3,3
2529,2,2
2530,9,9
2531,2,2
2532,3,3
2533,4,4
2534,7,7
2535,2,2
2536,7,7
2537,9,9
2538,2,2
2539,3,3
2540,0,0
2541,2,2
2542,0,0
2543,8,8
2544,2,2
2545,4,4
2546,1,1
2547,9,9
2548,5,5
2549,9,9
2550,1,1
2551,9,9
2552,9,9
2553,8,8
2554,7,7
2555,9,9
2556,1,1
2557,3,3
2558,0,0
2559,2,2
2560,0,0
2561,3,3
2562,0,0
2563,9,9
2564,1,1
2565,6,6
2566,0,0
2567,7,7
2568,7,7
2569,5,5
2570,4,4
2571,7,7
2572,1,1
2573,4,4
2574,0,0
2575,8,8
2576,8,8
2577,2,2
2578,8,8
2579,8,8
2580,1,1
2581,3,3
2582,7,7
2583,9,9
2584,3,3
2585,6,6
2586,7,7
2587,7,7
2588,5,5
2589,5,5
2590,4,4
2591,8,8
2592,7,7
2593,2,2
2594,1,1
2595,8,8
2596,5,5
2597,3,3
2598,2,2
2599,9,9
2600,1,1
2601,6,6
2602,4,4
2603,7,7
2604,9,9
2605,7,7
2606,3,3
2607,4,4
2608,5,5
2609,9,9
2610,9,9
2611,2,2
2612,5,5
2613,8,8
2614,5,5
2615,2,2
2616,1,1
2617,3,3
2618,8,8
2619,9,9
2620,7,7
2621,3,3
2622,7,7
2623,9,9
2624,3,3
2625,6,6
2626,6,6
2627,7,7
2628,1,1
2629,3,3
2630,1,1
2631,4,4
2632,7,7
2633,8,8
2634,9,9
2635,4,4
2636,7,7
2637,4,4
2638,4,4
2639,9,9
2640,5,5
2641,6,6
2642,3,3
2643,8,8
2644,4,4
2645,9,9
2646,2,2
2647,8,8
2648,7,7
2649,8,8
2650,0,0
2651,2,2
2652,7,7
2653,8,8
2654,1,1
2655,2,2
2656,4,4
2657,4,4
2658,0,0
2659,5,5
2660,7,7
2661,2,2
2662,4,4
2663,9,9
2664,6,6
2665,5,5
2666,8,8
2667,9,9
2668,2,2
2669,7,7
2670,6,6
2671,7,7
2672,7,7
2673,8,8
2674,7,7
2675,7,7
2676,6,6
2677,8,8
2678,7,7
2679,2,2
2680,5,5
2681,2,2
2682,7,7
2683,2,2
2684,6,6
2685,2,2
2686,0,0
2687,2,2
2688,1,1
2689,0,0
2690,0,0
2691,8,8
2692,9,9
2693,6,6
2694,6,6
2695,9,9
2696,5,5
2697,0,0
2698,7,7
2699,2,2
2700,6,6
2701,8,8
2702,5,5
2703,8,8
2704,0,0
2705,2,2
2706,5,5
2707,6,6
2708,1,1
2709,3,3
2710,4,4
2711,8,8
2712,0,0
2713,9,9
2714,1,1
2715,4,4
2716,1,1
2717,9,9
2718,4,4
2719,9,9
2720,1,1
2721,6,6
2722,0,0
2723,4,4
2724,0,0
2725,9,9
2726,2,2
2727,2,2
2728,8,8
2729,3,3
2730,1,1
2731,1,1
2732,5,5
2733,6,6
2734,7,7
2735,7,7
2736,3,3
2737,5,5
2738,7,7
2739,0,0
2740,7,7
2741,5,5
2742,0,0
2743,5,5
2744,7,7
2745,3,3
2746,3,3
2747,1,1
2748,3,3
2749,6,6
2750,0,0
2751,7,7
2752,0,0
2753,5,5
2754,8,8
2755,0,0
2756,4,4
2757,4,4
2758,7,7
2759,0,0
2760,7,7
2761,2,2
2762,1,1
2763,5,5
2764,0,0
2765,5,5
2766,0,0
2767,1,1
2768,2,2
2769,6,6
2770,3,3
2771,7,7
2772,5,5
2773,5,5
2774,1,1
2775,8,8
2776,1,1
2777,4,4
2778,0,0
2779,5,5
2780,7,7
2781,7,7
2782,3,3
2783,6,6
2784,9,9
2785,4,4
2786,7,7
2787,5,5
2788,7,7
2789,4,4
2790,9,9
2791,9,9
2792,1,1
2793,8,8
2794,1,1
2795,8,8
2796,7,7
2797,8,8
2798,5,5
2799,5,5
2800,0,0
2801,4,4
2802,1,1
2803,4,4
2804,5,5
2805,7,7
2806,3,3
2807,9,9
2808,5,5
2809,5,5
2810,2,2
2811,9,9
2812,6,6
2813,6,6
2814,8,8
2815,5,5
2816,7,7
2817,4,4
2818,7,7
2819,5,5
2820,7,7
2821,0,0
2822,4,4
2823,9,9
2824,9,9
2825,0,0
2826,7,7
2827,0,0
2828,4,4
2829,5,5
2830,1,1
2831,9,9
2832,0,0
2833,7,7
2834,1,1
2835,0,0
2836,4,4
2837,4,4
2838,1,1
2839,3,3
2840,6,6
2841,8,8
2842,8,8
2843,9,9
2844,9,9
2845,7,7
2846,6,6
2847,6,6
2848,8,8
2849,4,4
2850,4,4
2851,6,6
2852,0,0
2853,9,9
2854,3,3
2855,6,6
2856,0,0
2857,8,8
2858,1,1
2859,8,8
2860,0,0
2861,2,2
2862,4,4
2863,4,4
2864,3,3
2865,8,8
2866,6,6
2867,8,8
2868,2,2
2869,2,2
2870,9,9
2871,7,7
2872,1,1
2873,3,3
2874,5,5
2875,6,6
2876,1,1
2877,6,6
2878,9,9
2879,6,6
2880,5,5
2881,8,8
2882,3,3
2883,7,7
2884,1,1
2885,2,2
2886,7,7
2887,6,6
2888,5,5
2889,9,9
2890,3,3
2891,5,5
2892,6,6
2893,8,8
2894,1,1
2895,7,7
2896,0,0
2897,3,3
2898,4,4
2899,3,3
2900,0,0
2901,8,8
2902,0,0
2903,8,8
2904,2,2
2905,2,2
2906,1,1
2907,9,9
2908,7,7
2909,8,8
2910,4,4
2911,0,0
2912,2,2
2913,4,4
2914,3,3
2915,7,7
2916,2,2
2917,0,0
2918,1,1
2919,3,3
2920,1,1
2921,7,7
2922,5,5
2923,4,4
2924,8,8
2925,4,4
2926,7,7
2927,2,2
2928,4,4
2929,8,8
2930,4,4
2931,7,7
2932,9,9
2933,7,7
2934,5,5
2935,3,3
2936,6,6
2937,9,9
2938,1,1
2939,6,6
2940,7,7
2941,7,7
2942,7,7
2943,8,8
2944,3,3
2945,2,2
2946,0,0
2947,4,4
2948,2,2
2949,8,8
2950,0,0
2951,2,2
2952,3,3
2953,8,8
2954,1,1
2955,2,2
2956,8,8
2957,9,9
2958,2,2
2959,6,6
2960,2,2
2961,2,2
2962,5,5
2963,8,8
2964,7,7
2965,9,9
2966,7,7
2967,4,4
2968,7,7
2969,8,8
2970,1,1
2971,2,2
2972,1,1
2973,8,8
2974,3,3
2975,3,3
2976,9,9
2977,9,9
2978,4,4
2979,6,6
2980,9,9
2981,2,2
2982,0,0
2983,8,8
2984,5,5
2985,8,8
2986,8,8
2987,2,2
2988,1,1
2989,8,8
2990,0,0
2991,9,9
2992,4,4
2993,2,2
2994,9,9
2995,8,8
2996,3,3
2997,8,8
2998,1,1
2999,2,2
3000,5,5
3001,2,2
3002,8,8
3003,2,2
3004,1,1
3005,2,2
3006,6,6
3007,9,9
3008,8,8
3009,8,8
3010,1,1
3011,2,2
3012,3,3
3013,7,7
3014,8,8
3015,3,3
3016,3,3
3017,6,6
3018,5,5
3019,9,9
3020,0,0
3021,3,3
3022,0,0
3023,6,6
3024,3,3
3025,8,8
3026,7,7
3027,7,7
3028,2,2
3029,2,2
3030,4,4
3031,2,2
3032,7,7
3033,7,7
3034,7,7
3035,3,3
3036,4,4
3037,8,8
3038,0,0
3039,8,8
3040,7,7
3041,9,9
3042,6,6
3043,4,4
3044,0,0
3045,9,9
3046,1,1
3047,7,7
3048,1,1
3049,3,3
3050,4,4
3051,0,0
3052,5,5
3053,4,4
3054,6,6
3055,8,8
3056,5,5
3057,2,2
3058,4,4
3059,8,8
3060,1,1
3061,8,8
3062,7,7
3063,8,8
3064,6,6
3065,9,9
3066,5,5
3067,3,3
3068,1,1
3069,8,8
3070,5,5
3071,8,8
3072,0,0
3073,2,2
3074,0,0
3075,2,2
3076,0,0
3077,6,6
3078,6,6
3079,8,8
3080,1,1
3081,8,8
3082,2,2
3083,8,8
3084,0,0
3085,9,9
3086,2,2
3087,8,8
3088,0,0
3089,4,4
3090,5,5
3091,8,8
3092,5,5
3093,2,2
3094,7,7
3095,8,8
3096,4,4
3097,4,4
3098,4,4
3099,8,8
3100,0,0
3101,8,8
3102,6,6
3103,9,9
3104,0,0
3105,6,6
3106,3,3
3107,2,2
3108,7,7
3109,4,4
3110,5,5
3111,9,9
3112,6,6
3113,9,9
3114,1,1
3115,4,4
3116,0,0
3117,8,8
3118,7,7
3119,2,2
3120,1,1
3121,8,8
3122,1,1
3123,4,4
3124,7,7
3125,8,8
3126,7,7
3127,4,4
3128,3,3
3129,4,4
3130,1,1
3131,3,3
3132,1,1
3133,6,6
3134,9,9
3135,3,3
3136,1,1
3137,0,0
3138,5,5
3139,4,4
3140,1,1
3141,2,2
3142,6,6
3143,3,3
3144,2,2
3145,9,9
3146,9,9
3147,6,6
3148,7,7
3149,9,9
3150,1,1
3151,8,8
3152,7,7
3153,2,2
3154,0,0
3155,9,9
3156,6,6
3157,8,8
3158,7,7
3159,2,2
3160,3,3
3161,6,6
3162,0,0
3163,9,9
3164,5,5
3165,6,6
3166,9,9
3167,8,8
3168,8,8
3169,8,8
3170,2,2
3171,2,2
3172,4,4
3173,8,8
3174,7,7
3175,3,3
3176,6,6
3177,9,9
3178,2,2
3179,6,6
3180,7,7
3181,7,7
3182,8,8
3183,0,0
3184,8,8
3185,2,2
3186,5,5
3187,4,4
3188,2,2
3189,8,8
3190,0,0
3191,2,2
3192,0,0
3193,8,8
3194,5,5
3195,3,3
3196,2,2
3197,9,9
3198,3,3
3199,6,6
3200,7,7
3201,6,6
3202,0,0
3203,8,8
3204,7,7
3205,1,1
3206,0,0
3207,4,4
3208,9,9
3209,8,8
3210,0,0
3211,2,2
3212,1,1
3213,3,3
3214,8,8
3215,2,2
3216,7,7
3217,8,8
3218,4,4
3219,9,9
3220,6,6
3221,9,9
3222,5,5
3223,8,8
3224,6,6
3225,2,2
3226,1,1
3227,8,8
3228,0,0
3229,1,1
3230,1,1
3231,2,2
3232,0,0
3233,7,7
3234,1,1
3235,8,8
3236,8,8
3237,9,9
3238,5,5
3239,8,8
3240,0,0
3241,2,2
3242,6,6
3243,9,9
3244,6,6
3245,4,4
3246,5,5
3247,2,2
3248,3,3
3249,8,8
3250,0,0
3251,2,2
3252,0,0
3253,8,8
3254,7,7
3255,8,8
3256,5,5
3257,8,8
3258,7,7
3259,3,3
3260,0,0
3261,8,8
3262,3,3
3263,0,0
3264,7,7
3265,0,0
3266,7,7
3267,8,8
3268,9,9
3269,2,2
3270,0,0
3271,9,9
3272,1,1
3273,9,9
3274,6,6
3275,9,9
3276,8,8
3277,8,8
3278,5,5
3279,2,2
3280,0,0
3281,2,2
3282,0,0
3283,8,8
3284,5,5
3285,9,9
3286,3,3
3287,4,4
3288,4,4
3289,1,1
3290,4,4
3291,2,2
3292,0,0
3293,2,2
3294,4,4
3295,9,9
3296,5,5
3297,9,9
3298,8,8
3299,2,2
3300,6,6
3301,9,9
3302,5,5
3303,8,8
3304,7,7
3305,6,6
3306,1,1
3307,6,6
3308,9,9
3309,3,3
3310,0,0
3311,8,8
3312,5,5
3313,6,6
3314,7,7
3315,8,8
3316,0,0
3317,8,8
3318,1,1
3319,7,7
3320,7,7
3321,1,1
3322,5,5
3323,7,7
3324,8,8
3325,4,4
3326,9,9
3327,9,9
3328,3,3
3329,6,6
3330,5,5
3331,9,9
3332,2,2
3333,6,6
3334,5,5
3335,4,4
3336,7,7
3337,3,3
3338,7,7
3339,6,6
3340,8,8
3341,6,6
3342,6,6
3343,8,8
3344,1,1
3345,9,9
3346,5,5
3347,2,2
3348,0,0
3349,8,8
3350,9,9
3351,8,8
3352,5,5
3353,2,2
3354,7,7
3355,1,1
3356,9,9
3357,6,6
3358,1,1
3359,8,8
3360,0,0
3361,2,2
3362,6,6
3363,9,9
3364,1,1
3365,2,2
3366,2,2
3367,2,2
3368,0,0
3369,2,2
3370,5,5
3371,8,8
3372,8,8
3373,9,9
3374,7,7
3375,9,9
3376,3,3
3377,3,3
3378,7,7
3379,9,9
3380,1,1
3381,6,6
3382,5,5
3383,7,7
3384,2,2
3385,0,0
3386,7,7
3387,4,4
3388,0,0
3389,0,0
3390,6,6
3391,3,3
3392,3,3
3393,9,9
3394,1,1
3395,6,6
3396,3,3
3397,7,7
3398,0,0
3399,8,8
3400,7,7
3401,8,8
3402,7,7
3403,4,4
3404,7,7
3405,9,9
3406,1,1
3407,9,9
3408,1,1
3409,3,3
3410,3,3
3411,9,9
3412,1,1
3413,6,6
3414,0,0
3415,0,0
3416,7,7
3417,8,8
3418,1,1
3419,8,8
3420,2,2
3421,4,4
3422,7,7
3423,8,8
3424,6,6
3425,9,9
3426,5,5
3427,9,9
3428,8,8
3429,3,3
3430,1,1
3431,9,9
3432,2,2
3433,0,0
3434,2,2
3435,7,7
3436,5,5
3437,8,8
3438,9,9
3439,8,8
3440,1,1
3441,2,2
3442,5,5
3443,3,3
3444,6,6
3445,2,2
3446,2,2
3447,8,8
3448,8,8
3449,4,4
3450,5,5
3451,4,4
3452,7,7
3453,8,8
3454,4,4
3455,9,9
3456,1,1
3457,9,9
3458,0,0
3459,8,8
3460,7,7
3461,4,4
3462,1,1
3463,8,8
3464,1,1
3465,8,8
3466,7,7
3467,2,2
3468,9,9
3469,8,8
3470,6,6
3471,7,7
3472,7,7
3473,9,9
3474,2,2
3475,8,8
3476,7,7
3477,8,8
3478,1,1
3479,4,4
3480,7,7
3481,8,8
3482,7,7
3483,0,0
3484,0,0
3485,4,4
3486,9,9
3487,9,9
3488,1,1
3489,1,1
3490,3,3
3491,2,2
3492,3,3
3493,2,2
3494,9,9
3495,2,2
3496,5,5
3497,2,2
3498,0,0
3499,2,2
3500,2,2
3501,9,9
3502,2,2
3503,8,8
3504,0,0
3505,8,8
3506,5,5
3507,8,8
3508,0,0
3509,9,9
3510,9,9
3511,8,8
3512,7,7
3513,2,2
3514,3,3
3515,8,8
3516,3,3
3517,9,9
3518,0,0
3519,0,0
3520,4,4
3521,2,2
3522,0,0
3523,1,1
3524,3,3
3525,8,8
3526,5,5
3527,8,8
3528,0,0
3529,3,3
3530,4,4
3531,8,8
3532,1,1
3533,8,8
3534,3,3
3535,9,9
3536,6,6
3537,9,9
3538,8,8
3539,8,8
3540,1,1
3541,3,3
3542,7,7
3543,3,3
3544,5,5
3545,9,9
3546,1,1
3547,8,8
3548,0,0
3549,9,9
3550,7,7
3551,9,9
3552,7,7
3553,6,6
3554,7,7
3555,9,9
3556,0,0
3557,6,6
3558,7,7
3559,4,4
3560,1,1
3561,9,9
3562,3,3
3563,9,9
3564,4,4
3565,3,3
3566,5,5
3567,9,9
3568,3,3
3569,6,6
3570,8,8
3571,7,7
3572,5,5
3573,5,5
3574,1,1
3575,2,2
3576,7,7
3577,5,5
3578,6,6
3579,5,5
3580,5,5
3581,2,2
3582,6,6
3583,0,0
3584,7,7
3585,3,3
3586,4,4
3587,1,1
3588,5,5
3589,6,6
3590,3,3
3591,7,7
3592,9,9
3593,1,1
3594,5,5
3595,2,2
3596,7,7
3597,4,4
3598,8,8
3599,0,0
3600,7,7
3601,7,7
3602,9,9
3603,3,3
3604,1,1
3605,9,9
3606,7,7
3607,6,6
3608,5,5
3609,7,7
3610,3,3
3611,5,5
3612,3,3
3613,2,2
3614,7,7
3615,5,5
3616,7,7
3617,0,0
3618,0,0
3619,2,2
3620,5,5
3621,8,8
3622,3,3
3623,4,4
3624,0,0
3625,5,5
3626,1,1
3627,6,6
3628,1,1
3629,4,4
3630,2,2
3631,5,5
3632,3,3
3633,0,0
3634,9,9
3635,2,2
3636,5,5
3637,2,2
3638,7,7
3639,0,0
3640,8,8
3641,0,0
3642,6,6
3643,2,2
3644,9,9
3645,5,5
3646,4,4
3647,6,6
3648,2,2
3649,0,0
3650,4,4
3651,7,7
3652,0,0
3653,5,5
3654,4,4
3655,7,7
3656,7,7
3657,2,2
3658,2,2
3659,6,6
3660,6,6
3661,3,3
3662,1,1
3663,0,0
3664,2,2
3665,7,7
3666,0,0
3667,3,3
3668,8,8
3669,2,2
3670,7,7
3671,4,4
3672,7,7
3673,3,3
3674,7,7
3675,1,1
3676,5,5
3677,3,3
3678,0,0
3679,6,6
3680,6,6
3681,8,8
3682,5,5
3683,7,7
3684,7,7
3685,2,2
3686,5,5
3687,7,7
3688,8,8
3689,7,7
3690,8,8
3691,3,3
3692,1,1
3693,3,3
3694,5,5
3695,2,2
3696,1,1
3697,0,0
3698,3,3
3699,7,7
3700,4,4
3701,5,5
3702,3,3
3703,9,9
3704,5,5
3705,2,2
3706,4,4
3707,2,2
3708,0,0
3709,3,3
3710,9,9
3711,7,7
3712,6,6
3713,2,2
3714,1,1
3715,3,3
3716,5,5
3717,5,5
3718,0,0
3719,3,3
3720,2,2
3721,0,0
3722,6,6
3723,9,9
3724,5,5
3725,9,9
3726,4,4
3727,2,2
3728,1,1
3729,9,9
3730,5,5
3731,0,0
3732,8,8
3733,9,9
3734,3,3
3735,7,7
3736,4,4
3737,2,2
3738,5,5
3739,5,5
3740,7,7
3741,6,6
3742,7,7
3743,3,3
3744,7,7
3745,0,0
3746,0,0
3747,5,5
3748,7,7
3749,5,5
3750,0,0
3751,5,5
3752,2,2
3753,5,5
3754,7,7
3755,9,9
3756,2,2
3757,5,5
3758,1,1
3759,7,7
3760,5,5
3761,5,5
3762,5,5
3763,9,9
3764,4,4
3765,6,6
3766,7,7
3767,6,6
3768,7,7
3769,0,0
3770,0,0
3771,9,9
3772,4,4
3773,0,0
3774,4,4
3775,2,2
3776,3,3
3777,3,3
3778,3,3
3779,4,4
3780,0,0
3781,0,0
3782,0,0
3783,5,5
3784,5,5
3785,0,0
3786,0,0
3787,0,0
3788,8,8
3789,4,4
3790,0,0
3791,3,3
3792,7,7
3793,2,2
3794,4,4
3795,5,5
3796,5,5
3797,9,9
3798,9,9
3799,6,6
3800,1,1
3801,0,0
3802,1,1
3803,0,0
3804,0,0
3805,8,8
3806,3,3
3807,2,2
3808,4,4
3809,3,3
3810,5,5
3811,9,9
3812,7,7
3813,6,6
3814,3,3
3815,7,7
3816,7,7
3817,8,8
3818,5,5
3819,7,7
3820,4,4
3821,4,4
3822,1,1
3823,8,8
3824,7,7
3825,2,2
3826,6,6
3827,8,8
3828,0,0
3829,3,3
3830,6,6
3831,9,9
3832,7,7
3833,6,6
3834,0,0
3835,7,7
3836,6,6
3837,8,8
3838,0,0
3839,2,2
3840,1,1
3841,4,4
3842,2,2
3843,8,8
3844,1,1
3845,2,2
3846,0,0
3847,0,0
3848,6,6
3849,3,3
3850,1,1
3851,9,9
3852,0,0
3853,6,6
3854,0,0
3855,7,7
3856,4,4
3857,0,0
3858,4,4
3859,2,2
3860,7,7
3861,4,4
3862,5,5
3863,9,9
3864,9,9
3865,9,9
3866,7,7
3867,8,8
3868,0,0
3869,4,4
3870,7,7
3871,9,9
3872,7,7
3873,4,4
3874,5,5
3875,7,7
3876,3,3
3877,8,8
3878,1,1
3879,2,2
3880,6,6
3881,3,3
3882,3,3
3883,2,2
3884,7,7
3885,9,9
3886,9,9
3887,8,8
3888,3,3
3889,9,9
3890,6,6
3891,2,2
3892,2,2
3893,7,7
3894,0,0
3895,9,9
3896,3,3
3897,9,9
3898,1,1
3899,8,8
3900,1,1
3901,9,9
3902,6,6
3903,8,8
3904,5,5
3905,8,8
3906,3,3
3907,2,2
3908,4,4
3909,8,8
3910,1,1
3911,8,8
3912,1,1
3913,8,8
3914,0,0
3915,8,8
3916,8,8
3917,6,6
3918,7,7
3919,4,4
3920,7,7
3921,2,2
3922,7,7
3923,2,2
3924,6,6
3925,8,8
3926,1,1
3927,0,0
3928,2,2
3929,3,3
3930,6,6
3931,1,1
3932,4,4
3933,9,9
3934,6,6
3935,8,8
3936,5,5
3937,3,3
3938,7,7
3939,4,4
3940,0,0
3941,2,2
3942,0,0
3943,3,3
3944,9,9
3945,8,8
3946,0,0
3947,4,4
3948,6,6
3949,2,2
3950,4,4
3951,8,8
3952,9,9
3953,4,4
3954,1,1
3955,9,9
3956,9,9
3957,8,8
3958,7,7
3959,2,2
3960,2,2
3961,2,2
3962,1,1
3963,9,9
3964,3,3
3965,6,6
3966,1,1
3967,8,8
3968,8,8
3969,7,7
3970,8,8
3971,9,9
3972,4,4
3973,8,8
3974,2,2
3975,2,2
3976,2,2
3977,8,8
3978,5,5
3979,2,2
3980,6,6
3981,6,6
3982,0,0
3983,1,1
3984,0,0
3985,4,4
3986,7,7
3987,8,8
3988,7,7
3989,9,9
3990,5,5
3991,8,8
3992,5,5
3993,4,4
3994,4,4
3995,7,7
3996,1,1
3997,7,7
3998,5,5
3999,4,4
4000,8,8
4001,7,7
4002,3,3
4003,9,9
4004,7,7
4005,2,2
4006,1,1
4007,7,7
4008,3,3
4009,3,3
4010,1,1
4011,7,7
4012,1,1
4013,9,9
4014,1,1
4015,7,7
4016,6,6
4017,7,7
4018,4,4
4019,8,8
4020,5,5
4021,9,9
4022,7,7
4023,3,3
4024,8,8
4025,8,8
4026,5,5
4027,3,3
4028,7,7
4029,9,9
4030,5,5
4031,6,6
4032,5,5
4033,2,2
4034,8,8
4035,8,8
4036,2,2
4037,2,2
4038,5,5
4039,4,4
4040,2,2
4041,0,0
4042,8,8
4043,2,2
4044,3,3
4045,8,8
4046,5,5
4047,2,2
4048,7,7
4049,9,9
4050,5,5
4051,6,6
4052,7,7
4053,7,7
4054,4,4
4055,8,8
4056,5,5
4057,2,2
4058,5,5
4059,4,4
4060,0,0
4061,5,5
4062,5,5
4063,9,9
4064,1,1
4065,8,8
4066,7,7
4067,3,3
4068,1,1
4069,9,9
4070,1,1
4071,6,6
4072,4,4
4073,6,6
4074,0,0
4075,8,8
4076,7,7
4077,9,9
4078,4,4
4079,4,4
4080,1,1
4081,3,3
4082,3,3
4083,2,2
4084,7,7
4085,8,8
4086,6,6
4087,4,4
4088,0,0
4089,9,9
4090,1,1
4091,8,8
4092,0,0
4093,0,0
4094,2,2
4095,0,0
4096,6,6
4097,5,5
4098,5,5
4099,8,8
4100,2,2
4101,7,7
4102,5,5
4103,2,2
4104,0,0
4105,9,9
4106,3,3
4107,4,4
4108,3,3
4109,9,9
4110,4,4
4111,9,9
4112,4,4
4113,5,5
4114,5,5
4115,3,3
4116,8,8
4117,8,8
4118,0,0
4119,2,2
4120,9,9
4121,7,7
4122,8,8
4123,3,3
4124,5,5
4125,8,8
4126,7,7
4127,0,0
4128,1,1
4129,9,9
4130,8,8
4131,8,8
4132,5,5
4133,4,4
4134,7,7
4135,0,0
4136,7,7
4137,9,9
4138,5,5
4139,9,9
4140,1,1
4141,8,8
4142,4,4
4143,9,9
4144,9,9
4145,2,2
4146,0,0
4147,2,2
4148,0,0
4149,9,9
4150,4,4
4151,2,2
4152,9,9
4153,9,9
4154,1,1
4155,4,4
4156,7,7
4157,6,6
4158,5,5
4159,3,3
4160,1,1
4161,8,8
4162,1,1
4163,9,9
4164,0,0
4165,9,9
4166,1,1
4167,2,2
4168,7,7
4169,8,8
4170,5,5
4171,2,2
4172,5,5
4173,0,0
4174,5,5
4175,8,8
4176,7,7
4177,2,2
4178,9,9
4179,6,6
4180,0,0
4181,3,3
4182,1,1
4183,5,5
4184,5,5
4185,5,5
4186,1,1
4187,6,6
4188,4,4
4189,8,8
4190,9,9
4191,7,7
4192,1,1
4193,9,9
4194,2,2
4195,8,8
4196,7,7
4197,8,8
4198,4,4
4199,2,2
4200,0,0
4201,3,3
4202,1,1
4203,3,3
4204,1,1
4205,9,9
4206,0,0
4207,8,8
4208,6,6
4209,0,0
4210,4,4
4211,0,0
4212,1,1
4213,2,2
4214,5,5
4215,2,2
4216,3,3
4217,8,8
4218,3,3
4219,0,0
4220,3,3
4221,4,4
4222,0,0
4223,2,2
4224,8,8
4225,9,9
4226,5,5
4227,0,0
4228,5,5
4229,8,8
4230,6,6
4231,4,4
4232,5,5
4233,7,7
4234,7,7
4235,7,7
4236,7,7
4237,9,9
4238,7,7
4239,2,2
4240,5,5
4241,6,6
4242,0,0
4243,3,3
4244,5,5
4245,3,3
4246,7,7
4247,2,2
4248,1,1
4249,4,4
4250,7,7
4251,4,4
4252,5,5
4253,6,6
4254,8,8
4255,8,8
4256,7,7
4257,2,2
4258,1,1
4259,8,8
4260,5,5
4261,2,2
4262,2,2
4263,6,6
4264,0,0
4265,3,3
4266,0,0
4267,9,9
4268,4,4
4269,6,6
4270,3,3
4271,2,2
4272,7,7
4273,8,8
4274,5,5
4275,2,2
4276,5,5
4277,8,8
4278,2,2
4279,3,3
4280,0,0
4281,2,2
4282,2,2
4283,0,0
4284,3,3
4285,8,8
4286,9,9
4287,2,2
4288,3,3
4289,3,3
4290,8,8
4291,9,9
4292,5,5
4293,6,6
4294,1,1
4295,2,2
4296,0,0
4297,5,5
4298,0,0
4299,2,2
4300,1,1
4301,4,4
4302,7,7
4303,8,8
4304,2,2
4305,2,2
4306,0,0
4307,8,8
4308,7,7
4309,9,9
4310,3,3
4311,9,9
4312,7,7
4313,8,8
4314,4,4
4315,0,0
4316,3,3
4317,8,8
4318,5,5
4319,9,9
4320,0,0
4321,3,3
4322,8,8
4323,8,8
4324,2,2
4325,6,6
4326,0,0
4327,2,2
4328,0,0
4329,8,8
4330,0,0
4331,8,8
4332,8,8
4333,9,9
4334,5,5
4335,2,2
4336,5,5
4337,4,4
4338,8,8
4339,2,2
4340,2,2
4341,6,6
4342,7,7
4343,3,3
4344,3,3
4345,8,8
4346,0,0
4347,3,3
4348,7,7
4349,4,4
4350,5,5
4351,9,9
4352,7,7
4353,8,8
4354,5,5
4355,6,6
4356,3,3
4357,2,2
4358,0,0
4359,2,2
4360,6,6
4361,8,8
4362,5,5
4363,8,8
4364,4,4
4365,4,4
4366,0,0
4367,4,4
4368,5,5
4369,2,2
4370,1,1
4371,6,6
4372,0,0
4373,2,2
4374,3,3
4375,2,2
4376,7,7
4377,8,8
4378,1,1
4379,8,8
4380,6,6
4381,2,2
4382,8,8
4383,2,2
4384,7,7
4385,8,8
4386,0,0
4387,9,9
4388,7,7
4389,3,3
4390,1,1
4391,2,2
4392,6,6
4393,8,8
4394,0,0
4395,8,8
4396,0,0
4397,9,9
4398,6,6
4399,8,8
4400,7,7
4401,6,6
4402,9,9
4403,7,7
4404,4,4
4405,9,9
4406,5,5
4407,9,9
4408,1,1
4409,5,5
4410,5,5
4411,8,8
4412,9,9
4413,9,9
4414,6,6
4415,3,3
4416,5,5
4417,8,8
4418,7,7
4419,2,2
4420,9,9
4421,8,8
4422,0,0
4423,8,8
4424,2,2
4425,8,8
4426,4,4
4427,6,6
4428,6,6
4429,2,2
4430,4,4
4431,4,4
4432,8,8
4433,8,8
4434,7,7
4435,9,9
4436,0,0
4437,6,6
4438,0,0
4439,8,8
4440,2,2
4441,9,9
4442,6,6
4443,2,2
4444,3,3
4445,9,9
4446,7,7
4447,8,8
4448,2,2
4449,2,2
4450,2,2
4451,6,6
4452,8,8
4453,3,3
4454,0,0
4455,3,3
4456,5,5
4457,6,6
4458,5,5
4459,2,2
4460,8,8
4461,2,2
4462,7,7
4463,4,4
4464,0,0
4465,3,3
4466,5,5
4467,1,1
4468,4,4
4469,4,4
4470,1,1
4471,7,7
4472,0,0
4473,5,5
4474,6,6
4475,7,7
4476,1,1
4477,4,4
4478,0,0
4479,0,0
4480,8,8
4481,7,7
4482,2,2
4483,5,5
4484,1,1
4485,3,3
4486,1,1
4487,9,9
4488,4,4
4489,6,6
4490,7,7
4491,7,7
4492,1,1
4493,5,5
4494,5,5
4495,3,3
4496,3,3
4497,4,4
4498,0,0
4499,0,0
4500,3,3
4501,2,2
4502,6,6
4503,0,0
4504,1,1
4505,3,3
4506,7,7
4507,9,9
4508,7,7
4509,6,6
4510,7,7
4511,7,7
4512,7,7
4513,5,5
4514,9,9
4515,2,2
4516,8,8
4517,4,4
4518,9,9
4519,8,8
4520,4,4
4521,2,2
4522,0,0
4523,8,8
4524,9,9
4525,0,0
4526,4,4
4527,3,3
4528,8,8
4529,7,7
4530,0,0
4531,4,4
4532,3,3
4533,4,4
4534,1,1
4535,3,3
4536,4,4
4537,2,2
4538,5,5
4539,3,3
4540,5,5
4541,4,4
4542,6,6
4543,7,7
4544,5,5
4545,0,0
4546,4,4
4547,0,0
4548,8,8
4549,5,5
4550,9,9
4551,8,8
4552,7,7
4553,9,9
4554,9,9
4555,0,0
4556,3,3
4557,9,9
4558,2,2
4559,8,8
4560,2,2
4561,9,9
4562,7,7
4563,3,3
4564,5,5
4565,3,3
4566,9,9
4567,0,0
4568,5,5
4569,9,9
4570,7,7
4571,8,8
4572,4,4
4573,7,7
4574,6,6
4575,8,8
4576,6,6
4577,9,9
4578,1,1
4579,7,7
4580,0,0
4581,7,7
4582,7,7
4583,7,7
4584,7,7
4585,9,9
4586,4,4
4587,4,4
4588,3,3
4589,0,0
4590,5,5
4591,8,8
4592,5,5
4593,5,5
4594,0,0
4595,7,7
4596,5,5
4597,3,3
4598,2,2
4599,6,6
4600,7,7
4601,7,7
4602,1,1
4603,6,6
4604,0,0
4605,4,4
4606,5,5
4607,3,3
4608,3,3
4609,2,2
4610,6,6
4611,0,0
4612,4,4
4613,5,5
4614,0,0
4615,7,7
4616,5,5
4617,7,7
4618,5,5
4619,9,9
4620,1,1
4621,2,2
4622,2,2
4623,9,9
4624,3,3
4625,7,7
4626,5,5
4627,0,0
4628,7,7
4629,3,3
4630,5,5
4631,4,4
4632,1,1
4633,5,5
4634,1,1
4635,4,4
4636,8,8
4637,0,0
4638,1,1
4639,9,9
4640,7,7
4641,5,5
4642,3,3
4643,8,8
4644,1,1
4645,3,3
4646,4,4
4647,8,8
4648,6,6
4649,1,1
4650,9,9
4651,1,1
4652,1,1
4653,3,3
4654,9,9
4655,3,3
4656,3,3
4657,1,1
4658,7,7
4659,8,8
4660,4,4
4661,8,8
4662,6,6
4663,0,0
4664,6,6
4665,7,7
4666,4,4
4667,8,8
4668,5,5
4669,2,2
4670,7,7
4671,8,8
4672,8,8
4673,4,4
4674,7,7
4675,2,2
4676,9,9
4677,7,7
4678,5,5
4679,4,4
4680,0,0
4681,7,7
4682,3,3
4683,5,5
4684,7,7
4685,9,9
4686,3,3
4687,5,5
4688,3,3
4689,0,0
4690,0,0
4691,2,2
4692,7,7
4693,8,8
4694,7,7
4695,8,8
4696,1,1
4697,6,6
4698,7,7
4699,4,4
4700,2,2
4701,4,4
4702,4,4
4703,5,5
4704,2,2
4705,2,2
4706,7,7
4707,5,5
4708,9,9
4709,4,4
4710,1,1
4711,9,9
4712,1,1
4713,3,3
4714,6,6
4715,1,1
4716,1,1
4717,6,6
4718,4,4
4719,7,7
4720,0,0
4721,5,5
4722,6,6
4723,7,7
4724,4,4
4725,5,5
4726,5,5
4727,5,5
4728,0,0
4729,3,3
4730,5,5
4731,1,1
4732,4,4
4733,6,6
4734,0,0
4735,7,7
4736,7,7
4737,5,5
4738,3,3
4739,7,7
4740,2,2
4741,4,4
4742,1,1
4743,5,5
4744,3,3
4745,7,7
4746,5,5
4747,5,5
4748,3,3
4749,3,3
4750,1,1
4751,1,1
4752,1,1
4753,6,6
4754,0,0
4755,6,6
4756,4,4
4757,5,5
4758,5,5
4759,5,5
4760,7,7
4761,6,6
4762,0,0
4763,1,1
4764,1,1
4765,4,4
4766,1,1
4767,5,5
4768,0,0
4769,5,5
4770,4,4
4771,5,5
4772,1,1
4773,3,3
4774,8,8
4775,1,1
4776,4,4
4777,6,6
4778,4,4
4779,5,5
4780,0,0
4781,5,5
4782,0,0
4783,7,7
4784,5,5
4785,5,5
4786,7,7
4787,5,5
4788,5,5
4789,5,5
4790,1,1
4791,5,5
4792,2,2
4793,3,3
4794,0,0
4795,7,7
4796,5,5
4797,5,5
4798,0,0
4799,5,5
4800,4,4
4801,5,5
4802,0,0
4803,2,2
4804,0,0
4805,6,6
4806,0,0
4807,1,1
4808,7,7
4809,0,0
4810,1,1
4811,5,5
4812,0,0
4813,1,1
4814,5,5
4815,1,1
4816,8,8
4817,4,4
4818,1,1
4819,6,6
4820,7,7
4821,1,1
4822,8,8
4823,7,7
4824,5,5
4825,0,0
4826,0,0
4827,4,4
4828,1,1
4829,5,5
4830,0,0
4831,5,5
4832,0,0
4833,5,5
4834,5,5
4835,6,6
4836,7,7
4837,5,5
4838,5,5
4839,5,5
4840,0,0
4841,5,5
4842,0,0
4843,6,6
4844,7,7
4845,7,7
4846,5,5
4847,7,7
4848,1,1
4849,3,3
4850,7,7
4851,6,6
4852,3,3
4853,5,5
4854,3,3
4855,3,3
4856,6,6
4857,5,5
4858,8,8
4859,7,7
4860,7,7
4861,1,1
4862,2,2
4863,5,5
4864,7,7
4865,1,1
4866,5,5
4867,5,5
4868,7,7
4869,0,0
4870,3,3
4871,4,4
4872,1,1
4873,5,5
4874,0,0
4875,5,5
4876,0,0
4877,5,5
4878,7,7
4879,5,5
4880,6,6
4881,7,7
4882,4,4
4883,7,7
4884,1,1
4885,7,7
4886,4,4
4887,5,5
4888,0,0
4889,3,3
4890,5,5
4891,7,7
4892,3,3
4893,5,5
4894,0,0
4895,5,5
4896,5,5
4897,0,0
4898,7,7
4899,5,5
4900,1,1
4901,5,5
4902,0,0
4903,1,1
4904,8,8
4905,4,4
4906,3,3
4907,5,5
4908,1,1
4909,5,5
4910,4,4
4911,3,3
4912,0,0
4913,1,1
4914,1,1
4915,6,6
4916,0,0
4917,7,7
4918,4,4
4919,5,5
4920,1,1
4921,9,9
4922,5,5
4923,4,4
4924,1,1
4925,8,8
4926,3,3
4927,8,8
4928,5,5
4929,5,5
4930,4,4
4931,3,3
4932,8,8
4933,9,9
4934,4,4
4935,2,2
4936,0,0
4937,7,7
4938,6,6
4939,8,8
4940,8,8
4941,9,9
4942,1,1
4943,2,2
4944,1,1
4945,8,8
4946,0,0
4947,2,2
4948,7,7
4949,8,8
4950,1,1
4951,3,3
4952,5,5
4953,9,9
4954,5,5
4955,2,2
4956,7,7
4957,7,7
4958,1,1
4959,0,0
4960,1,1
4961,9,9
4962,7,7
4963,4,4
4964,0,0
4965,8,8
4966,7,7
4967,2,2
4968,7,7
4969,2,2
4970,1,1
4971,1,1
4972,1,1
4973,0,0
4974,7,7
4975,0,0
4976,1,1
4977,8,8
4978,1,1
4979,9,9
4980,4,4
4981,3,3
4982,2,2
4983,8,8
4984,8,8
4985,3,3
4986,1,1
4987,2,2
4988,2,2
4989,8,8
4990,4,4
4991,8,8
4992,2,2
4993,9,9
4994,3,3
4995,8,8
4996,2,2
4997,6,6
4998,1,1
4999,6,6
5000,5,5
5001,2,2
5002,0,0
5003,4,4
5004,1,1
5005,2,2
5006,1,1
5007,3,3
5008,5,5
5009,2,2
5010,3,3
5011,7,7
5012,1,1
5013,3,3
5014,0,0
5015,3,3
5016,6,6
5017,0,0
5018,4,4
5019,3,3
5020,1,1
5021,4,4
5022,1,1
5023,9,9
5024,5,5
5025,8,8
5026,4,4
5027,8,8
5028,7,7
5029,2,2
5030,2,2
5031,2,2
5032,0,0
5033,8,8
5034,2,2
5035,8,8
5036,7,7
5037,9,9
5038,0,0
5039,4,4
5040,4,4
5041,2,2
5042,1,1
5043,2,2
5044,8,8
5045,5,5
5046,5,5
5047,8,8
5048,3,3
5049,8,8
5050,2,2
5051,9,9
5052,5,5
5053,3,3
5054,1,1
5055,2,2
5056,2,2
5057,8,8
5058,1,1
5059,8,8
5060,7,7
5061,9,9
5062,5,5
5063,8,8
5064,5,5
5065,6,6
5066,7,7
5067,2,2
5068,5,5
5069,8,8
5070,4,4
5071,4,4
5072,3,3
5073,9,9
5074,3,3
5075,9,9
5076,6,6
5077,0,0
5078,7,7
5079,9,9
5080,7,7
5081,9,9
5082,2,2
5083,3,3
5084,4,4
5085,4,4
5086,2,2
5087,2,2
5088,7,7
5089,8,8
5090,1,1
5091,0,0
5092,7,7
5093,5,5
5094,9,9
5095,6,6
5096,3,3
5097,2,2
5098,1,1
5099,4,4
5100,0,0
5101,0,0
5102,7,7
5103,3,3
5104,6,6
5105,8,8
5106,5,5
5107,9,9
5108,3,3
5109,9,9
5110,1,1
5111,5,5
5112,1,1
5113,6,6
5114,9,9
5115,3,3
5116,2,2
5117,4,4
5118,0,0
5119,2,2
5120,3,3
5121,4,4
5122,8,8
5123,9,9
5124,1,1
5125,0,0
5126,4,4
5127,6,6
5128,1,1
5129,3,3
5130,5,5
5131,3,3
5132,9,9
5133,3,3
5134,5,5
5135,6,6
5136,7,7
5137,8,8
5138,5,5
5139,7,7
5140,2,2
5141,4,4
5142,0,0
5143,2,2
5144,7,7
5145,4,4
5146,0,0
5147,3,3
5148,1,1
5149,9,9
5150,0,0
5151,6,6
5152,4,4
5153,7,7
5154,3,3
5155,9,9
5156,6,6
5157,9,9
5158,9,9
5159,4,4
5160,7,7
5161,8,8
5162,6,6
5163,2,2
5164,0,0
5165,8,8
5166,6,6
5167,3,3
5168,9,9
5169,9,9
5170,2,2
5171,5,5
5172,0,0
5173,2,2
5174,0,0
5175,9,9
5176,1,1
5177,9,9
5178,0,0
5179,4,4
5180,0,0
5181,8,8
5182,0,0
5183,2,2
5184,7,7
5185,8,8
5186,7,7
5187,3,3
5188,5,5
5189,9,9
5190,7,7
5191,6,6
5192,7,7
5193,7,7
5194,3,3
5195,8,8
5196,7,7
5197,8,8
5198,5,5
5199,2,2
5200,2,2
5201,8,8
5202,3,3
5203,3,3
5204,1,1
5205,2,2
5206,8,8
5207,2,2
5208,0,0
5209,8,8
5210,2,2
5211,4,4
5212,8,8
5213,4,4
5214,0,0
5215,2,2
5216,9,9
5217,9,9
5218,4,4
5219,8,8
5220,2,2
5221,9,9
5222,4,4
5223,8,8
5224,1,1
5225,9,9
5226,4,4
5227,6,6
5228,3,3
5229,8,8
5230,4,4
5231,4,4
5232,9,9
5233,8,8
5234,1,1
5235,9,9
5236,6,6
5237,9,9
5238,2,2
5239,9,9
5240,2,2
5241,6,6
5242,0,0
5243,2,2
5244,3,3
5245,9,9
5246,3,3
5247,6,6
5248,7,7
5249,3,3
5250,7,7
5251,8,8
5252,7,7
5253,8,8
5254,8,8
5255,9,9
5256,1,1
5257,2,2
5258,6,6
5259,6,6
5260,4,4
5261,8,8
5262,9,9
5263,2,2
5264,0,0
5265,9,9
5266,3,3
5267,4,4
5268,3,3
5269,8,8
5270,7,7
5271,9,9
5272,2,2
5273,4,4
5274,4,4
5275,3,3
5276,0,0
5277,7,7
5278,5,5
5279,4,4
5280,0,0
5281,2,2
5282,5,5
5283,8,8
5284,7,7
5285,3,3
5286,3,3
5287,9,9
5288,7,7
5289,6,6
5290,9,9
5291,8,8
5292,2,2
5293,9,9
5294,1,1
5295,9,9
5296,1,1
5297,6,6
5298,5,5
5299,2,2
5300,0,0
5301,9,9
5302,0,0
5303,9,9
5304,1,1
5305,9,9
5306,1,1
5307,5,5
5308,5,5
5309,9,9
5310,4,4
5311,4,4
5312,0,0
5313,8,8
5314,6,6
5315,8,8
5316,5,5
5317,3,3
5318,6,6
5319,3,3
5320,5,5
5321,3,3
5322,0,0
5323,7,7
5324,1,1
5325,8,8
5326,8,8
5327,3,3
5328,2,2
5329,4,4
5330,3,3
5331,9,9
5332,4,4
5333,7,7
5334,5,5
5335,2,2
5336,1,1
5337,7,7
5338,0,0
5339,8,8
5340,3,3
5341,8,8
5342,3,3
5343,2,2
5344,3,3
5345,6,6
5346,8,8
5347,8,8
5348,7,7
5349,8,8
5350,5,5
5351,9,9
5352,0,0
5353,3,3
5354,1,1
5355,9,9
5356,0,0
5357,6,6
5358,7,7
5359,7,7
5360,7,7
5361,8,8
5362,5,5
5363,2,2
5364,4,4
5365,4,4
5366,5,5
5367,8,8
5368,2,2
5369,2,2
5370,5,5
5371,0,0
5372,0,0
5373,3,3
5374,4,4
5375,9,9
5376,7,7
5377,6,6
5378,0,0
5379,7,7
5380,6,6
5381,9,9
5382,0,0
5383,2,2
5384,5,5
5385,4,4
5386,5,5
5387,5,5
5388,7,7
5389,2,2
5390,1,1
5391,8,8
5392,7,7
5393,3,3
5394,7,7
5395,9,9
5396,9,9
5397,6,6
5398,3,3
5399,7,7
5400,9,9
5401,8,8
5402,5,5
5403,2,2
5404,0,0
5405,4,4
5406,5,5
5407,8,8
5408,9,9
5409,2,2
5410,5,5
5411,8,8
5412,7,7
5413,4,4
5414,1,1
5415,6,6
5416,5,5
5417,2,2
5418,7,7
5419,4,4
5420,6,6
5421,6,6
5422,5,5
5423,2,2
5424,7,7
5425,9,9
5426,0,0
5427,8,8
5428,9,9
5429,9,9
5430,7,7
5431,2,2
5432,7,7
5433,7,7
5434,7,7
5435,2,2
5436,7,7
5437,0,0
5438,1,1
5439,9,9
5440,0,0
5441,8,8
5442,7,7
5443,9,9
5444,0,0
5445,9,9
5446,8,8
5447,8,8
5448,8,8
5449,6,6
5450,0,0
5451,4,4
5452,7,7
5453,2,2
5454,8,8
5455,7,7
5456,7,7
5457,8,8
5458,7,7
5459,0,0
5460,2,2
5461,3,3
5462,4,4
5463,2,2
5464,7,7
5465,8,8
5466,2,2
5467,7,7
5468,3,3
5469,3,3
5470,3,3
5471,7,7
5472,8,8
5473,8,8
5474,5,5
5475,3,3
5476,2,2
5477,9,9
5478,5,5
5479,9,9
5480,7,7
5481,6,6
5482,0,0
5483,9,9
5484,1,1
5485,4,4
5486,4,4
5487,3,3
5488,3,3
5489,2,2
5490,0,0
5491,7,7
5492,5,5
5493,7,7
5494,9,9
5495,4,4
5496,5,5
5497,7,7
5498,4,4
5499,2,2
5500,1,1
5501,8,8
5502,7,7
5503,8,8
5504,8,8
5505,3,3
5506,7,7
5507,9,9
5508,6,6
5509,6,6
5510,7,7
5511,7,7
5512,3,3
5513,8,8
5514,3,3
5515,2,2
5516,1,1
5517,4,4
5518,0,0
5519,8,8
5520,1,1
5521,2,2
5522,5,5
5523,8,8
5524,4,4
5525,3,3
5526,1,1
5527,9,9
5528,6,6
5529,6,6
5530,1,1
5531,2,2
5532,5,5
5533,8,8
5534,7,7
5535,8,8
5536,4,4
5537,2,2
5538,0,0
5539,8,8
5540,0,0
5541,3,3
5542,7,7
5543,9,9
5544,0,0
5545,6,6
5546,0,0
5547,2,2
5548,7,7
5549,8,8
5550,7,7
5551,9,9
5552,1,1
5553,3,3
5554,3,3
5555,8,8
5556,4,4
5557,2,2
5558,8,8
5559,8,8
5560,3,3
5561,4,4
5562,2,2
5563,3,3
5564,9,9
5565,8,8
5566,4,4
5567,2,2
5568,0,0
5569,8,8
5570,1,1
5571,9,9
5572,5,5
5573,2,2
5574,2,2
5575,8,8
5576,4,4
5577,8,8
5578,7,7
5579,8,8
5580,5,5
5581,8,8
5582,1,1
5583,3,3
5584,8,8
5585,3,3
5586,4,4
5587,4,4
5588,7,7
5589,8,8
5590,5,5
5591,2,2
5592,0,0
5593,4,4
5594,0,0
5595,8,8
5596,0,0
5597,2,2
5598,2,2
5599,9,9
5600,4,4
5601,9,9
5602,1,1
5603,2,2
5604,3,3
5605,2,2
5606,7,7
5607,8,8
5608,3,3
5609,2,2
5610,1,1
5611,6,6
5612,2,2
5613,8,8
5614,5,5
5615,3,3
5616,1,1
5617,8,8
5618,6,6
5619,4,4
5620,0,0
5621,6,6
5622,3,3
5623,8,8
5624,9,9
5625,2,2
5626,8,8
5627,3,3
5628,9,9
5629,4,4
5630,1,1
5631,8,8
5632,7,7
5633,2,2
5634,5,5
5635,9,9
5636,5,5
5637,2,2
5638,8,8
5639,8,8
5640,9,9
5641,3,3
5642,7,7
5643,9,9
5644,9,9
5645,8,8
5646,3,3
5647,6,6
5648,1,1
5649,2,2
5650,9,9
5651,8,8
5652,0,0
5653,2,2
5654,4,4
5655,9,9
5656,6,6
5657,8,8
5658,5,5
5659,2,2
5660,7,7
5661,8,8
5662,3,3
5663,8,8
5664,1,1
5665,3,3
5666,1,1
5667,9,9
5668,7,7
5669,0,0
5670,2,2
5671,4,4
5672,5,5
5673,5,5
5674,3,3
5675,9,9
5676,9,9
5677,6,6
5678,7,7
5679,3,3
5680,7,7
5681,9,9
5682,4,4
5683,7,7
5684,6,6
5685,2,2
5686,4,4
5687,6,6
5688,2,2
5689,8,8
5690,3,3
5691,9,9
5692,3,3
5693,4,4
5694,3,3
5695,2,2
5696,2,2
5697,2,2
5698,3,3
5699,2,2
5700,7,7
5701,8,8
5702,7,7
5703,0,0
5704,0,0
5705,8,8
5706,1,1
5707,5,5
5708,1,1
5709,4,4
5710,7,7
5711,2,2
5712,7,7
5713,9,9
5714,1,1
5715,6,6
5716,8,8
5717,2,2
5718,5,5
5719,8,8
5720,5,5
5721,4,4
5722,6,6
5723,8,8
5724,7,7
5725,2,2
5726,5,5
5727,8,8
5728,7,7
5729,2,2
5730,3,3
5731,9,9
5732,9,9
5733,6,6
5734,0,0
5735,9,9
5736,8,8
5737,2,2
5738,7,7
5739,4,4
5740,3,3
5741,8,8
5742,2,2
5743,2,2
5744,6,6
5745,8,8
5746,0,0
5747,3,3
5748,7,7
5749,9,9
5750,4,4
5751,6,6
5752,1,1
5753,2,2
5754,0,0
5755,8,8
5756,1,1
5757,2,2
5758,4,4
5759,4,4
5760,1,1
5761,8,8
5762,6,6
5763,2,2
5764,9,9
5765,8,8
5766,4,4
5767,3,3
5768,8,8
5769,8,8
5770,2,2
5771,9,9
5772,4,4
5773,2,2
5774,4,4
5775,2,2
5776,7,7
5777,8,8
5778,0,0
5779,9,9
5780,2,2
5781,2,2
5782,4,4
5783,2,2
5784,8,8
5785,9,9
5786,0,0
5787,2,2
5788,7,7
5789,9,9
5790,4,4
5791,2,2
5792,5,5
5793,2,2
5794,5,5
5795,8,8
5796,5,5
5797,8,8
5798,0,0
5799,2,2
5800,4,4
5801,3,3
5802,5,5
5803,0,0
5804,5,5
5805,8,8
5806,0,0
5807,8,8
5808,3,3
5809,2,2
5810,5,5
5811,8,8
5812,7,7
5813,8,8
5814,1,1
5815,6,6
5816,7,7
5817,0,0
5818,0,0
5819,2,2
5820,7,7
5821,8,8
5822,5,5
5823,6,6
5824,1,1
5825,8,8
5826,1,1
5827,2,2
5828,5,5
5829,0,0
5830,7,7
5831,2,2
5832,5,5
5833,9,9
5834,1,1
5835,0,0
5836,5,5
5837,4,4
5838,7,7
5839,2,2
5840,1,1
5841,6,6
5842,8,8
5843,6,6
5844,3,3
5845,6,6
5846,1,1
5847,9,9
5848,1,1
5849,4,4
5850,1,1
5851,8,8
5852,7,7
5853,2,2
5854,5,5
5855,8,8
5856,2,2
5857,9,9
5858,7,7
5859,9,9
5860,0,0
5861,4,4
5862,1,1
5863,8,8
5864,1,1
5865,0,0
5866,2,2
5867,6,6
5868,5,5
5869,8,8
5870,7,7
5871,2,2
5872,2,2
5873,9,9
5874,8,8
5875,2,2
5876,1,1
5877,4,4
5878,8,8
5879,4,4
5880,0,0
5881,3,3
5882,1,1
5883,2,2
5884,3,3
5885,6,6
5886,3,3
5887,2,2
5888,3,3
5889,4,4
5890,6,6
5891,8,8
5892,5,5
5893,8,8
5894,7,7
5895,6,6
5896,0,0
5897,8,8
5898,1,1
5899,2,2
5900,6,6
5901,8,8
5902,6,6
5903,9,9
5904,0,0
5905,2,2
5906,0,0
5907,6,6
5908,9,9
5909,6,6
5910,4,4
5911,2,2
5912,9,9
5913,4,4
5914,6,6
5915,9,9
5916,7,7
5917,2,2
5918,5,5
5919,2,2
5920,5,5
5921,2,2
5922,7,7
5923,2,2
5924,0,0
5925,9,9
5926,7,7
5927,2,2
5928,1,1
5929,3,3
5930,1,1
5931,4,4
5932,2,2
5933,9,9
5934,7,7
5935,4,4
5936,1,1
5937,8,8
5938,3,3
5939,2,2
5940,0,0
5941,2,2
5942,7,7
5943,8,8
5944,0,0
5945,8,8
5946,5,5
5947,8,8
5948,4,4
5949,2,2
5950,1,1
5951,4,4
5952,6,6
5953,8,8
5954,8,8
5955,9,9
5956,4,4
5957,9,9
5958,7,7
5959,8,8
5960,8,8
5961,3,3
5962,1,1
5963,9,9
5964,5,5
5965,6,6
5966,1,1
5967,3,3
5968,8,8
5969,8,8
5970,2,2
5971,9,9
5972,6,6
5973,4,4
5974,1,1
5975,8,8
5976,8,8
5977,2,2
5978,3,3
5979,0,0
5980,7,7
5981,3,3
5982,5,5
5983,9,9
5984,7,7
5985,6,6
5986,9,9
5987,7,7
5988,6,6
5989,8,8
5990,4,4
5991,8,8
5992,0,0
5993,4,4
5994,9,9
5995,8,8
5996,4,4
5997,2,2
5998,4,4
5999,8,8
6000,4,4
6001,3,3
6002,1,1
6003,9,9
6004,0,0
6005,6,6
6006,2,2
6007,7,7
6008,3,3
6009,8,8
6010,0,0
6011,9,9
6012,6,6
6013,4,4
6014,8,8
6015,8,8
6016,0,0
6017,2,2
6018,7,7
6019,8,8
6020,1,1
6021,9,9
6022,7,7
6023,3,3
6024,4,4
6025,5,5
6026,9,9
6027,2,2
6028,5,5
6029,4,4
6030,7,7
6031,4,4
6032,7,7
6033,7,7
6034,3,3
6035,8,8
6036,0,0
6037,8,8
6038,6,6
6039,6,6
6040,7,7
6041,2,2
6042,5,5
6043,9,9
6044,5,5
6045,3,3
6046,8,8
6047,4,4
6048,1,1
6049,8,8
6050,5,5
6051,8,8
6052,1,1
6053,8,8
6054,0,0
6055,6,6
6056,6,6
6057,7,7
6058,8,8
6059,7,7
6060,9,9
6061,0,0
6062,1,1
6063,6,6
6064,8,8
6065,3,3
6066,7,7
6067,0,0
6068,2,2
6069,7,7
6070,9,9
6071,7,7
6072,2,2
6073,0,0
6074,5,5
6075,9,9
6076,3,3
6077,2,2
6078,0,0
6079,6,6
6080,9,9
6081,7,7
6082,9,9
6083,9,9
6084,5,5
6085,4,4
6086,7,7
6087,8,8
6088,5,5
6089,3,3
6090,4,4
6091,8,8
6092,5,5
6093,2,2
6094,2,2
6095,8,8
6096,2,2
6097,3,3
6098,7,7
6099,6,6
6100,0,0
6101,8,8
6102,7,7
6103,3,3
6104,1,1
6105,6,6
6106,7,7
6107,8,8
6108,9,9
6109,8,8
6110,1,1
6111,2,2
6112,7,7
6113,3,3
6114,6,6
6115,8,8
6116,1,1
6117,3,3
6118,7,7
6119,4,4
6120,5,5
6121,0,0
6122,9,9
6123,7,7
6124,6,6
6125,6,6
6126,6,6
6127,8,8
6128,5,5
6129,2,2
6130,9,9
6131,4,4
6132,8,8
6133,3,3
6134,8,8
6135,9,9
6136,2,2
6137,3,3
6138,6,6
6139,4,4
6140,8,8
6141,8,8
6142,1,1
6143,6,6
6144,1,1
6145,0,0
6146,3,3
6147,8,8
6148,7,7
6149,0,0
6150,4,4
6151,8,8
6152,7,7
6153,2,2
6154,0,0
6155,0,0
6156,5,5
6157,4,4
6158,2,2
6159,4,4
6160,0,0
6161,6,6
6162,5,5
6163,7,7
6164,5,5
6165,9,9
6166,0,0
6167,8,8
6168,6,6
6169,9,9
6170,2,2
6171,9,9
6172,6,6
6173,8,8
6174,0,0
6175,7,7
6176,8,8
6177,8,8
6178,4,4
6179,3,3
6180,9,9
6181,1,1
6182,7,7
6183,9,9
6184,5,5
6185,7,7
6186,1,1
6187,2,2
6188,0,0
6189,8,8
6190,6,6
6191,0,0
6192,1,1
6193,8,8
6194,4,4
6195,8,8
6196,7,7
6197,9,9
6198,7,7
6199,2,2
6200,7,7
6201,4,4
6202,0,0
6203,2,2
6204,6,6
6205,8,8
6206,1,1
6207,3,3
6208,9,9
6209,9,9
6210,5,5
6211,4,4
6212,7,7
6213,2,2
6214,7,7
6215,0,0
6216,7,7
6217,2,2
6218,0,0
6219,4,4
6220,0,0
6221,0,0
6222,6,6
6223,2,2
6224,8,8
6225,0,0
6226,1,1
6227,3,3
6228,3,3
6229,9,9
6230,7,7
6231,6,6
6232,1,1
6233,2,2
6234,5,5
6235,4,4
6236,4,4
6237,2,2
6238,5,5
6239,4,4
6240,7,7
6241,0,0
6242,7,7
6243,2,2
6244,1,1
6245,3,3
6246,1,1
6247,9,9
6248,8,8
6249,6,6
6250,9,9
6251,2,2
6252,9,9
6253,5,5
6254,9,9
6255,4,4
6256,5,5
6257,4,4
6258,5,5
6259,0,0
6260,0,0
6261,2,2
6262,9,9
6263,8,8
6264,2,2
6265,4,4
6266,4,4
6267,4,4
6268,0,0
6269,4,4
6270,1,1
6271,0,0
6272,0,0
6273,6,6
6274,7,7
6275,2,2
6276,9,9
6277,9,9
6278,0,0
6279,2,2
6280,5,5
6281,4,4
6282,7,7
6283,8,8
6284,0,0
6285,0,0
6286,7,7
6287,0,0
6288,2,2
6289,4,4
6290,4,4
6291,2,2
6292,3,3
6293,2,2
6294,8,8
6295,0,0
6296,3,3
6297,2,2
6298,7,7
6299,2,2
6300,7,7
6301,5,5
6302,3,3
6303,9,9
6304,0,0
6305,2,2
6306,5,5
6307,4,4
6308,5,5
6309,2,2
6310,0,0
6311,9,9
6312,0,0
6313,4,4
6314,5,5
6315,0,0
6316,3,3
6317,2,2
6318,1,1
6319,8,8
6320,4,4
6321,2,2
6322,2,2
6323,8,8
6324,2,2
6325,3,3
6326,3,3
6327,4,4
6328,1,1
6329,0,0
6330,3,3
6331,2,2
6332,3,3
6333,0,0
6334,0,0
6335,2,2
6336,0,0
6337,2,2
6338,4,4
6339,0,0
6340,7,7
6341,3,3
6342,1,1
6343,4,4
6344,6,6
6345,3,3
6346,2,2
6347,2,2
6348,1,1
6349,6,6
6350,7,7
6351,8,8
6352,2,2
6353,2,2
6354,7,7
6355,4,4
6356,9,9
6357,3,3
6358,0,0
6359,3,3
6360,9,9
6361,8,8
6362,1,1
6363,2,2
6364,7,7
6365,9,9
6366,1,1
6367,2,2
6368,5,5
6369,2,2
6370,0,0
6371,9,9
6372,9,9
6373,4,4
6374,7,7
6375,0,0
6376,5,5
6377,6,6
6378,0,0
6379,0,0
6380,9,9
6381,0,0
6382,0,0
6383,5,5
6384,1,1
6385,2,2
6386,6,6
6387,4,4
6388,4,4
6389,2,2
6390,2,2
6391,6,6
6392,4,4
6393,4,4
6394,3,3
6395,9,9
6396,4,4
6397,0,0
6398,1,1
6399,4,4
6400,3,3
6401,2,2
6402,4,4
6403,0,0
6404,1,1
6405,2,2
6406,7,7
6407,2,2
6408,1,1
6409,3,3
6410,7,7
6411,9,9
6412,2,2
6413,9,9
6414,6,6
6415,2,2
6416,9,9
6417,2,2
6418,4,4
6419,9,9
6420,7,7
6421,3,3
6422,3,3
6423,9,9
6424,5,5
6425,6,6
6426,7,7
6427,7,7
6428,4,4
6429,8,8
6430,5,5
6431,8,8
6432,9,9
6433,4,4
6434,0,0
6435,0,0
6436,1,1
6437,2,2
6438,5,5
6439,0,0
6440,7,7
6441,3,3
6442,6,6
6443,9,9
6444,3,3
6445,6,6
6446,7,7
6447,2,2
6448,4,4
6449,8,8
6450,7,7
6451,9,9
6452,4,4
6453,4,4
6454,0,0
6455,8,8
6456,4,4
6457,8,8
6458,1,1
6459,8,8
6460,0,0
6461,3,3
6462,5,5
6463,9,9
6464,1,1
6465,6,6
6466,3,3
6467,7,7
6468,3,3
6469,8,8
6470,0,0
6471,9,9
6472,5,5
6473,4,4
6474,6,6
6475,0,0
6476,5,5
6477,2,2
6478,2,2
6479,8,8
6480,1,1
6481,8,8
6482,4,4
6483,8,8
6484,5,5
6485,0,0
6486,4,4
6487,0,0
6488,1,1
6489,2,2
6490,8,8
6491,0,0
6492,1,1
6493,2,2
6494,9,9
6495,2,2
6496,5,5
6497,2,2
6498,9,9
6499,9,9
6500,1,1
6501,9,9
6502,3,3
6503,2,2
6504,7,7
6505,6,6
6506,2,2
6507,0,0
6508,2,2
6509,4,4
6510,8,8
6511,9,9
6512,2,2
6513,2,2
6514,5,5
6515,6,6
6516,7,7
6517,4,4
6518,5,5
6519,5,5
6520,5,5
6521,9,9
6522,2,2
6523,2,2
6524,7,7
6525,8,8
6526,5,5
6527,2,2
6528,0,0
6529,2,2
6530,9,9
6531,9,9
6532,0,0
6533,2,2
6534,0,0
6535,8,8
6536,5,5
6537,9,9
6538,3,3
6539,7,7
6540,9,9
6541,4,4
6542,0,0
6543,7,7
6544,2,2
6545,7,7
6546,9,9
6547,6,6
6548,4,4
6549,6,6
6550,8,8
6551,4,4
6552,5,5
6553,4,4
6554,9,9
6555,2,2
6556,5,5
6557,2,2
6558,1,1
6559,7,7
6560,5,5
6561,7,7
6562,4,4
6563,2,2
6564,5,5
6565,9,9
6566,0,0
6567,4,4
6568,9,9
6569,8,8
6570,1,1
6571,4,4
6572,4,4
6573,2,2
6574,4,4
6575,1,1
6576,7,7
6577,0,0
6578,4,4
6579,0,0
6580,7,7
6581,4,4
6582,7,7
6583,9,9
6584,7,7
6585,7,7
6586,1,1
6587,0,0
6588,5,5
6589,0,0
6590,0,0
6591,2,2
6592,7,7
6593,3,3
6594,7,7
6595,7,7
6596,5,5
6597,8,8
6598,5,5
6599,0,0
6600,0,0
6601,2,2
6602,4,4
6603,3,3
6604,7,7
6605,6,6
6606,2,2
6607,3,3
6608,0,0
6609,1,1
6610,7,7
6611,3,3
6612,7,7
6613,9,9
6614,3,3
6615,3,3
6616,0,0
6617,9,9
6618,2,2
6619,3,3
6620,2,2
6621,8,8
6622,2,2
6623,8,8
6624,6,6
6625,0,0
6626,6,6
6627,6,6
6628,6,6
6629,3,3
6630,3,3
6631,4,4
6632,7,7
6633,5,5
6634,0,0
6635,4,4
6636,1,1
6637,6,6
6638,4,4
6639,6,6
6640,1,1
6641,8,8
6642,6,6
6643,8,8
6644,2,2
6645,3,3
6646,7,7
6647,1,1
6648,3,3
6649,6,6
6650,0,0
6651,7,7
6652,5,5
6653,0,0
6654,1,1
6655,2,2
6656,5,5
6657,4,4
6658,0,0
6659,2,2
6660,7,7
6661,0,0
6662,7,7
6663,2,2
6664,7,7
6665,1,1
6666,5,5
6667,7,7
6668,0,0
6669,0,0
6670,4,4
6671,2,2
6672,5,5
6673,4,4
6674,0,0
6675,8,8
6676,3,3
6677,7,7
6678,1,1
6679,0,0
6680,7,7
6681,3,3
6682,1,1
6683,1,1
6684,3,3
6685,9,9
6686,8,8
6687,7,7
6688,8,8
6689,0,0
6690,4,4
6691,2,2
6692,5,5
6693,4,4
6694,5,5
6695,8,8
6696,0,0
6697,2,2
6698,1,1
6699,8,8
6700,3,3
6701,1,1
6702,1,1
6703,2,2
6704,3,3
6705,4,4
6706,7,7
6707,9,9
6708,5,5
6709,9,9
6710,7,7
6711,2,2
6712,2,2
6713,0,0
6714,0,0
6715,8,8
6716,5,5
6717,8,8
6718,1,1
6719,2,2
6720,4,4
6721,4,4
6722,5,5
6723,2,2
6724,5,5
6725,6,6
6726,5,5
6727,4,4
6728,2,2
6729,8,8
6730,5,5
6731,2,2
6732,5,5
6733,8,8
6734,0,0
6735,2,2
6736,9,9
6737,2,2
6738,3,3
6739,2,2
6740,0,0
6741,0,0
6742,4,4
6743,9,9
6744,2,2
6745,9,9
6746,2,2
6747,9,9
6748,1,1
6749,9,9
6750,7,7
6751,8,8
6752,0,0
6753,8,8
6754,7,7
6755,5,5
6756,0,0
6757,3,3
6758,3,3
6759,8,8
6760,2,2
6761,0,0
6762,1,1
6763,2,2
6764,6,6
6765,0,0
6766,7,7
6767,4,4
6768,3,3
6769,0,0
6770,8,8
6771,9,9
6772,2,2
6773,6,6
6774,2,2
6775,1,1
6776,7,7
6777,0,0
6778,0,0
6779,8,8
6780,9,9
6781,8,8
6782,7,7
6783,9,9
6784,7,7
6785,9,9
6786,5,5
6787,8,8
6788,7,7
6789,9,9
6790,0,0
6791,2,2
6792,2,2
6793,1,1
6794,5,5
6795,2,2
6796,4,4
6797,8,8
6798,0,0
6799,1,1
6800,4,4
6801,2,2
6802,3,3
6803,2,2
6804,5,5
6805,6,6
6806,0,0
6807,1,1
6808,8,8
6809,1,1
6810,0,0
6811,9,9
6812,8,8
6813,0,0
6814,2,2
6815,6,6
6816,9,9
6817,9,9
6818,0,0
6819,2,2
6820,0,0
6821,0,0
6822,1,1
6823,2,2
6824,8,8
6825,2,2
6826,7,7
6827,0,0
6828,1,1
6829,2,2
6830,0,0
6831,9,9
6832,7,7
6833,8,8
6834,1,1
6835,0,0
6836,7,7
6837,4,4
6838,0,0
6839,9,9
6840,7,7
6841,6,6
6842,8,8
6843,9,9
6844,7,7
6845,8,8
6846,6,6
6847,3,3
6848,3,3
6849,8,8
6850,0,0
6851,9,9
6852,7,7
6853,9,9
6854,4,4
6855,2,2
6856,7,7
6857,3,3
6858,1,1
6859,1,1
6860,6,6
6861,6,6
6862,1,1
6863,7,7
6864,1,1
6865,5,5
6866,5,5
6867,8,8
6868,7,7
6869,4,4
6870,1,1
6871,0,0
6872,5,5
6873,2,2
6874,4,4
6875,3,3
6876,4,4
6877,9,9
6878,5,5
6879,8,8
6880,1,1
6881,8,8
6882,0,0
6883,3,3
6884,7,7
6885,2,2
6886,0,0
6887,0,0
6888,2,2
6889,8,8
6890,5,5
6891,2,2
6892,7,7
6893,8,8
6894,7,7
6895,4,4
6896,7,7
6897,7,7
6898,7,7
6899,6,6
6900,9,9
6901,0,0
6902,0,0
6903,1,1
6904,1,1
6905,2,2
6906,7,7
6907,4,4
6908,0,0
6909,4,4
6910,6,6
6911,0,0
6912,7,7
6913,1,1
6914,0,0
6915,8,8
6916,2,2
6917,3,3
6918,5,5
6919,6,6
6920,3,3
6921,6,6
6922,8,8
6923,3,3
6924,1,1
6925,9,9
6926,1,1
6927,4,4
6928,3,3
6929,9,9
6930,4,4
6931,9,9
6932,0,0
6933,1,1
6934,5,5
6935,3,3
6936,0,0
6937,6,6
6938,2,2
6939,2,2
6940,7,7
6941,5,5
6942,4,4
6943,2,2
6944,6,6
6945,7,7
6946,9,9
6947,0,0
6948,7,7
6949,8,8
6950,0,0
6951,9,9
6952,8,8
6953,8,8
6954,4,4
6955,0,0
6956,0,0
6957,2,2
6958,3,3
6959,2,2
6960,3,3
6961,0,0
6962,7,7
6963,4,4
6964,0,0
6965,5,5
6966,7,7
6967,3,3
6968,3,3
6969,0,0
6970,3,3
6971,4,4
6972,3,3
6973,3,3
6974,6,6
6975,1,1
6976,1,1
6977,1,1
6978,2,2
6979,3,3
6980,7,7
6981,2,2
6982,4,4
6983,9,9
6984,7,7
6985,9,9
6986,0,0
6987,3,3
6988,7,7
6989,9,9
6990,0,0
6991,2,2
6992,6,6
6993,0,0
6994,0,0
6995,0,0
6996,0,0
6997,2,2
6998,1,1
6999,0,0
7000,7,7
7001,0,0
7002,5,5
7003,3,3
7004,3,3
7005,6,6
7006,0,0
7007,9,9
7008,4,4
7009,0,0
7010,5,5
7011,8,8
7012,3,3
7013,5,5
7014,6,6
7015,1,1
7016,0,0
7017,8,8
7018,3,3
7019,0,0
7020,1,1
7021,2,2
7022,9,9
7023,0,0
7024,7,7
7025,3,3
7026,2,2
7027,9,9
7028,8,8
7029,2,2
7030,1,1
7031,6,6
7032,2,2
7033,5,5
7034,7,7
7035,2,2
7036,0,0
7037,3,3
7038,3,3
7039,9,9
7040,1,1
7041,6,6
7042,7,7
7043,2,2
7044,7,7
7045,8,8
7046,7,7
7047,9,9
7048,9,9
7049,9,9
7050,3,3
7051,2,2
7052,3,3
7053,8,8
7054,0,0
7055,3,3
7056,0,0
7057,9,9
7058,9,9
7059,8,8
7060,1,1
7061,8,8
7062,3,3
7063,4,4
7064,4,4
7065,2,2
7066,3,3
7067,7,7
7068,2,2
7069,8,8
7070,0,0
7071,8,8
7072,6,6
7073,9,9
7074,1,1
7075,9,9
7076,7,7
7077,8,8
7078,9,9
7079,6,6
7080,7,7
7081,9,9
7082,1,1
7083,8,8
7084,1,1
7085,0,0
7086,4,4
7087,8,8
7088,6,6
7089,9,9
7090,5,5
7091,9,9
7092,8,8
7093,6,6
7094,0,0
7095,4,4
7096,5,5
7097,2,2
7098,5,5
7099,8,8
7100,5,5
7101,9,9
7102,5,5
7103,2,2
7104,4,4
7105,9,9
7106,7,7
7107,6,6
7108,5,5
7109,4,4
7110,0,0
7111,4,4
7112,1,1
7113,5,5
7114,5,5
7115,2,2
7116,1,1
7117,2,2
7118,0,0
7119,9,9
7120,5,5
7121,2,2
7122,1,1
7123,2,2
7124,5,5
7125,8,8
7126,4,4
7127,2,2
7128,3,3
7129,3,3
7130,2,2
7131,9,9
7132,7,7
7133,9,9
7134,7,7
7135,3,3
7136,2,2
7137,2,2
7138,1,1
7139,6,6
7140,6,6
7141,2,2
7142,7,7
7143,3,3
7144,7,7
7145,8,8
7146,6,6
7147,2,2
7148,0,0
7149,9,9
7150,1,1
7151,2,2
7152,5,5
7153,6,6
7154,7,7
7155,8,8
7156,7,7
7157,8,8
7158,3,3
7159,2,2
7160,4,4
7161,2,2
7162,7,7
7163,4,4
7164,3,3
7165,2,2
7166,5,5
7167,8,8
7168,3,3
7169,9,9
7170,6,6
7171,8,8
7172,2,2
7173,8,8
7174,8,8
7175,9,9
7176,1,1
7177,6,6
7178,0,0
7179,4,4
7180,0,0
7181,3,3
7182,7,7
7183,2,2
7184,2,2
7185,9,9
7186,5,5
7187,6,6
7188,9,9
7189,1,1
7190,7,7
7191,8,8
7192,5,5
7193,2,2
7194,8,8
7195,4,4
7196,6,6
7197,8,8
7198,5,5
7199,9,9
7200,0,0
7201,8,8
7202,5,5
7203,3,3
7204,5,5
7205,9,9
7206,4,4
7207,2,2
7208,5,5
7209,2,2
7210,0,0
7211,9,9
7212,4,4
7213,8,8
7214,9,9
7215,9,9
7216,9,9
7217,8,8
7218,7,7
7219,2,2
7220,4,4
7221,9,9
7222,1,1
7223,6,6
7224,4,4
7225,1,1
7226,9,9
7227,9,9
7228,2,2
7229,8,8
7230,4,4
7231,2,2
7232,0,0
7233,9,9
7234,1,1
7235,9,9
7236,0,0
7237,9,9
7238,2,2
7239,8,8
7240,1,1
7241,8,8
7242,3,3
7243,2,2
7244,7,7
7245,8,8
7246,0,0
7247,2,2
7248,5,5
7249,9,9
7250,2,2
7251,8,8
7252,0,0
7253,9,9
7254,3,3
7255,8,8
7256,0,0
7257,6,6
7258,0,0
7259,6,6
7260,9,9
7261,7,7
7262,6,6
7263,7,7
7264,0,0
7265,6,6
7266,6,6
7267,2,2
7268,4,4
7269,8,8
7270,1,1
7271,2,2
7272,3,3
7273,4,4
7274,5,5
7275,9,9
7276,7,7
7277,8,8
7278,9,9
7279,9,9
7280,5,5
7281,3,3
7282,0,0
7283,0,0
7284,8,8
7285,8,8
7286,3,3
7287,8,8
7288,7,7
7289,9,9
7290,2,2
7291,4,4
7292,1,1
7293,7,7
7294,7,7
7295,0,0
7296,0,0
7297,2,2
7298,4,4
7299,9,9
7300,8,8
7301,8,8
7302,7,7
7303,9,9
7304,9,9
7305,2,2
7306,0,0
7307,2,2
7308,1,1
7309,8,8
7310,0,0
7311,9,9
7312,0,0
7313,9,9
7314,8,8
7315,9,9
7316,5,5
7317,9,9
7318,3,3
7319,9,9
7320,1,1
7321,2,2
7322,2,2
7323,9,9
7324,1,1
7325,2,2
7326,6,6
7327,8,8
7328,2,2
7329,9,9
7330,1,1
7331,8,8
7332,7,7
7333,8,8
7334,8,8
7335,8,8
7336,7,7
7337,2,2
7338,3,3
7339,7,7
7340,8,8
7341,9,9
7342,1,1
7343,8,8
7344,6,6
7345,9,9
7346,0,0
7347,9,9
7348,8,8
7349,9,9
7350,8,8
7351,7,7
7352,0,0
7353,6,6
7354,7,7
7355,3,3
7356,2,2
7357,8,8
7358,3,3
7359,9,9
7360,6,6
7361,4,4
7362,0,0
7363,9,9
7364,3,3
7365,9,9
7366,0,0
7367,0,0
7368,4,4
7369,6,6
7370,6,6
7371,3,3
7372,2,2
7373,3,3
7374,7,7
7375,6,6
7376,7,7
7377,9,9
7378,3,3
7379,4,4
7380,8,8
7381,8,8
7382,2,2
7383,0,0
7384,1,1
7385,4,4
7386,0,0
7387,8,8
7388,0,0
7389,9,9
7390,2,2
7391,3,3
7392,6,6
7393,1,1
7394,6,6
7395,9,9
7396,7,7
7397,7,7
7398,4,4
7399,0,0
7400,2,2
7401,4,4
7402,1,1
7403,0,0
7404,9,9
7405,2,2
7406,1,1
7407,0,0
7408,6,6
7409,3,3
7410,1,1
7411,1,1
7412,7,7
7413,6,6
7414,9,9
7415,7,7
7416,5,5
7417,0,0
7418,5,5
7419,7,7
7420,8,8
7421,9,9
7422,1,1
7423,0,0
7424,1,1
7425,2,2
7426,0,0
7427,3,3
7428,6,6
7429,1,1
7430,5,5
7431,6,6
7432,6,6
7433,7,7
7434,4,4
7435,9,9
7436,5,5
7437,5,5
7438,5,5
7439,7,7
7440,1,1
7441,7,7
7442,0,0
7443,7,7
7444,7,7
7445,0,0
7446,8,8
7447,0,0
7448,8,8
7449,7,7
7450,7,7
7451,3,3
7452,1,1
7453,2,2
7454,9,9
7455,7,7
7456,4,4
7457,7,7
7458,7,7
7459,8,8
7460,9,9
7461,2,2
7462,3,3
7463,7,7
7464,0,0
7465,2,2
7466,2,2
7467,6,6
7468,0,0
7469,1,1
7470,8,8
7471,2,2
7472,9,9
7473,9,9
7474,5,5
7475,7,7
7476,9,9
7477,7,7
7478,0,0
7479,7,7
7480,7,7
7481,7,7
7482,7,7
7483,7,7
7484,6,6
7485,3,3
7486,6,6
7487,8,8
7488,7,7
7489,8,8
7490,4,4
7491,9,9
7492,5,5
7493,4,4
7494,0,0
7495,9,9
7496,1,1
7497,7,7
7498,1,1
7499,2,2
7500,6,6
7501,7,7
7502,0,0
7503,4,4
7504,4,4
7505,0,0
7506,2,2
7507,7,7
7508,7,7
7509,0,0
7510,9,9
7511,0,0
7512,7,7
7513,0,0
7514,7,7
7515,2,2
7516,4,4
7517,0,0
7518,8,8
7519,2,2
7520,6,6
7521,7,7
7522,4,4
7523,6,6
7524,1,1
7525,0,0
7526,5,5
7527,0,0
7528,1,1
7529,0,0
7530,9,9
7531,7,7
7532,1,1
7533,9,9
7534,8,8
7535,7,7
7536,9,9
7537,6,6
7538,5,5
7539,2,2
7540,7,7
7541,0,0
7542,1,1
7543,4,4
7544,2,2
7545,0,0
7546,7,7
7547,0,0
7548,3,3
7549,4,4
7550,7,7
7551,9,9
7552,3,3
7553,1,1
7554,9,9
7555,6,6
7556,7,7
7557,2,2
7558,1,1
7559,4,4
7560,5,5
7561,1,1
7562,4,4
7563,1,1
7564,5,5
7565,0,0
7566,3,3
7567,6,6
7568,0,0
7569,7,7
7570,5,5
7571,4,4
7572,1,1
7573,0,0
7574,1,1
7575,2,2
7576,6,6
7577,4,4
7578,0,0
7579,8,8
7580,4,4
7581,4,4
7582,2,2
7583,7,7
7584,7,7
7585,4,4
7586,2,2
7587,6,6
7588,1,1
7589,2,2
7590,7,7
7591,7,7
7592,7,7
7593,4,4
7594,6,6
7595,7,7
7596,5,5
7597,4,4
7598,5,5
7599,9,9
7600,7,7
7601,6,6
7602,5,5
7603,1,1
7604,7,7
7605,0,0
7606,8,8
7607,2,2
7608,0,0
7609,9,9
7610,0,0
7611,0,0
7612,1,1
7613,7,7
7614,6,6
7615,9,9
7616,8,8
7617,2,2
7618,7,7
7619,9,9
7620,0,0
7621,5,5
7622,1,1
7623,0,0
7624,9,9
7625,7,7
7626,7,7
7627,0,0
7628,9,9
7629,3,3
7630,1,1
7631,9,9
7632,1,1
7633,6,6
7634,2,2
7635,2,2
7636,9,9
7637,8,8
7638,6,6
7639,9,9
7640,2,2
7641,4,4
7642,9,9
7643,8,8
7644,0,0
7645,2,2
7646,6,6
7647,8,8
7648,3,3
7649,3,3
7650,1,1
7651,9,9
7652,0,0
7653,6,6
7654,6,6
7655,2,2
7656,1,1
7657,8,8
7658,1,1
7659,9,9
7660,7,7
7661,4,4
7662,4,4
7663,9,9
7664,4,4
7665,2,2
7666,7,7
7667,8,8
7668,9,9
7669,3,3
7670,7,7
7671,9,9
7672,7,7
7673,6,6
7674,2,2
7675,8,8
7676,5,5
7677,8,8
7678,7,7
7679,8,8
7680,8,8
7681,2,2
7682,7,7
7683,8,8
7684,5,5
7685,3,3
7686,8,8
7687,3,3
7688,6,6
7689,9,9
7690,0,0
7691,3,3
7692,1,1
7693,9,9
7694,8,8
7695,6,6
7696,1,1
7697,8,8
7698,7,7
7699,9,9
7700,4,4
7701,2,2
7702,0,0
7703,8,8
7704,9,9
7705,8,8
7706,7,7
7707,3,3
7708,3,3
7709,3,3
7710,4,4
7711,4,4
7712,2,2
7713,8,8
7714,0,0
7715,4,4
7716,9,9
7717,4,4
7718,4,4
7719,6,6
7720,1,1
7721,2,2
7722,0,0
7723,8,8
7724,4,4
7725,8,8
7726,8,8
7727,8,8
7728,3,3
7729,9,9
7730,5,5
7731,8,8
7732,9,9
7733,8,8
7734,0,0
7735,9,9
7736,7,7
7737,8,8
7738,2,2
7739,9,9
7740,7,7
7741,6,6
7742,8,8
7743,6,6
7744,4,4
7745,2,2
7746,9,9
7747,9,9
7748,1,1
7749,8,8
7750,2,2
7751,8,8
7752,9,9
7753,3,3
7754,0,0
7755,8,8
7756,0,0
7757,8,8
7758,1,1
7759,4,4
7760,1,1
7761,9,9
7762,7,7
7763,9,9
7764,1,1
7765,2,2
7766,7,7
7767,9,9
7768,5,5
7769,8,8
7770,8,8
7771,8,8
7772,6,6
7773,8,8
7774,0,0
7775,9,9
7776,6,6
7777,9,9
7778,7,7
7779,8,8
7780,6,6
7781,9,9
7782,6,6
7783,8,8
7784,7,7
7785,4,4
7786,3,3
7787,6,6
7788,1,1
7789,9,9
7790,4,4
7791,8,8
7792,6,6
7793,2,2
7794,2,2
7795,8,8
7796,6,6
7797,2,2
7798,0,0
7799,9,9
7800,7,7
7801,6,6
7802,8,8
7803,2,2
7804,5,5
7805,8,8
7806,1,1
7807,3,3
7808,8,8
7809,8,8
7810,2,2
7811,8,8
7812,8,8
7813,3,3
7814,2,2
7815,4,4
7816,7,7
7817,8,8
7818,6,6
7819,9,9
7820,0,0
7821,9,9
7822,0,0
7823,6,6
7824,7,7
7825,2,2
7826,0,0
7827,6,6
7828,1,1
7829,4,4
7830,3,3
7831,9,9
7832,1,1
7833,6,6
7834,1,1
7835,3,3
7836,9,9
7837,9,9
7838,1,1
7839,6,6
7840,2,2
7841,7,7
7842,2,2
7843,5,5
7844,2,2
7845,8,8
7846,3,3
7847,4,4
7848,2,2
7849,0,0
7850,1,1
7851,3,3
7852,0,0
7853,0,0
7854,0,0
7855,3,3
7856,7,7
7857,9,9
7858,3,3
7859,6,6
7860,1,1
7861,7,7
7862,7,7
7863,5,5
7864,5,5
7865,9,9
7866,0,0
7867,5,5
7868,4,4
7869,8,8
7870,1,1
7871,2,2
7872,2,2
7873,0,0
7874,3,3
7875,3,3
7876,1,1
7877,9,9
7878,7,7
7879,5,5
7880,4,4
7881,7,7
7882,3,3
7883,5,5
7884,2,2
7885,9,9
7886,7,7
7887,4,4
7888,7,7
7889,8,8
7890,0,0
7891,4,4
7892,3,3
7893,0,0
7894,3,3
7895,6,6
7896,1,1
7897,6,6
7898,1,1
7899,0,0
7900,7,7
7901,4,4
7902,7,7
7903,5,5
7904,5,5
7905,3,3
7906,0,0
7907,9,9
7908,7,7
7909,4,4
7910,1,1
7911,3,3
7912,9,9
7913,8,8
7914,5,5
7915,7,7
7916,6,6
7917,9,9
7918,2,2
7919,5,5
7920,6,6
7921,1,1
7922,1,1
7923,2,2
7924,5,5
7925,3,3
7926,4,4
7927,9,9
7928,2,2
7929,6,6
7930,3,3
7931,8,8
7932,3,3
7933,5,5
7934,3,3
7935,7,7
7936,8,8
7937,4,4
7938,1,1
7939,6,6
7940,8,8
7941,9,9
7942,6,6
7943,0,0
7944,4,4
7945,8,8
7946,5,5
7947,8,8
7948,7,7
7949,5,5
7950,0,0
7951,9,9
7952,5,5
7953,6,6
7954,2,2
7955,8,8
7956,7,7
7957,4,4
7958,5,5
7959,8,8
7960,6,6
7961,8,8
7962,4,4
7963,9,9
7964,2,2
7965,5,5
7966,7,7
7967,9,9
7968,1,1
7969,3,3
7970,4,4
7971,9,9
7972,1,1
7973,9,9
7974,5,5
7975,0,0
7976,7,7
7977,5,5
7978,3,3
7979,8,8
7980,7,7
7981,3,3
7982,7,7
7983,6,6
7984,0,0
7985,3,3
7986,6,6
7987,7,7
7988,2,2
7989,2,2
7990,5,5
7991,4,4
7992,8,8
7993,9,9
7994,0,0
7995,4,4
7996,9,9
7997,4,4
7998,7,7
7999,5,5
8000,3,3
8001,4,4
8002,6,6
8003,3,3
8004,4,4
8005,5,5
8006,5,5
8007,6,6
8008,2,2
8009,3,3
8010,7,7
8011,5,5
8012,1,1
8013,6,6
8014,7,7
8015,8,8
8016,3,3
8017,6,6
8018,7,7
8019,3,3
8020,8,8
8021,3,3
8022,7,7
8023,9,9
8024,6,6
8025,5,5
8026,5,5
8027,9,9
8028,7,7
8029,4,4
8030,0,0
8031,4,4
8032,1,1
8033,4,4
8034,4,4
8035,0,0
8036,0,0
8037,8,8
8038,9,9
8039,2,2
8040,1,1
8041,0,0
8042,4,4
8043,6,6
8044,0,0
8045,4,4
8046,4,4
8047,5,5
8048,7,7
8049,8,8
8050,3,3
8051,1,1
8052,2,2
8053,9,9
8054,7,7
8055,2,2
8056,7,7
8057,4,4
8058,6,6
8059,5,5
8060,5,5
8061,5,5
8062,0,0
8063,9,9
8064,4,4
8065,7,7
8066,0,0
8067,2,2
8068,8,8
8069,8,8
8070,9,9
8071,4,4
8072,4,4
8073,0,0
8074,4,4
8075,2,2
8076,4,4
8077,2,2
8078,6,6
8079,8,8
8080,1,1
8081,5,5
8082,6,6
8083,9,9
8084,0,0
8085,5,5
8086,0,0
8087,9,9
8088,3,3
8089,3,3
8090,0,0
8091,4,4
8092,1,1
8093,3,3
8094,7,7
8095,9,9
8096,3,3
8097,9,9
8098,3,3
8099,2,2
8100,4,4
8101,8,8
8102,6,6
8103,2,2
8104,8,8
8105,4,4
8106,1,1
8107,8,8
8108,3,3
8109,9,9
8110,2,2
8111,0,0
8112,9,9
8113,3,3
8114,0,0
8115,6,6
8116,7,7
8117,8,8
8118,2,2
8119,9,9
8120,0,0
8121,4,4
8122,8,8
8123,8,8
8124,1,1
8125,2,2
8126,5,5
8127,8,8
8128,7,7
8129,3,3
8130,1,1
8131,9,9
8132,2,2
8133,6,6
8134,7,7
8135,6,6
8136,2,2
8137,8,8
8138,0,0
8139,2,2
8140,4,4
8141,8,8
8142,0,0
8143,0,0
8144,0,0
8145,4,4
8146,4,4
8147,4,4
8148,7,7
8149,4,4
8150,4,4
8151,4,4
8152,6,6
8153,4,4
8154,6,6
8155,0,0
8156,1,1
8157,3,3
8158,3,3
8159,2,2
8160,1,1
8161,9,9
8162,1,1
8163,2,2
8164,7,7
8165,0,0
8166,1,1
8167,8,8
8168,1,1
8169,2,2
8170,0,0
8171,2,2
8172,3,3
8173,2,2
8174,0,0
8175,2,2
8176,1,1
8177,9,9
8178,5,5
8179,8,8
8180,1,1
8181,9,9
8182,0,0
8183,9,9
8184,7,7
8185,9,9
8186,0,0
8187,3,3
8188,9,9
8189,9,9
8190,2,2
8191,4,4
8192,7,7
8193,3,3
8194,1,1
8195,2,2
8196,1,1
8197,2,2
8198,8,8
8199,8,8
8200,5,5
8201,6,6
8202,0,0
8203,9,9
8204,6,6
8205,8,8
8206,4,4
8207,8,8
8208,0,0
8209,9,9
8210,7,7
8211,6,6
8212,6,6
8213,2,2
8214,0,0
8215,8,8
8216,5,5
8217,8,8
8218,1,1
8219,9,9
8220,8,8
8221,6,6
8222,1,1
8223,2,2
8224,5,5
8225,4,4
8226,7,7
8227,2,2
8228,5,5
8229,6,6
8230,7,7
8231,8,8
8232,8,8
8233,3,3
8234,7,7
8235,8,8
8236,7,7
8237,8,8
8238,0,0
8239,8,8
8240,5,5
8241,2,2
8242,1,1
8243,8,8
8244,0,0
8245,2,2
8246,7,7
8247,3,3
8248,9,9
8249,3,3
8250,3,3
8251,6,6
8252,0,0
8253,3,3
8254,1,1
8255,9,9
8256,8,8
8257,6,6
8258,9,9
8259,7,7
8260,2,2
8261,8,8
8262,2,2
8263,9,9
8264,7,7
8265,4,4
8266,5,5
8267,8,8
8268,5,5
8269,2,2
8270,4,4
8271,8,8
8272,3,3
8273,3,3
8274,3,3
8275,9,9
8276,5,5
8277,6,6
8278,5,5
8279,6,6
8280,0,0
8281,8,8
8282,4,4
8283,9,9
8284,7,7
8285,2,2
8286,8,8
8287,9,9
8288,3,3
8289,3,3
8290,4,4
8291,9,9
8292,6,6
8293,6,6
8294,3,3
8295,2,2
8296,1,1
8297,9,9
8298,0,0
8299,2,2
8300,8,8
8301,8,8
8302,8,8
8303,2,2
8304,3,3
8305,4,4
8306,5,5
8307,9,9
8308,5,5
8309,3,3
8310,2,2
8311,4,4
8312,4,4
8313,2,2
8314,5,5
8315,8,8
8316,0,0
8317,8,8
8318,5,5
8319,9,9
8320,7,7
8321,8,8
8322,0,0
8323,3,3
8324,7,7
8325,8,8
8326,5,5
8327,6,6
8328,4,4
8329,8,8
8330,1,1
8331,9,9
8332,1,1
8333,8,8
8334,6,6
8335,3,3
8336,4,4
8337,9,9
8338,7,7
8339,9,9
8340,2,2
8341,8,8
8342,6,6
8343,3,3
8344,5,5
8345,8,8
8346,5,5
8347,3,3
8348,1,1
8349,2,2
8350,7,7
8351,9,9
8352,4,4
8353,8,8
8354,3,3
8355,3,3
8356,5,5
8357,4,4
8358,5,5
8359,2,2
8360,7,7
8361,8,8
8362,8,8
8363,8,8
8364,0,0
8365,2,2
8366,1,1
8367,4,4
8368,3,3
8369,3,3
8370,8,8
8371,2,2
8372,9,9
8373,9,9
8374,6,6
8375,8,8
8376,5,5
8377,8,8
8378,7,7
8379,9,9
8380,5,5
8381,2,2
8382,1,1
8383,9,9
8384,4,4
8385,6,6
8386,5,5
8387,4,4
8388,9,9
8389,8,8
8390,7,7
8391,2,2
8392,2,2
8393,8,8
8394,1,1
8395,7,7
8396,5,5
8397,2,2
8398,4,4
8399,8,8
8400,0,0
8401,8,8
8402,1,1
8403,6,6
8404,0,0
8405,6,6
8406,7,7
8407,4,4
8408,0,0
8409,8,8
8410,1,1
8411,6,6
8412,0,0
8413,6,6
8414,7,7
8415,9,9
8416,0,0
8417,3,3
8418,9,9
8419,9,9
8420,4,4
8421,2,2
8422,1,1
8423,9,9
8424,5,5
8425,7,7
8426,7,7
8427,6,6
8428,1,1
8429,8,8
8430,9,9
8431,2,2
8432,2,2
8433,6,6
8434,2,2
8435,9,9
8436,0,0
8437,8,8
8438,0,0
8439,8,8
8440,5,5
8441,2,2
8442,5,5
8443,2,2
8444,0,0
8445,9,9
8446,1,1
8447,6,6
8448,5,5
8449,4,4
8450,1,1
8451,1,1
8452,1,1
8453,6,6
8454,4,4
8455,7,7
8456,1,1
8457,5,5
8458,1,1
8459,9,9
8460,6,6
8461,4,4
8462,5,5
8463,8,8
8464,1,1
8465,2,2
8466,5,5
8467,0,0
8468,0,0
8469,3,3
8470,9,9
8471,9,9
8472,3,3
8473,6,6
8474,6,6
8475,7,7
8476,0,0
8477,5,5
8478,4,4
8479,2,2
8480,9,9
8481,4,4
8482,2,2
8483,0,0
8484,0,0
8485,2,2
8486,1,1
8487,0,0
8488,3,3
8489,3,3
8490,6,6
8491,1,1
8492,0,0
8493,6,6
8494,7,7
8495,0,0
8496,2,2
8497,4,4
8498,7,7
8499,0,0
8500,4,4
8501,2,2
8502,0,0
8503,0,0
8504,0,0
8505,2,2
8506,1,1
8507,7,7
8508,5,5
8509,2,2
8510,0,0
8511,0,0
8512,9,9
8513,9,9
8514,8,8
8515,3,3
8516,5,5
8517,0,0
8518,0,0
8519,9,9
8520,7,7
8521,2,2
8522,7,7
8523,4,4
8524,7,7
8525,8,8
8526,4,4
8527,3,3
8528,7,7
8529,1,1
8530,1,1
8531,3,3
8532,4,4
8533,3,3
8534,5,5
8535,2,2
8536,2,2
8537,7,7
8538,1,1
8539,5,5
8540,2,2
8541,7,7
8542,1,1
8543,1,1
8544,7,7
8545,3,3
8546,4,4
8547,8,8
8548,7,7
8549,9,9
8550,1,1
8551,7,7
8552,4,4
8553,5,5
8554,7,7
8555,8,8
8556,8,8
8557,7,7
8558,8,8
8559,0,0
8560,0,0
8561,4,4
8562,8,8
8563,8,8
8564,6,6
8565,6,6
8566,0,0
8567,5,5
8568,7,7
8569,9,9
8570,5,5
8571,0,0
8572,0,0
8573,6,6
8574,1,1
8575,1,1
8576,8,8
8577,4,4
8578,1,1
8579,8,8
8580,5,5
8581,0,0
8582,7,7
8583,0,0
8584,7,7
8585,8,8
8586,5,5
8587,8,8
8588,9,9
8589,9,9
8590,4,4
8591,6,6
8592,0,0
8593,6,6
8594,0,0
8595,1,1
8596,5,5
8597,7,7
8598,6,6
8599,6,6
8600,1,1
8601,0,0
8602,1,1
8603,0,0
8604,0,0
8605,7,7
8606,7,7
8607,2,2
8608,5,5
8609,6,6
8610,1,1
8611,6,6
8612,3,3
8613,6,6
8614,7,7
8615,9,9
8616,0,0
8617,6,6
8618,2,2
8619,4,4
8620,0,0
8621,4,4
8622,0,0
8623,2,2
8624,0,0
8625,9,9
8626,0,0
8627,4,4
8628,5,5
8629,0,0
8630,0,0
8631,6,6
8632,6,6
8633,1,1
8634,0,0
8635,7,7
8636,4,4
8637,0,0
8638,5,5
8639,2,2
8640,7,7
8641,8,8
8642,2,2
8643,7,7
8644,5,5
8645,0,0
8646,7,7
8647,8,8
8648,1,1
8649,9,9
8650,5,5
8651,8,8
8652,1,1
8653,3,3
8654,0,0
8655,0,0
8656,7,7
8657,0,0
8658,4,4
8659,2,2
8660,1,1
8661,0,0
8662,2,2
8663,2,2
8664,9,9
8665,0,0
8666,2,2
8667,4,4
8668,7,7
8669,8,8
8670,6,6
8671,8,8
8672,7,7
8673,8,8
8674,5,5
8675,2,2
8676,5,5
8677,8,8
8678,1,1
8679,9,9
8680,3,3
8681,3,3
8682,3,3
8683,4,4
8684,7,7
8685,4,4
8686,7,7
8687,3,3
8688,5,5
8689,1,1
8690,6,6
8691,2,2
8692,4,4
8693,0,0
8694,2,2
8695,5,5
8696,5,5
8697,4,4
8698,0,0
8699,8,8
8700,4,4
8701,4,4
8702,5,5
8703,3,3
8704,1,1
8705,9,9
8706,0,0
8707,6,6
8708,1,1
8709,8,8
8710,7,7
8711,5,5
8712,4,4
8713,1,1
8714,7,7
8715,6,6
8716,7,7
8717,8,8
8718,8,8
8719,9,9
8720,4,4
8721,0,0
8722,2,2
8723,3,3
8724,7,7
8725,9,9
8726,1,1
8727,6,6
8728,2,2
8729,8,8
8730,1,1
8731,2,2
8732,7,7
8733,2,2
8734,8,8
8735,0,0
8736,7,7
8737,0,0
8738,1,1
8739,3,3
8740,6,6
8741,8,8
8742,6,6
8743,6,6
8744,7,7
8745,0,0
8746,2,2
8747,0,0
8748,2,2
8749,6,6
8750,5,5
8751,8,8
8752,6,6
8753,9,9
8754,3,3
8755,5,5
8756,7,7
8757,9,9
8758,0,0
8759,9,9
8760,9,9
8761,9,9
8762,7,7
8763,3,3
8764,2,2
8765,9,9
8766,2,2
8767,9,9
8768,5,5
8769,8,8
8770,4,4
8771,2,2
8772,8,8
8773,2,2
8774,4,4
8775,8,8
8776,0,0
8777,4,4
8778,1,1
8779,9,9
8780,7,7
8781,9,9
8782,2,2
8783,8,8
8784,6,6
8785,9,9
8786,1,1
8787,8,8
8788,3,3
8789,9,9
8790,1,1
8791,0,0
8792,4,4
8793,6,6
8794,2,2
8795,2,2
8796,0,0
8797,9,9
8798,8,8
8799,9,9
8800,7,7
8801,8,8
8802,0,0
8803,8,8
8804,0,0
8805,8,8
8806,9,9
8807,4,4
8808,7,7
8809,3,3
8810,5,5
8811,9,9
8812,3,3
8813,3,3
8814,4,4
8815,9,9
8816,9,9
8817,9,9
8818,2,2
8819,9,9
8820,4,4
8821,8,8
8822,4,4
8823,9,9
8824,7,7
8825,8,8
8826,5,5
8827,8,8
8828,0,0
8829,4,4
8830,7,7
8831,6,6
8832,0,0
8833,4,4
8834,9,9
8835,9,9
8836,1,1
8837,8,8
8838,3,3
8839,9,9
8840,8,8
8841,6,6
8842,5,5
8843,6,6
8844,1,1
8845,8,8
8846,9,9
8847,8,8
8848,4,4
8849,8,8
8850,4,4
8851,8,8
8852,9,9
8853,9,9
8854,8,8
8855,3,3
8856,0,0
8857,8,8
8858,7,7
8859,9,9
8860,9,9
8861,8,8
8862,5,5
8863,2,2
8864,6,6
8865,8,8
8866,1,1
8867,9,9
8868,4,4
8869,8,8
8870,4,4
8871,9,9
8872,5,5
8873,9,9
8874,5,5
8875,8,8
8876,2,2
8877,2,2
8878,1,1
8879,9,9
8880,1,1
8881,9,9
8882,7,7
8883,8,8
8884,1,1
8885,3,3
8886,5,5
8887,8,8
8888,7,7
8889,9,9
8890,5,5
8891,9,9
8892,7,7
8893,2,2
8894,3,3
8895,9,9
8896,4,4
8897,3,3
8898,2,2
8899,8,8
8900,8,8
8901,3,3
8902,0,0
8903,9,9
8904,6,6
8905,6,6
8906,5,5
8907,7,7
8908,4,4
8909,7,7
8910,8,8
8911,4,4
8912,3,3
8913,0,0
8914,0,0
8915,2,2
8916,1,1
8917,3,3
8918,0,0
8919,9,9
8920,8,8
8921,6,6
8922,9,9
8923,7,7
8924,1,1
8925,8,8
8926,4,4
8927,2,2
8928,2,2
8929,4,4
8930,0,0
8931,0,0
8932,3,3
8933,2,2
8934,9,9
8935,3,3
8936,7,7
8937,9,9
8938,2,2
8939,6,6
8940,2,4
8941,7,7
8942,5,5
8943,8,8
8944,5,5
8945,2,2
8946,7,7
8947,4,4
8948,7,7
8949,0,0
8950,5,5
8951,2,2
8952,6,6
8953,0,0
8954,5,5
8955,1,1
8956,5,5
8957,7,7
8958,7,7
8959,8,8
8960,6,6
8961,3,3
8962,0,0
8963,9,9
8964,5,5
8965,8,8
8966,0,0
8967,7,7
8968,5,5
8969,3,3
8970,9,9
8971,0,0
8972,6,6
8973,0,0
8974,1,1
8975,2,2
8976,7,7
8977,6,6
8978,2,2
8979,3,3
8980,0,0
8981,4,4
8982,3,3
8983,6,6
8984,1,1
8985,1,1
8986,7,7
8987,1,1
8988,7,7
8989,1,1
8990,5,5
8991,8,8
8992,1,1
8993,6,6
8994,4,4
8995,8,8
8996,5,5
8997,6,6
8998,5,5
8999,0,0
9000,5,5
9001,8,8
9002,8,8
9003,3,3
9004,7,7
9005,3,3
9006,7,7
9007,8,8
9008,6,6
9009,2,2
9010,4,4
9011,9,9
9012,1,1
9013,9,9
9014,7,7
9015,4,4
9016,5,5
9017,9,9
9018,3,3
9019,9,9
9020,9,9
9021,6,6
9022,0,0
9023,0,0
9024,4,4
9025,0,0
9026,5,5
9027,3,3
9028,7,7
9029,8,8
9030,0,0
9031,9,9
9032,7,7
9033,7,7
9034,3,3
9035,3,3
9036,9,9
9037,7,7
9038,3,3
9039,1,1
9040,5,5
9041,8,8
9042,4,4
9043,9,9
9044,2,2
9045,1,1
9046,5,5
9047,3,3
9048,2,2
9049,4,4
9050,2,2
9051,0,0
9052,8,8
9053,7,7
9054,6,6
9055,3,3
9056,3,3
9057,2,2
9058,5,5
9059,7,7
9060,0,0
9061,0,0
9062,7,7
9063,4,4
9064,7,7
9065,7,7
9066,5,5
9067,3,3
9068,4,4
9069,1,1
9070,0,0
9071,5,5
9072,9,9
9073,7,7
9074,7,7
9075,1,1
9076,2,2
9077,0,0
9078,2,2
9079,2,2
9080,7,7
9081,0,0
9082,8,8
9083,3,3
9084,7,7
9085,1,1
9086,0,0
9087,6,6
9088,2,2
9089,2,2
9090,4,4
9091,0,0
9092,6,6
9093,7,7
9094,4,4
9095,4,4
9096,7,7
9097,1,1
9098,7,7
9099,2,2
9100,5,5
9101,3,3
9102,8,8
9103,9,9
9104,1,1
9105,6,6
9106,1,1
9107,7,7
9108,8,8
9109,0,0
9110,1,1
9111,0,0
9112,2,2
9113,4,4
9114,0,0
9115,0,0
9116,5,5
9117,2,2
9118,5,5
9119,0,0
9120,9,9
9121,1,1
9122,0,0
9123,4,4
9124,7,7
9125,2,2
9126,1,1
9127,0,0
9128,0,0
9129,0,0
9130,1,1
9131,3,3
9132,0,0
9133,1,1
9134,2,2
9135,6,6
9136,1,1
9137,0,0
9138,0,0
9139,8,8
9140,7,7
9141,0,0
9142,3,3
9143,1,1
9144,4,4
9145,0,0
9146,7,7
9147,4,4
9148,5,5
9149,8,8
9150,5,5
9151,3,3
9152,7,7
9153,2,2
9154,2,2
9155,2,2
9156,4,4
9157,0,0
9158,5,5
9159,9,9
9160,8,8
9161,1,1
9162,8,8
9163,2,2
9164,1,1
9165,2,2
9166,3,3
9167,5,5
9168,7,7
9169,6,6
9170,7,7
9171,2,2
9172,5,5
9173,1,1
9174,4,4
9175,1,1
9176,5,5
9177,4,4
9178,7,7
9179,6,6
9180,2,2
9181,1,1
9182,7,7
9183,7,7
9184,0,0
9185,9,9
9186,9,9
9187,4,4
9188,9,9
9189,0,0
9190,0,0
9191,5,5
9192,7,7
9193,6,6
9194,3,3
9195,3,3
9196,3,3
9197,3,3
9198,0,0
9199,1,1
9200,0,0
9201,4,4
9202,5,5
9203,6,6
9204,3,3
9205,0,0
9206,4,4
9207,7,7
9208,7,7
9209,3,3
9210,4,4
9211,5,5
9212,6,6
9213,9,9
9214,0,0
9215,3,3
9216,1,1
9217,4,4
9218,6,6
9219,1,1
9220,8,8
9221,1,1
9222,7,7
9223,0,0
9224,8,8
9225,0,0
9226,7,7
9227,1,1
9228,2,2
9229,5,5
9230,2,2
9231,6,6
9232,2,2
9233,4,4
9234,2,2
9235,1,1
9236,2,2
9237,4,4
9238,0,0
9239,4,4
9240,1,1
9241,9,9
9242,5,5
9243,8,8
9244,4,4
9245,0,0
9246,6,6
9247,0,0
9248,2,2
9249,6,6
9250,7,7
9251,1,1
9252,6,6
9253,7,7
9254,4,4
9255,0,0
9256,1,1
9257,3,3
9258,9,9
9259,2,2
9260,1,1
9261,1,1
9262,4,4
9263,0,0
9264,1,1
9265,0,0
9266,2,2
9267,0,0
9268,7,7
9269,2,2
9270,0,0
9271,6,6
9272,7,7
9273,0,0
9274,0,0
9275,0,0
9276,8,8
9277,1,1
9278,7,7
9279,0,0
9280,4,4
9281,4,4
9282,5,5
9283,0,0
9284,6,6
9285,1,1
9286,0,0
9287,2,2
9288,1,1
9289,0,0
9290,4,4
9291,0,0
9292,1,1
9293,2,2
9294,0,0
9295,4,4
9296,3,3
9297,3,3
9298,9,9
9299,9,9
9300,7,7
9301,6,6
9302,8,8
9303,7,7
9304,0,0
9305,3,3
9306,5,5
9307,0,0
9308,5,5
9309,2,2
9310,3,3
9311,0,0
9312,9,9
9313,3,3
9314,1,1
9315,9,9
9316,4,4
9317,6,6
9318,7,7
9319,7,7
9320,1,1
9321,5,5
9322,3,3
9323,8,8
9324,2,2
9325,4,4
9326,2,2
9327,0,0
9328,2,2
9329,3,3
9330,2,2
9331,9,9
9332,9,9
9333,6,6
9334,2,2
9335,7,7
9336,7,7
9337,5,5
9338,4,4
9339,8,8
9340,3,3
9341,4,4
9342,3,3
9343,8,8
9344,7,7
9345,2,2
9346,5,5
9347,8,8
9348,5,5
9349,2,2
9350,1,1
9351,0,0
9352,2,2
9353,0,0
9354,1,1
9355,7,7
9356,0,0
9357,5,5
9358,2,2
9359,7,7
9360,6,6
9361,2,2
9362,8,8
9363,7,7
9364,7,7
9365,9,9
9366,7,7
9367,9,9
9368,5,5
9369,2,2
9370,1,1
9371,6,6
9372,0,0
9373,0,0
9374,9,9
9375,5,5
9376,1,1
9377,6,6
9378,1,1
9379,4,4
9380,4,4
9381,2,2
9382,8,8
9383,6,6
9384,0,0
9385,5,5
9386,7,7
9387,2,2
9388,0,0
9389,4,4
9390,3,3
9391,8,8
9392,5,5
9393,9,9
9394,5,5
9395,8,8
9396,2,2
9397,0,0
9398,7,7
9399,9,9
9400,7,7
9401,7,7
9402,5,5
9403,7,7
9404,9,9
9405,4,4
9406,7,7
9407,8,8
9408,7,7
9409,4,4
9410,5,5
9411,7,7
9412,7,7
9413,7,7
9414,7,7
9415,1,1
9416,5,5
9417,4,4
9418,7,7
9419,2,2
9420,7,7
9421,4,4
9422,3,3
9423,1,1
9424,7,7
9425,0,0
9426,5,5
9427,7,7
9428,3,3
9429,8,8
9430,1,1
9431,8,8
9432,1,1
9433,5,5
9434,0,0
9435,3,3
9436,5,5
9437,8,8
9438,4,4
9439,3,3
9440,3,3
9441,3,3
9442,8,8
9443,2,2
9444,8,8
9445,8,8
9446,4,4
9447,8,8
9448,2,2
9449,5,5
9450,2,2
9451,3,3
9452,3,3
9453,9,9
9454,0,0
9455,4,4
9456,3,3
9457,9,9
9458,3,3
9459,3,3
9460,4,4
9461,8,8
9462,2,2
9463,2,2
9464,0,0
9465,0,0
9466,7,7
9467,8,8
9468,5,5
9469,8,8
9470,1,1
9471,6,6
9472,5,5
9473,3,3
9474,1,1
9475,4,4
9476,5,5
9477,6,6
9478,3,3
9479,6,6
9480,1,1
9481,8,8
9482,7,7
9483,8,8
9484,6,6
9485,3,3
9486,4,4
9487,1,1
9488,6,6
9489,6,6
9490,7,7
9491,7,7
9492,1,1
9493,5,5
9494,5,5
9495,2,2
9496,5,5
9497,4,4
9498,0,0
9499,5,5
9500,4,4
9501,2,2
9502,5,5
9503,0,0
9504,8,8
9505,3,3
9506,3,3
9507,1,1
9508,6,6
9509,6,6
9510,8,8
9511,7,7
9512,4,4
9513,5,5
9514,7,7
9515,2,2
9516,9,9
9517,5,5
9518,7,7
9519,0,0
9520,7,7
9521,2,2
9522,8,8
9523,3,3
9524,3,3
9525,1,1
9526,9,9
9527,6,6
9528,7,7
9529,7,7
9530,3,3
9531,2,2
9532,5,5
9533,5,5
9534,1,1
9535,5,5
9536,5,5
9537,8,8
9538,8,8
9539,2,2
9540,1,1
9541,0,0
9542,7,7
9543,2,2
9544,3,3
9545,0,0
9546,6,6
9547,0,0
9548,0,0
9549,5,5
9550,1,1
9551,0,0
9552,5,5
9553,7,7
9554,9,9
9555,0,0
9556,4,4
9557,9,9
9558,4,4
9559,8,8
9560,0,0
9561,7,7
9562,1,1
9563,1,1
9564,7,7
9565,2,2
9566,5,5
9567,9,9
9568,2,2
9569,6,6
9570,1,1
9571,0,0
9572,1,1
9573,5,5
9574,5,5
9575,6,6
9576,4,4
9577,4,4
9578,2,2
9579,1,1
9580,4,4
9581,2,2
9582,0,0
9583,6,6
9584,1,1
9585,5,5
9586,5,5
9587,2,2
9588,1,1
9589,2,2
9590,1,1
9591,8,8
9592,7,7
9593,4,4
9594,2,2
9595,0,0
9596,4,4
9597,5,5
9598,0,0
9599,1,1
9600,6,6
9601,9,9
9602,0,0
9603,5,5
9604,6,6
9605,2,2
9606,8,8
9607,9,9
9608,7,7
9609,1,1
9610,7,7
9611,8,8
9612,7,7
9613,5,5
9614,5,5
9615,1,1
9616,1,1
9617,7,7
9618,1,1
9619,4,4
9620,7,7
9621,7,7
9622,9,9
9623,7,7
9624,7,7
9625,6,6
9626,0,0
9627,6,6
9628,1,1
9629,4,4
9630,0,0
9631,5,5
9632,5,5
9633,5,5
9634,5,5
9635,4,4
9636,7,7
9637,7,7
9638,7,7
9639,7,7
9640,2,2
9641,9,9
9642,5,5
9643,1,1
9644,8,8
9645,5,5
9646,2,2
9647,2,2
9648,7,7
9649,4,4
9650,7,7
9651,9,9
9652,2,2
9653,1,1
9654,5,5
9655,0,0
9656,0,0
9657,0,0
9658,6,6
9659,4,4
9660,5,5
9661,8,8
9662,4,4
9663,7,7
9664,4,4
9665,5,5
9666,3,3
9667,5,5
9668,6,6
9669,5,5
9670,7,7
9671,3,3
9672,6,6
9673,5,5
9674,9,9
9675,4,4
9676,8,8
9677,4,4
9678,1,1
9679,7,7
9680,7,7
9681,5,5
9682,6,6
9683,0,0
9684,2,2
9685,7,7
9686,5,5
9687,3,3
9688,3,3
9689,6,6
9690,2,2
9691,7,7
9692,4,4
9693,1,1
9694,7,7
9695,3,3
9696,7,7
9697,1,1
9698,3,3
9699,3,3
9700,4,4
9701,5,5
9702,4,4
9703,4,4
9704,5,5
9705,1,1
9706,7,7
9707,3,3
9708,0,0
9709,5,5
9710,3,3
9711,0,0
9712,6,6
9713,0,0
9714,5,5
9715,6,6
9716,0,0
9717,3,3
9718,5,5
9719,4,4
9720,5,5
9721,6,6
9722,6,6
9723,4,4
9724,8,8
9725,6,6
9726,7,7
9727,3,3
9728,0,0
9729,5,5
9730,7,7
9731,7,7
9732,7,7
9733,3,3
9734,1,1
9735,9,9
9736,7,7
9737,6,6
9738,5,5
9739,7,7
9740,0,0
9741,8,8
9742,3,3
9743,2,2
9744,3,3
9745,4,4
9746,0,0
9747,8,8
9748,1,1
9749,2,2
9750,3,3
9751,8,8
9752,0,0
9753,3,3
9754,0,0
9755,9,9
9756,7,7
9757,6,6
9758,1,1
9759,7,7
9760,5,5
9761,8,8
9762,9,9
9763,9,9
9764,2,2
9765,4,4
9766,7,7
9767,8,8
9768,0,0
9769,2,2
9770,8,8
9771,0,0
9772,1,1
9773,3,3
9774,1,1
9775,9,9
9776,6,6
9777,6,6
9778,7,7
9779,7,7
9780,6,6
9781,5,5
9782,9,9
9783,2,2
9784,8,8
9785,4,4
9786,7,7
9787,8,8
9788,6,6
9789,2,2
9790,2,2
9791,8,8
9792,2,2
9793,8,8
9794,7,7
9795,8,8
9796,9,9
9797,7,7
9798,4,4
9799,2,2
9800,2,2
9801,2,2
9802,4,4
9803,9,9
9804,1,1
9805,2,2
9806,3,3
9807,2,2
9808,4,4
9809,6,6
9810,5,5
9811,2,2
9812,7,7
9813,4,4
9814,7,7
9815,9,9
9816,9,9
9817,8,8
9818,5,5
9819,6,6
9820,3,3
9821,8,8
9822,3,3
9823,3,3
9824,8,8
9825,8,8
9826,6,6
9827,0,0
9828,4,4
9829,7,7
9830,6,6
9831,8,8
9832,2,2
9833,8,8
9834,3,3
9835,8,8
9836,6,6
9837,9,9
9838,0,0
9839,2,2
9840,3,3
9841,6,6
9842,1,1
9843,8,8
9844,2,2
9845,8,8
9846,0,0
9847,2,2
9848,7,7
9849,9,9
9850,6,6
9851,2,2
9852,2,2
9853,6,6
9854,8,8
9855,6,6
9856,1,1
9857,3,3
9858,7,7
9859,9,9
9860,5,5
9861,2,2
9862,6,6
9863,4,4
9864,7,7
9865,3,3
9866,9,9
9867,9,9
9868,7,7
9869,3,3
9870,0,0
9871,7,7
9872,4,4
9873,2,2
9874,3,3
9875,9,9
9876,5,5
9877,3,3
9878,0,0
9879,2,2
9880,5,5
9881,3,3
9882,8,8
9883,8,8
9884,1,1
9885,8,8
9886,0,0
9887,8,8
9888,0,0
9889,8,8
9890,3,3
9891,6,6
9892,5,5
9893,0,0
9894,6,6
9895,9,9
9896,5,5
9897,6,6
9898,7,7
9899,2,2
9900,7,7
9901,8,8
9902,1,1
9903,9,9
9904,7,7
9905,0,0
9906,1,1
9907,9,9
9908,8,8
9909,4,4
9910,1,1
9911,8,8
9912,6,6
9913,2,2
9914,3,3
9915,2,2
9916,7,7
9917,4,4
9918,2,2
9919,9,9
9920,0,0
9921,4,4
9922,3,3
9923,6,6
9924,1,1
9925,2,2
9926,4,4
9927,8,8
9928,4,4
9929,4,4
9930,1,1
9931,0,0
9932,7,7
9933,8,8
9934,3,3
9935,2,2
9936,7,7
9937,2,2
9938,0,0
9939,6,6
9940,8,8
9941,0,0
9942,1,1
9943,4,4
9944,2,2
9945,2,2
9946,4,4
9947,9,9
9948,4,4
9949,8,8
9950,0,0
9951,8,8
9952,7,7
9953,7,7
9954,8,8
9955,8,8
9956,7,7
9957,8,8
9958,7,7
9959,2,2
9960,1,1
9961,4,4
9962,7,7
9963,3,3
9964,6,6
9965,3,3
9966,3,3
9967,4,4
9968,5,5
9969,8,8
9970,2,2
9971,3,3
9972,1,1
9973,9,9
9974,7,7
9975,9,9
9976,8,8
9977,2,2
9978,2,2
9979,5,5
9980,5,5
9981,9,9
9982,2,2
9983,3,3
9984,5,5
9985,3,3
9986,3,3
9987,9,9
9988,0,0
9989,6,6
9990,8,8
9991,7,7
9992,0,0
9993,8,8
9994,3,3
9995,2,2
9996,7,7
9997,9,9
9998,0,0
9999,8,8
10000,7,7
10001,2,2
10002,0,0
10003,0,0
10004,5,5
10005,3,3
10006,1,1
10007,9,9
10008,7,7
10009,6,6
10010,3,3
10011,7,7
10012,7,7
10013,5,5
10014,0,0
10015,2,2
10016,6,6
10017,4,4
10018,0,0
10019,8,8
10020,1,1
10021,9,9
10022,3,3
10023,0,0
10024,9,9
10025,3,3
10026,3,3
10027,9,9
10028,5,5
10029,6,6
10030,7,7
10031,7,7
10032,5,5
10033,8,8
10034,7,7
10035,2,2
10036,4,4
10037,4,4
10038,5,5
10039,8,8
10040,1,1
10041,9,9
10042,6,6
10043,8,8
10044,3,3
10045,3,3
10046,8,8
10047,0,0
10048,1,1
10049,2,2
10050,5,5
10051,2,2
10052,7,7
10053,4,4
10054,5,5
10055,8,8
10056,2,2
10057,2,2
10058,1,1
10059,8,8
10060,8,8
10061,9,9
10062,7,7
10063,8,8
10064,5,5
10065,9,9
10066,2,2
10067,9,9
10068,1,1
10069,6,6
10070,5,5
10071,3,3
10072,6,6
10073,6,6
10074,7,7
10075,6,6
10076,5,5
10077,8,8
10078,6,6
10079,2,2
10080,3,3
10081,6,6
10082,6,6
10083,3,3
10084,6,6
10085,1,1
10086,5,5
10087,6,6
10088,0,0
10089,9,9
10090,6,6
10091,2,2
10092,2,2
10093,7,7
10094,0,0
10095,8,8
10096,9,9
10097,2,2
10098,1,1
10099,2,2
10100,6,6
10101,4,4
10102,5,5
10103,9,9
10104,5,5
10105,0,0
10106,9,9
10107,4,4
10108,4,4
10109,8,8
10110,1,1
10111,2,2
10112,5,5
10113,6,6
10114,0,0
10115,2,2
10116,0,0
10117,6,6
10118,1,1
10119,3,3
10120,3,3
10121,3,3
10122,6,6
10123,9,9
10124,0,0
10125,2,2
10126,2,2
10127,5,5
10128,3,3
10129,9,9
10130,6,6
10131,8,8
10132,0,0
10133,8,8
10134,9,9
10135,4,4
10136,1,1
10137,2,2
10138,6,6
10139,9,9
10140,3,3
10141,7,7
10142,0,0
10143,8,8
10144,7,7
10145,9,9
10146,2,2
10147,8,8
10148,8,8
10149,9,9
10150,0,0
10151,9,9
10152,1,1
10153,8,8
10154,0,0
10155,2,2
10156,9,9
10157,9,9
10158,6,6
10159,9,9
10160,8,8
10161,2,2
10162,7,7
10163,4,4
10164,4,4
10165,8,8
10166,0,0
10167,3,3
10168,3,3
10169,9,9
10170,0,0
10171,8,8
10172,9,9
10173,9,9
10174,4,4
10175,8,8
10176,3,3
10177,8,8
10178,0,0
10179,8,8
10180,1,1
10181,8,8
10182,2,2
10183,0,0
10184,5,5
10185,2,2
10186,5,5
10187,9,9
10188,3,3
10189,2,2
10190,4,4
10191,9,9
10192,7,7
10193,8,8
10194,6,6
10195,6,6
10196,5,5
10197,9,9
10198,0,0
10199,8,8
10200,6,6
10201,2,2
10202,5,5
10203,3,3
10204,3,3
10205,2,2
10206,7,7
10207,6,6
10208,0,0
10209,8,8
10210,5,5
10211,2,2
10212,5,5
10213,4,4
10214,1,1
10215,0,0
10216,4,4
10217,7,7
10218,6,6
10219,0,0
10220,1,1
10221,3,3
10222,0,0
10223,9,9
10224,4,4
10225,8,8
10226,7,7
10227,2,2
10228,6,6
10229,4,4
10230,3,3
10231,0,0
10232,0,0
10233,2,2
10234,4,4
10235,8,8
10236,5,5
10237,3,3
10238,7,7
10239,9,9
10240,4,4
10241,8,8
10242,7,7
10243,8,8
10244,7,7
10245,3,3
10246,4,4
10247,0,0
10248,1,1
10249,0,0
10250,7,7
10251,8,8
10252,0,0
10253,0,0
10254,3,3
10255,2,2
10256,2,2
10257,9,9
10258,7,7
10259,3,3
10260,7,7
10261,3,3
10262,5,5
10263,8,8
10264,6,6
10265,5,5
10266,1,1
10267,9,9
10268,9,9
10269,8,8
10270,4,4
10271,4,4
10272,2,2
10273,2,2
10274,2,2
10275,2,2
10276,3,3
10277,2,2
10278,7,7
10279,6,6
10280,5,5
10281,8,8
10282,7,7
10283,3,3
10284,0,0
10285,9,9
10286,7,7
10287,0,0
10288,7,7
10289,4,4
10290,1,1
10291,4,4
10292,5,5
10293,9,9
10294,4,4
10295,8,8
10296,0,0
10297,8,8
10298,9,9
10299,4,4
10300,6,6
10301,9,9
10302,0,0
10303,5,5
10304,3,3
10305,0,0
10306,0,0
10307,4,4
10308,6,6
10309,8,8
10310,5,5
10311,8,8
10312,2,2
10313,0,0
10314,7,7
10315,8,8
10316,7,7
10317,6,6
10318,1,1
10319,8,8
10320,8,8
10321,4,4
10322,7,7
10323,3,3
10324,0,0
10325,1,1
10326,3,3
10327,6,6
10328,7,7
10329,7,7
10330,7,7
10331,0,0
10332,4,4
10333,7,7
10334,3,3
10335,4,4
10336,0,0
10337,8,8
10338,5,5
10339,2,2
10340,3,3
10341,0,0
10342,9,9
10343,3,3
10344,6,6
10345,9,9
10346,1,1
10347,6,6
10348,3,3
10349,7,7
10350,5,5
10351,0,0
10352,3,3
10353,2,2
10354,6,6
10355,4,4
10356,4,4
10357,8,8
10358,1,1
10359,7,7
10360,7,7
10361,8,8
10362,1,1
10363,3,3
10364,1,1
10365,9,9
10366,2,2
10367,6,6
10368,6,6
10369,7,7
10370,2,2
10371,5,5
10372,3,3
10373,3,3
10374,0,0
10375,4,4
10376,1,1
10377,8,8
10378,1,1
10379,2,2
10380,3,3
10381,8,8
10382,0,0
10383,4,4
10384,3,3
10385,3,3
10386,2,2
10387,8,8
10388,0,0
10389,7,7
10390,7,7
10391,8,8
10392,8,8
10393,7,7
10394,8,8
10395,2,2
10396,0,0
10397,7,7
10398,2,2
10399,9,9
10400,7,7
10401,3,3
10402,7,7
10403,6,6
10404,1,1
10405,7,7
10406,6,6
10407,3,3
10408,0,0
10409,9,9
10410,8,8
10411,6,6
10412,7,7
10413,9,9
10414,5,5
10415,7,7
10416,1,1
10417,6,6
10418,4,4
10419,4,4
10420,1,1
10421,3,3
10422,2,2
10423,7,7
10424,7,7
10425,3,3
10426,2,2
10427,8,8
10428,0,0
10429,6,6
10430,7,7
10431,8,8
10432,2,2
10433,8,8
10434,1,1
10435,4,4
10436,9,9
10437,2,2
10438,7,7
10439,3,3
10440,4,4
10441,3,3
10442,4,4
10443,5,5
10444,0,0
10445,0,0
10446,7,7
10447,2,2
10448,9,9
10449,0,0
10450,1,1
10451,7,7
10452,4,4
10453,7,7
10454,7,7
10455,9,9
10456,3,3
10457,8,8
10458,1,1
10459,0,0
10460,8,8
10461,8,8
10462,0,0
10463,4,4
10464,6,6
10465,3,3
10466,1,1
10467,8,8
10468,9,9
10469,3,3
10470,2,2
10471,3,3
10472,6,6
10473,4,4
10474,8,8
10475,4,4
10476,9,9
10477,6,6
10478,0,0
10479,3,3
10480,5,5
10481,4,4
10482,2,2
10483,2,2
10484,4,4
10485,8,8
10486,2,2
10487,8,8
10488,3,3
10489,0,0
10490,2,2
10491,0,0
10492,7,7
10493,7,7
10494,5,5
10495,0,0
10496,8,8
10497,6,6
10498,9,9
10499,7,7
10500,1,1
10501,0,0
10502,6,6
10503,3,3
10504,0,0
10505,3,3
10506,2,2
10507,8,8
10508,1,1
10509,2,2
10510,8,8
10511,7,7
10512,1,1
10513,7,7
10514,1,1
10515,5,5
10516,0,0
10517,8,8
10518,1,1
10519,9,9
10520,7,7
10521,0,0
10522,5,5
10523,3,3
10524,5,5
10525,0,0
10526,6,6
10527,7,7
10528,6,6
10529,0,0
10530,3,3
10531,3,3
10532,4,4
10533,8,8
10534,4,4
10535,6,6
10536,2,2
10537,9,9
10538,2,2
10539,5,5
10540,4,4
10541,9,9
10542,2,2
10543,2,2
10544,5,5
10545,9,9
10546,8,8
10547,8,8
10548,0,0
10549,0,0
10550,4,4
10551,7,7
10552,4,4
10553,2,2
10554,6,6
10555,9,9
10556,1,1
10557,4,4
10558,0,0
10559,2,2
10560,0,0
10561,2,2
10562,1,1
10563,3,3
10564,4,4
10565,9,9
10566,7,7
10567,6,6
10568,9,9
10569,7,7
10570,6,6
10571,8,8
10572,1,1
10573,8,8
10574,6,6
10575,2,2
10576,5,5
10577,8,8
10578,7,7
10579,3,3
10580,9,9
10581,9,9
10582,6,6
10583,6,6
10584,2,2
10585,7,7
10586,7,7
10587,8,8
10588,5,5
10589,9,9
10590,0,0
10591,4,4
10592,7,7
10593,8,8
10594,5,5
10595,8,8
10596,7,7
10597,8,8
10598,2,2
10599,3,3
10600,4,4
10601,9,9
10602,1,1
10603,6,6
10604,3,3
10605,7,7
10606,2,2
10607,8,8
10608,7,7
10609,8,8
10610,7,7
10611,2,2
10612,0,0
10613,0,0
10614,0,0
10615,9,9
10616,7,7
10617,4,4
10618,5,5
10619,2,2
10620,6,6
10621,8,8
10622,7,7
10623,0,0
10624,1,1
10625,3,3
10626,5,5
10627,9,9
10628,7,7
10629,6,6
10630,4,4
10631,9,9
10632,5,5
10633,8,8
10634,0,0
10635,7,7
10636,0,0
10637,8,8
10638,1,1
10639,8,8
10640,0,0
10641,9,9
10642,5,5
10643,5,5
10644,7,7
10645,3,3
10646,0,0
10647,7,7
10648,8,8
10649,2,2
10650,4,4
10651,8,8
10652,2,2
10653,9,9
10654,9,9
10655,8,8
10656,7,7
10657,6,6
10658,0,0
10659,9,9
10660,0,0
10661,9,9
10662,1,1
10663,7,7
10664,3,3
10665,4,4
10666,7,7
10667,9,9
10668,7,7
10669,9,9
10670,5,5
10671,4,4
10672,4,4
10673,6,6
10674,7,7
10675,9,9
10676,7,7
10677,7,7
10678,0,0
10679,8,8
10680,6,6
10681,8,8
10682,0,0
10683,9,9
10684,1,1
10685,0,0
10686,1,1
10687,6,6
10688,6,6
10689,3,3
10690,5,5
10691,3,3
10692,9,9
10693,8,8
10694,2,2
10695,8,8
10696,7,7
10697,4,4
10698,4,4
10699,6,6
10700,7,7
10701,9,9
10702,8,8
10703,9,9
10704,5,5
10705,3,3
10706,0,0
10707,9,9
10708,5,5
10709,4,4
10710,0,0
10711,2,2
10712,1,1
10713,9,9
10714,6,6
10715,8,8
10716,1,1
10717,8,8
10718,0,0
10719,9,9
10720,2,2
10721,8,8
10722,5,5
10723,6,6
10724,5,5
10725,4,4
10726,1,1
10727,8,8
10728,7,7
10729,4,4
10730,7,7
10731,4,4
10732,3,3
10733,0,0
10734,7,7
10735,8,8
10736,5,5
10737,8,8
10738,8,8
10739,6,6
10740,2,2
10741,9,9
10742,7,7
10743,7,7
10744,0,0
10745,2,2
10746,1,1
10747,3,3
10748,4,4
10749,9,9
10750,3,3
10751,2,2
10752,0,0
10753,8,8
10754,1,1
10755,3,3
10756,4,4
10757,7,7
10758,0,0
10759,8,8
10760,1,1
10761,8,8
10762,2,2
10763,8,8
10764,7,7
10765,7,7
10766,6,6
10767,4,4
10768,5,5
10769,8,8
10770,0,0
10771,2,2
10772,0,0
10773,3,3
10774,2,2
10775,2,2
10776,6,6
10777,9,9
10778,0,0
10779,7,7
10780,0,0
10781,3,3
10782,9,9
10783,1,1
10784,0,0
10785,6,6
10786,4,4
10787,7,7
10788,0,0
10789,8,8
10790,4,4
10791,2,2
10792,4,4
10793,4,4
10794,0,0
10795,8,8
10796,7,7
10797,2,2
10798,7,7
10799,0,0
10800,7,7
10801,3,3
10802,6,6
10803,9,9
10804,7,7
10805,6,6
10806,3,3
10807,7,7
10808,5,5
10809,8,8
10810,0,0
10811,9,9
10812,5,5
10813,4,4
10814,7,7
10815,8,8
10816,4,4
10817,2,2
10818,2,2
10819,0,0
10820,5,5
10821,3,3
10822,7,7
10823,9,9
10824,9,9
10825,6,6
10826,7,7
10827,7,7
10828,8,8
10829,0,0
10830,7,7
10831,2,2
10832,5,5
10833,4,4
10834,1,1
10835,8,8
10836,4,4
10837,2,2
10838,1,1
10839,8,8
10840,3,3
10841,8,8
10842,1,1
10843,4,4
10844,3,3
10845,0,0
10846,7,7
10847,2,2
10848,0,0
10849,3,3
10850,5,5
10851,4,4
10852,7,7
10853,4,4
10854,5,5
10855,9,9
10856,7,7
10857,0,0
10858,5,5
10859,3,3
10860,0,0
10861,3,3
10862,2,2
10863,1,1
10864,0,0
10865,2,2
10866,7,7
10867,0,0
10868,1,1
10869,5,5
10870,5,5
10871,9,9
10872,7,7
10873,8,8
10874,3,3
10875,8,8
10876,6,6
10877,2,2
10878,1,1
10879,4,4
10880,2,2
10881,2,2
10882,7,7
10883,0,0
10884,9,9
10885,1,1
10886,1,1
10887,7,7
10888,5,5
10889,2,2
10890,0,0
10891,2,2
10892,1,1
10893,8,8
10894,1,1
10895,2,2
10896,7,7
10897,9,9
10898,6,6
10899,8,8
10900,7,7
10901,2,2
10902,2,2
10903,9,9
10904,9,9
10905,2,2
10906,0,0
10907,9,9
10908,0,0
10909,2,2
10910,5,5
10911,8,8
10912,0,0
10913,4,4
10914,3,3
10915,9,9
10916,3,3
10917,4,4
10918,5,5
10919,3,3
10920,6,6
10921,7,7
10922,1,1
10923,8,8
10924,3,3
10925,9,9
10926,1,1
10927,2,2
10928,0,0
10929,0,0
10930,4,4
10931,6,6
10932,1,1
10933,9,9
10934,0,0
10935,8,8
10936,7,7
10937,8,8
10938,4,4
10939,2,2
10940,9,9
10941,6,6
10942,5,5
10943,2,2
10944,0,0
10945,6,6
10946,0,0
10947,9,9
10948,2,2
10949,6,6
10950,4,4
10951,0,0
10952,9,9
10953,7,7
10954,2,2
10955,8,8
10956,3,3
10957,6,6
10958,7,7
10959,6,6
10960,5,5
10961,2,2
10962,6,6
10963,2,2
10964,0,0
10965,8,8
10966,2,2
10967,8,8
10968,4,4
10969,8,8
10970,0,0
10971,9,9
10972,6,6
10973,2,2
10974,3,3
10975,2,2
10976,5,5
10977,8,8
10978,6,6
10979,6,6
10980,4,4
10981,2,2
10982,4,4
10983,1,1
10984,7,7
10985,9,9
10986,8,8
10987,2,2
10988,9,9
10989,8,8
10990,0,0
10991,4,4
10992,4,4
10993,7,7
10994,7,7
10995,9,9
10996,5,5
10997,8,8
10998,7,7
10999,6,6
11000,4,4
11001,0,0
11002,1,1
11003,3,3
11004,1,1
11005,8,8
11006,6,6
11007,8,8
11008,5,5
11009,8,8
11010,7,7
11011,2,2
11012,7,7
11013,6,6
11014,3,3
11015,0,0
11016,8,8
11017,6,6
11018,1,1
11019,3,3
11020,5,5
11021,7,7
11022,2,2
11023,8,8
11024,8,8
11025,4,4
11026,3,3
11027,3,3
11028,2,2
11029,3,3
11030,7,7
11031,2,2
11032,6,6
11033,6,6
11034,7,7
11035,2,2
11036,3,3
11037,2,2
11038,5,5
11039,7,7
11040,0,0
11041,3,3
11042,7,7
11043,9,9
11044,5,5
11045,3,3
11046,5,5
11047,9,9
11048,4,4
11049,8,8
11050,9,9
11051,9,9
11052,3,3
11053,2,2
11054,0,0
11055,2,2
11056,8,8
11057,9,9
11058,1,1
11059,8,8
11060,3,3
11061,9,9
11062,4,4
11063,2,2
11064,8,8
11065,4,4
11066,6,6
11067,2,2
11068,5,5
11069,9,9
11070,2,2
11071,3,3
11072,7,7
11073,8,8
11074,7,7
11075,3,3
11076,8,8
11077,3,3
11078,0,0
11079,9,9
11080,0,0
11081,6,6
11082,1,1
11083,7,7
11084,7,7
11085,8,8
11086,6,6
11087,2,2
11088,0,0
11089,0,0
11090,0,0
11091,3,3
11092,0,0
11093,9,9
11094,7,7
11095,6,6
11096,0,0
11097,7,7
11098,4,4
11099,8,8
11100,4,4
11101,7,7
11102,0,0
11103,8,8
11104,5,5
11105,3,3
11106,6,6
11107,9,9
11108,7,7
11109,6,6
11110,6,6
11111,7,7
11112,1,1
11113,8,8
11114,7,7
11115,9,9
11116,2,2
11117,4,4
11118,0,0
11119,8,8
11120,2,2
11121,7,7
11122,0,0
11123,8,8
11124,5,5
11125,0,0
11126,8,8
11127,8,8
11128,4,4
11129,3,3
11130,0,0
11131,8,8
11132,1,1
11133,3,3
11134,1,1
11135,9,9
11136,7,7
11137,0,0
11138,7,7
11139,8,8
11140,4,4
11141,8,8
11142,2,2
11143,9,9
11144,5,5
11145,0,0
11146,2,2
11147,6,6
11148,8,8
11149,2,2
11150,0,0
11151,8,8
11152,1,1
11153,8,8
11154,7,7
11155,7,7
11156,9,9
11157,9,9
11158,4,4
11159,8,8
11160,1,1
11161,2,2
11162,2,2
11163,6,6
11164,5,5
11165,8,8
11166,0,0
11167,8,8
11168,0,0
11169,7,7
11170,8,8
11171,7,7
11172,3,3
11173,4,4
11174,4,4
11175,8,8
11176,2,2
11177,8,8
11178,1,1
11179,2,2
11180,8,8
11181,2,2
11182,7,7
11183,4,4
11184,0,0
11185,0,0
11186,5,5
11187,3,3
11188,8,8
11189,4,4
11190,0,0
11191,3,3
11192,0,0
11193,6,6
11194,5,5
11195,4,4
11196,5,5
11197,7,7
11198,8,8
11199,8,8
11200,1,1
11201,7,7
11202,7,7
11203,6,6
11204,0,0
11205,9,9
11206,8,8
11207,8,8
11208,7,7
11209,8,8
11210,0,0
11211,2,2
11212,0,0
11213,7,7
11214,1,1
11215,8,8
11216,0,0
11217,3,3
11218,4,4
11219,7,7
11220,0,0
11221,7,7
11222,3,3
11223,8,8
11224,0,0
11225,8,8
11226,5,5
11227,8,8
11228,1,1
11229,9,9
11230,6,6
11231,3,3
11232,2,2
11233,7,7
11234,4,4
11235,8,8
11236,1,1
11237,2,2
11238,1,1
11239,5,5
11240,5,5
11241,2,2
11242,1,1
11243,6,6
11244,7,7
11245,8,8
11246,8,8
11247,8,8
11248,1,1
11249,9,9
11250,2,2
11251,6,6
11252,0,0
11253,4,4
11254,9,9
11255,8,8
11256,0,0
11257,3,3
11258,1,1
11259,7,7
11260,9,9
11261,4,4
11262,9,9
11263,4,4
11264,5,5
11265,2,2
11266,8,8
11267,3,3
11268,1,1
11269,3,3
11270,7,7
11271,6,6
11272,1,1
11273,7,7
11274,0,0
11275,9,9
11276,0,0
11277,4,4
11278,1,1
11279,9,9
11280,0,0
11281,3,3
11282,4,4
11283,8,8
11284,7,7
11285,7,7
11286,6,6
11287,9,9
11288,2,2
11289,4,4
11290,0,0
11291,9,9
11292,1,1
11293,8,8
11294,0,0
11295,2,2
11296,7,7
11297,1,1
11298,7,7
11299,6,6
11300,5,5
11301,1,1
11302,7,7
11303,5,5
11304,5,5
11305,2,2
11306,7,7
11307,4,4
11308,1,1
11309,8,8
11310,7,7
11311,2,2
11312,1,1
11313,8,8
11314,5,5
11315,3,3
11316,4,4
11317,9,9
11318,3,3
11319,6,6
11320,7,7
11321,7,7
11322,2,2
11323,0,0
11324,0,0
11325,2,2
11326,1,1
11327,4,4
11328,1,1
11329,8,8
11330,3,3
11331,2,2
11332,0,0
11333,0,0
11334,0,0
11335,3,3
11336,5,5
11337,9,9
11338,7,7
11339,9,9
11340,2,2
11341,7,7
11342,1,1
11343,8,8
11344,7,7
11345,2,2
11346,6,6
11347,4,4
11348,4,4
11349,8,8
11350,8,8
11351,2,2
11352,9,9
11353,0,0
11354,3,3
11355,2,2
11356,7,7
11357,4,4
11358,1,1
11359,4,4
11360,1,1
11361,2,2
11362,9,9
11363,4,4
11364,7,7
11365,2,2
11366,1,1
11367,0,0
11368,5,5
11369,8,8
11370,0,0
11371,9,9
11372,0,0
11373,8,8
11374,7,7
11375,2,2
11376,5,5
11377,6,6
11378,0,0
11379,2,2
11380,6,6
11381,0,0
11382,2,2
11383,2,2
11384,6,6
11385,8,8
11386,5,5
11387,9,9
11388,5,5
11389,8,8
11390,4,4
11391,6,6
11392,7,7
11393,2,2
11394,6,6
11395,9,9
11396,2,2
11397,2,2
11398,7,7
11399,8,8
11400,0,0
11401,4,4
11402,2,2
11403,3,3
11404,1,1
11405,9,9
11406,7,7
11407,8,8
11408,5,5
11409,2,2
11410,7,7
11411,4,4
11412,1,1
11413,2,2
11414,8,8
11415,0,0
11416,0,0
11417,2,2
11418,1,1
11419,8,8
11420,6,6
11421,8,8
11422,3,3
11423,0,0
11424,5,5
11425,2,2
11426,0,0
11427,4,4
11428,3,3
11429,3,3
11430,0,0
11431,2,2
11432,1,1
11433,1,1
11434,5,5
11435,0,0
11436,6,6
11437,8,8
11438,1,1
11439,9,9
11440,1,1
11441,1,1
11442,5,5
11443,6,6
11444,2,2
11445,9,9
11446,6,6
11447,5,5
11448,4,4
11449,6,6
11450,7,7
11451,3,3
11452,5,5
11453,3,3
11454,7,7
11455,0,0
11456,3,3
11457,9,9
11458,6,6
11459,8,8
11460,5,5
11461,4,4
11462,3,3
11463,8,8
11464,1,1
11465,5,5
11466,4,4
11467,2,2
11468,1,1
11469,2,2
11470,0,0
11471,8,8
11472,2,2
11473,8,8
11474,5,5
11475,6,6
11476,7,7
11477,2,2
11478,2,2
11479,9,9
11480,2,2
11481,7,7
11482,9,9
11483,9,9
11484,2,2
11485,0,0
11486,2,2
11487,4,4
11488,0,0
11489,1,1
11490,4,4
11491,6,6
11492,7,7
11493,6,6
11494,5,5
11495,8,8
11496,8,8
11497,4,4
11498,0,0
11499,8,8
11500,7,7
11501,2,2
11502,1,1
11503,6,6
11504,1,1
11505,2,2
11506,9,9
11507,2,2
11508,9,9
11509,9,9
11510,0,0
11511,2,2
11512,0,0
11513,2,2
11514,3,3
11515,0,0
11516,5,5
11517,0,0
11518,1,1
11519,6,6
11520,7,7
11521,6,6
11522,9,9
11523,9,9
11524,2,2
11525,8,8
11526,3,3
11527,5,5
11528,8,8
11529,2,2
11530,4,4
11531,6,6
11532,7,7
11533,9,9
11534,5,5
11535,2,2
11536,0,0
11537,9,9
11538,0,0
11539,2,2
11540,0,0
11541,3,3
11542,7,7
11543,9,9
11544,7,7
11545,6,6
11546,2,2
11547,5,5
11548,0,0
11549,9,9
11550,8,8
11551,4,4
11552,6,6
11553,8,8
11554,1,1
11555,2,2
11556,7,7
11557,8,8
11558,1,1
11559,2,2
11560,6,6
11561,9,9
11562,3,3
11563,6,6
11564,8,8
11565,9,9
11566,0,0
11567,8,8
11568,1,1
11569,6,6
11570,0,0
11571,4,4
11572,7,7
11573,8,8
11574,3,3
11575,2,2
11576,9,9
11577,3,3
11578,6,6
11579,9,9
11580,5,5
11581,6,6
11582,5,5
11583,9,9
11584,3,3
11585,8,8
11586,7,7
11587,2,2
11588,3,3
11589,4,4
11590,7,7
11591,0,0
11592,2,2
11593,8,8
11594,5,5
11595,8,8
11596,7,7
11597,3,3
11598,9,9
11599,2,2
11600,5,5
11601,6,6
11602,2,2
11603,8,8
11604,1,1
11605,3,3
11606,1,1
11607,9,9
11608,1,1
11609,9,9
11610,4,4
11611,9,9
11612,3,3
11613,9,9
11614,2,2
11615,3,3
11616,5,5
11617,9,9
11618,7,7
11619,9,9
11620,3,3
11621,9,9
11622,1,1
11623,8,8
11624,5,5
11625,9,9
11626,5,5
11627,8,8
11628,5,5
11629,8,8
11630,1,1
11631,9,9
11632,1,1
11633,8,8
11634,1,1
11635,4,4
11636,2,2
11637,9,9
11638,0,0
11639,6,6
11640,0,0
11641,8,8
11642,0,0
11643,9,9
11644,0,0
11645,6,6
11646,5,5
11647,8,8
11648,2,2
11649,5,5
11650,5,5
11651,2,2
11652,5,5
11653,8,8
11654,3,3
11655,6,6
11656,2,2
11657,8,8
11658,0,0
11659,2,2
11660,5,5
11661,4,4
11662,2,2
11663,9,9
11664,0,0
11665,2,2
11666,1,1
11667,4,4
11668,5,5
11669,0,0
11670,0,0
11671,9,9
11672,7,7
11673,4,4
11674,7,7
11675,4,4
11676,1,1
11677,9,9
11678,4,4
11679,9,9
11680,4,4
11681,2,2
11682,0,0
11683,2,2
11684,4,4
11685,8,8
11686,0,0
11687,9,9
11688,5,5
11689,8,8
11690,5,5
11691,4,4
11692,5,5
11693,6,6
11694,3,3
11695,2,2
11696,5,5
11697,4,4
11698,0,0
11699,4,4
11700,6,6
11701,2,2
11702,0,0
11703,8,8
11704,7,7
11705,6,6
11706,7,7
11707,2,2
11708,7,7
11709,9,9
11710,7,7
11711,5,5
11712,2,2
11713,8,8
11714,7,7
11715,9,9
11716,0,0
11717,9,9
11718,6,6
11719,9,9
11720,7,7
11721,9,9
11722,2,2
11723,4,4
11724,1,1
11725,2,2
11726,7,7
11727,6,6
11728,9,9
11729,3,3
11730,4,4
11731,4,4
11732,0,0
11733,8,8
11734,5,5
11735,9,9
11736,8,8
11737,6,6
11738,9,9
11739,9,9
11740,0,0
11741,2,2
11742,2,2
11743,9,9
11744,5,5
11745,9,9
11746,3,3
11747,9,9
11748,6,6
11749,9,9
11750,7,7
11751,2,2
11752,7,7
11753,2,2
11754,3,3
11755,2,2
11756,7,7
11757,8,8
11758,3,3
11759,9,9
11760,1,1
11761,9,9
11762,5,5
11763,8,8
11764,0,0
11765,9,9
11766,0,0
11767,9,9
11768,9,9
11769,4,4
11770,0,0
11771,8,8
11772,6,6
11773,8,8
11774,5,5
11775,8,8
11776,9,9
11777,9,9
11778,0,0
11779,2,2
11780,3,3
11781,2,2
11782,7,7
11783,8,8
11784,5,5
11785,9,9
11786,8,8
11787,1,1
11788,7,7
11789,0,0
11790,0,0
11791,3,3
11792,7,7
11793,9,9
11794,3,3
11795,6,6
11796,2,2
11797,2,2
11798,0,0
11799,0,0
11800,4,4
11801,2,2
11802,2,2
11803,4,4
11804,7,7
11805,0,0
11806,0,0
11807,3,3
11808,7,7
11809,9,9
11810,0,0
11811,6,6
11812,9,9
11813,2,2
11814,5,5
11815,9,9
11816,0,0
11817,2,2
11818,5,5
11819,1,1
11820,5,5
11821,0,0
11822,5,5
11823,2,2
11824,5,5
11825,0,0
11826,6,6
11827,8,8
11828,4,4
11829,0,0
11830,5,5
11831,0,0
11832,4,4
11833,2,2
11834,3,3
11835,9,9
11836,2,2
11837,2,2
11838,0,0
11839,2,2
11840,0,0
11841,6,6
11842,0,0
11843,8,8
11844,2,2
11845,3,3
11846,3,3
11847,0,0
11848,3,3
11849,4,4
11850,7,7
11851,2,2
11852,5,5
11853,9,9
11854,8,8
11855,9,9
11856,6,6
11857,9,9
11858,2,2
11859,2,2
11860,3,3
11861,8,8
11862,0,0
11863,2,2
11864,7,7
11865,6,6
11866,4,4
11867,9,9
11868,1,1
11869,6,6
11870,2,2
11871,4,4
11872,2,2
11873,8,8
11874,7,7
11875,4,4
11876,0,0
11877,5,5
11878,4,4
11879,0,0
11880,1,1
11881,2,2
11882,1,1
11883,1,1
11884,5,5
11885,8,8
11886,0,0
11887,2,2
11888,3,3
11889,2,2
11890,2,2
11891,0,0
11892,4,4
11893,0,0
11894,0,0
11895,1,1
11896,6,6
11897,0,0
11898,5,5
11899,6,6
11900,0,0
11901,1,1
11902,3,3
11903,0,0
11904,2,2
11905,1,1
11906,5,5
11907,0,0
11908,2,2
11909,0,0
11910,7,7
11911,4,4
11912,0,0
11913,8,8
11914,3,3
11915,4,4
11916,5,5
11917,9,9
11918,0,0
11919,8,8
11920,3,3
11921,2,2
11922,2,2
11923,2,2
11924,0,0
11925,8,8
11926,5,5
11927,4,4
11928,7,7
11929,2,2
11930,5,5
11931,1,1
11932,4,4
11933,2,2
11934,0,0
11935,2,2
11936,2,2
11937,8,8
11938,0,0
11939,9,9
11940,1,1
11941,4,4
11942,7,7
11943,9,9
11944,8,8
11945,3,3
11946,5,5
11947,8,8
11948,3,3
11949,1,1
11950,7,7
11951,2,2
11952,4,4
11953,9,9
11954,1,1
11955,0,0
11956,5,5
11957,2,2
11958,7,7
11959,4,4
11960,7,7
11961,6,6
11962,5,5
11963,2,2
11964,5,5
11965,9,9
11966,7,7
11967,9,9
11968,1,1
11969,2,2
11970,5,5
11971,6,6
11972,4,4
11973,3,3
11974,3,3
11975,9,9
11976,1,1
11977,6,6
11978,2,2
11979,2,2
11980,7,7
11981,5,5
11982,1,1
11983,9,9
11984,8,8
11985,4,4
11986,8,8
11987,8,8
11988,0,0
11989,2,2
11990,5,5
11991,8,8
11992,1,1
11993,3,3
11994,0,0
11995,9,9
11996,4,4
11997,6,6
11998,2,2
11999,2,2
12000,8,8
12001,8,8
12002,4,4
12003,9,9
12004,3,3
12005,4,4
12006,5,5
12007,8,8
12008,3,3
12009,2,2
12010,7,7
12011,3,3
12012,1,1
12013,9,9
12014,7,7
12015,6,6
12016,8,8
12017,2,2
12018,0,0
12019,8,8
12020,3,3
12021,9,9
12022,7,7
12023,4,4
12024,7,7
12025,8,8
12026,7,7
12027,8,8
12028,0,0
12029,8,8
12030,1,1
12031,8,8
12032,0,0
12033,8,8
12034,0,0
12035,2,2
12036,5,5
12037,2,2
12038,1,1
12039,9,9
12040,1,1
12041,9,9
12042,1,1
12043,2,2
12044,7,7
12045,2,2
12046,7,7
12047,4,4
12048,0,0
12049,9,9
12050,0,0
12051,8,8
12052,5,5
12053,6,6
12054,2,2
12055,8,8
12056,1,1
12057,3,3
12058,0,0
12059,8,8
12060,1,1
12061,8,8
12062,0,0
12063,6,6
12064,5,5
12065,8,8
12066,7,7
12067,8,8
12068,4,4
12069,8,8
12070,0,0
12071,9,9
12072,1,1
12073,2,2
12074,5,5
12075,0,0
12076,1,1
12077,0,0
12078,1,1
12079,6,6
12080,7,7
12081,0,0
12082,2,2
12083,9,9
12084,2,2
12085,2,2
12086,7,7
12087,2,2
12088,4,4
12089,2,2
12090,4,4
12091,6,6
12092,2,2
12093,6,6
12094,7,7
12095,3,3
12096,5,5
12097,9,9
12098,8,8
12099,2,2
12100,2,2
12101,4,4
12102,5,5
12103,3,3
12104,4,4
12105,8,8
12106,9,9
12107,3,3
12108,7,7
12109,2,2
12110,2,2
12111,2,2
12112,7,7
12113,9,9
12114,4,4
12115,3,3
12116,0,0
12117,2,2
12118,1,1
12119,2,2
12120,8,8
12121,0,0
12122,0,0
12123,9,9
12124,7,7
12125,8,8
12126,8,8
12127,3,3
12128,1,1
12129,6,6
12130,2,2
12131,8,8
12132,1,1
12133,9,9
12134,3,3
12135,6,6
12136,1,1
12137,2,2
12138,8,8
12139,8,8
12140,3,3
12141,9,9
12142,3,3
12143,8,8
12144,3,3
12145,9,9
12146,7,7
12147,4,4
12148,7,7
12149,8,8
12150,3,3
12151,6,6
12152,7,7
12153,6,6
12154,1,1
12155,4,4
12156,6,6
12157,9,9
12158,9,9
12159,4,4
12160,0,0
12161,6,6
12162,8,8
12163,2,2
12164,2,2
12165,8,8
12166,1,1
12167,4,4
12168,3,3
12169,0,0
12170,4,4
12171,0,0
12172,0,0
12173,2,2
12174,2,2
12175,5,5
12176,0,0
12177,4,4
12178,1,1
12179,8,8
12180,3,3
12181,9,9
12182,7,7
12183,6,6
12184,5,5
12185,8,8
12186,7,7
12187,8,8
12188,5,5
12189,6,6
12190,8,8
12191,4,4
12192,5,5
12193,2,2
12194,5,5
12195,3,3
12196,5,5
12197,0,0
12198,7,7
12199,4,4
12200,5,5
12201,4,4
12202,5,5
12203,8,8
12204,6,6
12205,3,3
12206,1,1
12207,9,9
12208,0,0
12209,9,9
12210,2,2
12211,2,2
12212,1,1
12213,6,6
12214,2,2
12215,9,9
12216,4,4
12217,3,3
12218,7,7
12219,2,2
12220,5,5
12221,9,9
12222,7,7
12223,8,8
12224,5,5
12225,2,2
12226,1,1
12227,8,8
12228,7,7
12229,2,2
12230,9,9
12231,4,4
12232,0,0
12233,8,8
12234,6,6
12235,2,2
12236,9,9
12237,8,8
12238,9,9
12239,3,3
12240,8,8
12241,9,9
12242,5,5
12243,6,6
12244,7,7
12245,7,7
12246,7,7
12247,8,8
12248,0,0
12249,9,9
12250,7,7
12251,4,4
12252,0,0
12253,8,8
12254,1,1
12255,2,2
12256,5,5
12257,8,8
12258,6,6
12259,3,3
12260,2,2
12261,9,9
12262,4,4
12263,6,6
12264,3,3
12265,2,2
12266,3,3
12267,8,8
12268,2,2
12269,9,9
12270,4,4
12271,4,4
12272,5,5
12273,6,6
12274,7,7
12275,2,2
12276,7,7
12277,8,8
12278,5,5
12279,8,8
12280,8,8
12281,2,2
12282,2,2
12283,4,4
12284,2,2
12285,8,8
12286,6,6
12287,8,8
12288,7,7
12289,2,2
12290,4,4
12291,8,8
12292,5,5
12293,8,8
12294,0,0
12295,2,2
12296,0,0
12297,8,8
12298,7,7
12299,6,6
12300,7,7
12301,8,8
12302,1,1
12303,7,7
12304,5,5
12305,8,8
12306,0,0
12307,2,2
12308,1,1
12309,2,2
12310,1,1
12311,6,6
12312,7,7
12313,3,3
12314,1,1
12315,8,8
12316,5,5
12317,2,2
12318,1,1
12319,4,4
12320,5,5
12321,2,2
12322,5,5
12323,9,9
12324,2,2
12325,2,2
12326,7,7
12327,5,5
12328,0,0
12329,2,2
12330,7,7
12331,9,9
12332,5,5
12333,2,2
12334,7,7
12335,8,8
12336,1,1
12337,3,3
12338,1,1
12339,3,3
12340,4,4
12341,8,8
12342,5,5
12343,9,9
12344,7,7
12345,2,2
12346,7,7
12347,9,9
12348,0,0
12349,2,2
12350,7,7
12351,2,2
12352,6,6
12353,2,2
12354,4,4
12355,2,2
12356,1,1
12357,3,3
12358,5,5
12359,4,4
12360,3,3
12361,3,3
12362,1,1
12363,8,8
12364,0,0
12365,9,9
12366,6,6
12367,9,9
12368,0,0
12369,2,2
12370,7,7
12371,9,9
12372,0,0
12373,9,9
12374,3,3
12375,9,9
12376,7,7
12377,2,2
12378,9,9
12379,2,2
12380,0,0
12381,2,2
12382,1,1
12383,9,9
12384,5,5
12385,6,6
12386,2,2
12387,3,3
12388,9,9
12389,8,8
12390,8,8
12391,8,8
12392,1,1
12393,4,4
12394,1,1
12395,8,8
12396,5,5
12397,8,8
12398,5,5
12399,9,9
12400,2,2
12401,4,4
12402,4,4
12403,8,8
12404,7,7
12405,2,2
12406,5,5
12407,9,9
12408,5,5
12409,6,6
12410,4,4
12411,4,4
12412,1,1
12413,8,8
12414,3,3
12415,9,9
12416,7,7
12417,8,8
12418,5,5
12419,2,2
12420,0,0
12421,2,2
12422,7,7
12423,4,4
12424,6,6
12425,8,8
12426,5,5
12427,8,8
12428,0,0
12429,8,8
12430,7,7
12431,8,8
12432,8,8
12433,4,4
12434,1,1
12435,6,6
12436,1,1
12437,2,2
12438,5,5
12439,8,8
12440,5,5
12441,9,9
12442,0,0
12443,8,8
12444,7,7
12445,6,6
12446,7,7
12447,6,6
12448,4,4
12449,9,9
12450,4,4
12451,2,2
12452,4,4
12453,8,8
12454,5,5
12455,2,2
12456,2,2
12457,3,3
12458,5,5
12459,9,9
12460,5,5
12461,6,6
12462,4,4
12463,2,2
12464,9,9
12465,8,8
12466,1,1
12467,2,2
12468,5,5
12469,4,4
12470,7,7
12471,8,8
12472,5,5
12473,7,7
12474,9,9
12475,0,0
12476,7,7
12477,3,3
12478,0,0
12479,9,9
12480,4,4
12481,6,6
12482,7,7
12483,2,2
12484,0,0
12485,5,5
12486,1,1
12487,2,2
12488,0,0
12489,3,3
12490,7,7
12491,8,8
12492,0,0
12493,7,7
12494,7,7
12495,0,0
12496,0,0
12497,3,3
12498,9,9
12499,9,9
12500,3,3
12501,2,2
12502,0,0
12503,7,7
12504,3,3
12505,8,8
12506,7,7
12507,2,2
12508,1,1
12509,4,4
12510,1,1
12511,8,8
12512,1,1
12513,7,7
12514,3,3
12515,0,0
12516,3,3
12517,6,6
12518,4,4
12519,3,3
12520,4,4
12521,9,9
12522,1,1
12523,4,4
12524,1,1
12525,9,9
12526,8,8
12527,2,2
12528,5,5
12529,8,8
12530,5,5
12531,8,8
12532,1,1
12533,3,3
12534,2,2
12535,8,8
12536,1,1
12537,8,8
12538,0,0
12539,9,9
12540,7,7
12541,4,4
12542,2,2
12543,8,8
12544,7,7
12545,2,2
12546,0,0
12547,4,4
12548,2,2
12549,2,2
12550,3,3
12551,2,2
12552,4,4
12553,3,3
12554,3,3
12555,3,3
12556,1,1
12557,2,2
12558,0,0
12559,2,2
12560,5,5
12561,2,2
12562,0,0
12563,8,8
12564,5,5
12565,2,2
12566,7,7
12567,4,4
12568,3,3
12569,8,8
12570,0,0
12571,8,8
12572,7,7
12573,3,3
12574,2,2
12575,3,3
12576,0,0
12577,8,8
12578,9,9
12579,8,8
12580,2,2
12581,9,9
12582,6,6
12583,7,7
12584,2,2
12585,2,2
12586,2,2
12587,2,2
12588,7,7
12589,8,8
12590,1,1
12591,9,9
12592,0,0
12593,2,2
12594,7,7
12595,8,8
12596,4,4
12597,8,8
12598,9,9
12599,8,8
12600,8,8
12601,8,8
12602,7,7
12603,2,2
12604,2,2
12605,3,3
12606,4,4
12607,8,8
12608,6,6
12609,2,2
12610,0,0
12611,3,3
12612,5,5
12613,4,4
12614,3,3
12615,8,8
12616,7,7
12617,7,7
12618,5,5
12619,2,2
12620,6,6
12621,2,2
12622,2,2
12623,2,2
12624,0,0
12625,2,2
12626,7,7
12627,2,2
12628,0,0
12629,8,8
12630,7,7
12631,2,2
12632,1,1
12633,3,3
12634,1,1
12635,3,3
12636,4,4
12637,4,4
12638,2,2
12639,8,8
12640,5,5
12641,8,8
12642,1,1
12643,9,9
12644,5,5
12645,7,7
12646,5,5
12647,9,9
12648,7,7
12649,8,8
12650,5,5
12651,8,8
12652,7,7
12653,3,3
12654,8,8
12655,2,2
12656,7,7
12657,9,9
12658,1,1
12659,8,8
12660,8,8
12661,2,2
12662,4,4
12663,3,3
12664,1,1
12665,3,3
12666,2,2
12667,2,2
12668,5,5
12669,8,8
12670,3,3
12671,9,9
12672,6,6
12673,4,4
12674,0,0
12675,8,8
12676,0,0
12677,7,7
12678,9,9
12679,2,2
12680,1,1
12681,9,9
12682,6,6
12683,2,2
12684,8,8
12685,3,3
12686,2,2
12687,8,8
12688,0,0
12689,3,3
12690,3,3
12691,3,3
12692,1,1
12693,9,9
12694,7,7
12695,2,2
12696,5,5
12697,8,8
12698,1,1
12699,3,3
12700,7,7
12701,5,5
12702,5,5
12703,3,3
12704,1,1
12705,1,1
12706,1,1
12707,6,6
12708,0,0
12709,7,7
12710,2,2
12711,0,0
12712,2,2
12713,7,7
12714,0,0
12715,4,4
12716,3,3
12717,0,0
12718,6,6
12719,2,2
12720,7,7
12721,5,5
12722,1,1
12723,3,3
12724,8,8
12725,1,1
12726,5,5
12727,6,6
12728,4,4
12729,7,7
12730,0,0
12731,0,0
12732,3,3
12733,2,2
12734,9,9
12735,4,4
12736,7,7
12737,0,0
12738,8,8
12739,0,0
12740,9,9
12741,3,3
12742,5,5
12743,1,1
12744,2,2
12745,6,6
12746,1,1
12747,7,7
12748,3,3
12749,5,5
12750,7,7
12751,5,5
12752,8,8
12753,5,5
12754,8,8
12755,5,5
12756,2,2
12757,5,5
12758,4,4
12759,4,4
12760,5,5
12761,7,7
12762,5,5
12763,0,0
12764,5,5
12765,3,3
12766,1,1
12767,5,5
12768,5,5
12769,0,0
12770,7,7
12771,1,1
12772,5,5
12773,0,0
12774,1,1
12775,7,7
12776,3,3
12777,7,7
12778,0,0
12779,0,0
12780,7,7
12781,0,0
12782,7,7
12783,7,7
12784,6,6
12785,3,3
12786,8,8
12787,0,0
12788,0,0
12789,5,5
12790,1,1
12791,1,1
12792,0,0
12793,1,1
12794,9,9
12795,5,5
12796,3,3
12797,6,6
12798,1,1
12799,4,4
12800,7,7
12801,4,4
12802,6,6
12803,6,6
12804,7,7
12805,1,1
12806,0,0
12807,1,1
12808,9,9
12809,1,1
12810,4,4
12811,1,1
12812,1,1
12813,5,5
12814,7,7
12815,6,6
12816,2,2
12817,1,1
12818,7,7
12819,5,5
12820,8,8
12821,2,2
12822,6,6
12823,6,6
12824,1,1
12825,5,5
12826,7,7
12827,8,8
12828,1,1
12829,2,2
12830,0,0
12831,2,2
12832,5,5
12833,0,0
12834,2,2
12835,0,0
12836,5,5
12837,3,3
12838,7,7
12839,3,3
12840,5,5
12841,0,0
12842,1,1
12843,4,4
12844,9,9
12845,1,1
12846,0,0
12847,1,1
12848,7,7
12849,0,0
12850,0,0
12851,4,4
12852,0,0
12853,4,4
12854,6,6
12855,4,4
12856,7,7
12857,7,7
12858,9,9
12859,6,6
12860,9,9
12861,6,6
12862,8,8
12863,0,0
12864,6,6
12865,0,0
12866,4,4
12867,0,0
12868,0,0
12869,3,3
12870,5,5
12871,6,6
12872,3,3
12873,9,9
12874,7,7
12875,6,6
12876,4,4
12877,7,7
12878,1,1
12879,7,7
12880,3,3
12881,7,7
12882,7,7
12883,1,1
12884,0,0
12885,1,1
12886,1,1
12887,4,4
12888,3,3
12889,0,0
12890,2,2
12891,2,2
12892,2,2
12893,7,7
12894,8,8
12895,7,7
12896,0,0
12897,3,3
12898,1,1
12899,2,2
12900,0,0
12901,7,7
12902,4,4
12903,5,5
12904,7,7
12905,5,5
12906,6,6
12907,2,2
12908,8,8
12909,9,9
12910,0,0
12911,6,6
12912,0,0
12913,2,2
12914,0,0
12915,8,8
12916,7,7
12917,9,9
12918,1,1
12919,4,4
12920,7,7
12921,8,8
12922,5,5
12923,2,2
12924,7,7
12925,8,8
12926,3,3
12927,3,3
12928,7,7
12929,9,9
12930,9,9
12931,6,6
12932,1,1
12933,2,2
12934,5,5
12935,8,8
12936,9,9
12937,9,9
12938,8,8
12939,4,4
12940,9,9
12941,8,8
12942,7,7
12943,2,2
12944,7,7
12945,8,8
12946,5,5
12947,3,3
12948,0,0
12949,9,9
12950,1,1
12951,6,6
12952,1,1
12953,2,2
12954,6,6
12955,8,8
12956,8,8
12957,9,9
12958,2,2
12959,4,4
12960,0,0
12961,8,8
12962,2,2
12963,2,2
12964,5,5
12965,8,8
12966,8,8
12967,6,6
12968,7,7
12969,5,5
12970,8,8
12971,9,9
12972,5,5
12973,8,8
12974,2,2
12975,4,4
12976,5,5
12977,4,4
12978,7,7
12979,8,8
12980,5,5
12981,2,2
12982,0,0
12983,2,2
12984,2,2
12985,6,6
12986,7,7
12987,9,9
12988,7,7
12989,8,8
12990,7,7
12991,8,8
12992,3,3
12993,8,8
12994,8,8
12995,6,6
12996,8,8
12997,8,8
12998,7,7
12999,8,8
13000,0,0
13001,9,9
13002,1,1
13003,9,9
13004,7,7
13005,6,6
13006,9,9
13007,9,9
13008,5,5
13009,8,8
13010,4,4
13011,4,4
13012,0,0
13013,3,3
13014,5,5
13015,6,6
13016,5,5
13017,2,2
13018,7,7
13019,6,6
13020,4,4
13021,8,8
13022,6,6
13023,6,6
13024,1,1
13025,9,9
13026,1,1
13027,8,8
13028,0,0
13029,3,3
13030,5,5
13031,5,5
13032,5,5
13033,3,3
13034,8,8
13035,4,4
13036,7,7
13037,2,2
13038,2,2
13039,6,6
13040,5,5
13041,8,8
13042,8,8
13043,6,6
13044,3,3
13045,6,6
13046,5,5
13047,4,4
13048,8,8
13049,8,8
13050,1,1
13051,2,2
13052,5,5
13053,8,8
13054,3,3
13055,2,2
13056,0,0
13057,8,8
13058,7,7
13059,6,6
13060,2,2
13061,6,6
13062,5,5
13063,8,8
13064,5,5
13065,2,2
13066,3,3
13067,4,4
13068,0,0
13069,5,5
13070,2,2
13071,8,8
13072,0,0
13073,8,8
13074,3,3
13075,2,2
13076,3,3
13077,2,2
13078,4,4
13079,2,2
13080,1,1
13081,2,2
13082,8,8
13083,2,2
13084,7,7
13085,4,4
13086,6,6
13087,4,4
13088,0,0
13089,2,2
13090,1,1
13091,8,8
13092,7,7
13093,6,6
13094,7,7
13095,2,2
13096,2,2
13097,3,3
13098,3,3
13099,2,2
13100,9,9
13101,4,4
13102,1,1
13103,2,2
13104,0,0
13105,2,2
13106,9,9
13107,9,9
13108,0,0
13109,2,2
13110,7,7
13111,8,8
13112,1,1
13113,9,9
13114,7,7
13115,8,8
13116,0,0
13117,3,3
13118,8,8
13119,8,8
13120,9,9
13121,5,5
13122,7,7
13123,8,8
13124,7,7
13125,8,8
13126,3,3
13127,6,6
13128,8,8
13129,9,9
13130,5,5
13131,8,8
13132,0,0
13133,4,4
13134,7,7
13135,3,3
13136,5,5
13137,9,9
13138,8,8
13139,6,6
13140,1,1
13141,2,2
13142,7,7
13143,8,8
13144,1,1
13145,9,9
13146,7,7
13147,4,4
13148,6,6
13149,2,2
13150,1,1
13151,2,2
13152,2,2
13153,2,2
13154,1,1
13155,3,3
13156,9,9
13157,9,9
13158,0,0
13159,6,6
13160,1,1
13161,2,2
13162,0,0
13163,8,8
13164,3,3
13165,9,9
13166,0,0
13167,3,3
13168,9,9
13169,8,8
13170,4,4
13171,2,2
13172,4,4
13173,8,8
13174,0,0
13175,3,3
13176,7,7
13177,9,9
13178,0,0
13179,6,6
13180,1,1
13181,2,2
13182,2,2
13183,8,8
13184,3,3
13185,2,2
13186,7,7
13187,8,8
13188,8,8
13189,2,2
13190,7,7
13191,8,8
13192,8,8
13193,2,2
13194,0,0
13195,2,2
13196,3,3
13197,9,9
13198,1,1
13199,8,8
13200,9,9
13201,9,9
13202,7,7
13203,3,3
13204,2,2
13205,8,8
13206,3,3
13207,4,4
13208,7,7
13209,8,8
13210,4,4
13211,3,3
13212,1,1
13213,9,9
13214,3,3
13215,3,3
13216,3,3
13217,3,3
13218,7,7
13219,2,2
13220,4,4
13221,2,2
13222,7,7
13223,8,8
13224,4,4
13225,6,6
13226,4,4
13227,9,9
13228,7,7
13229,9,9
13230,3,3
13231,3,3
13232,7,7
13233,3,3
13234,5,5
13235,8,8
13236,5,5
13237,9,9
13238,2,2
13239,6,6
13240,3,3
13241,8,8
13242,7,7
13243,8,8
13244,5,5
13245,4,4
13246,4,4
13247,8,8
13248,1,1
13249,6,6
13250,7,7
13251,8,8
13252,5,5
13253,9,9
13254,1,1
13255,8,8
13256,7,7
13257,6,6
13258,7,7
13259,9,9
13260,1,1
13261,4,4
13262,7,7
13263,8,8
13264,2,2
13265,8,8
13266,9,9
13267,8,8
13268,3,3
13269,8,8
13270,0,0
13271,8,8
13272,1,1
13273,9,9
13274,7,7
13275,6,6
13276,7,7
13277,6,6
13278,0,0
13279,9,9
13280,3,3
13281,2,2
13282,4,4
13283,9,9
13284,0,0
13285,2,2
13286,3,3
13287,6,6
13288,7,7
13289,8,8
13290,5,5
13291,8,8
13292,8,8
13293,9,9
13294,0,0
13295,6,6
13296,1,1
13297,9,9
13298,7,7
13299,6,6
13300,3,3
13301,2,2
13302,5,5
13303,4,4
13304,5,5
13305,2,2
13306,4,4
13307,9,9
13308,0,0
13309,4,4
13310,6,6
13311,8,8
13312,7,7
13313,6,6
13314,2,2
13315,9,9
13316,2,2
13317,2,2
13318,7,7
13319,8,8
13320,2,2
13321,9,9
13322,4,4
13323,8,8
13324,0,0
13325,2,2
13326,5,5
13327,2,2
13328,7,7
13329,8,8
13330,7,7
13331,9,9
13332,7,7
13333,8,8
13334,1,1
13335,3,3
13336,7,7
13337,8,8
13338,1,1
13339,8,8
13340,9,9
13341,2,2
13342,2,2
13343,2,2
13344,3,3
13345,9,9
13346,7,7
13347,3,3
13348,7,7
13349,4,4
13350,0,0
13351,4,4
13352,7,7
13353,2,2
13354,2,2
13355,8,8
13356,0,0
13357,4,4
13358,5,5
13359,8,8
13360,0,0
13361,8,8
13362,0,0
13363,4,4
13364,4,4
13365,9,9
13366,3,3
13367,5,5
13368,7,7
13369,9,9
13370,1,1
13371,6,6
13372,9,9
13373,4,4
13374,5,5
13375,4,4
13376,1,1
13377,3,3
13378,2,2
13379,9,9
13380,0,0
13381,6,6
13382,8,8
13383,2,2
13384,6,6
13385,8,8
13386,7,7
13387,2,2
13388,7,7
13389,4,4
13390,1,1
13391,8,8
13392,9,9
13393,2,2
13394,4,4
13395,8,8
13396,2,2
13397,3,3
13398,1,1
13399,9,9
13400,7,7
13401,6,6
13402,7,7
13403,7,7
13404,7,7
13405,8,8
13406,6,6
13407,6,6
13408,3,3
13409,8,8
13410,8,8
13411,3,3
13412,7,7
13413,9,9
13414,5,5
13415,6,6
13416,0,0
13417,7,7
13418,5,5
13419,8,8
13420,0,0
13421,8,8
13422,0,0
13423,2,2
13424,7,7
13425,8,8
13426,5,5
13427,4,4
13428,5,5
13429,8,8
13430,0,0
13431,4,4
13432,6,6
13433,9,9
13434,6,6
13435,8,8
13436,7,7
13437,8,8
13438,7,7
13439,8,8
13440,7,7
13441,5,5
13442,1,1
13443,8,8
13444,4,4
13445,7,7
13446,0,0
13447,2,2
13448,2,2
13449,9,9
13450,3,3
13451,0,0
13452,8,8
13453,9,9
13454,3,3
13455,6,6
13456,0,0
13457,8,8
13458,5,5
13459,3,3
13460,5,5
13461,0,0
13462,0,0
13463,8,8
13464,3,3
13465,0,0
13466,7,7
13467,3,3
13468,4,4
13469,8,8
13470,1,1
13471,5,5
13472,0,0
13473,0,0
13474,1,1
13475,1,1
13476,0,0
13477,2,2
13478,7,7
13479,8,8
13480,5,5
13481,4,4
13482,0,0
13483,3,3
13484,6,6
13485,2,2
13486,7,7
13487,9,9
13488,1,1
13489,2,2
13490,6,6
13491,6,6
13492,3,3
13493,4,4
13494,2,2
13495,6,6
13496,7,7
13497,3,3
13498,2,2
13499,0,0
13500,0,0
13501,9,9
13502,2,2
13503,6,6
13504,9,9
13505,3,3
13506,6,6
13507,0,0
13508,4,4
13509,2,2
13510,1,1
13511,4,4
13512,0,0
13513,8,8
13514,9,9
13515,8,8
13516,1,1
13517,2,2
13518,7,7
13519,7,7
13520,5,5
13521,3,3
13522,6,6
13523,6,6
13524,7,7
13525,6,6
13526,0,0
13527,6,6
13528,7,7
13529,8,8
13530,5,5
13531,2,2
13532,7,7
13533,3,3
13534,0,0
13535,6,6
13536,4,4
13537,9,9
13538,7,7
13539,4,4
13540,0,0
13541,8,8
13542,1,1
13543,7,7
13544,3,3
13545,3,3
13546,4,4
13547,3,3
13548,0,0
13549,2,2
13550,6,6
13551,2,2
13552,1,1
13553,8,8
13554,2,2
13555,8,8
13556,1,1
13557,8,8
13558,1,1
13559,2,2
13560,7,7
13561,8,8
13562,8,8
13563,8,8
13564,5,5
13565,4,4
13566,0,0
13567,2,2
13568,1,1
13569,9,9
13570,8,8
13571,8,8
13572,8,8
13573,8,8
13574,1,1
13575,4,4
13576,1,1
13577,7,7
13578,2,2
13579,2,2
13580,7,7
13581,9,9
13582,3,3
13583,3,3
13584,1,1
13585,6,6
13586,7,7
13587,4,4
13588,7,7
13589,3,3
13590,1,1
13591,7,7
13592,2,2
13593,4,4
13594,2,2
13595,4,4
13596,5,5
13597,2,2
13598,4,4
13599,8,8
13600,0,0
13601,7,7
13602,5,5
13603,2,2
13604,1,1
13605,2,2
13606,6,6
13607,7,7
13608,7,7
13609,3,3
13610,1,1
13611,9,9
13612,6,6
13613,6,6
13614,4,4
13615,7,7
13616,5,5
13617,9,9
13618,2,2
13619,2,2
13620,1,1
13621,4,4
13622,3,3
13623,3,3
13624,6,6
13625,9,9
13626,0,0
13627,6,6
13628,6,6
13629,7,7
13630,1,1
13631,9,9
13632,7,7
13633,9,9
13634,8,8
13635,4,4
13636,1,1
13637,8,8
13638,8,8
13639,1,1
13640,0,0
13641,3,3
13642,7,7
13643,9,9
13644,0,0
13645,6,6
13646,0,0
13647,0,0
13648,9,9
13649,9,9
13650,5,5
13651,9,9
13652,5,5
13653,5,5
13654,1,1
13655,9,9
13656,1,1
13657,9,9
13658,3,3
13659,2,2
13660,7,7
13661,4,4
13662,0,0
13663,9,9
13664,5,5
13665,8,8
13666,5,5
13667,6,6
13668,0,0
13669,2,2
13670,2,2
13671,4,4
13672,0,0
13673,7,7
13674,9,9
13675,7,7
13676,7,7
13677,2,2
13678,5,5
13679,4,4
13680,1,1
13681,7,7
13682,2,2
13683,8,8
13684,0,0
13685,3,3
13686,5,5
13687,8,8
13688,5,5
13689,9,9
13690,6,6
13691,8,8
13692,5,5
13693,9,9
13694,1,1
13695,0,0
13696,4,4
13697,9,9
13698,0,0
13699,9,9
13700,1,1
13701,9,9
13702,1,1
13703,0,0
13704,1,1
13705,5,5
13706,7,7
13707,7,7
13708,7,7
13709,4,4
13710,8,8
13711,9,9
13712,5,5
13713,5,5
13714,1,1
13715,5,5
13716,0,0
13717,0,0
13718,0,0
13719,3,3
13720,5,5
13721,9,9
13722,6,6
13723,2,2
13724,8,8
13725,9,9
13726,3,3
13727,5,5
13728,0,0
13729,5,5
13730,3,3
13731,4,4
13732,0,0
13733,9,9
13734,3,3
13735,6,6
13736,7,7
13737,4,4
13738,4,4
13739,0,0
13740,2,2
13741,6,6
13742,7,7
13743,6,6
13744,0,0
13745,0,0
13746,8,8
13747,2,2
13748,1,1
13749,2,2
13750,7,7
13751,3,3
13752,2,2
13753,9,9
13754,8,8
13755,8,8
13756,0,0
13757,9,9
13758,4,4
13759,4,4
13760,6,6
13761,6,6
13762,6,6
13763,0,0
13764,3,3
13765,5,5
13766,0,0
13767,8,8
13768,5,5
13769,3,3
13770,4,4
13771,6,6
13772,4,4
13773,2,2
13774,6,6
13775,5,5
13776,8,8
13777,2,2
13778,1,1
13779,3,3
13780,4,4
13781,2,2
13782,9,9
13783,2,2
13784,2,2
13785,9,9
13786,0,0
13787,2,2
13788,9,9
13789,8,8
13790,9,9
13791,8,8
13792,2,2
13793,2,2
13794,0,0
13795,2,2
13796,0,0
13797,8,8
13798,3,3
13799,3,3
13800,7,7
13801,0,0
13802,0,0
13803,2,2
13804,1,1
13805,0,0
13806,0,0
13807,3,3
13808,4,4
13809,4,4
13810,8,8
13811,9,9
13812,2,2
13813,4,4
13814,8,8
13815,8,8
13816,3,3
13817,8,8
13818,6,6
13819,8,8
13820,6,6
13821,1,1
13822,3,3
13823,0,0
13824,7,7
13825,9,9
13826,3,3
13827,9,9
13828,4,4
13829,4,4
13830,3,3
13831,7,7
13832,4,4
13833,3,3
13834,0,0
13835,9,9
13836,7,7
13837,6,6
13838,4,4
13839,7,7
13840,1,1
13841,8,8
13842,0,0
13843,9,9
13844,6,6
13845,4,4
13846,4,4
13847,8,8
13848,5,5
13849,2,2
13850,0,0
13851,8,8
13852,0,0
13853,3,3
13854,7,7
13855,9,9
13856,5,5
13857,6,6
13858,4,4
13859,7,7
13860,4,4
13861,8,8
13862,2,2
13863,9,9
13864,5,5
13865,4,4
13866,9,9
13867,8,8
13868,5,5
13869,2,2
13870,0,0
13871,8,8
13872,3,3
13873,3,3
13874,3,3
13875,9,9
13876,7,7
13877,6,6
13878,1,1
13879,7,7
13880,7,7
13881,4,4
13882,1,1
13883,8,8
13884,9,9
13885,2,2
13886,7,7
13887,8,8
13888,1,1
13889,3,3
13890,8,8
13891,8,8
13892,1,1
13893,8,8
13894,7,7
13895,9,9
13896,3,3
13897,8,8
13898,0,0
13899,2,2
13900,5,5
13901,8,8
13902,5,5
13903,9,9
13904,5,5
13905,8,8
13906,1,1
13907,8,8
13908,0,0
13909,2,2
13910,6,6
13911,3,3
13912,5,5
13913,3,3
13914,6,6
13915,8,8
13916,3,3
13917,2,2
13918,3,3
13919,6,6
13920,0,0
13921,3,3
13922,0,0
13923,9,9
13924,2,2
13925,7,7
13926,7,7
13927,4,4
13928,6,6
13929,2,2
13930,5,5
13931,2,2
13932,5,5
13933,8,8
13934,7,7
13935,2,2
13936,5,5
13937,2,2
13938,2,2
13939,4,4
13940,7,7
13941,4,4
13942,5,5
13943,8,8
13944,7,7
13945,8,8
13946,7,7
13947,9,9
13948,0,0
13949,8,8
13950,1,1
13951,2,2
13952,6,6
13953,6,6
13954,2,2
13955,3,3
13956,1,1
13957,2,2
13958,7,7
13959,6,6
13960,2,2
13961,9,9
13962,3,3
13963,8,8
13964,1,1
13965,2,2
13966,7,7
13967,9,9
13968,0,0
13969,6,6
13970,3,3
13971,8,8
13972,7,7
13973,9,9
13974,9,9
13975,8,8
13976,7,7
13977,4,4
13978,0,0
13979,2,2
13980,2,2
13981,9,9
13982,0,0
13983,6,6
13984,7,7
13985,9,9
13986,5,5
13987,8,8
13988,7,7
13989,3,3
13990,2,2
13991,2,2
13992,1,1
13993,2,2
13994,6,6
13995,4,4
13996,7,7
13997,8,8
13998,5,5
13999,4,4
14000,1,1
14001,9,9
14002,7,7
14003,2,2
14004,0,0
14005,6,6
14006,2,2
14007,9,9
14008,8,8
14009,9,9
14010,5,5
14011,8,8
14012,3,3
14013,9,9
14014,1,1
14015,8,8
14016,1,1
14017,9,9
14018,5,5
14019,3,3
14020,7,7
14021,1,1
14022,0,0
14023,6,6
14024,6,6
14025,7,7
14026,7,7
14027,5,5
14028,7,7
14029,2,2
14030,7,7
14031,4,4
14032,1,1
14033,0,0
14034,3,3
14035,7,7
14036,5,5
14037,5,5
14038,1,1
14039,3,3
14040,6,6
14041,1,1
14042,5,5
14043,5,5
14044,4,4
14045,7,7
14046,0,0
14047,5,5
14048,7,7
14049,2,2
14050,6,6
14051,4,4
14052,3,3
14053,5,5
14054,2,2
14055,2,2
14056,1,1
14057,5,5
14058,5,5
14059,3,3
14060,1,1
14061,1,1
14062,2,2
14063,4,4
14064,8,8
14065,7,7
14066,5,5
14067,5,5
14068,7,7
14069,2,2
14070,1,1
14071,4,4
14072,4,4
14073,0,0
14074,1,1
14075,7,7
14076,0,0
14077,5,5
14078,6,6
14079,1,1
14080,7,7
14081,6,6
14082,0,0
14083,4,4
14084,6,6
14085,7,7
14086,5,5
14087,7,7
14088,8,8
14089,3,3
14090,7,7
14091,6,6
14092,3,3
14093,7,7
14094,0,0
14095,5,5
14096,2,2
14097,3,3
14098,1,1
14099,7,7
14100,4,4
14101,5,5
14102,3,3
14103,5,5
14104,9,9
14105,5,5
14106,7,7
14107,7,7
14108,6,6
14109,5,5
14110,3,3
14111,0,0
14112,6,6
14113,4,4
14114,8,8
14115,7,7
14116,5,5
14117,5,5
14118,6,6
14119,1,1
14120,2,2
14121,5,5
14122,4,4
14123,1,1
14124,6,6
14125,5,5
14126,1,1
14127,5,5
14128,1,1
14129,5,5
14130,6,6
14131,3,3
14132,6,6
14133,1,1
14134,8,8
14135,7,7
14136,4,4
14137,3,3
14138,0,0
14139,5,5
14140,2,2
14141,5,5
14142,0,0
14143,2,2
14144,3,3
14145,5,5
14146,5,5
14147,5,5
14148,3,3
14149,1,1
14150,8,8
14151,5,5
14152,9,9
14153,3,3
14154,9,9
14155,5,5
14156,5,5
14157,3,3
14158,3,3
14159,4,4
14160,3,3
14161,3,3
14162,1,1
14163,6,6
14164,6,6
14165,3,3
14166,7,7
14167,4,4
14168,2,2
14169,1,1
14170,7,7
14171,2,2
14172,4,4
14173,2,2
14174,5,5
14175,5,5
14176,5,5
14177,7,7
14178,4,4
14179,3,3
14180,0,0
14181,1,1
14182,0,0
14183,2,2
14184,7,7
14185,5,5
14186,6,6
14187,5,5
14188,5,5
14189,5,5
14190,4,4
14191,7,7
14192,7,7
14193,5,5
14194,5,5
14195,2,2
14196,9,9
14197,0,0
14198,8,8
14199,2,2
14200,2,2
14201,0,0
14202,2,2
14203,7,7
14204,2,2
14205,7,7
14206,8,8
14207,5,5
14208,0,0
14209,2,2
14210,2,2
14211,5,5
14212,1,1
14213,2,2
14214,2,2
14215,6,6
14216,8,8
14217,5,5
14218,7,7
14219,0,0
14220,5,5
14221,1,1
14222,0,0
14223,7,7
14224,1,1
14225,7,7
14226,7,7
14227,1,1
14228,1,1
14229,3,3
14230,9,9
14231,0,0
14232,4,4
14233,2,2
14234,1,1
14235,5,5
14236,7,7
14237,5,5
14238,9,9
14239,5,5
14240,5,5
14241,0,0
14242,9,9
14243,0,0
14244,6,6
14245,0,0
14246,0,0
14247,5,5
14248,5,5
14249,5,5
14250,8,8
14251,2,2
14252,1,1
14253,2,2
14254,1,1
14255,7,7
14256,4,4
14257,0,0
14258,4,4
14259,5,5
14260,5,5
14261,7,7
14262,7,7
14263,7,7
14264,6,6
14265,5,5
14266,5,5
14267,4,4
14268,1,1
14269,3,3
14270,2,2
14271,9,9
14272,0,0
14273,1,1
14274,5,5
14275,2,2
14276,7,7
14277,8,8
14278,3,3
14279,2,2
14280,5,5
14281,0,0
14282,3,3
14283,7,7
14284,0,0
14285,8,8
14286,0,0
14287,8,8
14288,8,8
14289,8,8
14290,4,4
14291,3,3
14292,4,4
14293,9,9
14294,8,8
14295,5,5
14296,0,0
14297,7,7
14298,9,9
14299,8,8
14300,5,5
14301,2,2
14302,7,7
14303,2,2
14304,2,2
14305,8,8
14306,5,5
14307,8,8
14308,4,4
14309,9,9
14310,1,1
14311,3,3
14312,1,1
14313,8,8
14314,1,1
14315,4,4
14316,7,7
14317,8,8
14318,2,2
14319,3,3
14320,7,7
14321,9,9
14322,7,7
14323,3,3
14324,5,5
14325,3,3
14326,5,5
14327,9,9
14328,4,4
14329,4,4
14330,4,4
14331,8,8
14332,5,5
14333,2,2
14334,3,3
14335,5,5
14336,8,8
14337,9,9
14338,2,2
14339,4,4
14340,7,7
14341,8,8
14342,7,7
14343,6,6
14344,4,4
14345,9,9
14346,9,9
14347,4,4
14348,0,0
14349,5,5
14350,7,7
14351,8,8
14352,7,7
14353,9,9
14354,1,1
14355,6,6
14356,3,3
14357,6,6
14358,5,5
14359,9,9
14360,0,0
14361,6,6
14362,2,2
14363,6,6
14364,8,8
14365,8,8
14366,9,9
14367,6,6
14368,2,2
14369,5,5
14370,7,7
14371,9,9
14372,1,1
14373,5,5
14374,1,1
14375,9,9
14376,5,5
14377,4,4
14378,6,6
14379,8,8
14380,7,7
14381,5,5
14382,7,7
14383,2,2
14384,2,2
14385,8,8
14386,8,8
14387,8,8
14388,6,6
14389,9,9
14390,5,5
14391,8,8
14392,6,6
14393,7,7
14394,7,7
14395,8,8
14396,1,1
14397,8,8
14398,0,0
14399,4,4
14400,4,4
14401,2,2
14402,3,3
14403,6,6
14404,7,7
14405,4,4
14406,5,5
14407,0,0
14408,1,1
14409,0,0
14410,7,7
14411,8,8
14412,3,3
14413,9,9
14414,1,1
14415,8,8
14416,4,4
14417,9,9
14418,5,5
14419,3,3
14420,6,6
14421,4,4
14422,6,6
14423,4,4
14424,0,0
14425,3,3
14426,0,0
14427,1,1
14428,7,7
14429,6,6
14430,3,3
14431,7,7
14432,0,0
14433,5,5
14434,0,0
14435,7,7
14436,5,5
14437,4,4
14438,7,7
14439,0,0
14440,1,1
14441,2,2
14442,0,0
14443,0,0
14444,7,7
14445,3,3
14446,1,1
14447,7,7
14448,0,0
14449,0,0
14450,7,7
14451,2,2
14452,7,7
14453,4,4
14454,7,7
14455,8,8
14456,7,7
14457,2,2
14458,1,1
14459,8,8
14460,0,0
14461,3,3
14462,1,1
14463,9,9
14464,1,1
14465,6,6
14466,1,1
14467,7,7
14468,6,6
14469,0,0
14470,5,5
14471,2,2
14472,3,3
14473,4,4
14474,2,2
14475,8,8
14476,7,7
14477,2,2
14478,9,9
14479,8,8
14480,7,7
14481,3,3
14482,5,5
14483,2,2
14484,2,2
14485,7,7
14486,0,0
14487,4,4
14488,7,7
14489,2,2
14490,6,6
14491,3,3
14492,9,9
14493,8,8
14494,2,2
14495,2,2
14496,5,5
14497,8,8
14498,1,1
14499,2,2
14500,9,9
14501,0,0
14502,5,5
14503,9,9
14504,0,0
14505,8,8
14506,9,9
14507,2,2
14508,5,5
14509,9,9
14510,6,6
14511,3,3
14512,7,7
14513,3,3
14514,7,7
14515,6,6
14516,9,9
14517,6,6
14518,7,7
14519,0,0
14520,5,5
14521,1,1
14522,5,5
14523,6,6
14524,1,1
14525,4,4
14526,4,4
14527,7,7
14528,5,5
14529,7,7
14530,2,2
14531,1,1
14532,0,0
14533,7,7
14534,7,7
14535,9,9
14536,9,9
14537,5,5
14538,5,5
14539,0,0
14540,9,9
14541,9,9
14542,0,0
14543,2,2
14544,7,7
14545,3,3
14546,5,5
14547,0,0
14548,1,1
14549,2,2
14550,5,5
14551,9,9
14552,7,7
14553,2,2
14554,5,5
14555,6,6
14556,0,0
14557,3,3
14558,0,0
14559,3,3
14560,1,1
14561,9,9
14562,7,7
14563,8,8
14564,2,2
14565,5,5
14566,7,7
14567,7,7
14568,0,0
14569,9,9
14570,4,4
14571,9,9
14572,5,5
14573,9,9
14574,3,3
14575,9,9
14576,4,4
14577,7,7
14578,5,5
14579,5,5
14580,7,7
14581,0,0
14582,5,5
14583,4,4
14584,9,9
14585,9,9
14586,9,9
14587,8,8
14588,7,7
14589,3,3
14590,8,8
14591,2,2
14592,5,5
14593,4,4
14594,5,5
14595,9,9
14596,6,6
14597,9,9
14598,0,0
14599,2,2
14600,5,5
14601,8,8
14602,8,8
14603,6,6
14604,2,2
14605,8,8
14606,9,9
14607,8,8
14608,4,4
14609,2,2
14610,4,4
14611,9,9
14612,1,1
14613,5,5
14614,2,2
14615,1,1
14616,5,5
14617,6,6
14618,4,4
14619,7,7
14620,5,5
14621,0,0
14622,8,8
14623,7,7
14624,7,7
14625,0,0
14626,2,2
14627,5,5
14628,7,7
14629,5,5
14630,2,2
14631,1,1
14632,1,1
14633,5,5
14634,1,1
14635,7,7
14636,1,1
14637,5,5
14638,5,5
14639,7,7
14640,2,2
14641,5,5
14642,0,0
14643,5,5
14644,3,3
14645,7,7
14646,7,7
14647,5,5
14648,1,1
14649,5,5
14650,1,1
14651,1,1
14652,0,0
14653,7,7
14654,8,8
14655,7,7
14656,1,1
14657,0,0
14658,4,4
14659,7,7
14660,4,4
14661,5,5
14662,0,0
14663,5,5
14664,7,7
14665,7,7
14666,4,4
14667,0,0
14668,2,2
14669,7,7
14670,7,7
14671,5,5
14672,4,4
14673,7,7
14674,7,7
14675,3,3
14676,1,1
14677,5,5
14678,1,1
14679,0,0
14680,0,0
14681,5,5
14682,1,1
14683,5,5
14684,8,8
14685,1,1
14686,0,0
14687,5,5
14688,2,2
14689,7,7
14690,5,5
14691,7,7
14692,7,7
14693,3,3
14694,1,1
14695,0,0
14696,5,5
14697,0,0
14698,1,1
14699,7,7
14700,0,0
14701,1,1
14702,6,6
14703,5,5
14704,7,7
14705,3,3
14706,7,7
14707,7,7
14708,4,4
14709,7,7
14710,0,0
14711,6,6
14712,2,2
14713,7,7
14714,7,7
14715,5,5
14716,5,5
14717,3,3
14718,8,8
14719,5,5
14720,5,5
14721,4,4
14722,3,3
14723,3,3
14724,1,1
14725,1,1
14726,1,1
14727,5,5
14728,2,2
14729,3,3
14730,7,7
14731,5,5
14732,4,4
14733,0,0
14734,1,1
14735,5,5
14736,2,2
14737,7,7
14738,7,7
14739,5,5
14740,4,4
14741,5,5
14742,2,2
14743,0,0
14744,8,8
14745,1,1
14746,2,2
14747,5,5
14748,8,8
14749,5,5
14750,0,0
14751,7,7
14752,4,4
14753,1,1
14754,2,2
14755,5,5
14756,1,1
14757,5,5
14758,1,1
14759,1,1
14760,3,3
14761,7,7
14762,5,5
14763,6,6
14764,1,1
14765,7,7
14766,2,2
14767,1,1
14768,4,4
14769,5,5
14770,8,8
14771,6,6
14772,2,2
14773,3,3
14774,5,5
14775,3,3
14776,1,1
14777,5,5
14778,5,5
14779,1,1
14780,8,8
14781,5,5
14782,9,9
14783,4,4
14784,4,4
14785,1,1
14786,7,7
14787,0,0
14788,5,5
14789,7,7
14790,5,5
14791,7,7
14792,7,7
14793,5,5
14794,1,1
14795,5,5
14796,1,1
14797,6,6
14798,7,7
14799,7,7
14800,6,6
14801,5,5
14802,0,0
14803,7,7
14804,4,4
14805,5,5
14806,7,7
14807,6,6
14808,2,2
14809,6,6
14810,7,7
14811,0,0
14812,1,1
14813,5,5
14814,8,8
14815,0,0
14816,0,0
14817,5,5
14818,0,0
14819,6,6
14820,3,3
14821,1,1
14822,8,8
14823,7,7
14824,0,0
14825,7,7
14826,7,7
14827,5,5
14828,1,1
14829,0,0
14830,8,8
14831,7,7
14832,8,8
14833,5,5
14834,9,9
14835,6,6
14836,7,7
14837,6,6
14838,6,6
14839,7,7
14840,3,3
14841,5,5
14842,0,0
14843,5,5
14844,5,5
14845,1,1
14846,1,1
14847,6,6
14848,4,4
14849,1,1
14850,0,0
14851,7,7
14852,7,7
14853,1,1
14854,7,7
14855,7,7
14856,7,7
14857,3,3
14858,9,9
14859,9,9
14860,1,1
14861,6,6
14862,7,7
14863,7,7
14864,7,7
14865,5,5
14866,0,0
14867,2,2
14868,5,5
14869,4,4
14870,1,1
14871,8,8
14872,2,2
14873,2,2
14874,1,1
14875,0,0
14876,6,6
14877,3,3
14878,4,4
14879,9,9
14880,7,7
14881,9,9
14882,5,5
14883,7,7
14884,5,5
14885,8,8
14886,0,0
14887,9,9
14888,5,5
14889,4,4
14890,3,3
14891,8,8
14892,9,9
14893,2,2
14894,1,1
14895,8,8
14896,5,5
14897,3,3
14898,0,0
14899,9,9
14900,1,1
14901,8,8
14902,7,7
14903,7,7
14904,1,1
14905,0,0
14906,1,1
14907,2,2
14908,9,9
14909,9,9
14910,4,4
14911,8,8
14912,3,3
14913,2,2
14914,6,6
14915,8,8
14916,7,7
14917,2,2
14918,7,7
14919,3,3
14920,8,8
14921,4,4
14922,5,5
14923,8,8
14924,1,1
14925,0,0
14926,0,0
14927,5,5
14928,0,0
14929,9,9
14930,0,0
14931,0,0
14932,9,9
14933,2,2
14934,0,0
14935,7,7
14936,1,1
14937,3,3
14938,6,6
14939,8,8
14940,9,9
14941,2,2
14942,1,1
14943,0,0
14944,3,3
14945,9,9
14946,7,7
14947,8,8
14948,1,1
14949,3,3
14950,1,1
14951,9,9
14952,1,1
14953,9,9
14954,8,8
14955,2,2
14956,0,0
14957,0,0
14958,1,1
14959,3,3
14960,4,4
14961,8,8
14962,1,1
14963,4,4
14964,1,1
14965,3,3
14966,5,5
14967,1,1
14968,8,8
14969,0,0
14970,7,7
14971,3,3
14972,8,8
14973,4,4
14974,0,0
14975,8,8
14976,8,8
14977,0,0
14978,7,7
14979,2,2
14980,9,9
14981,0,0
14982,5,5
14983,8,8
14984,0,0
14985,0,0
14986,9,9
14987,2,2
14988,0,0
14989,4,4
14990,0,0
14991,3,3
14992,1,1
14993,2,2
14994,7,7
14995,9,9
14996,9,9
14997,0,0
14998,1,1
14999,0,0
15000,7,7
15001,1,1
15002,1,1
15003,2,2
15004,4,4
15005,6,6
15006,5,5
15007,7,7
15008,7,7
15009,1,1
15010,1,1
15011,0,0
15012,7,7
15013,6,6
15014,2,2
15015,3,3
15016,7,7
15017,3,3
15018,0,0
15019,8,8
15020,1,1
15021,2,2
15022,1,1
15023,0,0
15024,2,2
15025,1,1
15026,1,1
15027,0,0
15028,3,3
15029,0,0
15030,6,6
15031,7,7
15032,1,1
15033,2,2
15034,1,1
15035,0,0
15036,4,4
15037,8,8
15038,5,5
15039,6,6
15040,6,6
15041,8,8
15042,3,3
15043,4,4
15044,1,1
15045,7,7
15046,3,3
15047,4,4
15048,9,9
15049,0,0
15050,7,7
15051,4,4
15052,2,2
15053,7,7
15054,0,0
15055,6,6
15056,1,1
15057,6,6
15058,5,5
15059,8,8
15060,7,7
15061,9,9
15062,8,8
15063,0,0
15064,2,2
15065,3,3
15066,7,7
15067,5,5
15068,1,1
15069,2,2
15070,0,0
15071,2,2
15072,5,5
15073,1,1
15074,0,0
15075,7,7
15076,7,7
15077,7,7
15078,5,5
15079,0,0
15080,7,7
15081,8,8
15082,1,1
15083,6,6
15084,4,4
15085,2,2
15086,8,8
15087,0,0
15088,4,4
15089,8,8
15090,7,7
15091,2,2
15092,5,5
15093,6,6
15094,6,6
15095,9,9
15096,2,2
15097,7,7
15098,5,5
15099,9,9
15100,5,5
15101,7,7
15102,2,2
15103,3,3
15104,7,7
15105,1,1
15106,9,9
15107,6,6
15108,0,0
15109,7,7
15110,2,2
15111,9,9
15112,5,5
15113,0,0
15114,3,3
15115,2,2
15116,0,0
15117,0,0
15118,7,7
15119,3,3
15120,3,3
15121,9,9
15122,8,8
15123,6,6
15124,5,5
15125,7,7
15126,7,7
15127,0,0
15128,0,0
15129,2,2
15130,3,3
15131,8,8
15132,6,6
15133,3,3
15134,5,5
15135,9,9
15136,0,0
15137,6,6
15138,1,1
15139,7,7
15140,2,2
15141,9,9
15142,3,3
15143,8,8
15144,7,7
15145,4,4
15146,1,1
15147,8,8
15148,9,9
15149,2,2
15150,3,3
15151,8,8
15152,1,1
15153,6,6
15154,1,1
15155,2,2
15156,3,3
15157,9,9
15158,7,7
15159,4,4
15160,7,7
15161,9,9
15162,0,0
15163,7,7
15164,4,4
15165,8,8
15166,5,5
15167,9,9
15168,9,9
15169,3,3
15170,0,0
15171,0,0
15172,0,0
15173,0,0
15174,7,7
15175,9,9
15176,7,7
15177,4,4
15178,5,5
15179,8,8
15180,0,0
15181,7,7
15182,1,1
15183,4,4
15184,0,0
15185,5,5
15186,7,7
15187,6,6
15188,2,2
15189,3,3
15190,4,4
15191,5,5
15192,0,0
15193,2,2
15194,0,0
15195,0,0
15196,4,4
15197,9,9
15198,3,3
15199,0,0
15200,0,0
15201,7,7
15202,1,1
15203,6,6
15204,8,8
15205,6,6
15206,7,7
15207,9,9
15208,3,3
15209,0,0
15210,2,2
15211,4,4
15212,0,0
15213,0,0
15214,0,0
15215,0,0
15216,7,7
15217,6,6
15218,5,5
15219,2,2
15220,1,1
15221,2,2
15222,0,0
15223,6,6
15224,9,9
15225,2,2
15226,7,7
15227,7,7
15228,6,6
15229,0,0
15230,0,0
15231,9,9
15232,7,7
15233,7,7
15234,4,4
15235,8,8
15236,5,5
15237,3,3
15238,2,2
15239,8,8
15240,9,9
15241,9,9
15242,7,7
15243,8,8
15244,8,8
15245,2,2
15246,7,7
15247,2,2
15248,2,2
15249,3,3
15250,7,7
15251,7,7
15252,1,1
15253,0,0
15254,0,0
15255,1,1
15256,0,0
15257,5,5
15258,2,2
15259,9,9
15260,8,8
15261,5,5
15262,6,6
15263,6,6
15264,1,1
15265,9,9
15266,1,1
15267,2,2
15268,5,5
15269,4,4
15270,7,7
15271,9,9
15272,9,9
15273,9,9
15274,5,5
15275,3,3
15276,1,1
15277,9,9
15278,2,2
15279,6,6
15280,4,4
15281,7,7
15282,7,7
15283,8,8
15284,1,1
15285,8,8
15286,2,2
15287,4,4
15288,3,3
15289,1,1
15290,9,9
15291,3,3
15292,7,7
15293,9,9
15294,0,0
15295,6,6
15296,6,6
15297,7,7
15298,0,0
15299,8,8
15300,1,1
15301,8,8
15302,0,0
15303,4,4
15304,7,7
15305,8,8
15306,8,8
15307,2,2
15308,1,1
15309,9,9
15310,5,5
15311,3,3
15312,0,0
15313,8,8
15314,4,4
15315,2,2
15316,9,9
15317,4,4
15318,3,3
15319,8,8
15320,4,4
15321,2,2
15322,7,7
15323,0,0
15324,4,4
15325,3,3
15326,0,0
15327,8,8
15328,6,6
15329,3,3
15330,7,7
15331,8,8
15332,2,2
15333,2,2
15334,5,5
15335,7,7
15336,7,7
15337,2,2
15338,2,2
15339,7,7
15340,0,0
15341,2,2
15342,7,7
15343,2,2
15344,3,3
15345,9,9
15346,7,7
15347,8,8
15348,4,4
15349,8,8
15350,7,7
15351,4,4
15352,4,4
15353,9,9
15354,8,8
15355,2,2
15356,1,1
15357,8,8
15358,2,2
15359,8,8
15360,5,5
15361,9,9
15362,7,7
15363,6,6
15364,2,2
15365,2,2
15366,8,8
15367,8,8
15368,7,7
15369,8,8
15370,4,4
15371,9,9
15372,4,4
15373,8,8
15374,7,7
15375,2,2
15376,5,5
15377,7,7
15378,2,2
15379,7,7
15380,1,1
15381,8,8
15382,3,3
15383,3,3
15384,4,4
15385,9,9
15386,7,7
15387,8,8
15388,7,7
15389,9,9
15390,0,0
15391,6,6
15392,1,1
15393,8,8
15394,0,0
15395,8,8
15396,1,1
15397,9,9
15398,7,7
15399,2,2
15400,5,5
15401,4,4
15402,5,5
15403,6,6
15404,5,5
15405,8,8
15406,7,7
15407,3,3
15408,2,2
15409,2,2
15410,0,0
15411,2,2
15412,7,7
15413,8,8
15414,5,5
15415,2,2
15416,0,0
15417,4,4
15418,6,6
15419,4,4
15420,0,0
15421,2,2
15422,0,0
15423,9,9
15424,0,0
15425,9,9
15426,5,5
15427,9,9
15428,9,9
15429,8,8
15430,2,2
15431,4,4
15432,5,5
15433,5,5
15434,5,5
15435,9,9
15436,2,2
15437,2,2
15438,9,9
15439,9,9
15440,6,6
15441,4,4
15442,3,3
15443,2,2
15444,2,2
15445,3,3
15446,0,0
15447,4,4
15448,4,4
15449,9,9
15450,4,4
15451,9,9
15452,0,0
15453,7,7
15454,3,3
15455,2,2
15456,5,5
15457,6,6
15458,2,2
15459,4,4
15460,0,0
15461,6,6
15462,9,9
15463,4,4
15464,7,7
15465,8,8
15466,6,6
15467,2,2
15468,0,0
15469,8,8
15470,6,6
15471,3,3
15472,5,5
15473,1,1
15474,1,1
15475,6,6
15476,6,6
15477,7,7
15478,4,4
15479,5,5
15480,2,2
15481,9,9
15482,7,7
15483,6,6
15484,4,4
15485,0,0
15486,1,1
15487,2,2
15488,2,2
15489,0,0
15490,8,8
15491,3,3
15492,3,3
15493,9,9
15494,5,5
15495,6,6
15496,5,5
15497,7,7
15498,5,5
15499,0,0
15500,4,4
15501,2,2
15502,0,0
15503,5,5
15504,3,3
15505,3,3
15506,6,6
15507,9,9
15508,4,4
15509,6,6
15510,7,7
15511,7,7
15512,5,5
15513,0,0
15514,5,5
15515,9,9
15516,3,3
15517,0,0
15518,9,9
15519,7,7
15520,3,3
15521,9,9
15522,2,2
15523,9,9
15524,3,3
15525,5,5
15526,2,2
15527,4,4
15528,1,1
15529,4,4
15530,3,3
15531,0,0
15532,1,1
15533,7,7
15534,7,7
15535,7,7
15536,1,1
15537,6,6
15538,2,2
15539,9,9
15540,7,7
15541,8,8
15542,5,5
15543,8,8
15544,2,2
15545,8,8
15546,2,2
15547,7,7
15548,1,1
15549,9,9
15550,9,9
15551,5,5
15552,7,7
15553,8,8
15554,5,5
15555,9,9
15556,5,5
15557,9,9
15558,2,2
15559,3,3
15560,8,8
15561,9,9
15562,7,7
15563,9,9
15564,7,7
15565,4,4
15566,3,3
15567,3,3
15568,5,5
15569,6,6
15570,8,8
15571,8,8
15572,0,0
15573,6,6
15574,1,1
15575,9,9
15576,5,5
15577,8,8
15578,1,1
15579,2,2
15580,3,3
15581,3,3
15582,3,3
15583,3,3
15584,0,0
15585,6,6
15586,5,5
15587,7,7
15588,9,9
15589,8,8
15590,3,3
15591,4,4
15592,5,5
15593,8,8
15594,7,7
15595,9,9
15596,6,6
15597,8,8
15598,7,7
15599,2,2
15600,3,3
15601,8,8
15602,0,0
15603,6,6
15604,5,5
15605,6,6
15606,1,1
15607,8,8
15608,1,1
15609,0,0
15610,1,1
15611,9,9
15612,9,9
15613,4,4
15614,6,6
15615,8,8
15616,7,7
15617,8,8
15618,9,9
15619,3,3
15620,1,1
15621,2,2
15622,5,5
15623,8,8
15624,7,7
15625,4,4
15626,2,2
15627,4,4
15628,3,3
15629,9,9
15630,7,7
15631,8,8
15632,9,9
15633,9,9
15634,2,2
15635,8,8
15636,7,7
15637,3,3
15638,4,4
15639,7,7
15640,2,2
15641,4,4
15642,9,9
15643,8,8
15644,5,5
15645,2,2
15646,0,0
15647,7,7
15648,3,3
15649,9,9
15650,6,6
15651,7,7
15652,4,4
15653,8,8
15654,8,8
15655,8,8
15656,7,7
15657,8,8
15658,5,5
15659,8,8
15660,6,6
15661,2,2
15662,3,3
15663,3,3
15664,7,7
15665,8,8
15666,0,0
15667,7,7
15668,5,5
15669,9,9
15670,5,5
15671,8,8
15672,4,4
15673,4,4
15674,4,4
15675,3,3
15676,7,7
15677,9,9
15678,7,7
15679,3,3
15680,1,1
15681,7,7
15682,0,0
15683,8,8
15684,1,1
15685,4,4
15686,0,0
15687,4,4
15688,6,6
15689,8,8
15690,0,0
15691,7,7
15692,3,3
15693,5,5
15694,3,3
15695,3,3
15696,1,1
15697,9,9
15698,0,0
15699,6,6
15700,3,3
15701,7,7
15702,7,7
15703,8,8
15704,3,3
15705,8,8
15706,4,4
15707,7,7
15708,4,4
15709,8,8
15710,1,1
15711,3,3
15712,6,6
15713,9,9
15714,4,4
15715,4,4
15716,1,1
15717,4,4
15718,8,8
15719,8,8
15720,7,7
15721,8,8
15722,1,1
15723,2,2
15724,0,0
15725,0,0
15726,7,7
15727,4,4
15728,9,9
15729,8,8
15730,1,1
15731,6,6
15732,0,0
15733,4,4
15734,3,3
15735,8,8
15736,6,6
15737,8,8
15738,7,7
15739,2,2
15740,9,9
15741,8,8
15742,7,7
15743,8,8
15744,4,4
15745,8,8
15746,0,0
15747,2,2
15748,1,1
15749,2,2
15750,1,1
15751,4,4
15752,0,0
15753,3,3
15754,0,0
15755,8,8
15756,4,4
15757,2,2
15758,1,1
15759,4,4
15760,7,7
15761,3,3
15762,7,7
15763,9,9
15764,7,7
15765,3,3
15766,1,1
15767,4,4
15768,7,7
15769,8,8
15770,3,3
15771,9,9
15772,1,1
15773,8,8
15774,1,1
15775,2,2
15776,1,1
15777,3,3
15778,5,5
15779,5,5
15780,4,4
15781,4,4
15782,2,2
15783,8,8
15784,5,5
15785,2,2
15786,1,1
15787,8,8
15788,4,4
15789,9,9
15790,1,1
15791,4,4
15792,0,0
15793,2,2
15794,2,2
15795,3,3
15796,6,6
15797,4,4
15798,2,2
15799,6,6
15800,2,2
15801,8,8
15802,6,6
15803,9,9
15804,2,2
15805,9,9
15806,4,4
15807,2,2
15808,8,8
15809,9,9
15810,7,7
15811,8,8
15812,9,9
15813,9,9
15814,3,3
15815,8,8
15816,7,7
15817,2,2
15818,0,0
15819,2,2
15820,7,7
15821,8,8
15822,5,5
15823,6,6
15824,8,8
15825,3,3
15826,4,4
15827,8,8
15828,3,3
15829,6,6
15830,5,5
15831,4,4
15832,5,5
15833,8,8
15834,0,0
15835,9,9
15836,9,9
15837,8,8
15838,1,1
15839,4,4
15840,0,0
15841,9,9
15842,0,0
15843,9,9
15844,5,5
15845,6,6
15846,6,6
15847,7,7
15848,7,7
15849,0,0
15850,7,7
15851,9,9
15852,0,0
15853,6,6
15854,2,2
15855,4,4
15856,0,0
15857,2,2
15858,0,0
15859,8,8
15860,1,1
15861,2,2
15862,4,4
15863,3,3
15864,3,3
15865,1,1
15866,5,5
15867,1,1
15868,7,7
15869,1,1
15870,4,4
15871,8,8
15872,7,7
15873,9,9
15874,7,7
15875,4,4
15876,0,0
15877,8,8
15878,1,1
15879,2,2
15880,7,7
15881,8,8
15882,3,3
15883,3,3
15884,2,2
15885,9,9
15886,7,7
15887,1,1
15888,1,1
15889,7,7
15890,3,3
15891,8,8
15892,0,0
15893,4,4
15894,1,1
15895,8,8
15896,4,4
15897,2,2
15898,1,1
15899,2,2
15900,0,0
15901,3,3
15902,6,6
15903,9,9
15904,3,3
15905,7,7
15906,8,8
15907,7,7
15908,4,4
15909,8,8
15910,3,3
15911,2,2
15912,0,0
15913,9,9
15914,4,4
15915,2,2
15916,5,5
15917,4,4
15918,2,2
15919,2,2
15920,1,1
15921,9,9
15922,5,5
15923,0,0
15924,4,4
15925,6,6
15926,3,3
15927,0,0
15928,3,3
15929,9,9
15930,7,7
15931,8,8
15932,5,5
15933,9,9
15934,3,3
15935,2,2
15936,7,7
15937,2,2
15938,1,1
15939,8,8
15940,1,1
15941,2,2
15942,6,6
15943,8,8
15944,0,0
15945,0,0
15946,3,3
15947,2,2
15948,9,9
15949,9,9
15950,8,8
15951,4,4
15952,8,8
15953,8,8
15954,0,0
15955,3,3
15956,2,2
15957,4,4
15958,9,9
15959,9,9
15960,4,4
15961,9,9
15962,1,1
15963,0,0
15964,1,1
15965,3,3
15966,6,6
15967,9,9
15968,7,7
15969,1,1
15970,0,0
15971,3,3
15972,5,5
15973,0,0
15974,9,9
15975,1,1
15976,0,0
15977,9,9
15978,4,4
15979,8,8
15980,1,1
15981,8,8
15982,6,6
15983,8,8
15984,7,7
15985,4,4
15986,7,7
15987,9,9
15988,1,1
15989,9,9
15990,1,1
15991,9,9
15992,3,3
15993,3,3
15994,6,6
15995,4,4
15996,2,2
15997,8,8
15998,8,8
15999,9,9
16000,2,2
16001,6,6
16002,9,9
16003,2,2
16004,8,8
16005,8,8
16006,5,5
16007,6,6
16008,8,8
16009,8,8
16010,7,7
16011,1,1
16012,1,1
16013,7,7
16014,9,9
16015,8,8
16016,0,0
16017,2,2
16018,6,6
16019,1,1
16020,5,5
16021,9,9
16022,7,7
16023,8,8
16024,6,6
16025,0,0
16026,7,7
16027,4,4
16028,7,7
16029,1,1
16030,6,6
16031,6,6
16032,4,4
16033,2,2
16034,0,0
16035,9,9
16036,1,1
16037,8,8
16038,7,7
16039,8,8
16040,1,1
16041,8,8
16042,7,7
16043,6,6
16044,0,0
16045,9,9
16046,6,6
16047,2,2
16048,5,5
16049,8,8
16050,1,1
16051,8,8
16052,8,8
16053,8,8
16054,4,4
16055,0,0
16056,4,4
16057,6,6
16058,6,6
16059,2,2
16060,6,6
16061,1,1
16062,1,1
16063,2,2
16064,4,4
16065,9,9
16066,7,7
16067,8,8
16068,5,5
16069,2,2
16070,4,4
16071,2,2
16072,7,7
16073,2,2
16074,7,7
16075,6,6
16076,1,1
16077,2,2
16078,7,7
16079,8,8
16080,1,1
16081,3,3
16082,0,0
16083,3,3
16084,7,7
16085,3,3
16086,9,9
16087,9,9
16088,4,4
16089,6,6
16090,5,5
16091,7,7
16092,2,2
16093,8,8
16094,5,5
16095,2,2
16096,9,9
16097,4,4
16098,5,5
16099,8,8
16100,5,5
16101,2,2
16102,9,9
16103,8,8
16104,6,6
16105,3,3
16106,0,0
16107,9,9
16108,6,6
16109,5,5
16110,1,1
16111,7,7
16112,2,2
16113,8,8
16114,2,2
16115,2,2
16116,7,7
16117,0,0
16118,4,4
16119,3,3
16120,2,2
16121,9,9
16122,2,2
16123,5,5
16124,1,1
16125,7,7
16126,0,0
16127,9,9
16128,2,2
16129,0,0
16130,1,1
16131,4,4
16132,5,5
16133,8,8
16134,7,7
16135,2,2
16136,3,3
16137,8,8
16138,8,8
16139,2,2
16140,6,6
16141,2,2
16142,5,5
16143,8,8
16144,2,2
16145,2,2
16146,6,6
16147,8,8
16148,1,1
16149,0,0
16150,0,0
16151,3,3
16152,5,5
16153,1,1
16154,7,7
16155,9,9
16156,2,2
16157,8,8
16158,7,7
16159,9,9
16160,1,1
16161,4,4
16162,8,8
16163,3,3
16164,1,1
16165,9,9
16166,6,6
16167,4,4
16168,0,0
16169,8,8
16170,5,5
16171,2,2
16172,2,2
16173,8,8
16174,7,7
16175,8,8
16176,6,6
16177,7,7
16178,3,3
16179,2,2
16180,0,0
16181,9,9
16182,2,2
16183,5,5
16184,2,2
16185,0,0
16186,0,0
16187,4,4
16188,5,5
16189,8,8
16190,7,7
16191,2,2
16192,3,3
16193,2,2
16194,0,0
16195,8,8
16196,3,3
16197,0,0
16198,9,9
16199,8,8
16200,7,7
16201,8,8
16202,7,7
16203,9,9
16204,1,1
16205,8,8
16206,0,0
16207,4,4
16208,5,5
16209,5,5
16210,7,7
16211,9,9
16212,9,9
16213,8,8
16214,5,5
16215,8,8
16216,5,5
16217,3,3
16218,1,1
16219,4,4
16220,7,7
16221,3,3
16222,1,1
16223,7,7
16224,1,1
16225,0,0
16226,0,0
16227,3,3
16228,1,1
16229,7,7
16230,7,7
16231,2,2
16232,2,2
16233,9,9
16234,1,1
16235,6,6
16236,9,9
16237,6,6
16238,2,2
16239,7,7
16240,0,0
16241,9,9
16242,7,7
16243,2,2
16244,4,4
16245,4,4
16246,2,2
16247,8,8
16248,0,0
16249,7,7
16250,5,5
16251,0,0
16252,7,7
16253,8,8
16254,9,9
16255,4,4
16256,0,0
16257,2,2
16258,4,4
16259,9,9
16260,7,7
16261,8,8
16262,1,1
16263,2,2
16264,9,9
16265,9,9
16266,7,7
16267,9,9
16268,7,7
16269,6,6
16270,0,0
16271,8,8
16272,0,0
16273,4,4
16274,7,7
16275,2,2
16276,7,7
16277,2,2
16278,1,1
16279,9,9
16280,0,0
16281,6,6
16282,0,0
16283,6,6
16284,7,7
16285,2,2
16286,5,5
16287,1,1
16288,5,5
16289,6,6
16290,0,0
16291,7,7
16292,1,1
16293,0,0
16294,6,6
16295,7,7
16296,2,2
16297,4,4
16298,4,4
16299,0,0
16300,1,1
16301,2,2
16302,5,5
16303,0,0
16304,1,1
16305,3,3
16306,3,3
16307,1,1
16308,9,9
16309,6,6
16310,7,7
16311,7,7
16312,0,0
16313,0,0
16314,5,5
16315,7,7
16316,0,0
16317,4,4
16318,3,3
16319,8,8
16320,6,6
16321,2,2
16322,7,7
16323,3,3
16324,8,8
16325,1,1
16326,3,3
16327,6,6
16328,9,9
16329,7,7
16330,5,5
16331,0,0
16332,6,6
16333,7,7
16334,1,1
16335,4,4
16336,7,7
16337,0,0
16338,8,8
16339,2,2
16340,2,2
16341,0,0
16342,0,0
16343,0,0
16344,7,7
16345,1,1
16346,1,1
16347,7,7
16348,1,1
16349,4,4
16350,0,0
16351,6,6
16352,3,3
16353,7,7
16354,2,2
16355,3,3
16356,7,7
16357,7,7
16358,7,7
16359,0,0
16360,5,5
16361,6,6
16362,9,9
16363,3,3
16364,7,7
16365,2,2
16366,7,7
16367,9,9
16368,1,1
16369,8,8
16370,7,7
16371,9,9
16372,7,7
16373,2,2
16374,4,4
16375,7,7
16376,4,4
16377,2,2
16378,5,5
16379,5,5
16380,0,0
16381,1,1
16382,7,7
16383,8,8
16384,1,1
16385,9,9
16386,6,6
16387,0,0
16388,0,0
16389,0,0
16390,6,6
16391,8,8
16392,1,1
16393,7,7
16394,0,0
16395,0,0
16396,3,3
16397,8,8
16398,2,2
16399,9,9
16400,7,7
16401,0,0
16402,3,3
16403,6,6
16404,6,6
16405,7,7
16406,2,2
16407,7,7
16408,7,7
16409,8,8
16410,4,4
16411,7,7
16412,3,3
16413,0,0
16414,7,7
16415,3,3
16416,2,2
16417,2,2
16418,1,1
16419,8,8
16420,0,0
16421,8,8
16422,0,0
16423,3,3
16424,2,2
16425,4,4
16426,7,7
16427,7,7
16428,3,3
16429,3,3
16430,5,5
16431,8,8
16432,1,1
16433,4,4
16434,8,8
16435,2,2
16436,4,4
16437,9,9
16438,0,0
16439,3,3
16440,0,0
16441,9,9
16442,2,2
16443,8,8
16444,7,7
16445,2,2
16446,5,5
16447,1,1
16448,8,8
16449,6,6
16450,5,5
16451,0,0
16452,4,4
16453,7,7
16454,0,0
16455,9,9
16456,6,6
16457,2,2
16458,1,1
16459,0,0
16460,3,3
16461,6,6
16462,1,1
16463,0,0
16464,8,8
16465,2,2
16466,0,0
16467,2,2
16468,1,1
16469,4,4
16470,5,5
16471,7,7
16472,9,9
16473,6,6
16474,4,4
16475,9,9
16476,0,0
16477,0,0
16478,0,0
16479,6,6
16480,0,0
16481,8,8
16482,6,6
16483,9,9
16484,3,3
16485,3,3
16486,7,7
16487,7,7
16488,4,4
16489,7,7
16490,7,7
16491,7,7
16492,7,7
16493,4,4
16494,7,7
16495,9,9
16496,8,8
16497,6,6
16498,3,3
16499,7,7
16500,2,2
16501,2,2
16502,7,7
16503,7,7
16504,7,7
16505,0,0
16506,4,4
16507,4,4
16508,1,1
16509,9,9
16510,7,7
16511,3,3
16512,7,7
16513,7,7
16514,0,0
16515,8,8
16516,3,3
16517,2,2
16518,3,3
16519,2,2
16520,3,3
16521,8,8
16522,0,0
16523,3,3
16524,0,0
16525,1,1
16526,8,8
16527,9,9
16528,5,5
16529,7,7
16530,7,7
16531,0,0
16532,6,6
16533,7,7
16534,1,1
16535,4,4
16536,1,1
16537,0,0
16538,4,4
16539,2,2
16540,4,4
16541,0,0
16542,0,0
16543,3,3
16544,1,1
16545,9,9
16546,9,9
16547,6,6
16548,0,0
16549,7,7
16550,3,3
16551,5,5
16552,7,7
16553,7,7
16554,2,2
16555,4,4
16556,7,7
16557,8,8
16558,5,5
16559,2,2
16560,2,2
16561,0,0
16562,1,1
16563,3,3
16564,1,1
16565,9,9
16566,0,0
16567,6,6
16568,5,5
16569,7,7
16570,0,0
16571,5,5
16572,3,3
16573,7,7
16574,7,7
16575,4,4
16576,6,6
16577,0,0
16578,5,5
16579,2,2
16580,0,0
16581,1,1
16582,2,2
16583,4,4
16584,7,7
16585,3,3
16586,2,2
16587,7,7
16588,5,5
16589,5,5
16590,4,4
16591,1,1
16592,5,5
16593,5,5
16594,0,0
16595,3,3
16596,8,8
16597,2,2
16598,3,3
16599,4,4
16600,0,0
16601,0,0
16602,5,5
16603,7,7
16604,4,4
16605,5,5
16606,2,2
16607,3,3
16608,1,1
16609,8,8
16610,1,1
16611,2,2
16612,5,5
16613,0,0
16614,1,1
16615,0,0
16616,4,4
16617,0,0
16618,3,3
16619,3,3
16620,6,6
16621,0,0
16622,0,0
16623,0,0
16624,8,8
16625,5,5
16626,7,7
16627,4,4
16628,2,2
16629,7,7
16630,0,0
16631,9,9
16632,4,4
16633,2,2
16634,3,3
16635,0,0
16636,1,1
16637,2,2
16638,8,8
16639,2,2
16640,3,3
16641,8,8
16642,3,3
16643,1,1
16644,1,1
16645,7,7
16646,2,2
16647,7,7
16648,4,4
16649,2,2
16650,6,6
16651,9,9
16652,8,8
16653,4,4
16654,6,6
16655,7,7
16656,1,1
16657,7,7
16658,1,1
16659,0,0
16660,1,1
16661,0,0
16662,6,6
16663,7,7
16664,1,1
16665,1,1
16666,4,4
16667,5,5
16668,4,4
16669,8,8
16670,1,1
16671,7,7
16672,5,5
16673,5,5
16674,1,1
16675,6,6
16676,4,4
16677,6,6
16678,7,7
16679,3,3
16680,0,0
16681,5,5
16682,7,7
16683,6,6
16684,4,4
16685,0,0
16686,9,9
16687,0,0
16688,2,2
16689,7,7
16690,5,5
16691,1,1
16692,7,7
16693,7,7
16694,1,1
16695,5,5
16696,8,8
16697,9,9
16698,5,5
16699,1,1
16700,0,0
16701,9,9
16702,5,5
16703,4,4
16704,0,0
16705,3,3
16706,0,0
16707,6,6
16708,7,7
16709,6,6
16710,8,8
16711,8,8
16712,0,0
16713,9,9
16714,9,9
16715,7,7
16716,2,2
16717,8,8
16718,1,1
16719,0,0
16720,1,1
16721,8,8
16722,1,1
16723,8,8
16724,7,7
16725,2,2
16726,4,4
16727,0,0
16728,5,5
16729,6,6
16730,9,9
16731,0,0
16732,7,7
16733,7,7
16734,5,5
16735,1,1
16736,4,4
16737,7,7
16738,5,5
16739,4,4
16740,0,0
16741,2,2
16742,1,1
16743,7,7
16744,6,6
16745,7,7
16746,4,4
16747,5,5
16748,7,7
16749,3,3
16750,1,1
16751,5,5
16752,2,2
16753,0,0
16754,5,5
16755,3,3
16756,8,8
16757,9,9
16758,3,3
16759,9,9
16760,6,6
16761,3,3
16762,2,2
16763,7,7
16764,7,7
16765,8,8
16766,5,5
16767,9,9
16768,1,1
16769,4,4
16770,0,0
16771,9,9
16772,6,6
16773,9,9
16774,7,7
16775,8,8
16776,0,0
16777,9,9
16778,5,5
16779,9,9
16780,7,7
16781,6,6
16782,4,4
16783,7,7
16784,7,7
16785,9,9
16786,4,4
16787,3,3
16788,4,4
16789,9,9
16790,7,7
16791,6,6
16792,4,4
16793,7,7
16794,6,6
16795,8,8
16796,5,5
16797,9,9
16798,2,2
16799,9,9
16800,0,0
16801,8,8
16802,5,5
16803,2,2
16804,0,0
16805,9,9
16806,0,0
16807,8,8
16808,5,5
16809,9,9
16810,6,6
16811,7,7
16812,7,7
16813,6,6
16814,8,8
16815,8,8
16816,5,5
16817,2,2
16818,5,5
16819,9,9
16820,5,5
16821,4,4
16822,4,4
16823,9,9
16824,9,9
16825,7,7
16826,7,7
16827,8,8
16828,4,4
16829,8,8
16830,1,1
16831,7,7
16832,2,2
16833,2,2
16834,7,7
16835,9,9
16836,0,0
16837,9,9
16838,9,9
16839,0,0
16840,0,0
16841,4,4
16842,8,8
16843,9,9
16844,5,5
16845,9,9
16846,0,0
16847,2,2
16848,8,8
16849,7,7
16850,5,5
16851,8,8
16852,0,0
16853,8,8
16854,0,0
16855,9,9
16856,5,5
16857,6,6
16858,6,6
16859,8,8
16860,7,7
16861,7,7
16862,2,2
16863,9,9
16864,2,2
16865,9,9
16866,3,3
16867,7,7
16868,7,7
16869,9,9
16870,7,7
16871,8,8
16872,9,9
16873,7,7
16874,5,5
16875,8,8
16876,1,1
16877,8,8
16878,5,5
16879,4,4
16880,2,2
16881,8,8
16882,0,0
16883,9,9
16884,5,5
16885,9,9
16886,0,0
16887,9,9
16888,5,5
16889,4,4
16890,4,4
16891,4,4
16892,2,2
16893,2,2
16894,6,6
16895,5,5
16896,4,4
16897,8,8
16898,4,4
16899,9,9
16900,7,7
16901,2,2
16902,7,7
16903,3,3
16904,1,1
16905,3,3
16906,1,1
16907,1,1
16908,7,7
16909,4,4
16910,2,2
16911,7,7
16912,0,0
16913,8,8
16914,1,1
16915,0,0
16916,6,6
16917,2,2
16918,1,1
16919,8,8
16920,8,8
16921,3,3
16922,7,7
16923,9,9
16924,7,7
16925,7,7
16926,5,5
16927,7,7
16928,3,3
16929,8,8
16930,1,1
16931,9,9
16932,1,1
16933,4,4
16934,5,5
16935,8,8
16936,4,4
16937,2,2
16938,1,1
16939,0,0
16940,5,5
16941,3,3
16942,0,0
16943,9,9
16944,9,9
16945,7,7
16946,1,1
16947,9,9
16948,1,1
16949,8,8
16950,1,1
16951,0,0
16952,7,7
16953,0,0
16954,7,7
16955,2,2
16956,2,2
16957,4,4
16958,6,6
16959,6,6
16960,1,1
16961,4,4
16962,0,0
16963,4,4
16964,2,2
16965,2,2
16966,8,8
16967,8,8
16968,0,0
16969,9,9
16970,9,9
16971,9,9
16972,8,8
16973,8,8
16974,7,7
16975,3,3
16976,4,4
16977,9,9
16978,9,9
16979,8,8
16980,7,7
16981,8,8
16982,0,0
16983,9,9
16984,8,8
16985,5,5
16986,0,0
16987,3,3
16988,1,1
16989,4,4
16990,8,8
16991,1,1
16992,5,5
16993,2,2
16994,7,7
16995,8,8
16996,5,5
16997,2,2
16998,4,4
16999,8,8
17000,7,7
17001,2,2
17002,8,8
17003,2,2
17004,4,4
17005,9,9
17006,7,7
17007,8,8
17008,5,5
17009,3,3
17010,0,0
17011,9,9
17012,1,1
17013,2,2
17014,4,4
17015,8,8
17016,7,7
17017,8,8
17018,5,5
17019,8,8
17020,0,0
17021,2,2
17022,1,1
17023,4,4
17024,7,7
17025,3,3
17026,7,7
17027,1,1
17028,1,1
17029,1,1
17030,1,1
17031,8,8
17032,1,1
17033,0,0
17034,1,1
17035,9,9
17036,2,2
17037,7,7
17038,7,7
17039,4,4
17040,7,7
17041,2,2
17042,9,9
17043,9,9
17044,0,0
17045,9,9
17046,6,6
17047,4,4
17048,5,5
17049,3,3
17050,3,3
17051,3,3
17052,7,7
17053,1,1
17054,0,0
17055,1,1
17056,7,7
17057,9,9
17058,1,1
17059,2,2
17060,7,7
17061,0,0
17062,7,7
17063,7,7
17064,3,3
17065,2,2
17066,1,1
17067,8,8
17068,8,8
17069,0,0
17070,6,6
17071,7,7
17072,1,1
17073,2,2
17074,5,5
17075,1,1
17076,5,5
17077,7,7
17078,6,6
17079,5,5
17080,6,6
17081,5,5
17082,1,1
17083,4,4
17084,7,7
17085,7,7
17086,0,0
17087,6,6
17088,7,7
17089,4,4
17090,1,1
17091,9,9
17092,0,0
17093,2,2
17094,2,2
17095,3,3
17096,0,0
17097,2,2
17098,5,5
17099,9,9
17100,7,7
17101,9,9
17102,5,5
17103,7,7
17104,7,7
17105,7,7
17106,4,4
17107,0,0
17108,3,3
17109,8,8
17110,2,2
17111,6,6
17112,4,4
17113,8,8
17114,8,8
17115,1,1
17116,7,7
17117,8,8
17118,0,0
17119,0,0
17120,9,9
17121,2,2
17122,3,3
17123,7,7
17124,7,7
17125,9,9
17126,4,4
17127,7,7
17128,8,8
17129,9,9
17130,1,1
17131,6,6
17132,9,9
17133,3,3
17134,3,3
17135,9,9
17136,0,0
17137,6,6
17138,7,7
17139,7,7
17140,8,8
17141,8,8
17142,0,0
17143,0,0
17144,8,8
17145,2,2
17146,7,7
17147,8,8
17148,7,7
17149,3,3
17150,4,4
17151,9,9
17152,0,0
17153,5,5
17154,7,7
17155,7,7
17156,2,2
17157,8,8
17158,5,5
17159,9,9
17160,2,2
17161,4,4
17162,2,2
17163,8,8
17164,5,5
17165,2,2
17166,0,0
17167,8,8
17168,4,4
17169,3,3
17170,7,7
17171,9,9
17172,7,7
17173,6,6
17174,4,4
17175,7,7
17176,4,4
17177,8,8
17178,7,7
17179,2,2
17180,1,1
17181,8,8
17182,4,4
17183,8,8
17184,1,1
17185,8,8
17186,5,5
17187,3,3
17188,5,5
17189,7,7
17190,1,1
17191,9,9
17192,7,7
17193,2,2
17194,2,2
17195,8,8
17196,2,2
17197,2,2
17198,0,0
17199,4,4
17200,3,3
17201,9,9
17202,6,6
17203,8,8
17204,5,5
17205,8,8
17206,0,0
17207,2,2
17208,7,7
17209,9,9
17210,2,2
17211,8,8
17212,6,6
17213,9,9
17214,4,4
17215,8,8
17216,0,0
17217,9,9
17218,5,5
17219,8,8
17220,8,8
17221,4,4
17222,1,1
17223,3,3
17224,2,2
17225,9,9
17226,0,0
17227,7,7
17228,8,8
17229,4,4
17230,9,9
17231,8,8
17232,1,1
17233,2,2
17234,0,0
17235,8,8
17236,3,3
17237,9,9
17238,5,5
17239,8,8
17240,9,9
17241,5,5
17242,7,7
17243,9,9
17244,6,6
17245,2,2
17246,2,2
17247,2,2
17248,8,8
17249,4,4
17250,5,5
17251,4,4
17252,4,4
17253,7,7
17254,1,1
17255,7,7
17256,5,5
17257,2,2
17258,7,7
17259,9,9
17260,9,9
17261,8,8
17262,1,1
17263,4,4
17264,7,7
17265,5,5
17266,6,6
17267,8,8
17268,5,5
17269,6,6
17270,7,7
17271,7,7
17272,6,6
17273,4,4
17274,4,4
17275,2,2
17276,0,0
17277,8,8
17278,0,0
17279,9,9
17280,7,7
17281,8,8
17282,0,0
17283,8,8
17284,5,5
17285,3,3
17286,1,1
17287,4,4
17288,7,7
17289,2,2
17290,2,2
17291,2,2
17292,1,1
17293,3,3
17294,7,7
17295,7,7
17296,5,5
17297,8,8
17298,7,7
17299,8,8
17300,0,0
17301,7,7
17302,1,1
17303,8,8
17304,3,3
17305,9,9
17306,0,0
17307,8,8
17308,7,7
17309,4,4
17310,0,0
17311,0,0
17312,7,7
17313,8,8
17314,3,3
17315,6,6
17316,0,0
17317,8,8
17318,7,7
17319,8,8
17320,7,7
17321,8,8
17322,7,7
17323,8,8
17324,7,7
17325,4,4
17326,4,4
17327,3,3
17328,2,2
17329,8,8
17330,7,7
17331,9,9
17332,5,5
17333,7,7
17334,2,2
17335,3,3
17336,6,6
17337,9,9
17338,2,2
17339,6,6
17340,0,0
17341,2,2
17342,5,5
17343,8,8
17344,4,4
17345,2,2
17346,5,5
17347,8,8
17348,7,7
17349,3,3
17350,0,0
17351,9,9
17352,7,7
17353,6,6
17354,1,1
17355,2,2
17356,8,8
17357,8,8
17358,7,7
17359,8,8
17360,3,3
17361,8,8
17362,0,0
17363,8,8
17364,1,1
17365,3,3
17366,2,2
17367,9,9
17368,8,8
17369,6,6
17370,8,8
17371,2,2
17372,5,5
17373,8,8
17374,6,6
17375,8,8
17376,3,3
17377,8,8
17378,1,1
17379,8,8
17380,0,0
17381,3,3
17382,5,5
17383,8,8
17384,8,8
17385,9,9
17386,7,7
17387,9,9
17388,8,8
17389,9,9
17390,5,5
17391,8,8
17392,7,7
17393,9,9
17394,1,1
17395,4,4
17396,4,4
17397,4,4
17398,8,8
17399,9,9
17400,7,7
17401,2,2
17402,9,9
17403,2,2
17404,7,7
17405,4,4
17406,1,1
17407,2,2
17408,4,4
17409,8,8
17410,5,5
17411,3,3
17412,0,0
17413,9,9
17414,7,7
17415,8,8
17416,4,4
17417,8,8
17418,9,9
17419,8,8
17420,8,8
17421,7,7
17422,1,1
17423,9,9
17424,5,5
17425,9,9
17426,5,5
17427,8,8
17428,5,5
17429,9,9
17430,1,1
17431,6,6
17432,6,6
17433,9,9
17434,8,8
17435,2,2
17436,7,7
17437,8,8
17438,9,9
17439,6,6
17440,0,0
17441,8,8
17442,7,7
17443,8,8
17444,5,5
17445,8,8
17446,2,2
17447,8,8
17448,6,6
17449,3,3
17450,0,0
17451,9,9
17452,3,3
17453,9,9
17454,2,2
17455,8,8
17456,7,7
17457,9,9
17458,3,3
17459,9,9
17460,7,7
17461,9,9
17462,3,3
17463,8,8
17464,7,7
17465,9,9
17466,3,3
17467,2,2
17468,7,7
17469,8,8
17470,7,7
17471,2,2
17472,9,9
17473,9,9
17474,0,0
17475,8,8
17476,3,3
17477,9,9
17478,4,4
17479,3,3
17480,7,7
17481,8,8
17482,7,7
17483,8,8
17484,5,5
17485,3,3
17486,5,5
17487,9,9
17488,1,1
17489,6,6
17490,0,0
17491,7,7
17492,5,5
17493,5,5
17494,7,7
17495,9,9
17496,7,7
17497,8,8
17498,8,8
17499,8,8
17500,6,6
17501,5,5
17502,2,2
17503,9,9
17504,7,7
17505,9,9
17506,9,9
17507,6,6
17508,3,3
17509,7,7
17510,5,5
17511,8,8
17512,2,2
17513,0,0
17514,7,7
17515,2,2
17516,6,6
17517,8,8
17518,4,4
17519,3,3
17520,6,6
17521,3,3
17522,2,2
17523,9,9
17524,4,4
17525,8,8
17526,7,7
17527,9,9
17528,1,1
17529,8,8
17530,7,7
17531,8,8
17532,8,8
17533,8,8
17534,3,3
17535,3,3
17536,0,0
17537,0,0
17538,9,9
17539,3,3
17540,7,7
17541,9,9
17542,9,9
17543,9,9
17544,4,4
17545,2,2
17546,4,4
17547,8,8
17548,9,9
17549,3,3
17550,8,8
17551,8,8
17552,0,0
17553,6,6
17554,1,1
17555,6,6
17556,4,4
17557,8,8
17558,7,7
17559,8,8
17560,1,1
17561,5,5
17562,5,5
17563,4,4
17564,9,9
17565,9,9
17566,6,6
17567,9,9
17568,5,5
17569,7,7
17570,8,8
17571,0,0
17572,7,7
17573,8,8
17574,7,7
17575,7,7
17576,5,5
17577,8,8
17578,0,0
17579,6,6
17580,7,7
17581,3,3
17582,7,7
17583,9,9
17584,7,7
17585,3,3
17586,1,1
17587,9,9
17588,4,4
17589,4,4
17590,0,0
17591,8,8
17592,0,0
17593,6,6
17594,1,1
17595,6,6
17596,2,2
17597,0,0
17598,7,7
17599,9,9
17600,6,6
17601,4,4
17602,7,7
17603,3,3
17604,0,0
17605,9,9
17606,3,3
17607,9,9
17608,7,7
17609,8,8
17610,7,7
17611,3,3
17612,0,0
17613,8,8
17614,2,2
17615,8,8
17616,4,4
17617,8,8
17618,1,1
17619,4,4
17620,2,2
17621,7,7
17622,5,5
17623,4,4
17624,7,7
17625,8,8
17626,4,4
17627,9,9
17628,1,1
17629,7,7
17630,0,0
17631,7,7
17632,7,7
17633,8,8
17634,7,7
17635,6,6
17636,4,4
17637,9,9
17638,1,1
17639,9,9
17640,0,0
17641,8,8
17642,7,7
17643,7,7
17644,5,5
17645,9,9
17646,2,2
17647,4,4
17648,4,4
17649,8,8
17650,1,1
17651,4,4
17652,5,5
17653,6,6
17654,0,0
17655,3,3
17656,0,0
17657,6,6
17658,0,0
17659,8,8
17660,1,1
17661,9,9
17662,1,1
17663,5,5
17664,1,1
17665,7,7
17666,8,8
17667,2,2
17668,2,2
17669,9,9
17670,7,7
17671,8,8
17672,2,2
17673,6,6
17674,5,5
17675,2,2
17676,7,7
17677,6,6
17678,5,5
17679,0,0
17680,7,7
17681,2,2
17682,5,5
17683,8,8
17684,1,1
17685,9,9
17686,4,4
17687,8,8
17688,7,7
17689,8,8
17690,5,5
17691,6,6
17692,8,8
17693,7,7
17694,8,8
17695,1,1
17696,0,0
17697,7,7
17698,7,7
17699,7,7
17700,7,7
17701,0,0
17702,5,5
17703,0,0
17704,9,9
17705,2,2
17706,1,1
17707,0,0
17708,5,5
17709,7,7
17710,4,4
17711,1,1
17712,7,7
17713,6,6
17714,0,0
17715,7,7
17716,2,2
17717,0,0
17718,8,8
17719,0,0
17720,0,0
17721,1,1
17722,2,2
17723,0,0
17724,8,8
17725,7,7
17726,3,3
17727,1,1
17728,4,4
17729,1,1
17730,5,5
17731,7,7
17732,7,7
17733,0,0
17734,7,7
17735,0,0
17736,5,5
17737,0,0
17738,7,7
17739,9,9
17740,1,1
17741,2,2
17742,7,7
17743,0,0
17744,1,1
17745,7,7
17746,5,5
17747,1,1
17748,9,9
17749,0,0
17750,1,1
17751,1,1
17752,7,7
17753,7,7
17754,7,7
17755,2,2
17756,5,5
17757,7,7
17758,0,0
17759,1,1
17760,0,0
17761,2,2
17762,0,0
17763,1,1
17764,4,4
17765,7,7
17766,2,2
17767,5,5
17768,2,2
17769,0,0
17770,3,3
17771,9,9
17772,9,9
17773,4,4
17774,5,5
17775,1,1
17776,6,6
17777,7,7
17778,1,1
17779,7,7
17780,0,0
17781,7,7
17782,1,1
17783,4,4
17784,7,7
17785,0,0
17786,6,6
17787,7,7
17788,4,4
17789,0,0
17790,7,7
17791,0,0
17792,5,5
17793,0,0
17794,2,2
17795,1,1
17796,5,5
17797,3,3
17798,8,8
17799,0,0
17800,9,9
17801,0,0
17802,1,1
17803,1,1
17804,2,2
17805,1,1
17806,1,1
17807,0,0
17808,7,7
17809,0,0
17810,7,7
17811,2,2
17812,1,1
17813,0,0
17814,5,5
17815,1,1
17816,0,0
17817,7,7
17818,7,7
17819,1,1
17820,1,1
17821,7,7
17822,0,0
17823,0,0
17824,0,0
17825,7,7
17826,0,0
17827,0,0
17828,3,3
17829,4,4
17830,8,8
17831,0,0
17832,7,7
17833,0,0
17834,9,9
17835,4,4
17836,6,6
17837,0,0
17838,3,3
17839,1,1
17840,6,6
17841,9,9
17842,5,5
17843,4,4
17844,1,1
17845,1,1
17846,1,1
17847,1,1
17848,5,5
17849,5,5
17850,5,5
17851,1,1
17852,4,4
17853,7,7
17854,1,1
17855,4,4
17856,1,1
17857,0,0
17858,5,5
17859,0,0
17860,0,0
17861,0,0
17862,5,5
17863,4,4
17864,7,7
17865,0,0
17866,5,5
17867,4,4
17868,0,0
17869,2,2
17870,5,5
17871,2,2
17872,1,1
17873,9,9
17874,4,4
17875,1,1
17876,5,5
17877,7,7
17878,2,2
17879,0,0
17880,7,7
17881,7,7
17882,8,8
17883,1,1
17884,6,6
17885,1,1
17886,2,2
17887,0,0
17888,1,1
17889,1,1
17890,7,7
17891,5,5
17892,9,9
17893,1,1
17894,7,7
17895,8,8
17896,0,0
17897,0,0
17898,5,5
17899,0,0
17900,1,1
17901,7,7
17902,0,0
17903,0,0
17904,7,7
17905,3,3
17906,7,7
17907,9,9
17908,7,7
17909,6,6
17910,5,5
17911,7,7
17912,6,6
17913,8,8
17914,7,7
17915,7,7
17916,0,0
17917,8,8
17918,5,5
17919,2,2
17920,2,2
17921,8,8
17922,5,5
17923,3,3
17924,9,9
17925,9,9
17926,5,5
17927,6,6
17928,1,1
17929,2,2
17930,3,3
17931,8,8
17932,3,3
17933,4,4
17934,0,0
17935,8,8
17936,5,5
17937,8,8
17938,9,9
17939,0,0
17940,5,5
17941,3,3
17942,1,1
17943,9,9
17944,5,5
17945,6,6
17946,8,8
17947,7,7
17948,7,7
17949,9,9
17950,2,2
17951,2,2
17952,2,2
17953,6,6
17954,5,5
17955,8,8
17956,7,7
17957,2,2
17958,7,7
17959,8,8
17960,1,1
17961,0,0
17962,8,8
17963,0,0
17964,9,9
17965,9,9
17966,7,7
17967,7,7
17968,2,2
17969,8,8
17970,5,5
17971,2,2
17972,5,5
17973,6,6
17974,0,0
17975,2,2
17976,0,0
17977,3,3
17978,5,5
17979,8,8
17980,4,4
17981,2,2
17982,5,5
17983,0,0
17984,1,1
17985,4,4
17986,1,1
17987,2,2
17988,7,7
17989,8,8
17990,7,7
17991,8,8
17992,6,6
17993,2,2
17994,0,0
17995,6,6
17996,4,4
17997,7,7
17998,4,4
17999,2,2
18000,5,5
18001,2,2
18002,8,8
18003,6,6
18004,7,7
18005,2,2
18006,8,8
18007,0,0
18008,1,1
18009,8,8
18010,9,9
18011,8,8
18012,2,2
18013,9,9
18014,2,2
18015,8,8
18016,9,9
18017,6,6
18018,0,0
18019,9,9
18020,0,0
18021,8,8
18022,3,3
18023,4,4
18024,0,0
18025,8,8
18026,5,5
18027,8,8
18028,3,3
18029,6,6
18030,7,7
18031,9,9
18032,4,4
18033,4,4
18034,4,4
18035,9,9
18036,6,6
18037,9,9
18038,6,6
18039,0,0
18040,6,6
18041,2,2
18042,5,5
18043,8,8
18044,7,7
18045,9,9
18046,0,0
18047,2,2
18048,0,0
18049,6,6
18050,1,1
18051,8,8
18052,4,4
18053,9,9
18054,0,0
18055,3,3
18056,0,0
18057,8,8
18058,5,5
18059,6,6
18060,5,5
18061,2,2
18062,5,5
18063,4,4
18064,2,2
18065,6,6
18066,8,8
18067,2,2
18068,4,4
18069,6,6
18070,1,1
18071,8,8
18072,1,1
18073,3,3
18074,1,1
18075,1,1
18076,1,1
18077,6,6
18078,2,2
18079,7,7
18080,7,7
18081,5,5
18082,8,8
18083,7,7
18084,6,6
18085,4,4
18086,0,0
18087,0,0
18088,0,0
18089,2,2
18090,7,7
18091,0,0
18092,5,5
18093,3,3
18094,4,4
18095,1,1
18096,3,3
18097,6,6
18098,5,5
18099,7,7
18100,5,5
18101,0,0
18102,3,3
18103,2,2
18104,2,2
18105,4,4
18106,5,5
18107,8,8
18108,2,2
18109,2,2
18110,1,1
18111,0,0
18112,3,3
18113,3,3
18114,2,2
18115,1,1
18116,1,1
18117,6,6
18118,0,0
18119,7,7
18120,7,7
18121,0,0
18122,0,0
18123,2,2
18124,3,3
18125,4,4
18126,9,9
18127,0,0
18128,4,4
18129,2,2
18130,4,4
18131,0,0
18132,3,3
18133,5,5
18134,4,4
18135,4,4
18136,0,0
18137,7,7
18138,0,0
18139,6,6
18140,4,4
18141,2,2
18142,0,0
18143,1,1
18144,4,4
18145,0,0
18146,0,0
18147,7,7
18148,9,9
18149,4,4
18150,2,2
18151,2,2
18152,0,0
18153,0,0
18154,4,4
18155,7,7
18156,9,9
18157,2,2
18158,6,6
18159,3,3
18160,0,0
18161,0,0
18162,2,2
18163,1,1
18164,6,6
18165,1,1
18166,7,7
18167,2,2
18168,2,2
18169,7,7
18170,8,8
18171,2,2
18172,8,8
18173,0,0
18174,1,1
18175,0,0
18176,1,1
18177,4,4
18178,3,3
18179,9,9
18180,0,0
18181,4,4
18182,1,1
18183,0,0
18184,5,5
18185,5,5
18186,7,7
18187,1,1
18188,1,1
18189,2,2
18190,1,1
18191,0,0
18192,6,6
18193,0,0
18194,4,4
18195,2,2
18196,9,9
18197,2,2
18198,6,6
18199,4,4
18200,5,5
18201,6,6
18202,5,5
18203,0,0
18204,8,8
18205,2,2
18206,6,6
18207,9,9
18208,3,3
18209,2,2
18210,9,9
18211,0,0
18212,3,3
18213,6,6
18214,7,7
18215,7,7
18216,6,6
18217,2,2
18218,7,7
18219,3,3
18220,1,1
18221,4,4
18222,4,4
18223,0,0
18224,6,6
18225,7,7
18226,1,1
18227,0,0
18228,5,5
18229,1,1
18230,6,6
18231,6,6
18232,3,3
18233,5,5
18234,7,7
18235,1,1
18236,6,6
18237,2,2
18238,4,4
18239,2,2
18240,7,7
18241,1,1
18242,2,2
18243,2,2
18244,1,1
18245,0,0
18246,0,0
18247,4,4
18248,7,7
18249,7,7
18250,2,2
18251,0,0
18252,2,2
18253,3,3
18254,0,0
18255,6,6
18256,1,1
18257,0,0
18258,1,1
18259,1,1
18260,9,9
18261,1,1
18262,4,4
18263,3,3
18264,4,4
18265,8,8
18266,9,9
18267,1,1
18268,7,7
18269,0,0
18270,1,1
18271,4,4
18272,2,2
18273,3,3
18274,7,7
18275,4,4
18276,0,0
18277,8,8
18278,3,3
18279,0,0
18280,7,7
18281,2,2
18282,1,1
18283,0,0
18284,3,3
18285,1,1
18286,9,9
18287,7,7
18288,2,2
18289,0,0
18290,6,6
18291,2,2
18292,2,2
18293,1,1
18294,0,0
18295,3,3
18296,0,0
18297,8,8
18298,7,7
18299,7,7
18300,6,6
18301,3,3
18302,4,4
18303,4,4
18304,1,1
18305,2,2
18306,5,5
18307,7,7
18308,0,0
18309,8,8
18310,7,7
18311,2,2
18312,4,4
18313,2,2
18314,1,1
18315,8,8
18316,1,1
18317,2,2
18318,6,6
18319,2,2
18320,8,8
18321,1,1
18322,7,7
18323,6,6
18324,3,3
18325,1,1
18326,7,7
18327,8,8
18328,4,4
18329,0,0
18330,1,1
18331,4,4
18332,0,0
18333,0,0
18334,7,7
18335,2,2
18336,4,4
18337,3,3
18338,1,1
18339,1,1
18340,7,7
18341,6,6
18342,0,0
18343,1,1
18344,4,4
18345,8,8
18346,0,0
18347,2,2
18348,8,8
18349,4,4
18350,0,0
18351,8,8
18352,9,9
18353,2,2
18354,4,4
18355,0,0
18356,5,5
18357,2,2
18358,1,1
18359,9,9
18360,1,1
18361,6,6
18362,5,5
18363,7,7
18364,7,7
18365,8,8
18366,7,7
18367,8,8
18368,7,7
18369,2,2
18370,6,6
18371,2,2
18372,1,1
18373,2,2
18374,0,0
18375,7,7
18376,2,2
18377,0,0
18378,2,2
18379,8,8
18380,7,7
18381,4,4
18382,0,0
18383,2,2
18384,1,1
18385,8,8
18386,2,2
18387,0,0
18388,5,5
18389,1,1
18390,7,7
18391,8,8
18392,0,0
18393,1,1
18394,6,6
18395,2,2
18396,9,9
18397,6,6
18398,5,5
18399,0,0
18400,1,1
18401,0,0
18402,5,5
18403,4,4
18404,2,2
18405,5,5
18406,7,7
18407,1,1
18408,0,0
18409,1,1
18410,0,0
18411,1,1
18412,3,3
18413,2,2
18414,2,2
18415,5,5
18416,7,7
18417,2,2
18418,7,7
18419,2,2
18420,4,4
18421,1,1
18422,4,4
18423,2,2
18424,3,3
18425,3,3
18426,9,9
18427,8,8
18428,5,5
18429,8,8
18430,4,4
18431,8,8
18432,4,4
18433,7,7
18434,7,7
18435,6,6
18436,5,5
18437,0,0
18438,0,0
18439,2,2
18440,2,2
18441,0,0
18442,1,1
18443,3,3
18444,1,1
18445,8,8
18446,7,7
18447,4,4
18448,5,5
18449,8,8
18450,0,0
18451,1,1
18452,9,9
18453,7,7
18454,6,6
18455,8,8
18456,7,7
18457,0,0
18458,5,5
18459,4,4
18460,7,7
18461,3,3
18462,3,3
18463,7,7
18464,5,5
18465,4,4
18466,7,7
18467,2,2
18468,1,1
18469,8,8
18470,9,9
18471,3,3
18472,9,9
18473,8,8
18474,1,1
18475,0,0
18476,7,7
18477,7,7
18478,2,2
18479,8,8
18480,9,9
18481,0,0
18482,1,1
18483,0,0
18484,5,5
18485,7,7
18486,3,3
18487,8,8
18488,1,1
18489,2,2
18490,4,4
18491,7,7
18492,1,1
18493,1,1
18494,5,5
18495,2,2
18496,5,5
18497,1,1
18498,8,8
18499,6,6
18500,5,5
18501,9,9
18502,5,5
18503,7,7
18504,0,0
18505,3,3
18506,5,5
18507,3,3
18508,2,2
18509,3,3
18510,0,0
18511,2,2
18512,5,5
18513,8,8
18514,1,1
18515,2,2
18516,1,1
18517,4,4
18518,7,7
18519,9,9
18520,4,4
18521,2,2
18522,7,7
18523,2,2
18524,1,1
18525,2,2
18526,9,9
18527,7,7
18528,7,7
18529,0,0
18530,4,4
18531,8,8
18532,8,8
18533,2,2
18534,0,0
18535,6,6
18536,1,1
18537,0,0
18538,3,3
18539,8,8
18540,1,1
18541,9,9
18542,7,7
18543,3,3
18544,6,6
18545,1,1
18546,1,1
18547,6,6
18548,4,4
18549,7,7
18550,7,7
18551,5,5
18552,8,8
18553,7,7
18554,0,0
18555,4,4
18556,0,0
18557,5,5
18558,8,8
18559,7,7
18560,5,5
18561,5,5
18562,5,5
18563,3,3
18564,3,3
18565,1,1
18566,6,6
18567,6,6
18568,9,9
18569,7,7
18570,0,0
18571,0,0
18572,3,3
18573,4,4
18574,7,7
18575,4,4
18576,4,4
18577,0,0
18578,0,0
18579,8,8
18580,8,8
18581,3,3
18582,5,5
18583,1,1
18584,6,6
18585,3,3
18586,3,3
18587,7,7
18588,7,7
18589,5,5
18590,3,3
18591,2,2
18592,5,5
18593,4,4
18594,7,7
18595,2,2
18596,5,5
18597,0,0
18598,3,3
18599,3,3
18600,7,7
18601,0,0
18602,0,0
18603,3,3
18604,0,0
18605,4,4
18606,3,3
18607,5,5
18608,2,2
18609,8,8
18610,0,0
18611,4,4
18612,7,7
18613,6,6
18614,2,2
18615,7,7
18616,0,0
18617,5,5
18618,2,2
18619,7,7
18620,6,6
18621,0,0
18622,6,6
18623,0,0
18624,0,0
18625,4,4
18626,7,7
18627,2,2
18628,5,5
18629,2,2
18630,2,2
18631,3,3
18632,6,6
18633,6,6
18634,6,6
18635,2,2
18636,0,0
18637,5,5
18638,8,8
18639,2,2
18640,1,1
18641,3,3
18642,2,2
18643,6,6
18644,2,2
18645,3,3
18646,7,7
18647,1,1
18648,8,8
18649,9,9
18650,2,2
18651,3,3
18652,2,2
18653,0,0
18654,4,4
18655,4,4
18656,1,1
18657,2,2
18658,3,3
18659,1,1
18660,1,1
18661,6,6
18662,5,5
18663,1,1
18664,1,1
18665,3,3
18666,0,0
18667,4,4
18668,5,5
18669,0,0
18670,1,1
18671,5,5
18672,4,4
18673,2,2
18674,7,7
18675,7,7
18676,8,8
18677,5,5
18678,4,4
18679,7,7
18680,5,5
18681,5,5
18682,0,0
18683,1,1
18684,9,9
18685,0,0
18686,0,0
18687,7,7
18688,5,5
18689,2,2
18690,2,2
18691,8,8
18692,1,1
18693,6,6
18694,5,5
18695,9,9
18696,2,2
18697,0,0
18698,8,8
18699,2,2
18700,8,8
18701,2,2
18702,4,4
18703,3,3
18704,1,1
18705,1,1
18706,0,0
18707,1,1
18708,0,0
18709,5,5
18710,7,7
18711,2,2
18712,0,0
18713,6,6
18714,0,0
18715,3,3
18716,5,5
18717,0,0
18718,3,3
18719,8,8
18720,0,0
18721,4,4
18722,5,5
18723,2,2
18724,5,5
18725,3,3
18726,5,5
18727,7,7
18728,2,2
18729,0,0
18730,5,5
18731,0,0
18732,1,1
18733,0,0
18734,0,0
18735,7,7
18736,8,8
18737,3,3
18738,0,0
18739,3,3
18740,7,7
18741,1,1
18742,7,7
18743,3,3
18744,0,0
18745,0,0
18746,0,0
18747,0,0
18748,6,6
18749,2,2
18750,3,3
18751,5,5
18752,7,7
18753,0,0
18754,5,5
18755,8,8
18756,5,5
18757,0,0
18758,9,9
18759,3,3
18760,1,1
18761,1,1
18762,7,7
18763,6,6
18764,6,6
18765,7,7
18766,1,1
18767,0,0
18768,1,1
18769,8,8
18770,7,7
18771,4,4
18772,5,5
18773,8,8
18774,2,2
18775,2,2
18776,6,6
18777,8,8
18778,2,2
18779,3,3
18780,6,6
18781,9,9
18782,2,2
18783,6,6
18784,8,8
18785,2,2
18786,5,5
18787,8,8
18788,4,4
18789,8,8
18790,1,1
18791,4,4
18792,1,1
18793,8,8
18794,2,2
18795,2,2
18796,7,7
18797,8,8
18798,2,2
18799,3,3
18800,1,1
18801,9,9
18802,7,7
18803,6,6
18804,7,7
18805,2,2
18806,1,1
18807,8,8
18808,1,1
18809,8,8
18810,6,6
18811,2,2
18812,7,7
18813,8,8
18814,1,1
18815,6,6
18816,1,1
18817,2,2
18818,5,5
18819,8,8
18820,5,5
18821,4,4
18822,7,7
18823,8,8
18824,9,9
18825,8,8
18826,7,7
18827,2,2
18828,5,5
18829,9,9
18830,1,1
18831,8,8
18832,5,5
18833,9,9
18834,0,0
18835,2,2
18836,3,3
18837,3,3
18838,5,5
18839,9,9
18840,7,7
18841,6,6
18842,5,5
18843,8,8
18844,8,8
18845,5,5
18846,5,5
18847,2,2
18848,4,4
18849,4,4
18850,9,9
18851,2,2
18852,1,1
18853,9,9
18854,5,5
18855,8,8
18856,2,2
18857,8,8
18858,2,2
18859,0,0
18860,0,0
18861,0,0
18862,1,1
18863,9,9
18864,6,6
18865,6,6
18866,0,0
18867,5,5
18868,3,3
18869,4,4
18870,1,1
18871,8,8
18872,5,5
18873,8,8
18874,0,0
18875,9,9
18876,0,0
18877,8,8
18878,3,3
18879,9,9
18880,1,1
18881,3,3
18882,7,7
18883,0,0
18884,2,2
18885,8,8
18886,1,1
18887,2,2
18888,5,5
18889,3,3
18890,2,2
18891,6,6
18892,3,3
18893,3,3
18894,8,8
18895,7,7
18896,3,3
18897,2,2
18898,0,0
18899,9,9
18900,5,5
18901,2,2
18902,9,9
18903,4,4
18904,4,4
18905,5,5
18906,1,1
18907,4,4
18908,5,5
18909,3,3
18910,5,5
18911,4,4
18912,1,1
18913,8,8
18914,3,3
18915,2,2
18916,0,0
18917,0,0
18918,9,9
18919,7,7
18920,7,7
18921,3,3
18922,9,9
18923,3,3
18924,1,1
18925,5,5
18926,3,3
18927,6,6
18928,0,0
18929,8,8
18930,1,1
18931,2,2
18932,2,2
18933,2,2
18934,8,8
18935,0,0
18936,3,3
18937,8,8
18938,7,7
18939,7,7
18940,9,9
18941,8,8
18942,9,9
18943,6,6
18944,0,0
18945,2,2
18946,6,6
18947,2,2
18948,7,7
18949,2,2
18950,0,0
18951,9,9
18952,2,2
18953,9,9
18954,5,5
18955,7,7
18956,4,4
18957,4,4
18958,1,1
18959,8,8
18960,1,1
18961,8,8
18962,5,5
18963,9,9
18964,7,7
18965,2,2
18966,0,0
18967,2,2
18968,7,7
18969,8,8
18970,2,2
18971,4,4
18972,4,4
18973,8,8
18974,7,7
18975,7,7
18976,0,0
18977,7,7
18978,6,6
18979,8,8
18980,1,1
18981,9,9
18982,4,4
18983,9,9
18984,7,7
18985,8,8
18986,2,2
18987,9,9
18988,0,0
18989,3,3
18990,0,0
18991,3,3
18992,7,7
18993,9,9
18994,7,7
18995,6,6
18996,0,0
18997,2,2
18998,4,4
18999,8,8
19000,2,2
19001,9,9
19002,4,4
19003,8,8
19004,3,3
19005,9,9
19006,3,3
19007,9,9
19008,7,7
19009,2,2
19010,9,9
19011,9,9
19012,3,3
19013,6,6
19014,7,7
19015,2,2
19016,1,1
19017,8,8
19018,1,1
19019,2,2
19020,2,2
19021,9,9
19022,7,7
19023,8,8
19024,5,5
19025,9,9
19026,0,0
19027,8,8
19028,6,6
19029,9,9
19030,5,5
19031,6,6
19032,5,5
19033,8,8
19034,8,8
19035,9,9
19036,1,1
19037,9,9
19038,3,3
19039,8,8
19040,4,4
19041,9,9
19042,5,5
19043,9,9
19044,5,5
19045,8,8
19046,7,7
19047,8,8
19048,1,1
19049,3,3
19050,8,8
19051,9,9
19052,2,2
19053,6,6
19054,8,8
19055,8,8
19056,7,7
19057,8,8
19058,9,9
19059,8,8
19060,3,3
19061,2,2
19062,4,4
19063,7,7
19064,0,0
19065,2,2
19066,4,4
19067,9,9
19068,1,1
19069,6,6
19070,9,9
19071,9,9
19072,0,0
19073,8,8
19074,3,3
19075,2,2
19076,0,0
19077,9,9
19078,7,7
19079,2,2
19080,2,2
19081,9,9
19082,3,3
19083,2,2
19084,6,6
19085,8,8
19086,1,1
19087,6,6
19088,0,0
19089,2,2
19090,1,1
19091,9,9
19092,7,7
19093,9,9
19094,1,1
19095,4,4
19096,1,1
19097,6,6
19098,5,5
19099,9,9
19100,1,1
19101,2,2
19102,1,1
19103,2,2
19104,7,7
19105,4,4
19106,7,7
19107,8,8
19108,7,7
19109,8,8
19110,2,2
19111,8,8
19112,8,8
19113,8,8
19114,7,7
19115,6,6
19116,7,7
19117,3,3
19118,4,4
19119,3,3
19120,0,0
19121,8,8
19122,9,9
19123,8,8
19124,5,5
19125,4,4
19126,5,5
19127,3,3
19128,2,2
19129,6,6
19130,7,7
19131,2,2
19132,6,6
19133,3,3
19134,4,4
19135,4,4
19136,9,9
19137,9,9
19138,0,0
19139,9,9
19140,5,5
19141,8,8
19142,4,4
19143,8,8
19144,0,0
19145,9,9
19146,0,0
19147,8,8
19148,5,5
19149,6,6
19150,1,1
19151,4,4
19152,6,6
19153,8,8
19154,6,6
19155,4,4
19156,3,3
19157,4,4
19158,1,1
19159,1,1
19160,7,7
19161,5,5
19162,7,7
19163,8,8
19164,0,0
19165,6,6
19166,3,3
19167,9,9
19168,1,1
19169,2,2
19170,7,7
19171,2,2
19172,1,1
19173,9,9
19174,7,7
19175,2,2
19176,9,9
19177,2,2
19178,5,5
19179,3,3
19180,7,7
19181,7,7
19182,2,2
19183,8,8
19184,1,1
19185,8,8
19186,2,2
19187,8,8
19188,1,1
19189,3,3
19190,5,5
19191,6,6
19192,5,5
19193,8,8
19194,0,0
19195,6,6
19196,4,4
19197,4,4
19198,5,5
19199,8,8
19200,7,7
19201,2,2
19202,5,5
19203,3,3
19204,7,7
19205,2,2
19206,1,1
19207,9,9
19208,4,4
19209,3,3
19210,7,7
19211,1,1
19212,7,7
19213,6,6
19214,1,1
19215,2,2
19216,3,3
19217,5,5
19218,4,4
19219,2,2
19220,0,0
19221,0,0
19222,7,7
19223,2,2
19224,7,7
19225,3,3
19226,8,8
19227,9,9
19228,4,4
19229,2,2
19230,7,7
19231,7,7
19232,6,6
19233,8,8
19234,7,7
19235,8,8
19236,0,0
19237,2,2
19238,9,9
19239,0,0
19240,7,7
19241,3,3
19242,2,2
19243,9,9
19244,2,2
19245,6,6
19246,7,7
19247,2,2
19248,6,6
19249,5,5
19250,7,7
19251,8,8
19252,1,1
19253,3,3
19254,0,0
19255,8,8
19256,0,0
19257,8,8
19258,4,4
19259,8,8
19260,0,0
19261,3,3
19262,0,0
19263,7,7
19264,7,7
19265,9,9
19266,7,7
19267,2,2
19268,5,5
19269,0,0
19270,8,8
19271,6,6
19272,7,0
19273,9,9
19274,4,4
19275,2,2
19276,5,5
19277,4,4
19278,9,9
19279,9,9
19280,1,1
19281,5,5
19282,1,1
19283,8,8
19284,0,0
19285,7,7
19286,0,0
19287,8,8
19288,7,7
19289,9,9
19290,4,4
19291,2,2
19292,3,3
19293,5,5
19294,5,5
19295,0,0
19296,6,6
19297,9,9
19298,5,5
19299,8,8
19300,5,5
19301,9,9
19302,7,7
19303,3,3
19304,1,1
19305,9,9
19306,7,7
19307,7,7
19308,2,2
19309,4,4
19310,0,0
19311,8,8
19312,8,8
19313,2,2
19314,6,6
19315,0,0
19316,6,6
19317,2,2
19318,7,7
19319,9,9
19320,0,0
19321,6,6
19322,0,0
19323,9,9
19324,1,1
19325,3,3
19326,7,7
19327,8,8
19328,0,0
19329,3,3
19330,2,2
19331,4,4
19332,4,4
19333,7,7
19334,8,8
19335,7,7
19336,6,6
19337,2,2
19338,7,7
19339,9,9
19340,0,0
19341,8,8
19342,7,7
19343,6,6
19344,8,8
19345,0,0
19346,1,1
19347,7,7
19348,7,7
19349,4,4
19350,7,7
19351,2,2
19352,8,8
19353,9,9
19354,8,8
19355,9,9
19356,4,4
19357,5,5
19358,1,1
19359,0,0
19360,2,2
19361,3,3
19362,7,7
19363,5,5
19364,7,7
19365,8,8
19366,0,0
19367,2,2
19368,7,7
19369,3,3
19370,0,0
19371,2,2
19372,0,0
19373,6,6
19374,0,0
19375,8,8
19376,3,3
19377,7,7
19378,5,5
19379,8,8
19380,5,5
19381,9,9
19382,4,4
19383,8,8
19384,4,4
19385,4,4
19386,7,7
19387,0,0
19388,1,1
19389,8,8
19390,2,2
19391,6,6
19392,2,2
19393,8,8
19394,1,1
19395,8,8
19396,5,5
19397,6,6
19398,2,2
19399,3,3
19400,9,9
19401,5,5
19402,7,7
19403,0,0
19404,5,5
19405,8,8
19406,5,5
19407,3,3
19408,9,9
19409,0,0
19410,1,1
19411,9,9
19412,0,0
19413,7,7
19414,0,0
19415,6,6
19416,8,8
19417,8,8
19418,8,8
19419,3,3
19420,1,1
19421,1,1
19422,7,7
19423,4,4
19424,5,5
19425,7,7
19426,1,1
19427,0,0
19428,5,5
19429,2,2
19430,7,7
19431,4,4
19432,6,6
19433,0,0
19434,0,0
19435,2,2
19436,0,0
19437,0,0
19438,7,7
19439,3,3
19440,1,1
19441,1,1
19442,7,7
19443,4,4
19444,6,6
19445,7,7
19446,1,1
19447,5,5
19448,1,1
19449,2,2
19450,7,7
19451,4,4
19452,1,1
19453,8,8
19454,3,3
19455,2,2
19456,7,7
19457,0,0
19458,2,2
19459,3,3
19460,7,7
19461,9,9
19462,4,4
19463,6,6
19464,4,4
19465,2,2
19466,5,5
19467,5,5
19468,9,9
19469,2,2
19470,5,5
19471,4,4
19472,7,7
19473,8,8
19474,7,7
19475,6,6
19476,2,2
19477,0,0
19478,0,0
19479,0,0
19480,3,3
19481,4,4
19482,1,1
19483,0,0
19484,0,0
19485,2,2
19486,1,1
19487,2,2
19488,5,5
19489,2,2
19490,3,3
19491,3,3
19492,3,3
19493,0,0
19494,1,1
19495,6,6
19496,4,4
19497,2,2
19498,5,5
19499,8,8
19500,7,7
19501,4,4
19502,3,3
19503,4,4
19504,3,3
19505,4,4
19506,2,2
19507,9,9
19508,6,6
19509,0,0
19510,1,1
19511,0,0
19512,5,5
19513,8,8
19514,5,5
19515,0,0
19516,1,1
19517,1,1
19518,7,7
19519,6,6
19520,5,5
19521,5,5
19522,5,5
19523,4,4
19524,1,1
19525,8,8
19526,1,1
19527,8,8
19528,1,1
19529,2,2
19530,5,5
19531,8,8
19532,4,4
19533,2,2
19534,5,5
19535,3,3
19536,2,2
19537,0,0
19538,0,0
19539,5,5
19540,8,8
19541,2,2
19542,2,2
19543,3,3
19544,1,1
19545,6,6
19546,0,0
19547,3,3
19548,7,7
19549,2,2
19550,2,2
19551,2,2
19552,1,1
19553,4,4
19554,3,3
19555,9,9
19556,9,9
19557,2,2
19558,5,5
19559,4,4
19560,8,8
19561,8,8
19562,4,4
19563,4,4
19564,5,5
19565,3,3
19566,2,2
19567,8,8
19568,6,6
19569,4,4
19570,2,2
19571,4,4
19572,8,8
19573,8,8
19574,1,1
19575,2,2
19576,0,0
19577,0,0
19578,7,7
19579,2,2
19580,0,0
19581,2,2
19582,1,1
19583,3,3
19584,7,7
19585,2,2
19586,7,7
19587,6,6
19588,3,3
19589,2,2
19590,1,1
19591,2,2
19592,8,8
19593,2,2
19594,2,2
19595,2,2
19596,5,5
19597,8,8
19598,1,1
19599,0,0
19600,7,7
19601,2,2
19602,6,6
19603,2,2
19604,3,3
19605,2,2
19606,9,9
19607,2,2
19608,5,5
19609,2,2
19610,3,3
19611,8,8
19612,3,3
19613,9,9
19614,1,1
19615,6,6
19616,0,0
19617,4,4
19618,7,7
19619,0,0
19620,1,1
19621,5,5
19622,1,1
19623,9,9
19624,4,4
19625,8,8
19626,1,1
19627,4,4
19628,2,2
19629,8,8
19630,1,1
19631,2,2
19632,4,4
19633,2,2
19634,8,8
19635,8,8
19636,8,8
19637,8,8
19638,7,7
19639,9,9
19640,1,1
19641,0,0
19642,9,9
19643,9,9
19644,0,0
19645,2,2
19646,3,3
19647,4,4
19648,1,1
19649,3,3
19650,0,0
19651,1,1
19652,1,1
19653,6,6
19654,6,6
19655,7,7
19656,1,1
19657,0,0
19658,0,0
19659,7,7
19660,7,7
19661,4,4
19662,7,7
19663,0,0
19664,3,3
19665,7,7
19666,0,0
19667,0,0
19668,0,0
19669,3,3
19670,5,5
19671,9,9
19672,5,5
19673,6,6
19674,9,9
19675,7,7
19676,7,7
19677,5,5
19678,4,4
19679,7,7
19680,9,9
19681,4,4
19682,2,2
19683,8,8
19684,4,4
19685,7,7
19686,7,7
19687,0,0
19688,9,9
19689,3,3
19690,5,5
19691,1,1
19692,0,0
19693,6,6
19694,6,6
19695,7,7
19696,0,0
19697,8,8
19698,4,4
19699,2,2
19700,5,5
19701,4,4
19702,5,5
19703,8,8
19704,0,0
19705,7,7
19706,7,7
19707,0,0
19708,7,7
19709,3,3
19710,4,4
19711,2,2
19712,4,4
19713,7,7
19714,3,3
19715,0,0
19716,2,2
19717,7,7
19718,5,5
19719,7,7
19720,7,7
19721,6,6
19722,4,4
19723,4,4
19724,1,1
19725,2,2
19726,5,5
19727,5,5
19728,0,0
19729,0,0
19730,5,5
19731,9,9
19732,3,3
19733,8,8
19734,7,7
19735,1,1
19736,7,7
19737,6,6
19738,7,7
19739,7,7
19740,8,8
19741,7,7
19742,1,1
19743,5,5
19744,7,7
19745,4,4
19746,7,7
19747,0,0
19748,5,5
19749,1,1
19750,6,6
19751,1,1
19752,7,7
19753,1,1
19754,2,2
19755,6,6
19756,0,0
19757,5,5
19758,7,7
19759,7,7
19760,3,3
19761,4,4
19762,4,4
19763,7,7
19764,6,6
19765,9,9
19766,0,0
19767,6,6
19768,1,1
19769,3,3
19770,3,3
19771,0,0
19772,3,3
19773,8,8
19774,3,3
19775,2,2
19776,1,1
19777,7,7
19778,5,5
19779,6,6
19780,8,8
19781,0,0
19782,6,6
19783,2,2
19784,6,6
19785,0,0
19786,3,3
19787,3,3
19788,4,4
19789,0,0
19790,1,1
19791,0,0
19792,7,7
19793,7,7
19794,0,0
19795,5,5
19796,2,2
19797,7,7
19798,3,3
19799,4,4
19800,0,0
19801,3,3
19802,6,6
19803,7,7
19804,1,1
19805,4,4
19806,5,5
19807,7,7
19808,1,1
19809,0,0
19810,0,0
19811,3,3
19812,1,1
19813,8,8
19814,7,7
19815,6,6
19816,9,9
19817,8,8
19818,3,3
19819,5,5
19820,7,7
19821,7,7
19822,3,3
19823,8,8
19824,7,7
19825,2,2
19826,7,7
19827,5,5
19828,0,0
19829,5,5
19830,1,1
19831,8,8
19832,5,5
19833,6,6
19834,1,1
19835,2,2
19836,7,7
19837,1,1
19838,0,0
19839,2,2
19840,0,0
19841,1,1
19842,5,5
19843,4,4
19844,5,5
19845,3,3
19846,7,7
19847,1,1
19848,4,4
19849,2,2
19850,1,1
19851,4,4
19852,7,7
19853,8,8
19854,6,6
19855,2,2
19856,3,3
19857,3,3
19858,7,7
19859,3,3
19860,0,0
19861,3,3
19862,7,7
19863,7,7
19864,2,2
19865,7,7
19866,7,7
19867,7,7
19868,4,4
19869,0,0
19870,7,7
19871,3,3
19872,3,3
19873,4,4
19874,0,0
19875,5,5
19876,6,6
19877,2,2
19878,0,0
19879,7,7
19880,9,9
19881,4,4
19882,5,5
19883,0,0
19884,1,1
19885,8,8
19886,2,2
19887,0,0
19888,7,7
19889,2,2
19890,6,6
19891,6,6
19892,2,2
19893,5,5
19894,1,1
19895,0,0
19896,9,9
19897,9,9
19898,1,1
19899,3,3
19900,3,3
19901,1,1
19902,3,3
19903,6,6
19904,5,5
19905,7,7
19906,7,7
19907,5,5
19908,2,2
19909,7,7
19910,5,5
19911,7,7
19912,8,8
19913,5,5
19914,0,0
19915,3,3
19916,4,4
19917,1,1
19918,1,1
19919,1,1
19920,2,2
19921,7,7
19922,5,5
19923,5,5
19924,7,7
19925,7,7
19926,6,6
19927,4,4
19928,0,0
19929,5,5
19930,3,3
19931,7,7
19932,5,5
19933,5,5
19934,5,5
19935,3,3
19936,5,5
19937,1,1
19938,8,8
19939,6,6
19940,1,1
19941,7,7
19942,5,5
19943,5,5
19944,7,7
19945,7,7
19946,4,4
19947,4,4
19948,0,0
19949,5,5
19950,7,7
19951,7,7
19952,5,5
19953,5,5
19954,5,5
19955,1,1
19956,1,1
19957,5,5
19958,2,2
19959,7,7
19960,4,4
19961,5,5
19962,7,7
19963,7,7
19964,4,4
19965,7,7
19966,9,9
19967,7,7
19968,9,9
19969,3,3
19970,4,4
19971,5,5
19972,5,5
19973,7,7
19974,3,3
19975,5,5
19976,7,7
19977,7,7
19978,8,8
19979,3,3
19980,7,7
19981,7,7
19982,6,6
19983,5,5
19984,4,4
19985,3,3
19986,4,4
19987,5,5
19988,7,7
19989,5,5
19990,3,3
19991,1,1
19992,5,5
19993,5,5
19994,7,7
19995,5,5
19996,7,7
19997,1,1
19998,0,0
19999,6,6
20000,7,7
20001,5,5
20002,8,8
20003,7,7
20004,8,8
20005,4,4
20006,7,7
20007,6,6
20008,5,5
20009,7,7
20010,3,3
20011,5,5
20012,3,3
20013,4,4
20014,2,2
20015,7,7
20016,9,9
20017,7,7
20018,1,1
20019,0,0
20020,7,7
20021,9,9
20022,6,6
20023,7,7
20024,7,7
20025,7,7
20026,0,0
20027,1,1
20028,6,6
20029,1,1
20030,0,0
20031,5,5
20032,8,8
20033,7,7
20034,2,2
20035,7,7
20036,1,1
20037,7,7
20038,8,8
20039,5,5
20040,5,5
20041,1,1
20042,6,6
20043,5,5
20044,0,0
20045,1,1
20046,1,1
20047,1,1
20048,9,9
20049,3,3
20050,5,5
20051,7,7
20052,9,9
20053,5,5
20054,1,1
20055,8,8
20056,5,5
20057,5,5
20058,1,1
20059,5,5
20060,3,3
20061,5,5
20062,8,8
20063,0,0
20064,1,1
20065,7,7
20066,1,1
20067,0,0
20068,2,2
20069,5,5
20070,1,1
20071,7,7
20072,5,5
20073,5,5
20074,0,0
20075,0,0
20076,4,4
20077,1,1
20078,6,6
20079,7,7
20080,7,7
20081,4,4
20082,0,0
20083,1,1
20084,0,0
20085,3,3
20086,0,0
20087,4,4
20088,2,2
20089,7,7
20090,0,0
20091,7,7
20092,7,7
20093,7,7
20094,1,1
20095,3,3
20096,7,7
20097,7,7
20098,5,5
20099,7,7
20100,8,8
20101,7,7
20102,7,7
20103,5,5
20104,4,4
20105,5,5
20106,7,7
20107,7,7
20108,1,1
20109,7,7
20110,5,5
20111,5,5
20112,8,8
20113,5,5
20114,3,3
20115,5,5
20116,7,7
20117,3,3
20118,5,5
20119,4,4
20120,7,7
20121,7,7
20122,4,4
20123,3,3
20124,5,5
20125,7,7
20126,8,8
20127,7,7
20128,3,3
20129,5,5
20130,5,5
20131,1,1
20132,1,1
20133,7,7
20134,0,0
20135,1,1
20136,4,4
20137,5,5
20138,8,8
20139,3,3
20140,7,7
20141,3,3
20142,4,4
20143,9,9
20144,0,0
20145,6,6
20146,1,1
20147,7,7
20148,5,5
20149,8,8
20150,1,1
20151,2,2
20152,4,4
20153,4,4
20154,4,4
20155,0,0
20156,4,4
20157,2,2
20158,1,1
20159,8,8
20160,6,6
20161,3,3
20162,8,8
20163,9,9
20164,0,0
20165,6,6
20166,7,7
20167,7,7
20168,4,4
20169,8,8
20170,3,3
20171,6,6
20172,0,0
20173,4,4
20174,3,3
20175,3,3
20176,0,0
20177,9,9
20178,1,1
20179,6,6
20180,5,5
20181,7,7
20182,5,5
20183,8,8
20184,0,0
20185,9,9
20186,9,9
20187,4,4
20188,0,0
20189,8,8
20190,9,9
20191,2,2
20192,7,7
20193,8,8
20194,1,1
20195,9,9
20196,8,8
20197,8,8
20198,2,2
20199,8,8
20200,7,7
20201,7,7
20202,5,5
20203,2,2
20204,4,4
20205,3,3
20206,0,0
20207,8,8
20208,5,5
20209,9,9
20210,2,2
20211,8,8
20212,1,1
20213,2,2
20214,0,0
20215,3,3
20216,0,0
20217,9,9
20218,8,8
20219,5,5
20220,4,4
20221,4,4
20222,1,1
20223,8,8
20224,6,6
20225,3,3
20226,6,6
20227,8,8
20228,0,0
20229,0,0
20230,5,5
20231,9,9
20232,1,1
20233,4,4
20234,5,5
20235,8,8
20236,8,8
20237,9,9
20238,3,3
20239,9,9
20240,6,6
20241,8,8
20242,6,6
20243,7,7
20244,3,3
20245,6,6
20246,2,2
20247,6,6
20248,5,5
20249,2,2
20250,0,0
20251,8,8
20252,1,1
20253,4,4
20254,5,5
20255,8,8
20256,3,3
20257,6,6
20258,0,0
20259,2,2
20260,0,0
20261,9,9
20262,0,0
20263,9,9
20264,8,8
20265,5,5
20266,7,7
20267,8,8
20268,4,4
20269,2,2
20270,5,5
20271,2,2
20272,4,4
20273,5,5
20274,1,1
20275,9,9
20276,5,5
20277,8,8
20278,7,7
20279,9,9
20280,8,8
20281,9,9
20282,5,5
20283,3,3
20284,1,1
20285,7,7
20286,2,2
20287,5,5
20288,1,1
20289,6,6
20290,5,5
20291,4,4
20292,2,2
20293,5,5
20294,5,5
20295,0,0
20296,0,0
20297,8,8
20298,1,1
20299,6,6
20300,2,2
20301,0,0
20302,1,1
20303,8,8
20304,1,1
20305,6,6
20306,7,7
20307,0,0
20308,8,8
20309,6,6
20310,0,0
20311,8,8
20312,5,5
20313,6,6
20314,7,7
20315,9,9
20316,0,0
20317,4,4
20318,0,0
20319,9,9
20320,4,4
20321,3,3
20322,0,0
20323,4,4
20324,4,4
20325,9,9
20326,7,7
20327,9,9
20328,5,5
20329,2,2
20330,0,0
20331,9,9
20332,1,1
20333,8,8
20334,3,3
20335,8,8
20336,7,7
20337,9,9
20338,0,0
20339,9,9
20340,1,1
20341,8,8
20342,7,7
20343,4,4
20344,7,7
20345,8,8
20346,8,8
20347,2,2
20348,9,9
20349,3,3
20350,1,1
20351,3,3
20352,1,1
20353,4,4
20354,9,9
20355,2,2
20356,7,7
20357,3,3
20358,5,5
20359,2,2
20360,5,5
20361,9,9
20362,7,7
20363,9,9
20364,2,2
20365,9,9
20366,0,0
20367,4,4
20368,8,8
20369,3,3
20370,0,0
20371,3,3
20372,7,7
20373,1,1
20374,7,7
20375,6,6
20376,0,0
20377,2,2
20378,1,1
20379,8,8
20380,8,8
20381,9,9
20382,9,9
20383,4,4
20384,1,1
20385,8,8
20386,0,0
20387,2,2
20388,5,5
20389,8,8
20390,2,2
20391,3,3
20392,2,2
20393,9,9
20394,9,9
20395,6,6
20396,8,8
20397,7,7
20398,0,0
20399,8,8
20400,7,7
20401,4,4
20402,5,5
20403,8,8
20404,0,0
20405,2,2
20406,0,0
20407,3,3
20408,7,7
20409,9,9
20410,0,0
20411,6,6
20412,7,7
20413,7,7
20414,6,6
20415,8,8
20416,4,4
20417,8,8
20418,3,3
20419,2,2
20420,3,3
20421,8,8
20422,8,8
20423,6,6
20424,6,6
20425,8,8
20426,7,7
20427,9,9
20428,2,2
20429,8,8
20430,7,7
20431,4,4
20432,6,6
20433,4,4
20434,0,0
20435,8,8
20436,6,6
20437,2,2
20438,1,1
20439,7,7
20440,6,6
20441,6,6
20442,6,6
20443,9,9
20444,1,1
20445,0,0
20446,5,5
20447,8,8
20448,7,7
20449,9,9
20450,8,8
20451,2,2
20452,8,8
20453,9,9
20454,6,6
20455,8,8
20456,1,1
20457,8,8
20458,7,7
20459,9,9
20460,8,8
20461,9,9
20462,0,0
20463,2,2
20464,5,5
20465,9,9
20466,0,0
20467,9,9
20468,8,8
20469,4,4
20470,9,9
20471,2,2
20472,2,2
20473,6,6
20474,1,1
20475,9,9
20476,7,7
20477,8,8
20478,7,7
20479,9,9
20480,4,4
20481,3,3
20482,8,8
20483,3,3
20484,5,5
20485,6,6
20486,6,6
20487,3,3
20488,7,7
20489,4,4
20490,0,0
20491,2,2
20492,7,7
20493,6,6
20494,4,4
20495,0,0
20496,0,0
20497,6,6
20498,0,0
20499,7,7
20500,6,6
20501,8,8
20502,1,1
20503,4,4
20504,5,5
20505,0,0
20506,9,9
20507,2,2
20508,1,1
20509,8,8
20510,3,3
20511,2,2
20512,4,4
20513,8,8
20514,6,6
20515,6,6
20516,2,2
20517,6,6
20518,5,5
20519,8,8
20520,6,6
20521,2,2
20522,6,6
20523,4,4
20524,7,7
20525,8,8
20526,6,6
20527,8,8
20528,7,7
20529,9,9
20530,7,7
20531,3,3
20532,9,9
20533,3,3
20534,9,9
20535,2,2
20536,1,1
20537,2,2
20538,9,9
20539,2,2
20540,7,7
20541,4,4
20542,6,6
20543,4,4
20544,2,2
20545,2,2
20546,5,5
20547,4,4
20548,7,7
20549,8,8
20550,7,7
20551,2,2
20552,0,0
20553,2,2
20554,5,5
20555,4,4
20556,1,1
20557,8,8
20558,8,8
20559,2,2
20560,7,7
20561,7,7
20562,5,5
20563,9,9
20564,8,8
20565,2,2
20566,8,8
20567,8,8
20568,6,6
20569,4,4
20570,2,2
20571,8,8
20572,5,5
20573,8,8
20574,5,5
20575,2,2
20576,0,0
20577,2,2
20578,2,2
20579,8,8
20580,7,7
20581,6,6
20582,0,0
20583,8,8
20584,3,3
20585,8,8
20586,7,7
20587,2,2
20588,0,0
20589,9,9
20590,7,7
20591,3,3
20592,2,2
20593,1,1
20594,5,5
20595,6,6
20596,4,4
20597,7,7
20598,7,7
20599,8,8
20600,8,8
20601,9,9
20602,3,3
20603,4,4
20604,9,9
20605,8,8
20606,9,9
20607,2,2
20608,3,3
20609,3,3
20610,7,7
20611,9,9
20612,6,6
20613,6,6
20614,6,6
20615,7,7
20616,7,7
20617,0,0
20618,5,5
20619,8,8
20620,5,5
20621,2,2
20622,3,3
20623,8,8
20624,6,6
20625,3,3
20626,7,7
20627,9,9
20628,2,2
20629,6,6
20630,0,0
20631,7,7
20632,3,3
20633,5,5
20634,0,0
20635,2,2
20636,5,5
20637,4,4
20638,0,0
20639,2,2
20640,7,7
20641,2,2
20642,4,4
20643,9,9
20644,0,0
20645,3,3
20646,5,5
20647,4,4
20648,7,7
20649,7,7
20650,4,4
20651,0,0
20652,0,0
20653,0,0
20654,1,1
20655,6,6
20656,4,4
20657,2,2
20658,3,3
20659,9,9
20660,8,8
20661,3,3
20662,3,3
20663,4,4
20664,7,7
20665,5,5
20666,2,2
20667,8,8
20668,2,2
20669,8,8
20670,9,9
20671,6,6
20672,6,6
20673,7,7
20674,9,9
20675,7,7
20676,0,0
20677,8,8
20678,1,1
20679,6,6
20680,0,0
20681,3,3
20682,4,4
20683,8,8
20684,8,8
20685,7,7
20686,1,1
20687,7,7
20688,2,2
20689,8,8
20690,7,7
20691,9,9
20692,5,5
20693,2,2
20694,0,0
20695,6,6
20696,0,0
20697,7,7
20698,5,5
20699,9,9
20700,5,5
20701,4,4
20702,8,8
20703,9,9
20704,1,1
20705,7,7
20706,1,1
20707,8,8
20708,1,1
20709,2,2
20710,1,1
20711,8,8
20712,7,7
20713,3,3
20714,5,5
20715,6,6
20716,2,2
20717,8,8
20718,2,2
20719,4,4
20720,9,9
20721,6,6
20722,9,9
20723,8,8
20724,3,3
20725,2,2
20726,5,5
20727,3,3
20728,1,1
20729,8,8
20730,5,5
20731,3,3
20732,2,2
20733,1,1
20734,5,5
20735,3,3
20736,4,4
20737,7,7
20738,7,7
20739,6,6
20740,0,0
20741,8,8
20742,6,6
20743,2,2
20744,4,4
20745,1,1
20746,9,9
20747,3,3
20748,6,6
20749,9,9
20750,1,1
20751,2,2
20752,7,7
20753,2,2
20754,8,8
20755,9,9
20756,5,5
20757,4,4
20758,9,9
20759,8,8
20760,1,1
20761,6,6
20762,3,3
20763,8,8
20764,4,4
20765,8,8
20766,0,0
20767,8,8
20768,0,0
20769,2,2
20770,6,6
20771,2,2
20772,1,1
20773,9,9
20774,2,2
20775,1,1
20776,5,5
20777,2,2
20778,0,0
20779,6,6
20780,7,7
20781,9,9
20782,5,5
20783,6,6
20784,3,3
20785,2,2
20786,6,6
20787,9,9
20788,0,0
20789,8,8
20790,4,4
20791,2,2
20792,3,3
20793,2,2
20794,0,0
20795,8,8
20796,4,4
20797,7,7
20798,1,1
20799,9,9
20800,7,7
20801,2,2
20802,1,1
20803,9,9
20804,2,2
20805,7,7
20806,1,1
20807,2,2
20808,4,4
20809,5,5
20810,1,1
20811,0,0
20812,2,2
20813,0,0
20814,2,2
20815,8,8
20816,3,3
20817,1,1
20818,5,5
20819,2,2
20820,3,3
20821,4,4
20822,4,4
20823,2,2
20824,1,1
20825,8,8
20826,5,5
20827,3,3
20828,1,1
20829,9,9
20830,5,5
20831,6,6
20832,5,5
20833,2,2
20834,8,8
20835,9,9
20836,5,5
20837,9,9
20838,1,1
20839,4,4
20840,3,3
20841,8,8
20842,7,7
20843,3,3
20844,7,7
20845,9,9
20846,3,3
20847,6,6
20848,9,9
20849,6,6
20850,6,6
20851,8,8
20852,1,1
20853,9,9
20854,7,7
20855,9,9
20856,8,8
20857,8,8
20858,0,0
20859,9,9
20860,7,7
20861,8,8
20862,9,9
20863,3,3
20864,8,8
20865,9,9
20866,8,8
20867,6,6
20868,7,7
20869,6,6
20870,1,1
20871,8,8
20872,7,7
20873,2,2
20874,6,6
20875,9,9
20876,7,7
20877,3,3
20878,2,2
20879,8,8
20880,2,2
20881,9,9
20882,1,1
20883,8,8
20884,9,9
20885,2,2
20886,3,3
20887,9,9
20888,1,1
20889,2,2
20890,7,7
20891,4,4
20892,2,2
20893,8,8
20894,5,5
20895,3,3
20896,4,4
20897,9,9
20898,1,1
20899,9,9
20900,0,0
20901,8,8
20902,7,7
20903,2,2
20904,2,2
20905,9,9
20906,2,2
20907,9,9
20908,5,5
20909,8,8
20910,1,1
20911,3,3
20912,9,9
20913,9,9
20914,2,2
20915,8,8
20916,2,2
20917,6,6
20918,0,0
20919,2,2
20920,5,5
20921,8,8
20922,7,7
20923,2,2
20924,5,5
20925,8,8
20926,1,1
20927,4,4
20928,3,3
20929,3,3
20930,1,1
20931,4,4
20932,5,5
20933,9,9
20934,3,3
20935,2,2
20936,3,3
20937,6,6
20938,7,7
20939,6,6
20940,4,4
20941,6,6
20942,7,7
20943,8,8
20944,7,7
20945,9,9
20946,7,7
20947,2,2
20948,4,4
20949,4,4
20950,0,0
20951,9,9
20952,7,7
20953,3,3
20954,7,7
20955,3,3
20956,5,5
20957,4,4
20958,3,3
20959,5,5
20960,6,6
20961,9,9
20962,0,0
20963,9,9
20964,0,0
20965,2,2
20966,7,7
20967,5,5
20968,7,7
20969,8,8
20970,6,6
20971,8,8
20972,0,0
20973,9,9
20974,9,9
20975,9,9
20976,0,0
20977,8,8
20978,4,4
20979,3,3
20980,0,0
20981,6,6
20982,5,5
20983,3,3
20984,4,4
20985,2,2
20986,7,7
20987,9,9
20988,1,1
20989,6,6
20990,1,1
20991,8,8
20992,1,1
20993,6,6
20994,2,2
20995,9,9
20996,0,0
20997,0,0
20998,1,1
20999,8,8
21000,0,0
21001,2,2
21002,1,1
21003,4,4
21004,4,4
21005,2,2
21006,6,6
21007,2,2
21008,4,4
21009,6,6
21010,1,1
21011,9,9
21012,7,7
21013,9,9
21014,7,7
21015,8,8
21016,7,7
21017,9,9
21018,7,7
21019,9,9
21020,0,0
21021,8,8
21022,5,5
21023,5,5
21024,2,2
21025,4,4
21026,7,7
21027,2,2
21028,3,3
21029,3,3
21030,4,4
21031,1,1
21032,0,0
21033,6,6
21034,7,7
21035,7,7
21036,4,4
21037,1,1
21038,7,7
21039,2,2
21040,3,3
21041,4,4
21042,6,6
21043,0,0
21044,9,9
21045,0,0
21046,1,1
21047,0,0
21048,1,1
21049,3,3
21050,0,0
21051,1,1
21052,1,1
21053,6,6
21054,1,1
21055,2,2
21056,7,7
21057,0,0
21058,7,7
21059,2,2
21060,1,1
21061,4,4
21062,8,8
21063,0,0
21064,5,5
21065,2,2
21066,2,2
21067,0,0
21068,1,1
21069,3,3
21070,9,9
21071,9,9
21072,5,5
21073,6,6
21074,5,5
21075,7,7
21076,5,5
21077,9,9
21078,3,3
21079,2,2
21080,1,1
21081,4,4
21082,3,3
21083,0,0
21084,5,5
21085,2,2
21086,0,0
21087,0,0
21088,9,9
21089,2,2
21090,1,1
21091,0,0
21092,7,7
21093,2,2
21094,9,9
21095,0,0
21096,5,5
21097,3,3
21098,7,7
21099,7,7
21100,2,2
21101,1,1
21102,7,7
21103,5,5
21104,0,0
21105,2,2
21106,2,2
21107,0,0
21108,0,0
21109,1,1
21110,1,1
21111,8,8
21112,0,0
21113,4,4
21114,7,7
21115,9,9
21116,2,2
21117,4,4
21118,2,2
21119,0,0
21120,7,7
21121,6,6
21122,4,4
21123,8,8
21124,0,0
21125,2,2
21126,5,5
21127,1,1
21128,1,1
21129,7,7
21130,0,0
21131,8,8
21132,3,3
21133,8,8
21134,6,6
21135,6,6
21136,9,9
21137,3,3
21138,5,5
21139,2,2
21140,5,5
21141,3,3
21142,3,3
21143,1,1
21144,7,7
21145,0,0
21146,2,2
21147,6,6
21148,8,8
21149,7,7
21150,7,7
21151,6,6
21152,5,5
21153,2,2
21154,7,7
21155,4,4
21156,7,7
21157,2,2
21158,1,1
21159,0,0
21160,0,0
21161,2,2
21162,5,5
21163,0,0
21164,2,2
21165,0,0
21166,9,9
21167,0,0
21168,9,9
21169,8,8
21170,7,7
21171,9,9
21172,0,0
21173,1,1
21174,5,5
21175,8,8
21176,2,2
21177,2,2
21178,1,1
21179,7,7
21180,4,4
21181,8,8
21182,0,0
21183,2,2
21184,2,2
21185,4,4
21186,5,5
21187,7,7
21188,2,2
21189,4,4
21190,7,7
21191,3,3
21192,5,5
21193,0,0
21194,6,6
21195,4,4
21196,1,1
21197,6,6
21198,8,8
21199,3,3
21200,1,1
21201,9,9
21202,1,1
21203,3,3
21204,2,2
21205,4,4
21206,0,0
21207,6,6
21208,7,7
21209,7,7
21210,2,2
21211,2,2
21212,2,2
21213,0,0
21214,5,5
21215,3,3
21216,3,3
21217,8,8
21218,0,0
21219,5,5
21220,1,1
21221,7,7
21222,8,8
21223,9,9
21224,5,5
21225,2,2
21226,4,4
21227,2,2
21228,7,7
21229,6,6
21230,9,9
21231,8,8
21232,0,0
21233,2,2
21234,4,4
21235,0,0
21236,8,8
21237,4,4
21238,7,7
21239,4,4
21240,8,8
21241,4,4
21242,3,3
21243,0,0
21244,2,2
21245,0,0
21246,5,5
21247,9,9
21248,1,1
21249,2,2
21250,7,7
21251,6,6
21252,2,2
21253,1,1
21254,3,3
21255,6,6
21256,4,4
21257,4,4
21258,0,0
21259,7,7
21260,3,3
21261,7,7
21262,9,9
21263,0,0
21264,7,7
21265,0,0
21266,3,3
21267,0,0
21268,4,4
21269,0,0
21270,5,5
21271,3,3
21272,1,1
21273,3,3
21274,6,6
21275,2,2
21276,0,0
21277,0,0
21278,1,1
21279,3,3
21280,2,2
21281,1,1
21282,2,2
21283,6,6
21284,7,7
21285,7,7
21286,1,1
21287,5,5
21288,1,1
21289,3,3
21290,4,4
21291,4,4
21292,1,1
21293,0,0
21294,4,4
21295,3,3
21296,5,5
21297,8,8
21298,4,4
21299,3,3
21300,0,0
21301,1,1
21302,1,1
21303,6,6
21304,5,5
21305,7,7
21306,1,1
21307,5,5
21308,2,2
21309,7,7
21310,7,7
21311,4,4
21312,2,2
21313,0,0
21314,3,3
21315,3,3
21316,4,4
21317,8,8
21318,0,0
21319,3,3
21320,7,7
21321,1,1
21322,0,0
21323,7,7
21324,6,6
21325,7,7
21326,0,0
21327,0,0
21328,7,7
21329,3,3
21330,6,6
21331,4,4
21332,4,4
21333,5,5
21334,1,1
21335,5,5
21336,0,0
21337,4,4
21338,5,5
21339,5,5
21340,0,0
21341,7,7
21342,9,9
21343,3,3
21344,8,8
21345,4,4
21346,0,0
21347,4,4
21348,1,1
21349,4,4
21350,3,3
21351,8,8
21352,8,8
21353,3,3
21354,3,3
21355,3,3
21356,8,8
21357,1,1
21358,3,3
21359,7,7
21360,7,7
21361,8,8
21362,1,1
21363,5,5
21364,1,1
21365,7,7
21366,6,6
21367,8,8
21368,4,4
21369,8,8
21370,7,7
21371,7,7
21372,3,3
21373,4,4
21374,0,0
21375,7,7
21376,1,1
21377,8,8
21378,0,0
21379,1,1
21380,3,3
21381,7,7
21382,6,6
21383,7,7
21384,7,7
21385,7,7
21386,0,0
21387,8,8
21388,5,5
21389,7,7
21390,7,7
21391,1,1
21392,4,4
21393,0,0
21394,9,9
21395,3,3
21396,0,0
21397,7,7
21398,1,1
21399,7,7
21400,0,0
21401,1,1
21402,1,1
21403,3,3
21404,4,4
21405,8,8
21406,2,2
21407,4,4
21408,1,1
21409,1,1
21410,4,4
21411,4,4
21412,8,8
21413,3,3
21414,1,1
21415,6,6
21416,7,7
21417,5,5
21418,4,4
21419,4,4
21420,4,4
21421,3,3
21422,5,5
21423,0,0
21424,9,9
21425,6,6
21426,3,3
21427,1,1
21428,7,7
21429,8,8
21430,0,0
21431,5,5
21432,0,0
21433,7,7
21434,4,4
21435,6,6
21436,4,4
21437,8,8
21438,9,9
21439,7,7
21440,7,7
21441,6,6
21442,0,0
21443,6,6
21444,9,9
21445,2,2
21446,1,1
21447,7,7
21448,9,9
21449,8,8
21450,6,6
21451,6,6
21452,5,5
21453,6,6
21454,7,7
21455,7,7
21456,8,8
21457,7,7
21458,7,7
21459,8,8
21460,1,1
21461,4,4
21462,8,8
21463,8,8
21464,8,8
21465,1,1
21466,1,1
21467,3,3
21468,1,1
21469,3,3
21470,9,9
21471,8,8
21472,5,5
21473,4,4
21474,1,1
21475,7,7
21476,1,1
21477,1,1
21478,8,8
21479,1,1
21480,5,5
21481,7,7
21482,0,0
21483,8,8
21484,0,0
21485,4,4
21486,2,2
21487,7,7
21488,4,4
21489,7,7
21490,0,0
21491,5,5
21492,1,1
21493,6,6
21494,7,7
21495,8,8
21496,7,7
21497,3,3
21498,1,1
21499,0,0
21500,0,0
21501,0,0
21502,9,9
21503,5,5
21504,6,6
21505,7,7
21506,3,3
21507,7,7
21508,3,3
21509,0,0
21510,0,0
21511,7,7
21512,2,2
21513,3,3
21514,0,0
21515,7,7
21516,0,0
21517,4,4
21518,8,8
21519,7,7
21520,2,2
21521,3,3
21522,6,6
21523,3,3
21524,7,7
21525,7,7
21526,3,3
21527,8,8
21528,2,2
21529,7,7
21530,2,2
21531,7,7
21532,7,7
21533,3,3
21534,3,3
21535,1,1
21536,6,6
21537,9,9
21538,4,4
21539,7,7
21540,5,5
21541,8,8
21542,3,3
21543,2,2
21544,7,7
21545,4,4
21546,3,3
21547,8,8
21548,7,7
21549,2,2
21550,7,7
21551,8,8
21552,1,1
21553,3,3
21554,9,9
21555,9,9
21556,2,2
21557,6,6
21558,7,7
21559,7,7
21560,3,3
21561,8,8
21562,0,0
21563,2,2
21564,4,4
21565,4,4
21566,3,3
21567,8,8
21568,1,1
21569,9,9
21570,7,7
21571,8,8
21572,9,9
21573,3,3
21574,1,1
21575,9,9
21576,2,2
21577,6,6
21578,2,2
21579,2,2
21580,7,7
21581,8,8
21582,7,7
21583,2,2
21584,7,7
21585,4,4
21586,3,3
21587,8,8
21588,0,0
21589,9,9
21590,0,0
21591,8,8
21592,0,0
21593,2,2
21594,1,1
21595,0,0
21596,7,7
21597,6,6
21598,0,0
21599,4,4
21600,3,3
21601,9,9
21602,2,2
21603,8,8
21604,7,7
21605,4,4
21606,0,0
21607,7,7
21608,3,3
21609,2,2
21610,7,7
21611,8,8
21612,3,3
21613,9,9
21614,3,3
21615,6,6
21616,5,5
21617,4,4
21618,1,1
21619,8,8
21620,3,3
21621,8,8
21622,7,7
21623,6,6
21624,8,8
21625,7,7
21626,7,7
21627,8,8
21628,3,3
21629,2,2
21630,6,6
21631,8,8
21632,2,2
21633,6,6
21634,9,9
21635,3,3
21636,4,4
21637,7,7
21638,9,9
21639,8,8
21640,4,4
21641,8,8
21642,1,1
21643,7,7
21644,5,5
21645,8,8
21646,5,5
21647,7,7
21648,5,5
21649,2,2
21650,5,5
21651,8,8
21652,1,1
21653,8,8
21654,7,7
21655,8,8
21656,7,7
21657,8,8
21658,4,4
21659,2,2
21660,1,1
21661,2,2
21662,0,0
21663,9,9
21664,5,5
21665,6,6
21666,8,8
21667,4,4
21668,7,7
21669,8,8
21670,9,9
21671,2,2
21672,8,8
21673,1,1
21674,6,6
21675,4,4
21676,1,1
21677,7,7
21678,7,7
21679,8,8
21680,1,1
21681,3,3
21682,1,1
21683,6,6
21684,1,1
21685,7,7
21686,5,5
21687,1,1
21688,2,2
21689,7,7
21690,7,7
21691,6,6
21692,7,7
21693,8,8
21694,7,7
21695,2,2
21696,4,4
21697,9,9
21698,9,9
21699,9,9
21700,5,5
21701,8,8
21702,1,1
21703,3,3
21704,5,5
21705,2,2
21706,5,5
21707,0,0
21708,7,7
21709,9,9
21710,0,0
21711,2,2
21712,4,4
21713,6,6
21714,0,0
21715,1,1
21716,1,1
21717,7,7
21718,0,0
21719,8,8
21720,7,7
21721,3,3
21722,7,7
21723,8,8
21724,0,0
21725,8,8
21726,7,7
21727,6,6
21728,3,3
21729,8,8
21730,7,7
21731,8,8
21732,0,0
21733,9,9
21734,7,7
21735,3,3
21736,3,3
21737,9,9
21738,5,5
21739,2,2
21740,1,1
21741,9,9
21742,7,7
21743,8,8
21744,1,1
21745,9,9
21746,5,5
21747,3,3
21748,0,0
21749,2,2
21750,7,7
21751,9,9
21752,4,4
21753,4,4
21754,4,4
21755,4,4
21756,8,8
21757,8,8
21758,5,5
21759,3,3
21760,6,6
21761,9,9
21762,4,4
21763,4,4
21764,4,4
21765,9,9
21766,2,2
21767,9,9
21768,3,3
21769,3,3
21770,5,5
21771,1,1
21772,5,5
21773,6,6
21774,0,0
21775,7,7
21776,5,5
21777,0,0
21778,2,2
21779,7,7
21780,3,3
21781,4,4
21782,2,2
21783,0,0
21784,6,6
21785,2,2
21786,8,8
21787,0,0
21788,6,6
21789,3,3
21790,0,0
21791,1,1
21792,5,5
21793,6,6
21794,1,1
21795,7,7
21796,6,6
21797,5,5
21798,6,6
21799,7,7
21800,3,3
21801,4,4
21802,9,9
21803,0,0
21804,7,7
21805,7,7
21806,2,2
21807,0,0
21808,4,4
21809,3,3
21810,9,9
21811,1,1
21812,7,7
21813,6,6
21814,5,5
21815,7,7
21816,8,8
21817,5,5
21818,9,9
21819,7,7
21820,2,2
21821,4,4
21822,5,5
21823,0,0
21824,0,0
21825,2,2
21826,7,7
21827,0,0
21828,8,8
21829,1,1
21830,5,5
21831,7,7
21832,4,4
21833,7,7
21834,8,8
21835,0,0
21836,7,7
21837,0,0
21838,4,4
21839,9,9
21840,5,5
21841,0,0
21842,8,8
21843,0,0
21844,2,2
21845,6,6
21846,5,5
21847,1,1
21848,5,5
21849,0,0
21850,7,7
21851,7,7
21852,7,7
21853,7,7
21854,4,4
21855,2,2
21856,4,4
21857,6,6
21858,5,5
21859,0,0
21860,4,4
21861,7,7
21862,5,5
21863,2,2
21864,7,7
21865,2,2
21866,1,1
21867,0,0
21868,1,1
21869,0,0
21870,0,0
21871,8,8
21872,5,5
21873,2,2
21874,3,3
21875,5,5
21876,0,0
21877,7,7
21878,9,9
21879,0,0
21880,5,5
21881,6,6
21882,0,0
21883,7,7
21884,1,1
21885,8,8
21886,0,0
21887,5,5
21888,5,5
21889,1,1
21890,3,3
21891,6,6
21892,5,5
21893,7,7
21894,9,9
21895,2,2
21896,7,7
21897,0,0
21898,3,3
21899,1,1
21900,4,4
21901,4,4
21902,5,5
21903,3,3
21904,8,8
21905,1,1
21906,5,5
21907,3,3
21908,1,1
21909,3,3
21910,3,3
21911,6,6
21912,4,4
21913,7,7
21914,7,7
21915,0,0
21916,5,5
21917,6,6
21918,4,4
21919,7,7
21920,4,4
21921,1,1
21922,0,0
21923,1,1
21924,8,8
21925,7,7
21926,7,7
21927,2,2
21928,1,1
21929,4,4
21930,7,7
21931,5,5
21932,4,4
21933,3,3
21934,4,4
21935,5,5
21936,0,0
21937,0,0
21938,7,7
21939,7,7
21940,0,0
21941,4,4
21942,1,1
21943,2,2
21944,1,1
21945,3,3
21946,7,7
21947,2,2
21948,7,7
21949,0,0
21950,1,1
21951,5,5
21952,7,7
21953,3,3
21954,3,3
21955,4,4
21956,3,3
21957,0,0
21958,9,9
21959,6,6
21960,3,3
21961,4,4
21962,2,2
21963,7,7
21964,1,1
21965,2,2
21966,7,7
21967,4,4
21968,4,4
21969,5,5
21970,2,2
21971,3,3
21972,1,1
21973,0,0
21974,7,7
21975,3,3
21976,2,2
21977,4,4
21978,1,1
21979,9,9
21980,7,7
21981,0,0
21982,0,0
21983,4,4
21984,1,1
21985,3,3
21986,7,7
21987,0,0
21988,8,8
21989,2,2
21990,2,2
21991,1,1
21992,5,5
21993,7,7
21994,0,0
21995,4,4
21996,2,2
21997,0,0
21998,7,7
21999,0,0
22000,1,1
22001,2,2
22002,6,6
22003,7,7
22004,1,1
22005,0,0
22006,4,4
22007,8,8
22008,3,3
22009,4,4
22010,6,6
22011,7,7
22012,0,0
22013,3,3
22014,7,7
22015,7,7
22016,0,0
22017,4,4
22018,0,0
22019,6,6
22020,7,7
22021,4,4
22022,0,0
22023,3,3
22024,7,7
22025,1,1
22026,6,6
22027,6,6
22028,0,0
22029,7,7
22030,7,7
22031,5,5
22032,7,7
22033,7,7
22034,5,5
22035,5,5
22036,6,6
22037,5,5
22038,2,2
22039,7,7
22040,3,3
22041,5,5
22042,0,0
22043,3,3
22044,6,6
22045,1,1
22046,3,3
22047,6,6
22048,3,3
22049,7,7
22050,1,1
22051,5,5
22052,9,9
22053,7,7
22054,2,2
22055,5,5
22056,6,6
22057,5,5
22058,7,7
22059,7,7
22060,2,2
22061,5,5
22062,4,4
22063,3,3
22064,5,5
22065,1,1
22066,1,1
22067,6,6
22068,4,4
22069,7,7
22070,7,7
22071,5,5
22072,0,0
22073,7,7
22074,1,1
22075,5,5
22076,6,6
22077,0,0
22078,0,0
22079,7,7
22080,0,0
22081,5,5
22082,5,5
22083,7,7
22084,4,4
22085,5,5
22086,5,5
22087,1,1
22088,0,0
22089,7,7
22090,0,0
22091,6,6
22092,7,7
22093,1,1
22094,8,8
22095,1,1
22096,0,0
22097,5,5
22098,5,5
22099,7,7
22100,6,6
22101,7,7
22102,0,0
22103,7,7
22104,0,0
22105,5,5
22106,1,1
22107,4,4
22108,0,0
22109,5,5
22110,5,5
22111,3,3
22112,6,6
22113,7,7
22114,7,7
22115,6,6
22116,0,0
22117,5,5
22118,2,2
22119,7,7
22120,1,1
22121,5,5
22122,7,7
22123,7,7
22124,8,8
22125,5,5
22126,2,2
22127,5,5
22128,4,4
22129,5,5
22130,0,0
22131,5,5
22132,6,6
22133,7,7
22134,0,0
22135,1,1
22136,4,4
22137,1,1
22138,5,5
22139,3,3
22140,0,0
22141,7,7
22142,4,4
22143,3,3
22144,3,3
22145,5,5
22146,6,6
22147,7,7
22148,5,5
22149,7,7
22150,2,2
22151,7,7
22152,3,3
22153,1,1
22154,7,7
22155,7,7
22156,2,2
22157,5,5
22158,1,1
22159,3,3
22160,5,5
22161,5,5
22162,7,7
22163,7,7
22164,9,9
22165,5,5
22166,7,7
22167,5,5
22168,1,1
22169,7,7
22170,1,1
22171,5,5
22172,1,1
22173,1,1
22174,0,0
22175,7,7
22176,0,0
22177,7,7
22178,5,5
22179,1,1
22180,5,5
22181,0,0
22182,1,1
22183,5,5
22184,6,6
22185,7,7
22186,2,2
22187,6,6
22188,6,6
22189,5,5
22190,4,4
22191,5,5
22192,1,1
22193,7,7
22194,7,7
22195,5,5
22196,3,3
22197,5,5
22198,9,9
22199,7,7
22200,5,5
22201,7,7
22202,3,3
22203,6,6
22204,7,7
22205,7,7
22206,7,7
22207,1,1
22208,3,3
22209,3,3
22210,7,7
22211,7,7
22212,9,9
22213,3,3
22214,1,1
22215,5,5
22216,5,5
22217,7,7
22218,7,7
22219,7,7
22220,0,0
22221,4,4
22222,1,1
22223,5,5
22224,3,3
22225,3,3
22226,6,6
22227,9,9
22228,0,0
22229,1,1
22230,5,5
22231,7,7
22232,7,7
22233,0,0
22234,7,7
22235,2,2
22236,6,6
22237,4,4
22238,7,7
22239,8,8
22240,2,2
22241,0,0
22242,0,0
22243,1,1
22244,1,1
22245,3,3
22246,0,0
22247,9,9
22248,9,9
22249,5,5
22250,0,0
22251,7,7
22252,6,6
22253,8,8
22254,3,3
22255,2,2
22256,0,0
22257,4,4
22258,4,4
22259,8,8
22260,4,4
22261,2,2
22262,5,5
22263,8,8
22264,7,7
22265,3,3
22266,2,2
22267,9,9
22268,2,2
22269,5,5
22270,0,0
22271,2,2
22272,5,5
22273,8,8
22274,2,2
22275,9,9
22276,5,5
22277,4,4
22278,9,9
22279,8,8
22280,7,7
22281,2,2
22282,4,4
22283,9,9
22284,1,1
22285,8,8
22286,2,2
22287,8,8
22288,3,3
22289,2,2
22290,2,2
22291,4,4
22292,7,7
22293,2,2
22294,3,3
22295,0,0
22296,0,0
22297,3,3
22298,4,4
22299,8,8
22300,8,8
22301,8,8
22302,2,2
22303,9,9
22304,7,7
22305,8,8
22306,3,3
22307,7,7
22308,7,7
22309,0,0
22310,5,5
22311,0,0
22312,0,0
22313,8,8
22314,8,8
22315,2,2
22316,9,9
22317,3,3
22318,7,7
22319,8,8
22320,9,9
22321,0,0
22322,7,7
22323,4,4
22324,2,2
22325,9,9
22326,8,8
22327,0,0
22328,1,1
22329,2,2
22330,1,1
22331,8,8
22332,0,0
22333,4,4
22334,0,0
22335,6,6
22336,5,5
22337,3,3
22338,0,0
22339,4,4
22340,5,5
22341,6,6
22342,8,8
22343,1,1
22344,3,3
22345,9,9
22346,8,8
22347,9,9
22348,0,0
22349,9,9
22350,0,0
22351,8,8
22352,3,3
22353,4,4
22354,7,7
22355,8,8
22356,6,6
22357,6,6
22358,1,1
22359,8,8
22360,4,4
22361,0,0
22362,5,5
22363,2,2
22364,3,3
22365,2,2
22366,7,7
22367,8,8
22368,6,6
22369,6,6
22370,1,1
22371,8,8
22372,0,0
22373,3,3
22374,7,7
22375,3,3
22376,1,1
22377,8,8
22378,3,3
22379,2,2
22380,2,2
22381,8,8
22382,2,2
22383,4,4
22384,4,4
22385,4,4
22386,6,6
22387,4,4
22388,5,5
22389,2,2
22390,5,5
22391,6,6
22392,8,8
22393,2,2
22394,5,5
22395,6,6
22396,7,7
22397,6,6
22398,1,1
22399,8,8
22400,8,8
22401,8,8
22402,5,5
22403,8,8
22404,0,0
22405,3,3
22406,0,0
22407,6,6
22408,7,7
22409,8,8
22410,1,1
22411,6,6
22412,1,1
22413,2,2
22414,9,9
22415,2,2
22416,0,0
22417,7,7
22418,1,1
22419,9,9
22420,8,8
22421,2,2
22422,4,4
22423,9,9
22424,4,4
22425,4,4
22426,7,7
22427,9,9
22428,2,2
22429,3,3
22430,3,3
22431,9,9
22432,4,4
22433,8,8
22434,8,8
22435,9,9
22436,3,3
22437,8,8
22438,0,0
22439,2,2
22440,3,3
22441,3,3
22442,5,5
22443,7,7
22444,3,3
22445,3,3
22446,6,6
22447,8,8
22448,4,4
22449,4,4
22450,8,8
22451,7,7
22452,1,1
22453,2,2
22454,8,8
22455,9,9
22456,5,5
22457,6,6
22458,1,1
22459,2,2
22460,7,7
22461,8,8
22462,1,1
22463,9,9
22464,9,9
22465,2,2
22466,1,1
22467,8,8
22468,7,7
22469,2,2
22470,7,7
22471,8,8
22472,0,0
22473,3,3
22474,1,1
22475,9,9
22476,9,9
22477,2,2
22478,1,1
22479,8,8
22480,5,5
22481,9,9
22482,5,5
22483,2,2
22484,7,7
22485,8,8
22486,6,6
22487,3,3
22488,1,1
22489,9,9
22490,1,1
22491,2,2
22492,1,1
22493,2,2
22494,1,1
22495,9,9
22496,7,7
22497,9,9
22498,5,5
22499,2,2
22500,6,6
22501,8,8
22502,1,1
22503,8,8
22504,0,0
22505,9,9
22506,7,7
22507,2,2
22508,7,7
22509,9,9
22510,4,4
22511,3,3
22512,1,1
22513,9,9
22514,5,5
22515,8,8
22516,1,1
22517,4,4
22518,0,0
22519,8,8
22520,4,4
22521,8,8
22522,1,1
22523,8,8
22524,6,6
22525,4,4
22526,2,2
22527,8,8
22528,0,0
22529,4,4
22530,8,8
22531,9,9
22532,7,7
22533,9,9
22534,0,0
22535,8,8
22536,2,2
22537,8,8
22538,1,1
22539,8,8
22540,5,5
22541,9,9
22542,2,2
22543,4,4
22544,5,5
22545,9,9
22546,8,8
22547,8,8
22548,9,9
22549,8,8
22550,6,6
22551,2,2
22552,5,5
22553,8,8
22554,6,6
22555,9,9
22556,2,2
22557,2,2
22558,6,6
22559,6,6
22560,1,1
22561,9,9
22562,7,7
22563,8,8
22564,5,5
22565,8,8
22566,7,7
22567,2,2
22568,5,5
22569,2,2
22570,0,0
22571,9,9
22572,8,8
22573,6,6
22574,5,5
22575,2,2
22576,8,8
22577,8,8
22578,2,2
22579,2,2
22580,0,0
22581,8,8
22582,1,1
22583,3,3
22584,1,1
22585,2,2
22586,1,1
22587,6,6
22588,5,5
22589,3,3
22590,0,0
22591,2,2
22592,4,4
22593,9,9
22594,6,6
22595,8,8
22596,3,3
22597,9,9
22598,7,7
22599,9,9
22600,4,4
22601,3,3
22602,0,0
22603,3,3
22604,2,2
22605,3,3
22606,6,6
22607,9,9
22608,8,8
22609,9,9
22610,0,0
22611,6,6
22612,9,9
22613,9,9
22614,0,0
22615,9,9
22616,5,5
22617,2,2
22618,4,4
22619,2,2
22620,6,6
22621,9,9
22622,9,9
22623,2,2
22624,9,9
22625,6,6
22626,0,0
22627,9,9
22628,9,9
22629,3,3
22630,0,0
22631,2,2
22632,1,1
22633,9,9
22634,3,3
22635,6,6
22636,3,3
22637,3,3
22638,7,7
22639,9,9
22640,3,3
22641,6,6
22642,1,1
22643,6,6
22644,9,9
22645,8,8
22646,4,4
22647,8,8
22648,7,7
22649,4,4
22650,9,9
22651,8,8
22652,5,5
22653,2,2
22654,4,4
22655,8,8
22656,9,9
22657,3,3
22658,2,2
22659,9,9
22660,5,5
22661,6,6
22662,0,0
22663,7,7
22664,7,7
22665,4,4
22666,5,5
22667,8,8
22668,7,7
22669,3,3
22670,4,4
22671,9,9
22672,0,0
22673,5,5
22674,1,1
22675,7,7
22676,5,5
22677,8,8
22678,0,0
22679,2,2
22680,0,0
22681,4,4
22682,2,2
22683,8,8
22684,5,5
22685,2,2
22686,5,5
22687,8,8
22688,6,6
22689,9,9
22690,4,4
22691,3,3
22692,0,0
22693,4,4
22694,0,0
22695,6,6
22696,6,6
22697,5,5
22698,5,5
22699,5,5
22700,1,1
22701,6,6
22702,4,4
22703,2,2
22704,5,5
22705,9,9
22706,3,3
22707,3,3
22708,7,7
22709,4,4
22710,3,3
22711,8,8
22712,9,9
22713,6,6
22714,5,5
22715,7,7
22716,1,1
22717,3,3
22718,4,4
22719,8,8
22720,7,7
22721,6,6
22722,0,0
22723,6,6
22724,7,7
22725,0,0
22726,6,6
22727,9,9
22728,1,1
22729,2,2
22730,7,7
22731,6,6
22732,7,7
22733,7,7
22734,7,7
22735,9,9
22736,7,7
22737,4,4
22738,1,1
22739,8,8
22740,0,0
22741,6,6
22742,6,6
22743,0,0
22744,3,3
22745,2,2
22746,4,4
22747,4,4
22748,1,1
22749,3,3
22750,0,0
22751,6,6
22752,3,3
22753,8,8
22754,0,0
22755,9,9
22756,2,2
22757,3,3
22758,4,4
22759,8,8
22760,2,2
22761,3,3
22762,5,5
22763,4,4
22764,3,3
22765,0,0
22766,8,8
22767,7,7
22768,0,0
22769,4,4
22770,7,7
22771,4,4
22772,5,5
22773,2,2
22774,5,5
22775,4,4
22776,1,1
22777,3,3
22778,6,6
22779,4,4
22780,0,0
22781,8,8
22782,8,8
22783,9,9
22784,2,2
22785,9,9
22786,5,5
22787,3,3
22788,1,1
22789,4,4
22790,9,9
22791,8,8
22792,1,1
22793,6,6
22794,1,1
22795,0,0
22796,0,0
22797,8,8
22798,1,1
22799,8,8
22800,7,7
22801,9,9
22802,2,2
22803,4,4
22804,8,8
22805,9,9
22806,5,5
22807,6,6
22808,2,2
22809,4,4
22810,7,7
22811,6,6
22812,1,1
22813,2,2
22814,4,4
22815,9,9
22816,5,5
22817,8,8
22818,8,8
22819,9,9
22820,4,4
22821,2,2
22822,7,7
22823,8,8
22824,3,3
22825,6,6
22826,8,8
22827,2,2
22828,1,1
22829,3,3
22830,7,7
22831,9,9
22832,4,4
22833,9,9
22834,4,4
22835,7,7
22836,1,1
22837,2,2
22838,5,5
22839,8,8
22840,4,4
22841,0,0
22842,0,0
22843,4,4
22844,9,9
22845,2,2
22846,9,9
22847,9,9
22848,1,1
22849,2,2
22850,1,1
22851,4,4
22852,1,1
22853,2,2
22854,0,0
22855,8,8
22856,6,6
22857,3,3
22858,0,0
22859,9,9
22860,3,3
22861,6,6
22862,0,0
22863,2,2
22864,6,6
22865,5,5
22866,1,1
22867,9,9
22868,1,1
22869,4,4
22870,0,0
22871,8,8
22872,4,4
22873,2,2
22874,3,3
22875,8,8
22876,0,0
22877,3,3
22878,6,6
22879,9,9
22880,8,8
22881,6,6
22882,7,7
22883,2,2
22884,2,2
22885,8,8
22886,3,3
22887,2,2
22888,1,1
22889,3,3
22890,5,5
22891,8,8
22892,1,1
22893,2,2
22894,7,7
22895,8,8
22896,1,1
22897,3,3
22898,5,5
22899,9,9
22900,6,6
22901,6,6
22902,0,0
22903,2,2
22904,1,1
22905,5,5
22906,7,7
22907,2,2
22908,1,1
22909,4,4
22910,7,7
22911,8,8
22912,3,3
22913,2,2
22914,1,1
22915,8,8
22916,1,1
22917,3,3
22918,7,7
22919,2,2
22920,7,7
22921,8,8
22922,6,6
22923,2,2
22924,2,2
22925,8,8
22926,1,1
22927,8,8
22928,9,9
22929,3,3
22930,6,6
22931,9,9
22932,7,7
22933,5,5
22934,1,1
22935,2,2
22936,5,5
22937,9,9
22938,3,3
22939,4,4
22940,5,5
22941,8,8
22942,5,5
22943,2,2
22944,4,4
22945,6,6
22946,7,7
22947,8,8
22948,5,5
22949,3,3
22950,0,0
22951,9,9
22952,1,1
22953,4,4
22954,3,3
22955,8,8
22956,1,1
22957,7,7
22958,6,6
22959,0,0
22960,5,5
22961,0,0
22962,5,5
22963,2,2
22964,7,7
22965,2,2
22966,2,2
22967,8,8
22968,5,5
22969,4,4
22970,5,5
22971,8,8
22972,1,1
22973,9,9
22974,5,5
22975,4,4
22976,8,8
22977,2,2
22978,3,3
22979,2,2
22980,5,5
22981,3,3
22982,9,9
22983,9,9
22984,0,0
22985,5,5
22986,4,4
22987,3,3
22988,5,5
22989,2,2
22990,9,9
22991,8,8
22992,5,5
22993,8,8
22994,4,4
22995,8,8
22996,7,7
22997,5,5
22998,6,6
22999,2,2
23000,5,5
23001,6,6
23002,0,0
23003,9,9
23004,7,7
23005,2,2
23006,7,7
23007,2,2
23008,2,2
23009,3,3
23010,0,0
23011,9,9
23012,1,1
23013,3,3
23014,0,0
23015,2,2
23016,0,0
23017,8,8
23018,7,7
23019,4,4
23020,4,4
23021,8,8
23022,7,7
23023,3,3
23024,7,7
23025,6,6
23026,6,6
23027,0,0
23028,2,2
23029,2,2
23030,1,1
23031,5,5
23032,3,3
23033,5,5
23034,1,1
23035,2,2
23036,1,1
23037,9,9
23038,9,9
23039,6,6
23040,6,6
23041,3,3
23042,5,5
23043,2,2
23044,2,2
23045,9,9
23046,7,7
23047,6,6
23048,2,2
23049,4,4
23050,6,6
23051,0,0
23052,9,9
23053,2,2
23054,8,8
23055,5,5
23056,1,1
23057,8,8
23058,6,6
23059,9,9
23060,2,2
23061,0,0
23062,5,5
23063,2,2
23064,7,7
23065,2,2
23066,2,2
23067,3,3
23068,0,0
23069,6,6
23070,5,5
23071,8,8
23072,4,4
23073,4,4
23074,5,5
23075,4,4
23076,7,7
23077,2,2
23078,7,7
23079,6,6
23080,6,6
23081,2,2
23082,6,6
23083,8,8
23084,0,0
23085,8,8
23086,5,5
23087,6,6
23088,7,7
23089,2,2
23090,5,5
23091,2,2
23092,2,2
23093,3,3
23094,0,0
23095,3,3
23096,5,5
23097,1,1
23098,4,4
23099,4,4
23100,7,7
23101,6,6
23102,5,5
23103,5,5
23104,5,5
23105,8,8
23106,1,1
23107,4,4
23108,3,3
23109,2,2
23110,5,5
23111,5,5
23112,7,7
23113,3,3
23114,8,8
23115,9,9
23116,7,7
23117,6,6
23118,9,9
23119,2,2
23120,3,3
23121,5,5
23122,8,8
23123,5,5
23124,7,7
23125,4,4
23126,4,4
23127,8,8
23128,8,8
23129,2,2
23130,7,7
23131,3,3
23132,1,1
23133,1,1
23134,1,1
23135,5,5
23136,3,3
23137,5,5
23138,1,1
23139,2,2
23140,5,5
23141,8,8
23142,1,1
23143,2,2
23144,7,7
23145,0,0
23146,8,8
23147,2,2
23148,5,5
23149,8,8
23150,5,5
23151,0,0
23152,0,0
23153,8,8
23154,3,3
23155,8,8
23156,7,7
23157,2,2
23158,2,2
23159,0,0
23160,9,9
23161,8,8
23162,7,7
23163,2,2
23164,9,9
23165,2,2
23166,0,0
23167,9,9
23168,5,5
23169,8,8
23170,5,5
23171,6,6
23172,3,3
23173,0,0
23174,5,5
23175,5,5
23176,9,9
23177,5,5
23178,0,0
23179,4,4
23180,2,2
23181,1,1
23182,1,1
23183,8,8
23184,1,1
23185,6,6
23186,4,4
23187,0,0
23188,4,4
23189,2,2
23190,7,7
23191,2,2
23192,0,0
23193,2,2
23194,6,6
23195,9,9
23196,5,5
23197,0,0
23198,4,4
23199,8,8
23200,0,0
23201,8,8
23202,7,7
23203,9,9
23204,1,1
23205,2,2
23206,9,9
23207,8,8
23208,5,5
23209,8,8
23210,3,3
23211,0,0
23212,5,5
23213,9,9
23214,1,1
23215,4,4
23216,6,6
23217,0,0
23218,7,7
23219,1,1
23220,0,0
23221,2,2
23222,6,6
23223,4,4
23224,0,0
23225,2,2
23226,0,0
23227,2,2
23228,4,4
23229,6,6
23230,0,0
23231,6,6
23232,2,2
23233,2,2
23234,5,5
23235,8,8
23236,4,4
23237,2,2
23238,1,1
23239,2,2
23240,1,1
23241,2,2
23242,2,2
23243,8,8
23244,4,4
23245,9,9
23246,8,8
23247,2,2
23248,0,0
23249,0,0
23250,3,3
23251,4,4
23252,0,0
23253,2,2
23254,1,1
23255,9,9
23256,4,4
23257,8,8
23258,4,4
23259,8,8
23260,0,0
23261,4,4
23262,5,5
23263,2,2
23264,7,7
23265,6,6
23266,0,0
23267,0,0
23268,6,6
23269,5,5
23270,5,5
23271,8,8
23272,0,0
23273,3,3
23274,0,0
23275,0,0
23276,5,5
23277,3,3
23278,0,0
23279,3,3
23280,9,9
23281,6,6
23282,2,2
23283,8,8
23284,4,4
23285,0,0
23286,0,0
23287,2,2
23288,2,2
23289,3,3
23290,1,1
23291,9,9
23292,5,5
23293,3,3
23294,7,7
23295,9,9
23296,2,2
23297,3,3
23298,7,7
23299,0,0
23300,2,2
23301,3,3
23302,1,1
23303,9,9
23304,7,7
23305,3,3
23306,5,5
23307,0,0
23308,1,1
23309,8,8
23310,6,6
23311,8,8
23312,7,7
23313,6,6
23314,0,0
23315,3,3
23316,7,7
23317,4,4
23318,1,1
23319,6,6
23320,7,7
23321,2,2
23322,7,7
23323,6,6
23324,2,2
23325,4,4
23326,0,0
23327,0,0
23328,7,7
23329,8,8
23330,6,6
23331,3,3
23332,7,7
23333,1,1
23334,0,0
23335,6,6
23336,9,9
23337,7,7
23338,7,7
23339,5,5
23340,1,1
23341,2,2
23342,9,9
23343,4,4
23344,7,7
23345,0,0
23346,1,1
23347,7,7
23348,1,1
23349,5,5
23350,5,5
23351,3,3
23352,8,8
23353,1,1
23354,4,4
23355,6,6
23356,4,4
23357,7,7
23358,4,4
23359,0,0
23360,8,8
23361,2,2
23362,3,3
23363,4,4
23364,7,7
23365,5,5
23366,1,1
23367,3,3
23368,2,2
23369,1,1
23370,6,6
23371,6,6
23372,3,3
23373,7,7
23374,0,0
23375,5,5
23376,7,7
23377,2,2
23378,3,3
23379,4,4
23380,3,3
23381,0,0
23382,1,1
23383,7,7
23384,2,2
23385,4,4
23386,0,0
23387,0,0
23388,0,0
23389,3,3
23390,1,1
23391,7,7
23392,2,2
23393,0,0
23394,4,4
23395,3,3
23396,1,1
23397,4,4
23398,2,2
23399,1,1
23400,2,2
23401,3,3
23402,8,8
23403,6,6
23404,1,1
23405,2,2
23406,5,5
23407,7,7
23408,2,2
23409,5,5
23410,6,6
23411,1,1
23412,9,9
23413,1,1
23414,2,2
23415,4,4
23416,4,4
23417,1,1
23418,2,2
23419,7,7
23420,0,0
23421,4,4
23422,7,7
23423,0,0
23424,2,2
23425,7,7
23426,7,7
23427,0,0
23428,5,5
23429,5,5
23430,0,0
23431,0,0
23432,8,8
23433,0,0
23434,7,7
23435,0,0
23436,8,8
23437,0,0
23438,0,0
23439,7,7
23440,5,5
23441,4,4
23442,0,0
23443,0,0
23444,9,9
23445,0,0
23446,0,0
23447,5,5
23448,7,7
23449,2,2
23450,1,1
23451,0,0
23452,5,5
23453,5,5
23454,3,3
23455,2,2
23456,2,2
23457,6,6
23458,7,7
23459,5,5
23460,6,6
23461,7,7
23462,1,1
23463,5,5
23464,4,4
23465,4,4
23466,2,2
23467,5,5
23468,4,4
23469,0,0
23470,1,1
23471,4,4
23472,5,5
23473,1,1
23474,5,5
23475,4,4
23476,4,4
23477,1,1
23478,4,4
23479,0,0
23480,0,0
23481,6,6
23482,7,7
23483,7,7
23484,0,0
23485,5,5
23486,5,5
23487,4,4
23488,7,7
23489,4,4
23490,7,7
23491,6,6
23492,1,1
23493,1,1
23494,6,6
23495,3,3
23496,7,7
23497,2,2
23498,1,1
23499,3,3
23500,4,4
23501,1,1
23502,0,0
23503,6,6
23504,4,4
23505,1,1
23506,3,3
23507,0,0
23508,2,2
23509,2,2
23510,7,7
23511,1,1
23512,5,5
23513,5,5
23514,2,2
23515,5,5
23516,7,7
23517,7,7
23518,7,7
23519,0,0
23520,6,6
23521,3,3
23522,1,1
23523,9,9
23524,2,2
23525,6,6
23526,5,5
23527,2,2
23528,5,5
23529,8,8
23530,1,1
23531,9,9
23532,1,1
23533,4,4
23534,5,5
23535,8,8
23536,3,3
23537,2,2
23538,0,0
23539,8,8
23540,8,8
23541,3,3
23542,0,0
23543,9,9
23544,7,7
23545,6,6
23546,7,7
23547,2,2
23548,0,0
23549,8,8
23550,7,7
23551,8,8
23552,0,0
23553,2,2
23554,1,1
23555,8,8
23556,7,7
23557,3,3
23558,4,4
23559,9,9
23560,7,7
23561,6,6
23562,2,2
23563,7,7
23564,6,6
23565,9,9
23566,4,4
23567,9,9
23568,7,7
23569,4,4
23570,8,8
23571,8,8
23572,7,7
23573,2,2
23574,5,5
23575,8,8
23576,1,1
23577,4,4
23578,6,6
23579,3,3
23580,0,0
23581,2,2
23582,9,9
23583,8,8
23584,4,4
23585,9,9
23586,3,3
23587,8,8
23588,1,1
23589,3,3
23590,0,0
23591,2,2
23592,0,0
23593,4,4
23594,5,5
23595,8,8
23596,0,0
23597,4,4
23598,3,3
23599,8,8
23600,4,4
23601,3,3
23602,0,0
23603,8,8
23604,1,1
23605,2,2
23606,3,3
23607,8,8
23608,8,8
23609,8,8
23610,6,6
23611,8,8
23612,1,1
23613,3,3
23614,1,1
23615,8,8
23616,3,3
23617,8,8
23618,1,1
23619,8,8
23620,2,2
23621,8,8
23622,4,4
23623,8,8
23624,5,5
23625,6,6
23626,4,4
23627,2,2
23628,5,5
23629,4,4
23630,2,2
23631,2,2
23632,2,2
23633,9,9
23634,2,2
23635,8,8
23636,5,5
23637,2,2
23638,8,8
23639,2,2
23640,0,0
23641,8,8
23642,6,6
23643,3,3
23644,5,5
23645,8,8
23646,4,4
23647,9,9
23648,5,5
23649,7,7
23650,7,7
23651,9,9
23652,9,9
23653,4,4
23654,1,1
23655,2,2
23656,1,1
23657,2,2
23658,0,0
23659,2,2
23660,1,1
23661,8,8
23662,7,7
23663,2,2
23664,8,8
23665,9,9
23666,8,8
23667,4,4
23668,2,2
23669,2,2
23670,0,0
23671,9,9
23672,7,7
23673,8,8
23674,1,1
23675,6,6
23676,7,7
23677,6,6
23678,0,0
23679,3,3
23680,1,1
23681,8,8
23682,5,5
23683,6,6
23684,5,5
23685,8,8
23686,0,0
23687,4,4
23688,5,5
23689,2,2
23690,7,7
23691,6,6
23692,5,5
23693,9,9
23694,5,5
23695,7,7
23696,5,5
23697,4,4
23698,0,0
23699,4,4
23700,7,7
23701,6,6
23702,2,2
23703,9,9
23704,0,0
23705,6,6
23706,4,4
23707,4,4
23708,0,0
23709,3,3
23710,1,1
23711,8,8
23712,7,7
23713,9,9
23714,5,5
23715,8,8
23716,1,1
23717,2,2
23718,7,7
23719,8,8
23720,4,4
23721,6,6
23722,7,7
23723,9,9
23724,2,2
23725,9,9
23726,8,8
23727,9,9
23728,2,2
23729,2,2
23730,1,1
23731,2,2
23732,0,0
23733,4,4
23734,7,7
23735,4,4
23736,2,2
23737,2,2
23738,5,5
23739,3,3
23740,9,9
23741,3,3
23742,4,4
23743,8,8
23744,0,0
23745,8,8
23746,7,7
23747,2,2
23748,0,0
23749,9,9
23750,2,2
23751,9,9
23752,0,0
23753,3,3
23754,3,3
23755,9,9
23756,1,1
23757,6,6
23758,5,5
23759,7,7
23760,0,0
23761,8,8
23762,9,9
23763,2,2
23764,6,6
23765,4,4
23766,4,4
23767,8,8
23768,7,7
23769,2,2
23770,5,5
23771,5,5
23772,5,5
23773,3,3
23774,9,9
23775,9,9
23776,6,6
23777,6,6
23778,7,7
23779,2,2
23780,4,4
23781,8,8
23782,1,1
23783,2,2
23784,0,0
23785,4,4
23786,3,3
23787,8,8
23788,1,1
23789,2,2
23790,5,5
23791,0,0
23792,7,7
23793,3,3
23794,6,6
23795,9,9
23796,7,7
23797,6,6
23798,8,8
23799,7,7
23800,6,6
23801,8,8
23802,0,0
23803,3,3
23804,0,0
23805,2,2
23806,7,7
23807,5,5
23808,2,2
23809,3,3
23810,7,7
23811,8,8
23812,3,3
23813,3,3
23814,2,2
23815,8,8
23816,5,5
23817,2,2
23818,1,1
23819,7,7
23820,7,7
23821,3,3
23822,1,1
23823,3,3
23824,8,8
23825,2,2
23826,7,7
23827,2,2
23828,3,3
23829,7,7
23830,4,4
23831,2,2
23832,7,7
23833,2,2
23834,5,5
23835,9,9
23836,0,0
23837,8,8
23838,5,5
23839,4,4
23840,8,8
23841,9,9
23842,3,3
23843,2,2
23844,9,9
23845,3,3
23846,7,7
23847,6,6
23848,2,2
23849,0,0
23850,4,4
23851,7,7
23852,9,9
23853,0,0
23854,1,1
23855,8,8
23856,3,3
23857,9,9
23858,2,2
23859,8,8
23860,7,7
23861,0,0
23862,1,1
23863,5,5
23864,8,8
23865,8,8
23866,7,7
23867,5,5
23868,0,0
23869,2,2
23870,0,0
23871,5,5
23872,1,1
23873,7,7
23874,7,7
23875,3,3
23876,0,0
23877,0,0
23878,5,5
23879,7,7
23880,5,5
23881,5,5
23882,4,4
23883,8,8
23884,3,3
23885,9,9
23886,9,9
23887,6,6
23888,2,2
23889,9,9
23890,2,2
23891,3,3
23892,1,1
23893,4,4
23894,6,6
23895,6,6
23896,5,5
23897,7,7
23898,4,4
23899,2,2
23900,5,5
23901,5,5
23902,5,5
23903,2,2
23904,0,0
23905,4,4
23906,7,7
23907,4,4
23908,1,1
23909,8,8
23910,1,1
23911,9,9
23912,7,7
23913,8,8
23914,3,3
23915,4,4
23916,6,6
23917,6,6
23918,7,7
23919,5,5
23920,8,8
23921,9,9
23922,4,4
23923,2,2
23924,4,4
23925,0,0
23926,3,3
23927,0,0
23928,7,7
23929,2,2
23930,7,7
23931,9,9
23932,1,1
23933,8,8
23934,6,6
23935,2,2
23936,5,5
23937,4,4
23938,7,7
23939,7,7
23940,3,3
23941,0,0
23942,2,2
23943,3,3
23944,0,0
23945,0,0
23946,8,8
23947,2,2
23948,9,9
23949,4,4
23950,0,0
23951,8,8
23952,9,9
23953,9,9
23954,1,1
23955,2,2
23956,6,6
23957,6,6
23958,4,4
23959,4,4
23960,9,9
23961,6,6
23962,3,3
23963,4,4
23964,7,7
23965,8,8
23966,2,2
23967,2,2
23968,9,9
23969,8,8
23970,9,9
23971,3,3
23972,2,2
23973,1,1
23974,8,8
23975,6,6
23976,0,0
23977,2,2
23978,0,0
23979,0,0
23980,4,4
23981,0,0
23982,0,0
23983,4,4
23984,1,1
23985,0,0
23986,2,2
23987,2,2
23988,7,7
23989,0,0
23990,5,5
23991,3,3
23992,5,5
23993,9,9
23994,6,6
23995,6,6
23996,7,7
23997,7,7
23998,8,8
23999,5,5
24000,2,2
24001,8,8
24002,7,7
24003,4,4
24004,9,9
24005,0,0
24006,8,8
24007,2,2
24008,8,8
24009,8,8
24010,7,7
24011,3,3
24012,6,6
24013,9,9
24014,6,6
24015,6,6
24016,4,4
24017,7,7
24018,0,0
24019,0,0
24020,9,9
24021,2,2
24022,0,0
24023,4,4
24024,3,3
24025,8,8
24026,0,0
24027,2,2
24028,7,7
24029,8,8
24030,5,5
24031,9,9
24032,0,0
24033,0,0
24034,3,3
24035,6,6
24036,6,6
24037,4,4
24038,7,7
24039,0,0
24040,0,0
24041,0,0
24042,7,7
24043,2,2
24044,5,5
24045,2,2
24046,7,7
24047,0,0
24048,2,2
24049,8,8
24050,6,6
24051,2,2
24052,8,8
24053,8,8
24054,0,0
24055,6,6
24056,2,2
24057,0,0
24058,4,4
24059,1,1
24060,6,6
24061,0,0
24062,2,2
24063,0,0
24064,0,0
24065,2,2
24066,7,7
24067,6,6
24068,0,0
24069,3,3
24070,1,1
24071,0,0
24072,3,3
24073,2,2
24074,5,5
24075,3,3
24076,5,5
24077,2,2
24078,3,3
24079,4,4
24080,1,1
24081,3,3
24082,0,0
24083,1,1
24084,4,4
24085,3,3
24086,1,1
24087,0,0
24088,0,0
24089,6,6
24090,1,1
24091,4,4
24092,0,0
24093,7,7
24094,0,0
24095,7,7
24096,6,6
24097,2,2
24098,6,6
24099,1,1
24100,2,2
24101,8,8
24102,9,9
24103,3,3
24104,7,7
24105,3,3
24106,7,7
24107,2,2
24108,0,0
24109,0,0
24110,2,2
24111,0,0
24112,2,2
24113,5,5
24114,8,8
24115,1,1
24116,9,9
24117,2,2
24118,6,6
24119,7,7
24120,5,5
24121,3,3
24122,1,1
24123,2,2
24124,1,1
24125,6,6
24126,1,1
24127,4,4
24128,7,7
24129,6,6
24130,7,7
24131,0,0
24132,7,7
24133,9,9
24134,7,7
24135,1,1
24136,1,1
24137,2,2
24138,0,0
24139,1,1
24140,0,0
24141,8,8
24142,7,7
24143,9,9
24144,1,1
24145,0,0
24146,4,4
24147,2,2
24148,3,3
24149,2,2
24150,2,2
24151,3,3
24152,6,6
24153,0,0
24154,0,0
24155,0,0
24156,5,5
24157,4,4
24158,4,4
24159,0,0
24160,4,4
24161,0,0
24162,4,4
24163,9,9
24164,9,9
24165,4,4
24166,7,7
24167,2,2
24168,9,9
24169,0,0
24170,2,2
24171,0,0
24172,0,0
24173,2,2
24174,5,5
24175,9,9
24176,7,7
24177,6,6
24178,0,0
24179,4,4
24180,7,7
24181,0,0
24182,6,6
24183,9,9
24184,4,4
24185,0,0
24186,8,8
24187,2,2
24188,3,3
24189,2,2
24190,2,2
24191,4,4
24192,0,0
24193,0,0
24194,8,8
24195,0,0
24196,7,7
24197,0,0
24198,1,1
24199,1,1
24200,0,0
24201,4,4
24202,1,1
24203,6,6
24204,7,7
24205,1,1
24206,6,6
24207,0,0
24208,1,1
24209,1,1
24210,5,5
24211,0,0
24212,7,7
24213,6,6
24214,4,4
24215,6,6
24216,1,1
24217,2,2
24218,7,7
24219,7,7
24220,4,4
24221,5,5
24222,1,1
24223,2,2
24224,4,4
24225,3,3
24226,7,7
24227,9,9
24228,8,8
24229,6,6
24230,5,5
24231,2,2
24232,2,2
24233,8,8
24234,2,2
24235,9,9
24236,0,0
24237,4,4
24238,4,4
24239,8,8
24240,0,0
24241,2,2
24242,4,4
24243,8,8
24244,5,5
24245,3,3
24246,0,0
24247,9,9
24248,7,7
24249,6,6
24250,1,1
24251,7,7
24252,7,7
24253,8,8
24254,8,8
24255,9,9
24256,1,1
24257,4,4
24258,4,4
24259,8,8
24260,8,8
24261,9,9
24262,0,0
24263,9,9
24264,7,7
24265,3,3
24266,4,4
24267,9,9
24268,4,4
24269,6,6
24270,0,0
24271,2,2
24272,5,5
24273,8,8
24274,0,0
24275,9,9
24276,4,4
24277,9,9
24278,9,9
24279,9,9
24280,5,5
24281,2,2
24282,0,0
24283,9,9
24284,5,5
24285,8,8
24286,4,4
24287,8,8
24288,1,1
24289,9,9
24290,6,6
24291,8,8
24292,9,9
24293,9,9
24294,7,7
24295,8,8
24296,5,5
24297,2,2
24298,5,5
24299,7,7
24300,5,5
24301,2,2
24302,0,0
24303,6,6
24304,4,4
24305,8,8
24306,1,1
24307,2,2
24308,7,7
24309,2,2
24310,7,7
24311,8,8
24312,7,7
24313,8,8
24314,5,5
24315,8,8
24316,0,0
24317,2,2
24318,2,2
24319,8,8
24320,3,3
24321,6,6
24322,9,9
24323,9,9
24324,2,2
24325,8,8
24326,1,1
24327,8,8
24328,1,1
24329,9,9
24330,2,2
24331,6,6
24332,7,7
24333,7,7
24334,0,0
24335,9,9
24336,7,7
24337,8,8
24338,7,7
24339,9,9
24340,5,5
24341,9,9
24342,9,9
24343,3,3
24344,2,2
24345,3,3
24346,3,3
24347,9,9
24348,3,3
24349,2,2
24350,7,7
24351,8,8
24352,1,1
24353,9,9
24354,7,7
24355,9,9
24356,1,1
24357,9,9
24358,7,7
24359,2,2
24360,5,5
24361,9,9
24362,1,1
24363,9,9
24364,0,0
24365,8,8
24366,1,1
24367,3,3
24368,1,1
24369,2,2
24370,1,1
24371,3,3
24372,0,0
24373,6,6
24374,2,2
24375,8,8
24376,1,1
24377,4,4
24378,8,8
24379,8,8
24380,4,4
24381,6,6
24382,0,0
24383,4,4
24384,8,8
24385,1,1
24386,7,7
24387,8,8
24388,3,3
24389,3,3
24390,9,9
24391,6,6
24392,4,4
24393,3,3
24394,7,7
24395,9,9
24396,7,7
24397,9,9
24398,0,0
24399,3,3
24400,7,7
24401,8,8
24402,7,7
24403,9,9
24404,7,7
24405,9,9
24406,6,6
24407,2,2
24408,7,7
24409,8,8
24410,7,7
24411,4,4
24412,0,0
24413,8,8
24414,7,7
24415,8,8
24416,7,7
24417,7,7
24418,6,6
24419,3,3
24420,5,5
24421,9,9
24422,7,7
24423,4,4
24424,8,8
24425,6,6
24426,7,7
24427,6,6
24428,4,4
24429,3,3
24430,6,6
24431,9,9
24432,0,0
24433,6,6
24434,9,9
24435,2,2
24436,1,1
24437,5,5
24438,4,4
24439,2,2
24440,4,4
24441,4,4
24442,7,7
24443,8,8
24444,7,7
24445,3,3
24446,2,2
24447,1,1
24448,7,7
24449,6,6
24450,6,6
24451,7,7
24452,7,7
24453,4,4
24454,0,0
24455,8,8
24456,0,0
24457,9,9
24458,4,4
24459,8,8
24460,2,2
24461,1,1
24462,5,5
24463,3,3
24464,8,8
24465,9,9
24466,1,1
24467,9,9
24468,5,5
24469,8,8
24470,1,1
24471,5,5
24472,5,5
24473,4,4
24474,4,4
24475,4,4
24476,3,3
24477,8,8
24478,0,0
24479,9,9
24480,3,3
24481,7,7
24482,5,5
24483,9,9
24484,6,6
24485,5,5
24486,3,3
24487,9,9
24488,4,4
24489,0,0
24490,7,7
24491,5,5
24492,0,0
24493,0,0
24494,0,0
24495,3,3
24496,0,0
24497,5,5
24498,7,7
24499,0,0
24500,0,0
24501,7,7
24502,8,8
24503,8,8
24504,1,1
24505,8,8
24506,5,5
24507,0,0
24508,5,5
24509,1,1
24510,3,3
24511,0,0
24512,0,0
24513,5,5
24514,5,5
24515,8,8
24516,7,7
24517,4,4
24518,5,5
24519,2,2
24520,6,6
24521,2,2
24522,4,4
24523,4,4
24524,7,7
24525,3,3
24526,4,4
24527,0,0
24528,5,5
24529,3,3
24530,8,8
24531,7,7
24532,2,2
24533,9,9
24534,7,7
24535,1,1
24536,1,1
24537,3,3
24538,0,0
24539,2,2
24540,0,0
24541,3,3
24542,0,0
24543,0,0
24544,0,0
24545,8,8
24546,6,6
24547,5,5
24548,0,0
24549,8,8
24550,0,0
24551,6,6
24552,6,6
24553,8,8
24554,4,4
24555,9,9
24556,0,0
24557,9,9
24558,5,5
24559,8,8
24560,7,7
24561,9,9
24562,8,8
24563,1,1
24564,9,9
24565,0,0
24566,5,5
24567,1,1
24568,0,0
24569,4,4
24570,1,1
24571,0,0
24572,8,8
24573,7,7
24574,7,7
24575,7,7
24576,5,5
24577,4,4
24578,2,2
24579,8,8
24580,1,1
24581,4,4
24582,6,6
24583,8,8
24584,7,7
24585,4,4
24586,7,7
24587,4,4
24588,0,0
24589,4,4
24590,5,5
24591,6,6
24592,4,4
24593,0,0
24594,5,5
24595,2,2
24596,5,5
24597,7,7
24598,5,5
24599,8,8
24600,2,2
24601,0,0
24602,6,6
24603,2,2
24604,5,5
24605,3,3
24606,1,1
24607,5,5
24608,0,0
24609,4,4
24610,7,7
24611,4,4
24612,6,6
24613,0,0
24614,5,5
24615,3,3
24616,5,5
24617,9,9
24618,6,6
24619,9,9
24620,6,6
24621,7,7
24622,4,4
24623,9,9
24624,1,1
24625,9,9
24626,9,9
24627,3,3
24628,1,1
24629,2,2
24630,7,7
24631,9,9
24632,4,4
24633,6,6
24634,1,1
24635,2,2
24636,4,4
24637,8,8
24638,5,5
24639,8,8
24640,3,3
24641,2,2
24642,5,5
24643,0,0
24644,0,0
24645,3,3
24646,1,1
24647,9,9
24648,0,0
24649,6,6
24650,7,7
24651,2,2
24652,0,0
24653,8,8
24654,1,1
24655,8,8
24656,4,4
24657,2,2
24658,2,2
24659,0,0
24660,5,5
24661,3,3
24662,8,8
24663,9,9
24664,7,7
24665,6,6
24666,7,7
24667,2,2
24668,1,1
24669,8,8
24670,0,0
24671,8,8
24672,1,1
24673,9,9
24674,6,6
24675,8,8
24676,3,3
24677,2,2
24678,1,1
24679,2,2
24680,7,7
24681,2,2
24682,5,5
24683,2,2
24684,1,1
24685,4,4
24686,2,2
24687,9,9
24688,1,1
24689,2,2
24690,6,6
24691,2,2
24692,5,5
24693,3,3
24694,0,0
24695,6,6
24696,3,3
24697,2,2
24698,3,3
24699,8,8
24700,8,8
24701,8,8
24702,8,8
24703,8,8
24704,5,5
24705,8,8
24706,3,3
24707,9,9
24708,2,2
24709,8,8
24710,1,1
24711,9,9
24712,5,5
24713,8,8
24714,1,1
24715,2,2
24716,7,7
24717,2,2
24718,0,0
24719,8,8
24720,1,1
24721,9,9
24722,6,6
24723,8,8
24724,6,6
24725,2,2
24726,3,3
24727,8,8
24728,6,6
24729,9,9
24730,2,2
24731,2,2
24732,6,6
24733,8,8
24734,5,5
24735,2,2
24736,0,0
24737,9,9
24738,1,1
24739,4,4
24740,5,5
24741,0,0
24742,8,8
24743,8,8
24744,0,0
24745,8,8
24746,1,1
24747,2,2
24748,7,7
24749,2,2
24750,4,4
24751,6,6
24752,4,4
24753,4,4
24754,4,4
24755,2,2
24756,0,0
24757,2,2
24758,5,5
24759,0,0
24760,7,7
24761,8,8
24762,1,1
24763,2,2
24764,4,4
24765,2,2
24766,0,0
24767,9,9
24768,7,7
24769,2,2
24770,2,2
24771,9,9
24772,0,0
24773,8,8
24774,4,4
24775,8,8
24776,4,4
24777,3,3
24778,7,7
24779,9,9
24780,7,7
24781,8,8
24782,1,1
24783,2,2
24784,2,2
24785,4,4
24786,7,7
24787,2,2
24788,0,0
24789,2,2
24790,1,1
24791,2,2
24792,2,2
24793,9,9
24794,3,3
24795,8,8
24796,6,6
24797,8,8
24798,3,3
24799,2,2
24800,1,1
24801,8,8
24802,4,4
24803,6,6
24804,4,4
24805,2,2
24806,2,2
24807,2,2
24808,1,1
24809,2,2
24810,5,5
24811,9,9
24812,2,2
24813,8,8
24814,1,1
24815,8,8
24816,8,8
24817,8,8
24818,0,0
24819,9,9
24820,7,7
24821,8,8
24822,1,1
24823,2,2
24824,1,1
24825,8,8
24826,1,1
24827,9,9
24828,2,2
24829,2,2
24830,0,0
24831,2,2
24832,4,4
24833,2,2
24834,9,9
24835,7,7
24836,6,6
24837,4,4
24838,1,1
24839,9,9
24840,3,3
24841,6,6
24842,3,3
24843,8,8
24844,6,6
24845,2,2
24846,3,3
24847,9,9
24848,1,1
24849,6,6
24850,2,2
24851,2,2
24852,2,2
24853,2,2
24854,2,2
24855,8,8
24856,7,7
24857,2,2
24858,3,3
24859,9,9
24860,5,5
24861,3,3
24862,6,6
24863,9,9
24864,4,4
24865,6,6
24866,5,5
24867,7,7
24868,7,7
24869,5,5
24870,0,0
24871,4,4
24872,3,3
24873,8,8
24874,0,0
24875,2,2
24876,7,7
24877,2,2
24878,8,8
24879,9,9
24880,5,5
24881,6,6
24882,8,8
24883,1,1
24884,1,1
24885,5,5
24886,7,7
24887,2,2
24888,1,1
24889,2,2
24890,7,7
24891,0,0
24892,7,7
24893,3,3
24894,0,0
24895,9,9
24896,3,3
24897,6,6
24898,5,5
24899,4,4
24900,1,1
24901,8,8
24902,5,5
24903,2,2
24904,1,1
24905,4,4
24906,1,1
24907,8,8
24908,7,7
24909,2,2
24910,2,2
24911,8,8
24912,0,0
24913,3,3
24914,1,1
24915,9,9
24916,0,0
24917,8,8
24918,1,1
24919,8,8
24920,0,0
24921,2,2
24922,5,5
24923,9,9
24924,1,1
24925,9,9
24926,7,7
24927,0,0
24928,5,5
24929,0,0
24930,1,1
24931,7,7
24932,1,1
24933,9,9
24934,3,3
24935,8,8
24936,5,5
24937,2,2
24938,5,5
24939,5,5
24940,5,5
24941,0,0
24942,0,0
24943,6,6
24944,5,5
24945,1,1
24946,0,0
24947,0,0
24948,4,4
24949,1,1
24950,9,9
24951,9,9
24952,3,3
24953,2,2
24954,7,7
24955,4,4
24956,0,0
24957,4,4
24958,1,1
24959,9,9
24960,7,7
24961,6,6
24962,3,3
24963,4,4
24964,1,1
24965,7,7
24966,1,1
24967,8,8
24968,6,6
24969,7,7
24970,9,9
24971,5,5
24972,6,6
24973,9,9
24974,1,1
24975,0,0
24976,5,5
24977,8,8
24978,3,3
24979,9,9
24980,0,0
24981,9,9
24982,8,8
24983,8,8
24984,1,1
24985,3,3
24986,0,0
24987,7,7
24988,3,3
24989,7,7
24990,5,5
24991,8,8
24992,5,5
24993,3,3
24994,0,0
24995,7,7
24996,1,1
24997,6,6
24998,5,5
24999,8,8
25000,0,0
25001,9,9
25002,2,2
25003,9,9
25004,6,6
25005,3,3
25006,8,8
25007,7,7
25008,2,2
25009,0,0
25010,4,4
25011,8,8
25012,0,0
25013,8,8
25014,5,5
25015,9,9
25016,7,7
25017,6,6
25018,7,7
25019,0,0
25020,6,6
25021,0,0
25022,3,3
25023,2,2
25024,3,3
25025,2,2
25026,0,0
25027,9,9
25028,7,7
25029,6,6
25030,4,4
25031,4,4
25032,7,7
25033,7,7
25034,9,9
25035,4,4
25036,1,1
25037,4,4
25038,6,6
25039,3,3
25040,7,7
25041,6,6
25042,1,1
25043,2,2
25044,1,1
25045,9,9
25046,0,0
25047,4,4
25048,0,0
25049,9,9
25050,8,8
25051,3,3
25052,1,1
25053,8,8
25054,9,9
25055,3,3
25056,5,5
25057,9,9
25058,6,6
25059,4,4
25060,0,0
25061,9,9
25062,0,0
25063,8,8
25064,1,1
25065,3,3
25066,8,8
25067,1,1
25068,1,1
25069,6,6
25070,0,0
25071,7,7
25072,7,7
25073,0,0
25074,8,8
25075,0,0
25076,4,4
25077,4,4
25078,7,7
25079,8,8
25080,7,7
25081,2,2
25082,3,3
25083,0,0
25084,1,1
25085,3,3
25086,5,5
25087,1,1
25088,6,6
25089,6,6
25090,4,4
25091,7,7
25092,9,9
25093,5,5
25094,7,7
25095,0,0
25096,7,7
25097,2,2
25098,4,4
25099,8,8
25100,5,5
25101,3,3
25102,4,4
25103,9,9
25104,4,4
25105,6,6
25106,7,7
25107,7,7
25108,4,4
25109,0,0
25110,0,0
25111,8,8
25112,9,9
25113,4,4
25114,0,0
25115,8,8
25116,2,2
25117,2,2
25118,1,1
25119,8,8
25120,2,2
25121,0,0
25122,6,6
25123,8,8
25124,1,1
25125,0,0
25126,8,8
25127,7,7
25128,0,0
25129,1,1
25130,8,8
25131,7,7
25132,7,7
25133,8,8
25134,5,5
25135,4,4
25136,6,6
25137,3,3
25138,9,9
25139,6,6
25140,8,8
25141,4,4
25142,4,4
25143,2,2
25144,4,4
25145,7,7
25146,7,7
25147,6,6
25148,9,9
25149,7,7
25150,6,6
25151,1,1
25152,7,7
25153,1,1
25154,0,0
25155,0,0
25156,1,1
25157,3,3
25158,0,0
25159,4,4
25160,8,8
25161,0,0
25162,5,5
25163,1,1
25164,7,7
25165,4,4
25166,3,3
25167,3,3
25168,0,0
25169,8,8
25170,5,5
25171,4,4
25172,7,7
25173,8,8
25174,7,7
25175,8,8
25176,4,4
25177,2,2
25178,3,3
25179,2,2
25180,5,5
25181,3,3
25182,5,5
25183,4,4
25184,0,0
25185,6,6
25186,7,7
25187,7,7
25188,0,0
25189,1,1
25190,7,7
25191,7,7
25192,3,3
25193,4,4
25194,5,5
25195,2,2
25196,9,9
25197,9,9
25198,2,2
25199,3,3
25200,1,1
25201,0,0
25202,1,1
25203,2,2
25204,4,4
25205,2,2
25206,3,3
25207,7,7
25208,7,7
25209,7,7
25210,7,7
25211,8,8
25212,0,0
25213,2,2
25214,3,3
25215,5,5
25216,0,0
25217,6,6
25218,5,5
25219,4,4
25220,9,9
25221,6,6
25222,7,7
25223,0,0
25224,0,0
25225,7,7
25226,4,4
25227,1,1
25228,2,2
25229,0,0
25230,1,1
25231,7,7
25232,9,9
25233,0,0
25234,5,5
25235,9,9
25236,2,2
25237,5,5
25238,7,7
25239,0,0
25240,7,7
25241,4,4
25242,0,0
25243,3,3
25244,1,1
25245,7,7
25246,4,4
25247,8,8
25248,0,0
25249,6,6
25250,2,2
25251,2,2
25252,3,3
25253,9,9
25254,7,7
25255,5,5
25256,7,7
25257,7,7
25258,0,0
25259,5,5
25260,5,5
25261,6,6
25262,7,7
25263,8,8
25264,9,9
25265,6,6
25266,1,1
25267,8,8
25268,1,1
25269,9,9
25270,5,5
25271,4,4
25272,6,6
25273,9,9
25274,1,1
25275,2,2
25276,2,2
25277,8,8
25278,3,3
25279,8,8
25280,5,5
25281,2,2
25282,7,7
25283,8,8
25284,1,1
25285,3,3
25286,1,1
25287,1,1
25288,5,5
25289,6,6
25290,3,3
25291,7,7
25292,5,5
25293,5,5
25294,1,1
25295,7,7
25296,7,7
25297,3,3
25298,0,0
25299,0,0
25300,5,5
25301,3,3
25302,9,9
25303,0,0
25304,3,3
25305,3,3
25306,4,4
25307,1,1
25308,1,1
25309,1,1
25310,1,1
25311,7,7
25312,3,3
25313,5,5
25314,8,8
25315,5,5
25316,4,4
25317,5,5
25318,1,1
25319,8,8
25320,7,7
25321,3,3
25322,9,9
25323,0,0
25324,1,1
25325,3,3
25326,0,0
25327,1,1
25328,1,1
25329,6,6
25330,5,5
25331,7,7
25332,4,4
25333,5,5
25334,5,5
25335,7,7
25336,1,1
25337,4,4
25338,5,5
25339,0,0
25340,4,4
25341,3,3
25342,2,2
25343,5,5
25344,4,4
25345,4,4
25346,1,1
25347,0,0
25348,8,8
25349,6,6
25350,5,5
25351,4,4
25352,1,1
25353,0,0
25354,1,1
25355,0,0
25356,7,7
25357,7,7
25358,5,5
25359,7,7
25360,2,2
25361,0,0
25362,2,2
25363,0,0
25364,1,1
25365,7,7
25366,3,3
25367,5,5
25368,4,4
25369,6,6
25370,8,8
25371,5,5
25372,0,0
25373,7,7
25374,4,4
25375,0,0
25376,5,5
25377,7,7
25378,0,0
25379,7,7
25380,0,0
25381,6,6
25382,5,5
25383,3,3
25384,5,5
25385,0,0
25386,3,3
25387,7,7
25388,2,2
25389,3,3
25390,4,4
25391,7,7
25392,0,0
25393,4,4
25394,1,1
25395,3,3
25396,0,0
25397,1,1
25398,7,7
25399,3,3
25400,7,7
25401,0,0
25402,7,7
25403,6,6
25404,0,0
25405,4,4
25406,6,6
25407,7,7
25408,3,3
25409,7,7
25410,5,5
25411,7,7
25412,1,1
25413,7,7
25414,1,1
25415,7,7
25416,1,1
25417,2,2
25418,0,0
25419,0,0
25420,3,3
25421,1,1
25422,5,5
25423,7,7
25424,4,4
25425,7,7
25426,8,8
25427,3,3
25428,1,1
25429,7,7
25430,2,2
25431,7,7
25432,5,5
25433,3,3
25434,1,1
25435,4,4
25436,1,1
25437,6,6
25438,0,0
25439,0,0
25440,2,2
25441,1,1
25442,7,7
25443,1,1
25444,8,8
25445,7,7
25446,5,5
25447,1,1
25448,1,1
25449,8,8
25450,1,1
25451,1,1
25452,0,0
25453,7,7
25454,2,2
25455,7,7
25456,5,5
25457,7,7
25458,8,8
25459,6,6
25460,3,3
25461,3,3
25462,6,6
25463,0,0
25464,0,0
25465,0,0
25466,2,2
25467,4,4
25468,7,7
25469,8,8
25470,0,0
25471,0,0
25472,5,5
25473,1,1
25474,9,9
25475,4,4
25476,6,6
25477,7,7
25478,1,1
25479,0,0
25480,7,7
25481,0,0
25482,9,9
25483,7,7
25484,8,8
25485,1,1
25486,6,6
25487,6,6
25488,5,5
25489,4,4
25490,5,5
25491,0,0
25492,6,6
25493,5,5
25494,7,7
25495,7,7
25496,1,1
25497,3,3
25498,8,8
25499,4,4
25500,0,0
25501,5,5
25502,0,0
25503,5,5
25504,1,1
25505,4,4
25506,0,0
25507,6,6
25508,1,1
25509,7,7
25510,6,6
25511,0,0
25512,3,3
25513,1,1
25514,7,7
25515,0,0
25516,9,9
25517,6,6
25518,3,3
25519,6,6
25520,4,4
25521,7,7
25522,0,0
25523,7,7
25524,9,9
25525,0,0
25526,6,6
25527,2,2
25528,7,7
25529,3,3
25530,6,6
25531,1,1
25532,0,0
25533,6,6
25534,0,0
25535,7,7
25536,7,7
25537,1,1
25538,7,7
25539,2,2
25540,1,1
25541,4,4
25542,3,3
25543,0,0
25544,1,1
25545,2,2
25546,4,4
25547,3,3
25548,6,6
25549,1,1
25550,0,0
25551,6,6
25552,9,9
25553,2,2
25554,0,0
25555,0,0
25556,7,7
25557,2,2
25558,5,5
25559,4,4
25560,7,7
25561,0,0
25562,8,8
25563,2,2
25564,9,9
25565,0,0
25566,7,7
25567,3,3
25568,1,1
25569,1,1
25570,6,6
25571,6,6
25572,5,5
25573,2,2
25574,6,6
25575,0,0
25576,2,2
25577,3,3
25578,1,1
25579,4,4
25580,7,7
25581,8,8
25582,2,2
25583,2,2
25584,3,3
25585,0,0
25586,9,9
25587,2,2
25588,2,2
25589,0,0
25590,2,2
25591,6,6
25592,9,9
25593,4,4
25594,0,0
25595,1,1
25596,1,1
25597,0,0
25598,7,7
25599,4,4
25600,1,1
25601,7,7
25602,0,0
25603,7,7
25604,0,0
25605,0,0
25606,1,1
25607,2,2
25608,4,4
25609,6,6
25610,0,0
25611,4,4
25612,5,5
25613,8,8
25614,2,2
25615,0,0
25616,5,5
25617,6,6
25618,6,6
25619,7,7
25620,2,2
25621,0,0
25622,1,1
25623,2,2
25624,2,2
25625,0,0
25626,3,3
25627,6,6
25628,1,1
25629,3,3
25630,7,7
25631,7,7
25632,6,6
25633,5,5
25634,5,5
25635,0,0
25636,5,5
25637,0,0
25638,4,4
25639,0,0
25640,5,5
25641,2,2
25642,8,8
25643,0,0
25644,5,5
25645,7,7
25646,5,5
25647,2,2
25648,0,0
25649,0,0
25650,2,2
25651,9,9
25652,5,5
25653,0,0
25654,7,7
25655,0,0
25656,0,0
25657,2,2
25658,2,2
25659,2,2
25660,5,5
25661,2,2
25662,5,5
25663,6,6
25664,5,5
25665,4,4
25666,9,9
25667,0,0
25668,5,5
25669,4,4
25670,5,5
25671,7,7
25672,6,6
25673,4,4
25674,7,7
25675,2,2
25676,3,3
25677,6,6
25678,4,4
25679,7,7
25680,4,4
25681,0,0
25682,5,5
25683,6,6
25684,4,4
25685,7,7
25686,0,0
25687,1,1
25688,7,7
25689,7,7
25690,3,3
25691,6,6
25692,7,7
25693,8,8
25694,3,3
25695,7,7
25696,1,1
25697,1,1
25698,0,0
25699,0,0
25700,7,7
25701,3,3
25702,1,1
25703,1,1
25704,1,1
25705,0,0
25706,5,5
25707,3,3
25708,7,7
25709,2,2
25710,2,2
25711,7,7
25712,0,0
25713,4,4
25714,3,3
25715,2,2
25716,8,8
25717,6,6
25718,6,6
25719,1,1
25720,2,2
25721,7,7
25722,0,0
25723,7,7
25724,1,1
25725,3,3
25726,7,7
25727,0,0
25728,7,7
25729,3,3
25730,4,4
25731,2,2
25732,1,1
25733,0,0
25734,1,1
25735,6,6
25736,7,7
25737,0,0
25738,0,0
25739,0,0
25740,2,2
25741,2,2
25742,4,4
25743,3,3
25744,9,9
25745,1,1
25746,7,7
25747,3,3
25748,1,1
25749,1,1
25750,2,2
25751,9,9
25752,6,6
25753,4,4
25754,3,3
25755,3,3
25756,8,8
25757,3,3
25758,9,9
25759,0,0
25760,5,5
25761,0,0
25762,2,2
25763,2,2
25764,9,9
25765,4,4
25766,1,1
25767,9,9
25768,1,1
25769,4,4
25770,4,4
25771,4,4
25772,0,0
25773,3,3
25774,1,1
25775,0,0
25776,7,7
25777,4,4
25778,2,2
25779,9,9
25780,5,5
25781,9,9
25782,0,0
25783,7,7
25784,5,5
25785,1,1
25786,1,1
25787,6,6
25788,8,8
25789,7,7
25790,0,0
25791,5,5
25792,5,5
25793,7,7
25794,1,1
25795,4,4
25796,2,2
25797,0,0
25798,2,2
25799,1,1
25800,6,6
25801,0,0
25802,7,7
25803,7,7
25804,6,6
25805,1,1
25806,5,5
25807,6,6
25808,0,0
25809,7,7
25810,5,5
25811,5,5
25812,1,1
25813,2,2
25814,4,4
25815,4,4
25816,5,5
25817,0,0
25818,2,2
25819,1,1
25820,7,7
25821,0,0
25822,1,1
25823,3,3
25824,1,1
25825,1,1
25826,5,5
25827,6,6
25828,0,0
25829,2,2
25830,0,0
25831,0,0
25832,5,5
25833,0,0
25834,4,4
25835,9,9
25836,7,7
25837,0,0
25838,1,1
25839,7,7
25840,7,7
25841,0,0
25842,1,1
25843,1,1
25844,5,5
25845,0,0
25846,5,5
25847,1,1
25848,5,5
25849,1,1
25850,8,8
25851,2,2
25852,5,5
25853,1,1
25854,6,6
25855,7,7
25856,5,5
25857,1,1
25858,1,1
25859,1,1
25860,9,9
25861,1,1
25862,5,5
25863,5,5
25864,1,1
25865,0,0
25866,0,0
25867,2,2
25868,0,0
25869,0,0
25870,2,2
25871,0,0
25872,0,0
25873,1,1
25874,1,1
25875,0,0
25876,9,9
25877,0,0
25878,5,5
25879,9,9
25880,7,7
25881,0,0
25882,7,7
25883,0,0
25884,5,5
25885,1,1
25886,2,2
25887,5,5
25888,0,0
25889,4,4
25890,2,2
25891,8,8
25892,4,4
25893,4,4
25894,0,0
25895,0,0
25896,7,7
25897,0,0
25898,1,1
25899,1,1
25900,0,0
25901,4,4
25902,6,6
25903,5,5
25904,0,0
25905,0,0
25906,4,4
25907,6,6
25908,5,5
25909,0,0
25910,1,1
25911,7,7
25912,6,6
25913,8,8
25914,3,3
25915,7,7
25916,6,6
25917,4,4
25918,1,1
25919,7,7
25920,7,7
25921,2,2
25922,7,7
25923,6,6
25924,7,7
25925,0,0
25926,0,0
25927,6,6
25928,3,3
25929,0,0
25930,7,7
25931,5,5
25932,3,3
25933,0,0
25934,1,1
25935,0,0
25936,7,7
25937,1,1
25938,0,0
25939,6,6
25940,1,1
25941,2,2
25942,3,3
25943,5,5
25944,4,4
25945,1,1
25946,7,7
25947,1,1
25948,1,1
25949,9,9
25950,7,7
25951,9,9
25952,3,3
25953,7,7
25954,7,7
25955,7,7
25956,0,0
25957,7,7
25958,5,5
25959,4,4
25960,3,3
25961,1,1
25962,9,9
25963,4,4
25964,8,8
25965,0,0
25966,5,5
25967,0,0
25968,7,7
25969,0,0
25970,1,1
25971,0,0
25972,0,0
25973,2,2
25974,6,6
25975,9,9
25976,7,7
25977,4,4
25978,3,3
25979,0,0
25980,3,3
25981,1,1
25982,0,0
25983,1,1
25984,7,7
25985,0,0
25986,7,7
25987,3,3
25988,7,7
25989,1,1
25990,0,0
25991,6,6
25992,5,5
25993,7,7
25994,6,6
25995,0,0
25996,7,7
25997,2,2
25998,0,0
25999,4,4
26000,0,0
26001,0,0
26002,1,1
26003,6,6
26004,0,0
26005,0,0
26006,9,9
26007,2,2
26008,7,7
26009,1,1
26010,0,0
26011,6,6
26012,6,6
26013,7,7
26014,7,7
26015,5,5
26016,4,4
26017,2,2
26018,2,2
26019,4,4
26020,7,7
26021,0,0
26022,7,7
26023,4,4
26024,7,7
26025,0,0
26026,0,0
26027,3,3
26028,2,2
26029,1,1
26030,7,7
26031,6,6
26032,9,9
26033,7,7
26034,5,5
26035,0,0
26036,2,2
26037,2,2
26038,3,3
26039,4,4
26040,3,3
26041,8,8
26042,5,5
26043,2,2
26044,3,3
26045,0,0
26046,3,3
26047,0,0
26048,7,7
26049,0,0
26050,7,7
26051,0,0
26052,4,4
26053,7,7
26054,0,0
26055,3,3
26056,0,0
26057,7,7
26058,3,3
26059,1,1
26060,0,0
26061,2,2
26062,0,0
26063,0,0
26064,0,0
26065,4,4
26066,2,2
26067,0,0
26068,5,5
26069,2,2
26070,1,1
26071,4,4
26072,1,1
26073,2,2
26074,5,5
26075,6,6
26076,0,0
26077,4,4
26078,1,1
26079,2,2
26080,0,0
26081,7,7
26082,5,5
26083,6,6
26084,2,2
26085,2,2
26086,5,5
26087,1,1
26088,1,1
26089,1,1
26090,7,7
26091,0,0
26092,4,4
26093,6,6
26094,2,2
26095,3,3
26096,1,1
26097,0,0
26098,8,8
26099,9,9
26100,7,7
26101,4,4
26102,7,7
26103,3,3
26104,1,1
26105,5,5
26106,5,5
26107,4,4
26108,8,8
26109,8,8
26110,5,5
26111,0,0
26112,2,2
26113,7,7
26114,5,5
26115,7,7
26116,0,0
26117,3,3
26118,1,1
26119,4,4
26120,6,6
26121,4,4
26122,1,1
26123,6,6
26124,5,5
26125,1,1
26126,4,4
26127,7,7
26128,0,0
26129,4,4
26130,7,7
26131,7,7
26132,0,0
26133,1,1
26134,1,1
26135,7,7
26136,2,2
26137,0,0
26138,7,7
26139,3,3
26140,1,1
26141,0,0
26142,9,9
26143,7,7
26144,9,9
26145,2,2
26146,8,8
26147,2,2
26148,7,7
26149,7,7
26150,0,0
26151,8,8
26152,1,1
26153,2,2
26154,7,7
26155,0,0
26156,7,7
26157,6,6
26158,9,9
26159,4,4
26160,4,4
26161,7,7
26162,5,5
26163,7,7
26164,6,6
26165,7,7
26166,5,5
26167,1,1
26168,4,4
26169,0,0
26170,9,9
26171,7,7
26172,8,8
26173,0,0
26174,1,1
26175,9,9
26176,3,3
26177,0,0
26178,3,3
26179,8,8
26180,4,4
26181,4,4
26182,1,1
26183,4,4
26184,3,3
26185,0,0
26186,4,4
26187,7,7
26188,1,1
26189,0,0
26190,1,1
26191,3,3
26192,5,5
26193,8,8
26194,1,1
26195,2,2
26196,7,7
26197,3,3
26198,0,0
26199,0,0
26200,2,2
26201,6,6
26202,1,1
26203,7,7
26204,7,7
26205,9,9
26206,1,1
26207,0,0
26208,0,0
26209,7,7
26210,2,2
26211,2,2
26212,5,5
26213,6,6
26214,7,7
26215,5,5
26216,0,0
26217,0,0
26218,0,0
26219,3,3
26220,0,0
26221,6,6
26222,7,7
26223,0,0
26224,6,6
26225,9,9
26226,0,0
26227,4,4
26228,7,7
26229,8,8
26230,3,3
26231,2,2
26232,8,8
26233,5,5
26234,8,8
26235,8,8
26236,2,2
26237,6,6
26238,1,1
26239,9,9
26240,9,9
26241,3,3
26242,0,0
26243,9,9
26244,7,7
26245,6,6
26246,5,5
26247,7,7
26248,2,2
26249,8,8
26250,1,1
26251,2,2
26252,2,2
26253,4,4
26254,0,0
26255,5,5
26256,3,3
26257,2,2
26258,3,3
26259,0,0
26260,4,4
26261,3,3
26262,3,3
26263,9,9
26264,5,5
26265,9,9
26266,5,5
26267,7,7
26268,1,1
26269,8,8
26270,7,7
26271,8,8
26272,8,8
26273,2,2
26274,0,0
26275,0,0
26276,0,0
26277,2,2
26278,0,0
26279,9,9
26280,6,6
26281,8,8
26282,5,5
26283,2,2
26284,7,7
26285,4,4
26286,0,0
26287,8,8
26288,0,0
26289,2,2
26290,8,8
26291,7,7
26292,3,3
26293,0,0
26294,1,1
26295,9,9
26296,0,0
26297,0,0
26298,3,3
26299,4,4
26300,7,7
26301,4,4
26302,0,0
26303,8,8
26304,0,0
26305,2,2
26306,7,7
26307,1,1
26308,3,3
26309,0,0
26310,1,1
26311,7,7
26312,9,9
26313,2,2
26314,0,0
26315,2,2
26316,0,0
26317,9,9
26318,4,4
26319,0,0
26320,7,7
26321,4,4
26322,1,1
26323,3,3
26324,7,7
26325,7,7
26326,6,6
26327,2,2
26328,2,2
26329,6,6
26330,6,6
26331,5,5
26332,5,5
26333,6,6
26334,0,0
26335,1,1
26336,5,5
26337,8,8
26338,7,7
26339,3,3
26340,6,6
26341,6,6
26342,5,5
26343,2,2
26344,3,3
26345,4,4
26346,0,0
26347,4,4
26348,7,7
26349,8,8
26350,1,1
26351,2,2
26352,5,5
26353,8,8
26354,0,0
26355,6,6
26356,0,0
26357,6,6
26358,5,5
26359,8,8
26360,7,7
26361,0,0
26362,9,9
26363,2,2
26364,7,7
26365,0,0
26366,3,3
26367,8,8
26368,7,7
26369,3,3
26370,2,2
26371,3,3
26372,5,5
26373,2,2
26374,8,8
26375,4,4
26376,4,4
26377,4,4
26378,7,7
26379,2,2
26380,3,3
26381,2,2
26382,5,5
26383,2,2
26384,4,4
26385,1,1
26386,5,5
26387,2,2
26388,1,1
26389,9,9
26390,1,1
26391,7,7
26392,4,4
26393,1,1
26394,4,4
26395,9,9
26396,4,4
26397,8,8
26398,4,4
26399,1,1
26400,5,5
26401,9,9
26402,4,4
26403,1,1
26404,2,2
26405,6,6
26406,1,1
26407,2,2
26408,3,3
26409,9,9
26410,5,5
26411,2,2
26412,7,7
26413,2,2
26414,2,2
26415,2,2
26416,5,5
26417,5,5
26418,4,4
26419,1,1
26420,1,1
26421,9,9
26422,3,3
26423,8,8
26424,0,0
26425,4,4
26426,0,0
26427,3,3
26428,0,0
26429,9,9
26430,0,0
26431,6,6
26432,7,7
26433,7,7
26434,7,7
26435,0,0
26436,2,2
26437,7,7
26438,3,3
26439,5,5
26440,5,5
26441,0,0
26442,1,1
26443,1,1
26444,4,4
26445,9,9
26446,0,0
26447,3,3
26448,7,7
26449,7,7
26450,8,8
26451,7,7
26452,4,4
26453,5,5
26454,6,6
26455,9,9
26456,5,5
26457,3,3
26458,0,0
26459,9,9
26460,2,2
26461,6,6
26462,0,0
26463,7,7
26464,7,7
26465,8,8
26466,7,7
26467,7,7
26468,6,6
26469,3,3
26470,2,2
26471,1,1
26472,4,4
26473,1,1
26474,2,2
26475,3,3
26476,9,9
26477,4,4
26478,7,7
26479,9,9
26480,0,0
26481,2,2
26482,3,3
26483,3,3
26484,2,2
26485,9,9
26486,0,0
26487,9,9
26488,1,1
26489,0,0
26490,4,4
26491,2,2
26492,1,1
26493,5,5
26494,0,0
26495,9,9
26496,8,8
26497,4,4
26498,4,4
26499,0,0
26500,0,0
26501,3,3
26502,1,1
26503,7,7
26504,8,8
26505,7,7
26506,0,0
26507,3,3
26508,3,3
26509,6,6
26510,0,0
26511,5,5
26512,5,5
26513,0,0
26514,9,9
26515,1,1
26516,4,4
26517,2,2
26518,5,5
26519,2,2
26520,9,9
26521,3,3
26522,1,1
26523,2,2
26524,4,4
26525,0,0
26526,7,7
26527,5,5
26528,5,5
26529,5,5
26530,4,4
26531,9,9
26532,2,2
26533,6,6
26534,7,7
26535,9,9
26536,0,0
26537,9,9
26538,2,2
26539,9,9
26540,6,6
26541,6,6
26542,1,1
26543,2,2
26544,2,2
26545,4,4
26546,5,5
26547,7,7
26548,7,7
26549,0,0
26550,7,7
26551,4,4
26552,2,2
26553,7,7
26554,7,7
26555,7,7
26556,1,1
26557,1,1
26558,5,5
26559,1,1
26560,1,1
26561,7,7
26562,7,7
26563,6,6
26564,5,5
26565,3,3
26566,5,5
26567,5,5
26568,8,8
26569,2,2
26570,0,0
26571,0,0
26572,7,7
26573,5,5
26574,7,7
26575,0,0
26576,4,4
26577,6,6
26578,1,1
26579,0,0
26580,2,2
26581,9,9
26582,8,8
26583,2,2
26584,1,1
26585,6,6
26586,0,0
26587,9,9
26588,1,1
26589,0,0
26590,7,7
26591,5,5
26592,2,2
26593,7,7
26594,0,0
26595,6,6
26596,7,7
26597,3,3
26598,1,1
26599,0,0
26600,5,5
26601,4,4
26602,0,0
26603,4,4
26604,1,1
26605,9,9
26606,4,4
26607,7,7
26608,3,3
26609,0,0
26610,9,9
26611,2,2
26612,8,8
26613,6,6
26614,5,5
26615,2,2
26616,1,1
26617,9,9
26618,4,4
26619,3,3
26620,3,3
26621,7,7
26622,5,5
26623,3,3
26624,6,6
26625,7,7
26626,0,0
26627,5,5
26628,2,2
26629,5,5
26630,6,6
26631,0,0
26632,7,7
26633,4,4
26634,5,5
26635,4,4
26636,4,4
26637,7,7
26638,7,7
26639,3,3
26640,2,2
26641,4,4
26642,0,0
26643,0,0
26644,7,7
26645,3,3
26646,6,6
26647,1,1
26648,8,8
26649,6,6
26650,4,4
26651,7,7
26652,5,5
26653,0,0
26654,4,4
26655,7,7
26656,3,3
26657,4,4
26658,6,6
26659,0,0
26660,2,2
26661,7,7
26662,7,7
26663,1,1
26664,7,7
26665,3,3
26666,5,5
26667,1,1
26668,0,0
26669,1,1
26670,4,4
26671,7,7
26672,0,0
26673,0,0
26674,7,7
26675,2,2
26676,2,2
26677,4,4
26678,7,7
26679,0,0
26680,2,2
26681,0,0
26682,0,0
26683,0,0
26684,8,8
26685,3,3
26686,8,8
26687,1,1
26688,6,6
26689,1,1
26690,6,6
26691,7,7
26692,7,7
26693,0,0
26694,2,2
26695,2,2
26696,1,1
26697,4,4
26698,9,9
26699,0,0
26700,7,7
26701,7,7
26702,7,7
26703,0,0
26704,0,0
26705,0,0
26706,7,7
26707,0,0
26708,8,8
26709,0,0
26710,7,7
26711,7,7
26712,3,3
26713,3,3
26714,0,0
26715,7,7
26716,4,4
26717,1,1
26718,9,9
26719,7,7
26720,2,2
26721,8,8
26722,4,4
26723,4,4
26724,7,7
26725,0,0
26726,1,1
26727,0,0
26728,3,3
26729,4,4
26730,5,5
26731,3,3
26732,7,7
26733,7,7
26734,9,9
26735,4,4
26736,5,5
26737,5,5
26738,4,4
26739,7,7
26740,6,6
26741,6,6
26742,0,0
26743,7,7
26744,7,7
26745,1,1
26746,1,1
26747,1,1
26748,4,4
26749,0,0
26750,8,8
26751,6,6
26752,0,0
26753,4,4
26754,4,4
26755,0,0
26756,4,4
26757,1,1
26758,5,5
26759,4,4
26760,7,7
26761,3,3
26762,7,7
26763,0,0
26764,0,0
26765,4,4
26766,4,4
26767,0,0
26768,4,4
26769,4,4
26770,6,6
26771,2,2
26772,1,1
26773,7,7
26774,1,1
26775,3,3
26776,7,7
26777,4,4
26778,8,8
26779,6,6
26780,1,1
26781,7,7
26782,6,6
26783,7,7
26784,3,3
26785,4,4
26786,2,2
26787,2,2
26788,6,6
26789,1,1
26790,0,0
26791,7,7
26792,4,4
26793,7,7
26794,6,6
26795,0,0
26796,4,4
26797,8,8
26798,0,0
26799,3,3
26800,6,6
26801,0,0
26802,1,1
26803,2,2
26804,2,2
26805,0,0
26806,0,0
26807,0,0
26808,5,5
26809,7,7
26810,4,4
26811,8,8
26812,1,1
26813,0,0
26814,7,7
26815,0,0
26816,0,0
26817,7,7
26818,3,3
26819,4,4
26820,3,3
26821,6,6
26822,0,0
26823,2,2
26824,7,7
26825,7,7
26826,0,0
26827,1,1
26828,0,0
26829,0,0
26830,7,7
26831,7,7
26832,3,3
26833,5,5
26834,5,5
26835,1,1
26836,3,3
26837,0,0
26838,5,5
26839,0,0
26840,3,3
26841,4,4
26842,7,7
26843,3,3
26844,8,8
26845,0,0
26846,0,0
26847,0,0
26848,4,4
26849,1,1
26850,7,7
26851,0,0
26852,2,2
26853,3,3
26854,8,8
26855,8,8
26856,7,7
26857,2,2
26858,0,0
26859,3,3
26860,0,0
26861,8,8
26862,8,8
26863,0,0
26864,0,0
26865,0,0
26866,7,7
26867,1,1
26868,2,2
26869,5,5
26870,0,0
26871,7,7
26872,1,1
26873,8,8
26874,4,4
26875,6,6
26876,2,2
26877,8,8
26878,1,1
26879,8,8
26880,7,7
26881,3,3
26882,3,3
26883,6,6
26884,4,4
26885,0,0
26886,0,0
26887,9,9
26888,6,6
26889,4,4
26890,5,5
26891,9,9
26892,1,1
26893,2,2
26894,8,8
26895,0,0
26896,7,7
26897,8,8
26898,9,9
26899,6,6
26900,9,9
26901,2,2
26902,0,0
26903,3,3
26904,5,5
26905,1,1
26906,0,0
26907,6,6
26908,0,0
26909,2,2
26910,1,1
26911,0,0
26912,4,4
26913,7,7
26914,1,1
26915,4,4
26916,0,0
26917,0,0
26918,7,7
26919,7,7
26920,4,4
26921,0,0
26922,9,9
26923,3,3
26924,1,1
26925,1,1
26926,7,7
26927,6,6
26928,7,7
26929,2,2
26930,3,3
26931,4,4
26932,9,9
26933,8,8
26934,9,9
26935,2,2
26936,7,7
26937,3,3
26938,5,5
26939,1,1
26940,2,2
26941,6,6
26942,0,0
26943,7,7
26944,1,1
26945,8,8
26946,4,4
26947,2,2
26948,2,2
26949,0,0
26950,5,5
26951,9,9
26952,2,2
26953,2,2
26954,5,5
26955,4,4
26956,6,6
26957,8,8
26958,4,4
26959,9,9
26960,1,1
26961,1,1
26962,4,4
26963,8,8
26964,8,8
26965,7,7
26966,0,0
26967,8,8
26968,1,1
26969,8,8
26970,8,8
26971,2,2
26972,2,2
26973,0,0
26974,6,6
26975,7,7
26976,8,8
26977,4,4
26978,2,2
26979,3,3
26980,3,3
26981,2,2
26982,8,8
26983,4,4
26984,1,1
26985,8,8
26986,9,9
26987,2,2
26988,4,4
26989,2,2
26990,3,3
26991,9,9
26992,5,5
26993,9,9
26994,1,1
26995,2,2
26996,7,7
26997,8,8
26998,1,1
26999,3,3
27000,7,7
27001,8,8
27002,7,7
27003,9,9
27004,5,5
27005,8,8
27006,4,4
27007,0,0
27008,2,2
27009,3,3
27010,6,6
27011,1,1
27012,1,1
27013,1,1
27014,5,5
27015,0,0
27016,0,0
27017,2,2
27018,1,1
27019,4,4
27020,9,9
27021,4,4
27022,7,7
27023,3,3
27024,7,7
27025,1,1
27026,5,5
27027,2,2
27028,1,1
27029,7,7
27030,2,2
27031,2,2
27032,7,7
27033,9,9
27034,9,9
27035,3,3
27036,0,0
27037,0,0
27038,2,2
27039,8,8
27040,0,0
27041,8,8
27042,2,2
27043,7,7
27044,5,5
27045,2,2
27046,4,4
27047,7,7
27048,7,7
27049,2,2
27050,3,3
27051,7,7
27052,9,9
27053,7,7
27054,0,0
27055,0,0
27056,0,0
27057,8,8
27058,8,8
27059,8,8
27060,7,7
27061,9,9
27062,5,5
27063,9,9
27064,1,1
27065,2,2
27066,8,8
27067,7,7
27068,1,1
27069,3,3
27070,2,2
27071,1,1
27072,2,2
27073,4,4
27074,0,0
27075,7,7
27076,2,2
27077,5,5
27078,7,7
27079,7,7
27080,5,5
27081,4,4
27082,3,3
27083,0,0
27084,7,7
27085,7,7
27086,9,9
27087,0,0
27088,0,0
27089,3,3
27090,4,4
27091,1,1
27092,3,3
27093,6,6
27094,3,3
27095,7,7
27096,7,7
27097,5,5
27098,8,8
27099,7,7
27100,2,2
27101,4,4
27102,0,0
27103,8,8
27104,1,1
27105,7,7
27106,2,2
27107,0,0
27108,6,6
27109,3,3
27110,5,5
27111,1,1
27112,5,5
27113,7,7
27114,3,3
27115,7,7
27116,0,0
27117,7,7
27118,2,2
27119,4,4
27120,7,7
27121,7,7
27122,7,7
27123,1,1
27124,1,1
27125,5,5
27126,0,0
27127,7,7
27128,0,0
27129,0,0
27130,5,5
27131,6,6
27132,7,7
27133,7,7
27134,4,4
27135,7,7
27136,1,1
27137,3,3
27138,1,1
27139,4,4
27140,7,7
27141,5,5
27142,9,9
27143,7,7
27144,0,0
27145,3,3
27146,7,7
27147,7,7
27148,3,3
27149,4,4
27150,6,6
27151,0,0
27152,7,7
27153,3,3
27154,7,7
27155,6,6
27156,7,7
27157,5,5
27158,1,1
27159,1,1
27160,7,7
27161,4,4
27162,6,6
27163,0,0
27164,5,5
27165,7,7
27166,8,8
27167,7,7
27168,1,1
27169,4,4
27170,3,3
27171,6,6
27172,1,1
27173,7,7
27174,5,5
27175,4,4
27176,5,5
27177,7,7
27178,6,6
27179,2,2
27180,5,5
27181,7,7
27182,1,1
27183,7,7
27184,0,0
27185,7,7
27186,6,6
27187,1,1
27188,6,6
27189,5,5
27190,5,5
27191,0,0
27192,6,6
27193,4,4
27194,1,1
27195,7,7
27196,5,5
27197,7,7
27198,4,4
27199,0,0
27200,3,3
27201,1,1
27202,9,9
27203,0,0
27204,2,2
27205,1,1
27206,3,3
27207,1,1
27208,4,4
27209,3,3
27210,1,1
27211,7,7
27212,7,7
27213,5,5
27214,7,7
27215,6,6
27216,0,0
27217,4,4
27218,0,0
27219,0,0
27220,8,8
27221,5,5
27222,0,0
27223,6,6
27224,2,2
27225,4,4
27226,5,5
27227,5,5
27228,7,7
27229,6,6
27230,5,5
27231,0,0
27232,7,7
27233,7,7
27234,5,5
27235,0,0
27236,2,2
27237,0,0
27238,7,7
27239,6,6
27240,5,5
27241,7,7
27242,1,1
27243,4,4
27244,4,4
27245,1,1
27246,3,3
27247,3,3
27248,7,7
27249,4,4
27250,1,1
27251,2,2
27252,9,9
27253,2,2
27254,9,9
27255,2,2
27256,1,1
27257,3,3
27258,6,6
27259,7,7
27260,0,0
27261,7,7
27262,1,1
27263,7,7
27264,9,9
27265,0,0
27266,1,1
27267,5,5
27268,5,5
27269,7,7
27270,1,1
27271,3,3
27272,5,5
27273,5,5
27274,7,7
27275,4,4
27276,1,1
27277,5,5
27278,7,7
27279,7,7
27280,3,3
27281,3,3
27282,7,7
27283,3,3
27284,1,1
27285,4,4
27286,2,2
27287,7,7
27288,9,9
27289,3,3
27290,3,3
27291,7,7
27292,8,8
27293,2,2
27294,7,7
27295,0,0
27296,0,0
27297,1,1
27298,4,4
27299,7,7
27300,1,1
27301,1,1
27302,5,5
27303,4,4
27304,8,8
27305,3,3
27306,4,4
27307,4,4
27308,0,0
27309,1,1
27310,7,7
27311,6,6
27312,7,7
27313,7,7
27314,2,2
27315,5,5
27316,7,7
27317,7,7
27318,3,3
27319,4,4
27320,2,2
27321,0,0
27322,3,3
27323,0,0
27324,2,2
27325,5,5
27326,3,3
27327,3,3
27328,3,3
27329,1,1
27330,1,1
27331,7,7
27332,3,3
27333,7,7
27334,5,5
27335,5,5
27336,1,1
27337,7,7
27338,4,4
27339,5,5
27340,0,0
27341,5,5
27342,0,0
27343,4,4
27344,5,5
27345,1,1
27346,5,5
27347,6,6
27348,9,9
27349,7,7
27350,2,2
27351,5,5
27352,0,0
27353,3,3
27354,1,1
27355,4,4
27356,6,6
27357,5,5
27358,1,1
27359,7,7
27360,0,0
27361,0,0
27362,7,7
27363,4,4
27364,0,0
27365,5,5
27366,7,7
27367,7,7
27368,0,0
27369,4,4
27370,5,5
27371,0,0
27372,2,2
27373,0,0
27374,6,6
27375,7,7
27376,6,6
27377,7,7
27378,2,2
27379,5,5
27380,3,3
27381,0,0
27382,4,4
27383,0,0
27384,1,1
27385,6,6
27386,7,7
27387,5,5
27388,1,1
27389,7,7
27390,5,5
27391,5,5
27392,9,9
27393,7,7
27394,3,3
27395,3,3
27396,1,1
27397,5,5
27398,5,5
27399,2,2
27400,0,0
27401,3,3
27402,4,4
27403,7,7
27404,4,4
27405,4,4
27406,0,0
27407,3,3
27408,7,7
27409,1,1
27410,1,1
27411,4,4
27412,9,9
27413,7,7
27414,4,4
27415,5,5
27416,7,7
27417,7,7
27418,0,0
27419,7,7
27420,7,7
27421,7,7
27422,2,2
27423,7,7
27424,5,5
27425,2,2
27426,6,6
27427,3,3
27428,7,7
27429,6,6
27430,5,5
27431,7,7
27432,6,6
27433,0,0
27434,6,6
27435,7,7
27436,3,3
27437,5,5
27438,4,4
27439,1,1
27440,8,8
27441,7,7
27442,4,4
27443,7,7
27444,6,6
27445,3,3
27446,3,3
27447,7,7
27448,8,8
27449,4,4
27450,0,0
27451,6,6
27452,2,2
27453,5,5
27454,9,9
27455,1,1
27456,8,8
27457,1,1
27458,7,7
27459,7,7
27460,0,0
27461,1,1
27462,3,3
27463,0,0
27464,1,1
27465,1,1
27466,3,3
27467,7,7
27468,0,0
27469,7,7
27470,6,6
27471,7,7
27472,6,6
27473,5,5
27474,1,1
27475,6,6
27476,0,0
27477,3,3
27478,7,7
27479,5,5
27480,7,7
27481,5,5
27482,2,2
27483,4,4
27484,4,4
27485,0,0
27486,1,1
27487,5,5
27488,7,7
27489,1,1
27490,0,0
27491,4,4
27492,3,3
27493,7,7
27494,5,5
27495,0,0
27496,5,5
27497,0,0
27498,0,0
27499,7,7
27500,7,7
27501,1,1
27502,1,1
27503,2,2
27504,4,4
27505,4,4
27506,1,1
27507,0,0
27508,2,2
27509,1,1
27510,7,7
27511,5,5
27512,3,3
27513,0,0
27514,5,5
27515,5,5
27516,8,8
27517,0,0
27518,7,7
27519,5,5
27520,6,6
27521,0,0
27522,6,6
27523,4,4
27524,7,7
27525,6,6
27526,7,7
27527,6,6
27528,1,1
27529,5,5
27530,4,4
27531,1,1
27532,1,1
27533,5,5
27534,7,7
27535,7,7
27536,4,4
27537,7,7
27538,0,0
27539,7,7
27540,7,7
27541,7,7
27542,8,8
27543,0,0
27544,2,2
27545,7,7
27546,0,0
27547,3,3
27548,6,6
27549,9,9
27550,3,3
27551,6,6
27552,5,5
27553,7,7
27554,0,0
27555,8,8
27556,7,7
27557,2,2
27558,9,9
27559,4,4
27560,7,7
27561,8,8
27562,1,1
27563,2,2
27564,1,1
27565,8,8
27566,5,5
27567,3,3
27568,7,7
27569,9,9
27570,2,2
27571,6,6
27572,1,1
27573,7,7
27574,8,8
27575,5,5
27576,7,7
27577,0,0
27578,1,1
27579,2,2
27580,3,3
27581,8,8
27582,1,1
27583,3,3
27584,5,5
27585,9,9
27586,5,5
27587,6,6
27588,0,0
27589,7,7
27590,1,1
27591,8,8
27592,8,8
27593,2,2
27594,7,7
27595,4,4
27596,0,0
27597,8,8
27598,1,1
27599,2,2
27600,6,6
27601,8,8
27602,7,7
27603,3,3
27604,1,1
27605,0,0
27606,2,2
27607,7,7
27608,2,2
27609,3,3
27610,0,0
27611,8,8
27612,5,5
27613,2,2
27614,8,8
27615,8,8
27616,2,2
27617,0,0
27618,7,7
27619,9,9
27620,3,3
27621,0,0
27622,4,4
27623,8,8
27624,4,4
27625,0,0
27626,0,0
27627,7,7
27628,3,3
27629,9,9
27630,1,1
27631,3,3
27632,9,9
27633,3,3
27634,9,9
27635,8,8
27636,9,9
27637,2,2
27638,3,3
27639,9,9
27640,7,7
27641,6,6
27642,4,4
27643,6,6
27644,7,7
27645,6,6
27646,7,7
27647,8,8
27648,7,7
27649,7,7
27650,0,0
27651,7,7
27652,6,6
27653,4,4
27654,0,0
27655,4,4
27656,7,7
27657,9,9
27658,7,7
27659,3,3
27660,7,7
27661,0,0
27662,9,9
27663,2,2
27664,6,6
27665,9,9
27666,7,7
27667,8,8
27668,7,7
27669,4,4
27670,7,7
27671,7,7
27672,6,6
27673,5,5
27674,2,2
27675,7,7
27676,5,5
27677,9,9
27678,7,7
27679,8,8
27680,6,6
27681,9,9
27682,4,4
27683,0,0
27684,9,9
27685,4,4
27686,5,5
27687,2,2
27688,5,5
27689,5,5
27690,7,7
27691,7,7
27692,0,0
27693,9,9
27694,5,5
27695,8,8
27696,9,9
27697,2,2
27698,0,0
27699,7,7
27700,0,0
27701,7,7
27702,4,4
27703,6,6
27704,4,4
27705,8,8
27706,1,1
27707,9,9
27708,4,4
27709,0,0
27710,0,0
27711,2,2
27712,3,3
27713,5,5
27714,0,0
27715,5,5
27716,0,0
27717,8,8
27718,7,7
27719,7,7
27720,3,3
27721,6,6
27722,0,0
27723,8,8
27724,4,4
27725,8,8
27726,7,7
27727,7,7
27728,0,0
27729,9,9
27730,0,0
27731,8,8
27732,5,5
27733,2,2
27734,0,0
27735,5,5
27736,6,6
27737,1,1
27738,5,5
27739,8,8
27740,2,2
27741,7,7
27742,8,8
27743,5,5
27744,1,1
27745,7,7
27746,1,1
27747,8,8
27748,0,0
27749,3,3
27750,4,4
27751,9,9
27752,6,6
27753,6,6
27754,1,1
27755,3,3
27756,0,0
27757,4,4
27758,5,5
27759,9,9
27760,2,2
27761,6,6
27762,2,2
27763,7,7
27764,7,7
27765,0,0
27766,8,8
27767,4,4
27768,6,6
27769,4,4
27770,7,7
27771,0,0
27772,1,1
27773,5,5
27774,0,0
27775,4,4
27776,5,5
27777,7,7
27778,7,7
27779,0,0
27780,2,2
27781,6,6
27782,5,5
27783,5,5
27784,7,7
27785,9,9
27786,7,7
27787,2,2
27788,3,3
27789,9,9
27790,9,9
27791,1,1
27792,1,1
27793,9,9
27794,4,4
27795,1,1
27796,4,4
27797,6,6
27798,7,7
27799,5,5
27800,5,5
27801,7,7
27802,2,2
27803,7,7
27804,7,7
27805,3,3
27806,2,2
27807,4,4
27808,8,8
27809,9,9
27810,6,6
27811,2,2
27812,9,9
27813,7,7
27814,2,2
27815,8,8
27816,1,1
27817,8,8
27818,2,2
27819,2,2
27820,3,3
27821,9,9
27822,9,9
27823,8,8
27824,5,5
27825,9,9
27826,5,5
27827,8,8
27828,7,7
27829,7,7
27830,0,0
27831,9,9
27832,5,5
27833,4,4
27834,6,6
27835,7,7
27836,1,1
27837,9,9
27838,1,1
27839,0,0
27840,0,0
27841,3,3
27842,4,4
27843,8,8
27844,6,6
27845,4,4
27846,5,5
27847,7,7
27848,5,5
27849,2,2
27850,4,4
27851,2,2
27852,7,7
27853,8,8
27854,3,3
27855,9,9
27856,7,7
27857,8,8
27858,4,4
27859,3,3
27860,7,7
27861,7,7
27862,1,1
27863,0,0
27864,6,6
27865,3,3
27866,7,7
27867,8,8
27868,0,0
27869,6,6
27870,7,7
27871,1,1
27872,8,8
27873,8,8
27874,6,6
27875,9,9
27876,0,0
27877,3,3
27878,6,6
27879,9,9
27880,4,4
27881,8,8
27882,5,5
27883,6,6
27884,5,5
27885,9,9
27886,1,1
27887,4,4
27888,7,7
27889,2,2
27890,4,4
27891,2,2
27892,2,2
27893,3,3
27894,3,3
27895,1,1
27896,9,9
27897,6,6
27898,8,8
27899,3,3
27900,2,2
27901,4,4
27902,0,0
27903,2,2
27904,0,0
27905,4,4
27906,8,8
27907,2,2
27908,1,1
27909,8,8
27910,2,2
27911,3,3
27912,5,5
27913,1,1
27914,0,0
27915,1,1
27916,8,8
27917,7,7
27918,7,7
27919,0,0
27920,1,1
27921,2,2
27922,5,5
27923,4,4
27924,9,9
27925,0,0
27926,5,5
27927,2,2
27928,3,3
27929,0,0
27930,2,2
27931,3,3
27932,0,0
27933,1,1
27934,4,4
27935,6,6
27936,3,3
27937,7,7
27938,0,0
27939,2,2
27940,4,4
27941,2,2
27942,2,2
27943,4,4
27944,0,0
27945,0,0
27946,7,7
27947,2,2
27948,5,5
27949,0,0
27950,8,8
27951,3,3
27952,2,2
27953,0,0
27954,0,0
27955,0,0
27956,8,8
27957,6,6
27958,2,2
27959,5,5
27960,7,7
27961,1,1
27962,5,5
27963,2,2
27964,7,7
27965,4,4
27966,2,2
27967,1,1
27968,1,1
27969,1,1
27970,0,0
27971,0,0
27972,7,7
27973,2,2
27974,2,2
27975,2,2
27976,8,8
27977,2,2
27978,1,1
27979,5,5
27980,0,0
27981,4,4
27982,3,3
27983,0,0
27984,1,1
27985,3,3
27986,0,0
27987,7,7
27988,7,7
27989,6,6
27990,3,3
27991,4,4
27992,4,4
27993,0,0
27994,8,8
27995,2,2
27996,2,2
27997,2,2
27998,7,7
27999,2,2
28000,1,1
28001,4,4
28002,3,3
28003,2,2
28004,5,5
28005,0,0
28006,1,1
28007,5,5
28008,0,0
28009,8,8
28010,2,2
28011,8,8
28012,0,0
28013,6,6
28014,6,6
28015,1,1
28016,3,3
28017,1,1
28018,1,1
28019,1,1
28020,0,0
28021,6,6
28022,0,0
28023,2,2
28024,3,3
28025,0,0
28026,1,1
28027,4,4
28028,5,5
28029,2,2
28030,3,3
28031,7,7
28032,1,1
28033,2,2
28034,5,5
28035,1,1
28036,8,8
28037,7,7
28038,1,1
28039,4,4
28040,8,8
28041,3,3
28042,9,9
28043,0,0
28044,3,3
28045,2,2
28046,2,2
28047,0,0
28048,8,8
28049,0,0
28050,6,6
28051,8,8
28052,6,6
28053,8,8
28054,2,2
28055,0,0
28056,1,1
28057,2,2
28058,8,8
28059,6,6
28060,8,8
28061,0,0
28062,0,0
28063,1,1
28064,8,8
28065,2,2
28066,9,9
28067,6,6
28068,6,6
28069,1,1
28070,4,4
28071,0,0
28072,3,3
28073,0,0
28074,6,6
28075,7,7
28076,7,7
28077,6,6
28078,6,6
28079,3,3
28080,5,5
28081,0,0
28082,0,0
28083,4,4
28084,4,4
28085,4,4
28086,1,1
28087,0,0
28088,0,0
28089,0,0
28090,9,9
28091,6,6
28092,8,8
28093,2,2
28094,1,1
28095,6,6
28096,5,5
28097,2,2
28098,1,1
28099,1,1
28100,1,1
28101,3,3
28102,5,5
28103,2,2
28104,4,4
28105,3,3
28106,8,8
28107,2,2
28108,3,3
28109,5,5
28110,1,1
28111,7,7
28112,6,6
28113,0,0
28114,5,5
28115,4,4
28116,2,2
28117,0,0
28118,8,8
28119,7,7
28120,1,1
28121,5,5
28122,7,7
28123,2,2
28124,0,0
28125,3,3
28126,6,6
28127,4,4
28128,5,5
28129,0,0
28130,1,1
28131,3,3
28132,5,5
28133,1,1
28134,1,1
28135,8,8
28136,5,5
28137,7,7
28138,0,0
28139,0,0
28140,6,6
28141,7,7
28142,4,4
28143,4,4
28144,7,7
28145,0,0
28146,0,0
28147,2,2
28148,2,2
28149,0,0
28150,1,1
28151,3,3
28152,7,7
28153,9,9
28154,9,9
28155,6,6
28156,9,9
28157,7,7
28158,0,0
28159,5,5
28160,3,3
28161,2,2
28162,7,7
28163,4,4
28164,0,0
28165,3,3
28166,1,1
28167,9,9
28168,0,0
28169,6,6
28170,4,4
28171,7,7
28172,5,5
28173,5,5
28174,7,7
28175,2,2
28176,8,8
28177,4,4
28178,1,1
28179,8,8
28180,8,8
28181,2,2
28182,7,7
28183,8,8
28184,1,1
28185,6,6
28186,3,3
28187,1,1
28188,7,7
28189,6,6
28190,9,9
28191,9,9
28192,7,7
28193,2,2
28194,8,8
28195,5,5
28196,1,1
28197,5,5
28198,7,7
28199,0,0
28200,7,7
28201,8,8
28202,3,3
28203,3,3
28204,7,7
28205,8,8
28206,2,2
28207,8,8
28208,1,1
28209,7,7
28210,1,1
28211,0,0
28212,7,7
28213,0,0
28214,1,1
28215,0,0
28216,4,4
28217,0,0
28218,6,6
28219,0,0
28220,0,0
28221,3,3
28222,5,5
28223,1,1
28224,7,7
28225,5,5
28226,3,3
28227,5,5
28228,6,6
28229,8,8
28230,3,3
28231,7,7
28232,1,1
28233,2,2
28234,5,5
28235,1,1
28236,1,1
28237,0,0
28238,1,1
28239,0,0
28240,0,0
28241,2,2
28242,3,3
28243,0,0
28244,1,1
28245,9,9
28246,1,1
28247,2,2
28248,8,8
28249,4,4
28250,9,9
28251,4,4
28252,7,7
28253,5,5
28254,0,0
28255,4,4
28256,7,7
28257,3,3
28258,2,2
28259,7,7
28260,1,1
28261,7,7
28262,0,0
28263,7,7
28264,1,1
28265,7,7
28266,6,6
28267,7,7
28268,6,6
28269,6,6
28270,0,0
28271,7,7
28272,5,5
28273,8,8
28274,3,3
28275,6,6
28276,7,7
28277,7,7
28278,6,6
28279,0,0
28280,9,9
28281,4,4
28282,7,7
28283,8,8
28284,6,6
28285,6,6
28286,3,3
28287,4,4
28288,8,8
28289,6,6
28290,5,5
28291,9,9
28292,9,9
28293,6,6
28294,6,6
28295,3,3
28296,3,3
28297,2,2
28298,0,0
28299,2,2
28300,1,1
28301,2,2
28302,4,4
28303,7,7
28304,0,0
28305,2,2
28306,9,9
28307,2,2
28308,0,0
28309,0,0
28310,5,5
28311,0,0
28312,5,5
28313,5,5
28314,8,8
28315,2,2
28316,1,1
28317,3,3
28318,1,1
28319,0,0
28320,4,4
28321,1,1
28322,1,1
28323,3,3
28324,6,6
28325,3,3
28326,4,4
28327,8,8
28328,3,3
28329,0,0
28330,0,0
28331,9,9
28332,7,7
28333,4,4
28334,1,1
28335,6,6
28336,7,7
28337,0,0
28338,2,2
28339,4,4
28340,2,2
28341,2,2
28342,7,7
28343,7,7
28344,1,1
28345,2,2
28346,8,8
28347,6,6
28348,2,2
28349,9,9
28350,9,9
28351,4,4
28352,7,7
28353,4,4
28354,5,5
28355,9,9
28356,2,2
28357,9,9
28358,2,2
28359,0,0
28360,2,2
28361,9,9
28362,9,9
28363,9,9
28364,1,1
28365,3,3
28366,6,6
28367,1,1
28368,7,7
28369,7,7
28370,6,6
28371,7,7
28372,7,7
28373,5,5
28374,0,0
28375,0,0
28376,9,9
28377,4,4
28378,1,1
28379,0,0
28380,7,7
28381,2,2
28382,1,1
28383,0,0
28384,2,2
28385,3,3
28386,4,4
28387,1,1
28388,1,1
28389,7,7
28390,7,7
28391,7,7
28392,1,1
28393,0,0
28394,1,1
28395,3,3
28396,5,5
28397,4,4
28398,5,5
28399,0,0
28400,4,4
28401,2,2
28402,3,3
28403,3,3
28404,9,9
28405,1,1
28406,7,7
28407,7,7
28408,3,3
28409,7,7
28410,2,2
28411,1,1
28412,5,5
28413,2,2
28414,7,7
28415,4,4
28416,5,5
28417,8,8
28418,4,4
28419,2,2
28420,1,1
28421,0,0
28422,5,5
28423,4,4
28424,5,5
28425,4,4
28426,5,5
28427,3,3
28428,3,3
28429,0,0
28430,7,7
28431,7,7
28432,2,2
28433,7,7
28434,2,2
28435,4,4
28436,6,6
28437,8,8
28438,4,4
28439,1,1
28440,4,4
28441,7,7
28442,0,0
28443,0,0
28444,7,7
28445,0,0
28446,5,5
28447,0,0
28448,0,0
28449,5,5
28450,8,8
28451,3,3
28452,3,3
28453,7,7
28454,5,5
28455,2,2
28456,3,3
28457,3,3
28458,7,7
28459,4,4
28460,0,0
28461,5,5
28462,5,5
28463,0,0
28464,5,5
28465,2,2
28466,3,3
28467,4,4
28468,5,5
28469,2,2
28470,2,2
28471,4,4
28472,7,7
28473,0,0
28474,7,7
28475,8,8
28476,7,7
28477,2,2
28478,7,7
28479,9,9
28480,7,7
28481,0,0
28482,9,9
28483,0,0
28484,9,9
28485,7,7
28486,3,3
28487,0,0
28488,9,9
28489,3,3
28490,2,2
28491,8,8
28492,0,0
28493,5,5
28494,6,6
28495,2,2
28496,4,4
28497,4,4
28498,7,7
28499,7,7
28500,5,5
28501,5,5
28502,1,1
28503,0,0
28504,2,2
28505,4,4
28506,7,7
28507,4,4
28508,1,1
28509,5,5
28510,3,3
28511,2,2
28512,5,5
28513,1,1
28514,0,0
28515,7,7
28516,1,1
28517,5,5
28518,0,0
28519,3,3
28520,0,0
28521,1,1
28522,1,1
28523,0,0
28524,1,1
28525,4,4
28526,2,2
28527,7,7
28528,7,7
28529,0,0
28530,0,0
28531,9,9
28532,0,0
28533,7,7
28534,7,7
28535,0,0
28536,2,2
28537,6,6
28538,8,8
28539,0,0
28540,3,3
28541,0,0
28542,0,0
28543,3,3
28544,6,6
28545,1,1
28546,3,3
28547,0,0
28548,4,4
28549,4,4
28550,5,5
28551,0,0
28552,4,4
28553,0,0
28554,1,1
28555,6,6
28556,6,6
28557,1,1
28558,0,0
28559,7,7
28560,6,6
28561,7,7
28562,5,5
28563,8,8
28564,9,9
28565,3,3
28566,6,6
28567,7,7
28568,1,1
28569,1,1
28570,2,2
28571,7,7
28572,4,4
28573,5,5
28574,5,5
28575,0,0
28576,4,4
28577,1,1
28578,0,0
28579,2,2
28580,2,2
28581,8,8
28582,0,0
28583,9,9
28584,0,0
28585,4,4
28586,1,1
28587,8,8
28588,5,5
28589,2,2
28590,4,4
28591,4,4
28592,7,7
28593,3,3
28594,5,5
28595,2,2
28596,7,7
28597,8,8
28598,0,0
28599,0,0
28600,8,8
28601,0,0
28602,4,4
28603,7,7
28604,0,0
28605,4,4
28606,7,7
28607,3,3
28608,0,0
28609,9,9
28610,5,5
28611,6,6
28612,2,2
28613,2,2
28614,5,5
28615,8,8
28616,4,4
28617,9,9
28618,0,0
28619,4,4
28620,0,0
28621,8,8
28622,1,1
28623,2,2
28624,0,0
28625,0,0
28626,7,7
28627,3,3
28628,3,3
28629,9,9
28630,7,7
28631,6,6
28632,5,5
28633,3,3
28634,8,8
28635,8,8
28636,8,8
28637,9,9
28638,5,5
28639,4,4
28640,6,6
28641,8,8
28642,6,6
28643,2,2
28644,5,5
28645,8,8
28646,1,1
28647,3,3
28648,1,1
28649,9,9
28650,1,1
28651,6,6
28652,5,5
28653,6,6
28654,1,1
28655,8,8
28656,1,1
28657,9,9
28658,7,7
28659,4,4
28660,1,1
28661,8,8
28662,7,7
28663,2,2
28664,1,1
28665,8,8
28666,8,8
28667,3,3
28668,7,7
28669,8,8
28670,5,5
28671,3,3
28672,6,6
28673,9,9
28674,0,0
28675,0,0
28676,5,5
28677,8,8
28678,4,4
28679,9,9
28680,4,4
28681,9,9
28682,7,7
28683,8,8
28684,6,6
28685,6,6
28686,9,9
28687,2,2
28688,9,9
28689,8,8
28690,3,3
28691,8,8
28692,3,3
28693,2,2
28694,7,7
28695,9,9
28696,8,8
28697,8,8
28698,4,4
28699,2,2
28700,0,0
28701,6,6
28702,4,4
28703,8,8
28704,4,4
28705,8,8
28706,0,0
28707,2,2
28708,9,9
28709,2,2
28710,2,2
28711,4,4
28712,5,5
28713,0,0
28714,3,3
28715,0,0
28716,7,7
28717,9,9
28718,1,1
28719,2,2
28720,5,5
28721,4,4
28722,5,5
28723,8,8
28724,1,1
28725,3,3
28726,2,2
28727,4,4
28728,5,5
28729,2,2
28730,8,8
28731,6,6
28732,7,7
28733,4,4
28734,7,7
28735,2,2
28736,1,1
28737,8,8
28738,1,1
28739,2,2
28740,3,3
28741,4,4
28742,7,7
28743,9,9
28744,9,9
28745,8,8
28746,3,3
28747,8,8
28748,7,7
28749,2,2
28750,5,5
28751,2,2
28752,7,7
28753,8,8
28754,5,5
28755,3,3
28756,4,4
28757,6,6
28758,4,4
28759,2,2
28760,7,7
28761,0,0
28762,2,2
28763,3,3
28764,8,8
28765,8,8
28766,2,2
28767,0,0
28768,2,2
28769,9,9
28770,4,4
28771,2,2
28772,3,3
28773,2,2
28774,0,0
28775,8,8
28776,4,4
28777,9,9
28778,7,7
28779,2,2
28780,6,6
28781,8,8
28782,2,2
28783,8,8
28784,3,3
28785,9,9
28786,6,6
28787,6,6
28788,2,2
28789,8,8
28790,8,8
28791,8,8
28792,9,9
28793,9,9
28794,1,1
28795,6,6
28796,7,7
28797,4,4
28798,4,4
28799,8,8
28800,5,5
28801,6,6
28802,2,2
28803,9,9
28804,1,1
28805,4,4
28806,0,0
28807,4,4
28808,0,0
28809,3,3
28810,4,4
28811,6,6
28812,0,0
28813,2,2
28814,3,3
28815,9,9
28816,3,3
28817,4,4
28818,3,3
28819,9,9
28820,7,7
28821,3,3
28822,1,1
28823,9,9
28824,3,3
28825,2,2
28826,7,7
28827,9,9
28828,1,1
28829,4,4
28830,4,4
28831,9,9
28832,7,7
28833,8,8
28834,1,1
28835,3,3
28836,1,1
28837,9,9
28838,5,5
28839,6,6
28840,2,2
28841,2,2
28842,6,6
28843,8,8
28844,5,5
28845,8,8
28846,5,5
28847,4,4
28848,0,0
28849,8,8
28850,1,1
28851,2,2
28852,0,0
28853,8,8
28854,0,0
28855,3,3
28856,7,7
28857,9,9
28858,7,7
28859,6,6
28860,5,5
28861,2,2
28862,9,9
28863,8,8
28864,0,0
28865,2,2
28866,5,5
28867,4,4
28868,7,7
28869,8,8
28870,4,4
28871,2,2
28872,6,6
28873,8,8
28874,2,2
28875,3,3
28876,4,4
28877,9,9
28878,1,1
28879,6,6
28880,0,0
28881,2,2
28882,7,7
28883,4,4
28884,2,2
28885,8,8
28886,2,2
28887,2,2
28888,3,3
28889,0,0
28890,4,4
28891,2,2
28892,1,1
28893,9,9
28894,1,1
28895,3,3
28896,3,3
28897,8,8
28898,5,5
28899,2,2
28900,2,2
28901,9,9
28902,0,0
28903,2,2
28904,3,3
28905,4,4
28906,1,1
28907,8,8
28908,5,5
28909,9,9
28910,3,3
28911,8,8
28912,4,4
28913,2,2
28914,0,0
28915,2,2
28916,7,7
28917,8,8
28918,7,7
28919,8,8
28920,3,3
28921,8,8
28922,1,1
28923,3,3
28924,7,7
28925,9,9
28926,0,0
28927,8,8
28928,5,5
28929,6,6
28930,5,5
28931,2,2
28932,6,6
28933,8,8
28934,4,4
28935,2,2
28936,7,7
28937,6,6
28938,0,0
28939,2,2
28940,2,2
28941,8,8
28942,8,8
28943,4,4
28944,9,9
28945,3,3
28946,5,5
28947,4,4
28948,5,5
28949,2,2
28950,7,7
28951,3,3
28952,7,7
28953,2,2
28954,1,1
28955,7,7
28956,8,8
28957,7,7
28958,5,5
28959,2,2
28960,0,0
28961,9,9
28962,1,1
28963,8,8
28964,1,1
28965,3,3
28966,4,4
28967,4,4
28968,3,3
28969,9,9
28970,1,1
28971,3,3
28972,0,0
28973,3,3
28974,7,7
28975,4,4
28976,0,0
28977,6,6
28978,1,1
28979,9,9
28980,8,8
28981,9,9
28982,0,0
28983,2,2
28984,5,5
28985,6,6
28986,0,0
28987,7,7
28988,5,5
28989,2,2
28990,5,5
28991,8,8
28992,3,3
28993,3,3
28994,2,2
28995,2,2
28996,5,5
28997,4,4
28998,6,6
28999,2,2
29000,6,6
29001,8,8
29002,8,8
29003,8,8
29004,6,6
29005,2,2
29006,4,4
29007,8,8
29008,2,2
29009,8,8
29010,0,0
29011,8,8
29012,0,0
29013,2,2
29014,7,7
29015,4,4
29016,2,2
29017,6,6
29018,0,0
29019,6,6
29020,4,4
29021,2,2
29022,5,5
29023,2,2
29024,5,5
29025,6,6
29026,0,0
29027,2,2
29028,4,4
29029,3,3
29030,1,1
29031,8,8
29032,0,0
29033,9,9
29034,2,2
29035,4,4
29036,5,5
29037,7,7
29038,9,9
29039,2,2
29040,1,1
29041,9,9
29042,7,7
29043,6,6
29044,3,3
29045,7,7
29046,5,5
29047,8,8
29048,4,4
29049,7,7
29050,6,6
29051,0,0
29052,3,3
29053,2,2
29054,5,5
29055,9,9
29056,5,5
29057,9,9
29058,7,7
29059,6,6
29060,6,6
29061,0,0
29062,1,1
29063,8,8
29064,6,6
29065,7,7
29066,7,7
29067,2,2
29068,1,1
29069,9,9
29070,2,2
29071,6,6
29072,0,0
29073,2,2
29074,3,3
29075,8,8
29076,2,2
29077,0,0
29078,0,0
29079,4,4
29080,1,1
29081,6,6
29082,7,7
29083,9,9
29084,0,0
29085,6,6
29086,1,1
29087,9,9
29088,1,1
29089,7,7
29090,2,2
29091,8,8
29092,7,7
29093,8,8
29094,5,5
29095,2,2
29096,4,4
29097,7,7
29098,1,1
29099,8,8
29100,0,0
29101,3,3
29102,3,3
29103,8,8
29104,2,2
29105,9,9
29106,6,6
29107,9,9
29108,5,5
29109,9,9
29110,0,0
29111,8,8
29112,2,2
29113,8,8
29114,1,1
29115,8,8
29116,2,2
29117,8,8
29118,2,2
29119,2,2
29120,5,5
29121,6,6
29122,8,8
29123,8,8
29124,0,0
29125,9,9
29126,7,7
29127,8,8
29128,3,3
29129,2,2
29130,4,4
29131,8,8
29132,4,4
29133,9,9
29134,0,0
29135,8,8
29136,4,4
29137,8,8
29138,4,4
29139,2,2
29140,4,4
29141,8,8
29142,0,0
29143,9,9
29144,8,8
29145,4,4
29146,7,7
29147,4,4
29148,3,3
29149,4,4
29150,0,0
29151,2,2
29152,6,6
29153,0,0
29154,0,0
29155,2,2
29156,0,0
29157,8,8
29158,7,7
29159,8,8
29160,5,5
29161,5,5
29162,2,2
29163,4,4
29164,2,2
29165,8,8
29166,5,5
29167,9,9
29168,5,5
29169,4,4
29170,0,0
29171,6,6
29172,7,7
29173,9,9
29174,7,7
29175,6,6
29176,9,9
29177,3,3
29178,9,9
29179,9,9
29180,9,9
29181,2,2
29182,7,7
29183,2,2
29184,0,0
29185,7,7
29186,0,0
29187,3,3
29188,6,6
29189,6,6
29190,3,3
29191,8,8
29192,2,2
29193,8,8
29194,7,7
29195,8,8
29196,5,5
29197,4,4
29198,2,2
29199,3,3
29200,6,6
29201,9,9
29202,0,0
29203,3,3
29204,2,2
29205,3,3
29206,1,1
29207,8,8
29208,2,2
29209,4,4
29210,8,8
29211,3,3
29212,5,5
29213,0,0
29214,1,1
29215,9,9
29216,4,4
29217,4,4
29218,5,5
29219,6,6
29220,6,6
29221,4,4
29222,9,9
29223,9,9
29224,7,7
29225,2,2
29226,2,2
29227,9,9
29228,5,5
29229,8,8
29230,3,3
29231,2,2
29232,7,7
29233,9,9
29234,0,0
29235,3,3
29236,1,1
29237,9,9
29238,8,8
29239,9,9
29240,9,9
29241,8,8
29242,9,9
29243,3,3
29244,6,6
29245,1,1
29246,7,7
29247,6,6
29248,0,0
29249,7,7
29250,3,3
29251,5,5
29252,8,8
29253,2,2
29254,7,7
29255,4,4
29256,5,5
29257,0,0
29258,4,4
29259,2,2
29260,1,1
29261,0,0
29262,3,3
29263,3,3
29264,1,1
29265,9,9
29266,7,7
29267,6,6
29268,7,7
29269,7,7
29270,7,7
29271,5,5
29272,4,4
29273,2,2
29274,9,9
29275,4,4
29276,2,2
29277,8,8
29278,1,1
29279,2,2
29280,2,2
29281,0,0
29282,8,8
29283,3,3
29284,1,1
29285,9,9
29286,1,1
29287,6,6
29288,1,1
29289,7,7
29290,2,2
29291,8,8
29292,5,5
29293,2,2
29294,7,7
29295,4,4
29296,8,8
29297,0,0
29298,8,8
29299,2,2
29300,7,7
29301,5,5
29302,0,0
29303,0,0
29304,2,2
29305,0,0
29306,2,2
29307,2,2
29308,2,2
29309,0,0
29310,2,2
29311,4,4
29312,6,6
29313,7,7
29314,6,6
29315,9,9
29316,2,2
29317,4,4
29318,0,0
29319,2,2
29320,2,2
29321,5,5
29322,0,0
29323,9,9
29324,0,0
29325,8,8
29326,5,5
29327,4,4
29328,5,5
29329,2,2
29330,1,1
29331,4,4
29332,0,0
29333,8,8
29334,6,6
29335,2,2
29336,3,3
29337,9,9
29338,0,0
29339,5,5
29340,0,0
29341,3,3
29342,2,2
29343,2,2
29344,0,0
29345,3,3
29346,8,8
29347,1,1
29348,7,7
29349,0,0
29350,4,4
29351,6,6
29352,7,7
29353,7,7
29354,9,9
29355,6,6
29356,7,7
29357,7,7
29358,0,0
29359,2,2
29360,8,8
29361,2,2
29362,5,5
29363,0,0
29364,3,3
29365,2,2
29366,7,7
29367,8,8
29368,3,3
29369,5,5
29370,4,4
29371,0,0
29372,0,0
29373,0,0
29374,7,7
29375,1,1
29376,1,1
29377,9,9
29378,3,3
29379,0,0
29380,5,5
29381,2,2
29382,1,1
29383,7,7
29384,2,2
29385,0,0
29386,3,3
29387,2,2
29388,7,7
29389,4,4
29390,5,5
29391,6,6
29392,5,5
29393,2,2
29394,7,7
29395,3,3
29396,1,1
29397,0,0
29398,7,7
29399,4,4
29400,5,5
29401,6,6
29402,2,2
29403,9,9
29404,2,2
29405,3,3
29406,8,8
29407,1,1
29408,7,7
29409,3,3
29410,2,2
29411,4,4
29412,0,0
29413,6,6
29414,3,3
29415,7,7
29416,1,1
29417,2,2
29418,4,4
29419,0,0
29420,3,3
29421,3,3
29422,6,6
29423,0,0
29424,4,4
29425,6,6
29426,0,0
29427,7,7
29428,9,9
29429,8,8
29430,9,9
29431,2,2
29432,8,8
29433,2,2
29434,6,6
29435,8,8
29436,0,0
29437,4,4
29438,3,3
29439,4,4
29440,8,8
29441,4,4
29442,5,5
29443,0,0
29444,0,0
29445,0,0
29446,3,3
29447,1,1
29448,1,1
29449,6,6
29450,0,0
29451,9,9
29452,8,8
29453,6,6
29454,4,4
29455,4,4
29456,3,3
29457,2,2
29458,7,7
29459,7,7
29460,4,4
29461,0,0
29462,7,7
29463,0,0
29464,6,6
29465,0,0
29466,9,9
29467,0,0
29468,3,3
29469,3,3
29470,0,0
29471,3,3
29472,5,5
29473,2,2
29474,3,3
29475,0,0
29476,9,9
29477,3,3
29478,7,7
29479,1,1
29480,1,1
29481,7,7
29482,8,8
29483,7,7
29484,4,4
29485,5,5
29486,0,0
29487,2,2
29488,3,3
29489,3,3
29490,3,3
29491,0,0
29492,5,5
29493,2,2
29494,2,2
29495,0,0
29496,6,6
29497,3,3
29498,3,3
29499,1,1
29500,9,9
29501,7,7
29502,5,5
29503,5,5
29504,7,7
29505,7,7
29506,7,7
29507,4,4
29508,1,1
29509,0,0
29510,1,1
29511,7,7
29512,0,0
29513,0,0
29514,1,1
29515,3,3
29516,0,0
29517,1,1
29518,1,1
29519,2,2
29520,3,3
29521,2,2
29522,1,1
29523,0,0
29524,2,2
29525,2,2
29526,4,4
29527,4,4
29528,7,7
29529,0,0
29530,5,5
29531,2,2
29532,1,1
29533,0,0
29534,7,7
29535,7,7
29536,5,5
29537,4,4
29538,0,0
29539,7,7
29540,3,3
29541,3,3
29542,5,5
29543,4,4
29544,1,1
29545,7,7
29546,6,6
29547,0,0
29548,4,4
29549,0,0
29550,1,1
29551,1,1
29552,0,0
29553,0,0
29554,4,4
29555,2,2
29556,1,1
29557,6,6
29558,5,5
29559,3,3
29560,3,3
29561,0,0
29562,4,4
29563,2,2
29564,3,3
29565,0,0
29566,5,5
29567,1,1
29568,4,4
29569,2,2
29570,4,4
29571,2,2
29572,2,2
29573,2,2
29574,0,0
29575,9,9
29576,2,2
29577,0,0
29578,3,3
29579,4,4
29580,0,0
29581,0,0
29582,9,9
29583,4,4
29584,8,8
29585,3,3
29586,1,1
29587,1,1
29588,4,4
29589,2,2
29590,0,0
29591,5,5
29592,0,0
29593,5,5
29594,1,1
29595,5,5
29596,7,7
29597,4,4
29598,1,1
29599,3,3
29600,5,5
29601,2,2
29602,9,9
29603,1,1
29604,7,7
29605,0,0
29606,0,0
29607,0,0
29608,2,2
29609,1,1
29610,9,9
29611,6,6
29612,6,6
29613,7,7
29614,3,3
29615,9,9
29616,9,9
29617,8,8
29618,7,7
29619,6,6
29620,4,4
29621,3,3
29622,4,4
29623,3,3
29624,6,6
29625,0,0
29626,6,6
29627,2,2
29628,1,1
29629,2,2
29630,5,5
29631,8,8
29632,1,1
29633,3,3
29634,7,7
29635,6,6
29636,7,7
29637,2,2
29638,8,8
29639,4,4
29640,6,6
29641,6,6
29642,7,7
29643,4,4
29644,4,4
29645,8,8
29646,9,9
29647,4,4
29648,7,7
29649,2,2
29650,7,7
29651,9,9
29652,8,8
29653,7,7
29654,6,6
29655,0,0
29656,7,7
29657,6,6
29658,1,1
29659,2,2
29660,0,0
29661,0,0
29662,2,2
29663,8,8
29664,7,7
29665,2,2
29666,1,1
29667,6,6
29668,1,1
29669,9,9
29670,1,1
29671,2,2
29672,9,9
29673,9,9
29674,6,6
29675,7,7
29676,7,7
29677,3,3
29678,2,2
29679,9,9
29680,2,2
29681,2,2
29682,4,4
29683,5,5
29684,3,3
29685,2,2
29686,4,4
29687,4,4
29688,0,0
29689,0,0
29690,5,5
29691,2,2
29692,0,0
29693,0,0
29694,1,1
29695,3,3
29696,2,2
29697,9,9
29698,6,6
29699,6,6
29700,2,2
29701,9,9
29702,2,2
29703,8,8
29704,4,4
29705,9,9
29706,3,3
29707,1,1
29708,7,7
29709,0,0
29710,0,0
29711,9,9
29712,8,8
29713,3,3
29714,1,1
29715,9,9
29716,9,9
29717,6,6
29718,3,3
29719,1,1
29720,6,6
29721,8,8
29722,8,8
29723,9,9
29724,5,5
29725,9,9
29726,6,6
29727,8,8
29728,1,1
29729,2,2
29730,1,1
29731,1,1
29732,3,3
29733,8,8
29734,6,6
29735,6,6
29736,2,2
29737,0,0
29738,0,0
29739,0,0
29740,1,1
29741,6,6
29742,5,5
29743,8,8
29744,5,5
29745,2,2
29746,1,1
29747,9,9
29748,7,7
29749,9,9
29750,4,4
29751,2,2
29752,0,0
29753,2,2
29754,5,5
29755,4,4
29756,0,0
29757,0,0
29758,4,4
29759,9,9
29760,9,9
29761,8,8
29762,8,8
29763,2,2
29764,5,5
29765,9,9
29766,4,4
29767,5,5
29768,4,4
29769,4,4
29770,6,6
29771,2,2
29772,3,3
29773,9,9
29774,4,4
29775,8,8
29776,3,3
29777,2,2
29778,5,5
29779,8,8
29780,2,2
29781,9,9
29782,2,2
29783,8,8
29784,6,6
29785,9,9
29786,1,1
29787,9,9
29788,9,9
29789,6,6
29790,7,7
29791,1,1
29792,0,0
29793,4,4
29794,5,5
29795,4,4
29796,0,0
29797,8,8
29798,2,2
29799,8,8
29800,1,1
29801,8,8
29802,1,1
29803,4,4
29804,7,7
29805,3,3
29806,8,8
29807,9,9
29808,0,0
29809,3,3
29810,1,1
29811,9,9
29812,1,1
29813,4,4
29814,0,0
29815,2,2
29816,9,9
29817,2,2
29818,0,0
29819,6,6
29820,0,0
29821,0,0
29822,0,0
29823,2,2
29824,0,0
29825,9,9
29826,0,0
29827,9,9
29828,1,1
29829,2,2
29830,4,4
29831,9,9
29832,5,5
29833,8,8
29834,7,7
29835,4,4
29836,4,4
29837,6,6
29838,4,4
29839,4,4
29840,9,9
29841,0,0
29842,2,2
29843,1,1
29844,7,7
29845,9,9
29846,0,0
29847,0,0
29848,3,3
29849,9,9
29850,0,0
29851,9,9
29852,2,2
29853,4,4
29854,5,5
29855,8,8
29856,0,0
29857,8,8
29858,7,7
29859,8,8
29860,3,3
29861,8,8
29862,3,3
29863,2,2
29864,0,0
29865,8,8
29866,0,0
29867,8,8
29868,9,9
29869,3,3
29870,1,1
29871,2,2
29872,6,6
29873,3,3
29874,0,0
29875,9,9
29876,7,7
29877,2,2
29878,0,0
29879,9,9
29880,2,2
29881,9,9
29882,2,2
29883,9,9
29884,5,5
29885,8,8
29886,7,7
29887,3,3
29888,5,5
29889,1,1
29890,1,1
29891,4,4
29892,7,7
29893,6,6
29894,7,7
29895,3,3
29896,1,1
29897,9,9
29898,5,5
29899,2,2
29900,8,8
29901,9,9
29902,1,1
29903,2,2
29904,6,6
29905,8,8
29906,1,1
29907,2,2
29908,5,5
29909,9,9
29910,0,0
29911,6,6
29912,7,7
29913,7,7
29914,5,5
29915,8,8
29916,2,2
29917,4,4
29918,3,3
29919,0,0
29920,6,6
29921,2,2
29922,8,8
29923,8,8
29924,7,7
29925,3,3
29926,7,7
29927,9,9
29928,5,5
29929,8,8
29930,6,6
29931,8,8
29932,6,6
29933,9,9
29934,3,3
29935,8,8
29936,1,1
29937,2,2
29938,2,2
29939,9,9
29940,1,1
29941,9,9
29942,5,5
29943,8,8
29944,4,4
29945,9,9
29946,0,0
29947,8,8
29948,8,8
29949,9,9
29950,5,5
29951,9,9
29952,9,9
29953,8,8
29954,5,5
29955,9,9
29956,5,5
29957,9,9
29958,1,1
29959,8,8
29960,4,4
29961,9,9
29962,7,7
29963,8,8
29964,0,0
29965,2,2
29966,5,5
29967,5,5
29968,1,1
29969,7,7
29970,1,1
29971,4,4
29972,9,9
29973,8,8
29974,1,1
29975,0,0
29976,1,1
29977,9,9
29978,0,0
29979,2,2
29980,8,8
29981,4,4
29982,0,0
29983,8,8
29984,8,8
29985,3,3
29986,1,1
29987,9,9
29988,2,2
29989,2,2
29990,9,9
29991,6,6
29992,5,5
29993,5,5
29994,5,5
29995,9,9
29996,0,0
29997,4,4
29998,0,0
29999,9,9
30000,7,7
30001,8,8
30002,7,7
30003,5,5
30004,4,4
30005,8,8
30006,0,0
30007,9,9
30008,8,8
30009,3,3
30010,0,0
30011,6,6
30012,2,2
30013,2,2
30014,6,6
30015,0,0
30016,5,5
30017,0,0
30018,5,5
30019,2,2
30020,7,7
30021,8,8
30022,8,8
30023,4,4
30024,4,4
30025,4,4
30026,7,7
30027,6,6
30028,7,7
30029,2,2
30030,2,2
30031,9,9
30032,6,6
30033,4,4
30034,3,3
30035,9,9
30036,4,4
30037,2,2
30038,2,2
30039,8,8
30040,7,7
30041,9,9
30042,7,7
30043,9,9
30044,3,3
30045,4,4
30046,0,0
30047,9,9
30048,0,0
30049,5,5
30050,2,2
30051,3,3
30052,5,5
30053,9,9
30054,6,6
30055,6,6
30056,6,6
30057,2,2
30058,3,3
30059,8,8
30060,8,8
30061,9,9
30062,7,7
30063,2,2
30064,6,6
30065,8,8
30066,5,5
30067,2,2
30068,1,1
30069,8,8
30070,7,7
30071,3,3
30072,1,1
30073,9,9
30074,4,4
30075,6,6
30076,5,5
30077,6,6
30078,6,6
30079,8,8
30080,3,3
30081,9,9
30082,0,0
30083,9,9
30084,9,9
30085,9,9
30086,2,2
30087,3,3
30088,3,3
30089,9,9
30090,7,7
30091,6,6
30092,7,7
30093,2,2
30094,6,6
30095,9,9
30096,5,5
30097,2,2
30098,2,2
30099,8,8
30100,1,1
30101,2,2
30102,6,6
30103,8,8
30104,1,1
30105,2,2
30106,5,5
30107,6,6
30108,0,0
30109,8,8
30110,0,0
30111,9,9
30112,9,9
30113,8,8
30114,4,4
30115,4,4
30116,2,2
30117,9,9
30118,0,0
30119,2,2
30120,6,6
30121,9,9
30122,9,9
30123,9,9
30124,7,7
30125,9,9
30126,1,1
30127,3,3
30128,4,4
30129,9,9
30130,0,0
30131,2,2
30132,2,2
30133,6,6
30134,5,5
30135,8,8
30136,0,0
30137,9,9
30138,0,0
30139,9,9
30140,1,1
30141,8,8
30142,5,5
30143,9,9
30144,3,3
30145,9,9
30146,9,9
30147,9,9
30148,1,1
30149,6,6
30150,5,5
30151,9,9
30152,4,4
30153,8,8
30154,8,8
30155,8,8
30156,2,2
30157,9,9
30158,1,1
30159,8,8
30160,3,3
30161,4,4
30162,8,8
30163,2,2
30164,5,5
30165,9,9
30166,8,8
30167,8,8
30168,4,4
30169,9,9
30170,3,3
30171,9,9
30172,2,2
30173,9,9
30174,5,5
30175,2,2
30176,1,1
30177,9,9
30178,4,4
30179,9,9
30180,5,5
30181,9,9
30182,4,4
30183,2,2
30184,5,5
30185,9,9
30186,8,8
30187,3,3
30188,3,3
30189,1,1
30190,8,8
30191,6,6
30192,7,7
30193,7,7
30194,1,1
30195,5,5
30196,3,3
30197,7,7
30198,0,0
30199,5,5
30200,1,1
30201,0,0
30202,0,0
30203,7,7
30204,5,5
30205,5,5
30206,1,1
30207,3,3
30208,0,0
30209,1,1
30210,9,9
30211,6,6
30212,3,3
30213,7,7
30214,7,7
30215,5,5
30216,2,2
30217,7,7
30218,1,1
30219,0,0
30220,4,4
30221,5,5
30222,3,3
30223,3,3
30224,0,0
30225,1,1
30226,7,7
30227,6,6
30228,0,0
30229,7,7
30230,1,1
30231,5,5
30232,6,6
30233,7,7
30234,8,8
30235,7,7
30236,7,7
30237,5,5
30238,1,1
30239,7,7
30240,4,4
30241,7,7
30242,2,2
30243,5,5
30244,1,1
30245,0,0
30246,3,3
30247,7,7
30248,2,2
30249,4,4
30250,8,8
30251,7,7
30252,1,1
30253,5,5
30254,7,7
30255,3,3
30256,7,7
30257,5,5
30258,7,7
30259,0,0
30260,8,8
30261,1,1
30262,5,5
30263,0,0
30264,8,8
30265,7,7
30266,5,5
30267,7,7
30268,7,7
30269,5,5
30270,1,1
30271,0,0
30272,0,0
30273,7,7
30274,1,1
30275,3,3
30276,5,5
30277,0,0
30278,2,2
30279,5,5
30280,2,2
30281,1,1
30282,7,7
30283,5,5
30284,7,7
30285,7,7
30286,0,0
30287,5,5
30288,7,7
30289,4,4
30290,0,0
30291,6,6
30292,1,1
30293,3,3
30294,8,8
30295,5,5
30296,0,0
30297,6,6
30298,5,5
30299,1,1
30300,3,3
30301,1,1
30302,0,0
30303,1,1
30304,7,7
30305,1,1
30306,1,1
30307,0,0
30308,2,2
30309,6,6
30310,0,0
30311,5,5
30312,4,4
30313,0,0
30314,4,4
30315,7,7
30316,0,0
30317,6,6
30318,8,8
30319,0,0
30320,3,3
30321,5,5
30322,7,7
30323,7,7
30324,1,1
30325,0,0
30326,5,5
30327,5,5
30328,5,5
30329,6,6
30330,7,7
30331,3,3
30332,5,5
30333,7,7
30334,0,0
30335,1,1
30336,6,6
30337,1,1
30338,1,1
30339,0,0
30340,2,2
30341,5,5
30342,5,5
30343,4,4
30344,9,9
30345,4,4
30346,6,6
30347,7,7
30348,8,8
30349,6,6
30350,4,4
30351,7,7
30352,3,3
30353,6,6
30354,7,7
30355,6,6
30356,2,2
30357,0,0
30358,0,0
30359,5,5
30360,0,0
30361,0,0
30362,7,7
30363,3,3
30364,9,9
30365,6,6
30366,1,1
30367,5,5
30368,1,1
30369,6,6
30370,3,3
30371,7,7
30372,9,9
30373,3,3
30374,1,1
30375,7,7
30376,6,6
30377,7,7
30378,5,5
30379,7,7
30380,0,0
30381,1,1
30382,3,3
30383,7,7
30384,3,3
30385,5,5
30386,0,0
30387,4,4
30388,3,3
30389,1,1
30390,7,7
30391,3,3
30392,4,4
30393,7,7
30394,0,0
30395,5,5
30396,7,7
30397,7,7
30398,7,7
30399,7,7
30400,7,7
30401,7,7
30402,7,7
30403,7,7
30404,1,1
30405,7,7
30406,5,5
30407,7,7
30408,1,1
30409,7,7
30410,7,7
30411,7,7
30412,0,0
30413,3,3
30414,5,5
30415,7,7
30416,7,7
30417,7,7
30418,2,2
30419,5,5
30420,9,9
30421,5,5
30422,0,0
30423,7,7
30424,7,7
30425,3,3
30426,4,4
30427,1,1
30428,0,0
30429,4,4
30430,1,1
30431,2,2
30432,8,8
30433,8,8
30434,2,2
30435,2,2
30436,9,9
30437,8,8
30438,0,0
30439,3,3
30440,4,4
30441,9,9
30442,0,0
30443,2,2
30444,4,4
30445,2,2
30446,8,8
30447,8,8
30448,7,7
30449,8,8
30450,6,6
30451,8,8
30452,5,5
30453,8,8
30454,6,6
30455,3,3
30456,0,0
30457,9,9
30458,8,8
30459,6,6
30460,2,2
30461,2,2
30462,5,5
30463,5,5
30464,1,1
30465,8,8
30466,3,3
30467,2,2
30468,7,7
30469,0,0
30470,5,5
30471,1,1
30472,0,0
30473,3,3
30474,4,4
30475,9,9
30476,2,2
30477,2,2
30478,2,2
30479,8,8
30480,3,3
30481,8,8
30482,7,7
30483,2,2
30484,3,3
30485,9,9
30486,1,1
30487,9,9
30488,7,7
30489,2,2
30490,5,5
30491,0,0
30492,6,6
30493,9,9
30494,1,1
30495,8,8
30496,3,3
30497,0,0
30498,5,5
30499,8,8
30500,5,5
30501,9,9
30502,8,8
30503,9,9
30504,8,8
30505,0,0
30506,0,0
30507,4,4
30508,9,9
30509,9,9
30510,7,7
30511,2,2
30512,9,9
30513,8,8
30514,2,2
30515,2,2
30516,1,1
30517,8,8
30518,2,2
30519,2,2
30520,0,0
30521,9,9
30522,1,1
30523,2,2
30524,1,1
30525,2,2
30526,4,4
30527,2,2
30528,7,7
30529,5,5
30530,7,7
30531,9,9
30532,9,9
30533,9,9
30534,6,6
30535,9,9
30536,0,0
30537,0,0
30538,8,8
30539,2,2
30540,7,7
30541,9,9
30542,5,5
30543,2,2
30544,9,9
30545,8,8
30546,8,8
30547,3,3
30548,3,3
30549,8,8
30550,1,1
30551,0,0
30552,5,5
30553,9,9
30554,0,0
30555,3,3
30556,1,1
30557,4,4
30558,1,1
30559,8,8
30560,0,0
30561,2,2
30562,0,0
30563,4,4
30564,1,1
30565,2,2
30566,2,2
30567,1,1
30568,7,7
30569,6,6
30570,6,6
30571,7,7
30572,2,2
30573,8,8
30574,7,7
30575,2,2
30576,1,1
30577,4,4
30578,3,3
30579,8,8
30580,6,6
30581,9,9
30582,4,4
30583,0,0
30584,1,1
30585,3,3
30586,3,3
30587,9,9
30588,4,4
30589,6,6
30590,0,0
30591,7,7
30592,1,1
30593,8,8
30594,6,6
30595,2,2
30596,1,1
30597,4,4
30598,1,1
30599,8,8
30600,9,9
30601,9,9
30602,4,4
30603,8,8
30604,5,5
30605,2,2
30606,1,1
30607,9,9
30608,5,5
30609,5,5
30610,0,0
30611,2,2
30612,1,1
30613,8,8
30614,1,1
30615,2,2
30616,1,1
30617,4,4
30618,3,3
30619,8,8
30620,0,0
30621,9,9
30622,5,5
30623,8,8
30624,3,3
30625,3,3
30626,2,2
30627,8,8
30628,1,1
30629,8,8
30630,2,2
30631,9,9
30632,4,4
30633,8,8
30634,6,6
30635,9,9
30636,0,0
30637,8,8
30638,1,1
30639,9,9
30640,9,9
30641,8,8
30642,1,1
30643,8,8
30644,7,7
30645,2,2
30646,5,5
30647,9,9
30648,5,5
30649,9,9
30650,7,7
30651,3,3
30652,8,8
30653,3,3
30654,7,7
30655,6,6
30656,2,2
30657,8,8
30658,0,0
30659,8,8
30660,7,7
30661,9,9
30662,2,2
30663,6,6
30664,8,8
30665,2,2
30666,5,5
30667,9,9
30668,3,3
30669,6,6
30670,0,0
30671,4,4
30672,8,8
30673,7,7
30674,9,9
30675,7,7
30676,2,2
30677,8,8
30678,3,3
30679,7,7
30680,4,4
30681,7,7
30682,8,8
30683,8,8
30684,1,1
30685,4,4
30686,8,8
30687,4,4
30688,7,7
30689,4,4
30690,0,0
30691,8,8
30692,5,5
30693,8,8
30694,5,5
30695,9,9
30696,5,5
30697,2,2
30698,2,2
30699,2,2
30700,3,3
30701,8,8
30702,0,0
30703,2,2
30704,5,5
30705,6,6
30706,7,7
30707,2,2
30708,0,0
30709,2,2
30710,4,4
30711,9,9
30712,0,0
30713,0,0
30714,7,7
30715,4,4
30716,4,4
30717,7,7
30718,5,5
30719,9,9
30720,6,6
30721,9,9
30722,8,8
30723,8,8
30724,7,7
30725,8,8
30726,6,6
30727,9,9
30728,0,0
30729,2,2
30730,5,5
30731,9,9
30732,2,2
30733,7,7
30734,3,3
30735,8,8
30736,1,1
30737,9,9
30738,7,7
30739,8,8
30740,2,2
30741,4,4
30742,1,1
30743,2,2
30744,4,4
30745,8,8
30746,6,6
30747,7,7
30748,3,3
30749,9,9
30750,0,0
30751,6,6
30752,6,6
30753,8,8
30754,7,7
30755,4,4
30756,8,8
30757,9,9
30758,5,5
30759,8,8
30760,7,7
30761,9,9
30762,6,6
30763,8,8
30764,5,5
30765,8,8
30766,7,7
30767,8,8
30768,8,8
30769,6,6
30770,1,1
30771,9,9
30772,9,9
30773,9,9
30774,2,2
30775,9,9
30776,5,5
30777,9,9
30778,8,8
30779,9,9
30780,7,7
30781,9,9
30782,5,5
30783,8,8
30784,4,4
30785,9,9
30786,0,0
30787,3,3
30788,1,1
30789,1,1
30790,4,4
30791,7,7
30792,0,0
30793,7,7
30794,6,6
30795,0,0
30796,4,4
30797,7,7
30798,8,8
30799,4,4
30800,2,2
30801,0,0
30802,6,6
30803,2,2
30804,0,0
30805,0,0
30806,0,0
30807,3,3
30808,0,0
30809,9,9
30810,8,8
30811,6,6
30812,4,4
30813,7,7
30814,0,0
30815,0,0
30816,6,6
30817,2,2
30818,9,9
30819,4,4
30820,4,4
30821,0,0
30822,4,4
30823,2,2
30824,7,7
30825,0,0
30826,6,6
30827,3,3
30828,3,3
30829,1,1
30830,0,0
30831,6,6
30832,9,9
30833,7,7
30834,0,0
30835,0,0
30836,0,0
30837,7,7
30838,7,7
30839,4,4
30840,6,6
30841,0,0
30842,7,7
30843,2,2
30844,7,7
30845,8,8
30846,5,5
30847,1,1
30848,1,1
30849,3,3
30850,0,0
30851,0,0
30852,1,1
30853,4,4
30854,1,1
30855,4,4
30856,5,5
30857,4,4
30858,2,2
30859,7,7
30860,9,9
30861,1,1
30862,7,7
30863,0,0
30864,8,8
30865,7,7
30866,1,1
30867,2,2
30868,5,5
30869,1,1
30870,6,6
30871,3,3
30872,0,0
30873,4,4
30874,2,2
30875,0,0
30876,9,9
30877,0,0
30878,5,5
30879,8,8
30880,6,6
30881,6,6
30882,2,2
30883,7,7
30884,3,3
30885,7,7
30886,5,5
30887,0,0
30888,0,0
30889,7,7
30890,0,0
30891,3,3
30892,1,1
30893,0,0
30894,1,1
30895,7,7
30896,7,7
30897,7,7
30898,1,1
30899,0,0
30900,8,8
30901,9,9
30902,0,0
30903,2,2
30904,4,4
30905,6,6
30906,1,1
30907,2,2
30908,0,0
30909,1,1
30910,5,5
30911,4,4
30912,8,8
30913,0,0
30914,7,7
30915,7,7
30916,4,4
30917,0,0
30918,0,0
30919,2,2
30920,1,1
30921,8,8
30922,0,0
30923,3,3
30924,8,8
30925,6,6
30926,2,2
30927,9,9
30928,2,2
30929,2,2
30930,4,4
30931,6,6
30932,4,4
30933,8,8
30934,7,7
30935,0,0
30936,0,0
30937,2,2
30938,1,1
30939,2,2
30940,1,1
30941,0,0
30942,0,0
30943,3,3
30944,8,8
30945,4,4
30946,0,0
30947,0,0
30948,3,3
30949,7,7
30950,5,5
30951,6,6
30952,0,0
30953,0,0
30954,5,5
30955,7,7
30956,4,4
30957,7,7
30958,1,1
30959,0,0
30960,1,1
30961,7,7
30962,7,7
30963,1,1
30964,7,7
30965,3,3
30966,1,1
30967,2,2
30968,7,7
30969,1,1
30970,6,6
30971,4,4
30972,1,1
30973,0,0
30974,7,7
30975,6,6
30976,6,6
30977,0,0
30978,1,1
30979,0,0
30980,1,1
30981,0,0
30982,8,8
30983,7,7
30984,7,7
30985,2,2
30986,7,7
30987,0,0
30988,8,8
30989,4,4
30990,0,0
30991,4,4
30992,3,3
30993,6,6
30994,2,2
30995,4,4
30996,9,9
30997,6,6
30998,0,0
30999,2,2
31000,2,2
31001,1,1
31002,6,6
31003,0,0
31004,0,0
31005,2,2
31006,5,5
31007,7,7
31008,2,2
31009,0,0
31010,7,7
31011,7,7
31012,9,9
31013,4,4
31014,8,8
31015,3,3
31016,6,6
31017,1,1
31018,0,0
31019,1,1
31020,3,3
31021,7,7
31022,2,2
31023,1,1
31024,6,6
31025,0,0
31026,2,2
31027,8,8
31028,0,0
31029,8,8
31030,3,3
31031,4,4
31032,7,7
31033,1,1
31034,2,2
31035,2,2
31036,5,5
31037,4,4
31038,1,1
31039,2,2
31040,4,4
31041,0,0
31042,2,2
31043,3,3
31044,7,7
31045,1,1
31046,3,3
31047,6,6
31048,1,1
31049,7,7
31050,0,0
31051,0,0
31052,5,5
31053,2,2
31054,4,4
31055,0,0
31056,6,6
31057,0,0
31058,1,1
31059,3,3
31060,2,2
31061,9,9
31062,0,0
31063,3,3
31064,8,8
31065,7,7
31066,5,5
31067,8,8
31068,9,9
31069,9,9
31070,7,7
31071,4,4
31072,5,5
31073,0,0
31074,1,1
31075,7,7
31076,0,0
31077,0,0
31078,8,8
31079,3,3
31080,9,9
31081,9,9
31082,3,3
31083,0,0
31084,1,1
31085,0,0
31086,7,7
31087,2,2
31088,5,5
31089,0,0
31090,4,4
31091,7,7
31092,7,7
31093,1,1
31094,5,5
31095,3,3
31096,6,6
31097,0,0
31098,7,7
31099,9,9
31100,8,8
31101,0,0
31102,5,5
31103,8,8
31104,4,4
31105,4,4
31106,5,5
31107,0,0
31108,7,7
31109,3,3
31110,4,4
31111,8,8
31112,3,3
31113,1,1
31114,5,5
31115,0,0
31116,3,3
31117,7,7
31118,4,4
31119,2,2
31120,5,5
31121,9,9
31122,9,9
31123,9,9
31124,7,7
31125,0,0
31126,0,0
31127,3,3
31128,5,5
31129,1,1
31130,5,5
31131,0,0
31132,0,0
31133,6,6
31134,6,6
31135,7,7
31136,7,7
31137,5,5
31138,3,3
31139,2,2
31140,7,7
31141,0,0
31142,0,0
31143,4,4
31144,1,1
31145,3,3
31146,7,7
31147,4,4
31148,6,6
31149,2,2
31150,6,6
31151,9,9
31152,4,4
31153,7,7
31154,3,3
31155,7,7
31156,0,0
31157,4,4
31158,7,7
31159,8,8
31160,0,0
31161,0,0
31162,8,8
31163,9,9
31164,0,0
31165,3,3
31166,1,1
31167,4,4
31168,7,7
31169,9,9
31170,0,0
31171,3,3
31172,3,3
31173,3,3
31174,1,1
31175,4,4
31176,5,5
31177,6,6
31178,7,7
31179,1,1
31180,3,3
31181,1,1
31182,0,0
31183,7,7
31184,5,5
31185,9,9
31186,7,7
31187,0,0
31188,9,9
31189,8,8
31190,7,7
31191,2,2
31192,0,0
31193,4,4
31194,3,3
31195,3,3
31196,1,1
31197,9,9
31198,6,6
31199,3,3
31200,5,5
31201,7,7
31202,3,3
31203,4,4
31204,4,4
31205,9,9
31206,7,7
31207,8,8
31208,4,4
31209,9,9
31210,5,5
31211,9,9
31212,4,4
31213,8,8
31214,7,7
31215,8,8
31216,3,3
31217,7,7
31218,0,0
31219,8,8
31220,5,5
31221,6,6
31222,7,7
31223,0,0
31224,5,5
31225,0,0
31226,0,0
31227,0,0
31228,4,4
31229,7,7
31230,7,7
31231,4,4
31232,1,1
31233,6,6
31234,4,4
31235,8,8
31236,2,2
31237,1,1
31238,1,1
31239,8,8
31240,6,6
31241,6,6
31242,7,7
31243,3,3
31244,0,0
31245,9,9
31246,5,5
31247,6,6
31248,2,2
31249,2,2
31250,1,1
31251,8,8
31252,8,8
31253,9,9
31254,7,7
31255,9,9
31256,0,0
31257,8,8
31258,9,9
31259,2,2
31260,7,7
31261,8,8
31262,5,5
31263,3,3
31264,1,1
31265,9,9
31266,7,7
31267,6,6
31268,4,4
31269,2,2
31270,4,4
31271,0,0
31272,3,3
31273,9,9
31274,0,0
31275,8,8
31276,6,6
31277,3,3
31278,1,1
31279,9,9
31280,1,1
31281,6,6
31282,1,1
31283,9,9
31284,0,0
31285,8,8
31286,1,1
31287,9,9
31288,3,3
31289,9,9
31290,5,5
31291,8,8
31292,7,7
31293,2,2
31294,4,4
31295,8,8
31296,9,9
31297,3,3
31298,2,2
31299,8,8
31300,0,0
31301,9,9
31302,7,7
31303,4,4
31304,9,9
31305,8,8
31306,2,2
31307,9,9
31308,7,7
31309,8,8
31310,4,4
31311,2,2
31312,5,5
31313,9,9
31314,2,2
31315,5,5
31316,7,7
31317,8,8
31318,1,1
31319,8,8
31320,0,0
31321,6,6
31322,5,5
31323,9,9
31324,5,5
31325,8,8
31326,5,5
31327,4,4
31328,2,2
31329,2,2
31330,1,1
31331,8,8
31332,1,1
31333,2,2
31334,2,2
31335,9,9
31336,8,8
31337,8,8
31338,1,1
31339,9,9
31340,5,5
31341,3,3
31342,4,4
31343,9,9
31344,2,2
31345,9,9
31346,2,2
31347,9,9
31348,1,1
31349,9,9
31350,3,3
31351,8,8
31352,2,2
31353,8,8
31354,6,6
31355,2,2
31356,2,2
31357,9,9
31358,0,0
31359,9,9
31360,1,1
31361,3,3
31362,0,0
31363,4,4
31364,5,5
31365,9,9
31366,9,9
31367,3,3
31368,5,5
31369,3,3
31370,1,1
31371,9,9
31372,9,9
31373,6,6
31374,0,0
31375,9,9
31376,0,0
31377,1,1
31378,0,0
31379,2,2
31380,7,7
31381,1,1
31382,0,0
31383,0,0
31384,1,1
31385,8,8
31386,1,1
31387,8,8
31388,6,6
31389,3,3
31390,1,1
31391,8,8
31392,3,3
31393,3,3
31394,8,8
31395,6,6
31396,0,0
31397,9,9
31398,0,0
31399,9,9
31400,5,5
31401,6,6
31402,7,7
31403,8,8
31404,2,2
31405,8,8
31406,1,1
31407,8,8
31408,0,0
31409,6,6
31410,3,3
31411,4,4
31412,5,5
31413,9,9
31414,7,7
31415,9,9
31416,5,5
31417,8,8
31418,7,7
31419,8,8
31420,1,1
31421,9,9
31422,6,6
31423,8,8
31424,2,2
31425,3,3
31426,8,8
31427,9,9
31428,5,5
31429,6,6
31430,3,3
31431,2,2
31432,1,1
31433,8,8
31434,2,2
31435,7,7
31436,5,5
31437,2,2
31438,5,5
31439,8,8
31440,7,7
31441,9,9
31442,2,2
31443,8,8
31444,7,7
31445,3,3
31446,7,7
31447,9,9
31448,0,0
31449,6,6
31450,8,8
31451,7,7
31452,7,7
31453,9,9
31454,7,7
31455,7,7
31456,3,3
31457,4,4
31458,0,0
31459,8,8
31460,5,5
31461,1,1
31462,6,6
31463,2,2
31464,4,4
31465,9,9
31466,3,3
31467,9,9
31468,2,2
31469,2,2
31470,3,3
31471,8,8
31472,7,7
31473,7,7
31474,2,2
31475,1,1
31476,3,3
31477,8,8
31478,1,1
31479,2,2
31480,5,5
31481,4,4
31482,2,2
31483,6,6
31484,0,0
31485,5,5
31486,7,7
31487,9,9
31488,7,7
31489,2,2
31490,3,3
31491,4,4
31492,7,7
31493,6,6
31494,1,1
31495,7,7
31496,7,7
31497,3,3
31498,1,1
31499,7,7
31500,4,4
31501,0,0
31502,3,3
31503,6,6
31504,7,7
31505,2,2
31506,1,1
31507,2,2
31508,6,6
31509,3,3
31510,0,0
31511,9,9
31512,9,9
31513,6,6
31514,5,5
31515,2,2
31516,1,1
31517,8,8
31518,3,3
31519,8,8
31520,7,7
31521,9,9
31522,0,0
31523,0,0
31524,5,5
31525,2,2
31526,1,1
31527,0,0
31528,2,2
31529,1,1
31530,7,7
31531,0,0
31532,8,8
31533,0,0
31534,9,9
31535,2,2
31536,5,5
31537,9,9
31538,7,7
31539,8,8
31540,7,7
31541,5,5
31542,8,8
31543,5,5
31544,1,1
31545,3,3
31546,6,6
31547,5,5
31548,1,1
31549,5,5
31550,1,1
31551,0,0
31552,0,0
31553,8,8
31554,7,7
31555,6,6
31556,9,9
31557,2,2
31558,1,1
31559,7,7
31560,8,8
31561,0,0
31562,7,7
31563,8,8
31564,7,7
31565,5,5
31566,0,0
31567,3,3
31568,4,4
31569,2,2
31570,1,1
31571,8,8
31572,4,4
31573,8,8
31574,5,5
31575,3,3
31576,5,5
31577,4,4
31578,1,1
31579,2,2
31580,5,5
31581,3,3
31582,7,7
31583,9,9
31584,7,7
31585,4,4
31586,4,4
31587,2,2
31588,7,7
31589,8,8
31590,7,7
31591,9,9
31592,1,1
31593,8,8
31594,5,5
31595,7,7
31596,2,2
31597,9,9
31598,5,5
31599,2,2
31600,7,7
31601,8,8
31602,1,1
31603,6,6
31604,3,3
31605,8,8
31606,4,4
31607,2,2
31608,7,7
31609,4,4
31610,7,7
31611,2,2
31612,1,1
31613,4,4
31614,0,0
31615,2,2
31616,6,6
31617,6,6
31618,7,7
31619,4,4
31620,9,9
31621,8,8
31622,7,7
31623,4,4
31624,5,5
31625,3,3
31626,4,4
31627,7,7
31628,2,2
31629,4,4
31630,0,0
31631,2,2
31632,0,0
31633,1,1
31634,7,7
31635,9,9
31636,7,7
31637,2,2
31638,1,1
31639,3,3
31640,1,1
31641,2,2
31642,1,1
31643,8,8
31644,7,7
31645,9,9
31646,5,5
31647,9,9
31648,5,5
31649,9,9
31650,5,5
31651,2,2
31652,1,1
31653,8,8
31654,5,5
31655,2,2
31656,2,2
31657,3,3
31658,6,6
31659,8,8
31660,5,5
31661,3,3
31662,6,6
31663,1,1
31664,0,0
31665,1,1
31666,6,6
31667,7,7
31668,5,5
31669,1,1
31670,4,4
31671,0,0
31672,9,9
31673,8,8
31674,0,0
31675,0,0
31676,0,0
31677,3,3
31678,0,0
31679,1,1
31680,7,7
31681,9,9
31682,2,2
31683,3,3
31684,8,8
31685,1,1
31686,4,4
31687,7,7
31688,6,6
31689,1,1
31690,0,0
31691,7,7
31692,5,5
31693,5,5
31694,7,7
31695,3,3
31696,6,6
31697,0,0
31698,8,8
31699,5,5
31700,0,0
31701,1,1
31702,2,2
31703,7,7
31704,7,7
31705,4,4
31706,7,7
31707,0,0
31708,1,1
31709,7,7
31710,4,4
31711,5,5
31712,0,0
31713,0,0
31714,5,5
31715,8,8
31716,3,3
31717,0,0
31718,1,1
31719,7,7
31720,1,1
31721,2,2
31722,7,7
31723,7,7
31724,7,7
31725,8,8
31726,2,2
31727,8,8
31728,5,5
31729,9,9
31730,0,0
31731,0,0
31732,7,7
31733,0,0
31734,2,2
31735,7,7
31736,4,4
31737,0,0
31738,2,2
31739,9,9
31740,0,0
31741,5,5
31742,3,3
31743,9,9
31744,5,5
31745,7,7
31746,7,7
31747,0,0
31748,8,8
31749,2,2
31750,5,5
31751,9,9
31752,4,4
31753,4,4
31754,2,2
31755,1,1
31756,7,7
31757,4,4
31758,0,0
31759,7,7
31760,4,4
31761,0,0
31762,1,1
31763,7,7
31764,1,1
31765,7,7
31766,1,1
31767,0,0
31768,7,7
31769,3,3
31770,2,2
31771,1,1
31772,7,7
31773,6,6
31774,5,5
31775,7,7
31776,5,5
31777,4,4
31778,3,3
31779,7,7
31780,1,1
31781,7,7
31782,0,0
31783,5,5
31784,1,1
31785,7,7
31786,5,5
31787,1,1
31788,7,7
31789,1,1
31790,5,5
31791,7,7
31792,8,8
31793,0,0
31794,7,7
31795,7,7
31796,5,5
31797,5,5
31798,0,0
31799,0,0
31800,0,0
31801,7,7
31802,8,8
31803,0,0
31804,0,0
31805,7,7
31806,4,4
31807,1,1
31808,3,3
31809,5,5
31810,7,7
31811,7,7
31812,8,8
31813,6,6
31814,5,5
31815,1,1
31816,2,2
31817,0,0
31818,5,5
31819,7,7
31820,2,2
31821,7,7
31822,5,5
31823,6,6
31824,8,8
31825,7,7
31826,5,5
31827,4,4
31828,8,8
31829,1,1
31830,3,3
31831,7,7
31832,2,2
31833,5,5
31834,0,0
31835,5,5
31836,3,3
31837,6,6
31838,7,7
31839,1,1
31840,5,5
31841,5,5
31842,8,8
31843,1,1
31844,0,0
31845,5,5
31846,9,9
31847,7,7
31848,1,1
31849,0,0
31850,0,0
31851,0,0
31852,6,6
31853,1,1
31854,0,0
31855,3,3
31856,9,9
31857,3,3
31858,5,5
31859,4,4
31860,5,5
31861,0,0
31862,1,1
31863,5,5
31864,1,1
31865,3,3
31866,0,0
31867,4,4
31868,7,7
31869,1,1
31870,1,1
31871,1,1
31872,0,0
31873,6,6
31874,6,6
31875,7,7
31876,1,1
31877,3,3
31878,5,5
31879,0,0
31880,2,2
31881,7,7
31882,0,0
31883,1,1
31884,9,9
31885,0,0
31886,2,2
31887,1,1
31888,5,5
31889,5,5
31890,7,7
31891,7,7
31892,4,4
31893,5,5
31894,1,1
31895,3,3
31896,0,0
31897,7,7
31898,4,4
31899,0,0
31900,5,5
31901,1,1
31902,0,0
31903,4,4
31904,3,3
31905,6,6
31906,7,7
31907,4,4
31908,1,1
31909,4,4
31910,0,0
31911,1,1
31912,0,0
31913,7,7
31914,8,8
31915,1,1
31916,1,1
31917,5,5
31918,0,0
31919,0,0
31920,1,1
31921,7,7
31922,0,0
31923,0,0
31924,5,5
31925,7,7
31926,0,0
31927,0,0
31928,6,6
31929,7,7
31930,1,1
31931,4,4
31932,1,1
31933,6,6
31934,1,1
31935,1,1
31936,7,7
31937,3,3
31938,2,2
31939,0,0
31940,4,4
31941,1,1
31942,5,5
31943,3,3
31944,7,7
31945,9,9
31946,7,7
31947,6,6
31948,4,4
31949,7,7
31950,1,1
31951,5,5
31952,1,1
31953,7,7
31954,2,2
31955,4,4
31956,6,6
31957,8,8
31958,1,1
31959,2,2
31960,7,7
31961,8,8
31962,7,7
31963,9,9
31964,0,0
31965,4,4
31966,1,1
31967,8,8
31968,7,7
31969,3,3
31970,6,6
31971,9,9
31972,1,1
31973,6,6
31974,6,6
31975,2,2
31976,7,7
31977,4,4
31978,6,6
31979,8,8
31980,1,1
31981,6,6
31982,0,0
31983,8,8
31984,5,5
31985,2,2
31986,0,0
31987,0,0
31988,5,5
31989,7,7
31990,1,1
31991,8,8
31992,5,5
31993,9,9
31994,5,5
31995,2,2
31996,0,0
31997,8,8
31998,4,4
31999,2,2
32000,2,2
32001,2,2
32002,1,1
32003,4,4
32004,0,0
32005,9,9
32006,4,4
32007,3,3
32008,6,6
32009,3,3
32010,6,6
32011,2,2
32012,8,8
32013,2,2
32014,5,5
32015,5,5
32016,5,5
32017,2,2
32018,9,9
32019,9,9
32020,0,0
32021,0,0
32022,6,6
32023,2,2
32024,9,9
32025,2,2
32026,7,7
32027,8,8
32028,8,8
32029,0,0
32030,7,7
32031,2,2
32032,0,0
32033,0,0
32034,1,1
32035,6,6
32036,3,3
32037,8,8
32038,1,1
32039,2,2
32040,5,5
32041,9,9
32042,7,7
32043,4,4
32044,6,6
32045,4,4
32046,7,7
32047,4,4
32048,1,1
32049,8,8
32050,4,4
32051,2,2
32052,7,7
32053,4,4
32054,1,1
32055,9,9
32056,5,5
32057,6,6
32058,4,4
32059,2,2
32060,7,7
32061,2,2
32062,3,3
32063,1,1
32064,0,0
32065,2,2
32066,1,1
32067,0,0
32068,2,2
32069,8,8
32070,4,4
32071,2,2
32072,1,1
32073,2,2
32074,0,0
32075,6,6
32076,9,9
32077,6,6
32078,0,0
32079,9,9
32080,7,7
32081,6,6
32082,5,5
32083,9,9
32084,5,5
32085,9,9
32086,3,3
32087,2,2
32088,8,8
32089,8,8
32090,2,2
32091,2,2
32092,4,4
32093,2,2
32094,0,0
32095,8,8
32096,1,1
32097,2,2
32098,2,2
32099,0,0
32100,5,5
32101,4,4
32102,0,0
32103,2,2
32104,8,8
32105,2,2
32106,4,4
32107,2,2
32108,4,4
32109,3,3
32110,7,7
32111,4,4
32112,0,0
32113,4,4
32114,7,7
32115,2,2
32116,2,2
32117,8,8
32118,4,4
32119,4,4
32120,8,8
32121,0,0
32122,5,5
32123,8,8
32124,5,5
32125,9,9
32126,5,5
32127,2,2
32128,0,0
32129,9,9
32130,3,3
32131,3,3
32132,9,9
32133,9,9
32134,7,7
32135,6,6
32136,7,7
32137,2,2
32138,1,1
32139,8,8
32140,3,3
32141,9,9
32142,6,6
32143,6,6
32144,3,3
32145,8,8
32146,6,6
32147,2,2
32148,6,6
32149,8,8
32150,1,1
32151,3,3
32152,8,8
32153,9,9
32154,7,7
32155,6,6
32156,2,2
32157,2,2
32158,9,9
32159,8,8
32160,3,3
32161,9,9
32162,3,3
32163,8,8
32164,5,5
32165,3,3
32166,9,9
32167,9,9
32168,1,1
32169,6,6
32170,6,6
32171,2,2
32172,5,5
32173,8,8
32174,8,8
32175,9,9
32176,7,7
32177,8,8
32178,0,0
32179,9,9
32180,4,4
32181,2,2
32182,5,5
32183,4,4
32184,3,3
32185,8,8
32186,0,0
32187,9,9
32188,5,5
32189,9,9
32190,0,0
32191,8,8
32192,1,1
32193,6,6
32194,7,7
32195,8,8
32196,0,0
32197,8,8
32198,7,7
32199,9,9
32200,7,7
32201,8,8
32202,1,1
32203,2,2
32204,9,9
32205,6,6
32206,2,2
32207,3,3
32208,0,0
32209,2,2
32210,2,2
32211,4,4
32212,9,9
32213,8,8
32214,5,5
32215,8,8
32216,6,6
32217,9,9
32218,4,4
32219,4,4
32220,6,6
32221,4,4
32222,4,4
32223,2,2
32224,1,1
32225,2,2
32226,2,2
32227,2,2
32228,4,4
32229,9,9
32230,4,4
32231,9,9
32232,5,5
32233,9,9
32234,7,7
32235,8,8
32236,0,0
32237,3,3
32238,5,5
32239,8,8
32240,4,4
32241,4,4
32242,4,4
32243,6,6
32244,9,9
32245,9,9
32246,1,1
32247,8,8
32248,2,2
32249,8,8
32250,6,6
32251,8,8
32252,5,5
32253,9,9
32254,8,8
32255,4,4
32256,1,1
32257,4,4
32258,2,2
32259,2,2
32260,5,5
32261,9,9
32262,4,4
32263,6,6
32264,6,6
32265,4,4
32266,8,8
32267,2,2
32268,4,4
32269,5,5
32270,0,0
32271,8,8
32272,5,5
32273,3,3
32274,4,4
32275,2,2
32276,7,7
32277,9,9
32278,0,0
32279,2,2
32280,5,5
32281,2,2
32282,0,0
32283,9,9
32284,7,7
32285,2,2
32286,8,8
32287,9,9
32288,7,7
32289,8,8
32290,7,7
32291,8,8
32292,6,6
32293,3,3
32294,0,0
32295,9,9
32296,9,9
32297,6,6
32298,2,2
32299,7,7
32300,7,7
32301,5,5
32302,4,4
32303,2,2
32304,5,5
32305,2,2
32306,1,1
32307,8,8
32308,0,0
32309,2,2
32310,0,0
32311,8,8
32312,4,4
32313,3,3
32314,1,1
32315,9,9
32316,0,0
32317,6,6
32318,6,6
32319,4,4
32320,4,4
32321,8,8
32322,0,0
32323,9,9
32324,7,7
32325,4,4
32326,9,9
32327,8,8
32328,0,0
32329,2,2
32330,7,7
32331,8,8
32332,1,1
32333,3,3
32334,9,9
32335,9,9
32336,4,4
32337,6,6
32338,1,1
32339,6,6
32340,5,5
32341,8,8
32342,0,0
32343,9,9
32344,4,4
32345,2,2
32346,1,1
32347,8,8
32348,5,5
32349,2,2
32350,0,0
32351,8,8
32352,8,8
32353,1,1
32354,8,8
32355,4,4
32356,0,0
32357,4,4
32358,1,1
32359,8,8
32360,0,0
32361,6,6
32362,2,2
32363,8,8
32364,5,5
32365,9,9
32366,0,0
32367,9,9
32368,0,0
32369,8,8
32370,4,4
32371,2,2
32372,3,3
32373,8,8
32374,0,0
32375,9,9
32376,7,7
32377,8,8
32378,1,1
32379,7,7
32380,5,5
32381,9,9
32382,1,1
32383,3,3
32384,5,5
32385,7,7
32386,7,7
32387,4,4
32388,3,3
32389,2,2
32390,2,2
32391,8,8
32392,9,9
32393,9,9
32394,2,2
32395,8,8
32396,3,3
32397,9,9
32398,7,7
32399,3,3
32400,2,2
32401,7,7
32402,4,4
32403,8,8
32404,2,2
32405,2,2
32406,1,1
32407,2,2
32408,6,6
32409,7,7
32410,8,8
32411,9,9
32412,9,9
32413,9,9
32414,7,7
32415,9,9
32416,8,8
32417,8,8
32418,6,6
32419,8,8
32420,7,7
32421,4,4
32422,7,7
32423,3,3
32424,6,6
32425,8,8
32426,5,5
32427,3,3
32428,0,0
32429,8,8
32430,7,7
32431,4,4
32432,8,8
32433,8,8
32434,1,1
32435,6,6
32436,5,5
32437,6,6
32438,6,6
32439,9,9
32440,1,1
32441,8,8
32442,5,5
32443,8,8
32444,7,7
32445,9,9
32446,1,1
32447,9,9
32448,0,0
32449,9,9
32450,7,7
32451,8,8
32452,7,7
32453,9,9
32454,3,3
32455,4,4
32456,9,9
32457,8,8
32458,0,0
32459,6,6
32460,8,8
32461,3,3
32462,9,9
32463,6,6
32464,4,4
32465,9,9
32466,0,0
32467,9,9
32468,7,7
32469,8,8
32470,5,5
32471,9,9
32472,9,9
32473,9,9
32474,9,9
32475,2,2
32476,1,1
32477,4,4
32478,1,1
32479,2,2
32480,5,5
32481,4,4
32482,1,1
32483,8,8
32484,1,1
32485,4,4
32486,1,1
32487,8,8
32488,7,7
32489,3,3
32490,5,5
32491,8,8
32492,7,7
32493,3,3
32494,3,3
32495,6,6
32496,1,1
32497,6,6
32498,8,8
32499,4,4
32500,4,4
32501,9,9
32502,2,2
32503,9,9
32504,5,5
32505,4,4
32506,2,2
32507,9,9
32508,6,6
32509,9,9
32510,9,9
32511,9,9
32512,5,5
32513,4,4
32514,3,3
32515,8,8
32516,2,2
32517,4,4
32518,8,8
32519,9,9
32520,3,3
32521,4,4
32522,4,4
32523,6,6
32524,0,0
32525,6,6
32526,4,4
32527,8,8
32528,1,1
32529,9,9
32530,1,1
32531,3,3
32532,0,0
32533,9,9
32534,1,1
32535,9,9
32536,1,1
32537,9,9
32538,0,0
32539,7,7
32540,1,1
32541,3,3
32542,8,8
32543,1,1
32544,7,7
32545,6,6
32546,4,4
32547,2,2
32548,7,7
32549,4,4
32550,3,3
32551,5,5
32552,5,5
32553,7,7
32554,1,1
32555,5,5
32556,5,5
32557,3,3
32558,0,0
32559,1,1
32560,5,5
32561,7,7
32562,1,1
32563,7,7
32564,3,3
32565,5,5
32566,7,7
32567,7,7
32568,3,3
32569,4,4
32570,1,1
32571,1,1
32572,4,4
32573,5,5
32574,3,3
32575,3,3
32576,4,4
32577,1,1
32578,5,5
32579,6,6
32580,0,0
32581,7,7
32582,8,8
32583,5,5
32584,8,8
32585,7,7
32586,0,0
32587,5,5
32588,7,7
32589,0,0
32590,6,6
32591,2,2
32592,4,4
32593,0,0
32594,8,8
32595,6,6
32596,7,7
32597,1,1
32598,7,7
32599,8,8
32600,7,7
32601,6,6
32602,9,9
32603,7,7
32604,8,8
32605,3,3
32606,6,6
32607,2,2
32608,0,0
32609,3,3
32610,7,7
32611,5,5
32612,1,1
32613,8,8
32614,2,2
32615,2,2
32616,2,2
32617,2,2
32618,0,0
32619,7,7
32620,8,8
32621,3,3
32622,7,7
32623,4,4
32624,4,4
32625,3,3
32626,8,8
32627,6,6
32628,5,5
32629,0,0
32630,6,6
32631,4,4
32632,1,1
32633,4,4
32634,6,6
32635,1,1
32636,2,2
32637,7,7
32638,7,7
32639,6,6
32640,4,4
32641,2,2
32642,1,1
32643,0,0
32644,7,7
32645,0,0
32646,7,7
32647,0,0
32648,0,0
32649,0,0
32650,6,6
32651,5,5
32652,7,7
32653,7,7
32654,6,6
32655,0,0
32656,7,7
32657,0,0
32658,4,4
32659,3,3
32660,1,1
32661,0,0
32662,5,5
32663,7,7
32664,1,1
32665,7,7
32666,4,4
32667,2,2
32668,7,7
32669,5,5
32670,4,4
32671,7,7
32672,0,0
32673,4,4
32674,2,2
32675,1,1
32676,0,0
32677,1,1
32678,6,6
32679,5,5
32680,7,7
32681,0,0
32682,3,3
32683,5,5
32684,2,2
32685,7,7
32686,7,7
32687,0,0
32688,7,7
32689,7,7
32690,3,3
32691,7,7
32692,4,4
32693,3,3
32694,4,4
32695,7,7
32696,4,4
32697,7,7
32698,7,7
32699,7,7
32700,8,8
32701,4,4
32702,0,0
32703,7,7
32704,9,9
32705,1,1
32706,0,0
32707,7,7
32708,3,3
32709,6,6
32710,1,1
32711,7,7
32712,7,7
32713,0,0
32714,0,0
32715,0,0
32716,0,0
32717,2,2
32718,1,1
32719,5,5
32720,5,5
32721,1,1
32722,2,2
32723,7,7
32724,9,9
32725,4,4
32726,7,7
32727,4,4
32728,0,0
32729,5,5
32730,7,7
32731,4,4
32732,0,0
32733,7,7
32734,5,5
32735,7,7
32736,4,4
32737,7,7
32738,8,8
32739,4,4
32740,0,0
32741,1,1
32742,2,2
32743,1,1
32744,7,7
32745,0,0
32746,3,3
32747,0,0
32748,7,7
32749,0,0
32750,7,7
32751,6,6
32752,4,4
32753,7,7
32754,4,4
32755,7,7
32756,1,1
32757,7,7
32758,7,7
32759,5,5
32760,7,7
32761,0,0
32762,0,0
32763,6,6
32764,1,1
32765,1,1
32766,2,2
32767,0,0
32768,6,6
32769,0,0
32770,7,7
32771,0,0
32772,5,5
32773,1,1
32774,7,7
32775,7,7
32776,6,6
32777,5,5
32778,3,3
32779,6,6
32780,6,6
32781,3,3
32782,2,2
32783,5,5
32784,5,5
32785,3,3
32786,4,4
32787,1,1
32788,7,7
32789,3,3
32790,7,7
32791,4,4
32792,6,6
32793,3,3
32794,7,7
32795,1,1
32796,7,7
32797,9,9
32798,5,5
32799,7,7
32800,3,3
32801,0,0
32802,0,0
32803,4,4
32804,7,7
32805,7,7
32806,7,7
32807,1,1
32808,1,1
32809,6,6
32810,3,3
32811,7,7
32812,0,0
32813,0,0
32814,4,4
32815,7,7
32816,8,8
32817,4,4
32818,6,6
32819,0,0
32820,0,0
32821,0,0
32822,2,2
32823,1,1
32824,9,9
32825,2,2
32826,5,5
32827,7,7
32828,7,7
32829,4,4
32830,0,0
32831,7,7
32832,5,5
32833,4,4
32834,3,3
32835,1,1
32836,6,6
32837,7,7
32838,0,0
32839,4,4
32840,7,7
32841,4,4
32842,1,1
32843,3,3
32844,8,8
32845,6,6
32846,3,3
32847,7,7
32848,0,0
32849,0,0
32850,0,0
32851,0,0
32852,1,1
32853,1,1
32854,6,6
32855,1,1
32856,5,5
32857,0,0
32858,4,4
32859,1,1
32860,0,0
32861,0,0
32862,5,5
32863,1,1
32864,7,7
32865,0,0
32866,5,5
32867,3,3
32868,4,4
32869,3,3
32870,7,7
32871,1,1
32872,6,6
32873,0,0
32874,2,2
32875,7,7
32876,1,1
32877,0,0
32878,5,5
32879,9,9
32880,5,5
32881,2,2
32882,5,5
32883,7,7
32884,1,1
32885,7,7
32886,1,1
32887,9,9
32888,8,8
32889,4,4
32890,1,1
32891,0,0
32892,1,1
32893,0,0
32894,4,4
32895,2,2
32896,8,8
32897,7,7
32898,0,0
32899,3,3
32900,2,2
32901,6,6
32902,7,7
32903,4,4
32904,5,5
32905,3,3
32906,1,1
32907,7,7
32908,5,5
32909,0,0
32910,5,5
32911,2,2
32912,4,4
32913,7,7
32914,1,1
32915,2,2
32916,8,8
32917,5,5
32918,9,9
32919,7,7
32920,8,8
32921,1,1
32922,4,4
32923,7,7
32924,0,0
32925,3,3
32926,4,4
32927,5,5
32928,6,6
32929,4,4
32930,5,5
32931,7,7
32932,9,9
32933,7,7
32934,7,7
32935,7,7
32936,2,2
32937,1,1
32938,6,6
32939,4,4
32940,7,7
32941,0,0
32942,4,4
32943,2,2
32944,7,7
32945,0,0
32946,3,3
32947,9,9
32948,2,2
32949,6,6
32950,3,3
32951,3,3
32952,3,3
32953,3,3
32954,7,7
32955,0,0
32956,8,8
32957,0,0
32958,1,1
32959,0,0
32960,7,7
32961,7,7
32962,2,2
32963,0,0
32964,7,7
32965,2,2
32966,3,3
32967,0,0
32968,7,7
32969,4,4
32970,8,8
32971,7,7
32972,0,0
32973,7,7
32974,9,9
32975,7,7
32976,5,5
32977,5,5
32978,4,4
32979,1,1
32980,0,0
32981,6,6
32982,7,7
32983,5,5
32984,7,7
32985,7,7
32986,1,1
32987,7,7
32988,0,0
32989,6,6
32990,7,7
32991,7,7
32992,7,7
32993,0,0
32994,6,6
32995,7,7
32996,0,0
32997,0,0
32998,7,7
32999,4,4
33000,7,7
33001,7,7
33002,7,7
33003,3,3
33004,7,7
33005,9,9
33006,4,4
33007,6,6
33008,6,6
33009,2,2
33010,5,5
33011,8,8
33012,1,1
33013,9,9
33014,0,0
33015,4,4
33016,6,6
33017,8,8
33018,2,2
33019,2,2
33020,3,3
33021,0,0
33022,7,7
33023,3,3
33024,1,1
33025,9,9
33026,7,7
33027,6,6
33028,2,2
33029,2,2
33030,4,4
33031,0,0
33032,4,4
33033,9,9
33034,1,1
33035,9,9
33036,2,2
33037,8,8
33038,2,2
33039,2,2
33040,4,4
33041,8,8
33042,3,3
33043,3,3
33044,5,5
33045,9,9
33046,0,0
33047,6,6
33048,1,1
33049,2,2
33050,1,1
33051,8,8
33052,0,0
33053,9,9
33054,7,7
33055,4,4
33056,4,4
33057,9,9
33058,5,5
33059,8,8
33060,7,7
33061,8,8
33062,1,1
33063,4,4
33064,5,5
33065,6,6
33066,3,3
33067,8,8
33068,6,6
33069,9,9
33070,0,0
33071,9,9
33072,7,7
33073,4,4
33074,5,5
33075,6,6
33076,4,4
33077,9,9
33078,4,4
33079,3,3
33080,7,7
33081,9,9
33082,8,8
33083,8,8
33084,1,1
33085,6,6
33086,1,1
33087,3,3
33088,6,6
33089,2,2
33090,6,6
33091,9,9
33092,1,1
33093,8,8
33094,6,6
33095,9,9
33096,6,6
33097,2,2
33098,8,8
33099,2,2
33100,4,4
33101,8,8
33102,4,4
33103,8,8
33104,8,8
33105,9,9
33106,5,5
33107,8,8
33108,1,1
33109,8,8
33110,1,1
33111,3,3
33112,3,3
33113,9,9
33114,7,7
33115,8,8
33116,4,4
33117,0,0
33118,4,4
33119,0,0
33120,7,7
33121,9,9
33122,9,9
33123,8,8
33124,1,1
33125,8,8
33126,5,5
33127,0,0
33128,0,0
33129,8,8
33130,7,7
33131,8,8
33132,7,7
33133,6,6
33134,8,8
33135,4,4
33136,3,3
33137,9,9
33138,7,7
33139,2,2
33140,1,1
33141,8,8
33142,3,3
33143,0,0
33144,5,5
33145,2,2
33146,7,7
33147,8,8
33148,3,3
33149,3,3
33150,1,1
33151,2,2
33152,7,7
33153,8,8
33154,5,5
33155,8,8
33156,0,0
33157,3,3
33158,6,6
33159,4,4
33160,1,1
33161,2,2
33162,6,6
33163,3,3
33164,8,8
33165,8,8
33166,1,1
33167,4,4
33168,6,6
33169,2,2
33170,8,8
33171,8,8
33172,3,3
33173,3,3
33174,5,5
33175,9,9
33176,1,1
33177,0,0
33178,1,1
33179,2,2
33180,6,6
33181,2,2
33182,0,0
33183,9,9
33184,6,6
33185,6,6
33186,7,7
33187,8,8
33188,1,1
33189,2,2
33190,1,1
33191,9,9
33192,3,3
33193,2,2
33194,2,2
33195,8,8
33196,8,8
33197,6,6
33198,1,1
33199,8,8
33200,5,5
33201,2,2
33202,2,2
33203,5,5
33204,5,5
33205,2,2
33206,7,7
33207,4,4
33208,7,7
33209,4,4
33210,5,5
33211,8,8
33212,0,0
33213,6,6
33214,3,3
33215,8,8
33216,7,7
33217,4,4
33218,0,0
33219,3,3
33220,5,5
33221,9,9
33222,7,7
33223,2,2
33224,1,1
33225,2,2
33226,0,0
33227,4,4
33228,3,3
33229,2,2
33230,3,3
33231,9,9
33232,8,8
33233,6,6
33234,0,0
33235,9,9
33236,0,0
33237,3,3
33238,3,3
33239,2,2
33240,7,7
33241,8,8
33242,7,7
33243,9,9
33244,3,3
33245,9,9
33246,5,5
33247,9,9
33248,5,5
33249,8,8
33250,7,7
33251,2,2
33252,5,5
33253,3,3
33254,8,8
33255,8,8
33256,0,0
33257,3,3
33258,4,4
33259,9,9
33260,2,2
33261,6,6
33262,0,0
33263,7,7
33264,4,4
33265,0,0
33266,1,1
33267,0,0
33268,1,1
33269,4,4
33270,2,2
33271,8,8
33272,5,5
33273,2,2
33274,6,6
33275,8,8
33276,7,7
33277,3,3
33278,7,7
33279,9,9
33280,8,8
33281,6,6
33282,8,8
33283,7,7
33284,5,5
33285,8,8
33286,0,0
33287,8,8
33288,2,2
33289,7,7
33290,9,9
33291,8,8
33292,3,3
33293,3,3
33294,7,7
33295,9,9
33296,7,7
33297,6,6
33298,1,1
33299,7,7
33300,8,8
33301,8,8
33302,3,3
33303,2,2
33304,5,5
33305,4,4
33306,4,4
33307,0,0
33308,8,8
33309,2,2
33310,1,1
33311,8,8
33312,5,5
33313,0,0
33314,4,4
33315,8,8
33316,2,2
33317,8,8
33318,4,4
33319,9,9
33320,5,5
33321,9,9
33322,5,5
33323,2,2
33324,0,0
33325,2,2
33326,1,1
33327,3,3
33328,5,5
33329,8,8
33330,3,3
33331,2,2
33332,1,1
33333,6,6
33334,6,6
33335,9,9
33336,5,5
33337,2,2
33338,7,7
33339,9,9
33340,5,5
33341,4,4
33342,6,6
33343,9,9
33344,4,4
33345,3,3
33346,0,0
33347,8,8
33348,0,0
33349,9,9
33350,7,7
33351,2,2
33352,0,0
33353,8,8
33354,9,9
33355,8,8
33356,0,0
33357,0,0
33358,5,5
33359,5,5
33360,0,0
33361,2,2
33362,8,8
33363,3,3
33364,1,1
33365,9,9
33366,0,0
33367,3,3
33368,1,1
33369,9,9
33370,1,1
33371,2,2
33372,0,0
33373,6,6
33374,1,1
33375,8,8
33376,7,7
33377,9,9
33378,2,2
33379,4,4
33380,8,8
33381,3,3
33382,9,9
33383,9,9
33384,8,8
33385,9,9
33386,2,2
33387,2,2
33388,3,3
33389,3,3
33390,7,7
33391,9,9
33392,3,3
33393,8,8
33394,1,1
33395,8,8
33396,1,1
33397,4,4
33398,1,1
33399,2,2
33400,7,7
33401,3,3
33402,5,5
33403,3,3
33404,7,7
33405,8,8
33406,1,1
33407,7,7
33408,0,0
33409,8,8
33410,4,4
33411,8,8
33412,2,2
33413,7,7
33414,6,6
33415,8,8
33416,1,1
33417,9,9
33418,1,1
33419,2,2
33420,7,7
33421,2,2
33422,1,1
33423,8,8
33424,2,2
33425,9,9
33426,5,5
33427,3,3
33428,1,1
33429,3,3
33430,8,8
33431,8,8
33432,7,7
33433,9,9
33434,5,5
33435,6,6
33436,4,4
33437,9,9
33438,7,7
33439,2,2
33440,1,1
33441,9,9
33442,3,3
33443,9,9
33444,7,7
33445,2,2
33446,1,1
33447,8,8
33448,7,7
33449,9,9
33450,5,5
33451,2,2
33452,7,7
33453,2,2
33454,9,9
33455,8,8
33456,1,1
33457,9,9
33458,1,1
33459,8,8
33460,7,7
33461,8,8
33462,1,1
33463,9,9
33464,2,2
33465,3,3
33466,0,0
33467,1,1
33468,7,7
33469,7,7
33470,0,0
33471,7,7
33472,5,5
33473,5,5
33474,4,4
33475,0,0
33476,6,6
33477,4,4
33478,8,8
33479,0,0
33480,1,1
33481,5,5
33482,3,3
33483,0,0
33484,3,3
33485,3,3
33486,4,4
33487,1,1
33488,6,6
33489,6,6
33490,7,7
33491,7,7
33492,3,3
33493,5,5
33494,7,7
33495,8,8
33496,3,3
33497,4,4
33498,1,1
33499,5,5
33500,7,7
33501,3,3
33502,7,7
33503,1,1
33504,1,1
33505,7,7
33506,1,1
33507,7,7
33508,1,1
33509,5,5
33510,7,7
33511,8,8
33512,3,3
33513,4,4
33514,2,2
33515,0,0
33516,1,1
33517,7,7
33518,5,5
33519,2,2
33520,4,4
33521,8,8
33522,3,3
33523,0,0
33524,0,0
33525,0,0
33526,6,6
33527,8,8
33528,7,7
33529,7,7
33530,0,0
33531,0,0
33532,7,7
33533,7,7
33534,3,3
33535,1,1
33536,3,3
33537,9,9
33538,7,7
33539,9,9
33540,6,6
33541,6,6
33542,4,4
33543,0,0
33544,0,0
33545,5,5
33546,2,2
33547,6,6
33548,4,4
33549,4,4
33550,4,4
33551,5,5
33552,5,5
33553,2,2
33554,5,5
33555,2,2
33556,1,1
33557,2,2
33558,1,1
33559,4,4
33560,4,4
33561,0,0
33562,7,7
33563,0,0
33564,4,4
33565,0,0
33566,7,7
33567,1,1
33568,7,7
33569,7,7
33570,8,8
33571,0,0
33572,4,4
33573,2,2
33574,5,5
33575,0,0
33576,7,7
33577,1,1
33578,7,7
33579,2,2
33580,9,9
33581,0,0
33582,0,0
33583,7,7
33584,5,5
33585,4,4
33586,1,1
33587,7,7
33588,4,4
33589,7,7
33590,1,1
33591,6,6
33592,0,0
33593,3,3
33594,1,1
33595,4,4
33596,1,1
33597,8,8
33598,5,5
33599,8,8
33600,1,1
33601,5,5
33602,7,7
33603,2,2
33604,4,4
33605,8,8
33606,0,0
33607,2,2
33608,3,3
33609,7,7
33610,5,5
33611,8,8
33612,0,0
33613,9,9
33614,5,5
33615,1,1
33616,8,8
33617,0,0
33618,8,8
33619,4,4
33620,6,6
33621,2,2
33622,7,7
33623,9,9
33624,7,7
33625,0,0
33626,4,4
33627,1,1
33628,1,1
33629,4,4
33630,5,5
33631,7,7
33632,2,2
33633,7,7
33634,1,1
33635,0,0
33636,2,2
33637,5,5
33638,0,0
33639,0,0
33640,3,3
33641,3,3
33642,5,5
33643,0,0
33644,6,6
33645,3,3
33646,1,1
33647,3,3
33648,1,1
33649,7,7
33650,8,8
33651,0,0
33652,1,1
33653,1,1
33654,1,1
33655,7,7
33656,5,5
33657,3,3
33658,1,1
33659,7,7
33660,0,0
33661,3,3
33662,9,9
33663,1,1
33664,2,2
33665,3,3
33666,6,6
33667,1,1
33668,2,2
33669,3,3
33670,3,3
33671,5,5
33672,6,6
33673,3,3
33674,7,7
33675,1,1
33676,0,0
33677,3,3
33678,0,0
33679,0,0
33680,6,6
33681,0,0
33682,0,0
33683,5,5
33684,1,1
33685,7,7
33686,9,9
33687,2,2
33688,6,6
33689,4,4
33690,2,2
33691,6,6
33692,4,4
33693,4,4
33694,7,7
33695,6,6
33696,0,0
33697,7,7
33698,9,9
33699,0,0
33700,5,5
33701,0,0
33702,8,8
33703,3,3
33704,4,4
33705,9,9
33706,1,1
33707,6,6
33708,0,0
33709,7,7
33710,8,8
33711,5,5
33712,5,5
33713,2,2
33714,5,5
33715,4,4
33716,6,6
33717,8,8
33718,0,0
33719,2,2
33720,0,0
33721,0,0
33722,6,6
33723,3,3
33724,4,4
33725,1,1
33726,0,0
33727,6,6
33728,1,1
33729,0,0
33730,4,4
33731,0,0
33732,3,3
33733,2,2
33734,2,2
33735,4,4
33736,0,0
33737,8,8
33738,0,0
33739,3,3
33740,0,0
33741,9,9
33742,4,4
33743,6,6
33744,0,0
33745,2,2
33746,1,1
33747,0,0
33748,7,7
33749,2,2
33750,9,9
33751,4,4
33752,9,9
33753,8,8
33754,7,7
33755,2,2
33756,0,0
33757,0,0
33758,1,1
33759,5,5
33760,5,5
33761,0,0
33762,0,0
33763,2,2
33764,8,8
33765,2,2
33766,2,2
33767,2,2
33768,8,8
33769,1,1
33770,7,7
33771,2,2
33772,7,7
33773,2,2
33774,1,1
33775,6,6
33776,3,3
33777,2,2
33778,7,7
33779,4,4
33780,9,9
33781,1,1
33782,4,4
33783,0,0
33784,5,5
33785,6,6
33786,7,7
33787,0,0
33788,6,6
33789,4,4
33790,5,5
33791,0,0
33792,5,5
33793,0,0
33794,4,4
33795,2,2
33796,8,8
33797,8,8
33798,8,8
33799,1,1
33800,9,9
33801,2,2
33802,0,0
33803,0,0
33804,2,2
33805,0,0
33806,8,8
33807,6,6
33808,7,7
33809,8,8
33810,7,7
33811,2,2
33812,5,5
33813,2,2
33814,4,4
33815,2,2
33816,5,5
33817,7,7
33818,7,7
33819,6,6
33820,1,1
33821,6,6
33822,8,8
33823,3,3
33824,5,5
33825,2,2
33826,1,1
33827,2,2
33828,7,7
33829,4,4
33830,0,0
33831,3,3
33832,6,6
33833,0,0
33834,0,0
33835,2,2
33836,0,0
33837,2,2
33838,1,1
33839,2,2
33840,7,7
33841,1,1
33842,9,9
33843,4,4
33844,3,3
33845,2,2
33846,5,5
33847,3,3
33848,3,3
33849,0,0
33850,1,1
33851,0,0
33852,5,5
33853,0,0
33854,7,7
33855,0,0
33856,1,1
33857,6,6
33858,2,2
33859,5,5
33860,5,5
33861,1,1
33862,5,5
33863,6,6
33864,3,3
33865,9,9
33866,2,2
33867,8,8
33868,1,1
33869,9,9
33870,0,0
33871,1,1
33872,0,0
33873,8,8
33874,3,3
33875,2,2
33876,7,7
33877,2,2
33878,6,6
33879,4,4
33880,1,1
33881,6,6
33882,5,5
33883,2,2
33884,5,5
33885,8,8
33886,4,4
33887,4,4
33888,5,5
33889,0,0
33890,7,7
33891,0,0
33892,2,2
33893,2,2
33894,5,5
33895,2,2
33896,7,7
33897,6,6
33898,2,2
33899,0,0
33900,0,0
33901,4,4
33902,1,1
33903,2,2
33904,3,3
33905,8,8
33906,9,9
33907,0,0
33908,7,7
33909,2,2
33910,4,4
33911,2,2
33912,0,0
33913,0,0
33914,3,3
33915,0,0
33916,4,4
33917,7,7
33918,1,1
33919,4,4
33920,0,0
33921,3,3
33922,5,5
33923,3,3
33924,1,1
33925,0,0
33926,0,0
33927,4,4
33928,5,5
33929,4,4
33930,6,6
33931,8,8
33932,0,0
33933,3,3
33934,4,4
33935,9,9
33936,1,1
33937,9,9
33938,6,6
33939,2,2
33940,3,3
33941,6,6
33942,1,1
33943,9,9
33944,0,0
33945,3,3
33946,2,2
33947,3,3
33948,5,5
33949,9,9
33950,0,0
33951,6,6
33952,5,5
33953,7,7
33954,7,7
33955,8,8
33956,5,5
33957,8,8
33958,0,0
33959,2,2
33960,4,4
33961,8,8
33962,7,7
33963,3,3
33964,8,8
33965,9,9
33966,7,7
33967,6,6
33968,9,9
33969,7,7
33970,7,7
33971,8,8
33972,2,2
33973,8,8
33974,1,1
33975,4,4
33976,5,5
33977,8,8
33978,2,2
33979,2,2
33980,4,4
33981,8,8
33982,6,6
33983,3,3
33984,4,4
33985,9,9
33986,7,7
33987,6,6
33988,8,8
33989,7,7
33990,0,0
33991,8,8
33992,1,1
33993,7,7
33994,0,0
33995,9,9
33996,0,0
33997,9,9
33998,1,1
33999,8,8
34000,0,0
34001,9,9
34002,9,9
34003,4,4
34004,9,9
34005,2,2
34006,2,2
34007,3,3
34008,1,1
34009,4,4
34010,2,2
34011,8,8
34012,5,5
34013,8,8
34014,3,3
34015,8,8
34016,7,7
34017,9,9
34018,7,7
34019,0,0
34020,7,7
34021,2,2
34022,0,0
34023,7,7
34024,4,4
34025,2,2
34026,7,7
34027,9,9
34028,5,5
34029,2,2
34030,2,2
34031,8,8
34032,0,0
34033,9,9
34034,7,7
34035,8,8
34036,3,3
34037,3,3
34038,1,1
34039,8,8
34040,5,5
34041,8,8
34042,2,2
34043,8,8
34044,0,0
34045,3,3
34046,4,4
34047,8,8
34048,9,9
34049,4,4
34050,2,2
34051,2,2
34052,5,5
34053,9,9
34054,3,3
34055,8,8
34056,7,7
34057,3,3
34058,1,1
34059,9,9
34060,4,4
34061,2,2
34062,6,6
34063,8,8
34064,3,3
34065,9,9
34066,0,0
34067,8,8
34068,7,7
34069,8,8
34070,3,3
34071,6,6
34072,0,0
34073,3,3
34074,1,1
34075,2,2
34076,7,7
34077,9,9
34078,7,7
34079,8,8
34080,1,1
34081,8,8
34082,7,7
34083,9,9
34084,3,3
34085,2,2
34086,2,2
34087,6,6
34088,0,0
34089,2,2
34090,9,9
34091,9,9
34092,7,7
34093,8,8
34094,0,0
34095,6,6
34096,1,1
34097,3,3
34098,7,7
34099,6,6
34100,5,5
34101,9,9
34102,5,5
34103,8,8
34104,0,0
34105,7,7
34106,5,5
34107,2,2
34108,7,7
34109,8,8
34110,9,9
34111,8,8
34112,7,7
34113,6,6
34114,2,2
34115,7,7
34116,6,6
34117,4,4
34118,0,0
34119,2,2
34120,7,7
34121,4,4
34122,4,4
34123,8,8
34124,4,4
34125,4,4
34126,8,8
34127,7,7
34128,7,7
34129,6,6
34130,5,5
34131,6,6
34132,0,0
34133,8,8
34134,6,6
34135,4,4
34136,6,6
34137,8,8
34138,0,0
34139,2,2
34140,0,0
34141,9,9
34142,8,8
34143,2,2
34144,5,5
34145,7,7
34146,5,5
34147,0,0
34148,2,2
34149,8,8
34150,7,7
34151,2,2
34152,3,3
34153,8,8
34154,1,1
34155,6,6
34156,1,1
34157,6,6
34158,1,1
34159,2,2
34160,0,0
34161,9,9
34162,9,9
34163,8,8
34164,1,1
34165,2,2
34166,9,9
34167,6,6
34168,1,1
34169,9,9
34170,1,1
34171,7,7
34172,3,3
34173,9,9
34174,4,4
34175,7,7
34176,5,5
34177,3,3
34178,8,8
34179,1,1
34180,2,2
34181,6,6
34182,6,6
34183,7,7
34184,0,0
34185,0,0
34186,1,1
34187,7,7
34188,2,2
34189,4,4
34190,7,7
34191,0,0
34192,8,8
34193,2,2
34194,7,7
34195,0,0
34196,0,0
34197,3,3
34198,4,4
34199,1,1
34200,5,5
34201,6,6
34202,6,6
34203,7,7
34204,1,1
34205,0,0
34206,1,1
34207,0,0
34208,7,7
34209,2,2
34210,5,5
34211,0,0
34212,2,2
34213,3,3
34214,6,6
34215,1,1
34216,5,5
34217,6,6
34218,9,9
34219,7,7
34220,4,4
34221,5,5
34222,1,1
34223,8,8
34224,5,5
34225,2,2
34226,6,6
34227,0,0
34228,6,6
34229,0,0
34230,0,0
34231,0,0
34232,0,0
34233,0,0
34234,0,0
34235,7,7
34236,2,2
34237,4,4
34238,3,3
34239,7,7
34240,5,5
34241,1,1
34242,2,2
34243,2,2
34244,3,3
34245,0,0
34246,5,5
34247,4,4
34248,0,0
34249,5,5
34250,6,6
34251,3,3
34252,9,9
34253,6,6
34254,0,0
34255,4,4
34256,6,6
34257,2,2
34258,0,0
34259,7,7
34260,4,4
34261,1,1
34262,3,3
34263,1,1
34264,1,1
34265,0,0
34266,5,5
34267,0,0
34268,4,4
34269,1,1
34270,8,8
34271,4,4
34272,1,1
34273,4,4
34274,7,7
34275,0,0
34276,8,8
34277,4,4
34278,0,0
34279,5,5
34280,0,0
34281,0,0
34282,1,1
34283,3,3
34284,4,4
34285,4,4
34286,7,7
34287,1,1
34288,2,2
34289,7,7
34290,5,5
34291,1,1
34292,0,0
34293,7,7
34294,5,5
34295,4,4
34296,3,3
34297,7,7
34298,0,0
34299,7,7
34300,0,0
34301,5,5
34302,3,3
34303,0,0
34304,7,7
34305,4,4
34306,0,0
34307,0,0
34308,6,6
34309,2,2
34310,6,6
34311,2,2
34312,7,7
34313,2,2
34314,5,5
34315,7,7
34316,7,7
34317,0,0
34318,7,7
34319,2,2
34320,7,7
34321,0,0
34322,7,7
34323,6,6
34324,5,5
34325,2,2
34326,6,6
34327,7,7
34328,9,9
34329,1,1
34330,8,8
34331,0,0
34332,5,5
34333,7,7
34334,1,1
34335,5,5
34336,4,4
34337,1,1
34338,8,8
34339,5,5
34340,0,0
34341,5,5
34342,4,4
34343,4,4
34344,8,8
34345,3,3
34346,0,0
34347,0,0
34348,5,5
34349,0,0
34350,4,4
34351,7,7
34352,2,2
34353,0,0
34354,0,0
34355,3,3
34356,3,3
34357,0,0
34358,3,3
34359,1,1
34360,4,4
34361,5,5
34362,7,7
34363,7,7
34364,1,1
34365,9,9
34366,7,7
34367,0,0
34368,0,0
34369,3,3
34370,5,5
34371,6,6
34372,2,2
34373,1,1
34374,2,2
34375,2,2
34376,7,7
34377,0,0
34378,5,5
34379,0,0
34380,4,4
34381,3,3
34382,2,2
34383,1,1
34384,2,2
34385,6,6
34386,1,1
34387,7,7
34388,1,1
34389,0,0
34390,7,7
34391,2,2
34392,3,3
34393,4,4
34394,2,2
34395,0,0
34396,0,0
34397,7,7
34398,0,0
34399,8,8
34400,2,2
34401,3,3
34402,1,1
34403,1,1
34404,0,0
34405,6,6
34406,3,3
34407,7,7
34408,7,7
34409,5,5
34410,9,9
34411,8,8
34412,1,1
34413,4,4
34414,0,0
34415,0,0
34416,3,3
34417,2,2
34418,9,9
34419,8,8
34420,0,0
34421,3,3
34422,5,5
34423,1,1
34424,5,5
34425,6,6
34426,1,1
34427,7,7
34428,5,5
34429,4,4
34430,8,8
34431,2,2
34432,0,0
34433,4,4
34434,0,0
34435,8,8
34436,9,9
34437,7,7
34438,0,0
34439,0,0
34440,3,3
34441,6,6
34442,7,7
34443,6,6
34444,9,9
34445,5,5
34446,0,0
34447,4,4
34448,7,7
34449,0,0
34450,6,6
34451,3,3
34452,7,7
34453,2,2
34454,8,8
34455,2,2
34456,4,4
34457,2,2
34458,5,5
34459,0,0
34460,7,7
34461,2,2
34462,6,6
34463,8,8
34464,5,5
34465,5,5
34466,4,4
34467,9,9
34468,5,5
34469,7,7
34470,1,1
34471,3,3
34472,8,8
34473,8,8
34474,2,2
34475,6,6
34476,5,5
34477,0,0
34478,7,7
34479,5,5
34480,3,3
34481,2,2
34482,0,0
34483,1,1
34484,1,1
34485,8,8
34486,5,5
34487,0,0
34488,4,4
34489,0,0
34490,4,4
34491,5,5
34492,7,7
34493,1,1
34494,6,6
34495,6,6
34496,5,5
34497,5,5
34498,0,0
34499,4,4
34500,2,2
34501,0,0
34502,3,3
34503,8,8
34504,5,5
34505,2,2
34506,8,8
34507,5,5
34508,3,3
34509,9,9
34510,2,2
34511,3,3
34512,1,1
34513,1,1
34514,3,3
34515,1,1
34516,9,9
34517,0,0
34518,8,8
34519,2,2
34520,4,4
34521,2,2
34522,4,4
34523,3,3
34524,7,7
34525,7,7
34526,7,7
34527,2,2
34528,0,0
34529,4,4
34530,0,0
34531,1,1
34532,1,1
34533,5,5
34534,2,2
34535,4,4
34536,7,7
34537,5,5
34538,3,3
34539,4,4
34540,7,7
34541,3,3
34542,0,0
34543,4,4
34544,0,0
34545,5,5
34546,4,4
34547,2,2
34548,7,7
34549,0,0
34550,8,8
34551,7,7
34552,7,7
34553,3,3
34554,7,7
34555,3,3
34556,1,1
34557,2,2
34558,6,6
34559,6,6
34560,8,8
34561,2,2
34562,3,3
34563,5,5
34564,0,0
34565,7,7
34566,1,1
34567,0,0
34568,0,0
34569,0,0
34570,0,0
34571,0,0
34572,5,5
34573,6,6
34574,5,5
34575,2,2
34576,0,0
34577,7,7
34578,5,5
34579,2,2
34580,3,3
34581,2,2
34582,3,3
34583,8,8
34584,7,7
34585,1,1
34586,3,3
34587,2,2
34588,1,1
34589,4,4
34590,1,1
34591,8,8
34592,0,0
34593,5,5
34594,7,7
34595,9,9
34596,5,5
34597,7,7
34598,5,5
34599,0,0
34600,8,8
34601,4,4
34602,2,2
34603,0,0
34604,6,6
34605,6,6
34606,9,9
34607,7,7
34608,5,5
34609,8,8
34610,7,7
34611,0,0
34612,1,1
34613,1,1
34614,1,1
34615,0,0
34616,5,5
34617,9,9
34618,8,8
34619,3,3
34620,6,6
34621,4,4
34622,7,7
34623,3,3
34624,4,4
34625,9,9
34626,1,1
34627,6,6
34628,4,4
34629,7,7
34630,7,7
34631,8,8
34632,9,9
34633,8,8
34634,3,3
34635,2,2
34636,6,6
34637,8,8
34638,1,1
34639,3,3
34640,1,1
34641,9,9
34642,7,7
34643,6,6
34644,1,1
34645,7,7
34646,7,7
34647,8,8
34648,4,4
34649,2,2
34650,7,7
34651,8,8
34652,4,4
34653,3,3
34654,5,5
34655,9,9
34656,3,3
34657,6,6
34658,6,6
34659,2,2
34660,1,1
34661,8,8
34662,3,3
34663,9,9
34664,6,6
34665,9,9
34666,1,1
34667,9,9
34668,8,8
34669,2,2
34670,8,8
34671,4,4
34672,7,7
34673,8,8
34674,2,2
34675,5,5
34676,0,0
34677,5,5
34678,5,5
34679,9,9
34680,6,6
34681,9,9
34682,8,8
34683,9,9
34684,7,7
34685,3,3
34686,4,4
34687,8,8
34688,5,5
34689,8,8
34690,0,0
34691,2,2
34692,2,2
34693,8,8
34694,8,8
34695,2,2
34696,2,2
34697,4,4
34698,5,5
34699,3,3
34700,1,1
34701,2,2
34702,8,8
34703,4,4
34704,5,5
34705,9,9
34706,5,5
34707,9,9
34708,3,3
34709,8,8
34710,7,7
34711,9,9
34712,7,7
34713,2,2
34714,8,8
34715,8,8
34716,7,7
34717,6,6
34718,6,6
34719,2,2
34720,7,7
34721,2,2
34722,2,2
34723,9,9
34724,1,1
34725,9,9
34726,6,6
34727,9,9
34728,1,1
34729,8,8
34730,3,3
34731,3,3
34732,0,0
34733,5,5
34734,9,9
34735,8,8
34736,7,7
34737,3,3
34738,2,2
34739,9,9
34740,4,4
34741,4,4
34742,8,8
34743,8,8
34744,0,0
34745,6,6
34746,6,6
34747,6,6
34748,5,5
34749,9,9
34750,0,0
34751,5,5
34752,0,0
34753,8,8
34754,1,1
34755,9,9
34756,6,6
34757,9,9
34758,0,0
34759,9,9
34760,0,0
34761,8,8
34762,9,9
34763,2,2
34764,0,0
34765,2,2
34766,2,2
34767,4,4
34768,6,6
34769,8,8
34770,8,8
34771,6,6
34772,0,0
34773,3,3
34774,0,0
34775,3,3
34776,4,4
34777,9,9
34778,1,1
34779,2,2
34780,5,5
34781,8,8
34782,1,1
34783,4,4
34784,0,0
34785,2,2
34786,5,5
34787,2,2
34788,7,7
34789,6,6
34790,5,5
34791,4,4
34792,1,1
34793,2,2
34794,2,2
34795,5,5
34796,1,1
34797,8,8
34798,3,3
34799,6,6
34800,5,5
34801,8,8
34802,0,0
34803,8,8
34804,7,7
34805,6,6
34806,2,2
34807,8,8
34808,0,0
34809,8,8
34810,5,5
34811,9,9
34812,4,4
34813,2,2
34814,2,2
34815,7,7
34816,4,4
34817,9,9
34818,5,5
34819,9,9
34820,7,7
34821,9,9
34822,5,5
34823,8,8
34824,0,0
34825,8,8
34826,9,9
34827,4,4
34828,7,7
34829,6,6
34830,0,0
34831,6,6
34832,7,7
34833,6,6
34834,0,0
34835,8,8
34836,4,4
34837,8,8
34838,5,5
34839,3,3
34840,5,5
34841,9,9
34842,0,0
34843,2,2
34844,0,0
34845,9,9
34846,0,0
34847,3,3
34848,6,6
34849,9,9
34850,6,6
34851,6,6
34852,1,1
34853,2,2
34854,3,3
34855,8,8
34856,6,6
34857,9,9
34858,7,7
34859,4,4
34860,4,4
34861,2,2
34862,1,1
34863,2,2
34864,6,6
34865,8,8
34866,1,1
34867,3,3
34868,7,7
34869,9,9
34870,1,1
34871,6,6
34872,2,2
34873,2,2
34874,1,1
34875,8,8
34876,8,8
34877,9,9
34878,0,0
34879,4,4
34880,0,0
34881,8,8
34882,2,2
34883,2,2
34884,1,1
34885,8,8
34886,5,5
34887,3,3
34888,5,5
34889,9,9
34890,5,5
34891,6,6
34892,5,5
34893,7,7
34894,4,4
34895,8,8
34896,4,4
34897,4,4
34898,7,7
34899,8,8
34900,2,2
34901,2,2
34902,3,3
34903,8,8
34904,3,3
34905,4,4
34906,5,5
34907,6,6
34908,8,8
34909,8,8
34910,2,2
34911,9,9
34912,0,0
34913,2,2
34914,1,1
34915,4,4
34916,0,0
34917,6,6
34918,4,4
34919,4,4
34920,5,5
34921,2,2
34922,1,1
34923,9,9
34924,4,4
34925,8,8
34926,1,1
34927,9,9
34928,6,6
34929,2,2
34930,1,1
34931,2,2
34932,2,2
34933,2,2
34934,1,1
34935,8,8
34936,6,6
34937,9,9
34938,9,9
34939,8,8
34940,1,1
34941,8,8
34942,5,5
34943,2,2
34944,1,1
34945,9,9
34946,7,7
34947,8,8
34948,5,5
34949,8,8
34950,1,1
34951,8,8
34952,7,7
34953,8,8
34954,0,0
34955,8,8
34956,4,4
34957,8,8
34958,3,3
34959,8,8
34960,4,4
34961,6,6
34962,0,0
34963,4,4
34964,6,6
34965,9,9
34966,2,2
34967,2,2
34968,7,7
34969,8,8
34970,0,0
34971,8,8
34972,0,0
34973,2,2
34974,7,7
34975,8,8
34976,9,9
34977,2,2
34978,2,2
34979,2,2
34980,1,1
34981,8,8
34982,0,0
34983,8,8
34984,2,2
34985,2,2
34986,7,7
34987,2,2
34988,5,5
34989,2,2
34990,1,1
34991,8,8
34992,1,1
34993,4,4
34994,0,0
34995,2,2
34996,7,7
34997,8,8
34998,0,0
34999,2,2
35000,1,1
35001,9,9
35002,0,0
35003,8,8
35004,0,0
35005,2,2
35006,1,1
35007,2,2
35008,1,1
35009,9,9
35010,7,7
35011,6,6
35012,3,3
35013,8,8
35014,1,1
35015,2,2
35016,0,0
35017,2,2
35018,2,2
35019,8,8
35020,6,6
35021,2,2
35022,1,1
35023,6,6
35024,0,0
35025,2,2
35026,5,5
35027,4,4
35028,3,3
35029,2,2
35030,7,7
35031,6,6
35032,8,8
35033,4,4
35034,2,2
35035,6,6
35036,2,2
35037,4,4
35038,2,2
35039,3,3
35040,2,2
35041,2,2
35042,7,7
35043,2,2
35044,5,5
35045,7,7
35046,7,7
35047,4,4
35048,1,1
35049,7,7
35050,3,3
35051,5,5
35052,1,1
35053,8,8
35054,0,0
35055,4,4
35056,3,3
35057,9,9
35058,1,1
35059,8,8
35060,2,2
35061,2,2
35062,7,7
35063,3,3
35064,4,4
35065,8,8
35066,7,7
35067,3,3
35068,0,0
35069,9,9
35070,5,5
35071,6,6
35072,7,7
35073,2,2
35074,3,3
35075,8,8
35076,9,9
35077,2,2
35078,0,0
35079,4,4
35080,0,0
35081,8,8
35082,2,2
35083,2,2
35084,5,5
35085,8,8
35086,7,7
35087,3,3
35088,7,7
35089,9,9
35090,7,7
35091,6,6
35092,6,6
35093,2,2
35094,1,1
35095,8,8
35096,2,2
35097,2,2
35098,0,0
35099,4,4
35100,7,7
35101,8,8
35102,8,8
35103,2,2
35104,9,9
35105,9,9
35106,6,6
35107,3,3
35108,1,1
35109,9,9
35110,1,1
35111,6,6
35112,6,6
35113,2,2
35114,0,0
35115,8,8
35116,1,1
35117,9,9
35118,0,0
35119,4,4
35120,7,7
35121,8,8
35122,7,7
35123,2,2
35124,1,1
35125,8,8
35126,0,0
35127,0,0
35128,3,3
35129,2,2
35130,8,8
35131,9,9
35132,7,7
35133,2,2
35134,6,6
35135,8,8
35136,5,5
35137,6,6
35138,1,1
35139,2,2
35140,4,4
35141,8,8
35142,5,5
35143,2,2
35144,5,5
35145,2,2
35146,4,4
35147,4,4
35148,3,3
35149,9,9
35150,0,0
35151,2,2
35152,5,5
35153,6,6
35154,4,4
35155,2,2
35156,0,0
35157,3,3
35158,5,5
35159,9,9
35160,1,1
35161,5,5
35162,7,7
35163,9,9
35164,7,7
35165,2,2
35166,0,0
35167,6,6
35168,9,9
35169,9,9
35170,1,1
35171,2,2
35172,7,7
35173,2,2
35174,8,8
35175,3,3
35176,0,0
35177,8,8
35178,0,0
35179,8,8
35180,0,0
35181,4,4
35182,5,5
35183,8,8
35184,5,5
35185,3,3
35186,0,0
35187,9,9
35188,0,0
35189,8,8
35190,1,1
35191,8,8
35192,2,2
35193,2,2
35194,0,0
35195,7,7
35196,8,8
35197,9,9
35198,5,5
35199,8,8
35200,4,4
35201,8,8
35202,7,7
35203,8,8
35204,4,4
35205,9,9
35206,2,2
35207,2,2
35208,7,7
35209,3,3
35210,4,4
35211,4,4
35212,1,1
35213,9,9
35214,7,7
35215,6,6
35216,6,6
35217,3,3
35218,0,0
35219,4,4
35220,6,6
35221,7,7
35222,4,4
35223,9,9
35224,0,0
35225,8,8
35226,1,1
35227,8,8
35228,7,7
35229,8,8
35230,7,7
35231,2,2
35232,5,5
35233,8,8
35234,4,4
35235,6,6
35236,1,1
35237,2,2
35238,4,4
35239,8,8
35240,6,6
35241,4,4
35242,2,2
35243,3,3
35244,1,1
35245,8,8
35246,2,2
35247,2,2
35248,7,7
35249,2,2
35250,6,6
35251,2,2
35252,1,1
35253,2,2
35254,5,5
35255,8,8
35256,5,5
35257,9,9
35258,0,0
35259,8,8
35260,9,9
35261,2,2
35262,3,3
35263,8,8
35264,7,7
35265,2,2
35266,1,1
35267,2,2
35268,2,2
35269,6,6
35270,1,1
35271,7,7
35272,7,7
35273,8,8
35274,7,7
35275,6,6
35276,9,9
35277,8,8
35278,1,1
35279,6,6
35280,4,4
35281,9,9
35282,3,3
35283,8,8
35284,5,5
35285,9,9
35286,1,1
35287,2,2
35288,6,6
35289,9,9
35290,6,6
35291,8,8
35292,0,0
35293,8,8
35294,3,3
35295,2,2
35296,5,5
35297,4,4
35298,6,6
35299,9,9
35300,2,2
35301,6,6
35302,5,5
35303,9,9
35304,5,5
35305,4,4
35306,0,0
35307,2,2
35308,7,7
35309,2,2
35310,2,2
35311,3,3
35312,5,5
35313,9,9
35314,5,5
35315,6,6
35316,8,8
35317,7,7
35318,9,9
35319,5,5
35320,3,3
35321,8,8
35322,4,4
35323,2,2
35324,5,5
35325,0,0
35326,4,4
35327,3,3
35328,1,1
35329,9,9
35330,0,0
35331,6,6
35332,9,9
35333,2,2
35334,8,8
35335,8,8
35336,7,7
35337,8,8
35338,7,7
35339,2,2
35340,6,6
35341,8,8
35342,4,4
35343,3,3
35344,7,7
35345,9,9
35346,7,7
35347,6,6
35348,3,3
35349,7,7
35350,8,8
35351,8,8
35352,1,1
35353,8,8
35354,7,7
35355,8,8
35356,6,6
35357,9,9
35358,5,5
35359,9,9
35360,1,1
35361,8,8
35362,8,8
35363,9,9
35364,7,7
35365,2,2
35366,7,7
35367,9,9
35368,0,0
35369,9,9
35370,1,1
35371,8,8
35372,8,8
35373,6,6
35374,0,0
35375,2,2
35376,7,7
35377,4,4
35378,9,9
35379,6,6
35380,5,5
35381,0,0
35382,0,0
35383,2,2
35384,5,5
35385,4,4
35386,1,1
35387,8,8
35388,3,3
35389,9,9
35390,2,2
35391,9,9
35392,0,0
35393,6,6
35394,2,2
35395,9,9
35396,9,9
35397,9,9
35398,7,7
35399,9,9
35400,3,3
35401,6,6
35402,0,0
35403,6,6
35404,9,9
35405,6,6
35406,1,1
35407,2,2
35408,3,3
35409,3,3
35410,6,6
35411,4,4
35412,5,5
35413,8,8
35414,1,1
35415,2,2
35416,0,0
35417,8,8
35418,0,0
35419,4,4
35420,0,0
35421,8,8
35422,7,7
35423,3,3
35424,5,5
35425,8,8
35426,5,5
35427,9,9
35428,7,7
35429,9,9
35430,9,9
35431,3,3
35432,3,3
35433,4,4
35434,7,7
35435,9,9
35436,1,1
35437,6,6
35438,7,7
35439,4,4
35440,8,8
35441,8,8
35442,5,5
35443,6,6
35444,0,0
35445,6,6
35446,1,1
35447,2,2
35448,1,1
35449,3,3
35450,5,5
35451,8,8
35452,5,5
35453,6,6
35454,6,6
35455,8,8
35456,7,7
35457,6,6
35458,7,7
35459,2,2
35460,7,7
35461,2,2
35462,7,7
35463,3,3
35464,7,7
35465,3,3
35466,7,7
35467,2,2
35468,5,5
35469,8,8
35470,1,1
35471,2,2
35472,5,5
35473,3,3
35474,0,0
35475,8,8
35476,8,8
35477,2,2
35478,6,6
35479,8,8
35480,1,1
35481,2,2
35482,4,4
35483,6,6
35484,2,2
35485,3,3
35486,7,7
35487,9,9
35488,3,3
35489,6,6
35490,0,0
35491,2,2
35492,6,6
35493,5,5
35494,6,6
35495,2,2
35496,1,1
35497,4,4
35498,0,0
35499,8,8
35500,5,5
35501,2,2
35502,3,3
35503,8,8
35504,7,7
35505,3,3
35506,8,8
35507,9,9
35508,1,1
35509,6,6
35510,6,6
35511,2,2
35512,5,5
35513,8,8
35514,1,1
35515,9,9
35516,3,3
35517,4,4
35518,8,8
35519,8,8
35520,7,7
35521,2,2
35522,7,7
35523,8,8
35524,5,5
35525,3,3
35526,7,7
35527,9,9
35528,7,7
35529,6,6
35530,2,2
35531,2,2
35532,5,5
35533,8,8
35534,5,5
35535,9,9
35536,3,3
35537,6,6
35538,1,1
35539,8,8
35540,4,4
35541,2,2
35542,7,7
35543,8,8
35544,0,0
35545,8,8
35546,5,5
35547,2,2
35548,7,7
35549,8,8
35550,7,7
35551,8,8
35552,1,1
35553,8,8
35554,9,9
35555,8,8
35556,5,5
35557,9,9
35558,1,1
35559,2,2
35560,8,8
35561,8,8
35562,7,7
35563,2,2
35564,4,4
35565,9,9
35566,6,6
35567,9,9
35568,7,7
35569,2,2
35570,2,2
35571,6,6
35572,6,6
35573,8,8
35574,7,7
35575,4,4
35576,7,7
35577,2,2
35578,4,4
35579,4,4
35580,8,8
35581,8,8
35582,7,7
35583,8,8
35584,0,0
35585,8,8
35586,1,1
35587,9,9
35588,3,3
35589,2,2
35590,0,0
35591,2,2
35592,1,1
35593,8,8
35594,0,0
35595,9,9
35596,1,1
35597,6,6
35598,5,5
35599,6,6
35600,9,9
35601,2,2
35602,2,2
35603,8,8
35604,7,7
35605,8,8
35606,6,6
35607,4,4
35608,7,7
35609,9,9
35610,7,7
35611,9,9
35612,5,5
35613,2,2
35614,4,4
35615,8,8
35616,8,8
35617,8,8
35618,0,0
35619,8,8
35620,3,3
35621,9,9
35622,7,7
35623,8,8
35624,8,8
35625,8,8
35626,5,5
35627,4,4
35628,5,5
35629,2,2
35630,4,4
35631,2,2
35632,5,5
35633,8,8
35634,3,3
35635,8,8
35636,9,9
35637,8,8
35638,6,6
35639,3,3
35640,7,7
35641,8,8
35642,1,1
35643,2,2
35644,5,5
35645,8,8
35646,3,3
35647,8,8
35648,8,8
35649,2,2
35650,7,7
35651,3,3
35652,7,7
35653,6,6
35654,1,1
35655,3,3
35656,0,0
35657,9,9
35658,7,7
35659,3,3
35660,3,3
35661,9,9
35662,5,5
35663,3,3
35664,4,4
35665,8,8
35666,5,5
35667,3,3
35668,8,8
35669,9,9
35670,6,6
35671,3,3
35672,0,0
35673,8,8
35674,2,2
35675,8,8
35676,0,0
35677,8,8
35678,7,7
35679,6,6
35680,3,3
35681,3,3
35682,5,5
35683,4,4
35684,4,4
35685,6,6
35686,1,1
35687,6,6
35688,7,7
35689,6,6
35690,6,6
35691,6,6
35692,7,7
35693,8,8
35694,7,7
35695,8,8
35696,0,0
35697,3,3
35698,1,1
35699,1,1
35700,3,3
35701,6,6
35702,7,7
35703,7,7
35704,2,2
35705,5,5
35706,2,2
35707,2,2
35708,3,3
35709,5,5
35710,9,9
35711,0,0
35712,3,3
35713,2,2
35714,4,4
35715,0,0
35716,0,0
35717,3,3
35718,5,5
35719,1,1
35720,3,3
35721,6,6
35722,1,1
35723,7,7
35724,0,0
35725,5,5
35726,9,9
35727,7,7
35728,1,1
35729,5,5
35730,7,7
35731,5,5
35732,0,0
35733,7,7
35734,5,5
35735,0,0
35736,4,4
35737,1,1
35738,2,2
35739,3,3
35740,7,7
35741,0,0
35742,3,3
35743,2,2
35744,7,7
35745,0,0
35746,3,3
35747,2,2
35748,8,8
35749,1,1
35750,5,5
35751,7,7
35752,5,5
35753,5,5
35754,0,0
35755,5,5
35756,1,1
35757,3,3
35758,7,7
35759,5,5
35760,8,8
35761,1,1
35762,7,7
35763,5,5
35764,7,7
35765,7,7
35766,7,7
35767,7,7
35768,4,4
35769,0,0
35770,6,6
35771,0,0
35772,7,7
35773,5,5
35774,1,1
35775,7,7
35776,7,7
35777,1,1
35778,3,3
35779,6,6
35780,5,5
35781,0,0
35782,3,3
35783,2,2
35784,2,2
35785,6,6
35786,5,5
35787,2,2
35788,7,7
35789,0,0
35790,9,9
35791,6,6
35792,9,9
35793,3,3
35794,0,0
35795,4,4
35796,7,7
35797,2,2
35798,9,9
35799,2,2
35800,3,3
35801,7,7
35802,1,1
35803,7,7
35804,0,0
35805,7,7
35806,7,7
35807,0,0
35808,4,4
35809,2,2
35810,4,4
35811,9,9
35812,0,0
35813,8,8
35814,1,1
35815,3,3
35816,3,3
35817,4,4
35818,0,0
35819,9,9
35820,1,1
35821,3,3
35822,5,5
35823,3,3
35824,8,8
35825,4,4
35826,1,1
35827,6,6
35828,1,1
35829,1,1
35830,5,5
35831,1,1
35832,6,6
35833,7,7
35834,8,8
35835,6,6
35836,5,5
35837,0,0
35838,2,2
35839,0,0
35840,0,0
35841,7,7
35842,9,9
35843,5,5
35844,4,4
35845,0,0
35846,4,4
35847,5,5
35848,2,2
35849,0,0
35850,1,1
35851,4,4
35852,5,5
35853,3,3
35854,0,0
35855,5,5
35856,1,1
35857,3,3
35858,7,7
35859,7,7
35860,0,0
35861,3,3
35862,1,1
35863,0,0
35864,7,7
35865,1,1
35866,0,0
35867,2,2
35868,4,4
35869,7,7
35870,7,7
35871,0,0
35872,6,6
35873,6,6
35874,7,7
35875,0,0
35876,7,7
35877,5,5
35878,5,5
35879,5,5
35880,1,1
35881,7,7
35882,4,4
35883,5,5
35884,5,5
35885,6,6
35886,1,1
35887,6,6
35888,4,4
35889,7,7
35890,7,7
35891,7,7
35892,0,0
35893,0,0
35894,0,0
35895,0,0
35896,3,3
35897,1,1
35898,7,7
35899,0,0
35900,1,1
35901,6,6
35902,6,6
35903,7,7
35904,5,5
35905,8,8
35906,7,7
35907,9,9
35908,1,1
35909,6,6
35910,4,4
35911,7,7
35912,1,1
35913,8,8
35914,1,1
35915,2,2
35916,9,9
35917,9,9
35918,4,4
35919,8,8
35920,0,0
35921,2,2
35922,7,7
35923,3,3
35924,7,7
35925,1,1
35926,5,5
35927,6,6
35928,2,2
35929,2,2
35930,6,6
35931,5,5
35932,2,2
35933,2,2
35934,3,3
35935,1,1
35936,3,3
35937,8,8
35938,0,0
35939,2,2
35940,7,7
35941,0,0
35942,1,1
35943,9,9
35944,7,7
35945,9,9
35946,5,5
35947,6,6
35948,9,9
35949,1,1
35950,2,2
35951,8,8
35952,5,5
35953,4,4
35954,7,7
35955,1,1
35956,5,5
35957,8,8
35958,7,7
35959,3,3
35960,5,5
35961,0,0
35962,6,6
35963,3,3
35964,5,5
35965,0,0
35966,0,0
35967,2,2
35968,4,4
35969,7,7
35970,1,1
35971,8,8
35972,3,3
35973,9,9
35974,7,7
35975,8,8
35976,7,7
35977,1,1
35978,0,0
35979,7,7
35980,0,0
35981,2,2
35982,3,3
35983,2,2
35984,2,2
35985,9,9
35986,7,7
35987,2,2
35988,5,5
35989,8,8
35990,1,1
35991,8,8
35992,9,9
35993,9,9
35994,3,3
35995,9,9
35996,5,5
35997,2,2
35998,0,0
35999,3,3
36000,8,8
36001,6,6
36002,1,1
36003,0,0
36004,5,5
36005,7,7
36006,6,6
36007,8,8
36008,7,7
36009,6,6
36010,7,7
36011,8,8
36012,9,9
36013,8,8
36014,4,4
36015,2,2
36016,6,6
36017,9,9
36018,7,7
36019,3,3
36020,7,7
36021,2,2
36022,3,3
36023,7,7
36024,8,8
36025,8,8
36026,7,7
36027,8,8
36028,5,5
36029,8,8
36030,1,1
36031,3,3
36032,5,5
36033,9,9
36034,2,2
36035,8,8
36036,5,5
36037,9,9
36038,4,4
36039,6,6
36040,2,2
36041,0,0
36042,1,1
36043,0,0
36044,0,0
36045,9,9
36046,1,1
36047,9,9
36048,7,7
36049,1,1
36050,5,5
36051,6,6
36052,0,0
36053,5,5
36054,2,2
36055,9,9
36056,6,6
36057,0,0
36058,0,0
36059,2,2
36060,8,8
36061,1,1
36062,0,0
36063,4,4
36064,6,6
36065,1,1
36066,7,7
36067,9,9
36068,4,4
36069,5,5
36070,4,4
36071,9,9
36072,3,3
36073,8,8
36074,5,5
36075,5,5
36076,7,7
36077,6,6
36078,7,7
36079,9,9
36080,5,5
36081,6,6
36082,7,7
36083,8,8
36084,3,3
36085,9,9
36086,2,2
36087,2,2
36088,8,8
36089,8,8
36090,3,3
36091,0,0
36092,5,5
36093,0,0
36094,1,1
36095,9,9
36096,2,2
36097,8,8
36098,1,1
36099,2,2
36100,6,6
36101,2,2
36102,5,5
36103,2,2
36104,8,8
36105,8,8
36106,1,1
36107,3,3
36108,9,9
36109,5,5
36110,1,1
36111,2,2
36112,6,6
36113,1,1
36114,2,2
36115,0,0
36116,2,2
36117,9,9
36118,0,0
36119,7,7
36120,1,1
36121,2,2
36122,5,5
36123,6,6
36124,1,1
36125,9,9
36126,5,5
36127,6,6
36128,4,4
36129,9,9
36130,7,7
36131,8,8
36132,5,5
36133,6,6
36134,0,0
36135,8,8
36136,0,0
36137,2,2
36138,3,3
36139,5,5
36140,8,8
36141,1,1
36142,6,6
36143,3,3
36144,4,4
36145,1,1
36146,3,3
36147,6,6
36148,5,5
36149,7,7
36150,0,0
36151,5,5
36152,1,1
36153,7,7
36154,7,7
36155,4,4
36156,0,0
36157,5,5
36158,1,1
36159,2,2
36160,5,5
36161,0,0
36162,8,8
36163,3,3
36164,1,1
36165,1,1
36166,4,4
36167,6,6
36168,3,3
36169,7,7
36170,6,6
36171,5,5
36172,1,1
36173,7,7
36174,4,4
36175,5,5
36176,4,4
36177,5,5
36178,8,8
36179,2,2
36180,7,7
36181,0,0
36182,2,2
36183,3,3
36184,4,4
36185,1,1
36186,5,5
36187,6,6
36188,0,0
36189,7,7
36190,5,5
36191,5,5
36192,7,7
36193,7,7
36194,5,5
36195,5,5
36196,0,0
36197,5,5
36198,3,3
36199,2,2
36200,5,5
36201,0,0
36202,4,4
36203,0,0
36204,0,0
36205,0,0
36206,7,7
36207,2,2
36208,0,0
36209,6,6
36210,7,7
36211,0,0
36212,9,9
36213,3,3
36214,2,2
36215,1,1
36216,7,7
36217,7,7
36218,0,0
36219,2,2
36220,4,4
36221,2,2
36222,5,5
36223,3,3
36224,1,1
36225,0,0
36226,8,8
36227,7,7
36228,5,5
36229,6,6
36230,0,0
36231,5,5
36232,2,2
36233,2,2
36234,0,0
36235,5,5
36236,7,7
36237,4,4
36238,5,5
36239,9,9
36240,1,1
36241,3,3
36242,7,7
36243,5,5
36244,2,2
36245,2,2
36246,0,0
36247,7,7
36248,1,1
36249,0,0
36250,7,7
36251,3,3
36252,8,8
36253,7,7
36254,5,5
36255,3,3
36256,3,3
36257,1,1
36258,8,8
36259,4,4
36260,7,7
36261,0,0
36262,7,7
36263,7,7
36264,1,1
36265,1,1
36266,6,6
36267,4,4
36268,3,3
36269,3,3
36270,2,2
36271,1,1
36272,7,7
36273,1,1
36274,4,4
36275,2,2
36276,9,9
36277,3,3
36278,4,4
36279,0,0
36280,5,5
36281,5,5
36282,1,1
36283,5,5
36284,0,0
36285,4,4
36286,0,0
36287,7,7
36288,1,1
36289,7,7
36290,3,3
36291,4,4
36292,6,6
36293,4,4
36294,4,4
36295,7,7
36296,5,5
36297,1,1
36298,7,7
36299,2,2
36300,7,7
36301,7,7
36302,8,8
36303,7,7
36304,2,2
36305,4,4
36306,0,0
36307,5,5
36308,4,4
36309,7,7
36310,4,4
36311,6,6
36312,3,3
36313,0,0
36314,8,8
36315,1,1
36316,8,8
36317,1,1
36318,3,3
36319,0,0
36320,6,6
36321,6,6
36322,5,5
36323,5,5
36324,1,1
36325,7,7
36326,6,6
36327,7,7
36328,8,8
36329,7,7
36330,7,7
36331,3,3
36332,7,7
36333,9,9
36334,8,8
36335,6,6
36336,5,5
36337,7,7
36338,9,9
36339,4,4
36340,8,8
36341,8,8
36342,8,8
36343,4,4
36344,4,4
36345,8,8
36346,5,5
36347,2,2
36348,8,8
36349,8,8
36350,0,0
36351,3,3
36352,1,1
36353,9,9
36354,7,7
36355,6,6
36356,1,1
36357,7,7
36358,4,4
36359,8,8
36360,5,5
36361,2,2
36362,3,3
36363,2,2
36364,4,4
36365,8,8
36366,2,2
36367,2,2
36368,9,9
36369,8,8
36370,1,1
36371,3,3
36372,4,4
36373,9,9
36374,7,7
36375,6,6
36376,3,3
36377,7,7
36378,8,8
36379,8,8
36380,1,1
36381,9,9
36382,1,1
36383,9,9
36384,5,5
36385,8,8
36386,9,9
36387,2,2
36388,1,1
36389,8,8
36390,4,4
36391,3,3
36392,9,9
36393,3,3
36394,0,0
36395,8,8
36396,6,6
36397,6,6
36398,0,0
36399,8,8
36400,5,5
36401,6,6
36402,0,0
36403,2,2
36404,5,5
36405,8,8
36406,7,7
36407,9,9
36408,9,9
36409,3,3
36410,1,1
36411,8,8
36412,7,7
36413,2,2
36414,3,3
36415,2,2
36416,4,4
36417,9,9
36418,0,0
36419,8,8
36420,0,0
36421,2,2
36422,1,1
36423,6,6
36424,2,2
36425,4,4
36426,1,1
36427,7,7
36428,5,5
36429,2,2
36430,8,8
36431,3,3
36432,7,7
36433,9,9
36434,1,1
36435,8,8
36436,9,9
36437,8,8
36438,5,5
36439,2,2
36440,3,3
36441,8,8
36442,1,1
36443,8,8
36444,1,1
36445,2,2
36446,6,6
36447,3,3
36448,1,1
36449,7,7
36450,5,5
36451,9,9
36452,2,2
36453,9,9
36454,7,7
36455,8,8
36456,0,0
36457,9,9
36458,7,7
36459,8,8
36460,5,5
36461,9,9
36462,6,6
36463,6,6
36464,5,5
36465,8,8
36466,5,5
36467,3,3
36468,3,3
36469,9,9
36470,7,7
36471,7,7
36472,0,0
36473,2,2
36474,5,5
36475,6,6
36476,3,3
36477,8,8
36478,7,7
36479,8,8
36480,2,2
36481,8,8
36482,7,7
36483,8,8
36484,3,3
36485,6,6
36486,2,2
36487,2,2
36488,1,1
36489,3,3
36490,1,1
36491,2,2
36492,2,2
36493,9,9
36494,8,8
36495,2,2
36496,4,4
36497,8,8
36498,8,8
36499,8,8
36500,0,0
36501,9,9
36502,5,5
36503,2,2
36504,5,5
36505,6,6
36506,3,3
36507,8,8
36508,7,7
36509,9,9
36510,0,0
36511,7,7
36512,8,8
36513,0,0
36514,7,7
36515,7,7
36516,9,9
36517,1,1
36518,0,0
36519,3,3
36520,1,1
36521,8,8
36522,6,6
36523,4,4
36524,3,3
36525,7,7
36526,0,0
36527,2,2
36528,7,7
36529,2,2
36530,0,0
36531,8,8
36532,1,1
36533,3,3
36534,1,1
36535,9,9
36536,1,1
36537,3,3
36538,0,0
36539,1,1
36540,5,5
36541,2,2
36542,7,7
36543,6,6
36544,7,7
36545,8,8
36546,8,8
36547,8,8
36548,4,4
36549,3,3
36550,5,5
36551,9,9
36552,5,5
36553,6,6
36554,8,8
36555,7,7
36556,2,2
36557,8,8
36558,9,9
36559,2,2
36560,3,3
36561,4,4
36562,7,7
36563,8,8
36564,3,3
36565,2,2
36566,1,1
36567,5,5
36568,6,6
36569,3,3
36570,4,4
36571,9,9
36572,7,7
36573,6,6
36574,4,4
36575,7,7
36576,7,7
36577,8,8
36578,5,5
36579,2,2
36580,0,0
36581,4,4
36582,7,7
36583,8,8
36584,0,0
36585,2,2
36586,3,3
36587,8,8
36588,2,2
36589,3,3
36590,4,4
36591,9,9
36592,7,7
36593,6,6
36594,1,1
36595,7,7
36596,5,5
36597,8,8
36598,7,7
36599,2,2
36600,9,9
36601,4,4
36602,7,7
36603,8,8
36604,7,7
36605,2,2
36606,0,0
36607,8,8
36608,1,1
36609,2,2
36610,2,2
36611,8,8
36612,0,0
36613,8,8
36614,5,5
36615,8,8
36616,4,4
36617,3,3
36618,1,1
36619,0,0
36620,3,3
36621,3,3
36622,7,7
36623,2,2
36624,6,6
36625,9,9
36626,1,1
36627,2,2
36628,3,3
36629,8,8
36630,5,5
36631,6,6
36632,0,0
36633,9,9
36634,0,0
36635,2,2
36636,4,4
36637,4,4
36638,9,9
36639,2,2
36640,0,0
36641,8,8
36642,5,5
36643,0,0
36644,7,7
36645,2,2
36646,7,7
36647,8,8
36648,0,0
36649,1,1
36650,1,1
36651,2,2
36652,2,2
36653,4,4
36654,8,8
36655,0,0
36656,2,2
36657,9,9
36658,7,7
36659,8,8
36660,4,4
36661,2,2
36662,6,6
36663,2,2
36664,1,1
36665,4,4
36666,8,8
36667,3,3
36668,1,1
36669,9,9
36670,5,5
36671,7,7
36672,7,7
36673,4,4
36674,8,8
36675,0,0
36676,5,5
36677,2,2
36678,5,5
36679,0,0
36680,6,6
36681,2,2
36682,1,1
36683,8,8
36684,7,7
36685,6,6
36686,4,4
36687,1,1
36688,0,0
36689,3,3
36690,0,0
36691,8,8
36692,3,3
36693,6,6
36694,6,6
36695,2,2
36696,2,2
36697,2,2
36698,4,4
36699,4,4
36700,8,8
36701,4,4
36702,5,5
36703,4,4
36704,6,6
36705,2,2
36706,0,0
36707,2,2
36708,2,2
36709,2,2
36710,2,2
36711,9,9
36712,3,3
36713,8,8
36714,2,2
36715,6,6
36716,7,7
36717,6,6
36718,6,6
36719,8,8
36720,0,0
36721,6,6
36722,7,7
36723,2,2
36724,4,4
36725,4,4
36726,5,5
36727,2,2
36728,6,6
36729,2,2
36730,8,8
36731,9,9
36732,7,7
36733,5,5
36734,3,3
36735,8,8
36736,7,7
36737,3,3
36738,1,1
36739,7,7
36740,7,7
36741,3,3
36742,0,0
36743,4,4
36744,5,5
36745,2,2
36746,4,4
36747,2,2
36748,8,8
36749,3,3
36750,0,0
36751,2,2
36752,2,2
36753,6,6
36754,7,7
36755,7,7
36756,7,7
36757,5,5
36758,0,0
36759,8,8
36760,0,0
36761,2,2
36762,0,0
36763,8,8
36764,3,3
36765,9,9
36766,4,4
36767,8,8
36768,9,9
36769,4,4
36770,7,7
36771,0,0
36772,4,4
36773,0,0
36774,1,1
36775,6,6
36776,2,2
36777,0,0
36778,1,1
36779,8,8
36780,3,3
36781,6,6
36782,0,0
36783,4,4
36784,4,4
36785,2,2
36786,9,9
36787,2,2
36788,3,3
36789,3,3
36790,8,8
36791,8,8
36792,4,4
36793,8,8
36794,9,9
36795,8,8
36796,8,8
36797,3,3
36798,4,4
36799,8,8
36800,7,7
36801,9,9
36802,7,7
36803,2,2
36804,7,7
36805,6,6
36806,5,5
36807,8,8
36808,0,0
36809,3,3
36810,5,5
36811,1,1
36812,7,7
36813,6,6
36814,1,1
36815,0,0
36816,2,2
36817,5,5
36818,1,1
36819,2,2
36820,7,7
36821,4,4
36822,9,9
36823,0,0
36824,3,3
36825,2,2
36826,4,4
36827,0,0
36828,7,7
36829,3,3
36830,5,5
36831,1,1
36832,5,5
36833,6,6
36834,7,7
36835,0,0
36836,8,8
36837,8,8
36838,4,4
36839,2,2
36840,8,8
36841,4,4
36842,3,3
36843,8,8
36844,9,9
36845,2,2
36846,6,6
36847,8,8
36848,3,3
36849,3,3
36850,2,2
36851,9,9
36852,2,2
36853,6,6
36854,7,7
36855,7,7
36856,0,0
36857,4,4
36858,6,6
36859,8,8
36860,0,0
36861,2,2
36862,0,0
36863,0,0
36864,1,1
36865,2,2
36866,5,5
36867,0,0
36868,1,1
36869,3,3
36870,7,7
36871,3,3
36872,7,7
36873,8,8
36874,2,2
36875,6,6
36876,8,8
36877,8,8
36878,7,7
36879,6,6
36880,5,5
36881,4,4
36882,3,3
36883,2,2
36884,3,3
36885,2,2
36886,0,0
36887,7,7
36888,7,7
36889,8,8
36890,4,4
36891,2,2
36892,1,1
36893,4,4
36894,2,2
36895,4,4
36896,2,2
36897,0,0
36898,1,1
36899,7,7
36900,1,1
36901,6,6
36902,8,8
36903,4,4
36904,6,6
36905,1,1
36906,8,8
36907,0,0
36908,1,1
36909,0,0
36910,4,4
36911,7,7
36912,7,7
36913,2,2
36914,6,6
36915,2,2
36916,8,8
36917,7,7
36918,2,2
36919,3,3
36920,0,0
36921,9,9
36922,0,0
36923,5,5
36924,1,1
36925,8,8
36926,5,5
36927,2,2
36928,9,9
36929,3,3
36930,0,0
36931,7,7
36932,5,5
36933,9,9
36934,0,0
36935,8,8
36936,1,1
36937,3,3
36938,5,5
36939,2,2
36940,5,5
36941,0,0
36942,7,7
36943,9,9
36944,2,2
36945,8,8
36946,7,7
36947,1,1
36948,3,3
36949,6,6
36950,6,6
36951,0,0
36952,5,5
36953,3,3
36954,8,8
36955,1,1
36956,1,1
36957,2,2
36958,6,6
36959,2,2
36960,5,5
36961,6,6
36962,8,8
36963,0,0
36964,0,0
36965,6,6
36966,4,4
36967,8,8
36968,1,1
36969,0,0
36970,5,5
36971,8,8
36972,5,5
36973,8,8
36974,7,7
36975,2,2
36976,5,5
36977,8,8
36978,7,7
36979,6,6
36980,4,4
36981,2,2
36982,6,6
36983,2,2
36984,7,7
36985,4,4
36986,7,7
36987,8,8
36988,0,0
36989,2,2
36990,7,7
36991,0,0
36992,1,1
36993,8,8
36994,2,2
36995,9,9
36996,4,4
36997,9,9
36998,7,7
36999,2,2
37000,5,5
37001,8,8
37002,5,5
37003,4,4
37004,5,5
37005,2,2
37006,2,2
37007,6,6
37008,1,1
37009,8,8
37010,5,5
37011,1,1
37012,9,9
37013,7,7
37014,1,1
37015,6,6
37016,7,7
37017,7,7
37018,4,4
37019,0,0
37020,6,6
37021,7,7
37022,7,7
37023,9,9
37024,1,1
37025,8,8
37026,1,1
37027,3,3
37028,5,5
37029,0,0
37030,1,1
37031,2,2
37032,2,2
37033,4,4
37034,8,8
37035,7,7
37036,1,1
37037,4,4
37038,9,9
37039,2,2
37040,6,6
37041,8,8
37042,7,7
37043,3,3
37044,4,4
37045,1,1
37046,0,0
37047,3,3
37048,5,5
37049,2,2
37050,3,3
37051,2,2
37052,4,4
37053,6,6
37054,7,7
37055,8,8
37056,8,8
37057,8,8
37058,1,1
37059,3,3
37060,1,1
37061,9,9
37062,9,9
37063,6,6
37064,0,0
37065,2,2
37066,8,8
37067,8,8
37068,0,0
37069,8,8
37070,7,7
37071,4,4
37072,7,7
37073,8,8
37074,5,5
37075,2,2
37076,0,0
37077,0,0
37078,7,7
37079,3,3
37080,5,5
37081,9,9
37082,7,7
37083,6,6
37084,6,6
37085,2,2
37086,7,7
37087,8,8
37088,0,0
37089,2,2
37090,9,9
37091,4,4
37092,3,3
37093,8,8
37094,9,9
37095,2,2
37096,2,2
37097,0,0
37098,0,0
37099,3,3
37100,9,9
37101,9,9
37102,1,1
37103,6,6
37104,8,8
37105,2,2
37106,7,7
37107,8,8
37108,0,0
37109,2,2
37110,1,1
37111,8,8
37112,5,5
37113,3,3
37114,9,9
37115,8,8
37116,9,9
37117,2,2
37118,1,1
37119,2,2
37120,6,6
37121,4,4
37122,1,1
37123,8,8
37124,7,7
37125,2,2
37126,0,0
37127,0,0
37128,5,5
37129,2,2
37130,2,2
37131,8,8
37132,1,1
37133,8,8
37134,7,7
37135,7,7
37136,0,0
37137,9,9
37138,1,1
37139,9,9
37140,4,4
37141,3,3
37142,4,4
37143,6,6
37144,5,5
37145,6,6
37146,0,0
37147,8,8
37148,2,2
37149,2,2
37150,0,0
37151,6,6
37152,2,2
37153,3,3
37154,1,1
37155,9,9
37156,0,0
37157,6,6
37158,3,3
37159,4,4
37160,1,1
37161,2,2
37162,8,8
37163,2,2
37164,7,7
37165,8,8
37166,7,7
37167,7,7
37168,6,6
37169,2,2
37170,0,0
37171,8,8
37172,6,6
37173,4,4
37174,7,7
37175,4,4
37176,0,0
37177,4,4
37178,1,1
37179,9,9
37180,8,8
37181,2,2
37182,1,1
37183,3,3
37184,7,7
37185,2,2
37186,4,4
37187,6,6
37188,7,7
37189,3,3
37190,1,1
37191,9,9
37192,3,3
37193,8,8
37194,2,2
37195,4,4
37196,1,1
37197,7,7
37198,2,2
37199,6,6
37200,1,1
37201,9,9
37202,9,9
37203,8,8
37204,7,7
37205,2,2
37206,8,8
37207,9,9
37208,4,4
37209,7,7
37210,6,6
37211,8,8
37212,5,5
37213,9,9
37214,1,1
37215,8,8
37216,8,8
37217,4,4
37218,4,4
37219,2,2
37220,2,2
37221,8,8
37222,4,4
37223,7,7
37224,3,3
37225,9,9
37226,5,5
37227,8,8
37228,4,4
37229,7,7
37230,1,1
37231,4,4
37232,1,1
37233,8,8
37234,6,6
37235,4,4
37236,4,4
37237,9,9
37238,4,4
37239,8,8
37240,7,7
37241,6,6
37242,0,0
37243,4,4
37244,7,7
37245,8,8
37246,4,4
37247,8,8
37248,0,0
37249,9,9
37250,7,7
37251,8,8
37252,3,3
37253,2,2
37254,4,4
37255,2,2
37256,7,7
37257,8,8
37258,6,6
37259,8,8
37260,1,1
37261,3,3
37262,5,5
37263,2,2
37264,5,5
37265,8,8
37266,7,7
37267,2,2
37268,5,5
37269,3,3
37270,5,5
37271,6,6
37272,5,5
37273,5,5
37274,6,6
37275,9,9
37276,5,5
37277,4,4
37278,7,7
37279,8,8
37280,2,2
37281,6,6
37282,4,4
37283,0,0
37284,7,7
37285,1,1
37286,1,1
37287,3,3
37288,0,0
37289,9,9
37290,1,1
37291,5,5
37292,4,4
37293,6,6
37294,0,0
37295,5,5
37296,6,6
37297,8,8
37298,8,8
37299,2,2
37300,2,2
37301,0,0
37302,5,5
37303,3,3
37304,7,7
37305,9,9
37306,5,5
37307,6,6
37308,2,2
37309,2,2
37310,5,5
37311,5,5
37312,7,7
37313,9,9
37314,7,7
37315,4,4
37316,0,0
37317,8,8
37318,5,5
37319,9,9
37320,6,6
37321,0,0
37322,6,6
37323,3,3
37324,0,0
37325,1,1
37326,5,5
37327,8,8
37328,0,0
37329,2,2
37330,1,1
37331,0,0
37332,7,7
37333,0,0
37334,1,1
37335,3,3
37336,2,2
37337,9,9
37338,0,0
37339,5,5
37340,4,4
37341,9,9
37342,2,2
37343,9,9
37344,7,7
37345,4,4
37346,1,1
37347,5,5
37348,8,8
37349,5,5
37350,5,5
37351,4,4
37352,5,5
37353,8,8
37354,1,1
37355,7,7
37356,5,5
37357,5,5
37358,1,1
37359,0,0
37360,4,4
37361,7,7
37362,7,7
37363,1,1
37364,2,2
37365,9,9
37366,5,5
37367,5,5
37368,7,7
37369,0,0
37370,4,4
37371,4,4
37372,5,5
37373,4,4
37374,0,0
37375,2,2
37376,0,0
37377,3,3
37378,1,1
37379,9,9
37380,7,7
37381,5,5
37382,3,3
37383,6,6
37384,9,9
37385,8,8
37386,7,7
37387,8,8
37388,5,5
37389,8,8
37390,4,4
37391,0,0
37392,4,4
37393,9,9
37394,8,8
37395,8,8
37396,0,0
37397,6,6
37398,2,2
37399,8,8
37400,0,0
37401,4,4
37402,0,0
37403,5,5
37404,7,7
37405,9,9
37406,2,2
37407,9,9
37408,3,3
37409,9,9
37410,8,8
37411,3,3
37412,6,6
37413,9,9
37414,0,0
37415,3,3
37416,1,1
37417,1,1
37418,6,6
37419,5,5
37420,8,8
37421,4,4
37422,7,7
37423,0,0
37424,8,8
37425,3,3
37426,6,6
37427,5,5
37428,2,2
37429,8,8
37430,5,5
37431,9,9
37432,3,3
37433,9,9
37434,7,7
37435,6,6
37436,2,2
37437,6,6
37438,7,7
37439,2,2
37440,7,7
37441,9,9
37442,4,4
37443,2,2
37444,2,2
37445,4,4
37446,6,6
37447,5,5
37448,7,7
37449,0,0
37450,0,0
37451,1,1
37452,3,3
37453,9,9
37454,7,7
37455,9,9
37456,7,7
37457,0,0
37458,2,2
37459,2,2
37460,2,2
37461,9,9
37462,6,6
37463,9,9
37464,7,7
37465,9,9
37466,0,0
37467,3,3
37468,7,7
37469,0,0
37470,7,7
37471,0,0
37472,7,7
37473,2,2
37474,0,0
37475,4,4
37476,4,4
37477,4,4
37478,7,7
37479,1,1
37480,0,0
37481,6,6
37482,1,1
37483,1,1
37484,6,6
37485,5,5
37486,9,9
37487,5,5
37488,0,0
37489,5,5
37490,5,5
37491,6,6
37492,5,5
37493,2,2
37494,0,0
37495,3,3
37496,8,8
37497,3,3
37498,0,0
37499,1,1
37500,0,0
37501,6,6
37502,2,2
37503,7,7
37504,9,9
37505,5,5
37506,3,3
37507,7,7
37508,9,9
37509,4,4
37510,2,2
37511,3,3
37512,7,7
37513,1,1
37514,3,3
37515,6,6
37516,0,0
37517,7,7
37518,1,1
37519,0,0
37520,0,0
37521,7,7
37522,0,0
37523,5,5
37524,7,7
37525,0,0
37526,6,6
37527,2,2
37528,5,5
37529,3,3
37530,0,0
37531,1,1
37532,6,6
37533,8,8
37534,5,5
37535,5,5
37536,8,8
37537,5,5
37538,7,7
37539,2,2
37540,7,7
37541,5,5
37542,3,3
37543,3,3
37544,4,4
37545,7,7
37546,5,5
37547,1,1
37548,2,2
37549,5,5
37550,8,8
37551,7,7
37552,0,0
37553,5,5
37554,3,3
37555,7,7
37556,0,0
37557,7,7
37558,7,7
37559,3,3
37560,6,6
37561,0,0
37562,0,0
37563,1,1
37564,1,1
37565,1,1
37566,7,7
37567,4,4
37568,9,9
37569,7,7
37570,9,9
37571,3,3
37572,7,7
37573,0,0
37574,0,0
37575,0,0
37576,4,4
37577,4,4
37578,6,6
37579,1,1
37580,6,6
37581,4,4
37582,1,1
37583,0,0
37584,7,7
37585,0,0
37586,0,0
37587,0,0
37588,5,5
37589,7,7
37590,2,2
37591,0,0
37592,2,2
37593,0,0
37594,5,5
37595,2,2
37596,8,8
37597,7,7
37598,9,9
37599,5,5
37600,2,2
37601,6,6
37602,9,9
37603,5,5
37604,7,7
37605,7,7
37606,7,7
37607,1,1
37608,0,0
37609,8,8
37610,9,9
37611,0,0
37612,8,8
37613,6,6
37614,1,1
37615,6,6
37616,5,5
37617,0,0
37618,1,1
37619,3,3
37620,2,2
37621,5,5
37622,7,7
37623,5,5
37624,1,1
37625,7,7
37626,7,7
37627,7,7
37628,7,7
37629,1,1
37630,6,6
37631,6,6
37632,8,8
37633,5,5
37634,5,5
37635,1,1
37636,7,7
37637,5,5
37638,7,7
37639,4,4
37640,5,5
37641,0,0
37642,3,3
37643,7,7
37644,2,2
37645,1,1
37646,6,6
37647,7,7
37648,1,1
37649,7,7
37650,1,1
37651,5,5
37652,1,1
37653,3,3
37654,0,0
37655,4,4
37656,3,3
37657,5,5
37658,7,7
37659,1,1
37660,6,6
37661,1,1
37662,7,7
37663,3,3
37664,0,0
37665,5,5
37666,4,4
37667,5,5
37668,9,9
37669,6,6
37670,1,1
37671,6,6
37672,7,7
37673,5,5
37674,9,9
37675,4,4
37676,5,5
37677,3,3
37678,3,3
37679,4,4
37680,2,2
37681,5,5
37682,5,5
37683,0,0
37684,0,0
37685,2,2
37686,3,3
37687,0,0
37688,5,5
37689,7,7
37690,7,7
37691,7,7
37692,7,7
37693,0,0
37694,0,0
37695,2,2
37696,7,7
37697,3,3
37698,0,0
37699,7,7
37700,7,7
37701,2,2
37702,0,0
37703,7,7
37704,9,9
37705,3,3
37706,0,0
37707,4,4
37708,3,3
37709,2,2
37710,1,1
37711,7,7
37712,8,8
37713,0,0
37714,3,3
37715,2,2
37716,1,1
37717,7,7
37718,1,1
37719,1,1
37720,7,7
37721,7,7
37722,0,0
37723,3,3
37724,4,4
37725,9,9
37726,7,7
37727,6,6
37728,9,9
37729,7,7
37730,7,7
37731,0,0
37732,1,1
37733,8,8
37734,1,1
37735,2,2
37736,5,5
37737,8,8
37738,3,3
37739,3,3
37740,2,2
37741,9,9
37742,9,9
37743,5,5
37744,3,3
37745,7,7
37746,7,7
37747,5,5
37748,5,5
37749,9,9
37750,5,5
37751,4,4
37752,3,3
37753,0,0
37754,0,0
37755,2,2
37756,9,9
37757,8,8
37758,5,5
37759,3,3
37760,6,6
37761,9,9
37762,0,0
37763,6,6
37764,0,0
37765,7,7
37766,7,7
37767,5,5
37768,2,2
37769,8,8
37770,8,8
37771,2,2
37772,8,8
37773,8,8
37774,2,2
37775,8,8
37776,2,2
37777,6,6
37778,5,5
37779,8,8
37780,3,3
37781,8,8
37782,9,9
37783,2,2
37784,1,1
37785,8,8
37786,7,7
37787,3,3
37788,5,5
37789,6,6
37790,7,7
37791,2,2
37792,7,7
37793,8,8
37794,5,5
37795,7,7
37796,7,7
37797,7,7
37798,6,6
37799,8,8
37800,5,5
37801,4,4
37802,1,1
37803,4,4
37804,4,4
37805,2,2
37806,1,1
37807,2,2
37808,9,9
37809,9,9
37810,7,7
37811,8,8
37812,6,6
37813,2,2
37814,3,3
37815,8,8
37816,0,0
37817,2,2
37818,0,0
37819,8,8
37820,1,1
37821,7,7
37822,7,7
37823,8,8
37824,5,5
37825,6,6
37826,5,5
37827,7,7
37828,1,1
37829,4,4
37830,7,7
37831,4,4
37832,7,7
37833,8,8
37834,1,1
37835,8,8
37836,9,9
37837,3,3
37838,8,8
37839,9,9
37840,0,0
37841,3,3
37842,2,2
37843,9,9
37844,3,3
37845,4,4
37846,5,5
37847,7,7
37848,7,7
37849,9,9
37850,2,2
37851,8,8
37852,2,2
37853,8,8
37854,3,3
37855,2,2
37856,3,3
37857,2,2
37858,5,5
37859,4,4
37860,7,7
37861,6,6
37862,1,1
37863,6,6
37864,2,2
37865,9,9
37866,0,0
37867,8,8
37868,8,8
37869,9,9
37870,7,7
37871,8,8
37872,1,1
37873,8,8
37874,2,2
37875,8,8
37876,8,8
37877,8,8
37878,8,8
37879,8,8
37880,9,9
37881,9,9
37882,1,1
37883,3,3
37884,0,0
37885,9,9
37886,2,2
37887,8,8
37888,4,4
37889,6,6
37890,7,7
37891,2,2
37892,4,4
37893,8,8
37894,2,2
37895,4,4
37896,2,2
37897,9,9
37898,1,1
37899,8,8
37900,5,5
37901,3,3
37902,3,3
37903,7,7
37904,6,6
37905,4,4
37906,8,8
37907,5,5
37908,0,0
37909,2,2
37910,7,7
37911,9,9
37912,1,1
37913,7,7
37914,7,7
37915,9,9
37916,5,5
37917,3,3
37918,6,6
37919,8,8
37920,1,1
37921,9,9
37922,0,0
37923,1,1
37924,7,7
37925,6,6
37926,0,0
37927,7,7
37928,7,7
37929,2,2
37930,8,8
37931,9,9
37932,0,0
37933,2,2
37934,5,5
37935,0,0
37936,9,9
37937,2,2
37938,1,1
37939,1,1
37940,7,7
37941,6,6
37942,6,6
37943,7,7
37944,7,7
37945,5,5
37946,3,3
37947,8,8
37948,1,1
37949,2,2
37950,3,3
37951,0,0
37952,2,2
37953,3,3
37954,3,3
37955,1,1
37956,7,7
37957,6,6
37958,0,0
37959,7,7
37960,8,8
37961,0,0
37962,4,4
37963,8,8
37964,6,6
37965,5,5
37966,4,4
37967,6,6
37968,3,3
37969,1,1
37970,3,3
37971,8,8
37972,1,1
37973,4,4
37974,5,5
37975,8,8
37976,5,5
37977,3,3
37978,9,9
37979,2,2
37980,3,3
37981,2,2
37982,4,4
37983,2,2
37984,1,1
37985,6,6
37986,5,5
37987,0,0
37988,0,0
37989,1,1
37990,4,4
37991,6,6
37992,0,0
37993,4,4
37994,0,0
37995,6,6
37996,0,0
37997,1,1
37998,4,4
37999,0,0
38000,2,2
38001,0,0
38002,1,1
38003,0,0
38004,8,8
38005,0,0
38006,5,5
38007,1,1
38008,7,7
38009,6,6
38010,6,6
38011,0,0
38012,5,5
38013,4,4
38014,7,7
38015,5,5
38016,1,1
38017,0,0
38018,0,0
38019,8,8
38020,5,5
38021,5,5
38022,7,7
38023,8,8
38024,2,2
38025,3,3
38026,0,0
38027,1,1
38028,4,4
38029,1,1
38030,5,5
38031,5,5
38032,4,4
38033,6,6
38034,0,0
38035,2,2
38036,6,6
38037,7,7
38038,8,8
38039,1,1
38040,1,1
38041,5,5
38042,3,3
38043,3,3
38044,2,2
38045,4,4
38046,0,0
38047,8,8
38048,5,5
38049,2,2
38050,9,9
38051,0,0
38052,0,0
38053,0,0
38054,7,7
38055,2,2
38056,1,1
38057,2,2
38058,7,7
38059,2,2
38060,7,7
38061,6,6
38062,3,3
38063,2,2
38064,5,5
38065,2,2
38066,7,7
38067,2,2
38068,6,6
38069,2,2
38070,6,6
38071,2,2
38072,0,0
38073,2,2
38074,2,2
38075,9,9
38076,0,0
38077,1,1
38078,9,9
38079,8,8
38080,4,4
38081,9,9
38082,5,5
38083,1,1
38084,4,4
38085,2,2
38086,7,7
38087,0,0
38088,8,8
38089,7,7
38090,5,5
38091,8,8
38092,7,7
38093,9,9
38094,1,1
38095,9,9
38096,8,8
38097,9,9
38098,1,1
38099,3,3
38100,3,3
38101,1,1
38102,3,3
38103,3,3
38104,4,4
38105,9,9
38106,7,7
38107,6,6
38108,6,6
38109,7,7
38110,3,3
38111,8,8
38112,5,5
38113,2,2
38114,4,4
38115,4,4
38116,7,7
38117,8,8
38118,0,0
38119,2,2
38120,6,6
38121,8,8
38122,0,0
38123,3,3
38124,6,6
38125,9,9
38126,3,3
38127,6,6
38128,5,5
38129,2,2
38130,2,2
38131,8,8
38132,0,0
38133,8,8
38134,5,5
38135,2,2
38136,8,8
38137,8,8
38138,3,3
38139,3,3
38140,9,9
38141,9,9
38142,1,1
38143,6,6
38144,5,5
38145,7,7
38146,0,0
38147,9,9
38148,6,6
38149,8,8
38150,5,5
38151,2,2
38152,4,4
38153,8,8
38154,5,5
38155,3,3
38156,4,4
38157,3,3
38158,7,7
38159,9,9
38160,1,1
38161,3,3
38162,7,7
38163,1,1
38164,9,9
38165,8,8
38166,2,2
38167,7,7
38168,0,0
38169,5,5
38170,9,9
38171,6,6
38172,9,9
38173,9,9
38174,7,7
38175,8,8
38176,4,4
38177,3,3
38178,9,9
38179,3,3
38180,7,7
38181,4,4
38182,7,7
38183,8,8
38184,0,0
38185,9,9
38186,8,8
38187,4,4
38188,5,5
38189,9,9
38190,4,4
38191,8,8
38192,4,4
38193,2,2
38194,7,7
38195,6,6
38196,1,1
38197,6,6
38198,3,3
38199,7,7
38200,3,3
38201,8,8
38202,7,7
38203,0,0
38204,5,5
38205,8,8
38206,9,9
38207,9,9
38208,6,6
38209,8,8
38210,8,8
38211,2,2
38212,3,3
38213,8,8
38214,4,4
38215,8,8
38216,6,6
38217,2,2
38218,7,7
38219,4,4
38220,8,8
38221,6,6
38222,9,9
38223,7,7
38224,6,6
38225,9,9
38226,1,1
38227,8,8
38228,3,3
38229,8,8
38230,7,7
38231,3,3
38232,3,3
38233,8,8
38234,1,1
38235,9,9
38236,5,5
38237,2,2
38238,7,7
38239,7,7
38240,7,7
38241,7,7
38242,5,5
38243,8,8
38244,8,8
38245,2,2
38246,9,9
38247,8,8
38248,0,0
38249,2,2
38250,2,2
38251,2,2
38252,9,9
38253,4,4
38254,2,2
38255,8,8
38256,3,3
38257,8,8
38258,4,4
38259,9,9
38260,4,4
38261,6,6
38262,5,5
38263,9,9
38264,1,1
38265,8,8
38266,2,2
38267,8,8
38268,6,6
38269,9,9
38270,5,5
38271,2,2
38272,1,1
38273,8,8
38274,5,5
38275,4,4
38276,1,1
38277,2,2
38278,0,0
38279,8,8
38280,5,5
38281,2,2
38282,5,5
38283,2,2
38284,5,5
38285,9,9
38286,5,5
38287,9,9
38288,6,6
38289,3,3
38290,4,4
38291,8,8
38292,0,0
38293,8,8
38294,7,7
38295,9,9
38296,0,0
38297,3,3
38298,3,3
38299,4,4
38300,0,0
38301,8,8
38302,1,1
38303,9,9
38304,0,0
38305,9,9
38306,4,4
38307,6,6
38308,4,4
38309,2,2
38310,4,4
38311,9,9
38312,5,5
38313,9,9
38314,7,7
38315,7,7
38316,0,0
38317,1,1
38318,5,5
38319,7,7
38320,0,0
38321,5,5
38322,1,1
38323,0,0
38324,7,7
38325,7,7
38326,6,6
38327,4,4
38328,1,1
38329,0,0
38330,1,1
38331,6,6
38332,7,7
38333,0,0
38334,4,4
38335,3,3
38336,5,5
38337,1,1
38338,5,5
38339,1,1
38340,1,1
38341,7,7
38342,4,4
38343,0,0
38344,0,0
38345,0,0
38346,7,7
38347,4,4
38348,4,4
38349,8,8
38350,0,0
38351,2,2
38352,4,4
38353,0,0
38354,1,1
38355,3,3
38356,6,6
38357,1,1
38358,5,5
38359,1,1
38360,7,7
38361,7,7
38362,5,5
38363,0,0
38364,3,3
38365,2,2
38366,6,6
38367,4,4
38368,7,7
38369,0,0
38370,1,1
38371,4,4
38372,8,8
38373,8,8
38374,9,9
38375,8,8
38376,4,4
38377,7,7
38378,5,5
38379,5,5
38380,2,2
38381,6,6
38382,2,2
38383,7,7
38384,1,1
38385,9,9
38386,2,2
38387,2,2
38388,1,1
38389,9,9
38390,4,4
38391,2,2
38392,0,0
38393,4,4
38394,4,4
38395,0,0
38396,6,6
38397,9,9
38398,1,1
38399,7,7
38400,4,4
38401,6,6
38402,5,5
38403,6,6
38404,3,3
38405,2,2
38406,6,6
38407,5,5
38408,5,5
38409,7,7
38410,7,7
38411,3,3
38412,3,3
38413,1,1
38414,0,0
38415,9,9
38416,4,4
38417,6,6
38418,8,8
38419,0,0
38420,5,5
38421,4,4
38422,1,1
38423,2,2
38424,1,1
38425,9,9
38426,0,0
38427,7,7
38428,8,8
38429,3,3
38430,6,6
38431,4,4
38432,1,1
38433,2,2
38434,7,7
38435,7,7
38436,1,1
38437,8,8
38438,6,6
38439,7,7
38440,3,3
38441,2,2
38442,2,2
38443,0,0
38444,4,4
38445,7,7
38446,3,3
38447,0,0
38448,5,5
38449,9,9
38450,4,4
38451,7,7
38452,2,2
38453,2,2
38454,1,1
38455,9,9
38456,0,0
38457,8,8
38458,8,8
38459,2,2
38460,4,4
38461,3,3
38462,9,9
38463,1,1
38464,1,1
38465,1,1
38466,1,1
38467,5,5
38468,0,0
38469,7,7
38470,0,0
38471,4,4
38472,4,4
38473,3,3
38474,4,4
38475,8,8
38476,2,2
38477,9,9
38478,4,4
38479,4,4
38480,9,9
38481,2,2
38482,1,1
38483,2,2
38484,3,3
38485,6,6
38486,8,8
38487,9,9
38488,4,4
38489,2,2
38490,1,1
38491,4,4
38492,1,1
38493,5,5
38494,3,3
38495,7,7
38496,5,5
38497,3,3
38498,5,5
38499,9,9
38500,0,0
38501,3,3
38502,0,0
38503,8,8
38504,8,8
38505,9,9
38506,8,8
38507,7,7
38508,7,7
38509,2,2
38510,1,1
38511,4,4
38512,4,4
38513,7,7
38514,5,5
38515,8,8
38516,1,1
38517,9,9
38518,0,0
38519,8,8
38520,0,0
38521,8,8
38522,1,1
38523,3,3
38524,8,8
38525,9,9
38526,0,0
38527,6,6
38528,1,1
38529,7,7
38530,6,6
38531,0,0
38532,1,1
38533,2,2
38534,0,0
38535,4,4
38536,7,7
38537,8,8
38538,1,1
38539,8,8
38540,3,3
38541,8,8
38542,6,6
38543,3,3
38544,8,8
38545,9,9
38546,2,2
38547,6,6
38548,4,4
38549,2,2
38550,0,0
38551,5,5
38552,0,0
38553,9,9
38554,1,1
38555,4,4
38556,0,0
38557,8,8
38558,1,1
38559,8,8
38560,6,6
38561,9,9
38562,0,0
38563,6,6
38564,7,7
38565,2,2
38566,2,2
38567,4,4
38568,5,5
38569,9,9
38570,1,1
38571,4,4
38572,9,9
38573,3,3
38574,3,3
38575,8,8
38576,5,5
38577,9,9
38578,4,4
38579,3,3
38580,7,7
38581,2,2
38582,1,1
38583,4,4
38584,1,1
38585,9,9
38586,5,5
38587,8,8
38588,1,1
38589,8,8
38590,3,3
38591,9,9
38592,1,1
38593,7,7
38594,2,2
38595,9,9
38596,2,2
38597,8,8
38598,5,5
38599,3,3
38600,5,5
38601,8,8
38602,7,7
38603,8,8
38604,7,7
38605,9,9
38606,2,2
38607,0,0
38608,4,4
38609,6,6
38610,9,9
38611,8,8
38612,7,7
38613,2,2
38614,3,3
38615,8,8
38616,0,0
38617,6,6
38618,6,6
38619,8,8
38620,0,0
38621,8,8
38622,5,5
38623,2,2
38624,2,2
38625,8,8
38626,7,7
38627,7,7
38628,7,7
38629,9,9
38630,5,5
38631,5,5
38632,0,0
38633,4,4
38634,4,4
38635,6,6
38636,1,1
38637,6,6
38638,5,5
38639,8,8
38640,2,2
38641,8,8
38642,4,4
38643,4,4
38644,3,3
38645,5,5
38646,0,0
38647,8,8
38648,7,7
38649,6,6
38650,5,5
38651,8,8
38652,6,6
38653,2,2
38654,0,0
38655,9,9
38656,5,5
38657,7,7
38658,2,2
38659,4,4
38660,3,3
38661,4,4
38662,3,3
38663,3,3
38664,1,1
38665,6,6
38666,1,1
38667,6,6
38668,5,5
38669,5,5
38670,7,7
38671,5,5
38672,8,8
38673,8,8
38674,0,0
38675,9,9
38676,4,4
38677,9,9
38678,5,5
38679,6,6
38680,0,0
38681,4,4
38682,1,1
38683,9,9
38684,1,1
38685,8,8
38686,2,2
38687,7,7
38688,5,5
38689,9,9
38690,0,0
38691,3,3
38692,6,6
38693,2,2
38694,4,4
38695,4,4
38696,3,3
38697,9,9
38698,7,7
38699,4,4
38700,1,1
38701,8,8
38702,2,2
38703,4,4
38704,0,0
38705,8,8
38706,3,3
38707,9,9
38708,7,7
38709,9,9
38710,8,8
38711,8,8
38712,7,7
38713,9,9
38714,1,1
38715,6,6
38716,5,5
38717,8,8
38718,1,1
38719,2,2
38720,6,6
38721,4,4
38722,3,3
38723,8,8
38724,1,1
38725,2,2
38726,7,7
38727,0,0
38728,8,8
38729,3,3
38730,4,4
38731,9,9
38732,7,7
38733,6,6
38734,2,2
38735,7,7
38736,9,9
38737,8,8
38738,8,8
38739,2,2
38740,0,0
38741,4,4
38742,2,2
38743,8,8
38744,3,3
38745,2,2
38746,7,7
38747,8,8
38748,5,5
38749,3,3
38750,1,1
38751,9,9
38752,7,7
38753,6,6
38754,5,5
38755,7,7
38756,2,2
38757,8,8
38758,0,0
38759,2,2
38760,7,7
38761,4,4
38762,7,7
38763,0,0
38764,1,1
38765,2,2
38766,3,3
38767,8,8
38768,0,0
38769,9,9
38770,4,4
38771,7,7
38772,0,0
38773,3,3
38774,1,1
38775,0,0
38776,0,0
38777,0,0
38778,0,0
38779,9,9
38780,2,2
38781,0,0
38782,4,4
38783,8,8
38784,9,9
38785,6,6
38786,5,5
38787,9,9
38788,5,5
38789,8,8
38790,6,6
38791,6,6
38792,7,7
38793,5,5
38794,0,0
38795,8,8
38796,4,4
38797,7,7
38798,7,7
38799,7,7
38800,9,9
38801,2,2
38802,3,3
38803,5,5
38804,7,7
38805,2,2
38806,1,1
38807,2,2
38808,3,3
38809,0,0
38810,1,1
38811,7,7
38812,0,0
38813,0,0
38814,8,8
38815,6,6
38816,3,3
38817,2,2
38818,2,2
38819,8,8
38820,4,4
38821,8,8
38822,5,5
38823,9,9
38824,1,1
38825,6,6
38826,7,7
38827,7,7
38828,1,1
38829,8,8
38830,7,7
38831,9,9
38832,7,7
38833,4,4
38834,5,5
38835,3,3
38836,0,0
38837,9,9
38838,0,0
38839,6,6
38840,1,1
38841,7,7
38842,2,2
38843,2,2
38844,2,2
38845,9,9
38846,5,5
38847,9,9
38848,7,7
38849,7,7
38850,4,4
38851,2,2
38852,0,0
38853,4,4
38854,4,4
38855,8,8
38856,4,4
38857,0,0
38858,2,2
38859,6,6
38860,9,9
38861,4,4
38862,6,6
38863,2,2
38864,0,0
38865,3,3
38866,7,7
38867,7,7
38868,1,1
38869,0,0
38870,2,2
38871,0,0
38872,5,5
38873,3,3
38874,3,3
38875,4,4
38876,4,4
38877,8,8
38878,7,7
38879,6,6
38880,0,0
38881,4,4
38882,0,0
38883,2,2
38884,6,6
38885,4,4
38886,6,6
38887,0,0
38888,7,7
38889,3,3
38890,1,1
38891,5,5
38892,2,2
38893,3,3
38894,7,7
38895,4,4
38896,2,2
38897,9,9
38898,5,5
38899,8,8
38900,7,7
38901,6,6
38902,7,7
38903,3,3
38904,7,7
38905,8,8
38906,5,5
38907,2,2
38908,1,1
38909,9,9
38910,0,0
38911,7,7
38912,0,0
38913,0,0
38914,4,4
38915,4,4
38916,0,0
38917,0,0
38918,1,1
38919,9,9
38920,0,0
38921,8,8
38922,0,0
38923,8,8
38924,6,6
38925,4,4
38926,3,3
38927,7,7
38928,1,1
38929,3,3
38930,0,0
38931,7,7
38932,7,7
38933,4,4
38934,7,7
38935,6,6
38936,5,5
38937,6,6
38938,0,0
38939,3,3
38940,2,2
38941,1,1
38942,7,7
38943,8,8
38944,2,2
38945,2,2
38946,3,3
38947,8,8
38948,7,7
38949,3,3
38950,5,5
38951,1,1
38952,6,6
38953,6,6
38954,0,0
38955,7,7
38956,2,2
38957,0,0
38958,9,9
38959,2,2
38960,5,5
38961,4,4
38962,6,6
38963,3,3
38964,0,0
38965,1,1
38966,5,5
38967,2,2
38968,1,1
38969,9,9
38970,7,7
38971,2,2
38972,8,8
38973,5,5
38974,1,1
38975,1,1
38976,9,9
38977,2,2
38978,8,8
38979,2,2
38980,9,9
38981,1,1
38982,4,4
38983,7,7
38984,5,5
38985,1,1
38986,0,0
38987,2,2
38988,4,4
38989,7,7
38990,0,0
38991,7,7
38992,0,0
38993,7,7
38994,0,0
38995,8,8
38996,1,1
38997,5,5
38998,7,7
38999,8,8
39000,5,5
39001,2,2
39002,6,6
39003,8,8
39004,4,4
39005,2,2
39006,2,2
39007,9,9
39008,7,7
39009,8,8
39010,1,1
39011,2,2
39012,1,1
39013,8,8
39014,0,0
39015,9,9
39016,5,5
39017,9,9
39018,1,1
39019,4,4
39020,1,1
39021,9,9
39022,6,6
39023,3,3
39024,5,5
39025,8,8
39026,8,8
39027,9,9
39028,3,3
39029,3,3
39030,5,5
39031,2,2
39032,6,6
39033,9,9
39034,5,5
39035,2,2
39036,7,7
39037,3,3
39038,0,0
39039,3,3
39040,1,1
39041,9,9
39042,6,6
39043,4,4
39044,3,3
39045,4,4
39046,5,5
39047,5,5
39048,8,8
39049,9,9
39050,3,3
39051,9,9
39052,1,1
39053,8,8
39054,3,3
39055,3,3
39056,0,0
39057,1,1
39058,0,0
39059,6,6
39060,0,0
39061,7,7
39062,8,8
39063,0,0
39064,0,0
39065,2,2
39066,7,7
39067,4,4
39068,2,2
39069,8,8
39070,2,2
39071,2,2
39072,1,1
39073,0,0
39074,1,1
39075,3,3
39076,1,1
39077,1,1
39078,5,5
39079,6,6
39080,5,5
39081,7,7
39082,0,0
39083,0,0
39084,1,1
39085,7,7
39086,4,4
39087,4,4
39088,0,0
39089,8,8
39090,6,6
39091,2,2
39092,9,9
39093,3,3
39094,7,7
39095,1,1
39096,8,8
39097,6,6
39098,4,4
39099,7,7
39100,7,7
39101,0,0
39102,9,9
39103,7,7
39104,2,2
39105,4,4
39106,9,9
39107,8,8
39108,7,7
39109,2,2
39110,5,5
39111,0,0
39112,4,4
39113,0,0
39114,2,2
39115,3,3
39116,7,7
39117,4,4
39118,6,6
39119,3,3
39120,7,7
39121,4,4
39122,7,7
39123,4,4
39124,2,2
39125,7,7
39126,7,7
39127,7,7
39128,5,5
39129,8,8
39130,6,6
39131,2,2
39132,7,7
39133,8,8
39134,5,5
39135,2,2
39136,7,7
39137,4,4
39138,1,1
39139,0,0
39140,7,7
39141,2,2
39142,7,7
39143,7,7
39144,8,8
39145,6,6
39146,1,1
39147,6,6
39148,0,0
39149,2,2
39150,5,5
39151,2,2
39152,1,1
39153,6,6
39154,4,4
39155,3,3
39156,7,7
39157,9,9
39158,7,7
39159,1,1
39160,1,1
39161,6,6
39162,6,6
39163,0,0
39164,4,4
39165,4,4
39166,5,5
39167,2,2
39168,6,6
39169,9,9
39170,6,6
39171,6,6
39172,0,0
39173,1,1
39174,5,5
39175,3,3
39176,7,7
39177,4,4
39178,9,9
39179,5,5
39180,4,4
39181,7,7
39182,5,5
39183,8,8
39184,0,0
39185,9,9
39186,0,0
39187,2,2
39188,4,4
39189,7,7
39190,8,8
39191,2,2
39192,0,0
39193,9,9
39194,2,2
39195,8,8
39196,1,1
39197,9,9
39198,7,7
39199,8,8
39200,4,4
39201,2,2
39202,3,3
39203,6,6
39204,5,5
39205,4,4
39206,4,4
39207,3,3
39208,5,5
39209,8,8
39210,6,6
39211,9,9
39212,4,4
39213,3,3
39214,7,7
39215,7,7
39216,6,6
39217,9,9
39218,5,5
39219,2,2
39220,3,3
39221,4,4
39222,2,2
39223,8,8
39224,3,3
39225,9,9
39226,4,4
39227,0,0
39228,9,9
39229,8,8
39230,5,5
39231,7,7
39232,1,1
39233,3,3
39234,8,8
39235,7,7
39236,3,3
39237,9,9
39238,2,2
39239,0,0
39240,2,2
39241,0,0
39242,7,7
39243,3,3
39244,8,8
39245,0,0
39246,0,0
39247,8,8
39248,0,0
39249,6,6
39250,5,5
39251,4,4
39252,0,0
39253,2,2
39254,0,0
39255,8,8
39256,2,2
39257,8,8
39258,4,4
39259,0,0
39260,3,3
39261,8,8
39262,1,1
39263,6,6
39264,7,7
39265,9,9
39266,7,7
39267,2,2
39268,1,1
39269,8,8
39270,1,1
39271,8,8
39272,0,0
39273,4,4
39274,7,7
39275,8,8
39276,8,8
39277,2,2
39278,9,9
39279,3,3
39280,2,2
39281,9,9
39282,6,6
39283,6,6
39284,7,7
39285,2,2
39286,5,5
39287,8,8
39288,1,1
39289,8,8
39290,7,7
39291,2,2
39292,4,4
39293,3,3
39294,8,8
39295,3,3
39296,7,7
39297,9,9
39298,0,0
39299,4,4
39300,1,1
39301,2,2
39302,0,0
39303,0,0
39304,4,4
39305,9,9
39306,3,3
39307,8,8
39308,1,1
39309,3,3
39310,8,8
39311,2,2
39312,7,7
39313,4,4
39314,0,0
39315,2,2
39316,5,5
39317,2,2
39318,1,1
39319,8,8
39320,3,3
39321,3,3
39322,7,7
39323,6,6
39324,0,0
39325,7,7
39326,3,3
39327,8,8
39328,1,1
39329,0,0
39330,7,7
39331,8,8
39332,4,4
39333,8,8
39334,3,3
39335,9,9
39336,4,4
39337,4,4
39338,6,6
39339,8,8
39340,4,4
39341,8,8
39342,8,8
39343,6,6
39344,7,7
39345,8,8
39346,3,3
39347,6,6
39348,8,8
39349,2,2
39350,2,2
39351,0,0
39352,1,1
39353,4,4
39354,1,1
39355,9,9
39356,5,5
39357,9,9
39358,1,1
39359,2,2
39360,3,3
39361,8,8
39362,1,1
39363,4,4
39364,9,9
39365,8,8
39366,7,7
39367,9,9
39368,5,5
39369,4,4
39370,5,5
39371,8,8
39372,5,5
39373,8,8
39374,0,0
39375,5,5
39376,3,3
39377,2,2
39378,2,2
39379,4,4
39380,7,7
39381,2,2
39382,7,7
39383,4,4
39384,7,7
39385,4,4
39386,5,5
39387,8,8
39388,4,4
39389,2,2
39390,8,8
39391,2,2
39392,6,6
39393,9,9
39394,4,4
39395,8,8
39396,5,5
39397,2,2
39398,1,1
39399,8,8
39400,2,2
39401,8,8
39402,1,1
39403,9,9
39404,0,0
39405,9,9
39406,4,4
39407,3,3
39408,2,2
39409,9,9
39410,2,2
39411,4,4
39412,7,7
39413,5,5
39414,5,5
39415,2,2
39416,0,0
39417,9,9
39418,5,5
39419,8,8
39420,6,6
39421,6,6
39422,3,3
39423,2,2
39424,1,1
39425,8,8
39426,8,8
39427,9,9
39428,8,8
39429,5,5
39430,1,1
39431,4,4
39432,2,2
39433,8,8
39434,9,9
39435,8,8
39436,2,2
39437,9,9
39438,7,7
39439,8,8
39440,4,4
39441,9,9
39442,5,5
39443,8,8
39444,9,9
39445,2,2
39446,3,3
39447,0,0
39448,0,0
39449,8,8
39450,7,7
39451,9,9
39452,7,7
39453,6,6
39454,1,1
39455,3,3
39456,2,2
39457,5,5
39458,0,0
39459,8,8
39460,2,2
39461,2,2
39462,1,1
39463,3,3
39464,0,0
39465,9,9
39466,4,4
39467,6,6
39468,7,7
39469,7,7
39470,6,6
39471,0,0
39472,0,0
39473,5,5
39474,7,7
39475,4,4
39476,6,6
39477,8,8
39478,7,7
39479,2,2
39480,5,5
39481,0,0
39482,5,5
39483,3,3
39484,1,1
39485,1,1
39486,5,5
39487,5,5
39488,6,6
39489,7,7
39490,8,8
39491,8,8
39492,0,0
39493,2,2
39494,3,3
39495,4,4
39496,4,4
39497,8,8
39498,7,7
39499,2,2
39500,0,0
39501,0,0
39502,5,5
39503,4,4
39504,3,3
39505,9,9
39506,1,1
39507,6,6
39508,4,4
39509,2,2
39510,6,6
39511,8,8
39512,1,1
39513,2,2
39514,5,5
39515,4,4
39516,0,0
39517,8,8
39518,5,5
39519,2,2
39520,1,1
39521,8,8
39522,5,5
39523,8,8
39524,0,0
39525,8,8
39526,7,7
39527,4,4
39528,9,9
39529,0,0
39530,2,2
39531,4,4
39532,0,0
39533,9,9
39534,5,5
39535,8,8
39536,8,8
39537,1,1
39538,0,0
39539,2,2
39540,0,0
39541,1,1
39542,1,1
39543,8,8
39544,8,8
39545,4,4
39546,1,1
39547,8,8
39548,5,5
39549,0,0
39550,9,9
39551,5,5
39552,1,1
39553,2,2
39554,1,1
39555,9,9
39556,0,0
39557,8,8
39558,0,0
39559,2,2
39560,1,1
39561,4,4
39562,7,7
39563,8,8
39564,4,4
39565,2,2
39566,7,7
39567,1,1
39568,1,1
39569,0,0
39570,3,3
39571,8,8
39572,6,6
39573,2,2
39574,2,2
39575,2,2
39576,1,1
39577,4,4
39578,0,0
39579,8,8
39580,8,8
39581,3,3
39582,1,1
39583,4,4
39584,5,5
39585,2,2
39586,0,0
39587,6,6
39588,5,5
39589,4,4
39590,8,8
39591,2,2
39592,6,6
39593,8,8
39594,1,1
39595,2,2
39596,0,0
39597,7,7
39598,0,0
39599,2,2
39600,2,2
39601,4,4
39602,0,0
39603,9,9
39604,7,7
39605,8,8
39606,3,3
39607,8,8
39608,7,7
39609,2,2
39610,4,4
39611,2,2
39612,3,3
39613,0,0
39614,0,0
39615,3,3
39616,0,0
39617,7,7
39618,7,7
39619,7,7
39620,3,3
39621,8,8
39622,1,1
39623,3,3
39624,3,3
39625,2,2
39626,4,4
39627,4,4
39628,3,3
39629,9,9
39630,5,5
39631,4,4
39632,4,4
39633,0,0
39634,5,5
39635,0,0
39636,0,0
39637,9,9
39638,5,5
39639,2,2
39640,5,5
39641,2,2
39642,5,5
39643,8,8
39644,6,6
39645,2,2
39646,1,1
39647,9,9
39648,5,5
39649,0,0
39650,4,4
39651,8,8
39652,9,9
39653,2,2
39654,0,0
39655,6,6
39656,5,5
39657,0,0
39658,9,9
39659,8,8
39660,0,0
39661,9,9
39662,7,7
39663,4,4
39664,3,3
39665,4,4
39666,7,7
39667,8,8
39668,0,0
39669,6,6
39670,8,8
39671,2,2
39672,0,0
39673,4,4
39674,0,0
39675,2,2
39676,8,8
39677,4,4
39678,1,1
39679,4,4
39680,5,5
39681,2,2
39682,6,6
39683,4,4
39684,1,1
39685,4,4
39686,7,7
39687,0,0
39688,9,9
39689,2,2
39690,1,1
39691,6,6
39692,5,5
39693,2,2
39694,5,5
39695,9,9
39696,7,7
39697,4,4
39698,6,6
39699,9,9
39700,5,5
39701,4,4
39702,0,0
39703,8,8
39704,7,7
39705,2,2
39706,7,7
39707,9,9
39708,9,9
39709,4,4
39710,3,3
39711,9,9
39712,5,5
39713,9,9
39714,3,3
39715,3,3
39716,1,1
39717,1,1
39718,0,0
39719,6,6
39720,0,0
39721,7,7
39722,7,7
39723,5,5
39724,8,8
39725,2,2
39726,6,6
39727,1,1
39728,7,7
39729,8,8
39730,5,5
39731,9,9
39732,5,5
39733,0,0
39734,6,6
39735,3,3
39736,6,6
39737,9,9
39738,5,5
39739,6,6
39740,5,5
39741,7,7
39742,4,4
39743,0,0
39744,7,7
39745,9,9
39746,7,7
39747,9,9
39748,2,2
39749,8,8
39750,5,5
39751,9,9
39752,1,1
39753,8,8
39754,0,0
39755,3,3
39756,2,2
39757,9,9
39758,3,3
39759,6,6
39760,8,8
39761,2,2
39762,0,0
39763,8,8
39764,2,2
39765,9,9
39766,4,4
39767,2,2
39768,5,5
39769,8,8
39770,7,7
39771,9,9
39772,6,6
39773,9,9
39774,7,7
39775,3,3
39776,1,1
39777,2,2
39778,7,7
39779,9,9
39780,2,2
39781,8,8
39782,1,1
39783,8,8
39784,0,0
39785,9,9
39786,7,7
39787,8,8
39788,7,7
39789,3,3
39790,6,6
39791,8,8
39792,1,1
39793,9,9
39794,6,6
39795,8,8
39796,1,1
39797,9,9
39798,1,1
39799,8,8
39800,3,3
39801,4,4
39802,8,8
39803,9,9
39804,7,7
39805,1,1
39806,7,7
39807,4,4
39808,7,7
39809,0,0
39810,6,6
39811,3,3
39812,5,5
39813,8,8
39814,7,7
39815,4,4
39816,5,5
39817,3,3
39818,1,1
39819,9,9
39820,1,1
39821,8,8
39822,1,1
39823,3,3
39824,4,4
39825,4,4
39826,0,0
39827,2,2
39828,9,9
39829,8,8
39830,1,1
39831,9,9
39832,7,7
39833,0,0
39834,8,8
39835,8,8
39836,7,7
39837,4,4
39838,1,1
39839,3,3
39840,6,6
39841,8,8
39842,0,0
39843,9,9
39844,5,5
39845,8,8
39846,1,1
39847,8,8
39848,5,5
39849,9,9
39850,3,3
39851,6,6
39852,7,7
39853,5,5
39854,3,3
39855,7,7
39856,3,3
39857,9,9
39858,7,7
39859,3,3
39860,7,7
39861,3,3
39862,6,6
39863,8,8
39864,2,2
39865,9,9
39866,0,0
39867,8,8
39868,8,8
39869,8,8
39870,4,4
39871,2,2
39872,7,7
39873,9,9
39874,3,3
39875,8,8
39876,7,7
39877,8,8
39878,1,1
39879,5,5
39880,0,0
39881,2,2
39882,2,2
39883,4,4
39884,7,7
39885,6,6
39886,9,9
39887,4,4
39888,1,1
39889,8,8
39890,3,3
39891,0,0
39892,6,6
39893,4,4
39894,0,0
39895,8,8
39896,1,1
39897,3,3
39898,3,3
39899,5,5
39900,7,7
39901,9,9
39902,1,1
39903,9,9
39904,7,7
39905,9,9
39906,3,3
39907,7,7
39908,4,4
39909,6,6
39910,7,7
39911,8,8
39912,9,9
39913,0,0
39914,1,1
39915,2,2
39916,0,0
39917,8,8
39918,6,6
39919,6,6
39920,8,8
39921,5,5
39922,2,2
39923,9,9
39924,5,5
39925,8,8
39926,5,5
39927,8,8
39928,0,0
39929,8,8
39930,6,6
39931,9,9
39932,0,0
39933,7,7
39934,4,4
39935,3,3
39936,1,1
39937,9,9
39938,9,9
39939,6,6
39940,7,7
39941,7,7
39942,8,8
39943,4,4
39944,3,3
39945,2,2
39946,7,7
39947,4,4
39948,9,9
39949,8,8
39950,1,1
39951,2,2
39952,7,7
39953,0,0
39954,5,5
39955,3,3
39956,3,3
39957,9,9
39958,7,7
39959,6,6
39960,3,3
39961,2,2
39962,7,7
39963,4,4
39964,0,0
39965,2,2
39966,2,2
39967,4,4
39968,3,3
39969,8,8
39970,6,6
39971,2,2
39972,7,7
39973,8,8
39974,0,0
39975,3,3
39976,0,0
39977,9,9
39978,2,2
39979,6,6
39980,9,9
39981,2,2
39982,0,0
39983,4,4
39984,1,1
39985,2,2
39986,1,1
39987,4,4
39988,9,9
39989,8,8
39990,0,0
39991,2,2
39992,3,3
39993,8,8
39994,5,5
39995,0,0
39996,0,0
39997,8,8
39998,5,5
39999,6,6
40000,8,8
40001,8,8
40002,3,3
40003,2,2
40004,1,1
40005,2,2
40006,5,5
40007,9,9
40008,1,1
40009,4,4
40010,4,4
40011,2,2
40012,5,5
40013,8,8
40014,7,7
40015,9,9
40016,7,7
40017,8,8
40018,0,0
40019,4,4
40020,2,2
40021,9,9
40022,4,4
40023,4,4
40024,1,1
40025,8,8
40026,0,0
40027,6,6
40028,5,5
40029,8,8
40030,0,0
40031,2,2
40032,7,7
40033,9,9
40034,4,4
40035,2,2
40036,4,4
40037,6,6
40038,3,3
40039,3,3
40040,3,3
40041,2,2
40042,3,3
40043,4,4
40044,6,6
40045,9,9
40046,0,0
40047,8,8
40048,7,7
40049,6,6
40050,9,9
40051,2,2
40052,1,1
40053,6,6
40054,6,6
40055,2,2
40056,1,1
40057,2,2
40058,1,1
40059,2,2
40060,8,8
40061,8,8
40062,0,0
40063,8,8
40064,1,1
40065,0,0
40066,5,5
40067,8,8
40068,7,7
40069,9,9
40070,1,1
40071,9,9
40072,1,1
40073,8,8
40074,3,3
40075,6,6
40076,9,9
40077,8,8
40078,0,0
40079,6,6
40080,0,0
40081,8,8
40082,3,3
40083,2,2
40084,6,6
40085,4,4
40086,1,1
40087,6,6
40088,7,7
40089,2,2
40090,6,6
40091,3,3
40092,2,2
40093,4,4
40094,5,5
40095,6,6
40096,6,6
40097,1,1
40098,1,1
40099,3,3
40100,7,7
40101,1,1
40102,0,0
40103,3,3
40104,2,2
40105,4,4
40106,2,2
40107,6,6
40108,3,3
40109,6,6
40110,2,2
40111,2,2
40112,1,1
40113,8,8
40114,0,0
40115,3,3
40116,5,5
40117,8,8
40118,0,0
40119,6,6
40120,6,6
40121,2,2
40122,3,3
40123,8,8
40124,1,1
40125,2,2
40126,8,8
40127,2,2
40128,0,0
40129,6,6
40130,0,0
40131,2,2
40132,1,1
40133,2,2
40134,7,7
40135,9,9
40136,5,5
40137,4,4
40138,0,0
40139,4,4
40140,1,1
40141,4,4
40142,9,9
40143,0,0
40144,7,7
40145,8,8
40146,2,2
40147,1,1
40148,1,1
40149,2,2
40150,3,3
40151,6,6
40152,6,6
40153,9,9
40154,2,2
40155,6,6
40156,5,5
40157,4,4
40158,7,7
40159,2,2
40160,6,6
40161,2,2
40162,3,3
40163,8,8
40164,5,5
40165,8,8
40166,7,7
40167,8,8
40168,5,5
40169,4,4
40170,0,0
40171,4,4
40172,1,1
40173,3,3
40174,0,0
40175,2,2
40176,5,5
40177,8,8
40178,1,1
40179,3,3
40180,3,3
40181,9,9
40182,9,9
40183,6,6
40184,1,1
40185,7,7
40186,0,0
40187,8,8
40188,5,5
40189,2,2
40190,1,1
40191,9,9
40192,2,2
40193,0,0
40194,2,2
40195,2,2
40196,1,1
40197,8,8
40198,7,7
40199,3,3
40200,3,3
40201,9,9
40202,0,0
40203,6,6
40204,0,0
40205,2,2
40206,6,6
40207,7,7
40208,5,5
40209,4,4
40210,1,1
40211,8,8
40212,6,6
40213,9,9
40214,0,0
40215,8,8
40216,8,8
40217,3,3
40218,3,3
40219,9,9
40220,9,9
40221,6,6
40222,8,8
40223,2,2
40224,5,5
40225,8,8
40226,0,0
40227,2,2
40228,3,3
40229,4,4
40230,6,6
40231,8,8
40232,0,0
40233,2,2
40234,5,5
40235,8,8
40236,0,0
40237,3,3
40238,0,0
40239,8,8
40240,9,9
40241,2,2
40242,0,0
40243,8,8
40244,4,4
40245,2,2
40246,3,3
40247,2,2
40248,1,1
40249,3,3
40250,0,0
40251,3,3
40252,7,7
40253,2,2
40254,1,1
40255,2,2
40256,7,7
40257,2,2
40258,7,7
40259,9,9
40260,3,3
40261,9,9
40262,3,3
40263,9,9
40264,7,7
40265,2,2
40266,3,3
40267,9,9
40268,7,7
40269,8,8
40270,5,5
40271,4,4
40272,6,6
40273,9,9
40274,2,2
40275,8,8
40276,1,1
40277,3,3
40278,4,4
40279,6,6
40280,4,4
40281,2,2
40282,4,4
40283,8,8
40284,3,3
40285,9,9
40286,3,3
40287,9,9
40288,1,1
40289,6,6
40290,0,0
40291,2,2
40292,8,8
40293,8,8
40294,1,1
40295,9,9
40296,7,7
40297,8,8
40298,1,1
40299,8,8
40300,1,1
40301,7,7
40302,5,5
40303,4,4
40304,2,2
40305,9,9
40306,2,2
40307,7,7
40308,1,1
40309,8,8
40310,1,1
40311,8,8
40312,3,3
40313,3,3
40314,1,1
40315,9,9
40316,0,0
40317,8,8
40318,1,1
40319,9,9
40320,3,3
40321,6,6
40322,3,3
40323,8,8
40324,2,2
40325,0,0
40326,2,2
40327,9,9
40328,0,0
40329,3,3
40330,0,0
40331,4,4
40332,4,4
40333,6,6
40334,5,5
40335,3,3
40336,3,3
40337,7,7
40338,0,0
40339,2,2
40340,3,3
40341,8,8
40342,5,5
40343,9,9
40344,0,0
40345,6,6
40346,7,7
40347,7,7
40348,1,1
40349,4,4
40350,2,2
40351,4,4
40352,1,1
40353,7,7
40354,5,5
40355,4,4
40356,4,4
40357,8,8
40358,1,1
40359,9,9
40360,7,7
40361,8,8
40362,9,9
40363,9,9
40364,2,2
40365,6,6
40366,6,6
40367,4,4
40368,0,0
40369,6,6
40370,0,0
40371,8,8
40372,0,0
40373,9,9
40374,7,7
40375,7,7
40376,6,6
40377,1,1
40378,6,6
40379,8,8
40380,1,1
40381,2,2
40382,0,0
40383,4,4
40384,1,1
40385,2,2
40386,5,5
40387,8,8
40388,7,7
40389,3,3
40390,3,3
40391,8,8
40392,1,1
40393,4,4
40394,5,5
40395,4,4
40396,3,3
40397,8,8
40398,2,2
40399,9,9
40400,3,3
40401,7,7
40402,0,0
40403,2,2
40404,1,1
40405,6,6
40406,8,8
40407,9,9
40408,2,2
40409,2,2
40410,7,7
40411,4,4
40412,3,3
40413,6,6
40414,3,3
40415,8,8
40416,6,6
40417,2,2
40418,3,3
40419,8,8
40420,6,6
40421,3,3
40422,7,7
40423,9,9
40424,0,0
40425,6,6
40426,5,5
40427,2,2
40428,3,3
40429,8,8
40430,8,8
40431,9,9
40432,2,2
40433,4,4
40434,2,2
40435,8,8
40436,0,0
40437,2,2
40438,1,1
40439,8,8
40440,0,0
40441,3,3
40442,8,8
40443,9,9
40444,8,8
40445,6,6
40446,0,0
40447,7,7
40448,0,0
40449,8,8
40450,5,5
40451,8,8
40452,7,7
40453,2,2
40454,3,3
40455,0,0
40456,5,5
40457,3,3
40458,5,5
40459,9,9
40460,5,5
40461,6,6
40462,7,7
40463,2,2
40464,1,1
40465,8,8
40466,4,4
40467,2,2
40468,1,1
40469,8,8
40470,0,0
40471,3,3
40472,2,2
40473,2,2
40474,7,7
40475,4,4
40476,8,8
40477,8,8
40478,0,0
40479,3,3
40480,9,9
40481,9,9
40482,9,9
40483,3,3
40484,4,4
40485,8,8
40486,7,7
40487,8,8
40488,2,2
40489,9,9
40490,7,7
40491,4,4
40492,6,6
40493,8,8
40494,2,2
40495,8,8
40496,5,5
40497,6,6
40498,6,6
40499,8,8
40500,0,0
40501,4,4
40502,7,7
40503,2,2
40504,9,9
40505,8,8
40506,8,8
40507,8,8
40508,8,8
40509,9,9
40510,0,0
40511,9,9
40512,8,8
40513,6,6
40514,4,4
40515,4,4
40516,1,1
40517,7,7
40518,2,2
40519,5,5
40520,7,7
40521,3,3
40522,5,5
40523,8,8
40524,8,8
40525,9,9
40526,4,4
40527,4,4
40528,5,5
40529,8,8
40530,5,5
40531,8,8
40532,7,7
40533,4,4
40534,7,7
40535,8,8
40536,9,9
40537,9,9
40538,1,1
40539,6,6
40540,7,7
40541,4,4
40542,6,6
40543,4,4
40544,3,3
40545,8,8
40546,2,2
40547,8,8
40548,0,0
40549,2,2
40550,7,7
40551,9,9
40552,5,5
40553,2,2
40554,4,4
40555,2,2
40556,6,6
40557,8,8
40558,2,2
40559,8,8
40560,5,5
40561,9,9
40562,7,7
40563,3,3
40564,4,4
40565,3,3
40566,6,6
40567,9,9
40568,9,9
40569,6,6
40570,7,7
40571,2,2
40572,7,7
40573,8,8
40574,7,7
40575,2,2
40576,4,4
40577,9,9
40578,7,7
40579,2,2
40580,1,1
40581,6,6
40582,4,4
40583,8,8
40584,0,0
40585,8,8
40586,3,3
40587,9,9
40588,7,7
40589,6,6
40590,1,1
40591,2,2
40592,7,7
40593,8,8
40594,4,4
40595,2,2
40596,4,4
40597,6,6
40598,0,0
40599,9,9
40600,5,5
40601,8,8
40602,5,5
40603,8,8
40604,9,9
40605,9,9
40606,5,5
40607,6,6
40608,0,0
40609,4,4
40610,9,9
40611,3,3
40612,3,3
40613,3,3
40614,6,6
40615,1,1
40616,5,5
40617,6,6
40618,7,7
40619,7,7
40620,1,1
40621,5,5
40622,6,6
40623,9,9
40624,8,8
40625,4,4
40626,7,7
40627,0,0
40628,0,0
40629,2,2
40630,3,3
40631,8,8
40632,9,9
40633,3,3
40634,8,8
40635,9,9
40636,4,4
40637,5,5
40638,0,0
40639,7,7
40640,7,7
40641,4,4
40642,6,6
40643,8,8
40644,1,1
40645,2,2
40646,5,5
40647,8,8
40648,3,3
40649,3,3
40650,4,4
40651,9,9
40652,7,7
40653,5,5
40654,7,7
40655,7,7
40656,0,0
40657,5,5
40658,1,1
40659,0,0
40660,1,1
40661,4,4
40662,7,7
40663,8,8
40664,1,1
40665,2,2
40666,0,0
40667,8,8
40668,0,0
40669,7,7
40670,5,5
40671,9,9
40672,0,0
40673,2,2
40674,7,7
40675,8,8
40676,1,1
40677,6,6
40678,5,5
40679,8,8
40680,5,5
40681,8,8
40682,1,1
40683,7,7
40684,5,5
40685,0,0
40686,6,6
40687,2,2
40688,7,7
40689,2,2
40690,3,3
40691,4,4
40692,1,1
40693,9,9
40694,1,1
40695,9,9
40696,1,1
40697,2,2
40698,1,1
40699,6,6
40700,0,0
40701,0,0
40702,8,8
40703,8,8
40704,5,5
40705,6,6
40706,2,2
40707,9,9
40708,7,7
40709,5,5
40710,0,0
40711,9,9
40712,5,5
40713,2,2
40714,1,1
40715,2,2
40716,9,9
40717,4,4
40718,9,9
40719,5,5
40720,5,5
40721,5,5
40722,7,7
40723,5,5
40724,1,1
40725,9,9
40726,7,7
40727,2,2
40728,0,0
40729,8,8
40730,0,0
40731,2,2
40732,7,7
40733,2,2
40734,7,7
40735,9,9
40736,7,7
40737,2,2
40738,7,7
40739,7,7
40740,6,6
40741,4,4
40742,8,8
40743,7,7
40744,1,1
40745,7,7
40746,2,2
40747,6,6
40748,7,7
40749,6,6
40750,7,7
40751,4,4
40752,7,7
40753,8,8
40754,1,1
40755,8,8
40756,9,9
40757,4,4
40758,2,2
40759,8,8
40760,3,3
40761,2,2
40762,0,0
40763,2,2
40764,5,5
40765,7,7
40766,5,5
40767,2,2
40768,0,0
40769,9,9
40770,1,1
40771,4,4
40772,5,5
40773,9,9
40774,0,0
40775,9,9
40776,2,2
40777,2,2
40778,7,7
40779,9,9
40780,3,3
40781,0,0
40782,9,9
40783,8,8
40784,0,0
40785,4,4
40786,5,5
40787,9,9
40788,7,7
40789,7,7
40790,1,1
40791,8,8
40792,7,7
40793,4,4
40794,0,0
40795,8,8
40796,1,1
40797,3,3
40798,4,4
40799,8,8
40800,0,0
40801,3,3
40802,1,1
40803,3,3
40804,1,1
40805,4,4
40806,0,0
40807,8,8
40808,1,1
40809,8,8
40810,8,8
40811,7,7
40812,6,6
40813,3,3
40814,7,7
40815,6,6
40816,9,9
40817,3,3
40818,7,7
40819,9,9
40820,3,3
40821,3,3
40822,8,8
40823,9,9
40824,7,7
40825,4,4
40826,1,1
40827,9,9
40828,5,5
40829,2,2
40830,7,7
40831,9,9
40832,6,6
40833,3,3
40834,5,5
40835,0,0
40836,7,7
40837,8,8
40838,0,0
40839,8,8
40840,7,7
40841,6,6
40842,5,5
40843,3,3
40844,3,3
40845,4,4
40846,5,5
40847,6,6
40848,1,1
40849,4,4
40850,3,3
40851,6,6
40852,1,1
40853,6,6
40854,8,8
40855,8,8
40856,4,4
40857,8,8
40858,7,7
40859,3,3
40860,1,1
40861,1,1
40862,4,4
40863,6,6
40864,1,1
40865,7,7
40866,7,7
40867,5,5
40868,7,7
40869,7,7
40870,6,6
40871,4,4
40872,0,0
40873,0,0
40874,4,4
40875,7,7
40876,5,5
40877,3,3
40878,1,1
40879,1,1
40880,1,1
40881,6,6
40882,1,1
40883,7,7
40884,1,1
40885,5,5
40886,1,1
40887,7,7
40888,3,3
40889,4,4
40890,0,0
40891,1,1
40892,0,0
40893,2,2
40894,9,9
40895,3,3
40896,9,9
40897,1,1
40898,7,7
40899,6,6
40900,6,6
40901,7,7
40902,9,9
40903,0,0
40904,2,2
40905,7,7
40906,0,0
40907,5,5
40908,1,1
40909,1,1
40910,5,5
40911,0,0
40912,0,0
40913,0,0
40914,7,7
40915,3,3
40916,8,8
40917,5,5
40918,1,1
40919,0,0
40920,2,2
40921,1,1
40922,3,3
40923,0,0
40924,9,9
40925,7,7
40926,7,7
40927,4,4
40928,2,2
40929,6,6
40930,8,8
40931,7,7
40932,7,7
40933,0,0
40934,0,0
40935,2,2
40936,6,6
40937,5,5
40938,5,5
40939,2,2
40940,1,1
40941,4,4
40942,7,7
40943,0,0
40944,1,1
40945,2,2
40946,0,0
40947,7,7
40948,6,6
40949,6,6
40950,5,5
40951,6,6
40952,1,1
40953,7,7
40954,1,1
40955,0,0
40956,7,7
40957,7,7
40958,3,3
40959,7,7
40960,7,7
40961,4,4
40962,7,7
40963,7,7
40964,0,0
40965,3,3
40966,7,7
40967,6,6
40968,9,9
40969,3,3
40970,5,5
40971,1,1
40972,7,7
40973,1,1
40974,1,1
40975,6,6
40976,8,8
40977,0,0
40978,0,0
40979,5,5
40980,4,4
40981,6,6
40982,9,9
40983,1,1
40984,0,0
40985,6,6
40986,4,4
40987,1,1
40988,6,6
40989,3,3
40990,5,5
40991,4,4
40992,0,0
40993,7,7
40994,5,5
40995,1,1
40996,7,7
40997,0,0
40998,2,2
40999,1,1
41000,8,8
41001,7,7
41002,8,8
41003,4,4
41004,6,6
41005,0,0
41006,4,4
41007,7,7
41008,0,0
41009,0,0
41010,4,4
41011,1,1
41012,4,4
41013,7,7
41014,0,0
41015,7,7
41016,4,4
41017,7,7
41018,6,6
41019,1,1
41020,5,5
41021,0,0
41022,9,9
41023,2,2
41024,0,0
41025,7,7
41026,1,1
41027,3,3
41028,5,5
41029,1,1
41030,3,3
41031,1,1
41032,7,7
41033,0,0
41034,7,7
41035,9,9
41036,0,0
41037,6,6
41038,4,4
41039,4,4
41040,5,5
41041,3,3
41042,0,0
41043,0,0
41044,0,0
41045,2,2
41046,2,2
41047,4,4
41048,5,5
41049,7,7
41050,4,4
41051,3,3
41052,4,4
41053,7,7
41054,5,5
41055,1,1
41056,3,3
41057,2,2
41058,0,0
41059,4,4
41060,7,7
41061,8,8
41062,1,1
41063,7,7
41064,7,7
41065,0,0
41066,8,8
41067,7,7
41068,0,0
41069,3,3
41070,5,5
41071,7,7
41072,4,4
41073,1,1
41074,9,9
41075,5,5
41076,9,9
41077,3,3
41078,5,5
41079,1,1
41080,4,4
41081,0,0
41082,6,6
41083,0,0
41084,8,8
41085,7,7
41086,4,4
41087,6,6
41088,0,0
41089,4,4
41090,1,1
41091,7,7
41092,7,7
41093,5,5
41094,9,9
41095,0,0
41096,5,5
41097,0,0
41098,8,8
41099,0,0
41100,3,3
41101,3,3
41102,0,0
41103,9,9
41104,1,1
41105,6,6
41106,0,0
41107,7,7
41108,4,4
41109,5,5
41110,7,7
41111,4,4
41112,9,9
41113,0,0
41114,0,0
41115,2,2
41116,0,0
41117,3,3
41118,7,7
41119,9,9
41120,5,5
41121,6,6
41122,7,7
41123,3,3
41124,1,1
41125,9,9
41126,2,2
41127,2,2
41128,0,0
41129,4,4
41130,7,7
41131,8,8
41132,7,7
41133,2,2
41134,1,1
41135,8,8
41136,7,7
41137,3,3
41138,2,2
41139,9,9
41140,7,7
41141,6,6
41142,4,4
41143,2,2
41144,7,7
41145,8,8
41146,1,1
41147,9,9
41148,0,0
41149,4,4
41150,1,1
41151,8,8
41152,7,7
41153,2,2
41154,2,2
41155,8,8
41156,3,3
41157,4,4
41158,3,3
41159,8,8
41160,4,4
41161,8,8
41162,0,0
41163,8,8
41164,0,0
41165,2,2
41166,5,5
41167,4,4
41168,8,8
41169,6,6
41170,4,4
41171,3,3
41172,4,4
41173,9,9
41174,8,8
41175,2,2
41176,0,0
41177,8,8
41178,5,5
41179,6,6
41180,0,0
41181,6,6
41182,6,6
41183,2,2
41184,0,0
41185,9,9
41186,7,7
41187,3,3
41188,4,4
41189,6,6
41190,4,4
41191,3,3
41192,0,0
41193,9,9
41194,1,1
41195,9,9
41196,2,2
41197,6,6
41198,5,5
41199,8,8
41200,7,7
41201,4,4
41202,2,2
41203,2,2
41204,0,0
41205,9,9
41206,0,0
41207,6,6
41208,7,7
41209,9,9
41210,1,1
41211,3,3
41212,7,7
41213,4,4
41214,4,4
41215,2,2
41216,6,6
41217,6,6
41218,1,1
41219,8,8
41220,5,5
41221,8,8
41222,1,1
41223,2,2
41224,0,0
41225,2,2
41226,1,1
41227,0,0
41228,3,3
41229,2,2
41230,7,7
41231,2,2
41232,0,0
41233,2,2
41234,8,8
41235,2,2
41236,8,8
41237,9,9
41238,1,1
41239,8,8
41240,0,0
41241,9,9
41242,1,1
41243,2,2
41244,5,5
41245,3,3
41246,4,4
41247,9,9
41248,1,1
41249,9,9
41250,0,0
41251,8,8
41252,3,3
41253,2,2
41254,7,7
41255,6,6
41256,6,6
41257,4,4
41258,8,8
41259,3,3
41260,6,6
41261,4,4
41262,4,4
41263,9,9
41264,5,5
41265,3,3
41266,1,1
41267,2,2
41268,1,1
41269,9,9
41270,0,0
41271,2,2
41272,4,4
41273,4,4
41274,5,5
41275,8,8
41276,8,8
41277,9,9
41278,2,2
41279,8,8
41280,5,5
41281,8,8
41282,1,1
41283,2,2
41284,0,0
41285,3,3
41286,3,3
41287,2,2
41288,3,3
41289,9,9
41290,4,4
41291,3,3
41292,4,4
41293,9,9
41294,6,6
41295,5,5
41296,3,3
41297,8,8
41298,5,5
41299,2,2
41300,0,0
41301,6,6
41302,8,8
41303,4,4
41304,2,2
41305,9,9
41306,8,8
41307,6,6
41308,4,4
41309,8,8
41310,0,0
41311,8,8
41312,7,7
41313,8,8
41314,7,7
41315,3,3
41316,4,4
41317,2,2
41318,2,2
41319,9,9
41320,4,4
41321,9,9
41322,7,7
41323,9,9
41324,9,9
41325,8,8
41326,5,5
41327,8,8
41328,9,9
41329,8,8
41330,6,6
41331,3,3
41332,1,1
41333,9,9
41334,7,7
41335,6,6
41336,0,0
41337,2,2
41338,3,3
41339,8,8
41340,1,1
41341,9,9
41342,5,5
41343,2,2
41344,4,4
41345,9,9
41346,4,4
41347,9,9
41348,7,7
41349,5,5
41350,3,3
41351,4,4
41352,7,7
41353,2,2
41354,0,0
41355,8,8
41356,7,7
41357,3,3
41358,3,3
41359,2,2
41360,1,1
41361,9,9
41362,0,0
41363,2,2
41364,8,8
41365,8,8
41366,6,6
41367,8,8
41368,3,3
41369,9,9
41370,7,7
41371,9,9
41372,9,9
41373,9,9
41374,3,3
41375,9,9
41376,3,3
41377,9,9
41378,7,7
41379,9,9
41380,1,1
41381,8,8
41382,6,6
41383,9,9
41384,3,3
41385,2,2
41386,1,1
41387,9,9
41388,3,3
41389,1,1
41390,2,2
41391,2,2
41392,1,1
41393,2,2
41394,7,7
41395,8,8
41396,5,5
41397,6,6
41398,6,6
41399,5,5
41400,4,4
41401,9,9
41402,7,7
41403,9,9
41404,7,7
41405,8,8
41406,3,3
41407,7,7
41408,4,4
41409,9,9
41410,5,5
41411,2,2
41412,3,3
41413,4,4
41414,9,9
41415,4,4
41416,7,7
41417,6,6
41418,9,9
41419,9,9
41420,6,6
41421,6,6
41422,5,5
41423,4,4
41424,1,1
41425,3,3
41426,6,6
41427,6,6
41428,7,7
41429,6,6
41430,5,5
41431,2,2
41432,7,7
41433,9,9
41434,7,7
41435,9,9
41436,7,7
41437,9,9
41438,1,1
41439,9,9
41440,0,0
41441,2,2
41442,4,4
41443,3,3
41444,0,0
41445,3,3
41446,9,9
41447,8,8
41448,0,0
41449,9,9
41450,8,8
41451,6,6
41452,4,4
41453,6,6
41454,1,1
41455,9,9
41456,5,5
41457,9,9
41458,1,1
41459,4,4
41460,1,1
41461,8,8
41462,9,9
41463,9,9
41464,7,7
41465,3,3
41466,9,9
41467,9,9
41468,7,7
41469,6,6
41470,0,0
41471,2,2
41472,8,8
41473,8,8
41474,1,1
41475,9,9
41476,7,7
41477,4,4
41478,4,4
41479,8,8
41480,0,0
41481,9,9
41482,0,0
41483,8,8
41484,6,6
41485,3,3
41486,2,2
41487,9,9
41488,4,4
41489,6,6
41490,7,7
41491,6,6
41492,9,9
41493,8,8
41494,0,0
41495,9,9
41496,0,0
41497,8,8
41498,7,7
41499,8,8
41500,4,4
41501,8,8
41502,0,0
41503,8,8
41504,2,2
41505,9,9
41506,3,3
41507,6,6
41508,4,4
41509,2,2
41510,5,5
41511,8,8
41512,6,6
41513,2,2
41514,1,1
41515,2,2
41516,7,7
41517,4,4
41518,1,1
41519,4,4
41520,5,5
41521,2,2
41522,2,2
41523,9,9
41524,1,1
41525,9,9
41526,1,1
41527,9,9
41528,5,5
41529,9,9
41530,0,0
41531,5,5
41532,8,8
41533,2,2
41534,2,2
41535,8,8
41536,1,1
41537,6,6
41538,7,7
41539,9,9
41540,1,1
41541,6,6
41542,1,1
41543,2,2
41544,7,7
41545,4,4
41546,4,4
41547,4,4
41548,7,7
41549,9,9
41550,2,2
41551,8,8
41552,7,7
41553,3,3
41554,1,1
41555,9,9
41556,3,3
41557,3,3
41558,0,0
41559,9,9
41560,2,2
41561,4,4
41562,8,8
41563,8,8
41564,2,2
41565,9,9
41566,2,2
41567,9,9
41568,8,8
41569,8,8
41570,3,3
41571,8,8
41572,6,6
41573,9,9
41574,0,0
41575,9,9
41576,8,8
41577,6,6
41578,7,7
41579,6,6
41580,5,5
41581,6,6
41582,7,7
41583,8,8
41584,0,0
41585,9,9
41586,1,1
41587,9,9
41588,3,3
41589,8,8
41590,7,7
41591,9,9
41592,2,2
41593,6,6
41594,5,5
41595,6,6
41596,1,1
41597,8,8
41598,7,7
41599,8,8
41600,1,1
41601,8,8
41602,5,5
41603,8,8
41604,5,5
41605,8,8
41606,3,3
41607,9,9
41608,7,7
41609,3,3
41610,2,2
41611,9,9
41612,7,7
41613,8,8
41614,0,0
41615,8,8
41616,4,4
41617,3,3
41618,0,0
41619,2,2
41620,3,3
41621,9,9
41622,8,8
41623,9,9
41624,7,7
41625,8,8
41626,4,4
41627,3,3
41628,2,2
41629,6,6
41630,8,8
41631,4,4
41632,7,7
41633,5,5
41634,3,3
41635,2,2
41636,4,4
41637,9,9
41638,1,1
41639,6,6
41640,1,1
41641,9,9
41642,1,1
41643,3,3
41644,5,5
41645,8,8
41646,3,3
41647,3,3
41648,0,0
41649,1,1
41650,0,0
41651,6,6
41652,2,2
41653,1,1
41654,4,4
41655,5,5
41656,0,0
41657,7,7
41658,1,1
41659,4,4
41660,8,8
41661,8,8
41662,1,1
41663,2,2
41664,9,9
41665,0,0
41666,4,4
41667,3,3
41668,5,5
41669,9,9
41670,7,7
41671,0,0
41672,6,6
41673,7,7
41674,7,7
41675,4,4
41676,4,4
41677,9,9
41678,0,0
41679,2,2
41680,5,5
41681,8,8
41682,7,7
41683,3,3
41684,0,0
41685,9,9
41686,0,0
41687,6,6
41688,7,7
41689,1,1
41690,4,4
41691,8,8
41692,0,0
41693,7,7
41694,1,1
41695,4,4
41696,3,3
41697,8,8
41698,0,0
41699,2,2
41700,0,0
41701,8,8
41702,6,6
41703,4,4
41704,0,0
41705,2,2
41706,8,8
41707,8,8
41708,6,6
41709,9,9
41710,1,1
41711,4,4
41712,2,2
41713,3,3
41714,8,8
41715,9,9
41716,5,5
41717,8,8
41718,7,7
41719,7,7
41720,7,7
41721,6,6
41722,4,4
41723,9,9
41724,5,5
41725,8,8
41726,4,4
41727,9,9
41728,1,1
41729,2,2
41730,6,6
41731,0,0
41732,9,9
41733,9,9
41734,0,0
41735,4,4
41736,5,5
41737,7,7
41738,5,5
41739,9,9
41740,7,7
41741,6,6
41742,8,8
41743,3,3
41744,1,1
41745,6,6
41746,4,4
41747,7,7
41748,1,1
41749,5,5
41750,1,1
41751,2,2
41752,2,2
41753,9,9
41754,2,2
41755,7,7
41756,2,2
41757,4,4
41758,2,2
41759,2,2
41760,0,0
41761,0,0
41762,8,8
41763,0,0
41764,0,0
41765,1,1
41766,9,9
41767,1,1
41768,5,5
41769,8,8
41770,0,0
41771,0,0
41772,2,2
41773,1,1
41774,4,4
41775,8,8
41776,7,7
41777,9,9
41778,4,4
41779,9,9
41780,5,5
41781,0,0
41782,4,4
41783,8,8
41784,1,1
41785,9,9
41786,2,2
41787,8,8
41788,1,1
41789,3,3
41790,2,2
41791,8,8
41792,5,5
41793,4,4
41794,6,6
41795,5,5
41796,5,5
41797,4,4
41798,2,2
41799,9,9
41800,4,4
41801,7,7
41802,4,4
41803,7,7
41804,5,5
41805,9,9
41806,3,3
41807,3,3
41808,2,2
41809,9,9
41810,3,3
41811,3,3
41812,1,1
41813,9,9
41814,5,5
41815,7,7
41816,1,1
41817,8,8
41818,0,0
41819,3,3
41820,1,1
41821,6,6
41822,7,7
41823,1,1
41824,1,1
41825,8,8
41826,1,1
41827,8,8
41828,4,4
41829,9,9
41830,6,6
41831,1,1
41832,8,8
41833,0,0
41834,7,7
41835,6,6
41836,1,1
41837,3,3
41838,5,5
41839,9,9
41840,5,5
41841,6,6
41842,4,4
41843,2,2
41844,0,0
41845,8,8
41846,5,5
41847,9,9
41848,4,4
41849,4,4
41850,1,1
41851,8,8
41852,1,1
41853,2,2
41854,8,8
41855,8,8
41856,3,3
41857,3,3
41858,1,1
41859,9,9
41860,9,9
41861,6,6
41862,9,9
41863,7,7
41864,5,5
41865,8,8
41866,2,2
41867,9,9
41868,7,7
41869,4,4
41870,0,0
41871,8,8
41872,0,0
41873,2,2
41874,1,1
41875,8,8
41876,4,4
41877,2,2
41878,6,6
41879,9,9
41880,3,3
41881,6,6
41882,7,7
41883,2,2
41884,1,1
41885,8,8
41886,5,5
41887,2,2
41888,1,1
41889,4,4
41890,5,5
41891,8,8
41892,0,0
41893,2,2
41894,9,9
41895,8,8
41896,3,3
41897,9,9
41898,1,1
41899,4,4
41900,5,5
41901,2,2
41902,7,7
41903,8,8
41904,4,4
41905,8,8
41906,0,0
41907,3,3
41908,1,1
41909,9,9
41910,0,0
41911,6,6
41912,6,6
41913,9,9
41914,1,1
41915,8,8
41916,6,6
41917,2,2
41918,5,5
41919,8,8
41920,0,0
41921,8,8
41922,7,7
41923,8,8
41924,5,5
41925,8,8
41926,7,7
41927,3,3
41928,0,0
41929,2,2
41930,5,5
41931,2,2
41932,8,8
41933,9,9
41934,7,7
41935,2,2
41936,6,6
41937,6,6
41938,2,2
41939,9,9
41940,4,4
41941,8,8
41942,5,5
41943,2,2
41944,1,1
41945,9,9
41946,6,6
41947,2,2
41948,0,0
41949,2,2
41950,1,1
41951,9,9
41952,7,7
41953,8,8
41954,1,1
41955,6,6
41956,9,9
41957,2,2
41958,0,0
41959,9,9
41960,6,6
41961,9,9
41962,5,5
41963,4,4
41964,0,0
41965,3,3
41966,7,7
41967,9,9
41968,7,7
41969,2,2
41970,7,7
41971,1,1
41972,0,0
41973,2,2
41974,4,4
41975,4,4
41976,4,4
41977,8,8
41978,7,7
41979,0,0
41980,2,2
41981,8,8
41982,5,5
41983,8,8
41984,2,2
41985,6,6
41986,1,1
41987,3,3
41988,1,1
41989,2,2
41990,5,5
41991,8,8
41992,7,7
41993,8,8
41994,7,7
41995,4,4
41996,7,7
41997,6,6
41998,6,6
41999,3,3
42000,1,1
42001,6,6
42002,1,1
42003,2,2
42004,9,9
42005,3,3
42006,2,2
42007,4,4
42008,2,2
42009,2,2
42010,3,3
42011,0,0
42012,6,6
42013,8,8
42014,6,6
42015,9,9
42016,5,5
42017,8,8
42018,0,0
42019,6,6
42020,5,5
42021,4,4
42022,4,4
42023,8,8
42024,0,0
42025,4,4
42026,1,1
42027,4,4
42028,1,1
42029,6,6
42030,8,8
42031,8,8
42032,8,8
42033,8,8
42034,7,7
42035,8,8
42036,0,0
42037,3,3
42038,3,3
42039,9,9
42040,9,9
42041,7,7
42042,5,5
42043,7,7
42044,1,1
42045,3,3
42046,7,7
42047,9,9
42048,0,0
42049,2,2
42050,6,6
42051,8,8
42052,5,5
42053,3,3
42054,7,7
42055,7,7
42056,7,7
42057,0,0
42058,1,1
42059,2,2
42060,9,9
42061,8,8
42062,0,0
42063,3,3
42064,0,0
42065,6,6
42066,4,4
42067,8,8
42068,6,6
42069,0,0
42070,6,6
42071,9,9
42072,4,4
42073,2,2
42074,3,3
42075,4,4
42076,7,7
42077,8,8
42078,5,5
42079,2,2
42080,4,4
42081,3,3
42082,7,7
42083,2,2
42084,3,3
42085,9,9
42086,1,1
42087,7,7
42088,8,8
42089,4,4
42090,0,0
42091,2,2
42092,6,6
42093,9,9
42094,0,0
42095,6,6
42096,2,2
42097,2,2
42098,9,9
42099,8,8
42100,3,3
42101,9,9
42102,9,9
42103,4,4
42104,1,1
42105,8,8
42106,5,5
42107,2,2
42108,0,0
42109,8,8
42110,2,2
42111,3,3
42112,8,8
42113,9,9
42114,1,1
42115,6,6
42116,5,5
42117,2,2
42118,0,0
42119,8,8
42120,7,7
42121,9,9
42122,2,2
42123,4,4
42124,5,5
42125,8,8
42126,6,6
42127,2,2
42128,0,0
42129,8,8
42130,2,2
42131,3,3
42132,1,1
42133,9,9
42134,0,0
42135,6,6
42136,3,3
42137,2,2
42138,6,6
42139,8,8
42140,7,7
42141,9,9
42142,9,9
42143,4,4
42144,0,0
42145,8,8
42146,8,8
42147,2,2
42148,0,0
42149,8,8
42150,2,2
42151,4,4
42152,5,5
42153,2,2
42154,5,5
42155,2,2
42156,1,1
42157,2,2
42158,7,7
42159,6,6
42160,4,4
42161,2,2
42162,4,4
42163,8,8
42164,0,0
42165,8,8
42166,4,4
42167,8,8
42168,6,6
42169,8,8
42170,3,3
42171,9,9
42172,4,4
42173,8,8
42174,4,4
42175,9,9
42176,1,1
42177,8,8
42178,7,7
42179,9,9
42180,2,2
42181,8,8
42182,1,1
42183,2,2
42184,1,1
42185,2,2
42186,7,7
42187,0,0
42188,4,4
42189,9,9
42190,5,5
42191,8,8
42192,0,0
42193,9,9
42194,9,9
42195,8,8
42196,2,2
42197,9,9
42198,5,5
42199,6,6
42200,5,5
42201,2,2
42202,8,8
42203,6,6
42204,8,8
42205,9,9
42206,4,4
42207,4,4
42208,7,7
42209,1,1
42210,7,7
42211,8,8
42212,7,7
42213,8,8
42214,0,0
42215,2,2
42216,5,5
42217,2,2
42218,2,2
42219,6,6
42220,5,5
42221,9,9
42222,0,0
42223,6,6
42224,3,3
42225,4,4
42226,7,7
42227,2,2
42228,5,5
42229,2,2
42230,3,3
42231,8,8
42232,0,0
42233,8,8
42234,4,4
42235,2,2
42236,5,5
42237,9,9
42238,7,7
42239,8,8
42240,6,6
42241,2,2
42242,1,1
42243,9,9
42244,7,7
42245,3,3
42246,5,5
42247,4,4
42248,7,7
42249,8,8
42250,3,3
42251,2,2
42252,9,9
42253,4,4
42254,6,6
42255,6,6
42256,4,4
42257,6,6
42258,8,8
42259,2,2
42260,1,1
42261,9,9
42262,3,3
42263,8,8
42264,2,2
42265,8,8
42266,2,2
42267,9,9
42268,1,1
42269,8,8
42270,3,3
42271,6,6
42272,5,5
42273,6,6
42274,2,2
42275,3,3
42276,1,1
42277,3,3
42278,6,6
42279,9,9
42280,1,1
42281,8,8
42282,0,0
42283,8,8
42284,7,7
42285,8,8
42286,0,0
42287,9,9
42288,9,9
42289,8,8
42290,0,0
42291,2,2
42292,9,9
42293,8,8
42294,7,7
42295,4,4
42296,0,0
42297,2,2
42298,5,5
42299,2,2
42300,5,5
42301,6,6
42302,5,5
42303,6,6
42304,5,5
42305,4,4
42306,0,0
42307,9,9
42308,6,6
42309,5,5
42310,6,6
42311,8,8
42312,7,7
42313,2,2
42314,9,9
42315,8,8
42316,1,1
42317,9,9
42318,0,0
42319,6,6
42320,9,9
42321,9,9
42322,7,7
42323,6,6
42324,3,3
42325,4,4
42326,1,1
42327,5,5
42328,9,9
42329,8,8
42330,5,5
42331,2,2
42332,1,1
42333,8,8
42334,2,2
42335,4,4
42336,0,0
42337,9,9
42338,2,2
42339,1,1
42340,5,5
42341,7,7
42342,3,3
42343,0,0
42344,5,5
42345,5,5
42346,5,5
42347,7,7
42348,1,1
42349,3,3
42350,4,4
42351,1,1
42352,0,0
42353,1,1
42354,5,5
42355,1,1
42356,5,5
42357,5,5
42358,3,3
42359,7,7
42360,5,5
42361,5,5
42362,3,3
42363,5,5
42364,1,1
42365,7,7
42366,7,7
42367,5,5
42368,0,0
42369,3,3
42370,4,4
42371,1,1
42372,0,0
42373,7,7
42374,3,3
42375,7,7
42376,8,8
42377,5,5
42378,0,0
42379,2,2
42380,1,1
42381,4,4
42382,0,0
42383,7,7
42384,0,0
42385,5,5
42386,4,4
42387,7,7
42388,7,7
42389,3,3
42390,0,0
42391,7,7
42392,7,7
42393,1,1
42394,6,6
42395,4,4
42396,4,4
42397,7,7
42398,7,7
42399,5,5
42400,5,5
42401,1,1
42402,3,3
42403,5,5
42404,1,1
42405,5,5
42406,1,1
42407,8,8
42408,2,2
42409,6,6
42410,0,0
42411,5,5
42412,1,1
42413,7,7
42414,2,2
42415,5,5
42416,1,1
42417,7,7
42418,1,1
42419,7,7
42420,4,4
42421,5,5
42422,1,1
42423,7,7
42424,1,1
42425,5,5
42426,0,0
42427,5,5
42428,5,5
42429,8,8
42430,8,8
42431,2,2
42432,7,7
42433,3,3
42434,0,0
42435,1,1
42436,0,0
42437,5,5
42438,7,7
42439,1,1
42440,1,1
42441,7,7
42442,7,7
42443,6,6
42444,2,2
42445,7,7
42446,3,3
42447,7,7
42448,3,3
42449,7,7
42450,4,4
42451,8,8
42452,4,4
42453,7,7
42454,6,6
42455,0,0
42456,3,3
42457,5,5
42458,0,0
42459,5,5
42460,1,1
42461,5,5
42462,1,1
42463,1,1
42464,5,5
42465,0,0
42466,0,0
42467,7,7
42468,1,1
42469,7,7
42470,2,2
42471,5,5
42472,7,7
42473,7,7
42474,6,6
42475,5,5
42476,7,7
42477,5,5
42478,5,5
42479,7,7
42480,7,7
42481,6,6
42482,5,5
42483,3,3
42484,5,5
42485,1,1
42486,1,1
42487,7,7
42488,3,3
42489,4,4
42490,4,4
42491,5,5
42492,5,5
42493,7,7
42494,1,1
42495,7,7
42496,6,6
42497,5,5
42498,4,4
42499,3,3
42500,0,0
42501,5,5
42502,1,1
42503,5,5
42504,5,5
42505,7,7
42506,1,1
42507,0,0
42508,7,7
42509,7,7
42510,1,1
42511,7,7
42512,0,0
42513,4,4
42514,0,0
42515,5,5
42516,0,0
42517,7,7
42518,1,1
42519,0,0
42520,7,7
42521,4,4
42522,5,5
42523,4,4
42524,5,5
42525,4,4
42526,5,5
42527,5,5
42528,0,0
42529,5,5
42530,4,4
42531,9,9
42532,5,5
42533,7,7
42534,7,7
42535,6,6
42536,5,5
42537,1,1
42538,5,5
42539,9,9
42540,2,2
42541,6,6
42542,0,0
42543,2,2
42544,0,0
42545,7,7
42546,9,9
42547,0,0
42548,0,0
42549,0,0
42550,5,5
42551,5,5
42552,3,3
42553,5,5
42554,2,2
42555,2,2
42556,2,2
42557,5,5
42558,4,4
42559,3,3
42560,7,7
42561,9,9
42562,6,6
42563,6,6
42564,0,0
42565,7,7
42566,5,5
42567,8,8
42568,6,6
42569,7,7
42570,5,5
42571,4,4
42572,7,7
42573,8,8
42574,5,5
42575,2,2
42576,7,7
42577,0,0
42578,1,1
42579,3,3
42580,8,8
42581,9,9
42582,0,0
42583,6,6
42584,1,1
42585,7,7
42586,1,1
42587,8,8
42588,7,7
42589,2,2
42590,7,7
42591,4,4
42592,0,0
42593,8,8
42594,0,0
42595,2,2
42596,6,6
42597,0,0
42598,6,6
42599,3,3
42600,4,4
42601,9,9
42602,1,1
42603,6,6
42604,7,7
42605,7,7
42606,5,5
42607,8,8
42608,2,2
42609,2,2
42610,3,3
42611,4,4
42612,5,5
42613,8,8
42614,3,3
42615,2,2
42616,5,5
42617,2,2
42618,1,1
42619,0,0
42620,0,0
42621,8,8
42622,7,7
42623,3,3
42624,8,8
42625,9,9
42626,2,2
42627,7,7
42628,0,0
42629,0,0
42630,1,1
42631,2,2
42632,4,4
42633,6,6
42634,3,3
42635,2,2
42636,7,7
42637,3,3
42638,5,5
42639,8,8
42640,8,8
42641,2,2
42642,5,5
42643,8,8
42644,1,1
42645,8,8
42646,0,0
42647,4,4
42648,0,0
42649,3,3
42650,0,0
42651,8,8
42652,7,7
42653,8,8
42654,6,6
42655,9,9
42656,7,7
42657,9,9
42658,3,3
42659,2,2
42660,7,7
42661,2,2
42662,5,5
42663,2,2
42664,2,2
42665,2,2
42666,1,1
42667,4,4
42668,0,0
42669,6,6
42670,0,0
42671,6,6
42672,0,0
42673,9,9
42674,3,3
42675,6,6
42676,5,5
42677,7,7
42678,4,4
42679,2,2
42680,7,7
42681,7,7
42682,7,7
42683,6,6
42684,5,5
42685,4,4
42686,6,6
42687,2,2
42688,1,1
42689,4,4
42690,1,1
42691,7,7
42692,6,6
42693,5,5
42694,4,4
42695,8,8
42696,9,9
42697,8,8
42698,0,0
42699,6,6
42700,4,4
42701,9,9
42702,1,1
42703,4,4
42704,2,2
42705,9,9
42706,2,2
42707,7,7
42708,6,6
42709,0,0
42710,5,5
42711,8,8
42712,2,2
42713,9,9
42714,5,5
42715,8,8
42716,1,1
42717,6,6
42718,8,8
42719,9,9
42720,3,3
42721,0,0
42722,0,0
42723,4,4
42724,7,7
42725,8,8
42726,6,6
42727,8,8
42728,0,0
42729,4,4
42730,5,5
42731,9,9
42732,3,3
42733,0,0
42734,7,7
42735,7,7
42736,7,7
42737,2,2
42738,0,0
42739,0,0
42740,1,1
42741,6,6
42742,0,0
42743,8,8
42744,3,3
42745,4,4
42746,5,5
42747,2,2
42748,0,0
42749,2,2
42750,0,0
42751,8,8
42752,3,3
42753,2,2
42754,6,6
42755,7,7
42756,7,7
42757,8,8
42758,1,1
42759,3,3
42760,7,7
42761,2,2
42762,7,7
42763,8,8
42764,3,3
42765,9,9
42766,5,5
42767,4,4
42768,9,9
42769,9,9
42770,0,0
42771,3,3
42772,0,0
42773,8,8
42774,0,0
42775,7,7
42776,3,3
42777,7,7
42778,9,9
42779,8,8
42780,0,0
42781,4,4
42782,1,1
42783,3,3
42784,9,9
42785,4,4
42786,9,9
42787,4,4
42788,4,4
42789,6,6
42790,8,8
42791,7,7
42792,6,6
42793,4,4
42794,7,7
42795,3,3
42796,5,5
42797,3,3
42798,0,0
42799,5,5
42800,0,0
42801,4,4
42802,8,8
42803,1,1
42804,1,1
42805,6,6
42806,1,1
42807,7,7
42808,0,0
42809,5,5
42810,6,6
42811,8,8
42812,5,5
42813,2,2
42814,6,6
42815,0,0
42816,8,8
42817,3,3
42818,3,3
42819,9,9
42820,0,0
42821,6,6
42822,8,8
42823,7,7
42824,8,8
42825,0,0
42826,8,8
42827,2,2
42828,0,0
42829,4,4
42830,6,6
42831,8,8
42832,2,2
42833,2,2
42834,1,1
42835,3,3
42836,5,5
42837,9,9
42838,0,0
42839,3,3
42840,7,7
42841,7,7
42842,6,6
42843,4,4
42844,9,9
42845,0,0
42846,9,9
42847,4,4
42848,3,3
42849,9,9
42850,2,2
42851,0,0
42852,1,1
42853,8,8
42854,2,2
42855,0,0
42856,4,4
42857,8,8
42858,0,0
42859,9,9
42860,7,7
42861,6,6
42862,3,3
42863,2,2
42864,7,7
42865,2,2
42866,0,0
42867,3,3
42868,2,2
42869,4,4
42870,0,0
42871,2,2
42872,2,2
42873,2,2
42874,1,1
42875,9,9
42876,0,0
42877,2,2
42878,7,7
42879,0,0
42880,2,2
42881,9,9
42882,0,0
42883,6,6
42884,5,5
42885,6,6
42886,0,0
42887,6,6
42888,1,1
42889,2,2
42890,5,5
42891,3,3
42892,5,5
42893,9,9
42894,1,1
42895,8,8
42896,3,3
42897,0,0
42898,7,7
42899,9,9
42900,2,2
42901,8,8
42902,7,7
42903,8,8
42904,5,5
42905,4,4
42906,7,7
42907,7,7
42908,7,7
42909,7,7
42910,2,2
42911,9,9
42912,4,4
42913,2,2
42914,7,7
42915,3,3
42916,6,6
42917,3,3
42918,6,6
42919,4,4
42920,2,2
42921,4,4
42922,1,1
42923,2,2
42924,1,1
42925,3,3
42926,6,6
42927,9,9
42928,8,8
42929,6,6
42930,7,7
42931,8,8
42932,1,1
42933,9,9
42934,6,6
42935,2,2
42936,9,9
42937,9,9
42938,7,7
42939,8,8
42940,7,7
42941,9,9
42942,5,5
42943,1,1
42944,2,2
42945,2,2
42946,0,0
42947,9,9
42948,4,4
42949,6,6
42950,6,6
42951,2,2
42952,5,5
42953,9,9
42954,7,7
42955,1,1
42956,0,0
42957,9,9
42958,9,9
42959,8,8
42960,4,4
42961,9,9
42962,7,7
42963,8,8
42964,7,7
42965,3,3
42966,7,7
42967,9,9
42968,9,9
42969,6,6
42970,7,7
42971,2,2
42972,5,5
42973,4,4
42974,1,1
42975,2,2
42976,8,8
42977,8,8
42978,4,4
42979,9,9
42980,2,2
42981,3,3
42982,9,9
42983,2,2
42984,7,7
42985,2,2
42986,1,1
42987,9,9
42988,0,0
42989,2,2
42990,2,2
42991,6,6
42992,2,2
42993,8,8
42994,7,7
42995,8,8
42996,4,4
42997,9,9
42998,7,7
42999,9,9
43000,0,0
43001,1,1
43002,6,6
43003,9,9
43004,0,0
43005,8,8
43006,9,9
43007,9,9
43008,7,7
43009,8,8
43010,5,5
43011,3,3
43012,1,1
43013,4,4
43014,2,2
43015,9,9
43016,1,1
43017,9,9
43018,2,2
43019,8,8
43020,2,2
43021,9,9
43022,5,5
43023,8,8
43024,8,8
43025,9,9
43026,8,8
43027,2,2
43028,0,0
43029,2,2
43030,1,1
43031,2,2
43032,6,6
43033,9,9
43034,0,0
43035,9,9
43036,8,8
43037,8,8
43038,5,5
43039,8,8
43040,1,1
43041,8,8
43042,8,8
43043,8,8
43044,9,9
43045,3,3
43046,0,0
43047,6,6
43048,2,2
43049,1,1
43050,2,2
43051,9,9
43052,0,0
43053,9,9
43054,4,4
43055,2,2
43056,0,0
43057,8,8
43058,0,0
43059,2,2
43060,7,7
43061,9,9
43062,7,7
43063,9,9
43064,7,7
43065,2,2
43066,7,7
43067,2,2
43068,5,5
43069,9,9
43070,7,7
43071,9,9
43072,8,8
43073,8,8
43074,3,3
43075,8,8
43076,7,7
43077,6,6
43078,0,0
43079,6,6
43080,5,5
43081,2,2
43082,8,8
43083,2,2
43084,7,7
43085,9,9
43086,0,0
43087,8,8
43088,3,3
43089,9,9
43090,1,1
43091,9,9
43092,3,3
43093,9,9
43094,1,1
43095,9,9
43096,7,7
43097,9,9
43098,8,8
43099,9,9
43100,7,7
43101,6,6
43102,7,7
43103,2,2
43104,0,0
43105,6,6
43106,5,5
43107,1,1
43108,8,8
43109,9,9
43110,2,2
43111,2,2
43112,5,5
43113,6,6
43114,8,8
43115,1,1
43116,1,1
43117,6,6
43118,9,9
43119,8,8
43120,8,8
43121,9,9
43122,1,1
43123,8,8
43124,6,6
43125,1,1
43126,4,4
43127,2,2
43128,9,9
43129,2,2
43130,5,5
43131,9,9
43132,2,2
43133,6,6
43134,3,3
43135,7,7
43136,7,7
43137,8,8
43138,0,0
43139,7,7
43140,1,1
43141,4,4
43142,1,1
43143,8,8
43144,2,2
43145,2,2
43146,5,5
43147,8,8
43148,7,7
43149,2,2
43150,5,5
43151,9,9
43152,5,5
43153,6,6
43154,4,4
43155,2,2
43156,5,5
43157,9,9
43158,0,0
43159,2,2
43160,0,0
43161,4,4
43162,1,1
43163,8,8
43164,4,4
43165,2,2
43166,4,4
43167,8,8
43168,0,0
43169,6,6
43170,3,3
43171,2,2
43172,6,6
43173,8,8
43174,1,1
43175,2,2
43176,7,7
43177,4,4
43178,8,8
43179,8,8
43180,7,7
43181,2,2
43182,2,2
43183,8,8
43184,6,6
43185,0,0
43186,3,3
43187,8,8
43188,3,3
43189,7,7
43190,0,0
43191,6,6
43192,1,1
43193,8,8
43194,2,2
43195,3,3
43196,7,7
43197,9,9
43198,7,7
43199,7,7
43200,7,7
43201,2,2
43202,0,0
43203,2,2
43204,7,7
43205,3,3
43206,7,7
43207,8,8
43208,5,5
43209,2,2
43210,5,5
43211,6,6
43212,7,7
43213,8,8
43214,9,9
43215,2,2
43216,3,3
43217,8,8
43218,2,2
43219,0,0
43220,7,7
43221,2,2
43222,8,8
43223,8,8
43224,7,7
43225,4,4
43226,8,8
43227,9,9
43228,0,0
43229,3,3
43230,7,7
43231,5,5
43232,1,1
43233,7,7
43234,2,2
43235,7,7
43236,3,3
43237,8,8
43238,0,0
43239,8,8
43240,6,6
43241,6,6
43242,2,2
43243,3,3
43244,2,2
43245,2,2
43246,1,1
43247,3,3
43248,7,7
43249,9,9
43250,1,1
43251,4,4
43252,7,7
43253,8,8
43254,9,9
43255,2,2
43256,1,1
43257,6,6
43258,2,2
43259,8,8
43260,4,4
43261,9,9
43262,5,5
43263,4,4
43264,4,4
43265,3,3
43266,3,3
43267,9,9
43268,0,0
43269,9,9
43270,4,4
43271,2,2
43272,0,0
43273,3,3
43274,5,5
43275,8,8
43276,3,3
43277,8,8
43278,5,5
43279,8,8
43280,2,2
43281,4,4
43282,0,0
43283,3,3
43284,1,1
43285,8,8
43286,1,1
43287,2,2
43288,0,0
43289,2,2
43290,0,0
43291,8,8
43292,6,6
43293,6,6
43294,6,6
43295,9,9
43296,1,1
43297,9,9
43298,7,7
43299,2,2
43300,9,9
43301,7,7
43302,5,5
43303,7,7
43304,4,4
43305,4,4
43306,7,7
43307,8,8
43308,2,2
43309,3,3
43310,8,8
43311,4,4
43312,6,6
43313,8,8
43314,6,6
43315,9,9
43316,1,1
43317,6,6
43318,0,0
43319,2,2
43320,4,4
43321,2,2
43322,7,7
43323,9,9
43324,0,0
43325,8,8
43326,1,1
43327,2,2
43328,1,1
43329,2,2
43330,7,7
43331,6,6
43332,9,9
43333,2,2
43334,2,2
43335,2,2
43336,9,9
43337,8,8
43338,6,6
43339,9,9
43340,0,0
43341,8,8
43342,2,2
43343,8,8
43344,1,1
43345,6,6
43346,8,8
43347,3,3
43348,4,4
43349,9,9
43350,9,9
43351,6,6
43352,5,5
43353,2,2
43354,0,0
43355,8,8
43356,0,0
43357,7,7
43358,5,5
43359,4,4
43360,9,9
43361,8,8
43362,0,0
43363,2,2
43364,5,5
43365,8,8
43366,3,3
43367,3,3
43368,7,7
43369,9,9
43370,0,0
43371,6,6
43372,5,5
43373,2,2
43374,0,0
43375,8,8
43376,6,6
43377,2,2
43378,1,1
43379,4,4
43380,7,7
43381,8,8
43382,8,8
43383,2,2
43384,0,0
43385,8,8
43386,4,4
43387,3,3
43388,9,9
43389,9,9
43390,0,0
43391,6,6
43392,0,0
43393,7,7
43394,6,6
43395,8,8
43396,4,4
43397,2,2
43398,0,0
43399,4,4
43400,8,8
43401,8,8
43402,7,7
43403,2,2
43404,3,3
43405,8,8
43406,1,1
43407,6,6
43408,8,8
43409,2,2
43410,7,7
43411,9,9
43412,7,7
43413,4,4
43414,0,0
43415,8,8
43416,1,1
43417,6,6
43418,7,7
43419,8,8
43420,4,4
43421,8,8
43422,3,3
43423,3,3
43424,7,7
43425,5,5
43426,1,1
43427,8,8
43428,7,7
43429,9,9
43430,6,6
43431,4,4
43432,2,2
43433,9,9
43434,8,8
43435,2,2
43436,6,6
43437,4,4
43438,1,1
43439,6,6
43440,4,4
43441,6,6
43442,2,2
43443,3,3
43444,1,1
43445,3,3
43446,1,1
43447,2,2
43448,7,7
43449,6,6
43450,6,6
43451,2,2
43452,5,5
43453,8,8
43454,7,7
43455,2,2
43456,7,7
43457,4,4
43458,1,1
43459,2,2
43460,7,7
43461,8,8
43462,4,4
43463,3,3
43464,7,7
43465,3,3
43466,7,7
43467,8,8
43468,3,3
43469,9,9
43470,1,1
43471,8,8
43472,3,3
43473,8,8
43474,1,1
43475,2,2
43476,1,1
43477,6,6
43478,8,8
43479,6,6
43480,1,1
43481,8,8
43482,2,2
43483,8,8
43484,1,1
43485,4,4
43486,6,6
43487,8,8
43488,7,7
43489,8,8
43490,1,1
43491,8,8
43492,7,7
43493,8,8
43494,7,7
43495,6,6
43496,8,8
43497,3,3
43498,4,4
43499,8,8
43500,1,1
43501,2,2
43502,5,5
43503,2,2
43504,7,7
43505,4,4
43506,7,7
43507,8,8
43508,9,9
43509,7,7
43510,7,7
43511,2,2
43512,0,0
43513,6,6
43514,6,6
43515,2,2
43516,5,5
43517,2,2
43518,5,5
43519,2,2
43520,8,8
43521,8,8
43522,7,7
43523,2,2
43524,7,7
43525,2,2
43526,0,0
43527,2,2
43528,0,0
43529,2,2
43530,5,5
43531,8,8
43532,7,7
43533,8,8
43534,1,1
43535,9,9
43536,3,3
43537,6,6
43538,7,7
43539,9,9
43540,7,7
43541,8,8
43542,0,0
43543,8,8
43544,5,5
43545,4,4
43546,6,6
43547,6,6
43548,7,7
43549,3,3
43550,0,0
43551,8,8
43552,7,7
43553,9,9
43554,3,3
43555,8,8
43556,3,3
43557,2,2
43558,7,7
43559,2,2
43560,7,7
43561,3,3
43562,1,1
43563,2,2
43564,5,5
43565,8,8
43566,6,6
43567,9,9
43568,2,2
43569,4,4
43570,1,1
43571,8,8
43572,4,4
43573,2,2
43574,2,2
43575,6,6
43576,6,6
43577,9,9
43578,1,1
43579,2,2
43580,9,9
43581,4,4
43582,1,1
43583,9,9
43584,0,0
43585,2,2
43586,4,4
43587,2,2
43588,1,1
43589,4,4
43590,6,6
43591,9,9
43592,4,4
43593,3,3
43594,4,4
43595,1,1
43596,0,0
43597,6,6
43598,8,8
43599,2,2
43600,0,0
43601,5,5
43602,3,3
43603,2,2
43604,5,5
43605,4,4
43606,2,2
43607,0,0
43608,5,5
43609,2,2
43610,3,3
43611,0,0
43612,5,5
43613,3,3
43614,5,5
43615,1,1
43616,1,1
43617,6,6
43618,5,5
43619,7,7
43620,4,4
43621,0,0
43622,5,5
43623,2,2
43624,3,3
43625,4,4
43626,5,5
43627,8,8
43628,5,5
43629,2,2
43630,6,6
43631,3,3
43632,6,6
43633,9,9
43634,5,5
43635,6,6
43636,5,5
43637,2,2
43638,7,7
43639,8,8
43640,1,1
43641,2,2
43642,9,9
43643,4,4
43644,7,7
43645,8,8
43646,4,4
43647,2,2
43648,5,5
43649,6,6
43650,5,5
43651,2,2
43652,1,1
43653,9,9
43654,0,0
43655,4,4
43656,7,7
43657,0,0
43658,0,0
43659,7,7
43660,0,0
43661,0,0
43662,3,3
43663,8,8
43664,1,1
43665,3,3
43666,7,7
43667,8,8
43668,4,4
43669,8,8
43670,8,8
43671,9,9
43672,0,0
43673,4,4
43674,7,7
43675,9,9
43676,2,2
43677,2,2
43678,4,4
43679,4,4
43680,7,7
43681,6,6
43682,5,5
43683,6,6
43684,1,1
43685,3,3
43686,5,5
43687,2,2
43688,0,0
43689,6,6
43690,2,2
43691,9,9
43692,2,2
43693,0,0
43694,4,4
43695,2,2
43696,2,2
43697,4,4
43698,4,4
43699,2,2
43700,0,0
43701,3,3
43702,1,1
43703,5,5
43704,1,1
43705,9,9
43706,2,2
43707,8,8
43708,1,1
43709,8,8
43710,8,8
43711,0,0
43712,3,3
43713,9,9
43714,1,1
43715,1,1
43716,5,5
43717,7,7
43718,0,0
43719,8,8
43720,3,3
43721,8,8
43722,0,0
43723,8,8
43724,2,2
43725,8,8
43726,4,4
43727,3,3
43728,3,3
43729,0,0
43730,2,2
43731,9,9
43732,5,5
43733,2,2
43734,0,0
43735,4,4
43736,4,4
43737,8,8
43738,0,0
43739,7,7
43740,5,5
43741,9,9
43742,4,4
43743,6,6
43744,4,4
43745,0,0
43746,1,1
43747,2,2
43748,2,2
43749,2,2
43750,8,8
43751,8,8
43752,4,4
43753,2,2
43754,2,2
43755,2,2
43756,5,5
43757,8,8
43758,7,7
43759,7,7
43760,6,6
43761,9,9
43762,7,7
43763,8,8
43764,1,1
43765,8,8
43766,2,2
43767,2,2
43768,1,1
43769,6,6
43770,1,1
43771,8,8
43772,7,7
43773,7,7
43774,0,0
43775,2,2
43776,7,7
43777,0,0
43778,2,2
43779,9,9
43780,7,7
43781,9,9
43782,2,2
43783,6,6
43784,1,1
43785,0,0
43786,0,0
43787,2,2
43788,9,9
43789,6,6
43790,1,1
43791,9,9
43792,0,0
43793,8,8
43794,7,7
43795,4,4
43796,0,0
43797,8,8
43798,8,8
43799,2,2
43800,5,5
43801,9,9
43802,0,0
43803,2,2
43804,4,4
43805,2,2
43806,6,6
43807,4,4
43808,1,1
43809,8,8
43810,8,8
43811,2,2
43812,0,0
43813,9,9
43814,5,5
43815,6,6
43816,7,7
43817,2,2
43818,7,7
43819,8,8
43820,7,7
43821,8,8
43822,5,5
43823,8,8
43824,9,9
43825,8,8
43826,6,6
43827,2,2
43828,2,2
43829,9,9
43830,5,5
43831,6,6
43832,5,5
43833,2,2
43834,3,3
43835,8,8
43836,1,1
43837,9,9
43838,8,8
43839,4,4
43840,0,0
43841,8,8
43842,1,1
43843,2,2
43844,9,9
43845,8,8
43846,2,2
43847,3,3
43848,2,2
43849,9,9
43850,9,9
43851,6,6
43852,1,1
43853,2,2
43854,6,6
43855,2,2
43856,5,5
43857,4,4
43858,5,5
43859,8,8
43860,8,8
43861,2,2
43862,0,0
43863,8,8
43864,0,0
43865,7,7
43866,4,4
43867,2,2
43868,7,7
43869,7,7
43870,5,5
43871,6,6
43872,9,9
43873,0,0
43874,4,4
43875,2,2
43876,7,7
43877,6,6
43878,7,7
43879,9,9
43880,2,2
43881,0,0
43882,2,2
43883,7,7
43884,3,3
43885,6,6
43886,0,0
43887,9,9
43888,0,0
43889,7,7
43890,8,8
43891,0,0
43892,4,4
43893,8,8
43894,9,9
43895,6,6
43896,0,0
43897,9,9
43898,0,0
43899,6,6
43900,7,7
43901,2,2
43902,7,7
43903,0,0
43904,5,5
43905,9,9
43906,9,9
43907,2,2
43908,4,4
43909,8,8
43910,1,1
43911,8,8
43912,8,8
43913,3,3
43914,4,4
43915,2,2
43916,0,0
43917,8,8
43918,0,0
43919,0,0
43920,5,5
43921,9,9
43922,7,7
43923,8,8
43924,9,9
43925,4,4
43926,0,0
43927,1,1
43928,5,5
43929,8,8
43930,7,7
43931,4,4
43932,3,3
43933,9,9
43934,5,5
43935,6,6
43936,7,7
43937,2,2
43938,8,8
43939,3,3
43940,4,4
43941,2,2
43942,7,7
43943,9,9
43944,7,7
43945,9,9
43946,7,7
43947,9,9
43948,1,1
43949,0,0
43950,7,7
43951,1,1
43952,7,7
43953,8,8
43954,5,5
43955,4,4
43956,1,1
43957,2,2
43958,2,2
43959,8,8
43960,3,3
43961,2,2
43962,7,7
43963,2,2
43964,6,6
43965,2,2
43966,0,0
43967,2,2
43968,2,2
43969,8,8
43970,0,0
43971,9,9
43972,9,9
43973,4,4
43974,6,6
43975,6,6
43976,3,3
43977,4,4
43978,0,0
43979,1,1
43980,1,1
43981,2,2
43982,0,0
43983,0,0
43984,1,1
43985,9,9
43986,6,6
43987,0,0
43988,9,9
43989,9,9
43990,8,8
43991,7,7
43992,0,0
43993,8,8
43994,6,6
43995,4,4
43996,6,6
43997,2,2
43998,5,5
43999,0,0
44000,3,3
44001,0,0
44002,7,7
44003,9,9
44004,7,7
44005,0,0
44006,7,7
44007,9,9
44008,0,0
44009,9,9
44010,0,0
44011,4,4
44012,1,1
44013,5,5
44014,7,7
44015,8,8
44016,0,0
44017,4,4
44018,2,2
44019,6,6
44020,7,7
44021,6,6
44022,5,5
44023,2,2
44024,2,2
44025,8,8
44026,5,5
44027,8,8
44028,1,1
44029,3,3
44030,3,3
44031,9,9
44032,0,0
44033,6,6
44034,7,7
44035,2,2
44036,9,9
44037,8,8
44038,1,1
44039,8,8
44040,3,3
44041,2,2
44042,8,8
44043,8,8
44044,5,5
44045,3,3
44046,1,1
44047,9,9
44048,5,5
44049,6,6
44050,0,0
44051,2,2
44052,5,5
44053,8,8
44054,6,6
44055,2,2
44056,2,2
44057,4,4
44058,1,1
44059,8,8
44060,3,3
44061,2,2
44062,8,8
44063,3,3
44064,8,8
44065,9,9
44066,4,4
44067,8,8
44068,8,8
44069,2,2
44070,4,4
44071,8,8
44072,7,7
44073,4,4
44074,0,0
44075,8,8
44076,3,3
44077,4,4
44078,1,1
44079,9,9
44080,8,8
44081,8,8
44082,1,1
44083,8,8
44084,0,0
44085,0,0
44086,5,5
44087,8,8
44088,5,5
44089,9,9
44090,1,1
44091,8,8
44092,6,6
44093,9,9
44094,3,3
44095,9,9
44096,7,7
44097,8,8
44098,0,0
44099,9,9
44100,5,5
44101,3,3
44102,6,6
44103,4,4
44104,0,0
44105,8,8
44106,3,3
44107,8,8
44108,1,1
44109,9,9
44110,5,5
44111,8,8
44112,7,7
44113,9,9
44114,4,4
44115,2,2
44116,5,5
44117,8,8
44118,7,7
44119,4,4
44120,1,1
44121,3,3
44122,7,7
44123,8,8
44124,0,0
44125,9,9
44126,9,9
44127,3,3
44128,5,5
44129,8,8
44130,7,7
44131,9,9
44132,4,4
44133,5,5
44134,7,7
44135,9,9
44136,1,1
44137,8,8
44138,7,7
44139,8,8
44140,6,6
44141,8,8
44142,7,7
44143,6,6
44144,7,7
44145,8,8
44146,7,7
44147,9,9
44148,7,7
44149,6,6
44150,8,8
44151,9,9
44152,2,2
44153,8,8
44154,0,0
44155,9,9
44156,0,0
44157,8,8
44158,1,1
44159,3,3
44160,1,1
44161,3,3
44162,1,1
44163,9,9
44164,2,2
44165,9,9
44166,6,6
44167,8,8
44168,5,5
44169,8,8
44170,0,0
44171,2,2
44172,7,7
44173,2,2
44174,7,7
44175,8,8
44176,7,7
44177,8,8
44178,8,8
44179,4,4
44180,2,2
44181,2,2
44182,0,0
44183,9,9
44184,3,3
44185,8,8
44186,6,6
44187,8,8
44188,7,7
44189,4,4
44190,0,0
44191,2,2
44192,7,7
44193,2,2
44194,0,0
44195,6,6
44196,7,7
44197,4,4
44198,1,1
44199,3,3
44200,2,2
44201,4,4
44202,7,7
44203,2,2
44204,4,4
44205,3,3
44206,0,0
44207,9,9
44208,7,7
44209,6,6
44210,1,1
44211,6,6
44212,9,9
44213,8,8
44214,5,5
44215,9,9
44216,7,7
44217,4,4
44218,4,4
44219,8,8
44220,9,9
44221,2,2
44222,1,1
44223,8,8
44224,5,5
44225,3,3
44226,6,6
44227,9,9
44228,8,8
44229,6,6
44230,5,5
44231,7,7
44232,0,0
44233,8,8
44234,5,5
44235,2,2
44236,7,7
44237,2,2
44238,3,3
44239,8,8
44240,7,7
44241,2,2
44242,1,1
44243,3,3
44244,0,0
44245,9,9
44246,0,0
44247,6,6
44248,6,6
44249,2,2
44250,5,5
44251,8,8
44252,0,0
44253,9,9
44254,5,5
44255,9,9
44256,5,5
44257,8,8
44258,5,5
44259,2,2
44260,6,6
44261,9,9
44262,7,7
44263,2,2
44264,5,5
44265,6,6
44266,3,3
44267,5,5
44268,3,3
44269,9,9
44270,7,7
44271,9,9
44272,7,7
44273,6,6
44274,1,1
44275,8,8
44276,2,2
44277,9,9
44278,3,3
44279,8,8
44280,2,2
44281,9,9
44282,7,7
44283,8,8
44284,0,0
44285,8,8
44286,7,7
44287,9,9
44288,1,1
44289,8,8
44290,1,1
44291,8,8
44292,2,2
44293,2,2
44294,1,1
44295,7,7
44296,1,1
44297,8,8
44298,9,9
44299,2,2
44300,4,4
44301,8,8
44302,6,6
44303,9,9
44304,7,7
44305,2,2
44306,1,1
44307,2,2
44308,7,7
44309,2,2
44310,2,2
44311,8,8
44312,7,7
44313,3,3
44314,3,3
44315,4,4
44316,6,6
44317,9,9
44318,4,4
44319,4,4
44320,7,7
44321,2,2
44322,0,0
44323,8,8
44324,1,1
44325,3,3
44326,7,7
44327,9,9
44328,2,2
44329,9,9
44330,4,4
44331,4,4
44332,5,5
44333,3,3
44334,6,6
44335,3,3
44336,4,4
44337,9,9
44338,7,7
44339,9,9
44340,1,1
44341,9,9
44342,5,5
44343,2,2
44344,3,3
44345,9,9
44346,4,4
44347,6,6
44348,5,5
44349,2,2
44350,7,7
44351,8,8
44352,5,5
44353,8,8
44354,1,1
44355,4,4
44356,8,8
44357,8,8
44358,4,4
44359,9,9
44360,7,7
44361,9,9
44362,6,6
44363,6,6
44364,4,4
44365,2,2
44366,1,1
44367,9,9
44368,1,1
44369,9,9
44370,1,1
44371,6,6
44372,3,3
44373,2,2
44374,6,6
44375,8,8
44376,0,0
44377,6,6
44378,6,6
44379,8,8
44380,2,2
44381,9,9
44382,5,5
44383,2,2
44384,0,0
44385,2,2
44386,5,5
44387,8,8
44388,7,7
44389,9,9
44390,5,5
44391,2,2
44392,8,8
44393,6,6
44394,4,4
44395,9,9
44396,0,0
44397,2,2
44398,8,8
44399,3,3
44400,0,0
44401,6,6
44402,0,0
44403,8,8
44404,7,7
44405,8,8
44406,2,2
44407,8,8
44408,7,7
44409,8,8
44410,4,4
44411,3,3
44412,6,6
44413,3,3
44414,4,4
44415,6,6
44416,7,7
44417,8,8
44418,1,1
44419,9,9
44420,4,4
44421,8,8
44422,9,9
44423,8,8
44424,9,9
44425,6,6
44426,7,7
44427,2,2
44428,5,5
44429,8,8
44430,0,0
44431,1,1
44432,1,1
44433,8,8
44434,8,8
44435,2,2
44436,1,1
44437,2,2
44438,0,0
44439,2,2
44440,7,7
44441,4,4
44442,3,3
44443,8,8
44444,5,5
44445,3,3
44446,1,1
44447,8,8
44448,3,3
44449,3,3
44450,0,0
44451,3,3
44452,4,4
44453,1,1
44454,1,1
44455,6,6
44456,6,6
44457,7,7
44458,2,2
44459,0,0
44460,1,1
44461,7,7
44462,7,7
44463,4,4
44464,5,5
44465,0,0
44466,5,5
44467,7,7
44468,7,7
44469,5,5
44470,8,8
44471,3,3
44472,5,5
44473,9,9
44474,3,3
44475,6,6
44476,2,2
44477,7,7
44478,2,2
44479,5,5
44480,4,4
44481,2,2
44482,1,1
44483,4,4
44484,2,2
44485,8,8
44486,0,0
44487,2,2
44488,7,7
44489,0,0
44490,2,2
44491,3,3
44492,1,1
44493,1,1
44494,5,5
44495,6,6
44496,5,5
44497,7,7
44498,4,4
44499,5,5
44500,0,0
44501,7,7
44502,7,7
44503,4,4
44504,7,7
44505,8,8
44506,7,7
44507,2,2
44508,5,5
44509,5,5
44510,1,1
44511,9,9
44512,0,0
44513,3,3
44514,7,7
44515,5,5
44516,0,0
44517,4,4
44518,7,7
44519,7,7
44520,6,6
44521,5,5
44522,7,7
44523,0,0
44524,1,1
44525,6,6
44526,0,0
44527,2,2
44528,5,5
44529,9,9
44530,0,0
44531,2,2
44532,2,2
44533,4,4
44534,7,7
44535,5,5
44536,5,5
44537,0,0
44538,0,0
44539,8,8
44540,7,7
44541,6,6
44542,1,1
44543,7,7
44544,5,5
44545,7,7
44546,7,7
44547,0,0
44548,1,1
44549,6,6
44550,5,5
44551,3,3
44552,8,8
44553,5,5
44554,0,0
44555,7,7
44556,1,1
44557,7,7
44558,4,4
44559,0,0
44560,3,3
44561,9,9
44562,5,5
44563,2,2
44564,2,2
44565,6,6
44566,8,8
44567,7,7
44568,7,7
44569,1,1
44570,1,1
44571,4,4
44572,0,0
44573,0,0
44574,8,8
44575,7,7
44576,2,2
44577,8,8
44578,3,3
44579,7,7
44580,7,7
44581,0,0
44582,1,1
44583,3,3
44584,0,0
44585,6,6
44586,0,0
44587,0,0
44588,5,5
44589,3,3
44590,5,5
44591,6,6
44592,0,0
44593,5,5
44594,0,0
44595,0,0
44596,5,5
44597,2,2
44598,3,3
44599,4,4
44600,0,0
44601,0,0
44602,4,4
44603,4,4
44604,7,7
44605,4,4
44606,3,3
44607,0,0
44608,1,1
44609,7,7
44610,0,0
44611,6,6
44612,7,7
44613,0,0
44614,3,3
44615,2,2
44616,7,7
44617,4,4
44618,0,0
44619,3,3
44620,4,4
44621,2,2
44622,9,9
44623,8,8
44624,2,2
44625,4,4
44626,8,8
44627,1,1
44628,1,1
44629,3,3
44630,7,7
44631,2,2
44632,5,5
44633,1,1
44634,7,7
44635,5,5
44636,0,0
44637,5,5
44638,2,2
44639,6,6
44640,8,8
44641,0,0
44642,2,2
44643,8,8
44644,5,5
44645,0,0
44646,5,5
44647,2,2
44648,1,1
44649,4,4
44650,9,9
44651,2,2
44652,8,8
44653,6,6
44654,2,2
44655,4,4
44656,3,3
44657,6,6
44658,0,0
44659,2,2
44660,3,3
44661,9,9
44662,7,7
44663,0,0
44664,2,2
44665,7,7
44666,4,4
44667,2,2
44668,0,0
44669,0,0
44670,8,8
44671,7,7
44672,6,6
44673,2,2
44674,7,7
44675,3,3
44676,7,7
44677,1,1
44678,5,5
44679,9,9
44680,1,1
44681,7,7
44682,1,1
44683,7,7
44684,2,2
44685,5,5
44686,7,7
44687,0,0
44688,5,5
44689,8,8
44690,4,4
44691,2,2
44692,3,3
44693,9,9
44694,0,0
44695,2,2
44696,3,3
44697,4,4
44698,1,1
44699,2,2
44700,3,3
44701,0,0
44702,2,2
44703,7,7
44704,3,3
44705,1,1
44706,5,5
44707,6,6
44708,8,8
44709,7,7
44710,6,6
44711,5,5
44712,5,5
44713,7,7
44714,7,7
44715,4,4
44716,7,7
44717,5,5
44718,7,7
44719,0,0
44720,3,3
44721,5,5
44722,4,4
44723,3,3
44724,1,1
44725,1,1
44726,9,9
44727,6,6
44728,4,4
44729,7,7
44730,2,2
44731,5,5
44732,5,5
44733,7,7
44734,0,0
44735,4,4
44736,7,7
44737,5,5
44738,7,7
44739,8,8
44740,6,6
44741,5,5
44742,4,4
44743,3,3
44744,3,3
44745,1,1
44746,5,5
44747,6,6
44748,7,7
44749,7,7
44750,3,3
44751,5,5
44752,2,2
44753,7,7
44754,4,4
44755,4,4
44756,5,5
44757,5,5
44758,5,5
44759,9,9
44760,7,7
44761,0,0
44762,5,5
44763,0,0
44764,7,7
44765,0,0
44766,2,2
44767,0,0
44768,3,3
44769,0,0
44770,1,1
44771,0,0
44772,0,0
44773,2,2
44774,0,0
44775,9,9
44776,5,5
44777,3,3
44778,8,8
44779,7,7
44780,5,5
44781,7,7
44782,7,7
44783,7,7
44784,6,6
44785,1,1
44786,1,1
44787,0,0
44788,2,2
44789,8,8
44790,4,4
44791,5,5
44792,1,1
44793,7,7
44794,6,6
44795,0,0
44796,3,3
44797,2,2
44798,0,0
44799,7,7
44800,1,1
44801,4,4
44802,2,2
44803,0,0
44804,2,2
44805,5,5
44806,1,1
44807,5,5
44808,4,4
44809,4,4
44810,0,0
44811,2,2
44812,7,7
44813,1,1
44814,4,4
44815,7,7
44816,2,2
44817,4,4
44818,0,0
44819,7,7
44820,2,2
44821,7,7
44822,1,1
44823,6,6
44824,0,0
44825,0,0
44826,3,3
44827,7,7
44828,6,6
44829,1,1
44830,4,4
44831,5,5
44832,0,0
44833,2,2
44834,7,7
44835,5,5
44836,0,0
44837,0,0
44838,3,3
44839,8,8
44840,0,0
44841,6,6
44842,5,5
44843,4,4
44844,4,4
44845,7,7
44846,3,3
44847,6,6
44848,5,5
44849,0,0
44850,5,5
44851,8,8
44852,7,7
44853,5,5
44854,0,0
44855,0,0
44856,1,1
44857,9,9
44858,7,7
44859,3,3
44860,8,8
44861,2,2
44862,7,7
44863,8,8
44864,1,1
44865,3,3
44866,7,7
44867,2,2
44868,8,8
44869,7,7
44870,4,4
44871,3,3
44872,3,3
44873,7,7
44874,7,7
44875,0,0
44876,1,1
44877,5,5
44878,7,7
44879,4,4
44880,2,2
44881,2,2
44882,5,5
44883,2,2
44884,0,0
44885,8,8
44886,1,1
44887,9,9
44888,7,7
44889,0,0
44890,0,0
44891,9,9
44892,0,0
44893,2,2
44894,0,0
44895,0,0
44896,0,0
44897,3,3
44898,5,5
44899,1,1
44900,3,3
44901,5,5
44902,6,6
44903,6,6
44904,0,0
44905,0,0
44906,1,1
44907,4,4
44908,0,0
44909,4,4
44910,2,2
44911,0,0
44912,9,9
44913,2,2
44914,8,8
44915,1,1
44916,2,2
44917,3,3
44918,2,2
44919,9,9
44920,8,8
44921,8,8
44922,0,0
44923,2,2
44924,2,2
44925,4,4
44926,5,5
44927,0,0
44928,7,7
44929,2,2
44930,2,2
44931,0,0
44932,5,5
44933,3,3
44934,6,6
44935,9,9
44936,0,0
44937,8,8
44938,7,7
44939,2,2
44940,5,5
44941,4,4
44942,4,4
44943,8,8
44944,7,7
44945,2,2
44946,0,0
44947,8,8
44948,5,5
44949,8,8
44950,6,6
44951,3,3
44952,5,5
44953,4,4
44954,8,8
44955,3,3
44956,0,0
44957,8,8
44958,3,3
44959,6,6
44960,0,0
44961,8,8
44962,8,8
44963,4,4
44964,8,8
44965,8,8
44966,1,1
44967,9,9
44968,2,2
44969,2,2
44970,2,2
44971,8,8
44972,5,5
44973,0,0
44974,2,2
44975,8,8
44976,2,2
44977,5,5
44978,6,6
44979,3,3
44980,2,2
44981,4,4
44982,0,0
44983,0,0
44984,5,5
44985,0,0
44986,1,1
44987,2,2
44988,9,9
44989,4,4
44990,0,0
44991,7,7
44992,0,0
44993,6,6
44994,1,1
44995,0,0
44996,1,1
44997,1,1
44998,5,5
44999,2,2
45000,7,7
45001,9,9
45002,1,1
45003,2,2
45004,0,0
45005,2,2
45006,1,1
45007,8,8
45008,7,7
45009,8,8
45010,4,4
45011,2,2
45012,4,4
45013,4,4
45014,0,0
45015,7,7
45016,1,1
45017,8,8
45018,7,7
45019,9,9
45020,0,0
45021,3,3
45022,6,6
45023,4,4
45024,7,7
45025,8,8
45026,5,5
45027,2,2
45028,6,6
45029,9,9
45030,5,5
45031,2,2
45032,1,1
45033,8,8
45034,0,0
45035,3,3
45036,2,2
45037,9,9
45038,0,0
45039,0,0
45040,8,8
45041,6,6
45042,3,3
45043,6,6
45044,5,5
45045,8,8
45046,8,8
45047,5,5
45048,5,5
45049,2,2
45050,7,7
45051,9,9
45052,2,2
45053,8,8
45054,0,0
45055,6,6
45056,7,7
45057,9,9
45058,3,3
45059,8,8
45060,0,0
45061,3,3
45062,5,5
45063,9,9
45064,0,0
45065,0,0
45066,3,3
45067,4,4
45068,5,5
45069,9,9
45070,8,8
45071,0,0
45072,8,8
45073,5,5
45074,0,0
45075,9,9
45076,9,9
45077,6,6
45078,1,1
45079,6,6
45080,4,4
45081,8,8
45082,7,7
45083,2,2
45084,5,5
45085,5,5
45086,0,0
45087,9,9
45088,7,7
45089,6,6
45090,4,4
45091,2,2
45092,1,1
45093,6,6
45094,3,3
45095,0,0
45096,6,6
45097,8,8
45098,7,7
45099,5,5
45100,8,8
45101,2,2
45102,0,0
45103,2,2
45104,4,4
45105,9,9
45106,7,7
45107,4,4
45108,7,7
45109,2,2
45110,7,7
45111,2,2
45112,3,3
45113,4,4
45114,5,5
45115,3,3
45116,9,9
45117,8,8
45118,7,7
45119,8,8
45120,0,0
45121,8,8
45122,7,7
45123,0,0
45124,0,0
45125,6,6
45126,2,2
45127,4,4
45128,3,3
45129,3,3
45130,9,9
45131,1,1
45132,2,2
45133,1,1
45134,2,2
45135,7,7
45136,6,6
45137,5,5
45138,1,1
45139,7,7
45140,1,1
45141,4,4
45142,8,8
45143,1,1
45144,5,5
45145,3,3
45146,3,3
45147,1,1
45148,5,5
45149,6,6
45150,7,7
45151,7,7
45152,3,3
45153,5,5
45154,4,4
45155,5,5
45156,7,7
45157,4,4
45158,6,6
45159,5,5
45160,7,7
45161,7,7
45162,2,2
45163,0,0
45164,7,7
45165,3,3
45166,8,8
45167,1,1
45168,5,5
45169,6,6
45170,0,0
45171,7,7
45172,5,5
45173,5,5
45174,0,0
45175,8,8
45176,0,0
45177,4,4
45178,5,5
45179,5,5
45180,8,8
45181,7,7
45182,9,9
45183,0,0
45184,0,0
45185,9,9
45186,1,1
45187,5,5
45188,0,0
45189,3,3
45190,2,2
45191,5,5
45192,8,8
45193,3,3
45194,7,7
45195,7,7
45196,7,7
45197,1,1
45198,5,5
45199,5,5
45200,8,8
45201,5,5
45202,2,2
45203,6,6
45204,1,1
45205,1,1
45206,1,1
45207,7,7
45208,2,2
45209,4,4
45210,5,5
45211,7,7
45212,5,5
45213,5,5
45214,5,5
45215,5,5
45216,6,6
45217,7,7
45218,3,3
45219,5,5
45220,1,1
45221,1,1
45222,9,9
45223,7,7
45224,4,4
45225,4,4
45226,7,7
45227,5,5
45228,5,5
45229,1,1
45230,4,4
45231,0,0
45232,0,0
45233,0,0
45234,0,0
45235,3,3
45236,0,0
45237,1,1
45238,5,5
45239,7,7
45240,1,1
45241,4,4
45242,5,5
45243,5,5
45244,5,5
45245,7,7
45246,7,7
45247,5,5
45248,4,4
45249,7,7
45250,1,1
45251,6,6
45252,0,0
45253,1,1
45254,1,1
45255,3,3
45256,5,5
45257,0,0
45258,9,9
45259,6,6
45260,7,7
45261,2,2
45262,4,4
45263,8,8
45264,7,7
45265,4,4
45266,2,2
45267,4,4
45268,6,6
45269,4,4
45270,2,2
45271,7,7
45272,7,7
45273,7,7
45274,6,6
45275,7,7
45276,3,3
45277,1,1
45278,0,0
45279,0,0
45280,8,8
45281,6,6
45282,4,4
45283,6,6
45284,1,1
45285,0,0
45286,2,2
45287,6,6
45288,3,3
45289,7,7
45290,1,1
45291,4,4
45292,7,7
45293,7,7
45294,4,4
45295,7,7
45296,5,5
45297,1,1
45298,7,7
45299,0,0
45300,5,5
45301,5,5
45302,1,1
45303,3,3
45304,5,5
45305,2,2
45306,7,7
45307,3,3
45308,0,0
45309,4,4
45310,8,8
45311,7,7
45312,7,7
45313,7,7
45314,0,0
45315,3,3
45316,0,0
45317,7,7
45318,5,5
45319,6,6
45320,1,1
45321,7,7
45322,0,0
45323,5,5
45324,4,4
45325,0,0
45326,2,2
45327,7,7
45328,7,7
45329,5,5
45330,5,5
45331,1,1
45332,6,6
45333,0,0
45334,8,8
45335,4,4
45336,7,7
45337,5,5
45338,4,4
45339,5,5
45340,7,7
45341,6,6
45342,6,6
45343,0,0
45344,7,7
45345,0,0
45346,6,6
45347,6,6
45348,7,7
45349,3,3
45350,9,9
45351,2,2
45352,0,0
45353,5,5
45354,3,3
45355,5,5
45356,0,0
45357,0,0
45358,6,6
45359,3,3
45360,2,2
45361,0,0
45362,6,6
45363,1,1
45364,7,7
45365,7,7
45366,1,1
45367,6,6
45368,4,4
45369,0,0
45370,0,0
45371,3,3
45372,1,1
45373,9,9
45374,8,8
45375,6,6
45376,5,5
45377,7,7
45378,6,6
45379,9,9
45380,0,0
45381,8,8
45382,0,0
45383,3,3
45384,3,3
45385,9,9
45386,3,3
45387,6,6
45388,0,0
45389,6,6
45390,7,7
45391,9,9
45392,8,8
45393,2,2
45394,5,5
45395,4,4
45396,1,1
45397,8,8
45398,2,2
45399,2,2
45400,7,7
45401,3,3
45402,3,3
45403,9,9
45404,5,5
45405,6,6
45406,9,9
45407,7,7
45408,7,7
45409,4,4
45410,4,4
45411,8,8
45412,9,9
45413,2,2
45414,8,8
45415,8,8
45416,2,2
45417,3,3
45418,3,3
45419,7,7
45420,6,6
45421,8,8
45422,7,7
45423,1,1
45424,5,5
45425,4,4
45426,2,2
45427,9,9
45428,0,0
45429,8,8
45430,6,6
45431,8,8
45432,2,2
45433,9,9
45434,3,3
45435,8,8
45436,7,7
45437,9,9
45438,1,1
45439,5,5
45440,0,0
45441,9,9
45442,3,3
45443,3,3
45444,1,1
45445,8,8
45446,1,1
45447,4,4
45448,4,4
45449,8,8
45450,0,0
45451,9,9
45452,0,0
45453,6,6
45454,7,7
45455,9,9
45456,0,0
45457,8,8
45458,1,1
45459,6,6
45460,4,4
45461,8,8
45462,1,1
45463,1,1
45464,6,6
45465,8,8
45466,8,8
45467,3,3
45468,7,7
45469,8,8
45470,7,7
45471,9,9
45472,0,0
45473,6,6
45474,7,7
45475,3,3
45476,3,3
45477,2,2
45478,4,4
45479,4,4
45480,2,2
45481,2,2
45482,7,7
45483,8,8
45484,1,1
45485,5,5
45486,5,5
45487,8,8
45488,6,6
45489,8,8
45490,7,7
45491,6,6
45492,8,8
45493,2,2
45494,3,3
45495,9,9
45496,9,9
45497,1,1
45498,6,6
45499,9,9
45500,9,9
45501,1,1
45502,9,9
45503,3,3
45504,3,3
45505,6,6
45506,4,4
45507,5,5
45508,7,7
45509,2,2
45510,4,4
45511,3,3
45512,2,2
45513,3,3
45514,4,4
45515,3,3
45516,1,1
45517,7,7
45518,0,0
45519,2,2
45520,7,7
45521,0,0
45522,3,3
45523,4,4
45524,0,0
45525,8,8
45526,1,1
45527,8,8
45528,5,5
45529,1,1
45530,0,0
45531,6,6
45532,1,1
45533,0,0
45534,2,2
45535,8,8
45536,7,7
45537,9,9
45538,0,0
45539,3,3
45540,4,4
45541,1,1
45542,4,4
45543,6,6
45544,3,3
45545,7,7
45546,1,1
45547,2,2
45548,0,0
45549,4,4
45550,5,5
45551,0,0
45552,4,4
45553,7,7
45554,7,7
45555,0,0
45556,1,1
45557,3,3
45558,5,5
45559,1,1
45560,8,8
45561,6,6
45562,2,2
45563,7,7
45564,0,0
45565,0,0
45566,5,5
45567,2,2
45568,6,6
45569,4,4
45570,1,1
45571,0,0
45572,1,1
45573,7,7
45574,0,0
45575,0,0
45576,1,1
45577,3,3
45578,0,0
45579,1,1
45580,4,4
45581,4,4
45582,1,1
45583,0,0
45584,6,6
45585,7,7
45586,7,7
45587,0,0
45588,9,9
45589,2,2
45590,0,0
45591,7,7
45592,8,8
45593,4,4
45594,0,0
45595,7,7
45596,3,3
45597,7,7
45598,1,1
45599,7,7
45600,5,5
45601,7,7
45602,8,8
45603,0,0
45604,0,0
45605,0,0
45606,0,0
45607,7,7
45608,3,3
45609,4,4
45610,7,7
45611,0,0
45612,7,7
45613,0,0
45614,9,9
45615,5,5
45616,3,3
45617,7,7
45618,0,0
45619,7,7
45620,1,1
45621,5,5
45622,9,9
45623,4,4
45624,7,7
45625,0,0
45626,0,0
45627,1,1
45628,7,7
45629,2,2
45630,4,4
45631,6,6
45632,0,0
45633,4,4
45634,4,4
45635,4,4
45636,7,7
45637,0,0
45638,6,6
45639,7,7
45640,4,4
45641,1,1
45642,7,7
45643,4,4
45644,7,7
45645,0,0
45646,7,7
45647,7,7
45648,6,6
45649,7,7
45650,1,1
45651,1,1
45652,0,0
45653,7,7
45654,1,1
45655,7,7
45656,7,7
45657,0,0
45658,7,7
45659,1,1
45660,2,2
45661,6,6
45662,6,6
45663,0,0
45664,4,4
45665,1,1
45666,1,1
45667,2,2
45668,4,4
45669,4,4
45670,0,0
45671,0,0
45672,6,6
45673,7,7
45674,5,5
45675,7,7
45676,3,3
45677,1,1
45678,2,2
45679,2,2
45680,8,8
45681,0,0
45682,3,3
45683,1,1
45684,7,7
45685,0,0
45686,5,5
45687,7,7
45688,5,5
45689,0,0
45690,1,1
45691,0,0
45692,8,8
45693,1,1
45694,8,8
45695,3,3
45696,7,7
45697,8,8
45698,6,6
45699,7,7
45700,0,0
45701,3,3
45702,4,4
45703,9,9
45704,7,7
45705,6,6
45706,8,8
45707,7,7
45708,0,0
45709,5,5
45710,7,7
45711,9,9
45712,1,1
45713,4,4
45714,9,9
45715,0,0
45716,7,7
45717,0,0
45718,5,5
45719,0,0
45720,8,8
45721,3,3
45722,2,2
45723,9,9
45724,5,5
45725,6,6
45726,7,7
45727,6,6
45728,5,5
45729,0,0
45730,1,1
45731,9,9
45732,7,7
45733,4,4
45734,7,7
45735,8,8
45736,0,0
45737,2,2
45738,2,2
45739,8,8
45740,0,0
45741,3,3
45742,4,4
45743,9,9
45744,5,5
45745,6,6
45746,7,7
45747,7,7
45748,3,3
45749,8,8
45750,4,4
45751,8,8
45752,1,1
45753,3,3
45754,1,1
45755,5,5
45756,0,0
45757,4,4
45758,7,7
45759,7,7
45760,3,3
45761,5,5
45762,0,0
45763,3,3
45764,7,7
45765,2,2
45766,3,3
45767,9,9
45768,1,1
45769,3,3
45770,5,5
45771,4,4
45772,7,7
45773,4,4
45774,7,7
45775,8,8
45776,8,8
45777,8,8
45778,0,0
45779,6,6
45780,2,2
45781,7,7
45782,1,1
45783,7,7
45784,2,2
45785,5,5
45786,7,7
45787,8,8
45788,8,8
45789,7,7
45790,1,1
45791,1,1
45792,7,7
45793,0,0
45794,5,5
45795,9,9
45796,2,2
45797,8,8
45798,2,2
45799,6,6
45800,6,6
45801,7,7
45802,7,7
45803,9,9
45804,8,8
45805,4,4
45806,5,5
45807,8,8
45808,5,5
45809,7,7
45810,0,0
45811,8,8
45812,3,3
45813,7,7
45814,1,1
45815,8,8
45816,9,9
45817,3,3
45818,6,6
45819,6,6
45820,1,1
45821,5,5
45822,7,7
45823,2,2
45824,0,0
45825,6,6
45826,7,7
45827,8,8
45828,0,0
45829,0,0
45830,3,3
45831,2,2
45832,6,6
45833,2,2
45834,0,0
45835,8,8
45836,7,7
45837,2,2
45838,6,6
45839,4,4
45840,3,3
45841,8,8
45842,2,2
45843,2,2
45844,5,5
45845,6,6
45846,2,2
45847,8,8
45848,7,7
45849,8,8
45850,7,7
45851,4,4
45852,6,6
45853,3,3
45854,7,7
45855,9,9
45856,4,4
45857,3,3
45858,1,1
45859,7,7
45860,0,0
45861,9,9
45862,7,7
45863,4,4
45864,5,5
45865,8,8
45866,7,7
45867,6,6
45868,5,5
45869,8,8
45870,2,2
45871,8,8
45872,7,7
45873,8,8
45874,2,2
45875,9,9
45876,4,4
45877,2,2
45878,2,2
45879,8,8
45880,7,7
45881,4,4
45882,2,2
45883,2,2
45884,7,7
45885,6,6
45886,7,7
45887,6,6
45888,2,2
45889,6,6
45890,7,7
45891,2,2
45892,0,0
45893,9,9
45894,7,7
45895,8,8
45896,7,7
45897,2,2
45898,2,2
45899,2,2
45900,1,1
45901,9,9
45902,7,7
45903,7,7
45904,5,5
45905,3,3
45906,6,6
45907,9,9
45908,3,3
45909,9,9
45910,4,4
45911,8,8
45912,5,5
45913,2,2
45914,4,4
45915,5,5
45916,5,5
45917,8,8
45918,7,7
45919,2,2
45920,6,6
45921,9,9
45922,0,0
45923,2,2
45924,2,2
45925,8,8
45926,1,1
45927,9,9
45928,5,5
45929,6,6
45930,8,8
45931,9,9
45932,9,9
45933,2,2
45934,4,4
45935,4,4
45936,5,5
45937,8,8
45938,7,7
45939,3,3
45940,7,7
45941,9,9
45942,3,3
45943,6,6
45944,0,0
45945,7,7
45946,7,7
45947,2,2
45948,7,7
45949,4,4
45950,0,0
45951,8,8
45952,3,3
45953,9,9
45954,8,8
45955,9,9
45956,2,2
45957,6,6
45958,6,6
45959,7,7
45960,3,3
45961,9,9
45962,1,1
45963,7,7
45964,5,5
45965,4,4
45966,3,3
45967,0,0
45968,7,7
45969,8,8
45970,7,7
45971,9,9
45972,7,7
45973,8,8
45974,1,1
45975,3,3
45976,2,2
45977,6,6
45978,5,5
45979,2,2
45980,1,1
45981,8,8
45982,5,5
45983,2,2
45984,4,4
45985,2,2
45986,4,4
45987,9,9
45988,9,9
45989,9,9
45990,7,7
45991,2,2
45992,9,9
45993,6,6
45994,1,1
45995,7,7
45996,1,1
45997,3,3
45998,7,7
45999,9,9
46000,0,0
46001,1,1
46002,9,9
46003,4,4
46004,5,5
46005,2,2
46006,1,1
46007,3,3
46008,5,5
46009,8,8
46010,3,3
46011,6,6
46012,1,1
46013,4,4
46014,3,3
46015,9,9
46016,9,9
46017,6,6
46018,7,7
46019,9,9
46020,0,0
46021,5,5
46022,5,5
46023,8,8
46024,4,4
46025,8,8
46026,1,1
46027,7,7
46028,6,6
46029,9,9
46030,8,8
46031,8,8
46032,1,1
46033,8,8
46034,8,8
46035,0,0
46036,6,6
46037,8,8
46038,0,0
46039,3,3
46040,1,1
46041,9,9
46042,1,1
46043,4,4
46044,9,9
46045,3,3
46046,9,9
46047,6,6
46048,0,0
46049,4,4
46050,6,6
46051,2,2
46052,5,5
46053,8,8
46054,4,4
46055,8,8
46056,6,6
46057,8,8
46058,7,7
46059,8,8
46060,0,0
46061,2,2
46062,2,2
46063,2,2
46064,0,0
46065,0,0
46066,0,0
46067,4,4
46068,7,7
46069,3,3
46070,7,7
46071,9,9
46072,7,7
46073,1,1
46074,4,4
46075,7,7
46076,0,0
46077,9,9
46078,1,1
46079,2,2
46080,8,8
46081,8,8
46082,9,9
46083,6,6
46084,8,8
46085,9,9
46086,7,7
46087,8,8
46088,2,2
46089,9,9
46090,3,3
46091,2,2
46092,9,9
46093,9,9
46094,2,2
46095,8,8
46096,4,4
46097,5,5
46098,7,7
46099,8,8
46100,0,0
46101,4,4
46102,0,0
46103,9,9
46104,5,5
46105,6,6
46106,1,1
46107,9,9
46108,0,0
46109,4,4
46110,1,1
46111,3,3
46112,8,8
46113,9,9
46114,3,3
46115,9,9
46116,7,7
46117,7,7
46118,1,1
46119,8,8
46120,4,4
46121,2,2
46122,7,7
46123,8,8
46124,0,0
46125,3,3
46126,7,7
46127,9,9
46128,5,5
46129,6,6
46130,7,7
46131,9,9
46132,9,9
46133,8,8
46134,7,7
46135,2,2
46136,7,7
46137,0,0
46138,7,7
46139,3,3
46140,5,5
46141,9,9
46142,1,1
46143,6,6
46144,7,7
46145,7,7
46146,0,0
46147,8,8
46148,5,5
46149,2,2
46150,0,0
46151,8,8
46152,7,7
46153,0,0
46154,9,9
46155,0,0
46156,5,5
46157,7,7
46158,1,1
46159,9,9
46160,8,8
46161,8,8
46162,7,7
46163,2,2
46164,5,5
46165,9,9
46166,3,3
46167,2,2
46168,5,5
46169,2,2
46170,1,1
46171,8,8
46172,5,5
46173,1,1
46174,0,0
46175,2,2
46176,0,0
46177,4,4
46178,1,1
46179,0,0
46180,7,7
46181,9,9
46182,7,7
46183,3,3
46184,7,7
46185,9,9
46186,4,4
46187,5,5
46188,7,7
46189,4,4
46190,0,0
46191,2,2
46192,3,3
46193,0,0
46194,5,5
46195,2,2
46196,1,1
46197,6,6
46198,4,4
46199,9,9
46200,0,0
46201,0,0
46202,5,5
46203,5,5
46204,9,9
46205,4,4
46206,0,0
46207,4,4
46208,1,1
46209,4,4
46210,9,9
46211,7,7
46212,8,8
46213,9,9
46214,5,5
46215,0,0
46216,9,9
46217,6,6
46218,4,4
46219,6,6
46220,5,5
46221,7,7
46222,2,2
46223,2,2
46224,6,6
46225,9,9
46226,8,8
46227,3,3
46228,7,7
46229,4,4
46230,0,0
46231,2,2
46232,5,5
46233,2,2
46234,0,0
46235,3,3
46236,1,1
46237,8,8
46238,5,5
46239,6,6
46240,1,1
46241,7,7
46242,2,2
46243,0,0
46244,7,7
46245,8,8
46246,7,7
46247,5,5
46248,0,0
46249,8,8
46250,6,6
46251,9,9
46252,2,2
46253,8,8
46254,1,1
46255,8,8
46256,1,1
46257,8,8
46258,5,5
46259,6,6
46260,8,8
46261,0,0
46262,7,7
46263,0,0
46264,0,0
46265,8,8
46266,7,7
46267,9,9
46268,9,9
46269,5,5
46270,7,7
46271,5,5
46272,5,5
46273,3,3
46274,9,9
46275,9,9
46276,1,1
46277,6,6
46278,0,0
46279,7,7
46280,7,7
46281,8,8
46282,0,0
46283,8,8
46284,5,5
46285,4,4
46286,6,6
46287,8,8
46288,5,5
46289,3,3
46290,7,7
46291,9,9
46292,3,3
46293,6,6
46294,3,3
46295,7,7
46296,9,9
46297,8,8
46298,5,5
46299,2,2
46300,1,1
46301,8,8
46302,9,9
46303,3,3
46304,1,1
46305,8,8
46306,7,7
46307,9,9
46308,0,0
46309,4,4
46310,4,4
46311,8,8
46312,5,5
46313,2,2
46314,0,0
46315,8,8
46316,1,1
46317,6,6
46318,0,0
46319,6,6
46320,7,7
46321,8,8
46322,2,2
46323,4,4
46324,4,4
46325,8,8
46326,1,1
46327,8,8
46328,3,3
46329,2,2
46330,2,2
46331,1,1
46332,3,3
46333,5,5
46334,1,1
46335,9,9
46336,0,0
46337,2,2
46338,6,6
46339,3,3
46340,0,0
46341,8,8
46342,1,1
46343,6,6
46344,3,3
46345,6,6
46346,2,9
46347,9,9
46348,7,7
46349,8,8
46350,7,7
46351,8,8
46352,0,0
46353,8,8
46354,1,1
46355,8,8
46356,8,8
46357,8,8
46358,2,2
46359,4,4
46360,1,1
46361,8,8
46362,5,5
46363,8,8
46364,6,6
46365,1,1
46366,7,7
46367,8,8
46368,7,7
46369,9,9
46370,7,7
46371,3,3
46372,1,1
46373,3,3
46374,5,5
46375,4,4
46376,0,0
46377,2,2
46378,7,7
46379,0,0
46380,7,7
46381,2,2
46382,4,4
46383,9,9
46384,5,5
46385,9,9
46386,7,7
46387,2,2
46388,5,5
46389,4,4
46390,4,4
46391,3,3
46392,1,1
46393,4,4
46394,6,6
46395,2,2
46396,2,2
46397,2,2
46398,3,3
46399,2,2
46400,6,6
46401,8,8
46402,0,0
46403,7,7
46404,1,1
46405,2,2
46406,7,7
46407,9,9
46408,6,6
46409,7,7
46410,3,3
46411,4,4
46412,3,3
46413,8,8
46414,6,6
46415,8,8
46416,1,1
46417,9,9
46418,2,2
46419,6,6
46420,4,4
46421,4,4
46422,8,8
46423,2,2
46424,7,7
46425,2,2
46426,5,5
46427,2,2
46428,7,7
46429,8,8
46430,3,3
46431,8,8
46432,5,5
46433,9,9
46434,1,1
46435,2,2
46436,3,3
46437,9,9
46438,3,3
46439,3,3
46440,4,4
46441,4,4
46442,7,7
46443,3,3
46444,0,0
46445,1,1
46446,3,3
46447,5,5
46448,2,2
46449,7,7
46450,2,2
46451,0,0
46452,1,1
46453,2,2
46454,7,7
46455,4,4
46456,5,5
46457,5,5
46458,2,2
46459,3,3
46460,5,5
46461,1,1
46462,0,0
46463,6,6
46464,6,6
46465,7,7
46466,0,0
46467,0,0
46468,1,1
46469,2,2
46470,1,1
46471,4,4
46472,5,5
46473,5,5
46474,0,0
46475,2,2
46476,7,7
46477,0,0
46478,2,2
46479,3,3
46480,7,7
46481,1,1
46482,5,5
46483,6,6
46484,3,3
46485,7,7
46486,2,2
46487,5,5
46488,3,3
46489,2,2
46490,0,0
46491,4,4
46492,5,5
46493,5,5
46494,3,3
46495,2,2
46496,1,1
46497,0,0
46498,0,0
46499,1,1
46500,2,2
46501,0,0
46502,7,7
46503,0,0
46504,9,9
46505,2,2
46506,0,0
46507,1,1
46508,2,2
46509,2,2
46510,9,9
46511,4,4
46512,9,9
46513,2,2
46514,8,8
46515,0,0
46516,3,3
46517,6,6
46518,9,9
46519,2,2
46520,1,1
46521,4,4
46522,7,7
46523,7,7
46524,5,5
46525,7,7
46526,4,4
46527,7,7
46528,2,2
46529,4,4
46530,5,5
46531,2,2
46532,7,7
46533,5,5
46534,7,7
46535,3,3
46536,4,4
46537,0,0
46538,4,4
46539,1,1
46540,6,6
46541,5,5
46542,1,1
46543,5,5
46544,7,7
46545,0,0
46546,7,7
46547,1,1
46548,7,7
46549,7,7
46550,5,5
46551,6,6
46552,1,1
46553,6,6
46554,7,7
46555,7,7
46556,9,9
46557,2,2
46558,4,4
46559,4,4
46560,3,3
46561,5,5
46562,3,3
46563,7,7
46564,0,0
46565,0,0
46566,7,7
46567,4,4
46568,5,5
46569,0,0
46570,7,7
46571,2,2
46572,0,0
46573,7,7
46574,6,6
46575,1,1
46576,1,1
46577,0,0
46578,0,0
46579,3,3
46580,9,9
46581,4,4
46582,3,3
46583,1,1
46584,1,1
46585,6,6
46586,6,6
46587,4,4
46588,7,7
46589,0,0
46590,4,4
46591,6,6
46592,7,7
46593,6,6
46594,5,5
46595,7,7
46596,2,2
46597,7,7
46598,9,9
46599,2,2
46600,7,7
46601,1,1
46602,0,0
46603,2,2
46604,3,3
46605,8,8
46606,6,6
46607,0,0
46608,7,7
46609,0,0
46610,7,7
46611,4,4
46612,2,2
46613,0,0
46614,2,2
46615,5,5
46616,7,7
46617,3,3
46618,0,0
46619,6,6
46620,1,1
46621,7,7
46622,0,0
46623,0,0
46624,0,0
46625,3,3
46626,5,5
46627,3,3
46628,3,3
46629,2,2
46630,8,8
46631,2,2
46632,5,5
46633,2,2
46634,7,7
46635,2,2
46636,0,0
46637,1,1
46638,0,0
46639,7,7
46640,7,7
46641,0,0
46642,0,0
46643,0,0
46644,0,0
46645,5,5
46646,5,5
46647,7,7
46648,8,8
46649,7,7
46650,2,2
46651,0,0
46652,7,7
46653,3,3
46654,7,7
46655,0,0
46656,9,9
46657,7,7
46658,1,1
46659,0,0
46660,0,0
46661,3,3
46662,0,0
46663,6,6
46664,1,1
46665,4,4
46666,7,7
46667,7,7
46668,5,5
46669,4,4
46670,5,5
46671,8,8
46672,0,0
46673,0,0
46674,7,7
46675,9,9
46676,5,5
46677,5,5
46678,6,6
46679,1,1
46680,7,7
46681,7,7
46682,5,5
46683,3,3
46684,4,4
46685,1,1
46686,8,8
46687,6,6
46688,0,0
46689,6,6
46690,7,7
46691,5,5
46692,7,7
46693,2,2
46694,6,6
46695,4,4
46696,1,1
46697,0,0
46698,2,2
46699,2,2
46700,0,0
46701,0,0
46702,7,7
46703,3,3
46704,4,4
46705,1,1
46706,5,5
46707,6,6
46708,6,6
46709,7,7
46710,6,6
46711,5,5
46712,0,0
46713,2,2
46714,5,5
46715,4,4
46716,9,9
46717,0,0
46718,1,1
46719,2,2
46720,7,7
46721,0,0
46722,1,1
46723,3,3
46724,0,0
46725,1,1
46726,0,0
46727,6,6
46728,5,5
46729,7,7
46730,2,2
46731,5,5
46732,4,4
46733,8,8
46734,9,9
46735,4,4
46736,7,7
46737,0,0
46738,7,7
46739,2,2
46740,3,3
46741,0,0
46742,5,5
46743,7,7
46744,8,8
46745,5,5
46746,5,5
46747,1,1
46748,2,2
46749,5,5
46750,4,4
46751,3,3
46752,0,0
46753,7,7
46754,5,5
46755,4,4
46756,2,2
46757,5,5
46758,7,7
46759,2,2
46760,6,6
46761,5,5
46762,8,8
46763,3,3
46764,7,7
46765,0,0
46766,5,5
46767,0,0
46768,7,7
46769,0,0
46770,5,5
46771,0,0
46772,3,3
46773,0,0
46774,0,0
46775,3,3
46776,0,0
46777,5,5
46778,8,8
46779,8,8
46780,1,1
46781,0,0
46782,9,9
46783,6,6
46784,0,0
46785,3,3
46786,8,8
46787,2,2
46788,4,4
46789,2,2
46790,5,5
46791,2,2
46792,1,1
46793,2,2
46794,2,2
46795,5,5
46796,3,3
46797,3,3
46798,5,5
46799,0,0
46800,5,5
46801,9,9
46802,5,5
46803,7,7
46804,4,4
46805,2,2
46806,0,0
46807,7,7
46808,7,7
46809,1,1
46810,3,3
46811,4,4
46812,3,3
46813,2,2
46814,5,5
46815,7,7
46816,2,2
46817,7,7
46818,2,2
46819,0,0
46820,0,0
46821,7,7
46822,3,3
46823,1,1
46824,2,2
46825,4,4
46826,3,3
46827,2,2
46828,0,0
46829,2,2
46830,6,6
46831,5,5
46832,8,8
46833,6,6
46834,7,7
46835,6,6
46836,8,8
46837,3,3
46838,7,7
46839,0,0
46840,1,1
46841,0,0
46842,1,1
46843,0,0
46844,1,1
46845,4,4
46846,5,5
46847,2,2
46848,7,7
46849,6,6
46850,9,9
46851,0,0
46852,5,5
46853,7,7
46854,7,7
46855,1,1
46856,7,7
46857,7,7
46858,8,8
46859,4,4
46860,2,2
46861,4,4
46862,7,7
46863,6,6
46864,7,7
46865,1,1
46866,5,5
46867,6,6
46868,3,3
46869,5,5
46870,5,5
46871,3,3
46872,7,7
46873,0,0
46874,1,1
46875,8,8
46876,2,2
46877,0,0
46878,7,7
46879,8,8
46880,1,1
46881,8,8
46882,7,7
46883,2,2
46884,0,0
46885,0,0
46886,5,5
46887,6,6
46888,1,1
46889,0,0
46890,7,7
46891,2,2
46892,3,3
46893,1,1
46894,0,0
46895,2,2
46896,3,3
46897,7,7
46898,4,4
46899,7,7
46900,7,7
46901,7,7
46902,0,0
46903,4,4
46904,2,2
46905,3,3
46906,0,0
46907,0,0
46908,7,7
46909,0,0
46910,6,6
46911,7,7
46912,9,9
46913,1,1
46914,7,7
46915,1,1
46916,1,1
46917,3,3
46918,0,0
46919,1,1
46920,0,0
46921,6,6
46922,5,5
46923,7,7
46924,7,7
46925,0,0
46926,3,3
46927,9,9
46928,0,0
46929,8,8
46930,1,1
46931,3,3
46932,7,7
46933,1,1
46934,9,9
46935,6,6
46936,1,1
46937,7,7
46938,9,9
46939,8,8
46940,6,6
46941,8,8
46942,2,2
46943,4,4
46944,3,3
46945,8,8
46946,5,5
46947,3,3
46948,5,5
46949,9,9
46950,1,1
46951,6,6
46952,7,7
46953,3,3
46954,1,1
46955,0,0
46956,6,6
46957,8,8
46958,7,7
46959,2,2
46960,5,5
46961,8,8
46962,3,3
46963,3,3
46964,0,0
46965,2,2
46966,6,6
46967,4,4
46968,2,2
46969,2,2
46970,0,0
46971,7,7
46972,0,0
46973,8,8
46974,6,6
46975,3,3
46976,1,1
46977,6,6
46978,7,7
46979,7,7
46980,3,3
46981,7,7
46982,4,4
46983,7,7
46984,1,1
46985,0,0
46986,1,1
46987,0,0
46988,8,8
46989,9,9
46990,7,7
46991,4,4
46992,3,3
46993,5,5
46994,4,4
46995,8,8
46996,7,7
46997,6,6
46998,7,7
46999,9,9
47000,3,3
47001,8,8
47002,5,5
47003,8,8
47004,1,1
47005,6,6
47006,5,5
47007,7,7
47008,7,7
47009,0,0
47010,0,0
47011,4,4
47012,1,1
47013,2,2
47014,4,4
47015,8,8
47016,7,7
47017,0,0
47018,4,4
47019,9,9
47020,5,5
47021,9,9
47022,1,1
47023,6,6
47024,6,6
47025,4,4
47026,5,5
47027,7,7
47028,5,5
47029,8,8
47030,1,1
47031,3,3
47032,4,4
47033,8,8
47034,1,1
47035,9,9
47036,4,4
47037,9,9
47038,5,5
47039,9,9
47040,0,0
47041,9,9
47042,3,3
47043,6,6
47044,5,5
47045,4,4
47046,3,3
47047,4,4
47048,8,8
47049,0,0
47050,1,1
47051,2,2
47052,7,7
47053,2,2
47054,9,9
47055,9,9
47056,5,5
47057,2,2
47058,5,5
47059,7,7
47060,7,7
47061,8,8
47062,9,9
47063,9,9
47064,4,4
47065,6,6
47066,2,2
47067,8,8
47068,0,0
47069,3,3
47070,0,0
47071,8,8
47072,3,3
47073,3,3
47074,7,7
47075,9,9
47076,7,7
47077,9,9
47078,3,3
47079,3,3
47080,7,7
47081,9,9
47082,0,0
47083,6,6
47084,4,4
47085,2,2
47086,5,5
47087,3,3
47088,6,6
47089,9,9
47090,7,7
47091,8,8
47092,5,5
47093,2,2
47094,5,5
47095,7,7
47096,3,3
47097,9,9
47098,9,9
47099,2,2
47100,7,7
47101,6,6
47102,6,6
47103,0,0
47104,2,2
47105,8,8
47106,4,4
47107,2,2
47108,1,1
47109,8,8
47110,8,8
47111,2,2
47112,4,4
47113,6,6
47114,6,6
47115,9,9
47116,1,1
47117,0,0
47118,1,1
47119,9,9
47120,5,5
47121,8,8
47122,7,7
47123,7,7
47124,3,3
47125,0,0
47126,8,8
47127,8,8
47128,5,5
47129,9,9
47130,7,7
47131,6,6
47132,7,7
47133,4,4
47134,5,5
47135,3,3
47136,2,2
47137,8,8
47138,2,2
47139,3,3
47140,4,4
47141,1,1
47142,1,1
47143,6,6
47144,2,2
47145,7,7
47146,7,7
47147,4,4
47148,0,0
47149,0,0
47150,2,2
47151,2,2
47152,2,2
47153,9,9
47154,7,7
47155,6,6
47156,3,3
47157,7,7
47158,1,1
47159,4,4
47160,5,5
47161,0,0
47162,4,4
47163,2,2
47164,6,6
47165,0,0
47166,3,3
47167,3,3
47168,0,0
47169,9,9
47170,8,8
47171,6,6
47172,7,7
47173,7,7
47174,3,3
47175,0,0
47176,7,7
47177,7,7
47178,0,0
47179,4,4
47180,5,5
47181,8,8
47182,0,0
47183,9,9
47184,0,0
47185,8,8
47186,3,3
47187,1,1
47188,2,2
47189,6,6
47190,3,3
47191,4,4
47192,7,7
47193,2,2
47194,1,1
47195,7,7
47196,0,0
47197,3,3
47198,0,0
47199,6,6
47200,1,1
47201,2,2
47202,3,3
47203,0,0
47204,2,2
47205,3,3
47206,0,0
47207,1,1
47208,9,9
47209,4,4
47210,5,5
47211,5,5
47212,2,2
47213,1,1
47214,5,5
47215,4,4
47216,9,9
47217,5,5
47218,1,1
47219,4,4
47220,6,6
47221,1,1
47222,1,1
47223,6,6
47224,1,1
47225,7,7
47226,9,9
47227,0,0
47228,6,6
47229,9,9
47230,2,2
47231,6,6
47232,0,0
47233,1,1
47234,1,1
47235,4,4
47236,1,1
47237,0,0
47238,1,1
47239,4,4
47240,5,5
47241,4,4
47242,8,8
47243,1,1
47244,0,0
47245,7,7
47246,3,3
47247,7,7
47248,0,0
47249,6,6
47250,8,8
47251,1,1
47252,5,5
47253,0,0
47254,6,6
47255,2,2
47256,2,2
47257,0,0
47258,7,7
47259,9,9
47260,6,6
47261,5,5
47262,0,0
47263,2,2
47264,1,1
47265,4,4
47266,0,0
47267,3,3
47268,1,1
47269,4,4
47270,6,6
47271,3,3
47272,1,1
47273,6,6
47274,8,8
47275,3,3
47276,5,5
47277,4,4
47278,5,5
47279,9,9
47280,7,7
47281,0,0
47282,5,5
47283,2,2
47284,2,2
47285,5,5
47286,0,0
47287,7,7
47288,4,4
47289,3,3
47290,7,7
47291,1,1
47292,0,0
47293,5,5
47294,3,3
47295,2,2
47296,1,1
47297,1,1
47298,2,2
47299,0,0
47300,5,5
47301,2,2
47302,6,6
47303,5,5
47304,2,2
47305,7,7
47306,6,6
47307,8,8
47308,0,0
47309,1,1
47310,1,1
47311,7,7
47312,1,1
47313,0,0
47314,7,7
47315,2,2
47316,3,3
47317,9,9
47318,5,5
47319,7,7
47320,0,0
47321,4,4
47322,5,5
47323,0,0
47324,3,3
47325,0,0
47326,0,0
47327,9,9
47328,2,2
47329,7,7
47330,0,0
47331,2,2
47332,0,0
47333,9,9
47334,5,5
47335,2,2
47336,0,0
47337,0,0
47338,1,1
47339,7,7
47340,0,0
47341,0,0
47342,4,4
47343,4,4
47344,3,3
47345,8,8
47346,4,4
47347,8,8
47348,7,7
47349,1,1
47350,1,1
47351,0,0
47352,0,0
47353,8,8
47354,9,9
47355,0,0
47356,7,7
47357,7,7
47358,2,2
47359,2,2
47360,1,1
47361,0,0
47362,8,8
47363,0,0
47364,1,1
47365,4,4
47366,7,7
47367,7,7
47368,5,5
47369,6,6
47370,3,3
47371,3,3
47372,3,3
47373,9,9
47374,0,0
47375,6,6
47376,1,1
47377,2,2
47378,6,6
47379,8,8
47380,7,7
47381,9,9
47382,1,1
47383,3,3
47384,9,9
47385,8,8
47386,3,3
47387,2,2
47388,1,1
47389,3,3
47390,0,0
47391,9,9
47392,2,2
47393,6,6
47394,1,1
47395,2,2
47396,3,3
47397,8,8
47398,8,8
47399,8,8
47400,1,1
47401,9,9
47402,8,8
47403,9,9
47404,4,4
47405,3,3
47406,3,3
47407,9,9
47408,9,9
47409,6,6
47410,0,0
47411,7,7
47412,2,2
47413,8,8
47414,2,2
47415,4,4
47416,0,0
47417,8,8
47418,4,4
47419,2,2
47420,7,7
47421,9,9
47422,3,3
47423,8,8
47424,7,7
47425,2,2
47426,7,7
47427,8,8
47428,7,7
47429,9,9
47430,4,4
47431,8,8
47432,5,5
47433,2,2
47434,1,1
47435,9,9
47436,4,4
47437,4,4
47438,2,2
47439,8,8
47440,1,1
47441,7,7
47442,1,1
47443,6,6
47444,2,2
47445,8,8
47446,1,1
47447,3,3
47448,3,3
47449,9,9
47450,5,5
47451,4,4
47452,4,4
47453,8,8
47454,4,4
47455,2,2
47456,0,0
47457,8,8
47458,2,2
47459,8,8
47460,6,6
47461,2,2
47462,5,5
47463,6,6
47464,0,0
47465,9,9
47466,3,3
47467,6,6
47468,7,7
47469,2,2
47470,3,3
47471,9,9
47472,9,9
47473,5,5
47474,4,4
47475,2,2
47476,3,3
47477,8,8
47478,7,7
47479,5,5
47480,7,7
47481,2,2
47482,4,4
47483,8,8
47484,7,7
47485,0,0
47486,4,4
47487,0,0
47488,2,2
47489,0,0
47490,1,1
47491,0,0
47492,4,4
47493,2,2
47494,5,5
47495,8,8
47496,7,7
47497,4,4
47498,9,9
47499,4,4
47500,0,0
47501,9,9
47502,1,1
47503,9,9
47504,0,0
47505,2,2
47506,0,0
47507,8,8
47508,1,1
47509,4,4
47510,7,7
47511,8,8
47512,2,2
47513,3,3
47514,7,7
47515,6,6
47516,1,1
47517,8,8
47518,5,5
47519,2,2
47520,5,5
47521,8,8
47522,1,1
47523,8,8
47524,4,4
47525,2,2
47526,2,2
47527,9,9
47528,2,2
47529,6,6
47530,6,6
47531,6,6
47532,0,0
47533,7,7
47534,6,6
47535,9,9
47536,8,8
47537,8,8
47538,7,7
47539,2,2
47540,0,0
47541,8,8
47542,1,1
47543,2,2
47544,8,8
47545,9,9
47546,7,7
47547,8,8
47548,2,2
47549,2,2
47550,7,7
47551,9,9
47552,3,3
47553,9,9
47554,7,7
47555,3,3
47556,0,0
47557,6,6
47558,5,5
47559,8,8
47560,3,3
47561,4,4
47562,2,2
47563,2,2
47564,4,4
47565,6,6
47566,8,8
47567,2,2
47568,9,9
47569,8,8
47570,1,1
47571,8,8
47572,3,3
47573,6,6
47574,4,4
47575,6,6
47576,9,9
47577,2,2
47578,6,6
47579,3,3
47580,1,1
47581,3,3
47582,2,2
47583,1,1
47584,4,4
47585,6,6
47586,7,7
47587,7,7
47588,5,5
47589,0,0
47590,1,1
47591,2,2
47592,7,7
47593,4,4
47594,0,0
47595,0,0
47596,0,0
47597,4,4
47598,7,7
47599,3,3
47600,0,0
47601,1,1
47602,7,7
47603,1,1
47604,0,0
47605,7,7
47606,5,5
47607,5,5
47608,5,5
47609,4,4
47610,6,6
47611,5,5
47612,6,6
47613,5,5
47614,1,1
47615,3,3
47616,3,3
47617,0,0
47618,7,7
47619,3,3
47620,7,7
47621,1,1
47622,2,2
47623,9,9
47624,7,7
47625,7,7
47626,3,3
47627,0,0
47628,7,7
47629,4,4
47630,7,7
47631,5,5
47632,7,7
47633,0,0
47634,0,0
47635,3,3
47636,5,5
47637,0,0
47638,1,1
47639,3,3
47640,0,0
47641,2,2
47642,1,1
47643,7,7
47644,1,1
47645,0,0
47646,0,0
47647,3,3
47648,2,2
47649,6,6
47650,6,6
47651,7,7
47652,7,7
47653,7,7
47654,7,7
47655,7,7
47656,7,7
47657,5,5
47658,6,6
47659,5,5
47660,7,7
47661,9,9
47662,5,5
47663,4,4
47664,5,5
47665,0,0
47666,0,0
47667,6,6
47668,1,1
47669,7,7
47670,1,1
47671,5,5
47672,1,1
47673,4,4
47674,5,5
47675,7,7
47676,7,7
47677,0,0
47678,2,2
47679,0,0
47680,5,5
47681,1,1
47682,0,0
47683,2,2
47684,7,7
47685,5,5
47686,6,6
47687,5,5
47688,6,6
47689,7,7
47690,2,2
47691,0,0
47692,1,1
47693,3,3
47694,4,4
47695,0,0
47696,4,4
47697,1,1
47698,0,0
47699,4,4
47700,8,8
47701,0,0
47702,1,1
47703,0,0
47704,3,3
47705,3,3
47706,6,6
47707,8,8
47708,8,8
47709,1,1
47710,7,7
47711,6,6
47712,5,5
47713,4,4
47714,3,3
47715,5,5
47716,3,3
47717,0,0
47718,1,1
47719,5,5
47720,7,7
47721,1,1
47722,3,3
47723,3,3
47724,7,7
47725,7,7
47726,2,2
47727,0,0
47728,7,7
47729,1,1
47730,2,2
47731,9,9
47732,1,1
47733,0,0
47734,1,1
47735,1,1
47736,3,3
47737,9,9
47738,4,4
47739,3,3
47740,3,3
47741,4,4
47742,7,7
47743,5,5
47744,0,0
47745,0,0
47746,7,7
47747,7,7
47748,2,2
47749,7,7
47750,5,5
47751,1,1
47752,3,3
47753,7,7
47754,6,6
47755,5,5
47756,3,3
47757,9,9
47758,1,1
47759,3,3
47760,7,7
47761,4,4
47762,1,1
47763,5,5
47764,5,5
47765,2,2
47766,0,0
47767,6,6
47768,0,0
47769,9,9
47770,1,1
47771,0,0
47772,4,4
47773,1,1
47774,4,4
47775,0,0
47776,1,1
47777,1,1
47778,4,4
47779,0,0
47780,6,6
47781,7,7
47782,7,7
47783,0,0
47784,1,1
47785,1,1
47786,3,3
47787,6,6
47788,8,8
47789,5,5
47790,9,9
47791,3,3
47792,9,9
47793,0,0
47794,4,4
47795,7,7
47796,9,9
47797,3,3
47798,4,4
47799,9,9
47800,8,8
47801,6,6
47802,7,7
47803,2,2
47804,4,4
47805,8,8
47806,1,1
47807,4,4
47808,4,4
47809,0,0
47810,4,4
47811,2,2
47812,3,3
47813,0,0
47814,5,5
47815,2,2
47816,3,3
47817,9,9
47818,7,7
47819,6,6
47820,3,3
47821,7,7
47822,3,3
47823,5,5
47824,4,4
47825,2,2
47826,0,0
47827,4,4
47828,5,5
47829,8,8
47830,1,1
47831,2,2
47832,7,7
47833,8,8
47834,7,7
47835,3,3
47836,1,1
47837,9,9
47838,7,7
47839,6,6
47840,5,5
47841,7,7
47842,6,6
47843,8,8
47844,1,1
47845,2,2
47846,2,2
47847,4,4
47848,0,0
47849,8,8
47850,1,1
47851,2,2
47852,0,0
47853,8,8
47854,0,0
47855,2,2
47856,0,0
47857,2,2
47858,0,0
47859,8,8
47860,3,3
47861,2,2
47862,1,1
47863,8,8
47864,4,4
47865,8,8
47866,5,5
47867,3,3
47868,1,1
47869,9,9
47870,5,5
47871,8,8
47872,7,7
47873,9,9
47874,0,0
47875,9,9
47876,7,7
47877,4,4
47878,0,0
47879,8,8
47880,1,1
47881,2,2
47882,7,7
47883,6,6
47884,5,5
47885,8,8
47886,7,7
47887,2,2
47888,2,2
47889,2,2
47890,1,1
47891,4,4
47892,9,9
47893,8,8
47894,8,8
47895,2,2
47896,2,2
47897,0,0
47898,0,0
47899,8,8
47900,6,6
47901,6,6
47902,3,3
47903,2,2
47904,1,1
47905,9,9
47906,0,0
47907,6,6
47908,1,1
47909,8,8
47910,9,9
47911,4,4
47912,4,4
47913,6,6
47914,3,3
47915,2,2
47916,4,4
47917,3,3
47918,8,8
47919,2,2
47920,7,7
47921,8,8
47922,9,9
47923,3,3
47924,6,6
47925,6,6
47926,5,5
47927,8,8
47928,1,1
47929,8,8
47930,1,1
47931,8,8
47932,4,4
47933,8,8
47934,0,0
47935,9,9
47936,7,7
47937,8,8
47938,7,7
47939,6,6
47940,1,1
47941,8,8
47942,2,2
47943,4,4
47944,7,7
47945,6,6
47946,1,1
47947,9,9
47948,2,2
47949,9,9
47950,7,7
47951,4,4
47952,7,7
47953,3,3
47954,4,4
47955,9,9
47956,6,6
47957,3,3
47958,0,0
47959,2,2
47960,9,9
47961,8,8
47962,5,5
47963,4,4
47964,2,2
47965,6,6
47966,1,1
47967,2,2
47968,2,2
47969,9,9
47970,7,7
47971,6,6
47972,8,8
47973,6,6
47974,1,1
47975,7,7
47976,3,3
47977,9,9
47978,0,0
47979,6,6
47980,4,4
47981,8,8
47982,1,1
47983,2,2
47984,9,9
47985,9,9
47986,1,1
47987,8,8
47988,1,1
47989,2,2
47990,6,6
47991,9,9
47992,7,7
47993,9,9
47994,1,1
47995,2,2
47996,5,5
47997,3,3
47998,1,1
47999,6,6
48000,0,0
48001,8,8
48002,7,7
48003,2,2
48004,7,7
48005,4,4
48006,3,3
48007,2,2
48008,6,6
48009,6,6
48010,5,5
48011,2,2
48012,2,2
48013,8,8
48014,7,7
48015,8,8
48016,7,7
48017,6,6
48018,5,5
48019,6,6
48020,0,0
48021,2,2
48022,9,9
48023,3,3
48024,1,1
48025,3,3
48026,3,3
48027,1,1
48028,2,2
48029,6,6
48030,5,5
48031,7,7
48032,4,4
48033,4,4
48034,9,9
48035,8,8
48036,0,0
48037,2,2
48038,7,7
48039,3,3
48040,9,9
48041,1,1
48042,0,0
48043,6,6
48044,1,1
48045,7,7
48046,2,2
48047,0,0
48048,5,5
48049,7,7
48050,0,0
48051,4,4
48052,4,4
48053,0,0
48054,4,4
48055,2,2
48056,5,5
48057,8,8
48058,2,2
48059,3,3
48060,2,2
48061,1,1
48062,7,7
48063,6,6
48064,7,7
48065,1,1
48066,4,4
48067,8,8
48068,5,5
48069,2,2
48070,8,8
48071,4,4
48072,5,5
48073,8,8
48074,1,1
48075,2,2
48076,2,2
48077,1,1
48078,5,5
48079,1,1
48080,8,8
48081,2,2
48082,4,4
48083,4,4
48084,8,8
48085,1,1
48086,4,4
48087,8,8
48088,7,7
48089,8,8
48090,2,2
48091,2,2
48092,2,2
48093,8,8
48094,7,7
48095,8,8
48096,0,0
48097,8,8
48098,5,5
48099,1,1
48100,8,8
48101,2,2
48102,7,7
48103,8,8
48104,2,2
48105,8,8
48106,2,2
48107,6,6
48108,8,8
48109,6,6
48110,2,2
48111,3,3
48112,1,1
48113,2,2
48114,1,1
48115,2,2
48116,4,4
48117,4,4
48118,6,6
48119,1,1
48120,5,5
48121,3,3
48122,0,0
48123,5,5
48124,9,9
48125,8,8
48126,1,1
48127,1,1
48128,3,3
48129,6,6
48130,1,1
48131,1,1
48132,7,7
48133,4,4
48134,2,2
48135,0,0
48136,3,3
48137,2,2
48138,7,7
48139,7,7
48140,7,7
48141,4,4
48142,3,3
48143,2,2
48144,0,0
48145,4,4
48146,8,8
48147,6,6
48148,0,0
48149,2,2
48150,7,7
48151,8,8
48152,4,4
48153,4,4
48154,2,2
48155,7,7
48156,1,1
48157,0,0
48158,6,6
48159,0,0
48160,7,7
48161,7,7
48162,7,7
48163,2,2
48164,7,7
48165,8,8
48166,0,0
48167,3,3
48168,3,3
48169,4,4
48170,5,5
48171,0,0
48172,5,5
48173,3,3
48174,7,7
48175,9,9
48176,3,3
48177,9,9
48178,9,9
48179,2,2
48180,3,3
48181,6,6
48182,0,0
48183,9,9
48184,1,1
48185,2,2
48186,0,0
48187,3,3
48188,4,4
48189,9,9
48190,8,8
48191,6,6
48192,2,2
48193,2,2
48194,0,0
48195,5,5
48196,3,3
48197,2,2
48198,0,0
48199,4,4
48200,3,3
48201,8,8
48202,0,0
48203,2,2
48204,2,2
48205,0,0
48206,0,0
48207,3,3
48208,0,0
48209,9,9
48210,4,4
48211,6,6
48212,6,6
48213,7,7
48214,2,2
48215,0,0
48216,5,5
48217,9,9
48218,3,3
48219,4,4
48220,6,6
48221,8,8
48222,0,0
48223,2,2
48224,1,1
48225,0,0
48226,1,1
48227,3,3
48228,9,9
48229,9,9
48230,7,7
48231,6,6
48232,1,1
48233,7,7
48234,5,5
48235,5,5
48236,1,1
48237,2,2
48238,6,6
48239,4,4
48240,5,5
48241,5,5
48242,8,8
48243,2,2
48244,5,5
48245,0,0
48246,6,6
48247,8,8
48248,6,6
48249,2,2
48250,8,8
48251,2,2
48252,0,0
48253,1,1
48254,1,1
48255,0,0
48256,2,2
48257,0,0
48258,7,7
48259,0,0
48260,4,4
48261,1,1
48262,4,4
48263,3,3
48264,7,7
48265,5,5
48266,1,1
48267,3,3
48268,3,3
48269,2,2
48270,7,7
48271,5,5
48272,7,7
48273,1,1
48274,3,3
48275,0,0
48276,4,4
48277,4,4
48278,5,5
48279,4,4
48280,7,7
48281,7,7
48282,0,0
48283,4,4
48284,3,3
48285,8,8
48286,5,5
48287,3,3
48288,0,0
48289,2,2
48290,8,8
48291,7,7
48292,9,9
48293,6,6
48294,6,6
48295,3,3
48296,7,7
48297,0,0
48298,0,0
48299,3,3
48300,2,2
48301,4,4
48302,7,7
48303,9,9
48304,0,0
48305,8,8
48306,1,1
48307,2,2
48308,0,0
48309,2,2
48310,5,5
48311,7,7
48312,7,7
48313,5,5
48314,0,0
48315,8,8
48316,5,5
48317,4,4
48318,1,1
48319,4,4
48320,6,6
48321,4,4
48322,3,3
48323,4,4
48324,7,7
48325,7,7
48326,1,1
48327,0,0
48328,4,4
48329,0,0
48330,0,0
48331,2,2
48332,6,6
48333,0,0
48334,6,6
48335,1,1
48336,1,1
48337,3,3
48338,4,4
48339,2,2
48340,4,4
48341,5,5
48342,5,5
48343,0,0
48344,9,9
48345,2,2
48346,2,2
48347,5,5
48348,2,2
48349,4,4
48350,3,3
48351,2,2
48352,7,7
48353,2,2
48354,8,8
48355,7,7
48356,3,3
48357,0,0
48358,7,7
48359,4,4
48360,4,4
48361,1,1
48362,1,1
48363,1,1
48364,4,4
48365,0,0
48366,4,4
48367,2,2
48368,1,1
48369,2,2
48370,1,1
48371,3,3
48372,7,7
48373,5,5
48374,0,0
48375,0,0
48376,0,0
48377,0,0
48378,2,2
48379,5,5
48380,3,3
48381,0,0
48382,5,5
48383,6,6
48384,3,3
48385,7,7
48386,7,7
48387,4,4
48388,0,0
48389,0,0
48390,1,1
48391,6,6
48392,7,7
48393,0,0
48394,2,2
48395,9,9
48396,7,7
48397,4,4
48398,4,4
48399,5,5
48400,2,2
48401,6,6
48402,0,0
48403,3,3
48404,0,0
48405,0,0
48406,8,8
48407,2,2
48408,7,7
48409,4,4
48410,5,5
48411,1,1
48412,3,3
48413,5,5
48414,3,3
48415,7,7
48416,0,0
48417,6,6
48418,5,5
48419,3,3
48420,6,6
48421,3,3
48422,5,5
48423,6,6
48424,7,7
48425,2,2
48426,7,7
48427,4,4
48428,2,2
48429,0,0
48430,4,4
48431,7,7
48432,8,8
48433,4,4
48434,4,4
48435,7,7
48436,0,0
48437,5,5
48438,3,3
48439,3,3
48440,2,2
48441,9,9
48442,0,0
48443,6,6
48444,1,1
48445,7,7
48446,6,6
48447,8,8
48448,0,0
48449,7,7
48450,0,0
48451,4,4
48452,8,8
48453,0,0
48454,1,1
48455,2,2
48456,1,1
48457,0,0
48458,1,1
48459,3,3
48460,6,6
48461,1,1
48462,6,6
48463,6,6
48464,1,1
48465,2,2
48466,0,0
48467,0,0
48468,1,1
48469,2,2
48470,1,1
48471,1,1
48472,2,2
48473,8,8
48474,6,6
48475,2,2
48476,6,6
48477,0,0
48478,5,5
48479,3,3
48480,1,1
48481,9,9
48482,7,7
48483,6,6
48484,5,5
48485,2,2
48486,0,0
48487,5,5
48488,2,2
48489,7,7
48490,0,0
48491,4,4
48492,4,4
48493,4,4
48494,8,8
48495,2,2
48496,5,5
48497,6,6
48498,7,7
48499,7,7
48500,7,7
48501,8,8
48502,6,6
48503,2,2
48504,5,5
48505,4,4
48506,1,1
48507,4,4
48508,8,8
48509,2,2
48510,1,1
48511,3,3
48512,4,4
48513,9,9
48514,0,0
48515,8,8
48516,6,6
48517,9,9
48518,1,1
48519,0,0
48520,0,0
48521,9,9
48522,0,0
48523,3,3
48524,2,2
48525,6,6
48526,3,3
48527,6,6
48528,2,2
48529,3,3
48530,5,5
48531,6,6
48532,3,3
48533,7,7
48534,1,1
48535,8,8
48536,6,6
48537,9,9
48538,4,4
48539,4,4
48540,7,7
48541,2,2
48542,3,3
48543,9,9
48544,7,7
48545,6,6
48546,0,0
48547,3,3
48548,7,7
48549,6,6
48550,6,6
48551,7,7
48552,7,7
48553,8,8
48554,3,3
48555,8,8
48556,1,1
48557,7,7
48558,5,5
48559,2,2
48560,2,2
48561,7,7
48562,5,5
48563,7,7
48564,9,9
48565,4,4
48566,5,5
48567,7,7
48568,4,4
48569,0,0
48570,4,4
48571,2,2
48572,7,7
48573,9,9
48574,3,3
48575,8,8
48576,2,2
48577,8,8
48578,3,3
48579,2,2
48580,0,0
48581,8,8
48582,5,5
48583,9,9
48584,0,0
48585,8,8
48586,7,7
48587,2,2
48588,9,9
48589,8,8
48590,4,4
48591,4,4
48592,1,1
48593,8,8
48594,7,7
48595,8,8
48596,0,0
48597,8,8
48598,6,6
48599,7,7
48600,1,1
48601,3,3
48602,3,3
48603,0,0
48604,2,2
48605,4,4
48606,8,8
48607,3,3
48608,5,5
48609,4,4
48610,0,0
48611,9,9
48612,3,3
48613,2,2
48614,0,0
48615,7,7
48616,0,0
48617,2,2
48618,0,0
48619,6,6
48620,5,5
48621,6,6
48622,0,0
48623,1,1
48624,6,6
48625,9,9
48626,7,7
48627,3,3
48628,7,7
48629,9,9
48630,4,4
48631,3,3
48632,4,4
48633,0,0
48634,0,0
48635,8,8
48636,4,4
48637,7,7
48638,3,3
48639,0,0
48640,6,6
48641,3,3
48642,7,7
48643,6,6
48644,7,7
48645,9,9
48646,0,0
48647,8,8
48648,5,5
48649,3,3
48650,1,1
48651,8,8
48652,2,2
48653,8,8
48654,5,5
48655,2,2
48656,5,5
48657,2,2
48658,7,7
48659,9,9
48660,0,0
48661,3,3
48662,7,7
48663,1,1
48664,1,1
48665,2,2
48666,7,7
48667,7,7
48668,7,7
48669,0,0
48670,3,3
48671,2,2
48672,8,8
48673,4,4
48674,6,6
48675,8,8
48676,3,3
48677,3,3
48678,0,0
48679,1,1
48680,7,7
48681,3,3
48682,7,7
48683,7,7
48684,2,2
48685,5,5
48686,6,6
48687,4,4
48688,7,7
48689,4,4
48690,0,0
48691,0,0
48692,1,1
48693,2,2
48694,8,8
48695,3,3
48696,7,7
48697,1,1
48698,6,6
48699,2,2
48700,7,7
48701,7,7
48702,7,7
48703,5,5
48704,1,1
48705,2,2
48706,3,3
48707,4,4
48708,1,1
48709,8,8
48710,5,5
48711,2,2
48712,0,0
48713,0,0
48714,4,4
48715,3,3
48716,7,7
48717,0,0
48718,8,8
48719,3,3
48720,9,9
48721,0,0
48722,1,1
48723,2,2
48724,8,8
48725,7,7
48726,2,2
48727,3,3
48728,8,8
48729,3,3
48730,5,5
48731,4,4
48732,7,7
48733,7,7
48734,7,7
48735,7,7
48736,0,0
48737,2,2
48738,6,6
48739,2,2
48740,4,4
48741,1,1
48742,3,3
48743,7,7
48744,4,4
48745,5,5
48746,7,7
48747,0,0
48748,6,6
48749,4,4
48750,8,8
48751,9,9
48752,7,7
48753,2,2
48754,0,0
48755,3,3
48756,2,2
48757,6,6
48758,0,0
48759,0,0
48760,6,6
48761,7,7
48762,9,9
48763,0,0
48764,5,5
48765,1,1
48766,5,5
48767,2,2
48768,0,0
48769,2,2
48770,1,1
48771,5,5
48772,1,1
48773,2,2
48774,7,7
48775,5,5
48776,5,5
48777,7,7
48778,4,4
48779,5,5
48780,3,3
48781,7,7
48782,0,0
48783,7,7
48784,9,9
48785,5,5
48786,0,0
48787,8,8
48788,2,2
48789,5,5
48790,3,3
48791,3,3
48792,6,6
48793,1,1
48794,7,7
48795,0,0
48796,2,2
48797,1,1
48798,1,1
48799,6,6
48800,2,2
48801,0,0
48802,3,3
48803,0,0
48804,8,8
48805,1,1
48806,1,1
48807,3,3
48808,3,3
48809,4,4
48810,4,4
48811,2,2
48812,8,8
48813,5,5
48814,7,7
48815,3,3
48816,0,0
48817,7,7
48818,5,5
48819,5,5
48820,1,1
48821,4,4
48822,7,7
48823,4,4
48824,9,9
48825,7,7
48826,9,9
48827,4,4
48828,2,2
48829,0,0
48830,3,3
48831,1,1
48832,0,0
48833,5,5
48834,3,3
48835,5,5
48836,0,0
48837,6,6
48838,3,3
48839,4,4
48840,0,0
48841,6,6
48842,2,2
48843,5,5
48844,1,1
48845,1,1
48846,5,5
48847,2,2
48848,9,9
48849,7,7
48850,2,2
48851,1,1
48852,1,1
48853,8,8
48854,1,1
48855,2,2
48856,2,2
48857,4,4
48858,4,4
48859,7,7
48860,1,1
48861,0,0
48862,1,1
48863,3,3
48864,4,4
48865,4,4
48866,0,0
48867,4,4
48868,7,7
48869,0,0
48870,0,0
48871,1,1
48872,5,5
48873,7,7
48874,0,0
48875,2,2
48876,0,0
48877,6,6
48878,0,0
48879,4,4
48880,5,5
48881,6,6
48882,8,8
48883,4,4
48884,6,6
48885,5,5
48886,4,4
48887,4,4
48888,5,5
48889,0,0
48890,4,4
48891,2,2
48892,0,0
48893,8,8
48894,5,5
48895,3,3
48896,1,1
48897,9,9
48898,6,6
48899,7,7
48900,1,1
48901,7,7
48902,1,1
48903,0,0
48904,2,2
48905,8,8
48906,2,2
48907,4,4
48908,1,1
48909,8,8
48910,0,0
48911,3,3
48912,9,9
48913,9,9
48914,0,0
48915,6,6
48916,1,1
48917,2,2
48918,4,4
48919,8,8
48920,3,3
48921,9,9
48922,1,1
48923,8,8
48924,0,0
48925,1,1
48926,6,6
48927,9,9
48928,0,0
48929,3,3
48930,0,0
48931,9,9
48932,7,7
48933,2,2
48934,6,6
48935,2,2
48936,5,5
48937,0,0
48938,8,8
48939,9,9
48940,5,5
48941,4,4
48942,0,0
48943,9,9
48944,1,1
48945,1,1
48946,1,1
48947,3,3
48948,0,0
48949,9,9
48950,8,8
48951,6,6
48952,0,0
48953,9,9
48954,6,6
48955,8,8
48956,1,1
48957,8,8
48958,4,4
48959,9,9
48960,4,4
48961,8,8
48962,0,0
48963,2,2
48964,0,0
48965,7,7
48966,8,8
48967,2,2
48968,5,5
48969,8,8
48970,5,5
48971,9,9
48972,5,5
48973,3,3
48974,2,2
48975,7,7
48976,8,8
48977,1,1
48978,7,7
48979,8,8
48980,0,0
48981,2,2
48982,6,6
48983,9,9
48984,5,5
48985,8,8
48986,6,6
48987,8,8
48988,5,5
48989,9,9
48990,8,8
48991,8,8
48992,0,0
48993,9,9
48994,9,9
48995,7,7
48996,5,5
48997,7,7
48998,7,7
48999,4,4
49000,0,0
49001,0,0
49002,1,1
49003,8,8
49004,1,1
49005,8,8
49006,7,7
49007,8,8
49008,1,1
49009,2,2
49010,1,1
49011,2,2
49012,1,1
49013,2,2
49014,2,2
49015,8,8
49016,7,7
49017,9,9
49018,1,1
49019,1,1
49020,7,7
49021,0,0
49022,4,4
49023,9,9
49024,8,8
49025,8,8
49026,4,4
49027,2,2
49028,6,6
49029,8,8
49030,0,0
49031,4,4
49032,2,2
49033,2,2
49034,2,2
49035,9,9
49036,4,4
49037,9,9
49038,7,7
49039,9,9
49040,0,0
49041,1,1
49042,1,1
49043,4,4
49044,2,2
49045,8,8
49046,7,7
49047,4,4
49048,7,7
49049,1,1
49050,5,5
49051,2,2
49052,2,2
49053,8,8
49054,7,7
49055,7,7
49056,9,9
49057,2,2
49058,5,5
49059,3,3
49060,5,5
49061,9,9
49062,0,0
49063,8,8
49064,5,5
49065,3,3
49066,5,5
49067,4,4
49068,1,1
49069,8,8
49070,9,9
49071,8,8
49072,5,5
49073,2,2
49074,6,6
49075,3,3
49076,1,1
49077,7,7
49078,0,0
49079,9,9
49080,7,7
49081,7,7
49082,0,0
49083,4,4
49084,4,4
49085,3,3
49086,3,3
49087,9,9
49088,2,2
49089,6,6
49090,6,6
49091,3,3
49092,5,5
49093,8,8
49094,8,8
49095,2,2
49096,9,9
49097,3,3
49098,6,6
49099,9,9
49100,7,7
49101,6,6
49102,5,5
49103,2,2
49104,1,1
49105,8,8
49106,8,8
49107,9,9
49108,7,7
49109,6,6
49110,3,3
49111,6,6
49112,0,0
49113,9,9
49114,7,7
49115,6,6
49116,8,8
49117,7,7
49118,1,1
49119,8,8
49120,5,5
49121,8,8
49122,7,7
49123,9,9
49124,3,3
49125,8,8
49126,9,9
49127,4,4
49128,5,5
49129,2,2
49130,5,5
49131,9,9
49132,9,9
49133,4,4
49134,1,1
49135,2,2
49136,8,8
49137,2,2
49138,5,5
49139,4,4
49140,7,7
49141,9,9
49142,7,7
49143,8,8
49144,5,5
49145,9,9
49146,5,5
49147,7,7
49148,6,6
49149,2,2
49150,3,3
49151,3,3
49152,7,7
49153,4,4
49154,1,1
49155,8,8
49156,7,7
49157,7,7
49158,6,6
49159,8,8
49160,4,4
49161,4,4
49162,0,0
49163,8,8
49164,4,4
49165,2,2
49166,7,7
49167,9,9
49168,9,9
49169,8,8
49170,2,2
49171,3,3
49172,8,8
49173,4,4
49174,0,0
49175,4,4
49176,2,2
49177,8,8
49178,4,4
49179,3,3
49180,5,5
49181,6,6
49182,5,5
49183,7,7
49184,0,0
49185,6,6
49186,1,1
49187,8,8
49188,3,3
49189,6,6
49190,7,7
49191,6,6
49192,8,8
49193,2,2
49194,1,1
49195,8,8
49196,6,6
49197,6,6
49198,9,9
49199,6,6
49200,3,3
49201,2,2
49202,7,7
49203,9,9
49204,5,5
49205,9,9
49206,0,0
49207,3,3
49208,5,5
49209,8,8
49210,1,1
49211,8,8
49212,0,0
49213,8,8
49214,3,3
49215,2,2
49216,4,4
49217,8,8
49218,3,3
49219,8,8
49220,3,3
49221,9,9
49222,7,7
49223,8,8
49224,3,3
49225,2,2
49226,7,7
49227,8,8
49228,7,7
49229,6,6
49230,2,2
49231,6,6
49232,1,1
49233,4,4
49234,7,7
49235,8,8
49236,9,9
49237,8,8
49238,7,7
49239,8,8
49240,1,1
49241,9,9
49242,8,8
49243,3,3
49244,3,3
49245,1,1
49246,9,9
49247,6,6
49248,6,6
49249,7,7
49250,1,1
49251,5,5
49252,1,1
49253,2,2
49254,7,7
49255,4,4
49256,5,5
49257,8,8
49258,4,4
49259,0,0
49260,1,1
49261,5,5
49262,0,0
49263,3,3
49264,1,1
49265,1,1
49266,7,7
49267,6,6
49268,3,3
49269,7,7
49270,2,2
49271,5,5
49272,0,0
49273,7,7
49274,0,0
49275,4,4
49276,7,7
49277,8,8
49278,7,7
49279,2,2
49280,2,2
49281,3,3
49282,9,9
49283,9,9
49284,1,1
49285,6,6
49286,7,7
49287,7,7
49288,7,7
49289,5,5
49290,1,1
49291,2,2
49292,1,1
49293,4,4
49294,2,2
49295,2,2
49296,4,4
49297,2,2
49298,8,8
49299,5,5
49300,2,2
49301,0,0
49302,7,7
49303,2,2
49304,3,3
49305,4,4
49306,3,3
49307,7,7
49308,1,1
49309,8,8
49310,2,2
49311,3,3
49312,7,7
49313,0,0
49314,6,6
49315,8,8
49316,7,7
49317,9,9
49318,1,1
49319,8,8
49320,8,8
49321,7,7
49322,3,3
49323,2,2
49324,7,7
49325,0,0
49326,1,1
49327,8,8
49328,4,4
49329,2,2
49330,8,8
49331,3,3
49332,7,7
49333,8,8
49334,7,7
49335,5,5
49336,3,3
49337,4,4
49338,1,1
49339,1,1
49340,6,6
49341,0,0
49342,2,2
49343,2,2
49344,4,4
49345,0,0
49346,4,4
49347,4,4
49348,5,5
49349,6,6
49350,1,1
49351,3,3
49352,7,7
49353,4,4
49354,3,3
49355,9,9
49356,8,8
49357,9,9
49358,0,0
49359,9,9
49360,2,2
49361,8,8
49362,1,1
49363,6,6
49364,5,5
49365,8,8
49366,9,9
49367,2,2
49368,1,1
49369,6,6
49370,3,3
49371,5,5
49372,0,0
49373,5,5
49374,3,3
49375,8,8
49376,7,7
49377,2,2
49378,7,7
49379,0,0
49380,1,1
49381,6,6
49382,5,5
49383,0,0
49384,1,1
49385,8,8
49386,0,0
49387,3,3
49388,0,0
49389,3,3
49390,7,7
49391,8,8
49392,9,9
49393,8,8
49394,4,4
49395,9,9
49396,4,4
49397,9,9
49398,0,0
49399,8,8
49400,1,1
49401,4,4
49402,7,7
49403,4,4
49404,7,7
49405,4,4
49406,0,0
49407,2,2
49408,6,6
49409,6,6
49410,7,7
49411,6,6
49412,9,9
49413,0,0
49414,7,7
49415,8,8
49416,1,1
49417,0,0
49418,5,5
49419,3,3
49420,1,1
49421,6,6
49422,7,7
49423,8,8
49424,7,7
49425,4,4
49426,4,4
49427,1,1
49428,9,9
49429,3,3
49430,6,6
49431,7,7
49432,5,5
49433,7,7
49434,6,6
49435,7,7
49436,4,4
49437,9,9
49438,8,8
49439,2,2
49440,1,1
49441,9,9
49442,1,1
49443,3,3
49444,5,5
49445,7,7
49446,7,7
49447,0,0
49448,5,5
49449,4,4
49450,7,7
49451,8,8
49452,6,6
49453,2,2
49454,6,6
49455,2,2
49456,4,4
49457,2,2
49458,8,8
49459,3,3
49460,7,7
49461,6,6
49462,5,5
49463,3,3
49464,1,1
49465,2,2
49466,0,0
49467,7,7
49468,0,0
49469,8,8
49470,7,7
49471,3,3
49472,0,0
49473,9,9
49474,6,6
49475,5,5
49476,0,0
49477,2,2
49478,4,4
49479,8,8
49480,9,9
49481,9,9
49482,1,1
49483,4,4
49484,4,4
49485,8,8
49486,6,6
49487,9,9
49488,1,1
49489,9,9
49490,7,7
49491,8,8
49492,5,5
49493,9,9
49494,7,7
49495,8,8
49496,2,2
49497,9,9
49498,5,5
49499,9,9
49500,7,7
49501,5,5
49502,2,2
49503,4,4
49504,1,1
49505,4,4
49506,8,8
49507,8,8
49508,7,7
49509,8,8
49510,4,4
49511,8,8
49512,1,1
49513,8,8
49514,0,0
49515,6,6
49516,0,0
49517,9,9
49518,3,3
49519,9,9
49520,0,0
49521,9,9
49522,2,2
49523,8,8
49524,1,1
49525,4,4
49526,1,1
49527,9,9
49528,4,4
49529,9,9
49530,7,7
49531,8,8
49532,2,2
49533,3,3
49534,1,1
49535,3,3
49536,5,5
49537,3,3
49538,1,1
49539,4,4
49540,0,0
49541,8,8
49542,8,8
49543,2,2
49544,5,5
49545,8,8
49546,0,0
49547,8,8
49548,2,2
49549,8,8
49550,4,4
49551,8,8
49552,5,5
49553,8,8
49554,1,1
49555,5,5
49556,1,1
49557,9,9
49558,7,7
49559,9,9
49560,7,7
49561,3,3
49562,5,5
49563,9,9
49564,0,0
49565,8,8
49566,1,1
49567,6,6
49568,7,7
49569,9,9
49570,7,7
49571,8,8
49572,7,7
49573,5,5
49574,5,5
49575,3,3
49576,3,3
49577,9,9
49578,1,1
49579,9,9
49580,6,6
49581,9,9
49582,2,2
49583,3,3
49584,9,9
49585,2,2
49586,7,7
49587,9,9
49588,1,1
49589,2,2
49590,5,5
49591,8,8
49592,1,1
49593,4,4
49594,3,3
49595,9,9
49596,3,3
49597,4,4
49598,7,7
49599,8,8
49600,1,1
49601,3,3
49602,7,7
49603,9,9
49604,7,7
49605,6,6
49606,1,1
49607,4,4
49608,0,0
49609,0,0
49610,1,1
49611,2,2
49612,1,1
49613,4,4
49614,7,7
49615,8,8
49616,5,5
49617,2,2
49618,7,7
49619,0,0
49620,2,2
49621,2,2
49622,7,7
49623,9,9
49624,5,5
49625,6,6
49626,4,4
49627,7,7
49628,1,1
49629,0,0
49630,7,7
49631,8,8
49632,2,2
49633,4,4
49634,8,8
49635,8,8
49636,1,1
49637,2,2
49638,7,7
49639,3,3
49640,0,0
49641,9,9
49642,6,6
49643,6,6
49644,0,0
49645,2,2
49646,1,1
49647,9,9
49648,7,7
49649,2,2
49650,7,7
49651,4,4
49652,7,7
49653,8,8
49654,7,7
49655,2,2
49656,7,7
49657,2,2
49658,5,5
49659,4,4
49660,7,7
49661,2,2
49662,6,6
49663,8,8
49664,1,1
49665,8,8
49666,0,0
49667,9,9
49668,7,7
49669,8,8
49670,7,7
49671,2,2
49672,0,0
49673,7,7
49674,8,8
49675,3,3
49676,0,0
49677,2,2
49678,7,7
49679,8,8
49680,1,1
49681,9,9
49682,7,7
49683,8,8
49684,7,7
49685,3,3
49686,7,7
49687,8,8
49688,5,5
49689,2,2
49690,1,1
49691,8,8
49692,0,0
49693,3,3
49694,0,0
49695,3,3
49696,5,5
49697,9,9
49698,0,0
49699,4,4
49700,5,5
49701,2,2
49702,9,9
49703,8,8
49704,2,2
49705,8,8
49706,1,1
49707,9,9
49708,2,2
49709,8,8
49710,5,5
49711,4,4
49712,0,0
49713,8,8
49714,0,0
49715,2,2
49716,3,3
49717,9,9
49718,4,4
49719,8,8
49720,3,3
49721,8,8
49722,5,5
49723,9,9
49724,2,2
49725,7,7
49726,0,0
49727,6,6
49728,7,7
49729,7,7
49730,0,0
49731,9,9
49732,7,7
49733,0,0
49734,5,5
49735,6,6
49736,8,8
49737,3,3
49738,0,0
49739,3,3
49740,5,5
49741,8,8
49742,0,0
49743,4,4
49744,1,1
49745,9,9
49746,7,7
49747,0,0
49748,7,7
49749,7,7
49750,2,2
49751,2,2
49752,0,0
49753,0,0
49754,0,0
49755,8,8
49756,7,7
49757,6,6
49758,9,9
49759,7,7
49760,7,7
49761,4,4
49762,9,9
49763,7,7
49764,0,0
49765,5,5
49766,2,2
49767,8,8
49768,9,9
49769,3,3
49770,7,7
49771,7,7
49772,5,5
49773,6,6
49774,3,3
49775,6,6
49776,6,6
49777,9,9
49778,6,6
49779,5,5
49780,3,3
49781,6,6
49782,6,6
49783,7,7
49784,5,5
49785,2,2
49786,1,1
49787,1,1
49788,7,7
49789,7,7
49790,5,5
49791,7,7
49792,5,5
49793,8,8
49794,7,7
49795,6,6
49796,1,1
49797,2,2
49798,0,0
49799,8,8
49800,3,3
49801,0,0
49802,4,4
49803,2,2
49804,9,9
49805,6,6
49806,0,0
49807,9,9
49808,1,1
49809,4,4
49810,7,7
49811,9,9
49812,0,0
49813,4,4
49814,7,7
49815,3,3
49816,4,4
49817,1,1
49818,0,0
49819,7,7
49820,7,7
49821,7,7
49822,5,5
49823,0,0
49824,7,7
49825,7,7
49826,7,7
49827,4,4
49828,4,4
49829,5,5
49830,7,7
49831,7,7
49832,1,1
49833,5,5
49834,1,1
49835,7,7
49836,5,5
49837,1,1
49838,5,5
49839,6,6
49840,1,1
49841,4,4
49842,2,2
49843,5,5
49844,0,0
49845,7,7
49846,8,8
49847,4,4
49848,3,3
49849,5,5
49850,5,5
49851,2,2
49852,9,9
49853,3,3
49854,8,8
49855,1,1
49856,6,6
49857,6,6
49858,5,5
49859,4,4
49860,1,1
49861,0,0
49862,8,8
49863,7,7
49864,7,7
49865,4,4
49866,0,0
49867,5,5
49868,7,7
49869,7,7
49870,5,5
49871,5,5
49872,2,2
49873,6,6
49874,0,0
49875,6,6
49876,1,1
49877,5,5
49878,1,1
49879,4,4
49880,5,5
49881,0,0
49882,7,7
49883,3,3
49884,1,1
49885,7,7
49886,5,5
49887,7,7
49888,1,1
49889,2,2
49890,5,5
49891,5,5
49892,5,5
49893,4,4
49894,3,3
49895,7,7
49896,7,7
49897,0,0
49898,5,5
49899,1,1
49900,4,4
49901,2,2
49902,1,1
49903,4,4
49904,5,5
49905,7,7
49906,0,0
49907,6,6
49908,9,9
49909,0,0
49910,1,1
49911,6,6
49912,7,7
49913,7,7
49914,6,6
49915,4,4
49916,6,6
49917,6,6
49918,1,1
49919,1,1
49920,8,8
49921,5,5
49922,7,7
49923,0,0
49924,3,3
49925,0,0
49926,7,7
49927,1,1
49928,3,3
49929,6,6
49930,4,4
49931,4,4
49932,1,1
49933,5,5
49934,5,5
49935,7,7
49936,6,6
49937,0,0
49938,7,7
49939,3,3
49940,5,5
49941,1,1
49942,5,5
49943,1,1
49944,0,0
49945,0,0
49946,7,7
49947,7,7
49948,7,7
49949,7,7
49950,7,7
49951,6,6
49952,2,2
49953,3,3
49954,3,3
49955,4,4
49956,0,0
49957,7,7
49958,5,5
49959,4,4
49960,0,0
49961,1,1
49962,6,6
49963,7,7
49964,1,1
49965,4,4
49966,7,7
49967,5,5
49968,0,0
49969,5,5
49970,4,4
49971,3,3
49972,9,9
49973,0,0
49974,7,7
49975,1,1
49976,6,6
49977,4,4
49978,0,0
49979,0,0
49980,0,0
49981,7,7
49982,0,0
49983,5,5
49984,5,5
49985,4,4
49986,8,8
49987,4,4
49988,0,0
49989,3,3
49990,7,7
49991,7,7
49992,5,5
49993,6,6
49994,5,5
49995,7,7
49996,3,3
49997,7,7
49998,0,0
49999,7,7
50000,1,1
50001,7,7
50002,4,4
50003,5,5
50004,4,4
50005,0,0
50006,8,8
50007,7,7
50008,2,2
50009,0,0
50010,2,2
50011,6,6
50012,7,7
50013,7,7
50014,0,0
50015,2,2
50016,1,1
50017,7,7
50018,3,3
50019,7,7
50020,8,8
50021,0,0
50022,0,0
50023,1,1
50024,3,3
50025,7,7
50026,7,7
50027,4,4
50028,6,6
50029,5,5
50030,0,0
50031,5,5
50032,1,1
50033,7,7
50034,4,4
50035,9,9
50036,3,3
50037,0,0
50038,8,8
50039,4,4
50040,7,7
50041,0,0
50042,3,3
50043,7,7
50044,8,8
50045,7,7
50046,6,6
50047,0,0
50048,7,7
50049,1,1
50050,0,0
50051,1,1
50052,6,6
50053,5,5
50054,2,2
50055,1,1
50056,1,1
50057,3,3
50058,4,4
50059,5,5
50060,2,2
50061,3,3
50062,1,1
50063,1,1
50064,0,0
50065,9,9
50066,8,8
50067,2,2
50068,1,1
50069,5,5
50070,3,3
50071,2,2
50072,3,3
50073,4,4
50074,9,9
50075,9,9
50076,4,4
50077,2,2
50078,2,2
50079,0,0
50080,5,5
50081,3,3
50082,5,5
50083,9,9
50084,5,5
50085,6,6
50086,4,4
50087,2,2
50088,9,9
50089,5,5
50090,0,0
50091,8,8
50092,4,4
50093,4,4
50094,1,1
50095,8,8
50096,6,6
50097,2,2
50098,4,4
50099,0,0
50100,0,0
50101,3,3
50102,8,8
50103,1,1
50104,4,4
50105,6,6
50106,7,7
50107,2,2
50108,4,4
50109,4,4
50110,8,8
50111,2,2
50112,7,7
50113,4,4
50114,1,1
50115,8,8
50116,7,7
50117,2,2
50118,4,4
50119,0,0
50120,8,8
50121,0,0
50122,4,4
50123,3,3
50124,5,5
50125,4,4
50126,5,5
50127,3,3
50128,0,0
50129,0,0
50130,9,9
50131,7,7
50132,4,4
50133,2,2
50134,0,0
50135,9,9
50136,9,9
50137,8,8
50138,2,2
50139,1,1
50140,7,7
50141,2,2
50142,9,9
50143,0,0
50144,8,8
50145,0,0
50146,4,4
50147,8,8
50148,7,7
50149,5,5
50150,1,1
50151,3,3
50152,5,5
50153,6,6
50154,5,5
50155,2,2
50156,3,3
50157,3,3
50158,9,9
50159,4,4
50160,4,4
50161,5,5
50162,9,9
50163,0,0
50164,5,5
50165,4,4
50166,2,2
50167,6,6
50168,4,4
50169,0,0
50170,2,2
50171,2,2
50172,2,2
50173,2,2
50174,8,8
50175,7,7
50176,7,7
50177,0,0
50178,1,1
50179,2,2
50180,8,8
50181,6,6
50182,5,5
50183,4,4
50184,7,7
50185,3,3
50186,0,0
50187,2,2
50188,5,5
50189,0,0
50190,1,1
50191,2,2
50192,3,3
50193,4,4
50194,1,1
50195,2,2
50196,1,1
50197,3,3
50198,2,2
50199,4,4
50200,3,3
50201,2,2
50202,5,5
50203,0,0
50204,8,8
50205,3,3
50206,7,7
50207,1,1
50208,3,3
50209,8,8
50210,2,2
50211,6,6
50212,7,7
50213,7,7
50214,7,7
50215,8,8
50216,5,5
50217,0,0
50218,6,6
50219,9,9
50220,4,4
50221,6,6
50222,1,1
50223,0,0
50224,0,0
50225,1,1
50226,0,0
50227,8,8
50228,3,3
50229,8,8
50230,6,6
50231,8,8
50232,1,1
50233,5,5
50234,8,8
50235,4,4
50236,2,2
50237,1,1
50238,2,2
50239,3,3
50240,3,3
50241,4,4
50242,4,4
50243,8,8
50244,8,8
50245,0,0
50246,1,1
50247,9,9
50248,5,5
50249,1,1
50250,7,7
50251,9,9
50252,2,2
50253,7,7
50254,0,0
50255,8,8
50256,2,2
50257,3,3
50258,7,7
50259,6,6
50260,1,1
50261,1,1
50262,7,7
50263,2,2
50264,1,1
50265,7,7
50266,4,4
50267,5,5
50268,2,2
50269,5,5
50270,4,4
50271,6,6
50272,7,7
50273,1,1
50274,2,2
50275,4,4
50276,4,4
50277,2,2
50278,8,8
50279,0,0
50280,4,4
50281,3,3
50282,5,5
50283,2,2
50284,8,8
50285,0,0
50286,7,7
50287,6,6
50288,7,7
50289,4,4
50290,6,6
50291,3,3
50292,1,1
50293,1,1
50294,6,6
50295,6,6
50296,7,7
50297,7,7
50298,3,3
50299,5,5
50300,7,7
50301,2,2
50302,2,2
50303,4,4
50304,5,5
50305,0,0
50306,7,7
50307,2,2
50308,3,3
50309,0,0
50310,3,3
50311,3,3
50312,1,1
50313,9,9
50314,0,0
50315,6,6
50316,9,9
50317,7,7
50318,8,8
50319,5,5
50320,3,3
50321,2,2
50322,7,7
50323,4,4
50324,3,3
50325,0,0
50326,1,1
50327,8,8
50328,2,2
50329,0,0
50330,7,7
50331,3,3
50332,8,8
50333,9,9
50334,6,6
50335,6,6
50336,7,7
50337,7,7
50338,9,9
50339,8,8
50340,6,6
50341,2,2
50342,7,7
50343,9,9
50344,3,3
50345,0,0
50346,9,9
50347,2,2
50348,5,5
50349,8,8
50350,1,1
50351,5,5
50352,5,5
50353,2,2
50354,3,3
50355,9,9
50356,1,1
50357,2,2
50358,5,5
50359,9,9
50360,0,0
50361,7,7
50362,1,1
50363,1,1
50364,7,7
50365,0,0
50366,0,0
50367,1,1
50368,1,1
50369,0,0
50370,5,5
50371,3,3
50372,7,7
50373,0,0
50374,7,7
50375,8,8
50376,0,0
50377,0,0
50378,7,7
50379,3,3
50380,8,8
50381,6,6
50382,0,0
50383,9,9
50384,5,5
50385,3,3
50386,0,0
50387,2,2
50388,5,5
50389,5,5
50390,3,3
50391,5,5
50392,0,0
50393,9,9
50394,2,2
50395,2,2
50396,1,1
50397,1,1
50398,2,2
50399,2,2
50400,9,9
50401,2,2
50402,4,4
50403,5,5
50404,1,1
50405,8,8
50406,7,7
50407,3,3
50408,5,5
50409,2,2
50410,7,7
50411,8,8
50412,7,7
50413,9,9
50414,7,7
50415,4,4
50416,5,5
50417,2,2
50418,5,5
50419,8,8
50420,7,7
50421,1,1
50422,7,7
50423,3,3
50424,4,4
50425,9,9
50426,9,9
50427,8,8
50428,4,4
50429,9,9
50430,2,2
50431,0,0
50432,5,5
50433,8,8
50434,3,3
50435,3,3
50436,0,0
50437,9,9
50438,0,0
50439,0,0
50440,0,0
50441,6,6
50442,7,7
50443,3,3
50444,3,3
50445,0,0
50446,6,6
50447,9,9
50448,2,2
50449,6,6
50450,0,0
50451,2,2
50452,6,6
50453,1,1
50454,2,2
50455,8,8
50456,9,9
50457,6,6
50458,0,0
50459,9,9
50460,2,2
50461,0,0
50462,0,0
50463,3,3
50464,0,0
50465,9,9
50466,5,5
50467,0,0
50468,0,0
50469,9,9
50470,7,7
50471,8,8
50472,1,1
50473,0,0
50474,6,6
50475,6,6
50476,4,4
50477,9,9
50478,6,6
50479,6,6
50480,7,7
50481,7,7
50482,9,9
50483,0,0
50484,2,2
50485,2,2
50486,0,0
50487,6,6
50488,0,0
50489,9,9
50490,0,0
50491,7,7
50492,3,3
50493,9,9
50494,2,2
50495,6,6
50496,6,6
50497,9,9
50498,9,9
50499,1,1
50500,3,3
50501,9,9
50502,5,5
50503,4,4
50504,6,6
50505,9,9
50506,2,2
50507,8,8
50508,6,6
50509,9,9
50510,5,5
50511,3,3
50512,2,2
50513,9,9
50514,7,7
50515,0,0
50516,7,7
50517,8,8
50518,3,3
50519,8,8
50520,0,0
50521,6,6
50522,1,1
50523,3,3
50524,2,2
50525,1,1
50526,3,3
50527,6,6
50528,5,5
50529,7,7
50530,0,0
50531,5,5
50532,2,2
50533,7,7
50534,3,3
50535,1,1
50536,5,5
50537,5,5
50538,6,6
50539,3,3
50540,7,7
50541,1,1
50542,3,3
50543,6,6
50544,5,5
50545,7,7
50546,7,7
50547,5,5
50548,7,7
50549,7,7
50550,9,9
50551,4,4
50552,2,2
50553,1,1
50554,1,1
50555,7,7
50556,5,5
50557,5,5
50558,0,0
50559,3,3
50560,7,7
50561,1,1
50562,8,8
50563,6,6
50564,0,0
50565,7,7
50566,3,3
50567,5,5
50568,5,5
50569,7,7
50570,7,7
50571,0,0
50572,8,8
50573,7,7
50574,4,4
50575,6,6
50576,4,4
50577,1,1
50578,0,0
50579,0,0
50580,4,4
50581,6,6
50582,1,1
50583,0,0
50584,5,5
50585,1,1
50586,7,7
50587,0,0
50588,4,4
50589,1,1
50590,1,1
50591,0,0
50592,7,7
50593,0,0
50594,4,4
50595,4,4
50596,0,0
50597,7,7
50598,4,4
50599,5,5
50600,1,1
50601,7,7
50602,7,7
50603,7,7
50604,7,7
50605,0,0
50606,5,5
50607,0,0
50608,1,1
50609,5,5
50610,4,4
50611,7,7
50612,2,2
50613,7,7
50614,0,0
50615,7,7
50616,5,5
50617,3,3
50618,1,1
50619,4,4
50620,8,8
50621,1,1
50622,5,5
50623,4,4
50624,2,2
50625,7,7
50626,7,7
50627,0,0
50628,3,3
50629,3,3
50630,3,3
50631,1,1
50632,2,2
50633,7,7
50634,0,0
50635,4,4
50636,5,5
50637,3,3
50638,3,3
50639,8,8
50640,6,6
50641,7,7
50642,9,9
50643,3,3
50644,1,1
50645,4,4
50646,1,1
50647,1,1
50648,0,0
50649,7,7
50650,1,1
50651,7,7
50652,1,1
50653,0,0
50654,3,3
50655,0,0
50656,0,0
50657,5,5
50658,7,7
50659,5,5
50660,2,2
50661,1,1
50662,7,7
50663,5,5
50664,5,5
50665,0,0
50666,4,4
50667,1,1
50668,5,5
50669,6,6
50670,1,1
50671,7,7
50672,7,7
50673,0,0
50674,6,6
50675,7,7
50676,6,6
50677,7,7
50678,1,1
50679,7,7
50680,7,7
50681,0,0
50682,9,9
50683,7,7
50684,3,3
50685,1,1
50686,0,0
50687,5,5
50688,7,7
50689,6,6
50690,5,5
50691,5,5
50692,0,0
50693,7,7
50694,5,5
50695,6,6
50696,3,3
50697,8,8
50698,5,5
50699,0,0
50700,1,1
50701,5,5
50702,7,7
50703,5,5
50704,5,5
50705,6,6
50706,0,0
50707,7,7
50708,8,8
50709,1,1
50710,0,0
50711,7,7
50712,0,0
50713,7,7
50714,7,7
50715,7,7
50716,2,2
50717,7,7
50718,0,0
50719,5,5
50720,9,9
50721,0,0
50722,6,6
50723,3,3
50724,8,8
50725,0,0
50726,7,7
50727,3,3
50728,7,7
50729,7,7
50730,8,8
50731,1,1
50732,8,8
50733,6,6
50734,5,5
50735,7,7
50736,7,7
50737,0,0
50738,7,7
50739,7,7
50740,5,5
50741,4,4
50742,0,0
50743,9,9
50744,6,6
50745,2,2
50746,0,0
50747,0,0
50748,7,7
50749,3,3
50750,3,3
50751,1,1
50752,5,5
50753,6,6
50754,0,0
50755,7,7
50756,0,0
50757,0,0
50758,5,5
50759,2,2
50760,0,0
50761,4,4
50762,2,2
50763,8,8
50764,8,8
50765,7,7
50766,0,0
50767,0,0
50768,2,2
50769,3,3
50770,7,7
50771,1,1
50772,1,1
50773,7,7
50774,3,3
50775,7,7
50776,4,4
50777,0,0
50778,2,2
50779,2,2
50780,4,4
50781,4,4
50782,5,5
50783,8,8
50784,5,5
50785,2,2
50786,7,7
50787,0,0
50788,9,9
50789,1,1
50790,7,7
50791,7,7
50792,0,0
50793,4,4
50794,5,5
50795,0,0
50796,0,0
50797,1,1
50798,0,0
50799,1,1
50800,0,0
50801,0,0
50802,7,7
50803,7,7
50804,3,3
50805,1,1
50806,5,5
50807,0,0
50808,3,3
50809,7,7
50810,4,4
50811,4,4
50812,6,6
50813,4,4
50814,2,2
50815,7,7
50816,5,5
50817,4,4
50818,4,4
50819,0,0
50820,3,3
50821,0,0
50822,0,0
50823,4,4
50824,7,7
50825,4,4
50826,7,7
50827,1,1
50828,2,2
50829,1,1
50830,9,9
50831,2,2
50832,0,0
50833,0,0
50834,7,7
50835,1,1
50836,5,5
50837,4,4
50838,1,1
50839,3,3
50840,6,6
50841,0,0
50842,1,1
50843,4,4
50844,5,5
50845,0,0
50846,5,5
50847,1,1
50848,9,9
50849,8,8
50850,1,1
50851,0,0
50852,3,3
50853,2,2
50854,0,0
50855,1,1
50856,4,4
50857,1,1
50858,8,8
50859,0,0
50860,1,1
50861,2,2
50862,3,3
50863,4,4
50864,1,1
50865,4,4
50866,4,4
50867,0,0
50868,0,0
50869,2,2
50870,4,4
50871,7,7
50872,8,8
50873,2,2
50874,0,0
50875,6,6
50876,3,3
50877,1,1
50878,3,3
50879,0,0
50880,1,1
50881,7,7
50882,0,0
50883,7,7
50884,0,0
50885,7,7
50886,0,0
50887,2,2
50888,4,4
50889,0,0
50890,6,6
50891,8,8
50892,7,7
50893,4,4
50894,8,8
50895,2,2
50896,5,5
50897,6,6
50898,7,7
50899,6,6
50900,7,7
50901,6,6
50902,7,7
50903,8,8
50904,0,0
50905,9,9
50906,7,7
50907,1,1
50908,7,7
50909,2,2
50910,5,5
50911,9,9
50912,5,5
50913,6,6
50914,1,1
50915,7,7
50916,5,5
50917,8,8
50918,9,9
50919,4,4
50920,0,0
50921,4,4
50922,7,7
50923,0,0
50924,3,3
50925,2,2
50926,7,7
50927,0,0
50928,1,1
50929,3,3
50930,5,5
50931,9,9
50932,4,4
50933,6,6
50934,4,4
50935,7,7
50936,7,7
50937,0,0
50938,4,4
50939,2,2
50940,7,7
50941,4,4
50942,1,1
50943,8,8
50944,2,2
50945,2,2
50946,7,7
50947,0,0
50948,5,5
50949,3,3
50950,7,7
50951,9,9
50952,9,9
50953,6,6
50954,2,2
50955,7,7
50956,1,1
50957,8,8
50958,3,3
50959,2,2
50960,7,7
50961,4,4
50962,6,6
50963,0,0
50964,7,7
50965,2,2
50966,6,6
50967,0,0
50968,3,3
50969,7,7
50970,2,2
50971,6,6
50972,0,0
50973,0,0
50974,3,3
50975,7,7
50976,7,7
50977,6,6
50978,8,8
50979,9,9
50980,5,5
50981,1,1
50982,2,2
50983,2,2
50984,8,8
50985,2,2
50986,6,6
50987,6,6
50988,2,2
50989,7,7
50990,5,5
50991,6,6
50992,1,1
50993,9,9
50994,0,0
50995,7,7
50996,2,2
50997,8,8
50998,5,5
50999,8,8
51000,0,0
51001,6,6
51002,2,2
51003,9,9
51004,1,1
51005,1,1
51006,3,3
51007,2,2
51008,0,0
51009,2,2
51010,1,1
51011,8,8
51012,0,0
51013,2,2
51014,2,2
51015,1,1
51016,6,6
51017,2,2
51018,0,0
51019,2,2
51020,0,0
51021,4,4
51022,0,0
51023,0,0
51024,3,3
51025,8,8
51026,0,0
51027,2,2
51028,0,0
51029,3,3
51030,7,7
51031,4,4
51032,0,0
51033,9,9
51034,8,8
51035,9,9
51036,0,0
51037,6,6
51038,0,0
51039,2,2
51040,7,7
51041,3,3
51042,0,0
51043,8,8
51044,3,3
51045,2,2
51046,0,0
51047,0,0
51048,1,1
51049,0,0
51050,2,2
51051,9,9
51052,3,3
51053,2,2
51054,1,1
51055,4,4
51056,0,0
51057,2,2
51058,9,9
51059,3,3
51060,1,1
51061,2,2
51062,0,0
51063,7,7
51064,9,9
51065,8,8
51066,4,4
51067,9,9
51068,0,0
51069,4,4
51070,9,9
51071,0,0
51072,2,2
51073,2,2
51074,0,0
51075,4,4
51076,8,8
51077,0,0
51078,2,2
51079,4,4
51080,0,0
51081,0,0
51082,0,0
51083,9,9
51084,8,8
51085,7,7
51086,7,7
51087,2,2
51088,0,0
51089,4,4
51090,6,6
51091,7,7
51092,7,7
51093,0,0
51094,7,7
51095,8,8
51096,4,4
51097,2,2
51098,5,5
51099,0,0
51100,9,9
51101,7,7
51102,9,9
51103,8,8
51104,7,7
51105,2,2
51106,7,7
51107,2,2
51108,7,7
51109,4,4
51110,1,1
51111,0,0
51112,9,9
51113,8,8
51114,5,5
51115,4,4
51116,7,7
51117,6,6
51118,1,1
51119,6,6
51120,1,1
51121,3,3
51122,3,3
51123,0,0
51124,9,9
51125,8,8
51126,0,0
51127,3,3
51128,7,7
51129,9,9
51130,4,4
51131,6,6
51132,0,0
51133,2,2
51134,7,7
51135,5,5
51136,1,1
51137,2,2
51138,8,8
51139,4,4
51140,0,0
51141,8,8
51142,7,7
51143,2,2
51144,5,5
51145,8,8
51146,5,5
51147,3,3
51148,2,2
51149,9,9
51150,3,3
51151,6,6
51152,4,4
51153,6,6
51154,7,7
51155,5,5
51156,5,5
51157,2,2
51158,4,4
51159,4,4
51160,2,2
51161,8,8
51162,0,0
51163,2,2
51164,5,5
51165,8,8
51166,0,0
51167,3,3
51168,0,0
51169,9,9
51170,5,5
51171,6,6
51172,9,9
51173,6,6
51174,0,0
51175,5,5
51176,5,5
51177,2,2
51178,8,8
51179,4,4
51180,5,5
51181,8,8
51182,5,5
51183,2,2
51184,2,2
51185,8,8
51186,3,3
51187,9,9
51188,1,1
51189,2,2
51190,1,1
51191,4,4
51192,5,5
51193,8,8
51194,7,7
51195,9,9
51196,7,7
51197,9,9
51198,8,8
51199,8,8
51200,1,1
51201,6,6
51202,5,5
51203,8,8
51204,8,8
51205,8,8
51206,1,1
51207,2,2
51208,2,2
51209,8,8
51210,3,3
51211,6,6
51212,7,7
51213,4,4
51214,6,6
51215,3,3
51216,6,6
51217,6,6
51218,2,2
51219,4,4
51220,4,4
51221,5,5
51222,7,7
51223,2,2
51224,2,2
51225,8,8
51226,3,3
51227,6,6
51228,3,3
51229,8,8
51230,9,9
51231,9,9
51232,4,4
51233,4,4
51234,0,0
51235,3,3
51236,8,8
51237,2,2
51238,1,1
51239,8,8
51240,0,0
51241,6,6
51242,7,7
51243,2,2
51244,2,2
51245,6,6
51246,4,4
51247,9,9
51248,5,5
51249,9,9
51250,9,9
51251,9,9
51252,1,1
51253,8,8
51254,9,9
51255,8,8
51256,6,6
51257,2,2
51258,7,7
51259,3,3
51260,7,7
51261,9,9
51262,6,6
51263,4,4
51264,0,0
51265,3,3
51266,9,9
51267,8,8
51268,1,1
51269,4,4
51270,5,5
51271,8,8
51272,2,2
51273,6,6
51274,5,5
51275,6,6
51276,5,5
51277,9,9
51278,7,7
51279,8,8
51280,1,1
51281,8,8
51282,0,0
51283,9,9
51284,5,5
51285,9,9
51286,2,2
51287,9,9
51288,5,5
51289,8,8
51290,3,3
51291,2,2
51292,0,0
51293,4,4
51294,0,0
51295,4,4
51296,2,2
51297,0,0
51298,1,1
51299,3,3
51300,1,1
51301,3,3
51302,9,9
51303,3,3
51304,8,8
51305,9,9
51306,8,8
51307,2,2
51308,3,3
51309,8,8
51310,4,4
51311,4,4
51312,0,0
51313,2,2
51314,5,5
51315,9,9
51316,5,5
51317,6,6
51318,5,5
51319,4,4
51320,4,4
51321,6,6
51322,1,1
51323,6,6
51324,2,2
51325,8,8
51326,2,2
51327,3,3
51328,0,0
51329,8,8
51330,2,2
51331,3,3
51332,7,7
51333,2,2
51334,0,0
51335,8,8
51336,3,3
51337,5,5
51338,5,5
51339,2,2
51340,6,6
51341,2,2
51342,7,7
51343,6,6
51344,8,8
51345,2,2
51346,0,0
51347,2,2
51348,3,3
51349,9,9
51350,5,5
51351,8,8
51352,3,3
51353,8,8
51354,5,5
51355,4,4
51356,9,9
51357,6,6
51358,8,8
51359,6,6
51360,8,8
51361,8,8
51362,3,3
51363,8,8
51364,8,8
51365,3,3
51366,2,2
51367,2,2
51368,4,4
51369,9,9
51370,4,4
51371,6,6
51372,1,1
51373,6,6
51374,8,8
51375,3,3
51376,7,7
51377,1,1
51378,5,5
51379,6,6
51380,7,7
51381,7,7
51382,0,0
51383,5,5
51384,0,0
51385,7,7
51386,4,4
51387,4,4
51388,1,1
51389,0,0
51390,1,1
51391,2,2
51392,7,7
51393,5,5
51394,2,2
51395,3,3
51396,5,5
51397,1,1
51398,6,6
51399,6,6
51400,4,4
51401,7,7
51402,4,4
51403,5,5
51404,7,7
51405,7,7
51406,1,1
51407,5,5
51408,5,5
51409,0,0
51410,4,4
51411,2,2
51412,2,2
51413,0,0
51414,2,2
51415,3,3
51416,2,2
51417,1,1
51418,6,6
51419,6,6
51420,8,8
51421,7,7
51422,3,3
51423,5,5
51424,2,2
51425,7,7
51426,1,1
51427,5,5
51428,7,7
51429,0,0
51430,0,0
51431,2,2
51432,1,1
51433,7,7
51434,3,3
51435,7,7
51436,1,1
51437,7,7
51438,5,5
51439,1,1
51440,7,7
51441,8,8
51442,0,0
51443,6,6
51444,7,7
51445,5,5
51446,5,5
51447,1,1
51448,6,6
51449,0,0
51450,2,2
51451,1,1
51452,0,0
51453,0,0
51454,9,9
51455,5,5
51456,4,4
51457,5,5
51458,6,6
51459,2,2
51460,0,0
51461,7,7
51462,7,7
51463,7,7
51464,6,6
51465,5,5
51466,3,3
51467,2,2
51468,1,1
51469,7,7
51470,0,0
51471,7,7
51472,5,5
51473,7,7
51474,7,7
51475,4,4
51476,4,4
51477,0,0
51478,3,3
51479,3,3
51480,4,4
51481,4,4
51482,5,5
51483,1,1
51484,7,7
51485,5,5
51486,7,7
51487,2,2
51488,2,2
51489,0,0
51490,3,3
51491,3,3
51492,7,7
51493,1,1
51494,7,7
51495,7,7
51496,0,0
51497,5,5
51498,7,7
51499,3,3
51500,0,0
51501,2,2
51502,0,0
51503,7,7
51504,2,2
51505,3,3
51506,6,6
51507,5,5
51508,1,1
51509,1,1
51510,2,2
51511,7,7
51512,5,5
51513,2,2
51514,4,4
51515,5,5
51516,0,0
51517,6,6
51518,4,4
51519,7,7
51520,3,3
51521,0,0
51522,0,0
51523,5,5
51524,0,0
51525,4,4
51526,9,9
51527,0,0
51528,5,5
51529,1,1
51530,1,1
51531,5,5
51532,0,0
51533,3,3
51534,7,7
51535,4,4
51536,7,7
51537,0,0
51538,5,5
51539,1,1
51540,9,9
51541,6,6
51542,7,7
51543,7,7
51544,7,7
51545,0,0
51546,3,3
51547,6,6
51548,1,1
51549,0,0
51550,6,6
51551,7,7
51552,5,5
51553,7,7
51554,1,1
51555,7,7
51556,1,1
51557,5,5
51558,8,8
51559,7,7
51560,0,0
51561,7,7
51562,7,7
51563,1,1
51564,1,1
51565,2,2
51566,1,1
51567,6,6
51568,0,0
51569,6,6
51570,5,5
51571,7,7
51572,7,7
51573,3,3
51574,0,0
51575,6,6
51576,7,7
51577,0,0
51578,7,7
51579,0,0
51580,9,9
51581,0,0
51582,0,0
51583,0,0
51584,5,5
51585,3,3
51586,8,8
51587,3,3
51588,7,7
51589,6,6
51590,0,0
51591,0,0
51592,8,8
51593,5,5
51594,1,1
51595,5,5
51596,4,4
51597,5,5
51598,3,3
51599,1,1
51600,5,5
51601,7,7
51602,4,4
51603,1,1
51604,0,0
51605,7,7
51606,1,1
51607,4,4
51608,6,6
51609,0,0
51610,7,7
51611,7,7
51612,9,9
51613,7,7
51614,6,6
51615,2,2
51616,7,7
51617,7,7
51618,4,4
51619,4,4
51620,3,3
51621,0,0
51622,0,0
51623,3,3
51624,4,4
51625,0,0
51626,7,7
51627,3,3
51628,4,4
51629,3,3
51630,9,9
51631,9,9
51632,5,5
51633,6,6
51634,0,0
51635,7,7
51636,8,8
51637,8,8
51638,3,3
51639,9,9
51640,7,7
51641,4,4
51642,6,6
51643,8,8
51644,0,0
51645,2,2
51646,2,2
51647,8,8
51648,4,4
51649,3,3
51650,0,0
51651,9,9
51652,0,0
51653,6,6
51654,8,8
51655,7,7
51656,1,1
51657,8,8
51658,6,6
51659,9,9
51660,6,6
51661,4,4
51662,4,4
51663,8,8
51664,4,4
51665,2,2
51666,1,1
51667,8,8
51668,7,7
51669,3,3
51670,2,2
51671,9,9
51672,1,1
51673,6,6
51674,7,7
51675,0,0
51676,4,4
51677,8,8
51678,5,5
51679,2,2
51680,7,7
51681,9,9
51682,6,6
51683,8,8
51684,8,8
51685,3,3
51686,2,2
51687,4,4
51688,0,0
51689,8,8
51690,4,4
51691,8,8
51692,7,7
51693,8,8
51694,5,5
51695,2,2
51696,4,4
51697,4,4
51698,0,0
51699,6,6
51700,4,4
51701,2,2
51702,6,6
51703,8,8
51704,5,5
51705,2,2
51706,7,7
51707,8,8
51708,5,5
51709,2,2
51710,1,1
51711,4,4
51712,5,5
51713,8,8
51714,1,1
51715,2,2
51716,0,0
51717,2,2
51718,7,7
51719,6,6
51720,8,8
51721,6,6
51722,0,0
51723,8,8
51724,1,1
51725,2,2
51726,7,7
51727,2,2
51728,5,5
51729,9,9
51730,5,5
51731,9,9
51732,7,7
51733,3,3
51734,4,4
51735,6,6
51736,4,4
51737,3,3
51738,9,9
51739,9,9
51740,9,9
51741,9,9
51742,9,9
51743,6,6
51744,7,7
51745,4,4
51746,9,9
51747,2,2
51748,6,6
51749,9,9
51750,1,1
51751,6,6
51752,8,8
51753,2,2
51754,2,2
51755,9,9
51756,7,7
51757,8,8
51758,2,2
51759,8,8
51760,6,6
51761,5,5
51762,7,7
51763,2,2
51764,4,4
51765,8,8
51766,1,1
51767,9,9
51768,7,7
51769,9,9
51770,5,5
51771,2,2
51772,1,1
51773,2,2
51774,3,3
51775,9,9
51776,7,7
51777,3,3
51778,4,4
51779,9,9
51780,0,0
51781,9,9
51782,7,7
51783,8,8
51784,1,1
51785,9,9
51786,6,6
51787,6,6
51788,4,4
51789,3,3
51790,7,7
51791,8,8
51792,7,7
51793,9,9
51794,8,8
51795,9,9
51796,0,0
51797,3,3
51798,2,2
51799,2,2
51800,0,0
51801,9,9
51802,0,0
51803,9,9
51804,5,5
51805,4,4
51806,0,0
51807,8,8
51808,6,6
51809,3,3
51810,6,6
51811,7,7
51812,5,5
51813,9,9
51814,5,5
51815,3,3
51816,7,7
51817,9,9
51818,7,7
51819,3,3
51820,5,5
51821,1,1
51822,7,7
51823,8,8
51824,3,3
51825,8,8
51826,2,2
51827,8,8
51828,7,7
51829,0,0
51830,7,7
51831,3,3
51832,9,9
51833,9,9
51834,3,3
51835,6,6
51836,1,1
51837,7,7
51838,0,0
51839,0,0
51840,1,1
51841,2,2
51842,5,5
51843,8,8
51844,2,2
51845,3,3
51846,7,7
51847,9,9
51848,1,1
51849,6,6
51850,2,2
51851,7,7
51852,0,0
51853,5,5
51854,5,5
51855,2,2
51856,9,9
51857,4,4
51858,8,8
51859,0,0
51860,5,5
51861,2,2
51862,1,1
51863,8,8
51864,7,7
51865,3,3
51866,3,3
51867,9,9
51868,0,0
51869,6,6
51870,6,6
51871,7,7
51872,9,9
51873,8,8
51874,2,2
51875,9,9
51876,1,1
51877,4,4
51878,2,2
51879,0,0
51880,2,2
51881,2,2
51882,1,1
51883,3,3
51884,6,6
51885,8,8
51886,1,1
51887,2,2
51888,1,1
51889,3,3
51890,7,7
51891,2,2
51892,2,2
51893,8,8
51894,5,5
51895,9,9
51896,7,7
51897,2,2
51898,1,1
51899,2,2
51900,9,9
51901,9,9
51902,5,5
51903,7,7
51904,7,7
51905,1,1
51906,2,2
51907,2,2
51908,1,1
51909,7,7
51910,5,5
51911,0,0
51912,4,4
51913,0,0
51914,8,8
51915,6,6
51916,8,8
51917,3,3
51918,7,7
51919,0,0
51920,4,4
51921,8,8
51922,6,6
51923,0,0
51924,9,9
51925,3,3
51926,5,5
51927,8,8
51928,2,2
51929,5,5
51930,0,0
51931,6,6
51932,1,1
51933,2,2
51934,7,7
51935,8,8
51936,1,1
51937,6,6
51938,5,5
51939,8,8
51940,7,7
51941,0,0
51942,0,0
51943,2,2
51944,0,0
51945,8,8
51946,7,7
51947,7,7
51948,7,7
51949,9,9
51950,2,2
51951,5,5
51952,1,1
51953,4,4
51954,0,0
51955,4,4
51956,5,5
51957,6,6
51958,9,9
51959,6,6
51960,4,4
51961,6,6
51962,0,0
51963,4,4
51964,8,8
51965,4,4
51966,5,5
51967,8,8
51968,7,7
51969,2,2
51970,2,2
51971,0,0
51972,7,7
51973,2,2
51974,5,5
51975,9,9
51976,7,7
51977,4,4
51978,3,3
51979,5,5
51980,3,3
51981,8,8
51982,5,5
51983,6,6
51984,8,8
51985,8,8
51986,3,3
51987,6,6
51988,1,1
51989,9,9
51990,7,7
51991,2,2
51992,3,3
51993,4,4
51994,7,7
51995,4,4
51996,0,0
51997,3,3
51998,1,1
51999,3,3
52000,4,4
52001,6,6
52002,1,1
52003,2,2
52004,3,3
52005,4,4
52006,3,3
52007,8,8
52008,0,0
52009,0,0
52010,0,0
52011,6,6
52012,7,7
52013,0,0
52014,9,9
52015,8,8
52016,6,6
52017,0,0
52018,0,0
52019,2,2
52020,1,1
52021,2,2
52022,1,1
52023,6,6
52024,5,5
52025,6,6
52026,8,8
52027,7,7
52028,3,3
52029,4,4
52030,5,5
52031,9,9
52032,1,1
52033,2,2
52034,0,0
52035,6,6
52036,3,3
52037,2,2
52038,7,7
52039,4,4
52040,9,9
52041,7,7
52042,1,1
52043,2,2
52044,2,2
52045,3,3
52046,1,1
52047,3,3
52048,4,4
52049,4,4
52050,2,2
52051,9,9
52052,5,5
52053,6,6
52054,4,4
52055,0,0
52056,1,1
52057,2,2
52058,1,1
52059,6,6
52060,0,0
52061,0,0
52062,1,1
52063,8,8
52064,2,2
52065,8,8
52066,4,4
52067,2,2
52068,9,9
52069,4,4
52070,1,1
52071,0,0
52072,2,2
52073,9,9
52074,5,5
52075,9,9
52076,4,4
52077,0,0
52078,1,1
52079,3,3
52080,7,7
52081,9,9
52082,1,1
52083,5,5
52084,1,1
52085,2,2
52086,5,5
52087,5,5
52088,1,1
52089,9,9
52090,7,7
52091,9,9
52092,5,5
52093,8,8
52094,5,5
52095,8,8
52096,7,7
52097,9,9
52098,7,7
52099,5,5
52100,1,1
52101,2,2
52102,4,4
52103,8,8
52104,7,7
52105,9,9
52106,3,3
52107,9,9
52108,7,7
52109,5,5
52110,1,1
52111,2,2
52112,0,0
52113,9,9
52114,3,3
52115,9,9
52116,7,7
52117,8,8
52118,6,6
52119,9,9
52120,1,1
52121,9,9
52122,0,0
52123,8,8
52124,0,0
52125,9,9
52126,2,2
52127,8,8
52128,5,5
52129,9,9
52130,3,3
52131,9,9
52132,7,7
52133,8,8
52134,2,2
52135,8,8
52136,1,1
52137,8,8
52138,0,0
52139,8,8
52140,8,8
52141,9,9
52142,1,1
52143,9,9
52144,5,5
52145,4,4
52146,5,5
52147,8,8
52148,5,5
52149,8,8
52150,9,9
52151,8,8
52152,8,8
52153,6,6
52154,2,2
52155,8,8
52156,4,4
52157,2,2
52158,8,8
52159,9,9
52160,7,7
52161,3,3
52162,8,8
52163,9,9
52164,7,7
52165,9,9
52166,0,0
52167,9,9
52168,7,7
52169,5,5
52170,7,7
52171,2,2
52172,0,0
52173,9,9
52174,1,1
52175,9,9
52176,8,8
52177,9,9
52178,8,8
52179,3,3
52180,0,0
52181,8,8
52182,3,3
52183,4,4
52184,5,5
52185,3,3
52186,9,9
52187,9,9
52188,1,1
52189,9,9
52190,7,7
52191,2,2
52192,7,7
52193,8,8
52194,4,4
52195,8,8
52196,8,8
52197,9,9
52198,4,4
52199,8,8
52200,5,5
52201,9,9
52202,3,3
52203,8,8
52204,5,5
52205,9,9
52206,5,5
52207,6,6
52208,6,6
52209,7,7
52210,0,0
52211,8,8
52212,4,4
52213,2,2
52214,0,0
52215,1,1
52216,5,5
52217,8,8
52218,4,4
52219,9,9
52220,9,9
52221,2,2
52222,5,5
52223,9,9
52224,6,6
52225,5,5
52226,3,3
52227,2,2
52228,7,7
52229,8,8
52230,0,0
52231,2,2
52232,8,8
52233,1,1
52234,1,1
52235,8,8
52236,5,5
52237,9,9
52238,3,3
52239,8,8
52240,7,7
52241,2,2
52242,7,7
52243,9,9
52244,1,1
52245,8,8
52246,0,0
52247,2,2
52248,1,1
52249,0,0
52250,2,2
52251,6,6
52252,7,7
52253,4,4
52254,1,1
52255,9,9
52256,0,0
52257,9,9
52258,0,0
52259,9,9
52260,0,0
52261,8,8
52262,9,9
52263,4,4
52264,7,7
52265,9,9
52266,2,2
52267,8,8
52268,9,9
52269,2,2
52270,0,0
52271,6,6
52272,7,7
52273,4,4
52274,5,5
52275,9,9
52276,3,3
52277,0,0
52278,1,1
52279,1,1
52280,8,8
52281,7,7
52282,4,4
52283,2,2
52284,2,2
52285,2,2
52286,5,5
52287,6,6
52288,3,3
52289,3,3
52290,1,1
52291,9,9
52292,1,1
52293,8,8
52294,5,5
52295,2,2
52296,7,7
52297,4,4
52298,7,7
52299,0,0
52300,7,7
52301,0,0
52302,8,8
52303,2,2
52304,8,8
52305,3,3
52306,5,5
52307,7,7
52308,5,5
52309,9,9
52310,2,2
52311,0,0
52312,3,3
52313,3,3
52314,7,7
52315,0,0
52316,9,9
52317,9,9
52318,3,3
52319,6,6
52320,3,3
52321,8,8
52322,5,5
52323,3,3
52324,0,0
52325,9,9
52326,7,7
52327,7,7
52328,0,0
52329,2,2
52330,0,0
52331,6,6
52332,7,7
52333,8,8
52334,9,9
52335,6,6
52336,2,2
52337,8,8
52338,4,4
52339,0,0
52340,0,0
52341,0,0
52342,1,1
52343,9,9
52344,0,0
52345,6,6
52346,5,5
52347,2,2
52348,5,5
52349,2,2
52350,7,7
52351,1,1
52352,2,2
52353,1,1
52354,3,3
52355,8,8
52356,5,5
52357,0,0
52358,5,5
52359,9,9
52360,9,9
52361,9,9
52362,1,1
52363,8,8
52364,2,2
52365,4,4
52366,6,6
52367,0,0
52368,1,1
52369,9,9
52370,6,6
52371,6,6
52372,5,5
52373,6,6
52374,4,4
52375,7,7
52376,1,1
52377,5,5
52378,7,7
52379,9,9
52380,4,4
52381,9,9
52382,1,1
52383,8,8
52384,5,5
52385,7,7
52386,7,7
52387,4,4
52388,7,7
52389,2,2
52390,7,7
52391,8,8
52392,0,0
52393,3,3
52394,7,7
52395,9,9
52396,4,4
52397,3,3
52398,2,2
52399,9,9
52400,6,6
52401,2,2
52402,5,5
52403,6,6
52404,7,7
52405,8,8
52406,0,0
52407,0,0
52408,6,6
52409,3,3
52410,9,9
52411,1,1
52412,4,4
52413,6,6
52414,0,0
52415,7,7
52416,1,1
52417,0,0
52418,1,1
52419,5,5
52420,4,4
52421,4,4
52422,1,1
52423,8,8
52424,5,5
52425,2,2
52426,4,4
52427,5,5
52428,3,3
52429,3,3
52430,7,7
52431,1,1
52432,7,7
52433,6,6
52434,4,4
52435,7,7
52436,0,0
52437,5,5
52438,3,3
52439,8,8
52440,6,6
52441,4,4
52442,5,5
52443,5,5
52444,1,1
52445,2,2
52446,2,2
52447,0,0
52448,5,5
52449,3,3
52450,9,9
52451,1,1
52452,7,7
52453,6,6
52454,1,1
52455,7,7
52456,9,9
52457,5,5
52458,2,2
52459,2,2
52460,9,9
52461,4,4
52462,5,5
52463,8,8
52464,6,6
52465,6,6
52466,8,8
52467,0,0
52468,2,2
52469,2,2
52470,3,3
52471,0,0
52472,1,1
52473,8,8
52474,7,7
52475,8,8
52476,7,7
52477,8,8
52478,2,2
52479,7,7
52480,8,8
52481,0,0
52482,4,4
52483,2,2
52484,8,8
52485,2,2
52486,8,8
52487,7,7
52488,6,6
52489,1,1
52490,0,0
52491,2,2
52492,9,9
52493,2,2
52494,4,4
52495,6,6
52496,7,7
52497,8,8
52498,1,1
52499,8,8
52500,5,5
52501,6,6
52502,4,4
52503,4,4
52504,4,4
52505,1,1
52506,0,0
52507,2,2
52508,3,3
52509,2,2
52510,0,0
52511,2,2
52512,6,6
52513,4,4
52514,5,5
52515,8,8
52516,4,4
52517,8,8
52518,4,4
52519,8,8
52520,3,3
52521,9,9
52522,0,0
52523,2,2
52524,9,9
52525,0,0
52526,3,3
52527,2,2
52528,8,8
52529,2,2
52530,1,1
52531,9,9
52532,5,5
52533,2,2
52534,4,4
52535,0,0
52536,5,5
52537,1,1
52538,5,5
52539,7,7
52540,2,2
52541,4,4
52542,4,4
52543,7,7
52544,6,6
52545,7,7
52546,0,0
52547,6,6
52548,1,1
52549,6,6
52550,7,7
52551,4,4
52552,1,1
52553,0,0
52554,3,3
52555,0,0
52556,0,0
52557,4,4
52558,3,3
52559,2,2
52560,4,4
52561,2,2
52562,1,1
52563,7,7
52564,5,5
52565,7,7
52566,5,5
52567,2,2
52568,0,0
52569,1,1
52570,1,1
52571,4,4
52572,0,0
52573,2,2
52574,6,6
52575,1,1
52576,0,0
52577,5,5
52578,5,5
52579,0,0
52580,0,0
52581,4,4
52582,9,9
52583,2,2
52584,4,4
52585,7,7
52586,1,1
52587,8,8
52588,0,0
52589,0,0
52590,7,7
52591,8,8
52592,0,0
52593,3,3
52594,1,1
52595,0,0
52596,3,3
52597,3,3
52598,4,4
52599,3,3
52600,5,5
52601,7,7
52602,6,6
52603,8,8
52604,0,0
52605,0,0
52606,0,0
52607,2,2
52608,0,0
52609,3,3
52610,9,9
52611,6,6
52612,2,2
52613,3,3
52614,1,1
52615,9,9
52616,9,9
52617,3,3
52618,0,0
52619,1,1
52620,4,4
52621,3,3
52622,1,1
52623,8,8
52624,1,1
52625,3,3
52626,4,4
52627,9,9
52628,7,7
52629,3,3
52630,7,7
52631,5,5
52632,1,1
52633,8,8
52634,6,6
52635,0,0
52636,7,7
52637,6,6
52638,0,0
52639,3,3
52640,4,4
52641,4,4
52642,5,5
52643,6,6
52644,9,9
52645,4,4
52646,0,0
52647,6,6
52648,1,1
52649,6,6
52650,3,3
52651,0,0
52652,5,5
52653,0,0
52654,1,1
52655,3,3
52656,1,1
52657,9,9
52658,5,5
52659,6,6
52660,6,6
52661,2,2
52662,1,1
52663,8,8
52664,2,2
52665,2,2
52666,5,5
52667,4,4
52668,1,1
52669,8,8
52670,8,8
52671,9,9
52672,5,5
52673,3,3
52674,2,2
52675,9,9
52676,7,7
52677,6,6
52678,1,1
52679,7,7
52680,8,8
52681,8,8
52682,5,5
52683,9,9
52684,6,6
52685,4,4
52686,5,5
52687,9,9
52688,4,4
52689,9,9
52690,7,7
52691,2,2
52692,1,1
52693,9,9
52694,1,1
52695,6,6
52696,3,3
52697,7,7
52698,2,2
52699,9,9
52700,7,7
52701,8,8
52702,7,7
52703,8,8
52704,5,5
52705,8,8
52706,8,8
52707,8,8
52708,5,5
52709,8,8
52710,1,1
52711,9,9
52712,5,5
52713,6,6
52714,0,0
52715,9,9
52716,4,4
52717,2,2
52718,0,0
52719,9,9
52720,3,3
52721,9,9
52722,2,2
52723,6,6
52724,4,4
52725,4,4
52726,6,6
52727,4,4
52728,3,3
52729,8,8
52730,0,0
52731,9,9
52732,0,0
52733,2,2
52734,0,0
52735,9,9
52736,0,0
52737,2,2
52738,6,6
52739,2,2
52740,0,0
52741,9,9
52742,4,4
52743,8,8
52744,1,1
52745,9,9
52746,2,2
52747,6,6
52748,5,5
52749,4,4
52750,8,8
52751,9,9
52752,5,5
52753,6,6
52754,1,1
52755,6,6
52756,0,0
52757,6,6
52758,1,1
52759,4,4
52760,0,0
52761,9,9
52762,9,9
52763,8,8
52764,0,0
52765,4,4
52766,2,2
52767,9,9
52768,4,4
52769,9,9
52770,5,5
52771,3,3
52772,0,0
52773,7,7
52774,6,6
52775,2,2
52776,2,2
52777,9,9
52778,7,7
52779,8,8
52780,1,1
52781,4,4
52782,7,7
52783,2,2
52784,6,6
52785,3,3
52786,0,0
52787,8,8
52788,4,4
52789,8,8
52790,7,7
52791,9,9
52792,7,7
52793,2,2
52794,7,7
52795,0,0
52796,6,6
52797,2,2
52798,7,7
52799,3,3
52800,7,7
52801,6,6
52802,1,1
52803,8,8
52804,3,3
52805,4,4
52806,1,1
52807,9,9
52808,6,6
52809,2,2
52810,7,7
52811,9,9
52812,8,8
52813,2,2
52814,7,7
52815,9,9
52816,7,7
52817,8,8
52818,7,7
52819,9,9
52820,9,9
52821,3,3
52822,9,9
52823,9,9
52824,0,0
52825,8,8
52826,2,2
52827,0,0
52828,1,1
52829,6,6
52830,2,2
52831,2,2
52832,3,3
52833,4,4
52834,9,9
52835,6,6
52836,3,3
52837,4,4
52838,5,5
52839,6,6
52840,6,6
52841,6,6
52842,9,9
52843,8,8
52844,4,4
52845,0,0
52846,0,0
52847,3,3
52848,7,7
52849,1,1
52850,9,9
52851,6,6
52852,5,5
52853,2,2
52854,1,1
52855,5,5
52856,4,4
52857,2,2
52858,4,4
52859,4,4
52860,2,2
52861,0,0
52862,5,5
52863,7,7
52864,2,2
52865,3,3
52866,5,5
52867,9,9
52868,1,1
52869,8,8
52870,9,9
52871,7,7
52872,1,1
52873,8,8
52874,6,6
52875,2,2
52876,0,0
52877,4,4
52878,1,1
52879,8,8
52880,4,4
52881,2,2
52882,1,1
52883,0,0
52884,1,1
52885,3,3
52886,0,0
52887,9,9
52888,1,1
52889,6,6
52890,2,2
52891,2,2
52892,7,7
52893,8,8
52894,9,9
52895,2,2
52896,5,5
52897,4,4
52898,6,6
52899,2,2
52900,7,7
52901,2,2
52902,7,7
52903,0,0
52904,2,2
52905,2,2
52906,1,1
52907,2,2
52908,4,4
52909,5,5
52910,3,3
52911,8,8
52912,4,4
52913,2,2
52914,7,7
52915,4,4
52916,1,1
52917,2,2
52918,5,5
52919,5,5
52920,5,5
52921,3,3
52922,0,0
52923,5,5
52924,7,7
52925,8,8
52926,0,0
52927,1,1
52928,2,2
52929,8,8
52930,3,3
52931,2,2
52932,6,6
52933,2,2
52934,3,3
52935,0,0
52936,7,7
52937,8,8
52938,8,8
52939,2,2
52940,9,9
52941,3,3
52942,6,6
52943,0,0
52944,7,7
52945,8,8
52946,4,4
52947,9,9
52948,0,0
52949,0,0
52950,2,2
52951,4,4
52952,9,9
52953,2,2
52954,2,2
52955,3,3
52956,6,6
52957,4,4
52958,5,5
52959,8,8
52960,0,0
52961,1,1
52962,7,7
52963,9,9
52964,8,8
52965,9,9
52966,7,7
52967,9,9
52968,6,6
52969,8,8
52970,2,2
52971,8,8
52972,7,7
52973,0,0
52974,7,7
52975,2,2
52976,4,4
52977,0,0
52978,7,7
52979,8,8
52980,7,7
52981,9,9
52982,6,6
52983,2,2
52984,1,1
52985,8,8
52986,5,5
52987,6,6
52988,0,0
52989,0,0
52990,1,1
52991,8,8
52992,0,0
52993,3,3
52994,7,7
52995,3,3
52996,8,8
52997,8,8
52998,5,5
52999,2,2
53000,2,2
53001,9,9
53002,2,2
53003,8,8
53004,9,9
53005,4,4
53006,5,5
53007,4,4
53008,6,6
53009,4,4
53010,0,0
53011,2,2
53012,1,1
53013,2,2
53014,3,3
53015,2,2
53016,1,1
53017,2,2
53018,1,1
53019,8,8
53020,5,5
53021,0,0
53022,5,5
53023,8,8
53024,7,7
53025,8,8
53026,6,6
53027,3,3
53028,2,2
53029,8,8
53030,3,3
53031,5,5
53032,0,0
53033,6,6
53034,6,6
53035,2,2
53036,8,8
53037,2,2
53038,3,3
53039,2,2
53040,1,1
53041,9,9
53042,7,7
53043,2,2
53044,0,0
53045,8,8
53046,7,7
53047,4,4
53048,7,7
53049,9,9
53050,7,7
53051,3,3
53052,0,0
53053,2,2
53054,2,2
53055,0,0
53056,6,6
53057,4,4
53058,1,1
53059,0,0
53060,8,8
53061,2,2
53062,4,4
53063,2,2
53064,7,7
53065,2,2
53066,8,8
53067,2,2
53068,4,4
53069,2,2
53070,5,5
53071,2,2
53072,6,6
53073,3,3
53074,8,8
53075,2,2
53076,6,6
53077,3,3
53078,8,8
53079,2,2
53080,1,1
53081,4,4
53082,7,7
53083,2,2
53084,7,7
53085,3,3
53086,2,2
53087,9,9
53088,6,6
53089,6,6
53090,9,9
53091,2,2
53092,2,2
53093,8,8
53094,8,8
53095,4,4
53096,2,2
53097,8,8
53098,1,1
53099,2,2
53100,7,7
53101,3,3
53102,5,5
53103,9,9
53104,7,7
53105,6,6
53106,4,4
53107,2,2
53108,7,7
53109,5,5
53110,2,2
53111,4,4
53112,2,2
53113,8,8
53114,7,7
53115,8,8
53116,5,5
53117,3,3
53118,3,3
53119,9,9
53120,5,5
53121,6,6
53122,2,2
53123,2,2
53124,4,4
53125,8,8
53126,5,5
53127,4,4
53128,2,2
53129,8,8
53130,5,5
53131,2,2
53132,6,6
53133,2,2
53134,8,8
53135,9,9
53136,2,2
53137,8,8
53138,6,6
53139,6,6
53140,1,1
53141,8,8
53142,0,0
53143,9,9
53144,8,8
53145,8,8
53146,0,0
53147,9,9
53148,9,9
53149,8,8
53150,7,7
53151,8,8
53152,4,4
53153,4,4
53154,0,0
53155,2,2
53156,5,5
53157,8,8
53158,1,1
53159,8,8
53160,1,1
53161,2,2
53162,1,1
53163,8,8
53164,0,0
53165,2,2
53166,0,0
53167,2,2
53168,1,1
53169,4,4
53170,5,5
53171,8,8
53172,7,7
53173,3,3
53174,3,3
53175,4,4
53176,1,1
53177,9,9
53178,1,1
53179,4,4
53180,1,1
53181,8,8
53182,7,7
53183,8,8
53184,7,7
53185,3,3
53186,2,2
53187,9,9
53188,8,8
53189,3,3
53190,0,0
53191,2,2
53192,5,5
53193,9,9
53194,1,1
53195,3,3
53196,1,1
53197,4,4
53198,4,4
53199,9,9
53200,2,2
53201,9,9
53202,0,0
53203,2,2
53204,5,5
53205,9,9
53206,1,1
53207,6,6
53208,2,2
53209,2,2
53210,0,0
53211,8,8
53212,3,3
53213,8,8
53214,0,0
53215,4,4
53216,3,3
53217,8,8
53218,6,6
53219,3,3
53220,4,4
53221,4,4
53222,0,0
53223,2,2
53224,9,9
53225,2,2
53226,8,8
53227,8,8
53228,1,1
53229,9,9
53230,4,4
53231,2,2
53232,0,0
53233,9,9
53234,8,8
53235,2,2
53236,0,0
53237,6,6
53238,5,5
53239,6,6
53240,2,2
53241,2,2
53242,5,5
53243,3,3
53244,0,0
53245,2,2
53246,2,2
53247,8,8
53248,8,8
53249,9,9
53250,8,8
53251,8,8
53252,7,7
53253,8,8
53254,0,0
53255,3,3
53256,3,3
53257,3,3
53258,0,0
53259,6,6
53260,0,0
53261,8,8
53262,7,7
53263,8,8
53264,5,5
53265,8,8
53266,1,1
53267,8,8
53268,2,2
53269,6,6
53270,3,3
53271,2,2
53272,0,0
53273,9,9
53274,0,0
53275,9,9
53276,8,8
53277,4,4
53278,1,1
53279,8,8
53280,5,5
53281,2,2
53282,7,7
53283,2,2
53284,6,6
53285,2,2
53286,7,7
53287,2,2
53288,8,8
53289,4,4
53290,3,3
53291,8,8
53292,7,7
53293,3,3
53294,2,2
53295,5,5
53296,7,7
53297,3,3
53298,3,3
53299,3,3
53300,5,5
53301,9,9
53302,8,8
53303,1,1
53304,1,1
53305,7,7
53306,7,7
53307,5,5
53308,1,1
53309,5,5
53310,1,1
53311,4,4
53312,2,2
53313,0,0
53314,1,1
53315,2,2
53316,4,4
53317,0,0
53318,4,4
53319,3,3
53320,2,2
53321,9,9
53322,6,6
53323,6,6
53324,0,0
53325,7,7
53326,1,1
53327,5,5
53328,3,3
53329,0,0
53330,1,1
53331,4,4
53332,7,7
53333,8,8
53334,5,5
53335,2,2
53336,5,5
53337,0,0
53338,8,8
53339,3,3
53340,6,6
53341,9,9
53342,5,5
53343,6,6
53344,5,5
53345,7,7
53346,0,0
53347,5,5
53348,1,1
53349,8,8
53350,3,3
53351,9,9
53352,7,7
53353,3,3
53354,3,3
53355,3,3
53356,2,2
53357,7,7
53358,7,7
53359,4,4
53360,3,3
53361,9,9
53362,5,5
53363,5,5
53364,0,0
53365,7,7
53366,1,1
53367,6,6
53368,8,8
53369,0,0
53370,5,5
53371,9,9
53372,0,0
53373,6,6
53374,7,7
53375,9,9
53376,7,7
53377,6,6
53378,5,5
53379,5,5
53380,3,3
53381,2,2
53382,7,7
53383,9,9
53384,0,0
53385,7,7
53386,5,5
53387,3,3
53388,6,6
53389,4,4
53390,6,6
53391,6,6
53392,0,0
53393,0,0
53394,1,1
53395,1,1
53396,0,0
53397,0,0
53398,5,5
53399,2,2
53400,2,2
53401,4,4
53402,7,7
53403,3,3
53404,2,2
53405,9,9
53406,4,4
53407,3,3
53408,7,7
53409,9,9
53410,2,2
53411,8,8
53412,7,7
53413,2,2
53414,2,2
53415,0,0
53416,4,4
53417,2,2
53418,8,8
53419,7,7
53420,7,7
53421,0,0
53422,1,1
53423,0,0
53424,0,0
53425,9,9
53426,5,5
53427,1,1
53428,2,2
53429,3,3
53430,9,9
53431,0,0
53432,3,3
53433,0,0
53434,1,1
53435,0,0
53436,1,1
53437,0,0
53438,0,0
53439,8,8
53440,2,2
53441,5,5
53442,0,0
53443,7,7
53444,3,3
53445,2,2
53446,0,0
53447,7,7
53448,9,9
53449,0,0
53450,0,0
53451,5,5
53452,5,5
53453,7,7
53454,3,3
53455,4,4
53456,5,5
53457,7,7
53458,5,5
53459,8,8
53460,7,7
53461,0,0
53462,0,0
53463,4,4
53464,7,7
53465,8,8
53466,7,7
53467,1,1
53468,1,1
53469,3,3
53470,8,8
53471,9,9
53472,4,4
53473,3,3
53474,7,7
53475,7,7
53476,1,1
53477,8,8
53478,1,1
53479,8,8
53480,7,7
53481,4,4
53482,9,9
53483,0,0
53484,1,1
53485,2,2
53486,7,7
53487,3,3
53488,7,7
53489,9,9
53490,0,0
53491,5,5
53492,0,0
53493,7,7
53494,6,6
53495,8,8
53496,1,1
53497,8,8
53498,1,1
53499,4,4
53500,9,9
53501,8,8
53502,3,3
53503,2,2
53504,7,7
53505,5,5
53506,2,2
53507,0,0
53508,8,8
53509,7,7
53510,8,8
53511,0,0
53512,9,9
53513,2,2
53514,1,1
53515,0,0
53516,4,4
53517,7,7
53518,9,9
53519,5,5
53520,7,7
53521,1,1
53522,2,2
53523,0,0
53524,3,3
53525,0,0
53526,4,4
53527,7,7
53528,5,5
53529,8,8
53530,5,5
53531,9,9
53532,5,5
53533,3,3
53534,4,4
53535,3,3
53536,3,3
53537,3,3
53538,2,2
53539,9,9
53540,4,4
53541,6,6
53542,7,7
53543,4,4
53544,5,5
53545,2,2
53546,0,0
53547,5,5
53548,8,8
53549,8,8
53550,5,5
53551,8,8
53552,7,7
53553,4,4
53554,0,0
53555,4,4
53556,7,7
53557,4,4
53558,5,5
53559,8,8
53560,7,7
53561,8,8
53562,3,3
53563,9,9
53564,9,9
53565,0,0
53566,7,7
53567,0,0
53568,2,2
53569,2,2
53570,1,1
53571,6,6
53572,7,7
53573,3,3
53574,7,7
53575,3,3
53576,0,0
53577,9,9
53578,2,2
53579,8,8
53580,2,2
53581,4,4
53582,0,0
53583,2,2
53584,1,1
53585,5,5
53586,7,7
53587,9,9
53588,4,4
53589,0,0
53590,0,0
53591,0,0
53592,5,5
53593,1,1
53594,1,1
53595,7,7
53596,0,0
53597,8,8
53598,7,7
53599,9,9
53600,1,1
53601,8,8
53602,5,5
53603,4,4
53604,9,9
53605,1,1
53606,4,4
53607,5,5
53608,6,6
53609,2,2
53610,1,1
53611,9,9
53612,5,5
53613,5,5
53614,0,0
53615,3,3
53616,0,0
53617,9,9
53618,0,0
53619,0,0
53620,1,1
53621,4,4
53622,5,5
53623,8,8
53624,8,8
53625,4,4
53626,7,7
53627,9,9
53628,6,6
53629,8,8
53630,7,7
53631,5,5
53632,3,3
53633,5,5
53634,2,2
53635,8,8
53636,9,9
53637,6,6
53638,7,7
53639,6,6
53640,2,2
53641,8,8
53642,7,7
53643,8,8
53644,6,6
53645,8,8
53646,4,4
53647,2,2
53648,7,7
53649,8,8
53650,6,6
53651,2,2
53652,4,4
53653,2,2
53654,0,0
53655,8,8
53656,1,1
53657,3,3
53658,6,6
53659,2,2
53660,2,2
53661,0,0
53662,1,1
53663,0,0
53664,1,1
53665,3,3
53666,5,5
53667,9,9
53668,1,1
53669,6,6
53670,3,3
53671,7,7
53672,2,2
53673,0,0
53674,5,5
53675,2,2
53676,0,0
53677,4,4
53678,3,3
53679,8,8
53680,0,0
53681,2,2
53682,5,5
53683,0,0
53684,3,3
53685,3,3
53686,1,1
53687,9,9
53688,7,7
53689,6,6
53690,7,7
53691,7,7
53692,6,6
53693,0,0
53694,8,8
53695,2,2
53696,7,7
53697,4,4
53698,0,0
53699,8,8
53700,0,0
53701,2,2
53702,0,0
53703,0,0
53704,7,7
53705,3,3
53706,4,4
53707,9,9
53708,6,6
53709,6,6
53710,5,5
53711,7,7
53712,7,7
53713,0,0
53714,9,9
53715,9,9
53716,7,7
53717,4,4
53718,7,7
53719,0,0
53720,1,1
53721,2,2
53722,7,7
53723,8,8
53724,7,7
53725,0,0
53726,1,1
53727,6,6
53728,7,7
53729,0,0
53730,7,7
53731,0,0
53732,7,7
53733,6,6
53734,3,3
53735,0,0
53736,9,9
53737,2,2
53738,5,5
53739,0,0
53740,1,1
53741,2,2
53742,6,6
53743,2,2
53744,6,6
53745,2,2
53746,1,1
53747,3,3
53748,1,1
53749,7,7
53750,1,1
53751,2,2
53752,0,0
53753,5,5
53754,2,2
53755,7,7
53756,2,2
53757,7,7
53758,7,7
53759,4,4
53760,0,0
53761,9,9
53762,6,6
53763,0,0
53764,0,0
53765,2,2
53766,0,0
53767,0,0
53768,5,5
53769,7,7
53770,0,0
53771,0,0
53772,6,6
53773,6,6
53774,2,2
53775,4,4
53776,5,5
53777,4,4
53778,0,0
53779,8,8
53780,1,1
53781,0,0
53782,7,7
53783,8,8
53784,0,0
53785,3,3
53786,2,2
53787,9,9
53788,3,3
53789,3,3
53790,9,9
53791,9,9
53792,1,1
53793,4,4
53794,2,2
53795,2,2
53796,7,7
53797,2,2
53798,1,1
53799,6,6
53800,3,3
53801,8,8
53802,7,7
53803,7,7
53804,1,1
53805,9,9
53806,8,8
53807,0,0
53808,0,0
53809,2,2
53810,5,5
53811,2,2
53812,7,7
53813,8,8
53814,3,3
53815,7,7
53816,1,1
53817,2,2
53818,4,4
53819,6,6
53820,8,8
53821,5,5
53822,8,8
53823,9,9
53824,9,9
53825,6,6
53826,7,7
53827,4,4
53828,1,1
53829,2,2
53830,4,4
53831,0,0
53832,9,9
53833,9,9
53834,0,0
53835,6,6
53836,0,0
53837,6,6
53838,7,7
53839,8,8
53840,4,4
53841,0,0
53842,9,9
53843,8,8
53844,7,7
53845,0,0
53846,7,7
53847,0,0
53848,2,2
53849,9,9
53850,0,0
53851,3,3
53852,0,0
53853,0,0
53854,5,5
53855,8,8
53856,8,8
53857,3,3
53858,0,0
53859,4,4
53860,0,0
53861,3,3
53862,6,6
53863,7,7
53864,2,2
53865,2,2
53866,5,5
53867,0,0
53868,0,0
53869,4,4
53870,1,1
53871,9,9
53872,5,5
53873,0,0
53874,1,1
53875,7,7
53876,6,6
53877,4,4
53878,6,6
53879,6,6
53880,3,3
53881,3,3
53882,5,5
53883,0,0
53884,6,6
53885,2,2
53886,8,8
53887,9,9
53888,0,0
53889,7,7
53890,8,8
53891,9,9
53892,4,4
53893,3,3
53894,3,3
53895,8,8
53896,1,1
53897,3,3
53898,5,5
53899,9,9
53900,2,2
53901,6,6
53902,0,0
53903,2,2
53904,1,1
53905,8,8
53906,1,1
53907,9,9
53908,1,1
53909,3,3
53910,1,1
53911,5,5
53912,5,5
53913,2,2
53914,0,0
53915,8,8
53916,3,3
53917,3,3
53918,4,4
53919,9,9
53920,1,1
53921,6,6
53922,0,0
53923,7,7
53924,3,3
53925,8,8
53926,1,1
53927,2,2
53928,2,2
53929,4,4
53930,1,1
53931,8,8
53932,3,3
53933,2,2
53934,3,3
53935,8,8
53936,3,3
53937,9,9
53938,7,7
53939,9,9
53940,2,2
53941,6,6
53942,7,7
53943,2,2
53944,0,0
53945,8,8
53946,7,7
53947,9,9
53948,5,5
53949,4,4
53950,0,0
53951,8,8
53952,2,2
53953,2,2
53954,7,7
53955,8,8
53956,5,5
53957,3,3
53958,7,7
53959,3,3
53960,7,7
53961,8,8
53962,8,8
53963,6,6
53964,0,0
53965,8,8
53966,1,1
53967,6,6
53968,9,9
53969,4,4
53970,8,8
53971,2,2
53972,1,1
53973,2,2
53974,0,0
53975,7,7
53976,3,3
53977,8,8
53978,1,1
53979,2,2
53980,1,1
53981,4,4
53982,3,3
53983,4,4
53984,1,1
53985,8,8
53986,0,0
53987,7,7
53988,8,8
53989,6,6
53990,5,5
53991,4,4
53992,2,2
53993,4,4
53994,7,7
53995,7,7
53996,2,2
53997,2,2
53998,0,0
53999,2,2
54000,7,7
54001,2,2
54002,7,7
54003,3,3
54004,3,3
54005,9,9
54006,2,2
54007,9,9
54008,2,2
54009,8,8
54010,2,2
54011,8,8
54012,3,3
54013,7,7
54014,7,7
54015,2,2
54016,7,7
54017,8,8
54018,4,4
54019,9,9
54020,7,7
54021,8,8
54022,8,8
54023,9,9
54024,7,7
54025,6,6
54026,5,5
54027,9,9
54028,1,1
54029,7,7
54030,0,0
54031,8,8
54032,4,4
54033,6,6
54034,2,2
54035,8,8
54036,1,1
54037,8,8
54038,5,5
54039,8,8
54040,7,7
54041,8,8
54042,5,5
54043,6,6
54044,7,7
54045,2,2
54046,5,5
54047,2,2
54048,5,5
54049,4,4
54050,8,8
54051,4,4
54052,6,6
54053,2,2
54054,2,2
54055,8,8
54056,7,7
54057,8,8
54058,6,6
54059,9,9
54060,7,7
54061,9,9
54062,7,7
54063,8,8
54064,5,5
54065,6,6
54066,5,5
54067,9,9
54068,4,4
54069,8,8
54070,1,1
54071,9,9
54072,0,0
54073,7,7
54074,3,3
54075,6,6
54076,0,0
54077,2,2
54078,6,6
54079,9,9
54080,3,3
54081,5,5
54082,5,5
54083,3,3
54084,1,1
54085,8,8
54086,1,1
54087,9,9
54088,7,7
54089,3,3
54090,6,6
54091,9,9
54092,2,2
54093,2,2
54094,9,9
54095,6,6
54096,0,0
54097,8,8
54098,0,0
54099,8,8
54100,1,1
54101,3,3
54102,7,7
54103,9,9
54104,2,2
54105,6,6
54106,0,0
54107,7,7
54108,3,3
54109,0,0
54110,6,6
54111,2,2
54112,8,8
54113,4,4
54114,0,0
54115,0,0
54116,5,5
54117,7,7
54118,0,0
54119,0,0
54120,2,2
54121,3,3
54122,1,1
54123,1,1
54124,4,4
54125,6,6
54126,1,1
54127,7,7
54128,6,6
54129,8,8
54130,1,1
54131,2,2
54132,2,2
54133,4,4
54134,1,1
54135,8,8
54136,7,7
54137,2,2
54138,0,0
54139,5,5
54140,7,7
54141,3,3
54142,0,0
54143,1,1
54144,0,0
54145,6,6
54146,5,5
54147,7,7
54148,0,0
54149,5,5
54150,4,4
54151,7,7
54152,8,8
54153,4,4
54154,0,0
54155,0,0
54156,0,0
54157,7,7
54158,5,5
54159,2,2
54160,7,7
54161,4,4
54162,7,7
54163,2,2
54164,1,1
54165,9,9
54166,5,5
54167,8,8
54168,6,6
54169,6,6
54170,0,0
54171,5,5
54172,4,4
54173,1,1
54174,7,7
54175,5,5
54176,8,8
54177,9,9
54178,8,8
54179,8,8
54180,7,7
54181,8,8
54182,1,1
54183,4,4
54184,2,2
54185,7,7
54186,9,9
54187,8,8
54188,2,2
54189,2,2
54190,1,1
54191,2,2
54192,2,2
54193,8,8
54194,3,3
54195,7,7
54196,4,4
54197,5,5
54198,7,7
54199,1,1
54200,4,4
54201,7,7
54202,2,2
54203,2,2
54204,5,5
54205,4,4
54206,4,4
54207,8,8
54208,1,1
54209,2,2
54210,1,1
54211,4,4
54212,5,5
54213,1,1
54214,3,3
54215,4,4
54216,2,2
54217,2,2
54218,0,0
54219,8,8
54220,6,6
54221,3,3
54222,0,0
54223,1,1
54224,4,4
54225,7,7
54226,2,2
54227,4,4
54228,7,7
54229,3,3
54230,7,7
54231,2,2
54232,3,3
54233,7,7
54234,0,0
54235,3,3
54236,1,1
54237,4,4
54238,6,6
54239,1,1
54240,1,1
54241,7,7
54242,7,7
54243,2,2
54244,0,0
54245,0,0
54246,2,2
54247,6,6
54248,7,7
54249,7,7
54250,1,1
54251,0,0
54252,4,4
54253,8,8
54254,1,1
54255,4,4
54256,0,0
54257,0,0
54258,2,2
54259,9,9
54260,7,7
54261,8,8
54262,5,5
54263,3,3
54264,1,1
54265,4,4
54266,5,5
54267,8,8
54268,1,1
54269,1,1
54270,7,7
54271,6,6
54272,3,3
54273,7,7
54274,0,0
54275,0,0
54276,8,8
54277,6,6
54278,5,5
54279,0,0
54280,2,2
54281,2,2
54282,2,2
54283,2,2
54284,0,0
54285,2,2
54286,6,6
54287,8,8
54288,5,5
54289,2,2
54290,3,3
54291,7,7
54292,6,6
54293,9,9
54294,8,8
54295,2,2
54296,7,7
54297,6,6
54298,4,4
54299,6,6
54300,0,0
54301,7,7
54302,2,2
54303,3,3
54304,7,7
54305,6,6
54306,6,6
54307,0,0
54308,2,2
54309,5,5
54310,1,1
54311,8,8
54312,5,5
54313,3,3
54314,1,1
54315,6,6
54316,4,4
54317,0,0
54318,1,1
54319,0,0
54320,3,3
54321,0,0
54322,1,1
54323,0,0
54324,8,8
54325,6,6
54326,6,6
54327,2,2
54328,7,7
54329,9,9
54330,6,6
54331,7,7
54332,4,4
54333,4,4
54334,0,0
54335,0,0
54336,7,7
54337,2,2
54338,6,6
54339,7,7
54340,1,1
54341,2,2
54342,1,1
54343,7,7
54344,2,2
54345,4,4
54346,2,2
54347,8,8
54348,4,4
54349,3,3
54350,7,7
54351,3,3
54352,9,9
54353,1,1
54354,3,3
54355,6,6
54356,3,3
54357,7,7
54358,0,0
54359,5,5
54360,5,5
54361,7,7
54362,2,2
54363,4,4
54364,8,8
54365,0,0
54366,7,7
54367,2,2
54368,3,3
54369,8,8
54370,4,4
54371,3,3
54372,0,0
54373,1,1
54374,8,8
54375,6,6
54376,5,5
54377,7,7
54378,1,1
54379,5,5
54380,1,1
54381,7,7
54382,5,5
54383,4,4
54384,1,1
54385,0,0
54386,0,0
54387,2,2
54388,1,1
54389,0,0
54390,4,4
54391,3,3
54392,3,3
54393,1,1
54394,1,1
54395,5,5
54396,0,0
54397,7,7
54398,7,7
54399,0,0
54400,7,7
54401,7,7
54402,1,1
54403,5,5
54404,3,3
54405,0,0
54406,7,7
54407,2,2
54408,6,6
54409,4,4
54410,8,8
54411,2,2
54412,0,0
54413,7,7
54414,3,3
54415,5,5
54416,1,1
54417,1,1
54418,1,1
54419,5,5
54420,4,4
54421,3,3
54422,5,5
54423,2,2
54424,6,6
54425,5,5
54426,0,0
54427,0,0
54428,1,1
54429,7,7
54430,0,0
54431,5,5
54432,6,6
54433,4,4
54434,1,1
54435,8,8
54436,0,0
54437,2,2
54438,1,1
54439,0,0
54440,6,6
54441,0,0
54442,2,2
54443,0,0
54444,7,7
54445,3,3
54446,7,7
54447,0,0
54448,7,7
54449,0,0
54450,2,2
54451,0,0
54452,1,1
54453,8,8
54454,6,6
54455,5,5
54456,6,6
54457,6,6
54458,1,1
54459,3,3
54460,7,7
54461,7,7
54462,4,4
54463,2,2
54464,3,3
54465,7,7
54466,5,5
54467,0,0
54468,1,1
54469,7,7
54470,1,1
54471,2,2
54472,5,5
54473,5,5
54474,3,3
54475,4,4
54476,7,7
54477,0,0
54478,0,0
54479,1,1
54480,6,6
54481,7,7
54482,0,0
54483,7,7
54484,6,6
54485,1,1
54486,3,3
54487,7,7
54488,7,7
54489,1,1
54490,4,4
54491,7,7
54492,7,7
54493,7,7
54494,0,0
54495,2,2
54496,4,4
54497,8,8
54498,0,0
54499,7,7
54500,7,7
54501,9,9
54502,7,7
54503,4,4
54504,0,0
54505,2,2
54506,1,1
54507,7,7
54508,1,1
54509,5,5
54510,8,8
54511,6,6
54512,3,3
54513,6,6
54514,7,7
54515,3,3
54516,7,7
54517,0,0
54518,4,4
54519,6,6
54520,7,7
54521,8,8
54522,0,0
54523,4,4
54524,2,2
54525,7,7
54526,7,7
54527,6,6
54528,7,7
54529,0,0
54530,2,2
54531,7,7
54532,1,1
54533,1,1
54534,7,7
54535,7,7
54536,5,5
54537,4,4
54538,0,0
54539,5,5
54540,0,0
54541,6,6
54542,0,0
54543,1,1
54544,9,9
54545,6,6
54546,0,0
54547,5,5
54548,0,0
54549,3,3
54550,7,7
54551,2,2
54552,1,1
54553,6,6
54554,9,9
54555,0,0
54556,4,4
54557,9,9
54558,8,8
54559,7,7
54560,7,7
54561,8,8
54562,7,7
54563,8,8
54564,2,2
54565,8,8
54566,7,7
54567,8,8
54568,7,7
54569,2,2
54570,4,4
54571,0,0
54572,4,4
54573,6,6
54574,4,4
54575,0,0
54576,1,1
54577,7,7
54578,5,5
54579,1,1
54580,1,1
54581,7,7
54582,0,0
54583,4,4
54584,5,5
54585,2,2
54586,1,1
54587,7,7
54588,5,5
54589,7,7
54590,9,9
54591,4,4
54592,5,5
54593,2,2
54594,7,7
54595,3,3
54596,7,7
54597,3,3
54598,7,7
54599,0,0
54600,3,3
54601,0,0
54602,2,2
54603,7,7
54604,7,7
54605,1,1
54606,8,8
54607,1,1
54608,7,7
54609,3,3
54610,4,4
54611,1,1
54612,5,5
54613,6,6
54614,1,1
54615,7,7
54616,7,7
54617,0,0
54618,4,4
54619,2,2
54620,3,3
54621,4,4
54622,7,7
54623,0,0
54624,7,7
54625,2,2
54626,7,7
54627,0,0
54628,1,1
54629,3,3
54630,4,4
54631,1,1
54632,8,8
54633,6,6
54634,0,0
54635,7,7
54636,2,2
54637,0,0
54638,0,0
54639,2,2
54640,7,7
54641,4,4
54642,3,3
54643,8,8
54644,8,8
54645,2,2
54646,5,5
54647,0,0
54648,7,7
54649,3,3
54650,0,0
54651,1,1
54652,4,4
54653,6,6
54654,2,2
54655,7,7
54656,2,2
54657,0,0
54658,7,7
54659,2,2
54660,7,7
54661,4,4
54662,4,4
54663,0,0
54664,1,1
54665,2,2
54666,0,0
54667,0,0
54668,5,5
54669,0,0
54670,2,2
54671,2,2
54672,5,5
54673,2,2
54674,7,7
54675,9,9
54676,1,1
54677,0,0
54678,1,1
54679,0,0
54680,6,6
54681,0,0
54682,5,5
54683,9,9
54684,7,7
54685,2,2
54686,5,5
54687,8,8
54688,0,0
54689,3,3
54690,7,7
54691,0,0
54692,9,9
54693,9,9
54694,2,2
54695,8,8
54696,0,0
54697,7,7
54698,5,5
54699,4,4
54700,7,7
54701,8,8
54702,5,5
54703,2,2
54704,7,7
54705,2,2
54706,7,7
54707,7,7
54708,9,9
54709,6,6
54710,5,5
54711,2,2
54712,2,2
54713,0,0
54714,6,6
54715,3,3
54716,1,1
54717,4,4
54718,0,0
54719,1,1
54720,9,9
54721,0,0
54722,2,2
54723,9,9
54724,7,7
54725,2,2
54726,2,2
54727,2,2
54728,3,3
54729,5,5
54730,7,7
54731,8,8
54732,0,0
54733,4,4
54734,0,0
54735,2,2
54736,7,7
54737,6,6
54738,0,0
54739,7,7
54740,8,8
54741,2,2
54742,8,8
54743,0,0
54744,1,1
54745,0,0
54746,7,7
54747,2,2
54748,5,5
54749,2,2
54750,2,2
54751,0,0
54752,1,1
54753,9,9
54754,7,7
54755,3,3
54756,1,1
54757,2,2
54758,9,9
54759,0,0
54760,8,8
54761,8,8
54762,5,5
54763,8,8
54764,3,3
54765,6,6
54766,5,5
54767,2,2
54768,6,6
54769,8,8
54770,5,5
54771,4,4
54772,7,7
54773,9,9
54774,2,2
54775,9,9
54776,4,4
54777,0,0
54778,1,1
54779,9,9
54780,7,7
54781,9,9
54782,6,6
54783,3,3
54784,9,9
54785,0,0
54786,1,1
54787,2,2
54788,5,5
54789,8,8
54790,6,6
54791,8,8
54792,0,0
54793,8,8
54794,1,1
54795,6,6
54796,6,6
54797,7,7
54798,7,7
54799,4,4
54800,3,3
54801,0,0
54802,5,5
54803,1,1
54804,3,3
54805,6,6
54806,6,6
54807,0,0
54808,3,3
54809,1,1
54810,7,7
54811,2,2
54812,3,3
54813,5,5
54814,6,6
54815,6,6
54816,1,1
54817,3,3
54818,0,0
54819,8,8
54820,4,4
54821,2,2
54822,3,3
54823,4,4
54824,1,1
54825,9,9
54826,0,0
54827,8,8
54828,7,7
54829,2,2
54830,4,4
54831,6,6
54832,3,3
54833,3,3
54834,1,1
54835,3,3
54836,2,2
54837,6,6
54838,6,6
54839,2,2
54840,6,6
54841,4,4
54842,2,2
54843,0,0
54844,3,3
54845,7,7
54846,2,2
54847,4,4
54848,1,1
54849,2,2
54850,0,0
54851,4,4
54852,8,8
54853,3,3
54854,6,6
54855,9,9
54856,1,1
54857,6,6
54858,7,7
54859,2,2
54860,5,5
54861,8,8
54862,2,2
54863,8,8
54864,1,1
54865,3,3
54866,6,6
54867,2,2
54868,7,7
54869,8,8
54870,1,1
54871,8,8
54872,1,1
54873,3,3
54874,0,0
54875,9,9
54876,1,1
54877,6,6
54878,0,0
54879,2,2
54880,5,5
54881,8,8
54882,5,5
54883,9,9
54884,2,2
54885,6,6
54886,1,1
54887,8,8
54888,2,2
54889,2,2
54890,8,8
54891,8,8
54892,7,7
54893,6,6
54894,6,6
54895,8,8
54896,8,8
54897,9,9
54898,0,0
54899,9,9
54900,2,2
54901,9,9
54902,7,7
54903,8,8
54904,9,9
54905,8,8
54906,5,5
54907,4,4
54908,9,9
54909,9,9
54910,7,7
54911,9,9
54912,0,0
54913,9,9
54914,2,2
54915,2,2
54916,5,5
54917,9,9
54918,0,0
54919,1,1
54920,2,2
54921,8,8
54922,3,3
54923,4,4
54924,6,6
54925,8,8
54926,9,9
54927,3,3
54928,0,0
54929,4,4
54930,7,7
54931,9,9
54932,4,4
54933,9,9
54934,7,7
54935,9,9
54936,1,1
54937,8,8
54938,8,8
54939,3,3
54940,5,5
54941,3,3
54942,7,7
54943,6,6
54944,5,5
54945,4,4
54946,1,1
54947,9,9
54948,5,5
54949,9,9
54950,7,7
54951,6,6
54952,7,7
54953,2,2
54954,6,6
54955,8,8
54956,9,9
54957,8,8
54958,8,8
54959,4,4
54960,5,5
54961,8,8
54962,0,0
54963,9,9
54964,0,0
54965,8,8
54966,5,5
54967,3,3
54968,1,1
54969,4,4
54970,0,0
54971,8,8
54972,7,7
54973,5,5
54974,1,1
54975,9,9
54976,2,2
54977,2,2
54978,6,6
54979,9,9
54980,3,3
54981,5,5
54982,3,3
54983,2,2
54984,0,0
54985,3,3
54986,1,1
54987,6,6
54988,7,7
54989,8,8
54990,2,2
54991,8,8
54992,4,4
54993,8,8
54994,5,5
54995,8,8
54996,0,0
54997,3,3
54998,0,0
54999,3,3
55000,9,9
55001,6,6
55002,7,7
55003,8,8
55004,0,0
55005,9,9
55006,3,3
55007,8,8
55008,7,7
55009,8,8
55010,2,2
55011,5,5
55012,4,4
55013,8,8
55014,9,9
55015,9,9
55016,4,4
55017,2,2
55018,1,1
55019,6,6
55020,2,2
55021,8,8
55022,9,9
55023,3,3
55024,5,5
55025,8,8
55026,2,2
55027,3,3
55028,7,7
55029,3,3
55030,3,3
55031,1,1
55032,6,6
55033,6,6
55034,8,8
55035,7,7
55036,1,1
55037,5,5
55038,7,7
55039,4,4
55040,6,6
55041,0,0
55042,5,5
55043,2,2
55044,1,1
55045,3,3
55046,9,9
55047,1,1
55048,3,3
55049,6,6
55050,7,7
55051,7,7
55052,1,1
55053,5,5
55054,2,2
55055,8,8
55056,3,3
55057,4,4
55058,2,2
55059,0,0
55060,7,7
55061,2,2
55062,7,7
55063,8,8
55064,5,5
55065,3,3
55066,4,4
55067,9,9
55068,5,5
55069,6,6
55070,6,6
55071,7,7
55072,5,5
55073,0,0
55074,5,5
55075,9,9
55076,0,0
55077,4,4
55078,5,5
55079,8,8
55080,1,1
55081,2,2
55082,9,9
55083,1,1
55084,0,0
55085,5,5
55086,8,8
55087,0,0
55088,0,0
55089,6,6
55090,9,9
55091,7,7
55092,0,0
55093,7,7
55094,8,8
55095,3,3
55096,4,4
55097,5,5
55098,0,0
55099,2,2
55100,6,6
55101,5,5
55102,5,5
55103,9,9
55104,7,7
55105,3,3
55106,7,7
55107,2,2
55108,0,0
55109,5,5
55110,3,3
55111,4,4
55112,4,4
55113,8,8
55114,8,8
55115,3,3
55116,4,4
55117,8,8
55118,2,2
55119,0,0
55120,0,0
55121,1,1
55122,7,7
55123,4,4
55124,5,5
55125,0,0
55126,8,8
55127,9,9
55128,3,3
55129,6,6
55130,3,3
55131,0,0
55132,2,2
55133,2,2
55134,4,4
55135,4,4
55136,0,0
55137,6,6
55138,4,4
55139,7,7
55140,9,9
55141,0,0
55142,1,1
55143,4,4
55144,7,7
55145,7,7
55146,1,1
55147,8,8
55148,2,2
55149,6,6
55150,1,1
55151,2,2
55152,3,3
55153,8,8
55154,4,4
55155,9,9
55156,7,7
55157,6,6
55158,6,6
55159,5,5
55160,0,0
55161,2,2
55162,4,4
55163,6,6
55164,7,7
55165,9,9
55166,4,4
55167,8,8
55168,4,4
55169,9,9
55170,7,7
55171,8,8
55172,6,6
55173,9,9
55174,0,0
55175,9,9
55176,6,6
55177,3,3
55178,5,5
55179,2,2
55180,8,8
55181,8,8
55182,2,2
55183,6,6
55184,0,0
55185,4,4
55186,6,6
55187,8,8
55188,5,5
55189,8,8
55190,1,1
55191,0,0
55192,7,7
55193,6,6
55194,6,6
55195,8,8
55196,4,4
55197,8,8
55198,7,7
55199,6,6
55200,0,0
55201,0,0
55202,1,1
55203,6,6
55204,7,7
55205,8,8
55206,4,4
55207,0,0
55208,1,1
55209,6,6
55210,8,8
55211,2,2
55212,7,7
55213,4,4
55214,9,9
55215,9,9
55216,8,8
55217,3,3
55218,2,2
55219,4,4
55220,6,6
55221,2,2
55222,1,1
55223,2,2
55224,0,0
55225,2,2
55226,4,4
55227,3,3
55228,6,6
55229,2,2
55230,1,1
55231,7,7
55232,1,1
55233,9,9
55234,7,7
55235,0,0
55236,1,1
55237,8,8
55238,8,8
55239,4,4
55240,0,0
55241,2,2
55242,3,3
55243,8,8
55244,5,5
55245,4,4
55246,3,3
55247,0,0
55248,7,7
55249,2,2
55250,7,7
55251,3,3
55252,4,4
55253,3,3
55254,3,3
55255,4,4
55256,7,7
55257,7,7
55258,0,0
55259,3,3
55260,9,9
55261,9,9
55262,1,1
55263,6,6
55264,9,9
55265,0,0
55266,0,0
55267,9,9
55268,7,7
55269,2,2
55270,0,0
55271,9,9
55272,7,7
55273,4,4
55274,9,9
55275,3,3
55276,0,0
55277,3,3
55278,6,6
55279,1,1
55280,5,5
55281,9,9
55282,5,5
55283,2,2
55284,2,2
55285,0,0
55286,1,1
55287,2,2
55288,7,7
55289,4,4
55290,3,3
55291,8,8
55292,7,7
55293,8,8
55294,0,0
55295,0,0
55296,9,9
55297,4,4
55298,0,0
55299,9,9
55300,6,6
55301,2,2
55302,7,7
55303,8,8
55304,1,1
55305,2,2
55306,1,1
55307,4,4
55308,7,7
55309,8,8
55310,1,1
55311,8,8
55312,6,6
55313,0,0
55314,4,4
55315,3,3
55316,7,7
55317,9,9
55318,0,0
55319,9,9
55320,5,5
55321,2,2
55322,7,7
55323,8,8
55324,9,9
55325,2,2
55326,6,6
55327,4,4
55328,0,0
55329,5,5
55330,7,7
55331,2,2
55332,5,5
55333,0,0
55334,7,7
55335,1,1
55336,7,7
55337,0,0
55338,1,1
55339,0,0
55340,1,1
55341,2,2
55342,2,2
55343,7,7
55344,8,8
55345,3,3
55346,0,0
55347,8,8
55348,4,4
55349,2,2
55350,4,4
55351,8,8
55352,9,9
55353,2,2
55354,3,3
55355,3,3
55356,7,7
55357,2,2
55358,1,1
55359,8,8
55360,6,6
55361,3,3
55362,4,4
55363,8,8
55364,5,5
55365,8,8
55366,2,2
55367,4,4
55368,9,9
55369,0,0
55370,0,0
55371,1,1
55372,4,4
55373,6,6
55374,0,0
55375,0,0
55376,7,7
55377,2,2
55378,7,7
55379,4,4
55380,9,9
55381,6,6
55382,4,4
55383,2,2
55384,8,8
55385,5,5
55386,9,9
55387,4,4
55388,7,7
55389,2,2
55390,4,4
55391,6,6
55392,7,7
55393,2,2
55394,2,2
55395,9,9
55396,2,2
55397,9,9
55398,2,2
55399,6,6
55400,3,3
55401,0,0
55402,3,3
55403,2,2
55404,1,1
55405,2,2
55406,0,0
55407,2,2
55408,3,3
55409,0,0
55410,3,3
55411,1,1
55412,1,1
55413,8,8
55414,7,7
55415,9,9
55416,0,0
55417,9,9
55418,0,0
55419,2,2
55420,4,4
55421,8,8
55422,0,0
55423,8,8
55424,0,0
55425,0,0
55426,0,0
55427,8,8
55428,7,7
55429,6,6
55430,2,2
55431,9,9
55432,7,7
55433,6,6
55434,7,7
55435,0,0
55436,7,7
55437,6,6
55438,5,5
55439,8,8
55440,7,7
55441,0,0
55442,2,2
55443,6,6
55444,0,0
55445,2,2
55446,8,8
55447,4,4
55448,9,9
55449,9,9
55450,5,5
55451,2,2
55452,9,9
55453,2,2
55454,0,0
55455,2,2
55456,1,1
55457,3,3
55458,5,5
55459,2,2
55460,7,7
55461,1,1
55462,2,2
55463,2,2
55464,5,5
55465,0,0
55466,0,0
55467,0,0
55468,5,5
55469,0,0
55470,7,7
55471,2,2
55472,7,7
55473,5,5
55474,7,7
55475,1,1
55476,0,0
55477,0,0
55478,1,1
55479,3,3
55480,0,0
55481,2,2
55482,7,7
55483,4,4
55484,2,2
55485,2,2
55486,9,9
55487,3,3
55488,1,1
55489,9,9
55490,5,5
55491,2,2
55492,5,5
55493,0,0
55494,8,8
55495,1,1
55496,3,3
55497,2,2
55498,2,2
55499,9,9
55500,1,1
55501,3,3
55502,1,1
55503,5,5
55504,6,6
55505,9,9
55506,8,8
55507,6,6
55508,6,6
55509,2,2
55510,5,5
55511,8,8
55512,4,4
55513,3,3
55514,0,0
55515,4,4
55516,5,5
55517,8,8
55518,0,0
55519,2,2
55520,4,4
55521,3,3
55522,5,5
55523,9,9
55524,1,1
55525,6,6
55526,7,7
55527,2,2
55528,6,6
55529,8,8
55530,1,1
55531,2,2
55532,0,0
55533,4,4
55534,7,7
55535,8,8
55536,4,4
55537,2,2
55538,0,0
55539,0,0
55540,7,7
55541,3,3
55542,6,6
55543,9,9
55544,8,8
55545,4,4
55546,5,5
55547,6,6
55548,7,7
55549,5,5
55550,7,7
55551,4,4
55552,5,5
55553,0,0
55554,7,7
55555,7,7
55556,3,3
55557,2,2
55558,4,4
55559,4,4
55560,0,0
55561,4,4
55562,0,0
55563,8,8
55564,5,5
55565,4,4
55566,7,7
55567,9,9
55568,0,0
55569,0,0
55570,5,5
55571,0,0
55572,7,7
55573,0,0
55574,1,1
55575,5,5
55576,3,3
55577,5,5
55578,1,1
55579,2,2
55580,1,1
55581,2,2
55582,3,3
55583,1,1
55584,4,4
55585,0,0
55586,0,0
55587,9,9
55588,2,2
55589,6,6
55590,4,4
55591,9,9
55592,7,7
55593,3,3
55594,1,1
55595,0,0
55596,1,1
55597,0,0
55598,0,0
55599,0,0
55600,5,5
55601,9,9
55602,2,2
55603,0,0
55604,1,1
55605,0,0
55606,1,1
55607,8,8
55608,0,0
55609,9,9
55610,2,2
55611,2,2
55612,7,7
55613,0,0
55614,2,2
55615,5,5
55616,5,5
55617,3,3
55618,2,2
55619,2,2
55620,9,9
55621,9,9
55622,3,3
55623,2,2
55624,3,3
55625,6,6
55626,5,5
55627,4,4
55628,2,2
55629,6,6
55630,5,5
55631,3,3
55632,2,2
55633,5,5
55634,1,1
55635,9,9
55636,0,0
55637,6,6
55638,1,1
55639,9,9
55640,7,7
55641,8,8
55642,5,5
55643,9,9
55644,1,1
55645,4,4
55646,3,3
55647,8,8
55648,5,5
55649,2,2
55650,1,1
55651,3,3
55652,0,0
55653,6,6
55654,5,5
55655,6,6
55656,3,3
55657,6,6
55658,8,8
55659,0,0
55660,4,4
55661,9,9
55662,6,6
55663,3,3
55664,3,3
55665,2,2
55666,3,3
55667,9,9
55668,8,8
55669,6,6
55670,4,4
55671,9,9
55672,7,7
55673,4,4
55674,2,2
55675,5,5
55676,0,0
55677,2,2
55678,6,6
55679,3,3
55680,3,3
55681,3,3
55682,3,3
55683,2,2
55684,0,0
55685,2,2
55686,1,1
55687,8,8
55688,7,7
55689,8,8
55690,9,9
55691,0,0
55692,6,6
55693,8,8
55694,7,7
55695,2,2
55696,7,7
55697,2,2
55698,7,7
55699,8,8
55700,0,0
55701,8,8
55702,8,8
55703,4,4
55704,6,6
55705,2,2
55706,2,2
55707,9,9
55708,8,8
55709,8,8
55710,1,1
55711,0,0
55712,7,7
55713,4,4
55714,1,1
55715,2,2
55716,1,1
55717,2,2
55718,0,0
55719,9,9
55720,4,4
55721,3,3
55722,2,2
55723,6,6
55724,0,0
55725,4,4
55726,7,7
55727,3,3
55728,7,7
55729,2,2
55730,0,0
55731,4,4
55732,7,7
55733,2,2
55734,7,7
55735,8,8
55736,5,5
55737,2,2
55738,5,5
55739,6,6
55740,1,1
55741,2,2
55742,4,4
55743,2,2
55744,0,0
55745,3,3
55746,7,7
55747,1,1
55748,5,5
55749,6,6
55750,8,8
55751,7,7
55752,2,2
55753,8,8
55754,5,5
55755,2,2
55756,0,0
55757,4,4
55758,1,1
55759,8,8
55760,9,9
55761,2,2
55762,6,6
55763,0,0
55764,1,1
55765,3,3
55766,2,2
55767,1,1
55768,1,1
55769,6,6
55770,4,4
55771,7,7
55772,7,7
55773,8,8
55774,5,5
55775,2,2
55776,5,5
55777,4,4
55778,5,5
55779,0,0
55780,0,0
55781,2,2
55782,6,6
55783,0,0
55784,1,1
55785,3,3
55786,1,1
55787,1,1
55788,5,5
55789,6,6
55790,6,6
55791,2,2
55792,7,7
55793,8,8
55794,7,7
55795,9,9
55796,7,7
55797,4,4
55798,4,4
55799,8,8
55800,7,7
55801,2,2
55802,0,0
55803,0,0
55804,5,5
55805,3,3
55806,3,3
55807,0,0
55808,6,6
55809,0,0
55810,5,5
55811,7,7
55812,5,5
55813,0,0
55814,8,8
55815,0,0
55816,6,6
55817,3,3
55818,2,2
55819,1,1
55820,2,2
55821,8,8
55822,3,3
55823,2,2
55824,4,4
55825,9,9
55826,0,0
55827,4,4
55828,0,0
55829,8,8
55830,2,2
55831,7,7
55832,9,9
55833,6,6
55834,2,2
55835,0,0
55836,0,0
55837,3,3
55838,0,0
55839,2,2
55840,3,3
55841,4,4
55842,0,0
55843,8,8
55844,9,9
55845,2,2
55846,1,1
55847,0,0
55848,0,0
55849,0,0
55850,9,9
55851,2,2
55852,2,2
55853,2,2
55854,0,0
55855,1,1
55856,8,8
55857,6,6
55858,7,7
55859,8,8
55860,5,5
55861,4,4
55862,5,5
55863,8,8
55864,7,7
55865,2,2
55866,7,7
55867,4,4
55868,2,2
55869,7,7
55870,1,1
55871,2,2
55872,8,8
55873,3,3
55874,7,7
55875,3,3
55876,7,7
55877,8,8
55878,8,8
55879,3,3
55880,7,7
55881,3,3
55882,0,0
55883,8,8
55884,5,5
55885,8,8
55886,7,7
55887,8,8
55888,1,1
55889,0,0
55890,7,7
55891,9,9
55892,3,3
55893,6,6
55894,7,7
55895,8,8
55896,0,0
55897,4,4
55898,5,5
55899,6,6
55900,4,4
55901,9,9
55902,0,0
55903,2,2
55904,4,4
55905,7,7
55906,2,2
55907,3,3
55908,2,2
55909,2,2
55910,2,2
55911,3,3
55912,1,1
55913,4,4
55914,1,1
55915,8,8
55916,0,0
55917,3,3
55918,0,0
55919,6,6
55920,1,1
55921,8,8
55922,3,3
55923,7,7
55924,5,5
55925,8,8
55926,7,7
55927,8,8
55928,0,0
55929,2,2
55930,5,5
55931,9,9
55932,7,7
55933,6,6
55934,0,0
55935,6,6
55936,4,4
55937,7,7
55938,0,0
55939,9,9
55940,7,7
55941,7,7
55942,4,4
55943,4,4
55944,8,8
55945,0,0
55946,7,7
55947,6,6
55948,0,0
55949,8,8
55950,9,9
55951,4,4
55952,1,1
55953,2,2
55954,5,5
55955,9,9
55956,4,4
55957,8,8
55958,7,7
55959,2,2
55960,7,7
55961,9,9
55962,7,7
55963,1,1
55964,5,5
55965,2,2
55966,7,7
55967,3,3
55968,2,2
55969,6,6
55970,5,5
55971,8,8
55972,6,6
55973,2,2
55974,1,1
55975,4,4
55976,5,5
55977,4,4
55978,0,0
55979,2,2
55980,7,7
55981,8,8
55982,6,6
55983,8,8
55984,4,4
55985,6,6
55986,3,3
55987,6,6
55988,9,9
55989,2,2
55990,5,5
55991,3,3
55992,0,0
55993,3,3
55994,4,4
55995,9,9
55996,6,6
55997,6,6
55998,7,7
55999,7,7
56000,9,9
56001,2,2
56002,7,7
56003,0,0
56004,5,5
56005,3,3
56006,1,1
56007,9,9
56008,7,7
56009,6,6
56010,9,9
56011,8,8
56012,7,7
56013,8,8
56014,2,2
56015,4,4
56016,9,9
56017,8,8
56018,5,5
56019,2,2
56020,1,1
56021,0,0
56022,4,4
56023,3,3
56024,0,0
56025,9,9
56026,7,7
56027,6,6
56028,0,0
56029,7,7
56030,0,0
56031,8,8
56032,7,7
56033,2,2
56034,8,8
56035,4,4
56036,7,7
56037,8,8
56038,2,2
56039,2,2
56040,5,5
56041,8,8
56042,0,0
56043,7,7
56044,4,4
56045,7,7
56046,1,1
56047,2,2
56048,1,1
56049,6,6
56050,4,4
56051,0,0
56052,0,0
56053,7,7
56054,5,5
56055,6,6
56056,0,0
56057,9,9
56058,0,0
56059,9,9
56060,5,5
56061,8,8
56062,0,0
56063,2,2
56064,5,5
56065,6,6
56066,1,1
56067,7,7
56068,2,2
56069,6,6
56070,1,1
56071,9,9
56072,5,5
56073,2,2
56074,0,0
56075,0,0
56076,1,1
56077,8,8
56078,5,5
56079,6,6
56080,5,5
56081,9,9
56082,1,1
56083,6,6
56084,8,8
56085,2,2
56086,5,5
56087,8,8
56088,9,9
56089,9,9
56090,0,0
56091,2,2
56092,0,0
56093,2,2
56094,5,5
56095,8,8
56096,0,0
56097,2,2
56098,5,5
56099,9,9
56100,6,6
56101,3,3
56102,5,5
56103,3,3
56104,6,6
56105,4,4
56106,9,9
56107,0,0
56108,7,7
56109,8,8
56110,1,1
56111,8,8
56112,0,0
56113,2,2
56114,1,1
56115,4,4
56116,5,5
56117,9,9
56118,0,0
56119,7,7
56120,6,6
56121,8,8
56122,0,0
56123,9,9
56124,3,3
56125,6,6
56126,2,2
56127,9,9
56128,7,7
56129,3,3
56130,4,4
56131,8,8
56132,0,0
56133,8,8
56134,1,1
56135,8,8
56136,7,7
56137,3,3
56138,1,1
56139,2,2
56140,3,3
56141,2,2
56142,5,5
56143,0,0
56144,4,4
56145,9,9
56146,8,8
56147,8,8
56148,4,4
56149,9,9
56150,5,5
56151,2,2
56152,8,8
56153,4,4
56154,7,7
56155,8,8
56156,3,3
56157,8,8
56158,3,3
56159,3,3
56160,8,8
56161,3,3
56162,1,1
56163,3,3
56164,7,7
56165,2,2
56166,8,8
56167,8,8
56168,7,7
56169,9,9
56170,7,7
56171,4,4
56172,2,2
56173,8,8
56174,3,3
56175,6,6
56176,3,3
56177,4,4
56178,0,0
56179,4,4
56180,1,1
56181,3,3
56182,4,4
56183,9,9
56184,5,5
56185,2,2
56186,1,1
56187,8,8
56188,1,1
56189,9,9
56190,5,5
56191,2,2
56192,1,1
56193,2,2
56194,1,1
56195,4,4
56196,0,0
56197,7,7
56198,7,7
56199,2,2
56200,7,7
56201,8,8
56202,2,2
56203,9,9
56204,2,2
56205,8,8
56206,7,7
56207,2,2
56208,1,1
56209,8,8
56210,5,5
56211,4,4
56212,5,5
56213,3,3
56214,2,2
56215,6,6
56216,0,0
56217,3,3
56218,1,1
56219,3,3
56220,5,5
56221,1,1
56222,9,9
56223,6,6
56224,7,7
56225,7,7
56226,1,1
56227,5,5
56228,7,7
56229,2,2
56230,5,5
56231,4,4
56232,4,4
56233,5,5
56234,7,7
56235,8,8
56236,3,3
56237,0,0
56238,0,0
56239,3,3
56240,4,4
56241,1,1
56242,8,8
56243,6,6
56244,5,5
56245,7,7
56246,2,2
56247,5,5
56248,3,3
56249,7,7
56250,2,2
56251,4,4
56252,1,1
56253,0,0
56254,8,8
56255,2,2
56256,3,3
56257,0,0
56258,5,5
56259,3,3
56260,2,2
56261,1,1
56262,7,7
56263,4,4
56264,6,6
56265,7,7
56266,1,1
56267,5,5
56268,5,5
56269,7,7
56270,5,5
56271,1,1
56272,0,0
56273,1,1
56274,8,8
56275,7,7
56276,5,5
56277,7,7
56278,9,9
56279,1,1
56280,0,0
56281,0,0
56282,6,6
56283,1,1
56284,2,2
56285,0,0
56286,5,5
56287,0,0
56288,7,7
56289,4,4
56290,2,2
56291,1,1
56292,1,1
56293,5,5
56294,0,0
56295,2,2
56296,7,7
56297,7,7
56298,6,6
56299,2,2
56300,5,5
56301,6,6
56302,0,0
56303,1,1
56304,5,5
56305,2,2
56306,2,2
56307,2,2
56308,1,1
56309,2,2
56310,2,2
56311,9,9
56312,6,6
56313,0,0
56314,2,2
56315,2,2
56316,0,0
56317,0,0
56318,3,3
56319,0,0
56320,0,0
56321,7,7
56322,2,2
56323,0,0
56324,7,7
56325,6,6
56326,9,9
56327,2,2
56328,9,9
56329,0,0
56330,0,0
56331,8,8
56332,3,3
56333,1,1
56334,5,5
56335,6,6
56336,1,1
56337,7,7
56338,1,1
56339,2,2
56340,6,6
56341,0,0
56342,4,4
56343,1,1
56344,7,7
56345,4,4
56346,0,0
56347,4,4
56348,5,5
56349,1,1
56350,5,5
56351,4,4
56352,2,2
56353,4,4
56354,0,0
56355,6,6
56356,8,8
56357,2,2
56358,4,4
56359,0,0
56360,9,9
56361,6,6
56362,3,3
56363,2,2
56364,0,0
56365,1,1
56366,5,5
56367,1,1
56368,2,2
56369,2,2
56370,9,9
56371,2,2
56372,7,7
56373,4,4
56374,1,1
56375,8,8
56376,0,0
56377,3,3
56378,2,2
56379,1,1
56380,1,1
56381,0,0
56382,0,0
56383,2,2
56384,1,1
56385,4,4
56386,2,2
56387,8,8
56388,3,3
56389,3,3
56390,0,0
56391,7,7
56392,9,9
56393,0,0
56394,6,6
56395,0,0
56396,2,2
56397,7,7
56398,7,7
56399,5,5
56400,0,0
56401,0,0
56402,2,2
56403,6,6
56404,3,3
56405,4,4
56406,5,5
56407,2,2
56408,5,5
56409,2,2
56410,8,8
56411,4,4
56412,1,1
56413,0,0
56414,5,5
56415,3,3
56416,0,0
56417,0,0
56418,8,8
56419,3,3
56420,7,7
56421,4,4
56422,5,5
56423,1,1
56424,3,3
56425,8,8
56426,0,0
56427,4,4
56428,2,2
56429,3,3
56430,7,7
56431,0,0
56432,8,8
56433,7,7
56434,7,7
56435,1,1
56436,7,7
56437,7,7
56438,0,0
56439,0,0
56440,5,5
56441,4,4
56442,0,0
56443,1,1
56444,3,3
56445,0,0
56446,4,4
56447,2,2
56448,7,7
56449,7,7
56450,3,3
56451,5,5
56452,9,9
56453,8,8
56454,3,3
56455,4,4
56456,9,9
56457,0,0
56458,0,0
56459,3,3
56460,2,2
56461,2,2
56462,0,0
56463,4,4
56464,7,7
56465,6,6
56466,0,0
56467,6,6
56468,2,2
56469,3,3
56470,1,1
56471,1,1
56472,0,0
56473,6,6
56474,7,7
56475,7,7
56476,7,7
56477,5,5
56478,5,5
56479,7,7
56480,7,7
56481,4,4
56482,0,0
56483,5,5
56484,5,5
56485,2,2
56486,0,0
56487,5,5
56488,7,7
56489,3,3
56490,1,1
56491,1,1
56492,7,7
56493,6,6
56494,9,9
56495,5,5
56496,8,8
56497,5,5
56498,6,6
56499,7,7
56500,0,0
56501,4,4
56502,7,7
56503,5,5
56504,7,7
56505,2,2
56506,1,1
56507,0,0
56508,5,5
56509,3,3
56510,1,1
56511,1,1
56512,3,3
56513,6,6
56514,5,5
56515,7,7
56516,5,5
56517,7,7
56518,0,0
56519,4,4
56520,4,4
56521,0,0
56522,3,3
56523,2,2
56524,7,7
56525,9,9
56526,4,4
56527,5,5
56528,7,7
56529,7,7
56530,7,7
56531,5,5
56532,5,5
56533,3,3
56534,0,0
56535,7,7
56536,2,2
56537,1,1
56538,1,1
56539,5,5
56540,6,6
56541,1,1
56542,0,0
56543,5,5
56544,7,7
56545,4,4
56546,8,8
56547,7,7
56548,4,4
56549,4,4
56550,5,5
56551,5,5
56552,4,4
56553,6,6
56554,7,7
56555,5,5
56556,3,3
56557,2,2
56558,6,6
56559,1,1
56560,2,2
56561,7,7
56562,4,4
56563,5,5
56564,5,5
56565,7,7
56566,1,1
56567,5,5
56568,4,4
56569,6,6
56570,3,3
56571,5,5
56572,9,9
56573,3,3
56574,7,7
56575,1,1
56576,1,1
56577,0,0
56578,7,7
56579,6,6
56580,0,0
56581,7,7
56582,4,4
56583,6,6
56584,1,1
56585,7,7
56586,1,1
56587,7,7
56588,8,8
56589,7,7
56590,1,1
56591,5,5
56592,5,5
56593,2,2
56594,7,7
56595,5,5
56596,0,0
56597,5,5
56598,6,6
56599,0,0
56600,9,9
56601,5,5
56602,1,1
56603,1,1
56604,0,0
56605,1,1
56606,3,3
56607,0,0
56608,3,3
56609,3,3
56610,1,1
56611,0,0
56612,6,6
56613,2,2
56614,3,3
56615,7,7
56616,1,1
56617,7,7
56618,0,0
56619,4,4
56620,5,5
56621,7,7
56622,5,5
56623,2,2
56624,7,7
56625,3,3
56626,3,3
56627,5,5
56628,2,2
56629,4,4
56630,7,7
56631,6,6
56632,1,1
56633,1,1
56634,5,5
56635,3,3
56636,7,7
56637,1,1
56638,0,0
56639,3,3
56640,0,0
56641,5,5
56642,0,0
56643,4,4
56644,9,9
56645,4,4
56646,8,8
56647,7,7
56648,5,5
56649,5,5
56650,0,0
56651,3,3
56652,0,0
56653,5,5
56654,7,7
56655,0,0
56656,1,1
56657,7,7
56658,0,0
56659,0,0
56660,9,9
56661,7,7
56662,3,3
56663,7,7
56664,1,1
56665,6,6
56666,2,2
56667,7,7
56668,1,1
56669,7,7
56670,0,0
56671,5,5
56672,1,1
56673,5,5
56674,3,3
56675,4,4
56676,5,5
56677,4,4
56678,4,4
56679,5,5
56680,9,9
56681,5,5
56682,7,7
56683,1,1
56684,5,5
56685,7,7
56686,3,3
56687,6,6
56688,1,1
56689,1,1
56690,5,5
56691,6,6
56692,4,4
56693,4,4
56694,5,5
56695,7,7
56696,1,1
56697,7,7
56698,5,5
56699,5,5
56700,5,5
56701,5,5
56702,0,0
56703,5,5
56704,3,3
56705,5,5
56706,4,4
56707,3,3
56708,0,0
56709,3,3
56710,2,2
56711,7,7
56712,2,2
56713,5,5
56714,1,1
56715,3,3
56716,7,7
56717,1,1
56718,4,4
56719,6,6
56720,2,2
56721,7,7
56722,0,0
56723,0,0
56724,2,2
56725,8,8
56726,5,5
56727,4,4
56728,1,1
56729,0,0
56730,7,7
56731,2,2
56732,7,7
56733,0,0
56734,1,1
56735,3,3
56736,4,4
56737,1,1
56738,7,7
56739,7,7
56740,0,0
56741,7,7
56742,5,5
56743,5,5
56744,1,1
56745,7,7
56746,5,5
56747,4,4
56748,0,0
56749,8,8
56750,9,9
56751,2,2
56752,7,7
56753,0,0
56754,7,7
56755,3,3
56756,8,8
56757,1,1
56758,0,0
56759,6,6
56760,5,5
56761,7,7
56762,6,6
56763,5,5
56764,1,1
56765,2,2
56766,3,3
56767,4,4
56768,1,1
56769,0,0
56770,5,5
56771,2,2
56772,1,1
56773,0,0
56774,0,0
56775,4,4
56776,7,7
56777,2,2
56778,3,3
56779,1,1
56780,8,8
56781,3,3
56782,8,8
56783,1,1
56784,0,0
56785,6,6
56786,0,0
56787,8,8
56788,5,5
56789,2,2
56790,2,2
56791,7,7
56792,5,5
56793,0,0
56794,8,8
56795,6,6
56796,4,4
56797,0,0
56798,8,8
56799,0,0
56800,7,7
56801,3,3
56802,4,4
56803,3,3
56804,7,7
56805,4,4
56806,0,0
56807,0,0
56808,0,0
56809,4,4
56810,9,9
56811,4,4
56812,7,7
56813,9,9
56814,0,0
56815,0,0
56816,0,0
56817,7,7
56818,0,0
56819,6,6
56820,7,7
56821,6,6
56822,0,0
56823,7,7
56824,6,6
56825,5,5
56826,0,0
56827,0,0
56828,5,5
56829,5,5
56830,4,4
56831,1,1
56832,5,5
56833,5,5
56834,1,1
56835,3,3
56836,1,1
56837,0,0
56838,7,7
56839,5,5
56840,4,4
56841,8,8
56842,7,7
56843,4,4
56844,1,1
56845,4,4
56846,8,8
56847,1,1
56848,6,6
56849,7,7
56850,0,0
56851,1,1
56852,7,7
56853,0,0
56854,4,4
56855,0,0
56856,5,5
56857,4,4
56858,7,7
56859,0,0
56860,2,2
56861,5,5
56862,4,4
56863,4,4
56864,9,9
56865,1,1
56866,2,2
56867,2,2
56868,3,3
56869,7,7
56870,1,1
56871,7,7
56872,7,7
56873,0,0
56874,8,8
56875,7,7
56876,5,5
56877,5,5
56878,2,2
56879,2,2
56880,8,8
56881,2,2
56882,9,9
56883,0,0
56884,5,5
56885,4,4
56886,5,5
56887,2,2
56888,0,0
56889,2,2
56890,7,7
56891,2,2
56892,8,8
56893,0,0
56894,7,7
56895,0,0
56896,5,5
56897,0,0
56898,2,2
56899,4,4
56900,5,5
56901,6,6
56902,1,1
56903,1,1
56904,4,4
56905,0,0
56906,0,0
56907,7,7
56908,3,3
56909,0,0
56910,9,9
56911,2,2
56912,1,1
56913,2,2
56914,0,0
56915,8,8
56916,4,4
56917,6,6
56918,4,4
56919,6,6
56920,0,0
56921,7,7
56922,7,7
56923,0,0
56924,0,0
56925,7,7
56926,6,6
56927,7,7
56928,0,0
56929,3,3
56930,5,5
56931,0,0
56932,0,0
56933,5,5
56934,7,7
56935,2,2
56936,4,4
56937,4,4
56938,7,7
56939,9,9
56940,4,4
56941,3,3
56942,3,3
56943,4,4
56944,0,0
56945,1,1
56946,5,5
56947,2,2
56948,5,5
56949,3,3
56950,3,3
56951,5,5
56952,0,0
56953,1,1
56954,3,3
56955,1,1
56956,7,7
56957,6,6
56958,5,5
56959,7,7
56960,1,1
56961,9,9
56962,4,4
56963,4,4
56964,4,4
56965,1,1
56966,7,7
56967,2,2
56968,3,3
56969,3,3
56970,5,5
56971,9,9
56972,4,4
56973,6,6
56974,7,7
56975,2,2
56976,2,2
56977,8,8
56978,0,0
56979,9,9
56980,1,1
56981,4,4
56982,7,7
56983,8,8
56984,3,3
56985,2,2
56986,1,1
56987,8,8
56988,1,1
56989,3,3
56990,0,0
56991,9,9
56992,6,6
56993,6,6
56994,7,7
56995,7,7
56996,0,0
56997,8,8
56998,6,6
56999,4,4
57000,3,3
57001,2,2
57002,5,5
57003,3,3
57004,5,5
57005,9,9
57006,0,0
57007,6,6
57008,0,0
57009,7,7
57010,4,4
57011,8,8
57012,9,9
57013,2,2
57014,1,1
57015,9,9
57016,7,7
57017,8,8
57018,0,0
57019,2,2
57020,3,3
57021,1,1
57022,1,1
57023,4,4
57024,0,0
57025,9,9
57026,5,5
57027,3,3
57028,7,7
57029,4,4
57030,2,2
57031,2,2
57032,0,0
57033,0,0
57034,4,4
57035,8,8
57036,4,4
57037,9,9
57038,1,1
57039,8,8
57040,2,2
57041,8,8
57042,4,4
57043,9,9
57044,0,0
57045,2,2
57046,1,1
57047,0,0
57048,5,5
57049,9,9
57050,0,0
57051,9,9
57052,0,0
57053,2,2
57054,1,1
57055,9,9
57056,7,7
57057,1,1
57058,9,9
57059,8,8
57060,2,2
57061,3,3
57062,7,7
57063,8,8
57064,3,3
57065,4,4
57066,5,5
57067,3,3
57068,3,3
57069,9,9
57070,7,7
57071,8,8
57072,0,0
57073,3,3
57074,8,8
57075,4,4
57076,1,1
57077,9,9
57078,9,9
57079,8,8
57080,2,2
57081,9,9
57082,0,0
57083,8,8
57084,2,2
57085,8,8
57086,0,0
57087,2,2
57088,7,7
57089,4,4
57090,0,0
57091,2,2
57092,3,3
57093,9,9
57094,9,9
57095,9,9
57096,6,6
57097,8,8
57098,8,8
57099,8,8
57100,5,5
57101,9,9
57102,0,0
57103,2,2
57104,6,6
57105,6,6
57106,2,2
57107,2,2
57108,7,7
57109,9,9
57110,0,0
57111,8,8
57112,6,6
57113,6,6
57114,0,0
57115,3,3
57116,2,2
57117,3,3
57118,0,0
57119,0,0
57120,3,3
57121,2,2
57122,4,4
57123,8,8
57124,0,0
57125,4,4
57126,8,8
57127,0,0
57128,2,2
57129,0,0
57130,6,6
57131,7,7
57132,8,8
57133,2,2
57134,0,0
57135,8,8
57136,2,2
57137,8,8
57138,4,4
57139,6,6
57140,4,4
57141,7,7
57142,6,6
57143,4,4
57144,5,5
57145,8,8
57146,9,9
57147,4,4
57148,5,5
57149,7,7
57150,0,0
57151,6,6
57152,0,0
57153,6,6
57154,3,3
57155,8,8
57156,0,0
57157,4,4
57158,4,4
57159,5,5
57160,9,9
57161,3,3
57162,3,3
57163,6,6
57164,7,7
57165,0,0
57166,7,7
57167,9,9
57168,7,7
57169,9,9
57170,1,1
57171,2,2
57172,7,7
57173,9,9
57174,7,7
57175,0,0
57176,3,3
57177,0,0
57178,8,8
57179,2,2
57180,0,0
57181,8,8
57182,5,5
57183,6,6
57184,5,5
57185,6,6
57186,3,3
57187,8,8
57188,1,1
57189,2,2
57190,1,1
57191,6,6
57192,1,1
57193,9,9
57194,2,2
57195,2,2
57196,0,0
57197,9,9
57198,5,5
57199,2,2
57200,2,2
57201,3,3
57202,4,4
57203,9,9
57204,8,8
57205,6,6
57206,0,0
57207,2,2
57208,0,0
57209,8,8
57210,7,7
57211,8,8
57212,2,2
57213,4,4
57214,3,3
57215,8,8
57216,0,0
57217,2,2
57218,5,5
57219,0,0
57220,9,9
57221,3,3
57222,1,1
57223,9,9
57224,0,0
57225,6,6
57226,5,5
57227,7,7
57228,0,0
57229,8,8
57230,0,0
57231,9,9
57232,7,7
57233,4,4
57234,1,1
57235,8,8
57236,5,5
57237,2,2
57238,2,2
57239,8,8
57240,7,7
57241,3,3
57242,7,7
57243,9,9
57244,1,1
57245,6,6
57246,0,0
57247,7,7
57248,7,7
57249,5,5
57250,9,9
57251,9,9
57252,3,3
57253,4,4
57254,4,4
57255,8,8
57256,4,4
57257,2,2
57258,8,8
57259,8,8
57260,4,4
57261,2,2
57262,5,5
57263,2,2
57264,7,7
57265,2,2
57266,9,9
57267,8,8
57268,1,1
57269,2,2
57270,1,1
57271,2,2
57272,1,1
57273,6,6
57274,0,0
57275,4,4
57276,2,2
57277,2,2
57278,2,2
57279,8,8
57280,5,5
57281,8,8
57282,0,0
57283,9,9
57284,6,6
57285,8,8
57286,1,1
57287,9,9
57288,2,2
57289,6,6
57290,5,5
57291,6,6
57292,8,8
57293,2,2
57294,0,0
57295,5,5
57296,4,4
57297,4,4
57298,3,3
57299,8,8
57300,7,7
57301,9,9
57302,4,4
57303,9,9
57304,9,9
57305,9,9
57306,7,7
57307,2,2
57308,7,7
57309,8,8
57310,1,1
57311,9,9
57312,7,7
57313,4,4
57314,4,4
57315,2,2
57316,8,8
57317,9,9
57318,2,2
57319,8,8
57320,2,2
57321,3,3
57322,1,1
57323,0,0
57324,7,7
57325,8,8
57326,3,3
57327,2,2
57328,5,5
57329,2,2
57330,7,7
57331,6,6
57332,2,2
57333,8,8
57334,0,0
57335,8,8
57336,1,1
57337,8,8
57338,7,7
57339,9,9
57340,1,1
57341,6,6
57342,6,6
57343,8,8
57344,0,0
57345,2,2
57346,7,7
57347,4,4
57348,2,2
57349,3,3
57350,0,0
57351,2,2
57352,7,7
57353,4,4
57354,5,5
57355,2,2
57356,3,3
57357,0,0
57358,6,6
57359,3,3
57360,4,4
57361,8,8
57362,1,1
57363,6,6
57364,3,3
57365,8,8
57366,7,7
57367,8,8
57368,0,0
57369,9,9
57370,5,5
57371,8,8
57372,8,8
57373,2,2
57374,0,0
57375,0,0
57376,0,0
57377,6,6
57378,1,1
57379,2,2
57380,5,5
57381,9,9
57382,5,5
57383,8,8
57384,3,3
57385,9,9
57386,5,5
57387,9,9
57388,5,5
57389,8,8
57390,3,3
57391,2,2
57392,7,7
57393,3,3
57394,9,9
57395,3,3
57396,1,1
57397,3,3
57398,1,1
57399,2,2
57400,9,9
57401,7,7
57402,7,7
57403,2,2
57404,7,7
57405,8,8
57406,0,0
57407,2,2
57408,3,3
57409,3,3
57410,1,1
57411,2,2
57412,1,1
57413,4,4
57414,0,0
57415,2,2
57416,6,6
57417,8,8
57418,9,9
57419,4,4
57420,3,3
57421,8,8
57422,5,5
57423,8,8
57424,7,7
57425,2,2
57426,7,7
57427,6,6
57428,0,0
57429,8,8
57430,1,1
57431,8,8
57432,0,0
57433,9,9
57434,7,7
57435,2,2
57436,1,1
57437,9,9
57438,4,4
57439,6,6
57440,1,1
57441,2,2
57442,4,4
57443,8,8
57444,5,5
57445,8,8
57446,1,1
57447,2,2
57448,9,9
57449,8,8
57450,0,0
57451,3,3
57452,0,0
57453,9,9
57454,1,1
57455,6,6
57456,4,4
57457,2,2
57458,8,8
57459,9,9
57460,1,1
57461,9,9
57462,0,0
57463,4,4
57464,1,1
57465,8,8
57466,0,0
57467,2,2
57468,7,7
57469,8,8
57470,7,7
57471,3,3
57472,7,7
57473,9,9
57474,5,5
57475,6,6
57476,8,8
57477,8,8
57478,6,6
57479,8,8
57480,0,0
57481,2,2
57482,5,5
57483,8,8
57484,7,7
57485,8,8
57486,2,2
57487,8,8
57488,7,7
57489,2,2
57490,4,4
57491,3,3
57492,1,1
57493,2,2
57494,3,3
57495,2,2
57496,6,6
57497,9,9
57498,4,4
57499,8,8
57500,6,6
57501,2,2
57502,8,8
57503,1,1
57504,8,8
57505,9,9
57506,6,6
57507,6,6
57508,4,4
57509,6,6
57510,2,2
57511,9,9
57512,1,1
57513,2,2
57514,5,5
57515,2,2
57516,1,1
57517,9,9
57518,4,4
57519,4,4
57520,6,6
57521,9,9
57522,7,7
57523,2,2
57524,4,4
57525,3,3
57526,0,0
57527,2,2
57528,2,2
57529,4,4
57530,5,5
57531,8,8
57532,5,5
57533,2,2
57534,0,0
57535,8,8
57536,3,3
57537,8,8
57538,5,5
57539,8,8
57540,6,6
57541,8,8
57542,3,3
57543,3,3
57544,0,0
57545,8,8
57546,0,0
57547,8,8
57548,5,5
57549,8,8
57550,0,0
57551,8,8
57552,1,1
57553,9,9
57554,4,4
57555,8,8
57556,0,0
57557,4,4
57558,3,3
57559,8,8
57560,0,0
57561,2,2
57562,7,7
57563,8,8
57564,0,0
57565,4,4
57566,7,7
57567,8,8
57568,7,7
57569,8,8
57570,8,8
57571,9,9
57572,8,8
57573,6,6
57574,6,6
57575,6,6
57576,0,0
57577,4,4
57578,4,4
57579,9,9
57580,0,0
57581,8,8
57582,0,0
57583,6,6
57584,7,7
57585,9,9
57586,7,7
57587,4,4
57588,6,6
57589,8,8
57590,5,5
57591,4,4
57592,6,6
57593,2,2
57594,2,2
57595,3,3
57596,7,7
57597,6,6
57598,7,7
57599,9,9
57600,8,8
57601,6,6
57602,2,2
57603,9,9
57604,6,6
57605,6,6
57606,6,6
57607,9,9
57608,7,7
57609,8,8
57610,1,1
57611,8,8
57612,1,1
57613,9,9
57614,1,1
57615,6,6
57616,2,2
57617,2,2
57618,2,2
57619,6,6
57620,6,6
57621,8,8
57622,4,4
57623,8,8
57624,2,2
57625,2,2
57626,6,6
57627,8,8
57628,7,7
57629,3,3
57630,0,0
57631,1,1
57632,6,6
57633,6,6
57634,3,3
57635,7,7
57636,0,0
57637,0,0
57638,5,5
57639,2,2
57640,7,7
57641,4,4
57642,2,2
57643,8,8
57644,1,1
57645,3,3
57646,0,0
57647,9,9
57648,7,7
57649,6,6
57650,3,3
57651,7,7
57652,1,1
57653,8,8
57654,7,7
57655,2,2
57656,4,4
57657,8,8
57658,6,6
57659,2,2
57660,7,7
57661,9,9
57662,4,4
57663,8,8
57664,2,2
57665,9,9
57666,9,9
57667,8,8
57668,2,2
57669,6,6
57670,5,5
57671,7,7
57672,5,5
57673,9,9
57674,0,0
57675,4,4
57676,0,0
57677,0,0
57678,2,2
57679,2,2
57680,7,7
57681,0,0
57682,3,3
57683,7,7
57684,9,9
57685,3,3
57686,4,4
57687,9,9
57688,0,0
57689,7,7
57690,5,5
57691,4,4
57692,0,0
57693,3,3
57694,6,6
57695,4,4
57696,7,7
57697,7,7
57698,7,7
57699,0,0
57700,3,3
57701,2,2
57702,0,0
57703,8,8
57704,8,8
57705,3,3
57706,5,5
57707,3,3
57708,5,5
57709,8,8
57710,0,0
57711,9,9
57712,0,0
57713,8,8
57714,1,1
57715,9,9
57716,6,6
57717,7,7
57718,1,1
57719,4,4
57720,3,3
57721,0,0
57722,1,1
57723,0,0
57724,0,0
57725,0,0
57726,1,1
57727,3,3
57728,7,7
57729,8,8
57730,4,4
57731,2,2
57732,7,7
57733,5,5
57734,2,2
57735,7,7
57736,7,7
57737,9,9
57738,1,1
57739,7,7
57740,1,1
57741,1,1
57742,4,4
57743,9,9
57744,0,0
57745,2,2
57746,3,3
57747,8,8
57748,9,9
57749,9,9
57750,7,7
57751,8,8
57752,9,9
57753,8,8
57754,4,4
57755,8,8
57756,4,4
57757,3,3
57758,4,4
57759,0,0
57760,3,3
57761,9,9
57762,7,7
57763,5,5
57764,4,4
57765,2,2
57766,7,7
57767,2,2
57768,7,7
57769,3,3
57770,9,9
57771,2,2
57772,2,2
57773,9,9
57774,0,0
57775,9,9
57776,5,5
57777,4,4
57778,9,9
57779,8,8
57780,1,1
57781,2,2
57782,0,0
57783,4,4
57784,3,3
57785,9,9
57786,0,0
57787,8,8
57788,7,7
57789,9,9
57790,6,6
57791,4,4
57792,0,0
57793,7,7
57794,0,0
57795,3,3
57796,0,0
57797,1,1
57798,3,3
57799,6,6
57800,7,7
57801,7,7
57802,4,4
57803,5,5
57804,7,7
57805,7,7
57806,7,7
57807,5,5
57808,5,5
57809,0,0
57810,2,2
57811,3,3
57812,7,7
57813,1,1
57814,7,7
57815,6,6
57816,1,1
57817,7,7
57818,7,7
57819,5,5
57820,7,7
57821,7,7
57822,2,2
57823,4,4
57824,7,7
57825,0,0
57826,5,5
57827,3,3
57828,0,0
57829,1,1
57830,1,1
57831,6,6
57832,2,2
57833,7,7
57834,1,1
57835,5,5
57836,8,8
57837,7,7
57838,6,6
57839,5,5
57840,0,0
57841,5,5
57842,1,1
57843,3,3
57844,8,8
57845,0,0
57846,4,4
57847,3,3
57848,5,5
57849,1,1
57850,9,9
57851,0,0
57852,7,7
57853,0,0
57854,5,5
57855,1,1
57856,7,7
57857,0,0
57858,8,8
57859,6,6
57860,2,2
57861,0,0
57862,0,0
57863,7,7
57864,7,7
57865,1,1
57866,8,8
57867,0,0
57868,7,7
57869,0,0
57870,2,2
57871,6,6
57872,7,7
57873,0,0
57874,0,0
57875,0,0
57876,6,6
57877,7,7
57878,6,6
57879,7,7
57880,5,5
57881,5,5
57882,5,5
57883,4,4
57884,0,0
57885,0,0
57886,7,7
57887,3,3
57888,1,1
57889,6,6
57890,6,6
57891,4,4
57892,0,0
57893,7,7
57894,0,0
57895,5,5
57896,0,0
57897,7,7
57898,7,7
57899,6,6
57900,7,7
57901,7,7
57902,7,7
57903,1,1
57904,6,6
57905,0,0
57906,9,9
57907,3,3
57908,7,7
57909,7,7
57910,7,7
57911,6,6
57912,3,3
57913,5,5
57914,7,7
57915,0,0
57916,7,7
57917,3,3
57918,2,2
57919,7,7
57920,7,7
57921,0,0
57922,8,8
57923,5,5
57924,3,3
57925,5,5
57926,7,7
57927,5,5
57928,6,6
57929,1,1
57930,7,7
57931,1,1
57932,7,7
57933,6,6
57934,0,0
57935,4,4
57936,6,6
57937,0,0
57938,5,5
57939,6,6
57940,0,0
57941,7,7
57942,7,7
57943,5,5
57944,8,8
57945,5,5
57946,8,8
57947,7,7
57948,1,1
57949,0,0
57950,0,0
57951,7,7
57952,7,7
57953,3,3
57954,1,1
57955,0,0
57956,6,6
57957,1,1
57958,8,8
57959,4,4
57960,1,1
57961,1,1
57962,3,3
57963,3,3
57964,6,6
57965,5,5
57966,1,1
57967,7,7
57968,1,1
57969,1,1
57970,8,8
57971,5,5
57972,5,5
57973,1,1
57974,7,7
57975,5,5
57976,8,8
57977,3,3
57978,0,0
57979,9,9
57980,0,0
57981,6,6
57982,7,7
57983,7,7
57984,7,7
57985,5,5
57986,0,0
57987,7,7
57988,2,2
57989,4,4
57990,2,2
57991,0,0
57992,6,6
57993,2,2
57994,7,7
57995,3,3
57996,8,8
57997,9,9
57998,1,1
57999,6,6
58000,7,7
58001,7,7
58002,3,3
58003,1,1
58004,5,5
58005,9,9
58006,1,1
58007,4,4
58008,1,1
58009,8,8
58010,4,4
58011,2,2
58012,3,3
58013,8,8
58014,8,8
58015,3,3
58016,4,4
58017,9,9
58018,5,5
58019,6,6
58020,2,2
58021,7,7
58022,1,1
58023,8,8
58024,2,2
58025,7,7
58026,7,7
58027,4,4
58028,7,7
58029,0,0
58030,6,6
58031,2,2
58032,6,6
58033,9,9
58034,0,0
58035,3,3
58036,7,7
58037,0,0
58038,3,3
58039,2,2
58040,7,7
58041,4,4
58042,8,8
58043,4,4
58044,9,9
58045,7,7
58046,3,3
58047,0,0
58048,7,7
58049,8,8
58050,7,7
58051,9,9
58052,1,1
58053,3,3
58054,0,0
58055,4,4
58056,1,1
58057,0,0
58058,2,2
58059,8,8
58060,6,6
58061,8,8
58062,3,3
58063,6,6
58064,7,7
58065,7,7
58066,5,5
58067,7,7
58068,6,6
58069,8,8
58070,7,7
58071,6,6
58072,1,1
58073,3,3
58074,2,2
58075,8,8
58076,5,5
58077,7,7
58078,8,8
58079,7,7
58080,7,7
58081,8,8
58082,1,1
58083,9,9
58084,7,7
58085,2,2
58086,0,0
58087,6,6
58088,0,0
58089,7,7
58090,8,8
58091,9,9
58092,0,0
58093,1,1
58094,5,5
58095,8,8
58096,5,5
58097,7,7
58098,7,7
58099,8,8
58100,2,2
58101,9,9
58102,3,3
58103,6,6
58104,6,6
58105,9,9
58106,8,8
58107,2,2
58108,3,3
58109,8,8
58110,3,3
58111,4,4
58112,8,8
58113,7,7
58114,5,5
58115,4,4
58116,3,3
58117,7,7
58118,8,8
58119,9,9
58120,9,9
58121,3,3
58122,2,2
58123,9,9
58124,4,4
58125,8,8
58126,6,6
58127,8,8
58128,8,8
58129,9,9
58130,9,9
58131,9,9
58132,8,8
58133,4,4
58134,2,2
58135,9,9
58136,4,4
58137,9,9
58138,2,2
58139,9,9
58140,8,8
58141,8,8
58142,7,7
58143,8,8
58144,7,7
58145,9,9
58146,3,3
58147,9,9
58148,9,9
58149,7,7
58150,2,2
58151,8,8
58152,9,9
58153,8,8
58154,9,9
58155,9,9
58156,2,2
58157,4,4
58158,2,2
58159,9,9
58160,3,3
58161,1,1
58162,6,6
58163,7,7
58164,0,0
58165,7,7
58166,5,5
58167,0,0
58168,8,8
58169,5,5
58170,3,3
58171,1,1
58172,6,6
58173,7,7
58174,5,5
58175,7,7
58176,4,4
58177,0,0
58178,2,2
58179,5,5
58180,3,3
58181,1,1
58182,6,6
58183,7,7
58184,5,5
58185,0,0
58186,2,2
58187,0,0
58188,0,0
58189,1,1
58190,7,7
58191,4,4
58192,6,6
58193,7,7
58194,5,5
58195,2,2
58196,1,1
58197,0,0
58198,1,1
58199,7,7
58200,7,7
58201,2,2
58202,8,8
58203,9,9
58204,0,0
58205,0,0
58206,3,3
58207,1,1
58208,0,0
58209,5,5
58210,5,5
58211,0,0
58212,5,5
58213,0,0
58214,8,8
58215,6,6
58216,6,6
58217,2,2
58218,5,5
58219,7,7
58220,2,2
58221,0,0
58222,5,5
58223,3,3
58224,4,4
58225,8,8
58226,3,3
58227,7,7
58228,8,8
58229,3,3
58230,9,9
58231,5,5
58232,2,2
58233,2,2
58234,1,1
58235,6,6
58236,5,5
58237,7,7
58238,1,1
58239,7,7
58240,5,5
58241,6,6
58242,5,5
58243,5,5
58244,6,6
58245,5,5
58246,4,4
58247,3,3
58248,7,7
58249,7,7
58250,7,7
58251,4,4
58252,7,7
58253,1,1
58254,6,6
58255,7,7
58256,3,3
58257,7,7
58258,5,5
58259,5,5
58260,1,1
58261,7,7
58262,7,7
58263,5,5
58264,0,0
58265,3,3
58266,9,9
58267,6,6
58268,7,7
58269,8,8
58270,9,9
58271,4,4
58272,8,8
58273,2,2
58274,8,8
58275,3,3
58276,9,9
58277,6,6
58278,2,2
58279,8,8
58280,8,8
58281,4,4
58282,8,8
58283,2,2
58284,0,0
58285,3,3
58286,9,9
58287,6,6
58288,2,2
58289,8,8
58290,9,9
58291,4,4
58292,8,8
58293,2,2
58294,8,8
58295,4,4
58296,2,2
58297,6,6
58298,2,2
58299,9,9
58300,8,8
58301,4,4
58302,2,2
58303,9,9
58304,4,4
58305,2,2
58306,3,3
58307,9,9
58308,8,8
58309,9,9
58310,8,8
58311,2,2
58312,2,2
58313,2,2
58314,6,6
58315,6,6
58316,2,2
58317,6,6
58318,2,2
58319,8,8
58320,9,9
58321,2,2
58322,9,9
58323,6,6
58324,2,2
58325,8,8
58326,2,2
58327,2,2
58328,2,2
58329,4,4
58330,2,2
58331,8,8
58332,9,9
58333,2,2
58334,2,2
58335,9,9
58336,2,2
58337,8,8
58338,8,8
58339,2,2
58340,8,8
58341,9,9
58342,8,8
58343,2,2
58344,9,9
58345,9,9
58346,8,8
58347,8,8
58348,8,8
58349,8,8
58350,3,3
58351,8,8
58352,4,4
58353,3,3
58354,9,9
58355,9,9
58356,3,3
58357,2,2
58358,2,2
58359,2,2
58360,3,3
58361,9,9
58362,3,3
58363,8,8
58364,9,9
58365,9,9
58366,8,8
58367,9,9
58368,9,9
58369,8,8
58370,4,4
58371,2,2
58372,8,8
58373,6,6
58374,2,2
58375,9,9
58376,3,3
58377,1,1
58378,6,6
58379,0,0
58380,5,5
58381,8,8
58382,4,4
58383,8,8
58384,2,2
58385,0,0
58386,3,3
58387,1,1
58388,2,2
58389,7,7
58390,5,5
58391,8,8
58392,6,6
58393,8,8
58394,6,6
58395,5,5
58396,3,3
58397,9,9
58398,6,6
58399,2,2
58400,8,8
58401,5,5
58402,3,3
58403,2,2
58404,4,4
58405,2,2
58406,2,2
58407,0,0
58408,3,3
58409,9,9
58410,7,7
58411,7,7
58412,7,7
58413,7,7
58414,8,8
58415,4,4
58416,5,5
58417,5,5
58418,7,7
58419,8,8
58420,8,8
58421,7,7
58422,5,5
58423,4,4
58424,7,7
58425,8,8
58426,5,5
58427,1,1
58428,9,9
58429,6,6
58430,3,3
58431,7,7
58432,0,0
58433,0,0
58434,1,1
58435,6,6
58436,8,8
58437,5,5
58438,4,4
58439,0,0
58440,9,9
58441,2,2
58442,4,4
58443,4,4
58444,8,8
58445,2,2
58446,2,2
58447,1,1
58448,7,7
58449,7,7
58450,8,8
58451,9,9
58452,6,6
58453,8,8
58454,3,3
58455,8,8
58456,9,9
58457,3,3
58458,3,3
58459,9,9
58460,9,9
58461,3,3
58462,3,3
58463,5,5
58464,4,4
58465,7,7
58466,1,1
58467,2,2
58468,2,2
58469,5,5
58470,4,4
58471,9,9
58472,6,6
58473,4,4
58474,8,8
58475,7,7
58476,6,6
58477,2,2
58478,0,0
58479,9,9
58480,8,8
58481,1,1
58482,8,8
58483,7,7
58484,5,5
58485,0,0
58486,9,9
58487,6,6
58488,4,4
58489,3,3
58490,8,8
58491,2,2
58492,3,3
58493,1,1
58494,6,6
58495,7,7
58496,5,5
58497,0,0
58498,2,2
58499,8,8
58500,3,3
58501,1,1
58502,6,6
58503,7,7
58504,0,0
58505,9,9
58506,4,4
58507,8,8
58508,2,2
58509,0,0
58510,3,3
58511,9,9
58512,6,6
58513,7,7
58514,0,0
58515,2,2
58516,4,4
58517,0,0
58518,8,8
58519,5,5
58520,0,0
58521,3,3
58522,4,4
58523,3,3
58524,8,8
58525,7,7
58526,0,0
58527,7,7
58528,0,0
58529,0,0
58530,8,8
58531,0,0
58532,3,3
58533,6,6
58534,4,4
58535,2,2
58536,4,4
58537,4,4
58538,6,6
58539,5,5
58540,2,2
58541,7,7
58542,0,0
58543,8,8
58544,7,7
58545,8,8
58546,3,3
58547,9,9
58548,8,8
58549,4,4
58550,2,2
58551,8,8
58552,2,2
58553,2,2
58554,1,1
58555,5,5
58556,0,0
58557,1,1
58558,7,7
58559,5,5
58560,7,7
58561,9,9
58562,8,8
58563,6,6
58564,7,7
58565,0,0
58566,5,5
58567,9,9
58568,6,6
58569,2,2
58570,1,1
58571,0,0
58572,6,6
58573,0,0
58574,0,0
58575,3,3
58576,1,1
58577,5,5
58578,4,4
58579,0,0
58580,9,9
58581,6,6
58582,7,7
58583,0,0
58584,2,2
58585,6,6
58586,9,9
58587,7,7
58588,1,1
58589,0,0
58590,6,6
58591,9,9
58592,4,4
58593,1,1
58594,3,3
58595,8,8
58596,5,5
58597,9,9
58598,4,4
58599,2,2
58600,1,1
58601,6,6
58602,7,7
58603,0,0
58604,2,2
58605,4,4
58606,0,0
58607,2,2
58608,0,0
58609,2,2
58610,1,1
58611,6,6
58612,2,2
58613,8,8
58614,8,8
58615,8,8
58616,0,0
58617,2,2
58618,9,9
58619,2,2
58620,7,7
58621,0,0
58622,2,2
58623,4,4
58624,0,0
58625,2,2
58626,2,2
58627,0,0
58628,6,6
58629,4,4
58630,9,9
58631,8,8
58632,2,2
58633,2,2
58634,0,0
58635,8,8
58636,2,2
58637,0,0
58638,6,6
58639,0,0
58640,7,7
58641,0,0
58642,7,7
58643,0,0
58644,9,9
58645,2,2
58646,2,2
58647,2,2
58648,1,1
58649,2,2
58650,0,0
58651,1,1
58652,4,4
58653,2,2
58654,0,0
58655,2,2
58656,7,7
58657,9,9
58658,2,2
58659,2,2
58660,0,0
58661,9,9
58662,1,1
58663,0,0
58664,7,7
58665,2,2
58666,2,2
58667,7,7
58668,2,2
58669,4,4
58670,6,6
58671,0,0
58672,9,9
58673,1,1
58674,2,2
58675,9,9
58676,0,0
58677,9,9
58678,7,7
58679,2,2
58680,0,0
58681,0,0
58682,4,4
58683,0,0
58684,0,0
58685,9,9
58686,4,4
58687,8,8
58688,2,2
58689,9,9
58690,0,0
58691,9,9
58692,8,8
58693,2,2
58694,2,2
58695,4,4
58696,0,0
58697,9,9
58698,8,8
58699,0,0
58700,2,2
58701,0,0
58702,9,9
58703,8,8
58704,6,6
58705,6,6
58706,0,0
58707,2,2
58708,8,8
58709,1,1
58710,6,6
58711,7,7
58712,0,0
58713,2,2
58714,4,4
58715,0,0
58716,2,2
58717,8,8
58718,3,3
58719,9,9
58720,6,6
58721,7,7
58722,0,0
58723,7,7
58724,4,4
58725,8,8
58726,3,3
58727,9,9
58728,6,6
58729,7,7
58730,8,8
58731,2,2
58732,4,4
58733,8,8
58734,9,9
58735,8,8
58736,2,2
58737,1,1
58738,2,2
58739,7,7
58740,7,7
58741,9,9
58742,8,8
58743,3,3
58744,8,8
58745,9,9
58746,0,0
58747,2,2
58748,9,9
58749,5,5
58750,8,8
58751,0,0
58752,9,9
58753,2,2
58754,3,3
58755,4,4
58756,2,2
58757,2,2
58758,7,7
58759,7,7
58760,7,7
58761,8,8
58762,9,9
58763,9,9
58764,8,8
58765,3,3
58766,4,4
58767,9,9
58768,2,2
58769,3,3
58770,4,4
58771,6,6
58772,9,9
58773,9,9
58774,2,2
58775,5,5
58776,9,9
58777,9,9
58778,8,8
58779,2,2
58780,8,8
58781,4,4
58782,3,3
58783,5,0
58784,3,3
58785,7,7
58786,4,4
58787,9,9
58788,8,8
58789,9,9
58790,8,8
58791,5,5
58792,8,8
58793,2,2
58794,2,2
58795,5,5
58796,0,0
58797,0,0
58798,4,4
58799,2,2
58800,6,6
58801,6,6
58802,7,7
58803,7,7
58804,8,8
58805,9,9
58806,9,9
58807,4,4
58808,2,2
58809,3,3
58810,1,1
58811,6,6
58812,7,7
58813,5,5
58814,7,7
58815,4,4
58816,5,5
58817,7,7
58818,0,0
58819,3,3
58820,1,1
58821,6,6
58822,7,7
58823,5,5
58824,7,7
58825,4,4
58826,5,5
58827,7,7
58828,0,0
58829,3,3
58830,1,1
58831,6,6
58832,0,0
58833,5,5
58834,7,7
58835,4,4
58836,5,5
58837,7,7
58838,0,0
58839,4,4
58840,5,5
58841,6,6
58842,4,4
58843,5,5
58844,0,0
58845,7,7
58846,7,7
58847,5,5
58848,5,5
58849,7,7
58850,0,0
58851,6,6
58852,0,0
58853,7,7
58854,0,0
58855,7,7
58856,7,7
58857,6,6
58858,3,3
58859,0,0
58860,7,7
58861,3,3
58862,7,7
58863,4,4
58864,3,3
58865,1,1
58866,3,3
58867,5,5
58868,6,6
58869,4,4
58870,2,2
58871,5,5
58872,7,7
58873,0,0
58874,7,7
58875,5,5
58876,1,1
58877,7,7
58878,7,7
58879,3,3
58880,7,7
58881,7,7
58882,3,3
58883,4,4
58884,6,6
58885,5,5
58886,1,1
58887,1,1
58888,7,7
58889,1,1
58890,0,0
58891,9,9
58892,7,7
58893,7,7
58894,7,7
58895,5,5
58896,6,6
58897,3,3
58898,0,0
58899,0,0
58900,4,4
58901,0,0
58902,5,5
58903,9,9
58904,4,4
58905,7,7
58906,5,5
58907,0,0
58908,7,7
58909,1,1
58910,6,6
58911,4,4
58912,0,0
58913,9,9
58914,0,0
58915,7,7
58916,3,3
58917,4,4
58918,5,5
58919,5,5
58920,0,0
58921,0,0
58922,4,4
58923,6,6
58924,7,7
58925,0,0
58926,1,1
58927,0,0
58928,6,6
58929,6,6
58930,7,7
58931,7,7
58932,0,0
58933,7,7
58934,3,3
58935,1,1
58936,6,6
58937,2,2
58938,0,0
58939,2,2
58940,4,4
58941,0,0
58942,2,2
58943,3,3
58944,1,1
58945,6,6
58946,7,7
58947,0,0
58948,2,2
58949,4,4
58950,0,0
58951,2,2
58952,3,3
58953,9,9
58954,6,6
58955,7,7
58956,0,0
58957,2,2
58958,4,4
58959,0,0
58960,2,2
58961,8,8
58962,6,6
58963,9,9
58964,6,6
58965,9,9
58966,7,7
58967,8,8
58968,0,0
58969,2,2
58970,8,8
58971,2,2
58972,8,8
58973,3,3
58974,8,8
58975,8,8
58976,2,2
58977,0,0
58978,8,8
58979,8,8
58980,9,9
58981,8,8
58982,3,3
58983,2,2
58984,8,8
58985,9,9
58986,0,0
58987,0,0
58988,8,8
58989,9,9
58990,2,2
58991,9,9
58992,8,8
58993,2,2
58994,8,8
58995,9,9
58996,2,2
58997,4,4
58998,4,4
58999,8,8
59000,4,4
59001,2,2
59002,2,2
59003,8,8
59004,6,6
59005,2,2
59006,0,0
59007,6,6
59008,4,4
59009,6,6
59010,9,9
59011,6,6
59012,3,3
59013,2,2
59014,2,2
59015,2,2
59016,2,2
59017,3,3
59018,2,2
59019,8,8
59020,8,8
59021,8,8
59022,2,2
59023,3,3
59024,0,0
59025,0,0
59026,0,0
59027,0,0
59028,1,1
59029,4,4
59030,6,6
59031,0,0
59032,4,4
59033,9,9
59034,2,2
59035,4,4
59036,1,1
59037,3,3
59038,7,7
59039,4,4
59040,6,6
59041,1,1
59042,0,0
59043,3,3
59044,9,9
59045,6,6
59046,7,7
59047,0,0
59048,8,8
59049,2,2
59050,8,8
59051,3,3
59052,9,9
59053,6,6
59054,7,7
59055,5,5
59056,8,8
59057,2,2
59058,8,8
59059,3,3
59060,9,9
59061,6,6
59062,2,2
59063,5,5
59064,8,8
59065,4,4
59066,8,8
59067,2,2
59068,8,8
59069,0,0
59070,2,2
59071,9,9
59072,2,2
59073,4,4
59074,9,9
59075,9,9
59076,6,6
59077,8,8
59078,3,3
59079,8,8
59080,8,8
59081,2,2
59082,8,8
59083,0,0
59084,8,8
59085,9,9
59086,2,2
59087,0,0
59088,8,8
59089,8,8
59090,2,2
59091,8,8
59092,7,7
59093,6,6
59094,6,6
59095,3,3
59096,8,8
59097,2,2
59098,4,4
59099,3,3
59100,7,7
59101,2,2
59102,9,9
59103,3,3
59104,7,7
59105,3,3
59106,0,0
59107,8,8
59108,0,0
59109,8,8
59110,6,6
59111,8,8
59112,9,9
59113,5,5
59114,9,9
59115,8,8
59116,9,9
59117,4,4
59118,8,8
59119,7,7
59120,7,7
59121,4,4
59122,6,6
59123,2,2
59124,8,8
59125,4,4
59126,5,5
59127,0,0
59128,8,8
59129,2,2
59130,6,6
59131,0,0
59132,4,4
59133,9,9
59134,2,2
59135,8,8
59136,2,2
59137,7,7
59138,8,8
59139,8,8
59140,8,8
59141,4,4
59142,3,3
59143,3,3
59144,0,0
59145,4,4
59146,4,4
59147,8,8
59148,3,3
59149,9,9
59150,9,9
59151,7,7
59152,6,6
59153,9,9
59154,3,3
59155,3,3
59156,9,9
59157,6,6
59158,7,7
59159,8,8
59160,2,2
59161,5,5
59162,0,0
59163,2,2
59164,8,8
59165,3,3
59166,9,9
59167,6,6
59168,6,6
59169,8,8
59170,2,2
59171,4,4
59172,0,0
59173,2,2
59174,8,8
59175,3,3
59176,9,9
59177,6,6
59178,7,7
59179,8,8
59180,2,2
59181,5,5
59182,8,8
59183,2,2
59184,8,8
59185,8,8
59186,6,6
59187,3,3
59188,6,6
59189,9,9
59190,2,2
59191,8,8
59192,4,4
59193,2,2
59194,8,8
59195,2,2
59196,2,2
59197,4,4
59198,8,8
59199,9,9
59200,9,9
59201,2,2
59202,6,6
59203,3,3
59204,8,8
59205,8,8
59206,4,4
59207,9,9
59208,4,4
59209,8,8
59210,8,8
59211,0,0
59212,2,2
59213,8,8
59214,8,8
59215,2,2
59216,2,2
59217,4,4
59218,6,6
59219,8,8
59220,2,2
59221,0,0
59222,6,6
59223,6,6
59224,2,2
59225,3,3
59226,5,5
59227,8,8
59228,6,6
59229,6,6
59230,9,9
59231,6,6
59232,8,8
59233,9,9
59234,2,2
59235,2,2
59236,8,8
59237,4,4
59238,8,8
59239,6,6
59240,8,8
59241,3,3
59242,7,7
59243,0,0
59244,3,3
59245,6,6
59246,0,0
59247,9,9
59248,9,9
59249,3,3
59250,8,8
59251,4,4
59252,6,6
59253,6,6
59254,8,8
59255,4,4
59256,3,3
59257,6,6
59258,8,8
59259,8,8
59260,2,2
59261,8,8
59262,2,2
59263,6,6
59264,0,0
59265,2,2
59266,9,9
59267,3,3
59268,8,8
59269,2,2
59270,2,2
59271,6,6
59272,3,3
59273,4,4
59274,2,2
59275,6,6
59276,0,0
59277,2,2
59278,3,3
59279,8,8
59280,2,2
59281,6,6
59282,7,7
59283,2,2
59284,4,4
59285,8,8
59286,4,4
59287,2,2
59288,3,3
59289,9,9
59290,6,6
59291,2,2
59292,4,4
59293,8,8
59294,3,3
59295,8,8
59296,3,3
59297,9,9
59298,6,6
59299,2,2
59300,8,8
59301,2,2
59302,4,4
59303,4,4
59304,8,8
59305,2,2
59306,8,8
59307,7,7
59308,7,7
59309,3,3
59310,4,4
59311,2,2
59312,9,9
59313,3,3
59314,2,2
59315,2,2
59316,6,6
59317,6,6
59318,7,7
59319,3,3
59320,4,4
59321,2,2
59322,2,2
59323,8,8
59324,4,4
59325,8,8
59326,6,6
59327,6,6
59328,7,7
59329,2,2
59330,2,2
59331,3,3
59332,8,8
59333,2,2
59334,7,7
59335,2,2
59336,3,3
59337,3,3
59338,2,2
59339,9,9
59340,2,2
59341,8,8
59342,3,3
59343,2,2
59344,2,2
59345,4,4
59346,2,2
59347,4,4
59348,8,8
59349,2,2
59350,2,2
59351,2,2
59352,2,2
59353,3,3
59354,7,7
59355,6,6
59356,7,7
59357,5,5
59358,7,7
59359,4,4
59360,5,5
59361,5,5
59362,0,0
59363,3,3
59364,1,1
59365,6,6
59366,7,7
59367,5,5
59368,7,7
59369,4,4
59370,5,5
59371,0,0
59372,3,3
59373,1,1
59374,6,6
59375,7,7
59376,5,5
59377,7,7
59378,4,4
59379,0,0
59380,7,7
59381,0,0
59382,1,1
59383,7,7
59384,7,7
59385,5,5
59386,5,5
59387,1,1
59388,5,5
59389,5,5
59390,5,5
59391,1,1
59392,5,5
59393,7,7
59394,7,7
59395,3,3
59396,6,6
59397,5,5
59398,7,7
59399,4,4
59400,7,7
59401,1,1
59402,2,2
59403,7,7
59404,5,5
59405,0,0
59406,7,7
59407,5,5
59408,7,7
59409,5,5
59410,6,6
59411,7,7
59412,0,0
59413,5,5
59414,1,1
59415,6,6
59416,7,7
59417,5,5
59418,5,5
59419,1,1
59420,3,3
59421,3,3
59422,6,6
59423,7,7
59424,0,0
59425,6,6
59426,7,7
59427,1,1
59428,1,1
59429,7,7
59430,7,7
59431,4,4
59432,5,5
59433,5,5
59434,5,5
59435,0,0
59436,7,7
59437,4,4
59438,7,7
59439,3,3
59440,7,7
59441,8,8
59442,4,4
59443,5,5
59444,6,6
59445,4,4
59446,5,5
59447,7,7
59448,4,4
59449,5,5
59450,3,3
59451,5,5
59452,3,3
59453,5,5
59454,1,1
59455,5,5
59456,6,6
59457,3,3
59458,5,5
59459,7,7
59460,1,1
59461,7,7
59462,0,0
59463,4,4
59464,0,0
59465,5,5
59466,7,7
59467,7,7
59468,5,5
59469,0,0
59470,4,4
59471,7,7
59472,3,3
59473,7,7
59474,4,4
59475,6,6
59476,4,4
59477,3,3
59478,1,1
59479,6,6
59480,7,7
59481,0,0
59482,7,7
59483,4,4
59484,8,8
59485,2,2
59486,0,0
59487,3,3
59488,9,9
59489,6,6
59490,2,2
59491,0,0
59492,2,2
59493,4,4
59494,8,8
59495,2,2
59496,0,0
59497,3,3
59498,9,9
59499,6,6
59500,2,2
59501,0,0
59502,2,2
59503,4,4
59504,8,8
59505,2,2
59506,0,0
59507,7,7
59508,4,4
59509,4,4
59510,3,3
59511,2,2
59512,2,2
59513,8,8
59514,0,0
59515,8,8
59516,9,9
59517,9,9
59518,0,0
59519,9,9
59520,8,8
59521,9,9
59522,8,8
59523,1,1
59524,8,8
59525,2,2
59526,8,8
59527,9,9
59528,2,2
59529,7,7
59530,9,9
59531,4,4
59532,8,8
59533,8,8
59534,0,0
59535,2,2
59536,3,3
59537,6,6
59538,7,7
59539,6,6
59540,4,4
59541,3,3
59542,2,2
59543,8,8
59544,8,8
59545,9,9
59546,2,2
59547,2,2
59548,4,4
59549,4,4
59550,2,2
59551,8,8
59552,8,8
59553,2,2
59554,8,8
59555,6,6
59556,6,6
59557,3,3
59558,3,3
59559,9,9
59560,0,0
59561,8,8
59562,0,0
59563,2,2
59564,0,0
59565,2,2
59566,8,8
59567,4,4
59568,2,2
59569,7,7
59570,4,4
59571,9,9
59572,6,6
59573,0,0
59574,2,2
59575,6,6
59576,2,2
59577,6,6
59578,4,4
59579,6,6
59580,5,5
59581,2,2
59582,8,8
59583,4,4
59584,2,2
59585,3,3
59586,1,1
59587,7,7
59588,7,7
59589,8,8
59590,2,2
59591,4,4
59592,0,0
59593,2,2
59594,8,8
59595,3,3
59596,9,9
59597,6,6
59598,2,2
59599,0,0
59600,2,2
59601,4,4
59602,8,8
59603,2,2
59604,0,0
59605,3,3
59606,9,9
59607,7,7
59608,5,5
59609,2,2
59610,4,4
59611,0,0
59612,2,2
59613,2,2
59614,8,8
59615,3,3
59616,9,9
59617,8,8
59618,1,1
59619,9,9
59620,8,8
59621,6,6
59622,2,2
59623,5,5
59624,7,7
59625,9,9
59626,8,8
59627,2,2
59628,6,6
59629,8,8
59630,7,7
59631,2,2
59632,9,9
59633,0,0
59634,0,0
59635,2,2
59636,2,2
59637,2,2
59638,8,8
59639,3,3
59640,4,4
59641,6,6
59642,4,4
59643,7,7
59644,0,0
59645,9,9
59646,0,0
59647,8,8
59648,2,2
59649,2,2
59650,0,0
59651,3,3
59652,7,7
59653,8,8
59654,2,2
59655,6,6
59656,5,5
59657,5,5
59658,9,9
59659,3,3
59660,2,2
59661,8,8
59662,9,9
59663,2,2
59664,8,8
59665,0,0
59666,2,2
59667,6,6
59668,8,8
59669,7,7
59670,7,7
59671,9,9
59672,6,6
59673,4,4
59674,8,8
59675,6,6
59676,7,7
59677,6,6
59678,7,7
59679,4,4
59680,3,3
59681,6,6
59682,8,8
59683,2,2
59684,6,6
59685,2,2
59686,9,9
59687,4,4
59688,9,9
59689,3,3
59690,5,5
59691,7,7
59692,9,9
59693,4,4
59694,9,9
59695,0,0
59696,3,3
59697,9,9
59698,6,6
59699,7,7
59700,8,8
59701,4,4
59702,4,4
59703,8,8
59704,3,3
59705,9,9
59706,6,6
59707,7,7
59708,9,9
59709,4,4
59710,8,8
59711,9,9
59712,2,2
59713,9,9
59714,9,9
59715,7,7
59716,8,8
59717,8,8
59718,9,9
59719,8,8
59720,2,2
59721,6,6
59722,9,9
59723,2,2
59724,8,8
59725,2,2
59726,6,6
59727,8,8
59728,9,9
59729,2,2
59730,8,8
59731,6,6
59732,6,6
59733,8,8
59734,1,1
59735,2,2
59736,4,4
59737,1,1
59738,9,9
59739,8,8
59740,8,8
59741,8,8
59742,6,6
59743,9,9
59744,4,4
59745,8,8
59746,8,8
59747,6,6
59748,0,0
59749,8,8
59750,9,9
59751,9,9
59752,4,4
59753,9,9
59754,4,4
59755,2,2
59756,0,0
59757,6,6
59758,4,4
59759,8,8
59760,2,2
59761,8,8
59762,4,4
59763,9,9
59764,2,2
59765,5,5
59766,9,9
59767,0,0
59768,9,9
59769,7,7
59770,4,4
59771,0,0
59772,8,8
59773,9,9
59774,8,8
59775,4,4
59776,0,0
59777,2,2
59778,2,2
59779,8,8
59780,9,9
59781,9,9
59782,8,8
59783,9,9
59784,6,6
59785,4,4
59786,3,3
59787,9,9
59788,6,6
59789,8,8
59790,2,2
59791,4,4
59792,8,8
59793,2,2
59794,8,8
59795,3,3
59796,9,9
59797,6,6
59798,7,7
59799,8,8
59800,2,2
59801,4,4
59802,8,8
59803,2,2
59804,8,8
59805,3,3
59806,9,9
59807,6,6
59808,2,2
59809,8,8
59810,2,2
59811,4,4
59812,8,8
59813,2,2
59814,8,8
59815,2,2
59816,6,6
59817,0,0
59818,7,7
59819,6,6
59820,9,9
59821,8,8
59822,2,2
59823,2,2
59824,6,6
59825,2,2
59826,6,6
59827,1,1
59828,7,7
59829,8,8
59830,8,8
59831,6,6
59832,9,9
59833,6,6
59834,2,2
59835,0,0
59836,9,9
59837,2,2
59838,2,2
59839,8,8
59840,3,3
59841,4,4
59842,0,0
59843,8,8
59844,2,2
59845,8,8
59846,2,2
59847,3,3
59848,4,4
59849,9,9
59850,2,2
59851,0,0
59852,8,8
59853,4,4
59854,9,9
59855,6,6
59856,8,8
59857,8,8
59858,0,0
59859,3,3
59860,2,2
59861,2,2
59862,8,8
59863,8,8
59864,9,9
59865,2,2
59866,4,4
59867,2,2
59868,3,3
59869,3,3
59870,2,2
59871,8,8
59872,9,9
59873,4,4
59874,8,8
59875,6,6
59876,4,4
59877,4,4
59878,3,3
59879,8,8
59880,2,2
59881,8,8
59882,9,9
59883,2,2
59884,2,2
59885,4,4
59886,2,2
59887,8,8
59888,8,8
59889,2,2
59890,0,0
59891,2,2
59892,4,4
59893,8,8
59894,8,8
59895,4,4
59896,6,6
59897,6,6
59898,3,3
59899,8,8
59900,9,9
59901,3,3
59902,9,9
59903,6,6
59904,7,7
59905,8,8
59906,8,8
59907,4,4
59908,8,8
59909,2,2
59910,8,8
59911,3,3
59912,9,9
59913,6,6
59914,7,7
59915,8,8
59916,2,2
59917,8,8
59918,9,9
59919,9,9
59920,6,6
59921,2,2
59922,5,5
59923,9,9
59924,4,4
59925,8,8
59926,2,2
59927,8,8
59928,9,9
59929,3,3
59930,2,2
59931,9,9
59932,9,9
59933,8,8
59934,8,8
59935,8,8
59936,2,2
59937,8,8
59938,8,8
59939,8,8
59940,8,8
59941,9,9
59942,8,8
59943,8,8
59944,2,2
59945,9,9
59946,2,2
59947,2,2
59948,8,8
59949,2,2
59950,2,2
59951,8,8
59952,3,3
59953,8,8
59954,9,9
59955,7,7
59956,9,9
59957,9,9
59958,9,9
59959,4,4
59960,9,9
59961,2,2
59962,2,2
59963,8,8
59964,2,2
59965,9,9
59966,4,4
59967,2,2
59968,2,2
59969,8,8
59970,6,6
59971,6,6
59972,3,3
59973,8,8
59974,6,6
59975,9,9
59976,4,4
59977,8,8
59978,7,7
59979,9,9
59980,9,9
59981,4,4
59982,4,4
59983,6,6
59984,9,9
59985,6,6
59986,4,4
59987,3,3
59988,8,8
59989,2,2
59990,8,8
59991,6,6
59992,8,8
59993,9,9
59994,9,9
59995,2,2
59996,2,2
59997,2,2
59998,4,4
59999,9,9
60000,8,8
60001,7,7
60002,9,9
60003,3,3
60004,5,5
60005,9,9
60006,0,0
60007,0,0
60008,5,5
60009,8,8
60010,3,3
60011,5,5
60012,0,0
60013,3,3
60014,1,1
60015,7,7
60016,5,5
60017,0,0
60018,7,7
60019,0,0
60020,8,8
60021,4,4
60022,5,5
60023,2,2
60024,5,5
60025,3,3
60026,5,5
60027,5,5
60028,3,3
60029,1,1
60030,7,7
60031,1,1
60032,7,7
60033,4,4
60034,8,8
60035,6,6
60036,0,0
60037,1,1
60038,7,7
60039,1,1
60040,1,1
60041,0,0
60042,0,0
60043,9,9
60044,1,1
60045,7,7
60046,1,1
60047,6,6
60048,5,5
60049,5,5
60050,4,4
60051,7,7
60052,2,2
60053,7,7
60054,5,5
60055,7,7
60056,5,5
60057,1,1
60058,5,5
60059,9,9
60060,5,5
60061,6,6
60062,0,0
60063,6,6
60064,8,8
60065,0,0
60066,5,5
60067,5,5
60068,7,7
60069,3,3
60070,0,0
60071,3,3
60072,6,6
60073,8,8
60074,1,1
60075,0,0
60076,7,7
60077,8,8
60078,8,8
60079,8,8
60080,0,0
60081,4,4
60082,6,6
60083,0,0
60084,5,5
60085,5,5
60086,8,8
60087,7,7
60088,4,4
60089,9,9
60090,7,7
60091,4,4
60092,8,8
60093,7,7
60094,1,1
60095,5,5
60096,1,1
60097,1,1
60098,4,4
60099,5,5
60100,5,5
60101,3,3
60102,7,7
60103,5,5
60104,5,5
60105,5,5
60106,6,6
60107,9,9
60108,0,0
60109,0,0
60110,2,2
60111,1,1
60112,1,1
60113,0,0
60114,1,1
60115,0,0
60116,0,0
60117,5,5
60118,0,0
60119,8,8
60120,7,7
60121,8,8
60122,0,0
60123,4,4
60124,0,0
60125,0,0
60126,7,7
60127,2,2
60128,2,2
60129,2,2
60130,4,4
60131,4,4
60132,7,7
60133,0,0
60134,2,2
60135,1,1
60136,7,7
60137,9,9
60138,4,4
60139,8,8
60140,4,4
60141,5,5
60142,7,7
60143,1,1
60144,8,8
60145,1,1
60146,2,2
60147,6,6
60148,3,3
60149,9,9
60150,5,5
60151,5,5
60152,8,8
60153,7,7
60154,1,1
60155,2,2
60156,4,4
60157,4,4
60158,7,7
60159,1,1
60160,0,0
60161,4,4
60162,2,2
60163,5,5
60164,4,4
60165,7,7
60166,0,0
60167,9,9
60168,1,1
60169,0,0
60170,0,0
60171,8,8
60172,7,7
60173,7,7
60174,6,6
60175,1,1
60176,1,1
60177,7,7
60178,1,1
60179,7,7
60180,1,1
60181,7,7
60182,2,2
60183,3,3
60184,2,2
60185,0,0
60186,7,7
60187,7,7
60188,3,3
60189,1,1
60190,9,9
60191,1,1
60192,3,3
60193,5,5
60194,3,3
60195,1,1
60196,1,1
60197,4,4
60198,0,0
60199,6,6
60200,7,7
60201,4,4
60202,9,9
60203,1,1
60204,9,9
60205,7,7
60206,0,0
60207,7,7
60208,6,6
60209,5,5
60210,5,5
60211,8,8
60212,5,5
60213,1,1
60214,0,0
60215,2,2
60216,7,7
60217,2,2
60218,8,8
60219,2,2
60220,0,0
60221,6,6
60222,6,6
60223,8,8
60224,9,9
60225,6,6
60226,7,7
60227,0,0
60228,9,9
60229,0,0
60230,1,1
60231,1,1
60232,7,7
60233,8,8
60234,0,0
60235,5,5
60236,6,6
60237,6,6
60238,5,5
60239,1,1
60240,7,7
60241,7,7
60242,2,2
60243,0,0
60244,1,1
60245,4,4
60246,3,3
60247,6,6
60248,5,5
60249,9,9
60250,0,0
60251,1,1
60252,0,0
60253,2,2
60254,0,0
60255,0,0
60256,9,9
60257,1,1
60258,6,6
60259,3,3
60260,2,2
60261,1,1
60262,0,0
60263,0,0
60264,0,0
60265,1,1
60266,2,2
60267,1,1
60268,7,7
60269,3,3
60270,7,7
60271,3,3
60272,1,1
60273,0,0
60274,5,5
60275,5,5
60276,1,1
60277,2,2
60278,6,6
60279,1,1
60280,9,9
60281,8,8
60282,1,1
60283,8,8
60284,5,5
60285,6,6
60286,4,4
60287,5,5
60288,1,1
60289,7,7
60290,5,5
60291,6,6
60292,0,0
60293,6,6
60294,3,3
60295,5,5
60296,3,3
60297,3,3
60298,6,6
60299,2,2
60300,1,1
60301,0,0
60302,1,1
60303,5,5
60304,0,0
60305,7,7
60306,9,9
60307,0,0
60308,8,8
60309,7,7
60310,7,7
60311,3,3
60312,3,3
60313,7,7
60314,1,1
60315,0,0
60316,2,2
60317,9,9
60318,7,7
60319,7,7
60320,1,1
60321,9,9
60322,0,0
60323,2,2
60324,7,7
60325,8,8
60326,6,6
60327,3,3
60328,0,0
60329,1,1
60330,1,1
60331,9,9
60332,1,1
60333,7,7
60334,7,7
60335,7,7
60336,5,5
60337,0,0
60338,7,7
60339,4,4
60340,4,4
60341,5,5
60342,1,1
60343,7,7
60344,7,7
60345,1,1
60346,2,2
60347,2,2
60348,1,1
60349,0,0
60350,1,1
60351,7,7
60352,7,7
60353,4,4
60354,9,9
60355,2,2
60356,2,2
60357,1,1
60358,0,0
60359,0,0
60360,5,5
60361,4,4
60362,7,7
60363,1,1
60364,7,7
60365,2,2
60366,4,4
60367,7,7
60368,4,4
60369,7,7
60370,0,0
60371,1,1
60372,7,7
60373,7,7
60374,7,7
60375,2,2
60376,0,0
60377,1,1
60378,1,1
60379,5,5
60380,3,3
60381,0,0
60382,7,7
60383,0,0
60384,4,4
60385,1,1
60386,4,4
60387,1,1
60388,9,9
60389,0,0
60390,6,6
60391,2,2
60392,4,4
60393,1,1
60394,0,0
60395,7,7
60396,6,6
60397,7,7
60398,5,5
60399,5,5
60400,6,6
60401,7,7
60402,7,7
60403,0,0
60404,6,6
60405,5,5
60406,7,7
60407,3,3
60408,7,7
60409,1,1
60410,0,0
60411,1,1
60412,7,7
60413,0,0
60414,0,0
60415,0,0
60416,1,1
60417,0,0
60418,6,6
60419,1,1
60420,8,8
60421,6,6
60422,0,0
60423,6,6
60424,3,3
60425,5,5
60426,8,8
60427,1,1
60428,8,8
60429,7,7
60430,1,1
60431,7,7
60432,5,5
60433,0,0
60434,0,0
60435,2,2
60436,8,8
60437,7,7
60438,0,0
60439,4,4
60440,3,3
60441,3,3
60442,7,7
60443,2,2
60444,2,2
60445,3,3
60446,4,4
60447,8,8
60448,2,2
60449,7,7
60450,7,7
60451,7,7
60452,9,9
60453,7,7
60454,5,5
60455,9,9
60456,1,1
60457,2,2
60458,2,2
60459,3,3
60460,0,0
60461,5,5
60462,4,4
60463,4,4
60464,8,8
60465,2,2
60466,2,2
60467,6,6
60468,8,8
60469,7,7
60470,2,2
60471,0,0
60472,5,5
60473,1,1
60474,2,2
60475,5,5
60476,1,1
60477,6,6
60478,7,7
60479,7,7
60480,9,9
60481,0,0
60482,5,5
60483,9,9
60484,0,0
60485,3,3
60486,5,5
60487,0,0
60488,0,0
60489,1,1
60490,3,3
60491,2,2
60492,6,6
60493,7,7
60494,8,8
60495,2,2
60496,5,5
60497,0,0
60498,2,2
60499,1,1
60500,7,7
60501,5,5
60502,9,9
60503,6,6
60504,1,1
60505,7,7
60506,9,9
60507,7,7
60508,2,2
60509,7,7
60510,8,8
60511,9,9
60512,9,9
60513,6,6
60514,5,5
60515,0,0
60516,6,6
60517,4,4
60518,7,7
60519,0,0
60520,9,9
60521,0,0
60522,5,5
60523,9,9
60524,7,7
60525,3,3
60526,7,7
60527,7,7
60528,7,7
60529,1,1
60530,0,0
60531,1,1
60532,0,0
60533,5,5
60534,4,4
60535,5,5
60536,1,1
60537,1,1
60538,9,9
60539,6,6
60540,7,7
60541,5,5
60542,1,1
60543,0,0
60544,5,5
60545,3,3
60546,3,3
60547,6,6
60548,2,2
60549,6,6
60550,8,8
60551,1,1
60552,4,4
60553,4,4
60554,8,8
60555,8,8
60556,5,5
60557,0,0
60558,0,0
60559,5,5
60560,8,8
60561,3,3
60562,5,5
60563,2,2
60564,7,7
60565,0,0
60566,1,1
60567,7,7
60568,4,4
60569,7,7
60570,2,2
60571,0,0
60572,2,2
60573,7,7
60574,7,7
60575,0,0
60576,7,7
60577,0,0
60578,2,2
60579,8,8
60580,2,2
60581,3,3
60582,9,9
60583,6,6
60584,1,1
60585,0,0
60586,3,3
60587,4,4
60588,7,7
60589,0,0
60590,7,7
60591,7,7
60592,3,3
60593,0,0
60594,4,4
60595,7,7
60596,2,2
60597,5,5
60598,0,0
60599,5,5
60600,4,4
60601,9,9
60602,5,5
60603,2,2
60604,2,2
60605,9,9
60606,2,2
60607,4,4
60608,3,3
60609,9,9
60610,4,4
60611,3,3
60612,6,6
60613,9,9
60614,1,1
60615,9,9
60616,0,0
60617,8,8
60618,7,7
60619,1,1
60620,3,3
60621,2,2
60622,0,0
60623,4,4
60624,9,9
60625,4,4
60626,8,8
60627,0,0
60628,5,5
60629,6,6
60630,5,5
60631,2,2
60632,6,6
60633,6,6
60634,5,5
60635,9,9
60636,0,0
60637,7,7
60638,8,8
60639,0,0
60640,1,1
60641,2,2
60642,3,3
60643,6,6
60644,3,3
60645,4,4
60646,1,1
60647,1,1
60648,7,7
60649,0,0
60650,4,4
60651,0,0
60652,1,1
60653,1,1
60654,7,7
60655,2,2
60656,3,3
60657,7,7
60658,0,0
60659,0,0
60660,0,0
60661,2,2
60662,0,0
60663,1,1
60664,2,2
60665,5,5
60666,8,8
60667,1,1
60668,5,5
60669,1,1
60670,8,8
60671,5,5
60672,1,1
60673,8,8
60674,2,2
60675,1,1
60676,8,8
60677,7,7
60678,5,5
60679,0,0
60680,4,4
60681,5,5
60682,1,1
60683,1,1
60684,5,5
60685,2,2
60686,7,7
60687,7,7
60688,4,4
60689,0,0
60690,6,6
60691,5,5
60692,8,8
60693,2,2
60694,2,2
60695,1,1
60696,1,1
60697,5,5
60698,5,5
60699,0,0
60700,1,1
60701,3,3
60702,8,8
60703,0,0
60704,3,3
60705,0,0
60706,0,0
60707,0,0
60708,5,5
60709,2,2
60710,2,2
60711,3,3
60712,0,0
60713,3,3
60714,7,7
60715,6,6
60716,1,1
60717,5,5
60718,2,2
60719,5,5
60720,7,7
60721,3,3
60722,5,5
60723,5,5
60724,4,4
60725,1,1
60726,0,0
60727,7,7
60728,7,7
60729,4,4
60730,5,5
60731,6,6
60732,5,5
60733,5,5
60734,1,1
60735,1,1
60736,5,5
60737,3,3
60738,7,7
60739,2,2
60740,0,0
60741,9,9
60742,3,3
60743,4,4
60744,6,6
60745,9,9
60746,0,0
60747,7,7
60748,5,5
60749,1,1
60750,3,3
60751,7,7
60752,0,0
60753,7,7
60754,1,1
60755,1,1
60756,0,0
60757,0,0
60758,0,0
60759,0,0
60760,8,8
60761,2,2
60762,5,5
60763,3,3
60764,6,6
60765,0,0
60766,7,7
60767,9,9
60768,1,1
60769,4,4
60770,5,5
60771,0,0
60772,1,1
60773,0,0
60774,0,0
60775,6,6
60776,5,5
60777,1,1
60778,7,7
60779,2,2
60780,7,7
60781,7,7
60782,7,7
60783,1,1
60784,5,5
60785,7,7
60786,4,4
60787,5,5
60788,0,0
60789,5,5
60790,1,1
60791,5,5
60792,7,7
60793,7,7
60794,3,3
60795,1,1
60796,6,6
60797,1,1
60798,1,1
60799,6,6
60800,7,7
60801,7,7
60802,5,5
60803,5,5
60804,5,5
60805,2,2
60806,7,7
60807,7,7
60808,7,7
60809,1,1
60810,6,6
60811,7,7
60812,7,7
60813,8,8
60814,4,4
60815,7,7
60816,7,7
60817,4,4
60818,1,1
60819,7,7
60820,4,4
60821,3,3
60822,0,0
60823,6,6
60824,1,1
60825,0,0
60826,1,1
60827,8,8
60828,6,6
60829,8,8
60830,5,5
60831,1,1
60832,0,0
60833,0,0
60834,1,1
60835,1,1
60836,9,9
60837,7,7
60838,5,5
60839,2,2
60840,9,9
60841,5,5
60842,8,8
60843,5,5
60844,7,7
60845,3,3
60846,8,8
60847,7,7
60848,9,9
60849,7,7
60850,1,1
60851,3,3
60852,0,0
60853,8,8
60854,3,3
60855,7,7
60856,8,8
60857,2,2
60858,6,6
60859,0,0
60860,4,4
60861,4,4
60862,0,0
60863,6,6
60864,2,2
60865,7,7
60866,7,7
60867,7,7
60868,6,6
60869,2,2
60870,2,2
60871,3,3
60872,2,2
60873,6,6
60874,8,8
60875,6,6
60876,7,7
60877,7,7
60878,7,7
60879,2,2
60880,8,8
60881,5,5
60882,8,8
60883,7,7
60884,7,7
60885,4,4
60886,4,4
60887,7,7
60888,6,6
60889,1,1
60890,7,7
60891,9,9
60892,6,6
60893,5,5
60894,7,7
60895,7,7
60896,3,3
60897,7,7
60898,1,1
60899,7,7
60900,1,1
60901,5,5
60902,0,0
60903,4,4
60904,3,3
60905,6,6
60906,5,5
60907,9,9
60908,8,8
60909,5,5
60910,0,0
60911,8,8
60912,7,7
60913,5,5
60914,2,2
60915,7,7
60916,5,5
60917,0,0
60918,1,1
60919,1,1
60920,1,1
60921,6,6
60922,6,6
60923,7,7
60924,8,8
60925,7,7
60926,6,6
60927,7,7
60928,5,5
60929,1,1
60930,1,1
60931,0,0
60932,3,3
60933,7,7
60934,7,7
60935,0,0
60936,7,7
60937,5,5
60938,7,7
60939,3,3
60940,4,4
60941,0,0
60942,4,4
60943,9,9
60944,1,1
60945,6,6
60946,0,0
60947,0,0
60948,1,1
60949,1,1
60950,6,6
60951,0,0
60952,5,5
60953,0,0
60954,0,0
60955,4,4
60956,1,1
60957,7,7
60958,7,7
60959,1,1
60960,1,1
60961,2,2
60962,0,0
60963,1,1
60964,9,9
60965,3,3
60966,8,8
60967,1,1
60968,0,0
60969,5,5
60970,7,7
60971,5,5
60972,3,3
60973,5,5
60974,6,6
60975,6,6
60976,7,7
60977,9,9
60978,7,7
60979,1,1
60980,6,6
60981,3,3
60982,7,7
60983,2,2
60984,1,1
60985,6,6
60986,4,4
60987,0,0
60988,1,1
60989,4,4
60990,6,6
60991,7,7
60992,0,0
60993,2,2
60994,1,1
60995,6,6
60996,6,6
60997,3,3
60998,8,8
60999,0,0
61000,8,8
61001,4,4
61002,6,6
61003,7,7
61004,1,1
61005,0,0
61006,0,0
61007,2,2
61008,1,1
61009,3,3
61010,5,5
61011,1,1
61012,0,0
61013,0,0
61014,5,5
61015,8,8
61016,6,6
61017,5,5
61018,7,7
61019,9,9
61020,7,7
61021,8,8
61022,0,0
61023,5,5
61024,8,8
61025,9,9
61026,7,7
61027,1,1
61028,7,7
61029,2,2
61030,1,1
61031,6,6
61032,4,4
61033,2,2
61034,3,3
61035,5,5
61036,7,7
61037,1,1
61038,1,1
61039,1,1
61040,1,1
61041,2,2
61042,7,7
61043,5,5
61044,4,4
61045,0,0
61046,2,2
61047,3,3
61048,5,5
61049,6,6
61050,9,9
61051,5,5
61052,2,2
61053,6,6
61054,1,1
61055,0,0
61056,9,9
61057,8,8
61058,8,8
61059,5,5
61060,5,5
61061,3,3
61062,0,0
61063,8,8
61064,6,6
61065,6,6
61066,7,7
61067,7,7
61068,1,1
61069,7,7
61070,7,7
61071,0,0
61072,1,1
61073,2,2
61074,2,2
61075,1,1
61076,6,6
61077,0,0
61078,0,0
61079,4,4
61080,5,5
61081,5,5
61082,2,2
61083,1,1
61084,3,3
61085,4,4
61086,5,5
61087,2,2
61088,0,0
61089,7,7
61090,0,0
61091,1,1
61092,9,9
61093,2,2
61094,4,4
61095,7,7
61096,5,5
61097,1,1
61098,7,7
61099,9,9
61100,8,8
61101,7,7
61102,7,7
61103,5,5
61104,8,8
61105,0,0
61106,4,4
61107,7,7
61108,4,4
61109,7,7
61110,0,0
61111,0,0
61112,4,4
61113,2,2
61114,7,7
61115,0,0
61116,0,0
61117,9,9
61118,7,7
61119,6,6
61120,9,9
61121,4,4
61122,0,0
61123,4,4
61124,9,9
61125,0,0
61126,8,8
61127,0,0
61128,5,5
61129,9,9
61130,5,5
61131,2,2
61132,6,6
61133,0,0
61134,7,7
61135,1,1
61136,1,1
61137,1,1
61138,9,9
61139,1,1
61140,5,5
61141,0,0
61142,0,0
61143,8,8
61144,7,7
61145,5,5
61146,7,7
61147,5,5
61148,3,3
61149,0,0
61150,7,7
61151,1,1
61152,0,0
61153,2,2
61154,7,7
61155,6,6
61156,0,0
61157,8,8
61158,5,5
61159,9,9
61160,5,5
61161,4,4
61162,5,5
61163,8,8
61164,0,0
61165,0,0
61166,7,7
61167,8,8
61168,8,8
61169,2,2
61170,5,5
61171,0,0
61172,7,7
61173,8,8
61174,6,6
61175,0,0
61176,2,2
61177,7,7
61178,8,8
61179,1,1
61180,1,1
61181,9,9
61182,4,4
61183,8,8
61184,9,9
61185,8,8
61186,5,5
61187,6,6
61188,2,2
61189,1,1
61190,7,7
61191,5,5
61192,0,0
61193,1,1
61194,8,8
61195,2,2
61196,4,4
61197,4,4
61198,5,5
61199,4,4
61200,1,1
61201,1,1
61202,7,7
61203,3,3
61204,0,0
61205,7,7
61206,9,9
61207,6,6
61208,0,0
61209,9,9
61210,6,6
61211,9,9
61212,2,2
61213,1,1
61214,1,1
61215,1,1
61216,0,0
61217,8,8
61218,3,3
61219,7,7
61220,3,3
61221,5,5
61222,5,5
61223,3,3
61224,4,4
61225,2,2
61226,1,1
61227,1,1
61228,0,0
61229,7,7
61230,5,5
61231,3,3
61232,0,0
61233,4,4
61234,2,2
61235,7,7
61236,1,1
61237,9,9
61238,1,1
61239,7,7
61240,9,9
61241,9,9
61242,1,1
61243,2,2
61244,0,0
61245,6,6
61246,7,7
61247,7,7
61248,7,7
61249,2,2
61250,1,1
61251,4,4
61252,7,7
61253,5,5
61254,1,1
61255,0,0
61256,7,7
61257,9,9
61258,2,2
61259,7,7
61260,1,1
61261,3,3
61262,6,6
61263,5,5
61264,0,0
61265,7,7
61266,5,5
61267,7,7
61268,2,2
61269,6,6
61270,0,0
61271,3,3
61272,5,5
61273,4,4
61274,0,0
61275,0,0
61276,0,0
61277,0,0
61278,7,7
61279,8,8
61280,1,1
61281,2,2
61282,0,0
61283,9,9
61284,7,7
61285,2,2
61286,2,2
61287,7,7
61288,2,2
61289,0,0
61290,7,7
61291,7,7
61292,4,4
61293,5,5
61294,3,3
61295,9,9
61296,4,4
61297,3,3
61298,7,7
61299,5,5
61300,0,0
61301,0,0
61302,1,1
61303,6,6
61304,5,5
61305,9,9
61306,5,5
61307,4,4
61308,5,5
61309,0,0
61310,7,7
61311,0,0
61312,2,2
61313,0,0
61314,5,5
61315,7,7
61316,1,1
61317,7,7
61318,9,9
61319,7,7
61320,1,1
61321,0,0
61322,0,0
61323,0,0
61324,2,2
61325,5,5
61326,9,9
61327,5,5
61328,0,0
61329,1,1
61330,0,0
61331,7,7
61332,5,5
61333,3,3
61334,7,7
61335,6,6
61336,9,9
61337,4,4
61338,1,1
61339,7,7
61340,7,7
61341,6,6
61342,5,5
61343,0,0
61344,9,9
61345,5,5
61346,0,0
61347,0,0
61348,6,6
61349,6,6
61350,1,1
61351,9,9
61352,3,3
61353,7,7
61354,7,7
61355,8,8
61356,0,0
61357,5,5
61358,1,1
61359,8,8
61360,1,1
61361,8,8
61362,5,5
61363,0,0
61364,9,9
61365,6,6
61366,8,8
61367,7,7
61368,1,1
61369,0,0
61370,2,2
61371,7,7
61372,6,6
61373,4,4
61374,6,6
61375,7,7
61376,2,2
61377,4,4
61378,2,2
61379,3,3
61380,5,5
61381,6,6
61382,5,5
61383,7,7
61384,1,1
61385,0,0
61386,8,8
61387,4,4
61388,4,4
61389,2,2
61390,3,3
61391,5,5
61392,1,1
61393,7,7
61394,7,7
61395,6,6
61396,8,8
61397,1,1
61398,7,7
61399,3,3
61400,4,4
61401,0,0
61402,6,6
61403,9,9
61404,2,2
61405,2,2
61406,2,2
61407,6,6
61408,3,3
61409,1,1
61410,1,1
61411,7,7
61412,9,9
61413,0,0
61414,0,0
61415,7,7
61416,4,4
61417,5,5
61418,5,5
61419,5,5
61420,4,4
61421,5,5
61422,5,5
61423,0,0
61424,1,1
61425,2,2
61426,7,7
61427,5,5
61428,0,0
61429,5,5
61430,1,1
61431,9,9
61432,7,7
61433,1,1
61434,1,1
61435,5,5
61436,2,2
61437,0,0
61438,3,3
61439,1,1
61440,8,8
61441,7,7
61442,7,7
61443,2,2
61444,5,5
61445,3,3
61446,7,7
61447,2,2
61448,1,1
61449,5,5
61450,5,5
61451,6,6
61452,0,0
61453,0,0
61454,2,2
61455,0,0
61456,4,4
61457,3,3
61458,4,4
61459,6,6
61460,7,7
61461,5,5
61462,6,6
61463,7,7
61464,7,7
61465,1,1
61466,7,7
61467,7,7
61468,3,3
61469,1,1
61470,2,2
61471,2,2
61472,7,7
61473,8,8
61474,9,9
61475,4,4
61476,2,2
61477,0,0
61478,1,1
61479,7,7
61480,7,7
61481,5,5
61482,4,4
61483,1,1
61484,1,1
61485,6,6
61486,5,5
61487,3,3
61488,5,5
61489,7,7
61490,7,7
61491,4,4
61492,5,5
61493,0,0
61494,0,0
61495,1,1
61496,0,0
61497,0,0
61498,8,8
61499,7,7
61500,1,1
61501,5,5
61502,7,7
61503,7,7
61504,3,3
61505,1,1
61506,6,6
61507,8,8
61508,0,0
61509,5,5
61510,7,7
61511,5,5
61512,0,0
61513,7,7
61514,7,7
61515,1,1
61516,5,5
61517,3,3
61518,6,6
61519,7,7
61520,8,8
61521,7,7
61522,0,0
61523,7,7
61524,2,2
61525,7,7
61526,3,3
61527,4,4
61528,1,1
61529,5,5
61530,8,8
61531,7,7
61532,8,8
61533,3,3
61534,4,4
61535,3,3
61536,5,5
61537,4,4
61538,6,6
61539,7,7
61540,5,5
61541,7,7
61542,5,5
61543,8,8
61544,0,0
61545,5,5
61546,6,6
61547,0,0
61548,1,1
61549,4,4
61550,8,8
61551,9,9
61552,0,0
61553,2,2
61554,0,0
61555,9,9
61556,8,8
61557,8,8
61558,7,7
61559,0,0
61560,2,2
61561,5,5
61562,7,7
61563,8,8
61564,0,0
61565,3,3
61566,0,0
61567,7,7
61568,7,7
61569,5,5
61570,3,3
61571,0,0
61572,2,2
61573,0,0
61574,6,6
61575,0,0
61576,0,0
61577,4,4
61578,4,4
61579,2,2
61580,8,8
61581,8,8
61582,1,1
61583,1,1
61584,2,2
61585,6,6
61586,7,7
61587,4,4
61588,7,7
61589,3,3
61590,3,3
61591,7,7
61592,0,0
61593,1,1
61594,0,0
61595,0,0
61596,5,5
61597,8,8
61598,7,7
61599,5,5
61600,7,7
61601,5,5
61602,4,4
61603,1,1
61604,7,7
61605,7,7
61606,0,0
61607,1,1
61608,7,7
61609,4,4
61610,3,3
61611,7,7
61612,2,2
61613,7,7
61614,0,0
61615,7,7
61616,3,3
61617,7,7
61618,0,0
61619,7,7
61620,6,6
61621,3,3
61622,5,5
61623,3,3
61624,0,0
61625,5,5
61626,2,2
61627,5,5
61628,7,7
61629,2,2
61630,1,1
61631,0,0
61632,4,4
61633,1,1
61634,8,8
61635,2,2
61636,8,8
61637,2,2
61638,2,2
61639,0,0
61640,5,5
61641,5,5
61642,6,6
61643,1,1
61644,9,9
61645,5,5
61646,9,9
61647,0,0
61648,0,0
61649,0,0
61650,3,3
61651,2,2
61652,5,5
61653,2,2
61654,6,6
61655,5,5
61656,9,9
61657,1,1
61658,1,1
61659,1,1
61660,9,9
61661,7,7
61662,4,4
61663,7,7
61664,7,7
61665,0,0
61666,5,5
61667,1,1
61668,0,0
61669,7,7
61670,2,2
61671,5,5
61672,2,2
61673,1,1
61674,1,1
61675,2,2
61676,4,4
61677,2,2
61678,0,0
61679,5,5
61680,8,8
61681,8,8
61682,6,6
61683,7,7
61684,1,1
61685,4,4
61686,7,7
61687,2,2
61688,1,1
61689,6,6
61690,7,7
61691,1,1
61692,3,3
61693,2,2
61694,1,1
61695,8,8
61696,9,9
61697,8,8
61698,5,5
61699,0,0
61700,3,3
61701,0,0
61702,7,7
61703,8,8
61704,1,1
61705,0,0
61706,5,5
61707,1,1
61708,3,3
61709,1,1
61710,8,8
61711,6,6
61712,3,3
61713,3,3
61714,0,0
61715,1,1
61716,9,9
61717,7,7
61718,5,5
61719,2,2
61720,5,5
61721,0,0
61722,5,5
61723,3,3
61724,5,5
61725,1,1
61726,3,3
61727,2,2
61728,1,1
61729,9,9
61730,7,7
61731,7,7
61732,0,0
61733,5,5
61734,5,5
61735,0,0
61736,1,1
61737,7,7
61738,7,7
61739,3,3
61740,2,2
61741,9,9
61742,7,7
61743,0,0
61744,4,4
61745,0,0
61746,7,7
61747,9,9
61748,3,3
61749,7,7
61750,1,1
61751,5,5
61752,7,7
61753,1,1
61754,1,1
61755,2,2
61756,2,2
61757,2,2
61758,7,7
61759,9,9
61760,1,1
61761,8,8
61762,7,7
61763,1,1
61764,3,3
61765,7,7
61766,9,9
61767,5,5
61768,3,3
61769,7,7
61770,8,8
61771,7,7
61772,5,5
61773,1,1
61774,2,2
61775,7,7
61776,8,8
61777,3,3
61778,5,5
61779,7,7
61780,1,1
61781,5,5
61782,5,5
61783,0,0
61784,8,8
61785,1,1
61786,8,8
61787,5,5
61788,0,0
61789,7,7
61790,5,5
61791,1,1
61792,0,0
61793,5,5
61794,3,3
61795,6,6
61796,3,3
61797,7,7
61798,7,7
61799,0,0
61800,5,5
61801,5,5
61802,6,6
61803,7,7
61804,7,7
61805,0,0
61806,0,0
61807,3,3
61808,3,3
61809,1,1
61810,7,7
61811,6,6
61812,5,5
61813,7,7
61814,8,8
61815,5,5
61816,0,0
61817,9,9
61818,4,4
61819,4,4
61820,9,9
61821,5,5
61822,5,5
61823,0,0
61824,7,7
61825,0,0
61826,3,3
61827,7,7
61828,7,7
61829,1,1
61830,1,1
61831,4,4
61832,2,2
61833,7,7
61834,1,1
61835,1,1
61836,1,1
61837,7,7
61838,9,9
61839,7,7
61840,7,7
61841,3,3
61842,2,2
61843,6,6
61844,1,1
61845,7,7
61846,7,7
61847,7,7
61848,8,8
61849,8,8
61850,0,0
61851,0,0
61852,4,4
61853,5,5
61854,5,5
61855,0,0
61856,7,7
61857,5,5
61858,4,4
61859,2,2
61860,7,7
61861,1,1
61862,0,0
61863,6,6
61864,0,0
61865,9,9
61866,7,7
61867,1,1
61868,9,9
61869,0,0
61870,3,3
61871,6,6
61872,0,0
61873,5,5
61874,7,7
61875,5,5
61876,1,1
61877,9,9
61878,7,7
61879,2,2
61880,4,4
61881,0,0
61882,7,7
61883,5,5
61884,1,1
61885,9,9
61886,9,9
61887,0,0
61888,1,1
61889,7,7
61890,6,6
61891,6,6
61892,3,3
61893,7,7
61894,0,0
61895,6,6
61896,7,7
61897,1,1
61898,7,7
61899,1,1
61900,9,9
61901,0,0
61902,7,7
61903,0,0
61904,0,0
61905,4,4
61906,0,0
61907,3,3
61908,1,1
61909,1,1
61910,7,7
61911,2,2
61912,2,2
61913,7,7
61914,2,2
61915,6,6
61916,4,4
61917,7,7
61918,2,2
61919,0,0
61920,0,0
61921,4,4
61922,1,1
61923,7,7
61924,5,5
61925,0,0
61926,7,7
61927,9,9
61928,7,7
61929,0,0
61930,5,5
61931,7,7
61932,6,6
61933,0,0
61934,1,1
61935,0,0
61936,6,6
61937,4,4
61938,5,5
61939,1,1
61940,9,9
61941,8,8
61942,0,0
61943,1,1
61944,3,3
61945,9,9
61946,2,2
61947,6,6
61948,5,5
61949,8,8
61950,0,0
61951,4,4
61952,2,2
61953,7,7
61954,7,7
61955,6,6
61956,5,5
61957,6,6
61958,5,5
61959,2,2
61960,2,2
61961,2,2
61962,7,7
61963,5,5
61964,0,0
61965,1,1
61966,8,8
61967,2,2
61968,1,1
61969,4,4
61970,7,7
61971,4,4
61972,3,3
61973,7,7
61974,4,4
61975,8,8
61976,7,7
61977,5,5
61978,5,5
61979,5,5
61980,0,0
61981,4,4
61982,2,2
61983,7,7
61984,3,3
61985,0,0
61986,1,1
61987,3,3
61988,1,1
61989,0,0
61990,4,4
61991,6,6
61992,8,8
61993,9,9
61994,1,1
61995,3,3
61996,4,4
61997,7,7
61998,0,0
61999,7,7
62000,4,4
62001,5,5
62002,4,4
62003,2,2
62004,0,0
62005,5,5
62006,4,4
62007,5,5
62008,7,7
62009,5,5
62010,1,1
62011,1,1
62012,0,0
62013,1,1
62014,0,0
62015,1,1
62016,6,6
62017,1,1
62018,1,1
62019,0,0
62020,7,7
62021,0,0
62022,0,0
62023,3,3
62024,0,0
62025,7,7
62026,4,4
62027,1,1
62028,9,9
62029,7,7
62030,0,0
62031,7,7
62032,7,7
62033,3,3
62034,1,1
62035,2,2
62036,0,0
62037,7,7
62038,1,1
62039,5,5
62040,5,5
62041,1,1
62042,3,3
62043,9,9
62044,8,8
62045,7,7
62046,0,0
62047,3,3
62048,5,5
62049,0,0
62050,2,2
62051,9,9
62052,8,8
62053,1,1
62054,8,8
62055,6,6
62056,2,2
62057,5,5
62058,2,2
62059,0,0
62060,3,3
62061,4,4
62062,4,4
62063,1,1
62064,0,0
62065,7,7
62066,4,4
62067,2,2
62068,5,5
62069,7,7
62070,0,0
62071,1,1
62072,7,7
62073,7,7
62074,5,5
62075,7,7
62076,7,7
62077,7,7
62078,2,2
62079,1,1
62080,2,2
62081,2,2
62082,9,9
62083,7,7
62084,5,5
62085,7,7
62086,7,7
62087,3,3
62088,5,5
62089,0,0
62090,0,0
62091,5,5
62092,9,9
62093,9,9
62094,0,0
62095,0,0
62096,3,3
62097,4,4
62098,3,3
62099,5,5
62100,7,7
62101,6,6
62102,2,2
62103,2,2
62104,5,5
62105,7,7
62106,3,3
62107,7,7
62108,7,7
62109,5,5
62110,7,7
62111,7,7
62112,6,6
62113,2,2
62114,7,7
62115,3,3
62116,2,2
62117,0,0
62118,5,5
62119,2,2
62120,8,8
62121,1,1
62122,6,6
62123,8,8
62124,5,5
62125,0,0
62126,6,6
62127,3,3
62128,7,7
62129,6,6
62130,0,0
62131,9,9
62132,0,0
62133,1,1
62134,0,0
62135,9,9
62136,1,1
62137,1,1
62138,7,7
62139,7,7
62140,5,5
62141,0,0
62142,7,7
62143,8,8
62144,5,5
62145,5,5
62146,7,7
62147,0,0
62148,5,5
62149,8,8
62150,4,4
62151,7,7
62152,7,7
62153,2,2
62154,9,9
62155,3,3
62156,4,4
62157,6,6
62158,6,6
62159,0,0
62160,4,4
62161,5,5
62162,7,7
62163,7,7
62164,1,1
62165,5,5
62166,1,1
62167,8,8
62168,7,7
62169,0,0
62170,5,5
62171,1,1
62172,2,2
62173,0,0
62174,7,7
62175,1,1
62176,6,6
62177,7,7
62178,3,3
62179,2,2
62180,7,7
62181,5,5
62182,7,7
62183,5,5
62184,6,6
62185,7,7
62186,7,7
62187,8,8
62188,7,7
62189,9,9
62190,2,2
62191,6,6
62192,7,7
62193,8,8
62194,4,4
62195,8,8
62196,0,0
62197,1,1
62198,6,6
62199,2,2
62200,9,9
62201,5,5
62202,8,8
62203,7,7
62204,2,2
62205,8,8
62206,0,0
62207,2,2
62208,7,7
62209,2,2
62210,4,4
62211,7,7
62212,0,0
62213,2,2
62214,7,7
62215,3,3
62216,5,5
62217,3,3
62218,0,0
62219,0,0
62220,8,8
62221,9,9
62222,7,7
62223,0,0
62224,7,7
62225,2,2
62226,3,3
62227,5,5
62228,9,9
62229,7,7
62230,7,7
62231,4,4
62232,0,0
62233,5,5
62234,8,8
62235,9,9
62236,3,3
62237,4,4
62238,8,8
62239,1,1
62240,5,5
62241,9,9
62242,6,6
62243,0,0
62244,0,0
62245,1,1
62246,1,1
62247,7,7
62248,6,6
62249,5,5
62250,8,8
62251,5,5
62252,0,0
62253,6,6
62254,6,6
62255,7,7
62256,5,5
62257,5,5
62258,9,9
62259,5,5
62260,6,6
62261,9,9
62262,8,8
62263,5,5
62264,5,5
62265,0,0
62266,4,4
62267,4,4
62268,8,8
62269,1,1
62270,8,8
62271,2,2
62272,3,3
62273,9,9
62274,0,0
62275,0,0
62276,1,1
62277,9,9
62278,8,8
62279,7,7
62280,7,7
62281,7,7
62282,2,2
62283,1,1
62284,7,7
62285,8,8
62286,5,5
62287,1,1
62288,7,7
62289,0,0
62290,0,0
62291,7,7
62292,5,5
62293,3,3
62294,7,7
62295,3,3
62296,6,6
62297,7,7
62298,2,2
62299,8,8
62300,7,7
62301,8,8
62302,9,9
62303,7,7
62304,3,3
62305,2,2
62306,8,8
62307,0,0
62308,2,2
62309,2,2
62310,0,0
62311,6,6
62312,7,7
62313,5,5
62314,8,8
62315,1,1
62316,1,1
62317,5,5
62318,3,3
62319,5,5
62320,0,0
62321,4,4
62322,7,7
62323,5,0
62324,1,1
62325,1,1
62326,3,3
62327,6,6
62328,3,3
62329,3,3
62330,5,5
62331,4,4
62332,0,0
62333,3,3
62334,8,8
62335,1,1
62336,0,0
62337,5,5
62338,5,5
62339,0,0
62340,5,5
62341,5,5
62342,5,5
62343,1,1
62344,0,0
62345,0,0
62346,7,7
62347,7,7
62348,1,1
62349,2,2
62350,6,6
62351,3,3
62352,4,4
62353,6,6
62354,9,9
62355,1,1
62356,1,1
62357,1,1
62358,1,1
62359,1,1
62360,4,4
62361,8,8
62362,2,2
62363,0,0
62364,7,7
62365,8,8
62366,1,1
62367,4,4
62368,0,0
62369,5,5
62370,3,3
62371,5,5
62372,0,0
62373,0,0
62374,9,9
62375,5,5
62376,3,3
62377,8,8
62378,7,7
62379,1,1
62380,5,5
62381,0,0
62382,2,2
62383,4,4
62384,7,7
62385,3,3
62386,0,0
62387,1,1
62388,4,4
62389,7,7
62390,9,9
62391,6,6
62392,7,7
62393,7,7
62394,5,5
62395,2,2
62396,3,3
62397,9,9
62398,1,1
62399,0,0
62400,7,7
62401,5,5
62402,0,0
62403,3,3
62404,4,4
62405,7,7
62406,9,9
62407,0,0
62408,7,7
62409,9,9
62410,7,7
62411,1,1
62412,9,9
62413,7,7
62414,1,1
62415,6,6
62416,1,1
62417,3,3
62418,9,9
62419,2,2
62420,5,5
62421,1,1
62422,5,5
62423,7,7
62424,7,7
62425,7,7
62426,0,0
62427,7,7
62428,4,4
62429,9,9
62430,7,7
62431,6,6
62432,9,9
62433,1,1
62434,1,1
62435,3,3
62436,5,5
62437,9,9
62438,0,0
62439,7,7
62440,5,5
62441,7,7
62442,8,8
62443,0,0
62444,1,1
62445,0,0
62446,6,6
62447,0,0
62448,0,0
62449,2,2
62450,7,7
62451,2,2
62452,7,7
62453,1,1
62454,7,7
62455,3,3
62456,0,0
62457,8,8
62458,4,4
62459,6,6
62460,5,5
62461,4,4
62462,3,3
62463,8,8
62464,5,5
62465,4,4
62466,4,4
62467,0,0
62468,4,4
62469,4,4
62470,7,7
62471,4,4
62472,0,0
62473,1,1
62474,8,8
62475,7,7
62476,7,7
62477,0,0
62478,5,5
62479,3,3
62480,8,8
62481,6,6
62482,0,0
62483,4,4
62484,8,8
62485,3,3
62486,4,4
62487,8,8
62488,0,0
62489,5,5
62490,8,8
62491,6,6
62492,3,3
62493,0,0
62494,5,5
62495,6,6
62496,5,5
62497,0,0
62498,5,5
62499,5,5
62500,9,9
62501,7,7
62502,7,7
62503,6,6
62504,1,1
62505,5,5
62506,3,3
62507,9,9
62508,0,0
62509,0,0
62510,9,9
62511,7,7
62512,7,7
62513,9,9
62514,0,0
62515,4,4
62516,5,5
62517,6,6
62518,7,7
62519,1,1
62520,7,7
62521,8,8
62522,7,7
62523,0,0
62524,9,9
62525,2,2
62526,7,7
62527,3,3
62528,0,0
62529,1,1
62530,0,0
62531,3,3
62532,1,1
62533,1,1
62534,7,7
62535,5,5
62536,3,3
62537,0,0
62538,0,0
62539,8,8
62540,7,7
62541,1,1
62542,3,3
62543,2,2
62544,0,0
62545,7,7
62546,2,2
62547,0,0
62548,8,8
62549,7,7
62550,7,7
62551,7,7
62552,7,7
62553,1,1
62554,2,2
62555,7,7
62556,7,7
62557,3,3
62558,2,2
62559,7,7
62560,7,7
62561,2,2
62562,4,4
62563,0,0
62564,9,9
62565,5,5
62566,7,7
62567,0,0
62568,3,3
62569,7,7
62570,0,0
62571,7,7
62572,6,6
62573,2,2
62574,7,7
62575,7,7
62576,1,1
62577,0,0
62578,9,9
62579,2,2
62580,4,4
62581,8,8
62582,8,8
62583,7,7
62584,2,2
62585,0,0
62586,2,2
62587,7,7
62588,5,5
62589,5,5
62590,1,1
62591,8,8
62592,3,3
62593,3,3
62594,7,7
62595,0,0
62596,6,6
62597,7,7
62598,9,9
62599,1,1
62600,7,7
62601,4,4
62602,6,6
62603,0,0
62604,7,7
62605,0,0
62606,7,7
62607,9,9
62608,1,1
62609,4,4
62610,2,2
62611,1,1
62612,1,1
62613,5,5
62614,2,2
62615,8,8
62616,7,7
62617,9,9
62618,7,7
62619,3,3
62620,4,4
62621,6,6
62622,0,0
62623,7,7
62624,7,7
62625,1,1
62626,1,1
62627,3,3
62628,8,8
62629,7,7
62630,5,5
62631,4,4
62632,7,7
62633,8,8
62634,7,7
62635,5,5
62636,7,7
62637,5,5
62638,3,3
62639,7,7
62640,2,2
62641,3,3
62642,0,0
62643,4,4
62644,2,2
62645,0,0
62646,0,0
62647,1,1
62648,2,2
62649,3,3
62650,1,1
62651,2,2
62652,7,7
62653,2,2
62654,1,1
62655,9,9
62656,7,7
62657,3,3
62658,0,0
62659,8,8
62660,7,7
62661,1,1
62662,6,6
62663,7,7
62664,6,6
62665,1,1
62666,8,8
62667,2,2
62668,7,7
62669,6,6
62670,7,7
62671,8,8
62672,4,4
62673,0,0
62674,1,1
62675,5,5
62676,9,9
62677,4,4
62678,0,0
62679,6,6
62680,5,5
62681,9,9
62682,2,2
62683,0,0
62684,1,1
62685,0,0
62686,7,7
62687,3,3
62688,1,1
62689,1,1
62690,0,0
62691,7,7
62692,0,0
62693,1,1
62694,0,0
62695,5,5
62696,5,5
62697,5,5
62698,1,1
62699,9,9
62700,0,0
62701,0,0
62702,5,5
62703,3,3
62704,1,1
62705,1,1
62706,1,1
62707,3,3
62708,0,0
62709,5,5
62710,0,0
62711,5,5
62712,7,7
62713,2,2
62714,3,3
62715,0,0
62716,7,7
62717,3,3
62718,4,4
62719,9,9
62720,0,0
62721,5,5
62722,1,1
62723,7,7
62724,7,7
62725,9,9
62726,6,6
62727,7,7
62728,6,6
62729,6,6
62730,9,9
62731,7,7
62732,1,1
62733,2,2
62734,9,9
62735,0,0
62736,8,8
62737,4,4
62738,4,4
62739,0,0
62740,8,8
62741,6,6
62742,5,5
62743,1,1
62744,0,0
62745,7,7
62746,9,9
62747,3,3
62748,7,7
62749,5,5
62750,2,2
62751,4,4
62752,6,6
62753,9,9
62754,4,4
62755,0,0
62756,7,7
62757,1,1
62758,7,7
62759,4,4
62760,9,9
62761,3,3
62762,4,4
62763,3,3
62764,2,2
62765,3,3
62766,4,4
62767,7,7
62768,7,7
62769,0,0
62770,4,4
62771,0,0
62772,9,9
62773,2,2
62774,7,7
62775,7,7
62776,7,7
62777,3,3
62778,6,6
62779,3,3
62780,7,7
62781,5,5
62782,4,4
62783,9,9
62784,6,6
62785,7,7
62786,1,1
62787,6,6
62788,1,1
62789,9,9
62790,2,2
62791,4,4
62792,0,0
62793,1,1
62794,7,7
62795,4,4
62796,4,4
62797,5,5
62798,2,2
62799,7,7
62800,2,2
62801,6,6
62802,3,3
62803,1,1
62804,0,0
62805,5,5
62806,0,0
62807,7,7
62808,0,0
62809,7,7
62810,7,7
62811,3,3
62812,0,0
62813,7,7
62814,7,7
62815,1,1
62816,9,9
62817,3,3
62818,8,8
62819,0,0
62820,0,0
62821,3,3
62822,1,1
62823,0,0
62824,3,3
62825,1,1
62826,5,5
62827,1,1
62828,8,8
62829,7,7
62830,5,5
62831,4,4
62832,2,2
62833,5,5
62834,7,7
62835,0,0
62836,5,5
62837,8,8
62838,7,7
62839,7,7
62840,7,7
62841,0,0
62842,3,3
62843,8,8
62844,0,0
62845,0,0
62846,4,4
62847,0,0
62848,6,6
62849,2,2
62850,7,7
62851,5,5
62852,9,9
62853,7,7
62854,8,8
62855,9,9
62856,2,2
62857,5,5
62858,5,5
62859,2,2
62860,4,4
62861,1,1
62862,9,9
62863,0,0
62864,6,6
62865,7,7
62866,4,4
62867,1,1
62868,1,1
62869,2,2
62870,5,5
62871,2,2
62872,5,5
62873,3,3
62874,8,8
62875,0,0
62876,4,4
62877,0,0
62878,1,1
62879,8,8
62880,1,1
62881,7,7
62882,5,5
62883,8,8
62884,7,7
62885,9,9
62886,0,0
62887,8,8
62888,8,8
62889,5,5
62890,8,8
62891,6,6
62892,5,5
62893,7,7
62894,3,3
62895,2,2
62896,7,7
62897,2,2
62898,0,0
62899,3,3
62900,5,5
62901,1,1
62902,1,1
62903,7,7
62904,6,6
62905,1,1
62906,7,7
62907,5,5
62908,5,5
62909,2,2
62910,6,6
62911,9,9
62912,1,1
62913,7,7
62914,0,0
62915,0,0
62916,0,0
62917,0,0
62918,6,6
62919,5,5
62920,5,5
62921,6,6
62922,7,7
62923,0,0
62924,7,7
62925,8,8
62926,0,0
62927,5,5
62928,9,9
62929,5,5
62930,9,9
62931,2,2
62932,3,3
62933,4,4
62934,5,5
62935,2,2
62936,5,5
62937,2,2
62938,8,8
62939,5,5
62940,6,6
62941,0,0
62942,3,3
62943,1,1
62944,7,7
62945,1,1
62946,9,9
62947,4,4
62948,7,7
62949,9,9
62950,1,1
62951,2,2
62952,7,7
62953,7,7
62954,3,3
62955,2,2
62956,7,7
62957,9,9
62958,0,0
62959,5,5
62960,0,0
62961,0,0
62962,4,4
62963,5,5
62964,0,0
62965,1,1
62966,0,0
62967,0,0
62968,0,0
62969,9,9
62970,7,7
62971,6,6
62972,3,3
62973,5,5
62974,1,1
62975,2,2
62976,4,4
62977,7,7
62978,7,7
62979,0,0
62980,4,4
62981,6,6
62982,1,1
62983,0,0
62984,1,1
62985,7,7
62986,2,2
62987,2,2
62988,3,3
62989,1,1
62990,0,0
62991,7,7
62992,2,2
62993,8,8
62994,4,4
62995,4,4
62996,3,3
62997,1,1
62998,0,0
62999,3,3
63000,4,4
63001,0,0
63002,9,9
63003,1,1
63004,6,6
63005,1,1
63006,0,0
63007,2,2
63008,0,0
63009,8,8
63010,7,7
63011,5,5
63012,2,2
63013,3,3
63014,1,1
63015,7,7
63016,3,3
63017,0,0
63018,4,4
63019,9,9
63020,7,7
63021,6,6
63022,7,7
63023,7,7
63024,5,5
63025,5,5
63026,9,9
63027,1,1
63028,2,2
63029,0,0
63030,1,1
63031,5,5
63032,3,3
63033,5,5
63034,0,0
63035,6,6
63036,4,4
63037,6,6
63038,0,0
63039,1,1
63040,8,8
63041,0,0
63042,8,8
63043,3,3
63044,3,3
63045,7,7
63046,7,7
63047,7,7
63048,6,6
63049,2,2
63050,1,1
63051,4,4
63052,3,3
63053,7,7
63054,8,8
63055,9,9
63056,5,5
63057,6,6
63058,4,4
63059,0,0
63060,1,1
63061,8,8
63062,1,1
63063,4,4
63064,2,2
63065,1,1
63066,8,8
63067,4,4
63068,2,2
63069,5,5
63070,1,1
63071,6,6
63072,2,2
63073,7,7
63074,7,7
63075,5,5
63076,0,0
63077,3,3
63078,1,1
63079,8,8
63080,7,7
63081,6,6
63082,7,7
63083,7,7
63084,0,0
63085,7,7
63086,0,0
63087,3,3
63088,4,4
63089,1,1
63090,7,7
63091,7,7
63092,9,9
63093,7,7
63094,7,7
63095,2,2
63096,9,9
63097,9,9
63098,0,0
63099,9,9
63100,7,7
63101,8,8
63102,2,2
63103,0,0
63104,7,7
63105,6,6
63106,9,9
63107,0,0
63108,7,7
63109,1,1
63110,7,7
63111,8,8
63112,7,7
63113,0,0
63114,4,4
63115,9,9
63116,6,6
63117,8,8
63118,4,4
63119,7,7
63120,7,7
63121,4,4
63122,5,5
63123,0,0
63124,1,1
63125,8,8
63126,1,1
63127,2,2
63128,9,9
63129,7,7
63130,4,4
63131,7,7
63132,1,1
63133,8,8
63134,6,6
63135,4,4
63136,9,9
63137,5,5
63138,7,7
63139,2,2
63140,2,2
63141,4,4
63142,6,6
63143,1,1
63144,5,5
63145,5,5
63146,1,1
63147,5,5
63148,1,1
63149,0,0
63150,7,7
63151,9,9
63152,1,1
63153,7,7
63154,5,5
63155,0,0
63156,4,4
63157,7,7
63158,7,7
63159,4,4
63160,0,0
63161,8,8
63162,0,0
63163,2,2
63164,4,4
63165,0,0
63166,9,9
63167,1,1
63168,5,5
63169,0,0
63170,3,3
63171,7,7
63172,5,5
63173,4,4
63174,5,5
63175,1,1
63176,0,0
63177,7,7
63178,3,3
63179,3,3
63180,7,7
63181,5,5
63182,5,5
63183,2,2
63184,0,0
63185,3,3
63186,0,0
63187,4,4
63188,0,0
63189,8,8
63190,5,5
63191,2,2
63192,0,0
63193,2,2
63194,8,8
63195,6,6
63196,9,9
63197,2,2
63198,7,7
63199,7,7
63200,5,5
63201,6,6
63202,8,8
63203,1,1
63204,0,0
63205,7,7
63206,2,2
63207,9,9
63208,0,0
63209,4,4
63210,2,2
63211,9,9
63212,6,6
63213,1,1
63214,9,9
63215,3,3
63216,1,1
63217,7,7
63218,2,2
63219,4,4
63220,2,2
63221,7,7
63222,5,5
63223,6,6
63224,2,2
63225,9,9
63226,3,3
63227,1,1
63228,5,5
63229,7,7
63230,1,1
63231,1,1
63232,5,5
63233,0,0
63234,5,5
63235,5,5
63236,1,1
63237,1,1
63238,4,4
63239,6,6
63240,7,7
63241,5,5
63242,3,3
63243,2,2
63244,9,9
63245,9,9
63246,2,2
63247,0,0
63248,7,7
63249,0,0
63250,9,9
63251,3,3
63252,9,9
63253,1,1
63254,2,2
63255,9,9
63256,6,6
63257,6,6
63258,7,7
63259,1,1
63260,6,6
63261,2,2
63262,9,9
63263,2,2
63264,1,1
63265,3,3
63266,7,7
63267,6,6
63268,1,1
63269,5,5
63270,5,5
63271,3,3
63272,9,9
63273,4,4
63274,6,6
63275,7,7
63276,1,1
63277,9,9
63278,5,5
63279,2,2
63280,7,7
63281,1,1
63282,5,5
63283,1,1
63284,8,8
63285,1,1
63286,0,0
63287,5,5
63288,5,5
63289,8,8
63290,7,7
63291,0,0
63292,0,0
63293,6,6
63294,0,0
63295,7,7
63296,8,8
63297,3,3
63298,0,0
63299,7,7
63300,7,7
63301,1,1
63302,4,4
63303,0,0
63304,9,9
63305,4,4
63306,3,3
63307,5,5
63308,8,8
63309,8,8
63310,3,3
63311,0,0
63312,7,7
63313,2,2
63314,1,1
63315,3,3
63316,5,5
63317,7,7
63318,6,6
63319,0,0
63320,9,9
63321,2,2
63322,7,7
63323,7,7
63324,7,7
63325,3,3
63326,7,7
63327,7,7
63328,0,0
63329,1,1
63330,7,7
63331,4,4
63332,5,5
63333,0,0
63334,0,0
63335,1,1
63336,0,0
63337,9,9
63338,5,5
63339,9,9
63340,2,2
63341,8,8
63342,4,4
63343,2,2
63344,9,9
63345,7,7
63346,3,3
63347,5,5
63348,2,2
63349,0,0
63350,4,4
63351,9,9
63352,0,0
63353,1,1
63354,1,1
63355,6,6
63356,5,5
63357,5,5
63358,2,2
63359,3,3
63360,0,0
63361,8,8
63362,4,4
63363,7,7
63364,7,7
63365,9,9
63366,0,0
63367,6,6
63368,3,3
63369,1,1
63370,5,5
63371,3,3
63372,7,7
63373,5,5
63374,2,2
63375,6,6
63376,0,0
63377,4,4
63378,8,8
63379,1,1
63380,1,1
63381,2,2
63382,4,4
63383,4,4
63384,4,4
63385,5,5
63386,9,9
63387,0,0
63388,0,0
63389,2,2
63390,7,7
63391,4,4
63392,0,0
63393,7,7
63394,5,5
63395,4,4
63396,6,6
63397,5,5
63398,2,2
63399,0,0
63400,0,0
63401,3,3
63402,4,4
63403,4,4
63404,5,5
63405,8,8
63406,2,2
63407,7,7
63408,7,7
63409,7,7
63410,5,5
63411,0,0
63412,3,3
63413,2,2
63414,7,7
63415,6,6
63416,5,5
63417,3,3
63418,1,1
63419,1,1
63420,9,9
63421,1,1
63422,4,4
63423,8,8
63424,4,4
63425,0,0
63426,0,0
63427,2,2
63428,1,1
63429,8,8
63430,1,1
63431,0,0
63432,1,1
63433,9,9
63434,1,1
63435,6,6
63436,1,1
63437,0,0
63438,1,1
63439,3,3
63440,7,7
63441,8,8
63442,4,4
63443,7,7
63444,5,5
63445,3,3
63446,3,3
63447,5,5
63448,7,7
63449,7,7
63450,2,2
63451,0,0
63452,9,9
63453,1,1
63454,1,1
63455,1,1
63456,7,7
63457,1,1
63458,3,3
63459,5,5
63460,5,5
63461,8,8
63462,0,0
63463,0,0
63464,1,1
63465,5,5
63466,2,2
63467,8,8
63468,5,5
63469,7,7
63470,2,2
63471,9,9
63472,5,5
63473,7,7
63474,0,0
63475,8,8
63476,1,1
63477,8,8
63478,0,0
63479,3,3
63480,1,1
63481,3,3
63482,6,6
63483,5,5
63484,7,7
63485,5,5
63486,7,7
63487,7,7
63488,4,4
63489,6,6
63490,0,0
63491,5,5
63492,7,7
63493,7,7
63494,9,9
63495,0,0
63496,7,7
63497,5,5
63498,0,0
63499,7,7
63500,5,5
63501,0,0
63502,7,7
63503,1,1
63504,8,8
63505,0,0
63506,4,4
63507,5,5
63508,6,6
63509,7,7
63510,7,7
63511,6,6
63512,3,3
63513,6,6
63514,7,7
63515,7,7
63516,7,7
63517,5,5
63518,4,4
63519,7,7
63520,5,5
63521,7,7
63522,1,1
63523,0,0
63524,5,5
63525,6,6
63526,0,0
63527,7,7
63528,7,7
63529,0,0
63530,0,0
63531,7,7
63532,1,1
63533,5,5
63534,5,5
63535,5,5
63536,3,3
63537,2,2
63538,0,0
63539,4,4
63540,3,3
63541,5,5
63542,5,5
63543,4,4
63544,5,5
63545,4,4
63546,1,1
63547,6,6
63548,2,2
63549,6,6
63550,4,4
63551,8,8
63552,9,9
63553,0,0
63554,4,4
63555,2,2
63556,8,8
63557,1,1
63558,7,7
63559,7,7
63560,4,4
63561,0,0
63562,9,9
63563,2,2
63564,9,9
63565,7,7
63566,9,9
63567,9,9
63568,5,5
63569,7,7
63570,2,2
63571,0,0
63572,8,8
63573,8,8
63574,0,0
63575,8,8
63576,2,2
63577,9,9
63578,1,1
63579,7,7
63580,9,9
63581,3,3
63582,1,1
63583,7,7
63584,3,3
63585,5,5
63586,1,1
63587,0,0
63588,2,2
63589,0,0
63590,2,2
63591,7,7
63592,0,0
63593,9,9
63594,0,0
63595,8,8
63596,5,5
63597,7,7
63598,1,1
63599,1,1
63600,7,7
63601,1,1
63602,4,4
63603,4,4
63604,5,5
63605,9,9
63606,1,1
63607,5,5
63608,3,3
63609,8,8
63610,0,0
63611,6,6
63612,5,5
63613,3,3
63614,5,5
63615,5,5
63616,0,0
63617,9,9
63618,0,0
63619,2,2
63620,7,7
63621,5,5
63622,4,4
63623,8,8
63624,3,3
63625,1,1
63626,7,7
63627,2,2
63628,6,6
63629,2,2
63630,7,7
63631,0,0
63632,0,0
63633,2,2
63634,2,2
63635,7,7
63636,5,5
63637,8,8
63638,9,9
63639,1,1
63640,7,7
63641,1,1
63642,7,7
63643,8,8
63644,9,9
63645,0,0
63646,4,4
63647,0,0
63648,1,1
63649,1,1
63650,3,3
63651,1,1
63652,1,1
63653,0,0
63654,1,1
63655,1,1
63656,0,0
63657,5,5
63658,6,6
63659,7,7
63660,3,3
63661,6,6
63662,2,2
63663,8,8
63664,0,0
63665,5,5
63666,0,0
63667,0,0
63668,6,6
63669,1,1
63670,7,7
63671,4,4
63672,0,0
63673,1,1
63674,7,7
63675,6,6
63676,0,0
63677,3,3
63678,7,7
63679,1,1
63680,3,3
63681,7,7
63682,6,6
63683,4,4
63684,5,5
63685,5,5
63686,1,1
63687,0,0
63688,1,1
63689,1,1
63690,4,4
63691,7,7
63692,8,8
63693,0,0
63694,9,9
63695,3,3
63696,7,7
63697,4,4
63698,2,2
63699,1,1
63700,0,0
63701,7,7
63702,0,0
63703,9,9
63704,2,2
63705,6,6
63706,3,3
63707,0,0
63708,7,7
63709,5,5
63710,3,3
63711,0,0
63712,4,4
63713,9,9
63714,4,4
63715,7,7
63716,2,2
63717,2,2
63718,8,8
63719,0,0
63720,0,0
63721,1,1
63722,5,5
63723,4,4
63724,3,3
63725,5,5
63726,0,0
63727,3,3
63728,0,0
63729,6,6
63730,0,0
63731,6,6
63732,9,9
63733,9,9
63734,3,3
63735,3,3
63736,1,1
63737,2,2
63738,4,4
63739,1,1
63740,7,7
63741,1,1
63742,7,7
63743,8,8
63744,2,2
63745,1,1
63746,7,7
63747,1,1
63748,2,2
63749,5,5
63750,5,5
63751,1,1
63752,5,5
63753,8,8
63754,2,2
63755,5,5
63756,7,7
63757,9,9
63758,0,0
63759,5,5
63760,8,8
63761,1,1
63762,9,9
63763,5,5
63764,3,3
63765,1,1
63766,7,7
63767,6,6
63768,3,3
63769,8,8
63770,5,5
63771,2,2
63772,2,2
63773,9,9
63774,3,3
63775,6,6
63776,2,2
63777,1,1
63778,4,4
63779,1,1
63780,4,4
63781,9,9
63782,2,2
63783,5,5
63784,1,1
63785,9,9
63786,1,1
63787,6,6
63788,7,7
63789,1,1
63790,3,3
63791,5,5
63792,5,5
63793,5,5
63794,7,7
63795,5,5
63796,9,9
63797,2,2
63798,0,0
63799,8,8
63800,9,9
63801,3,3
63802,6,6
63803,3,3
63804,3,3
63805,3,3
63806,8,8
63807,2,2
63808,9,9
63809,9,9
63810,7,7
63811,8,8
63812,7,7
63813,7,7
63814,2,2
63815,1,1
63816,7,7
63817,6,6
63818,5,5
63819,5,5
63820,5,5
63821,5,5
63822,5,5
63823,6,6
63824,0,0
63825,1,1
63826,9,9
63827,5,5
63828,5,5
63829,2,2
63830,3,3
63831,0,0
63832,1,1
63833,2,2
63834,7,7
63835,6,6
63836,5,5
63837,2,2
63838,9,9
63839,7,7
63840,5,5
63841,5,5
63842,0,0
63843,1,1
63844,6,6
63845,2,2
63846,6,6
63847,3,3
63848,9,9
63849,3,3
63850,5,5
63851,1,1
63852,9,9
63853,3,3
63854,5,5
63855,2,2
63856,5,5
63857,0,0
63858,9,9
63859,5,5
63860,7,7
63861,5,5
63862,7,7
63863,2,2
63864,3,3
63865,5,5
63866,1,1
63867,3,3
63868,2,2
63869,8,8
63870,3,3
63871,2,2
63872,0,0
63873,2,2
63874,8,8
63875,5,5
63876,7,7
63877,2,2
63878,0,0
63879,5,5
63880,0,0
63881,5,5
63882,7,7
63883,3,3
63884,5,5
63885,5,5
63886,4,4
63887,7,7
63888,5,5
63889,0,0
63890,2,2
63891,8,8
63892,2,2
63893,7,7
63894,1,1
63895,3,3
63896,7,7
63897,7,7
63898,7,7
63899,6,6
63900,1,1
63901,5,5
63902,6,6
63903,3,3
63904,6,6
63905,7,7
63906,7,7
63907,2,2
63908,4,4
63909,6,6
63910,7,7
63911,3,3
63912,6,6
63913,6,6
63914,4,4
63915,0,0
63916,7,7
63917,7,7
63918,8,8
63919,1,1
63920,5,5
63921,6,6
63922,9,9
63923,4,4
63924,0,0
63925,9,9
63926,7,7
63927,0,0
63928,7,7
63929,7,7
63930,1,1
63931,4,4
63932,6,6
63933,6,6
63934,7,7
63935,4,4
63936,0,0
63937,1,1
63938,0,0
63939,5,5
63940,3,3
63941,4,4
63942,3,3
63943,7,7
63944,7,7
63945,6,6
63946,1,1
63947,7,7
63948,5,5
63949,7,7
63950,0,0
63951,8,8
63952,2,2
63953,7,7
63954,0,0
63955,0,0
63956,5,5
63957,2,2
63958,6,6
63959,3,3
63960,8,8
63961,4,4
63962,7,7
63963,6,6
63964,5,5
63965,7,7
63966,5,5
63967,0,0
63968,7,7
63969,0,0
63970,0,0
63971,5,5
63972,4,4
63973,0,0
63974,1,1
63975,6,6
63976,1,1
63977,1,1
63978,4,4
63979,4,4
63980,3,3
63981,5,5
63982,3,3
63983,9,9
63984,1,1
63985,0,0
63986,1,1
63987,2,2
63988,2,2
63989,2,2
63990,1,1
63991,4,4
63992,5,5
63993,0,0
63994,2,2
63995,7,7
63996,5,5
63997,0,0
63998,4,4
63999,5,5
64000,5,5
64001,0,0
64002,2,2
64003,4,4
64004,7,7
64005,1,1
64006,1,1
64007,0,0
64008,4,4
64009,0,0
64010,1,1
64011,7,7
64012,5,5
64013,1,1
64014,1,1
64015,0,0
64016,8,8
64017,8,8
64018,7,7
64019,4,4
64020,2,2
64021,1,1
64022,4,4
64023,3,3
64024,0,0
64025,1,1
64026,7,7
64027,0,0
64028,0,0
64029,0,0
64030,0,0
64031,7,7
64032,9,9
64033,3,3
64034,3,3
64035,1,1
64036,1,1
64037,1,1
64038,9,9
64039,1,1
64040,0,0
64041,7,7
64042,5,5
64043,3,3
64044,7,7
64045,5,5
64046,5,5
64047,0,0
64048,3,3
64049,8,8
64050,1,1
64051,5,5
64052,7,7
64053,0,0
64054,7,7
64055,6,6
64056,0,0
64057,1,1
64058,2,2
64059,7,7
64060,5,5
64061,8,8
64062,3,3
64063,2,2
64064,8,8
64065,5,5
64066,6,6
64067,2,2
64068,7,7
64069,1,1
64070,3,3
64071,8,8
64072,1,1
64073,0,0
64074,1,1
64075,7,7
64076,0,0
64077,1,1
64078,6,6
64079,3,3
64080,7,7
64081,2,2
64082,3,3
64083,0,0
64084,7,7
64085,1,1
64086,5,5
64087,7,7
64088,5,5
64089,8,8
64090,7,7
64091,3,3
64092,2,2
64093,5,5
64094,0,0
64095,5,5
64096,2,2
64097,7,7
64098,6,6
64099,8,8
64100,6,6
64101,0,0
64102,5,5
64103,6,6
64104,1,1
64105,1,1
64106,2,2
64107,0,0
64108,8,8
64109,7,7
64110,1,1
64111,5,5
64112,2,2
64113,6,6
64114,6,6
64115,6,6
64116,7,7
64117,2,2
64118,7,7
64119,8,8
64120,7,7
64121,2,2
64122,5,5
64123,7,7
64124,7,7
64125,4,4
64126,9,9
64127,6,6
64128,7,7
64129,0,0
64130,0,0
64131,1,1
64132,4,4
64133,6,6
64134,0,0
64135,9,9
64136,7,7
64137,2,2
64138,1,1
64139,5,5
64140,7,7
64141,0,0
64142,8,8
64143,0,0
64144,1,1
64145,7,7
64146,4,4
64147,1,1
64148,0,0
64149,6,6
64150,3,3
64151,5,5
64152,9,9
64153,1,1
64154,5,5
64155,3,3
64156,7,7
64157,3,3
64158,5,5
64159,7,7
64160,4,4
64161,6,6
64162,7,7
64163,2,2
64164,7,7
64165,7,7
64166,2,2
64167,9,9
64168,1,1
64169,1,1
64170,1,1
64171,1,1
64172,0,0
64173,9,9
64174,0,0
64175,8,8
64176,4,4
64177,5,5
64178,9,9
64179,1,1
64180,9,9
64181,1,1
64182,0,0
64183,5,5
64184,0,0
64185,9,9
64186,3,3
64187,5,5
64188,3,3
64189,6,6
64190,1,1
64191,1,1
64192,5,5
64193,4,4
64194,0,0
64195,1,1
64196,2,2
64197,5,5
64198,0,0
64199,0,0
64200,0,0
64201,1,1
64202,0,0
64203,5,5
64204,4,4
64205,1,1
64206,6,6
64207,9,9
64208,3,3
64209,4,4
64210,5,5
64211,2,2
64212,2,2
64213,0,0
64214,0,0
64215,0,0
64216,1,1
64217,5,5
64218,2,2
64219,2,2
64220,7,7
64221,0,0
64222,6,6
64223,5,5
64224,0,0
64225,0,0
64226,7,7
64227,7,7
64228,0,0
64229,5,5
64230,4,4
64231,0,0
64232,1,1
64233,2,2
64234,7,7
64235,5,5
64236,2,2
64237,0,0
64238,0,0
64239,4,4
64240,5,5
64241,3,3
64242,7,7
64243,4,4
64244,7,7
64245,5,5
64246,7,7
64247,6,6
64248,1,1
64249,1,1
64250,6,6
64251,2,2
64252,4,4
64253,7,7
64254,2,2
64255,7,7
64256,3,3
64257,5,5
64258,0,0
64259,0,0
64260,7,7
64261,5,5
64262,9,9
64263,7,7
64264,1,1
64265,1,1
64266,0,0
64267,9,9
64268,5,5
64269,5,5
64270,2,2
64271,7,7
64272,5,5
64273,1,1
64274,9,9
64275,6,6
64276,7,7
64277,7,7
64278,3,3
64279,6,6
64280,0,0
64281,4,4
64282,3,3
64283,5,5
64284,0,0
64285,4,4
64286,3,3
64287,5,5
64288,7,7
64289,8,8
64290,7,7
64291,5,5
64292,1,1
64293,5,5
64294,5,5
64295,0,0
64296,6,6
64297,9,9
64298,5,5
64299,8,8
64300,2,2
64301,0,0
64302,9,9
64303,9,9
64304,1,1
64305,2,2
64306,8,8
64307,2,2
64308,9,9
64309,0,0
64310,8,8
64311,7,7
64312,1,1
64313,0,0
64314,8,8
64315,7,7
64316,0,0
64317,7,7
64318,9,9
64319,5,5
64320,3,3
64321,0,0
64322,0,0
64323,1,1
64324,0,0
64325,0,0
64326,6,6
64327,3,3
64328,1,1
64329,3,3
64330,7,7
64331,1,1
64332,0,0
64333,5,5
64334,7,7
64335,1,1
64336,4,4
64337,1,1
64338,7,7
64339,7,7
64340,7,7
64341,7,7
64342,6,6
64343,3,3
64344,5,5
64345,6,6
64346,4,4
64347,4,4
64348,3,3
64349,1,1
64350,6,6
64351,3,3
64352,2,2
64353,7,7
64354,9,9
64355,7,7
64356,2,2
64357,5,5
64358,8,8
64359,0,0
64360,2,2
64361,4,4
64362,2,2
64363,5,5
64364,8,8
64365,3,3
64366,7,7
64367,6,6
64368,7,7
64369,9,9
64370,2,2
64371,2,2
64372,7,7
64373,5,5
64374,4,4
64375,2,2
64376,7,7
64377,0,0
64378,7,7
64379,5,5
64380,7,7
64381,7,7
64382,0,0
64383,5,5
64384,9,9
64385,7,7
64386,1,1
64387,6,6
64388,4,4
64389,1,1
64390,2,2
64391,5,5
64392,3,3
64393,7,7
64394,4,4
64395,5,5
64396,8,8
64397,7,7
64398,2,2
64399,7,7
64400,0,0
64401,6,6
64402,6,6
64403,5,5
64404,3,3
64405,0,0
64406,7,7
64407,8,8
64408,5,5
64409,9,9
64410,8,8
64411,2,2
64412,4,4
64413,1,1
64414,5,5
64415,6,6
64416,5,5
64417,5,5
64418,6,6
64419,7,7
64420,7,7
64421,5,5
64422,7,7
64423,9,9
64424,0,0
64425,0,0
64426,0,0
64427,7,7
64428,1,1
64429,2,2
64430,7,7
64431,0,0
64432,3,3
64433,0,0
64434,7,7
64435,0,0
64436,0,0
64437,7,7
64438,8,8
64439,5,5
64440,7,7
64441,5,5
64442,9,9
64443,1,1
64444,0,0
64445,6,6
64446,4,4
64447,3,3
64448,3,3
64449,5,5
64450,1,1
64451,9,9
64452,7,7
64453,8,8
64454,8,8
64455,2,2
64456,7,7
64457,3,3
64458,5,5
64459,0,0
64460,0,0
64461,0,0
64462,3,3
64463,7,7
64464,5,5
64465,5,5
64466,4,4
64467,8,8
64468,8,8
64469,1,1
64470,3,3
64471,0,0
64472,2,2
64473,4,4
64474,0,0
64475,5,5
64476,9,9
64477,7,7
64478,7,7
64479,0,0
64480,0,0
64481,0,0
64482,7,7
64483,0,0
64484,4,4
64485,8,8
64486,7,7
64487,8,8
64488,4,4
64489,0,0
64490,5,5
64491,1,1
64492,7,7
64493,0,0
64494,4,4
64495,3,3
64496,7,7
64497,0,0
64498,4,4
64499,4,4
64500,1,1
64501,7,7
64502,0,0
64503,1,1
64504,8,8
64505,5,5
64506,6,6
64507,9,9
64508,7,7
64509,1,1
64510,6,6
64511,5,5
64512,4,4
64513,2,2
64514,8,8
64515,3,3
64516,1,1
64517,6,6
64518,2,2
64519,0,0
64520,8,8
64521,0,0
64522,0,0
64523,2,2
64524,1,1
64525,1,1
64526,7,7
64527,3,3
64528,7,7
64529,2,2
64530,5,5
64531,7,7
64532,7,7
64533,1,1
64534,0,0
64535,7,7
64536,4,4
64537,7,7
64538,1,1
64539,0,0
64540,2,2
64541,2,2
64542,3,3
64543,7,7
64544,0,0
64545,9,9
64546,7,7
64547,5,5
64548,7,7
64549,6,6
64550,0,0
64551,0,0
64552,7,7
64553,0,0
64554,3,3
64555,5,5
64556,0,0
64557,4,4
64558,5,5
64559,6,6
64560,5,5
64561,8,8
64562,6,6
64563,9,9
64564,9,9
64565,4,4
64566,0,0
64567,8,8
64568,8,8
64569,7,7
64570,8,8
64571,6,6
64572,2,2
64573,6,6
64574,1,1
64575,5,5
64576,5,5
64577,9,9
64578,0,0
64579,4,4
64580,9,9
64581,7,7
64582,6,6
64583,9,9
64584,0,0
64585,5,5
64586,7,7
64587,4,4
64588,1,1
64589,9,9
64590,0,0
64591,4,4
64592,5,5
64593,5,5
64594,6,6
64595,1,1
64596,7,7
64597,9,9
64598,0,0
64599,4,4
64600,2,2
64601,5,5
64602,9,9
64603,1,1
64604,3,3
64605,2,2
64606,9,9
64607,4,4
64608,2,2
64609,8,8
64610,0,0
64611,3,3
64612,8,8
64613,2,2
64614,3,3
64615,6,6
64616,5,5
64617,3,3
64618,4,4
64619,4,4
64620,4,4
64621,7,7
64622,5,5
64623,0,0
64624,0,0
64625,9,9
64626,2,2
64627,4,4
64628,3,3
64629,7,7
64630,1,1
64631,3,3
64632,9,9
64633,0,0
64634,1,1
64635,7,7
64636,6,6
64637,7,7
64638,7,7
64639,0,0
64640,2,2
64641,3,3
64642,7,7
64643,1,1
64644,0,0
64645,0,0
64646,1,1
64647,7,7
64648,0,0
64649,4,4
64650,3,3
64651,1,1
64652,5,5
64653,1,1
64654,5,5
64655,1,1
64656,5,5
64657,7,7
64658,9,9
64659,5,5
64660,0,0
64661,5,5
64662,5,5
64663,0,0
64664,7,7
64665,0,0
64666,9,9
64667,2,2
64668,6,6
64669,0,0
64670,1,1
64671,7,7
64672,2,2
64673,0,0
64674,9,9
64675,3,3
64676,1,1
64677,8,8
64678,0,0
64679,5,5
64680,4,4
64681,5,5
64682,0,0
64683,0,0
64684,6,6
64685,1,1
64686,5,5
64687,1,1
64688,7,7
64689,7,7
64690,5,5
64691,9,9
64692,5,5
64693,5,5
64694,4,4
64695,0,0
64696,7,7
64697,0,0
64698,4,4
64699,1,1
64700,0,0
64701,5,5
64702,4,4
64703,7,7
64704,4,4
64705,6,6
64706,8,8
64707,2,2
64708,1,1
64709,6,6
64710,7,7
64711,2,2
64712,8,8
64713,6,6
64714,7,7
64715,0,0
64716,6,6
64717,9,9
64718,3,3
64719,1,1
64720,7,7
64721,5,5
64722,1,1
64723,5,5
64724,3,3
64725,6,6
64726,1,1
64727,1,1
64728,0,0
64729,1,1
64730,5,5
64731,2,2
64732,9,9
64733,9,9
64734,6,6
64735,0,0
64736,8,8
64737,7,7
64738,4,4
64739,5,5
64740,2,2
64741,3,3
64742,0,0
64743,7,7
64744,2,2
64745,0,0
64746,0,0
64747,8,8
64748,8,8
64749,2,2
64750,7,7
64751,4,4
64752,0,0
64753,2,2
64754,1,1
64755,1,1
64756,2,2
64757,3,3
64758,7,7
64759,1,1
64760,0,0
64761,9,9
64762,2,2
64763,2,2
64764,1,1
64765,5,5
64766,7,7
64767,0,0
64768,5,5
64769,0,0
64770,7,7
64771,2,2
64772,0,0
64773,8,8
64774,1,1
64775,6,6
64776,3,3
64777,1,1
64778,1,1
64779,5,5
64780,3,3
64781,8,8
64782,7,7
64783,0,0
64784,0,0
64785,0,0
64786,8,8
64787,4,4
64788,2,2
64789,7,7
64790,4,4
64791,5,5
64792,7,7
64793,8,8
64794,0,0
64795,0,0
64796,1,1
64797,2,2
64798,4,4
64799,0,0
64800,8,8
64801,9,9
64802,7,7
64803,0,0
64804,3,3
64805,1,1
64806,1,1
64807,7,7
64808,7,7
64809,8,8
64810,8,8
64811,0,0
64812,1,1
64813,8,8
64814,5,5
64815,8,8
64816,4,4
64817,7,7
64818,7,7
64819,2,2
64820,7,7
64821,0,0
64822,2,2
64823,4,4
64824,2,2
64825,0,0
64826,5,5
64827,0,0
64828,7,7
64829,7,7
64830,0,0
64831,5,5
64832,4,4
64833,7,7
64834,5,5
64835,0,0
64836,7,7
64837,9,9
64838,2,2
64839,2,2
64840,0,0
64841,7,7
64842,5,5
64843,0,0
64844,7,7
64845,7,7
64846,5,5
64847,1,1
64848,6,6
64849,2,2
64850,2,2
64851,4,4
64852,7,7
64853,1,1
64854,7,7
64855,8,8
64856,0,0
64857,7,7
64858,1,1
64859,1,1
64860,8,8
64861,8,8
64862,3,3
64863,0,0
64864,1,1
64865,8,8
64866,5,5
64867,7,7
64868,8,8
64869,1,1
64870,6,6
64871,1,1
64872,9,9
64873,7,7
64874,5,5
64875,4,4
64876,4,4
64877,1,1
64878,6,6
64879,4,4
64880,3,3
64881,8,8
64882,4,4
64883,4,4
64884,0,0
64885,2,2
64886,9,9
64887,7,7
64888,5,5
64889,6,6
64890,4,4
64891,3,3
64892,2,2
64893,0,0
64894,7,7
64895,2,2
64896,5,5
64897,4,4
64898,2,2
64899,6,6
64900,9,9
64901,0,0
64902,2,2
64903,1,1
64904,7,7
64905,6,6
64906,5,5
64907,7,7
64908,4,4
64909,1,1
64910,0,0
64911,0,0
64912,0,0
64913,0,0
64914,5,5
64915,5,5
64916,0,0
64917,9,9
64918,0,0
64919,0,0
64920,6,6
64921,9,9
64922,7,7
64923,3,3
64924,1,1
64925,7,7
64926,4,4
64927,1,1
64928,1,1
64929,0,0
64930,1,1
64931,1,1
64932,9,9
64933,0,0
64934,4,4
64935,3,3
64936,8,8
64937,3,3
64938,0,0
64939,1,1
64940,7,7
64941,6,6
64942,7,7
64943,9,9
64944,6,6
64945,0,0
64946,8,8
64947,0,0
64948,1,1
64949,1,1
64950,7,7
64951,9,9
64952,2,2
64953,1,1
64954,7,7
64955,5,5
64956,5,5
64957,3,3
64958,3,3
64959,7,7
64960,2,2
64961,6,6
64962,6,6
64963,8,8
64964,9,9
64965,6,6
64966,1,1
64967,5,5
64968,5,5
64969,1,1
64970,0,0
64971,7,7
64972,1,1
64973,7,7
64974,5,5
64975,0,0
64976,5,5
64977,1,1
64978,0,0
64979,7,7
64980,4,4
64981,7,7
64982,7,7
64983,7,7
64984,1,1
64985,5,5
64986,7,7
64987,0,0
64988,0,0
64989,0,0
64990,1,1
64991,0,0
64992,3,3
64993,0,0
64994,0,0
64995,1,1
64996,7,7
64997,6,6
64998,0,0
64999,3,3
65000,7,7
65001,0,0
65002,0,0
65003,2,2
65004,5,5
65005,9,9
65006,3,3
65007,4,4
65008,3,3
65009,8,8
65010,4,4
65011,9,9
65012,4,4
65013,9,9
65014,9,9
65015,0,0
65016,2,2
65017,5,5
65018,6,6
65019,7,7
65020,2,2
65021,2,2
65022,0,0
65023,8,8
65024,6,6
65025,9,9
65026,8,8
65027,8,8
65028,7,7
65029,0,0
65030,4,4
65031,3,3
65032,8,8
65033,3,3
65034,4,4
65035,3,3
65036,9,9
65037,6,6
65038,6,6
65039,8,8
65040,8,8
65041,2,2
65042,0,0
65043,3,3
65044,9,9
65045,6,6
65046,6,6
65047,8,8
65048,8,8
65049,2,2
65050,8,8
65051,3,3
65052,9,9
65053,6,6
65054,2,2
65055,8,8
65056,9,9
65057,4,4
65058,8,8
65059,2,2
65060,8,8
65061,2,2
65062,2,2
65063,9,9
65064,8,8
65065,9,9
65066,4,4
65067,6,6
65068,9,9
65069,3,3
65070,8,8
65071,8,8
65072,9,9
65073,0,0
65074,2,2
65075,9,9
65076,8,8
65077,8,8
65078,6,6
65079,3,3
65080,0,0
65081,9,9
65082,8,8
65083,9,9
65084,8,8
65085,4,4
65086,6,6
65087,3,3
65088,4,4
65089,6,6
65090,9,9
65091,9,9
65092,9,9
65093,9,9
65094,8,8
65095,6,6
65096,8,8
65097,0,0
65098,2,2
65099,6,6
65100,8,8
65101,8,8
65102,9,9
65103,2,2
65104,8,8
65105,6,6
65106,8,8
65107,8,8
65108,3,3
65109,3,3
65110,8,8
65111,9,9
65112,9,9
65113,9,9
65114,8,8
65115,4,4
65116,4,4
65117,4,4
65118,2,2
65119,6,6
65120,6,6
65121,8,8
65122,8,8
65123,8,8
65124,3,3
65125,6,6
65126,8,8
65127,6,6
65128,9,9
65129,2,2
65130,8,8
65131,4,4
65132,9,9
65133,3,3
65134,9,9
65135,8,8
65136,4,4
65137,8,8
65138,2,2
65139,3,3
65140,6,6
65141,3,3
65142,2,2
65143,6,6
65144,8,8
65145,4,4
65146,2,2
65147,3,3
65148,9,9
65149,6,6
65150,7,7
65151,5,5
65152,7,7
65153,4,4
65154,8,8
65155,3,3
65156,1,1
65157,7,7
65158,7,7
65159,0,0
65160,2,2
65161,5,5
65162,8,8
65163,2,2
65164,8,8
65165,9,9
65166,9,9
65167,6,6
65168,2,2
65169,0,0
65170,2,2
65171,4,4
65172,8,8
65173,2,2
65174,2,2
65175,0,0
65176,0,0
65177,0,0
65178,0,0
65179,0,0
65180,0,0
65181,2,2
65182,0,0
65183,0,0
65184,2,2
65185,7,7
65186,1,1
65187,7,7
65188,2,2
65189,6,6
65190,8,8
65191,5,5
65192,9,9
65193,9,9
65194,8,8
65195,5,5
65196,2,2
65197,2,2
65198,2,2
65199,4,4
65200,0,0
65201,5,5
65202,5,5
65203,1,1
65204,2,2
65205,8,8
65206,7,7
65207,2,2
65208,9,9
65209,4,4
65210,0,0
65211,1,1
65212,2,2
65213,4,4
65214,7,7
65215,7,7
65216,6,6
65217,9,9
65218,4,4
65219,8,8
65220,0,0
65221,5,5
65222,0,0
65223,2,2
65224,2,2
65225,2,2
65226,2,2
65227,9,9
65228,4,4
65229,2,2
65230,4,4
65231,2,2
65232,9,9
65233,0,0
65234,8,8
65235,4,4
65236,2,2
65237,2,2
65238,8,8
65239,0,0
65240,8,8
65241,3,3
65242,0,0
65243,3,3
65244,3,3
65245,1,1
65246,9,9
65247,8,8
65248,2,2
65249,3,3
65250,6,6
65251,3,3
65252,9,9
65253,3,3
65254,9,9
65255,3,3
65256,5,5
65257,3,3
65258,9,9
65259,3,3
65260,8,8
65261,8,8
65262,8,8
65263,4,4
65264,6,6
65265,4,4
65266,6,6
65267,6,6
65268,8,8
65269,8,8
65270,3,3
65271,9,9
65272,6,6
65273,7,7
65274,0,0
65275,7,7
65276,4,4
65277,8,8
65278,8,8
65279,0,0
65280,3,3
65281,9,9
65282,6,6
65283,7,7
65284,5,5
65285,7,7
65286,4,4
65287,0,0
65288,8,8
65289,0,0
65290,3,3
65291,9,9
65292,6,6
65293,7,7
65294,5,5
65295,7,7
65296,4,4
65297,8,8
65298,8,8
65299,0,0
65300,2,2
65301,4,4
65302,7,7
65303,4,4
65304,4,4
65305,3,3
65306,2,2
65307,2,2
65308,6,6
65309,7,7
65310,0,0
65311,8,8
65312,8,8
65313,0,0
65314,9,9
65315,0,0
65316,9,9
65317,0,0
65318,9,9
65319,5,5
65320,3,3
65321,3,3
65322,0,0
65323,9,9
65324,8,8
65325,2,2
65326,0,0
65327,9,9
65328,7,7
65329,7,7
65330,7,7
65331,1,1
65332,4,4
65333,0,0
65334,8,8
65335,8,8
65336,7,7
65337,3,3
65338,6,6
65339,7,7
65340,6,6
65341,4,4
65342,3,3
65343,2,2
65344,0,0
65345,0,0
65346,7,7
65347,7,7
65348,0,0
65349,2,2
65350,9,9
65351,2,2
65352,0,0
65353,3,3
65354,4,4
65355,0,0
65356,7,7
65357,4,4
65358,2,2
65359,2,2
65360,8,8
65361,9,9
65362,0,0
65363,8,8
65364,7,7
65365,8,8
65366,6,6
65367,6,6
65368,3,3
65369,3,3
65370,1,1
65371,0,0
65372,8,8
65373,0,0
65374,2,2
65375,0,0
65376,2,2
65377,5,5
65378,4,4
65379,8,8
65380,8,8
65381,6,6
65382,7,7
65383,4,4
65384,1,1
65385,6,6
65386,0,0
65387,2,2
65388,0,0
65389,7,7
65390,6,6
65391,4,4
65392,6,6
65393,5,5
65394,9,9
65395,8,8
65396,4,4
65397,7,7
65398,2,2
65399,9,9
65400,2,2
65401,4,4
65402,8,8
65403,2,2
65404,0,0
65405,3,3
65406,9,9
65407,6,6
65408,7,7
65409,5,5
65410,2,2
65411,4,4
65412,8,8
65413,2,2
65414,0,0
65415,3,3
65416,9,9
65417,6,6
65418,2,2
65419,8,8
65420,2,2
65421,4,4
65422,0,0
65423,2,2
65424,0,0
65425,8,8
65426,8,8
65427,6,6
65428,3,3
65429,8,8
65430,3,3
65431,9,9
65432,2,2
65433,2,2
65434,7,7
65435,7,7
65436,6,6
65437,8,8
65438,2,2
65439,8,8
65440,8,8
65441,4,4
65442,9,9
65443,3,3
65444,9,9
65445,2,2
65446,2,2
65447,0,0
65448,8,8
65449,6,6
65450,3,3
65451,2,2
65452,3,3
65453,1,1
65454,2,2
65455,6,6
65456,0,0
65457,9,9
65458,5,5
65459,3,3
65460,9,9
65461,9,9
65462,2,2
65463,3,3
65464,5,5
65465,0,0
65466,0,0
65467,4,4
65468,2,2
65469,4,4
65470,3,3
65471,8,8
65472,2,2
65473,2,2
65474,5,5
65475,6,6
65476,5,5
65477,9,9
65478,2,2
65479,7,7
65480,2,2
65481,4,4
65482,8,8
65483,3,3
65484,4,4
65485,0,0
65486,9,9
65487,6,6
65488,7,7
65489,2,2
65490,9,9
65491,8,8
65492,2,2
65493,2,2
65494,6,6
65495,7,7
65496,8,8
65497,4,4
65498,8,8
65499,9,9
65500,5,5
65501,4,4
65502,6,6
65503,8,8
65504,2,2
65505,7,7
65506,1,1
65507,1,1
65508,7,7
65509,5,5
65510,7,7
65511,4,4
65512,0,0
65513,3,3
65514,1,1
65515,7,7
65516,7,7
65517,5,5
65518,7,7
65519,7,7
65520,1,1
65521,6,6
65522,7,7
65523,0,0
65524,1,1
65525,0,0
65526,2,2
65527,0,0
65528,7,7
65529,7,7
65530,7,7
65531,3,3
65532,0,0
65533,8,8
65534,1,1
65535,1,1
65536,7,7
65537,0,0
65538,7,7
65539,4,4
65540,0,0
65541,6,6
65542,2,2
65543,7,7
65544,1,1
65545,6,6
65546,0,0
65547,7,7
65548,7,7
65549,0,0
65550,1,1
65551,0,0
65552,1,1
65553,1,1
65554,3,3
65555,7,7
65556,0,0
65557,6,6
65558,4,4
65559,0,0
65560,0,0
65561,0,0
65562,2,2
65563,8,8
65564,8,8
65565,0,0
65566,1,1
65567,4,4
65568,4,4
65569,7,7
65570,3,3
65571,7,7
65572,7,7
65573,7,7
65574,7,7
65575,0,0
65576,8,8
65577,1,1
65578,2,2
65579,7,7
65580,0,0
65581,4,4
65582,0,0
65583,7,7
65584,3,3
65585,7,7
65586,2,2
65587,0,0
65588,1,1
65589,2,2
65590,1,1
65591,4,4
65592,3,3
65593,3,3
65594,1,1
65595,4,4
65596,7,7
65597,0,0
65598,2,2
65599,4,4
65600,0,0
65601,2,2
65602,0,0
65603,3,3
65604,1,1
65605,6,6
65606,7,7
65607,0,0
65608,1,1
65609,5,5
65610,0,0
65611,9,9
65612,0,0
65613,3,3
65614,1,1
65615,7,7
65616,7,7
65617,1,1
65618,2,2
65619,4,4
65620,0,0
65621,0,0
65622,0,0
65623,7,7
65624,2,2
65625,7,7
65626,6,6
65627,0,0
65628,7,7
65629,6,6
65630,1,1
65631,1,1
65632,2,2
65633,2,2
65634,6,6
65635,7,7
65636,6,6
65637,1,1
65638,7,7
65639,0,0
65640,0,0
65641,6,6
65642,1,1
65643,6,6
65644,0,0
65645,0,0
65646,1,1
65647,0,0
65648,2,2
65649,0,0
65650,7,7
65651,1,1
65652,3,3
65653,3,3
65654,8,8
65655,8,8
65656,2,2
65657,0,0
65658,2,2
65659,3,3
65660,4,4
65661,1,1
65662,2,2
65663,0,0
65664,1,1
65665,4,4
65666,1,1
65667,6,6
65668,2,2
65669,3,3
65670,0,0
65671,0,0
65672,0,0
65673,3,3
65674,7,7
65675,2,2
65676,0,0
65677,1,1
65678,1,1
65679,1,1
65680,7,7
65681,4,4
65682,2,2
65683,5,5
65684,3,3
65685,3,3
65686,3,3
65687,7,7
65688,0,0
65689,1,1
65690,5,5
65691,1,1
65692,6,6
65693,4,4
65694,4,4
65695,3,3
65696,0,0
65697,2,2
65698,0,0
65699,1,1
65700,7,7
65701,2,2
65702,4,4
65703,7,7
65704,5,5
65705,0,0
65706,9,9
65707,0,0
65708,7,7
65709,0,0
65710,2,2
65711,2,2
65712,4,4
65713,0,0
65714,0,0
65715,4,4
65716,6,6
65717,6,6
65718,3,3
65719,0,0
65720,1,1
65721,3,3
65722,1,1
65723,6,6
65724,7,7
65725,5,5
65726,7,7
65727,4,4
65728,0,0
65729,2,2
65730,0,0
65731,3,3
65732,1,1
65733,6,6
65734,5,5
65735,1,1
65736,4,4
65737,3,3
65738,9,9
65739,6,6
65740,7,7
65741,0,0
65742,2,2
65743,4,4
65744,2,2
65745,9,9
65746,9,9
65747,7,7
65748,6,6
65749,4,4
65750,3,3
65751,8,8
65752,2,2
65753,8,8
65754,5,5
65755,4,4
65756,3,3
65757,8,8
65758,8,8
65759,9,9
65760,2,2
65761,6,6
65762,9,9
65763,6,6
65764,7,7
65765,2,2
65766,7,7
65767,6,6
65768,4,4
65769,7,7
65770,4,4
65771,6,6
65772,6,6
65773,0,0
65774,0,0
65775,2,2
65776,1,1
65777,7,7
65778,3,3
65779,2,2
65780,6,6
65781,0,0
65782,5,5
65783,1,1
65784,5,5
65785,6,6
65786,1,1
65787,0,0
65788,4,4
65789,8,8
65790,0,0
65791,3,3
65792,8,8
65793,4,4
65794,9,9
65795,8,8
65796,7,7
65797,2,2
65798,0,0
65799,6,6
65800,5,5
65801,3,3
65802,7,7
65803,2,2
65804,7,7
65805,8,8
65806,3,3
65807,7,7
65808,8,8
65809,9,9
65810,4,4
65811,9,9
65812,3,3
65813,0,0
65814,4,4
65815,7,7
65816,5,5
65817,5,5
65818,3,3
65819,4,4
65820,6,6
65821,7,7
65822,5,5
65823,6,6
65824,0,0
65825,5,5
65826,4,4
65827,3,3
65828,3,3
65829,6,6
65830,3,3
65831,1,1
65832,0,0
65833,7,7
65834,4,4
65835,0,0
65836,2,2
65837,0,0
65838,3,3
65839,9,9
65840,6,6
65841,4,4
65842,0,0
65843,3,3
65844,5,5
65845,0,0
65846,2,2
65847,3,3
65848,9,9
65849,6,6
65850,7,7
65851,0,0
65852,7,7
65853,4,4
65854,0,0
65855,2,2
65856,0,0
65857,2,2
65858,0,0
65859,1,1
65860,7,7
65861,0,0
65862,7,7
65863,6,6
65864,7,7
65865,3,3
65866,0,0
65867,7,7
65868,0,0
65869,0,0
65870,3,3
65871,0,0
65872,1,1
65873,1,1
65874,7,7
65875,2,2
65876,2,2
65877,4,4
65878,7,7
65879,6,6
65880,1,1
65881,2,2
65882,7,7
65883,6,6
65884,4,4
65885,7,7
65886,4,4
65887,5,5
65888,4,4
65889,1,1
65890,7,7
65891,4,4
65892,7,7
65893,1,1
65894,5,5
65895,6,6
65896,1,1
65897,5,5
65898,4,4
65899,3,3
65900,5,5
65901,4,4
65902,1,1
65903,0,0
65904,2,2
65905,2,2
65906,0,0
65907,6,6
65908,0,0
65909,4,4
65910,7,7
65911,2,2
65912,3,3
65913,7,7
65914,0,0
65915,1,1
65916,4,4
65917,1,1
65918,3,3
65919,0,0
65920,4,4
65921,9,9
65922,7,7
65923,0,0
65924,6,6
65925,7,7
65926,0,0
65927,5,5
65928,4,4
65929,7,7
65930,3,3
65931,6,6
65932,3,3
65933,1,1
65934,6,6
65935,7,7
65936,0,0
65937,7,7
65938,4,4
65939,0,0
65940,7,7
65941,5,5
65942,3,3
65943,1,1
65944,6,6
65945,7,7
65946,5,5
65947,7,7
65948,4,4
65949,5,5
65950,7,7
65951,0,0
65952,3,3
65953,1,1
65954,6,6
65955,7,7
65956,5,5
65957,7,7
65958,4,4
65959,0,0
65960,7,7
65961,0,0
65962,7,7
65963,4,4
65964,7,7
65965,3,3
65966,4,4
65967,7,7
65968,5,5
65969,5,5
65970,1,1
65971,0,0
65972,7,7
65973,7,7
65974,4,4
65975,0,0
65976,7,7
65977,5,5
65978,1,1
65979,5,5
65980,3,3
65981,7,7
65982,7,7
65983,6,6
65984,1,1
65985,7,7
65986,5,5
65987,5,5
65988,0,0
65989,4,4
65990,3,3
65991,1,1
65992,5,5
65993,3,3
65994,4,4
65995,7,7
65996,5,5
65997,7,7
65998,1,1
65999,5,5
66000,0,0
66001,2,2
66002,4,4
66003,3,3
66004,5,5
66005,1,1
66006,0,0
66007,5,5
66008,1,1
66009,7,7
66010,6,6
66011,7,7
66012,1,1
66013,5,5
66014,6,6
66015,3,3
66016,3,3
66017,0,0
66018,7,7
66019,0,0
66020,4,4
66021,0,0
66022,5,5
66023,7,7
66024,7,7
66025,5,5
66026,0,0
66027,4,4
66028,7,7
66029,4,4
66030,7,7
66031,4,4
66032,0,0
66033,4,4
66034,7,7
66035,4,4
66036,6,6
66037,5,5
66038,4,4
66039,0,0
66040,4,4
66041,6,6
66042,7,7
66043,7,7
66044,1,1
66045,7,7
66046,7,7
66047,5,5
66048,0,0
66049,7,7
66050,0,0
66051,6,6
66052,6,6
66053,7,7
66054,0,0
66055,0,0
66056,7,7
66057,6,6
66058,1,1
66059,7,7
66060,1,1
66061,7,7
66062,3,3
66063,1,1
66064,6,6
66065,7,7
66066,5,5
66067,2,2
66068,5,5
66069,0,0
66070,2,2
66071,2,2
66072,3,3
66073,1,1
66074,6,6
66075,7,7
66076,5,5
66077,2,2
66078,4,4
66079,0,0
66080,3,3
66081,2,2
66082,3,3
66083,1,1
66084,6,6
66085,7,7
66086,5,5
66087,8,8
66088,4,4
66089,0,0
66090,3,3
66091,3,3
66092,1,1
66093,6,6
66094,4,4
66095,2,2
66096,2,2
66097,3,3
66098,0,0
66099,3,3
66100,5,5
66101,1,1
66102,5,5
66103,7,7
66104,4,4
66105,8,8
66106,6,6
66107,7,7
66108,9,9
66109,4,4
66110,1,1
66111,6,6
66112,2,2
66113,4,4
66114,3,3
66115,1,1
66116,7,7
66117,3,3
66118,6,6
66119,8,8
66120,2,2
66121,0,0
66122,4,4
66123,6,6
66124,3,3
66125,1,1
66126,2,2
66127,3,3
66128,4,4
66129,3,3
66130,4,4
66131,3,3
66132,6,6
66133,3,3
66134,4,4
66135,1,1
66136,2,2
66137,2,2
66138,5,5
66139,7,7
66140,3,3
66141,1,1
66142,2,2
66143,0,0
66144,5,5
66145,2,2
66146,2,2
66147,0,0
66148,2,2
66149,8,8
66150,7,7
66151,7,7
66152,0,0
66153,7,7
66154,7,7
66155,2,2
66156,6,6
66157,3,3
66158,0,0
66159,1,1
66160,2,2
66161,3,3
66162,1,1
66163,3,3
66164,0,0
66165,7,7
66166,2,2
66167,4,4
66168,2,2
66169,5,5
66170,8,8
66171,8,8
66172,3,3
66173,2,2
66174,7,7
66175,0,0
66176,5,5
66177,2,2
66178,7,7
66179,4,4
66180,6,6
66181,3,3
66182,1,1
66183,6,6
66184,2,2
66185,0,0
66186,2,2
66187,4,4
66188,8,8
66189,2,2
66190,0,0
66191,3,3
66192,9,9
66193,6,6
66194,7,7
66195,5,5
66196,2,2
66197,4,4
66198,0,0
66199,7,7
66200,0,0
66201,3,3
66202,9,9
66203,6,6
66204,2,2
66205,8,8
66206,2,2
66207,4,4
66208,8,8
66209,2,2
66210,8,8
66211,3,3
66212,2,2
66213,7,7
66214,0,0
66215,2,2
66216,2,2
66217,6,6
66218,4,4
66219,2,2
66220,5,5
66221,0,0
66222,1,1
66223,0,0
66224,1,1
66225,6,6
66226,7,7
66227,2,2
66228,5,5
66229,4,4
66230,0,0
66231,9,9
66232,1,1
66233,9,9
66234,6,6
66235,0,0
66236,2,2
66237,4,4
66238,7,7
66239,9,9
66240,6,6
66241,3,3
66242,0,0
66243,0,0
66244,2,2
66245,2,2
66246,6,6
66247,0,0
66248,2,2
66249,8,8
66250,3,3
66251,0,0
66252,4,4
66253,0,0
66254,9,9
66255,2,2
66256,0,0
66257,2,2
66258,4,4
66259,3,3
66260,2,2
66261,4,4
66262,2,2
66263,0,0
66264,3,3
66265,8,8
66266,6,6
66267,8,8
66268,5,5
66269,0,0
66270,2,2
66271,0,0
66272,7,7
66273,8,8
66274,6,6
66275,2,2
66276,9,9
66277,2,2
66278,9,9
66279,6,6
66280,3,3
66281,6,6
66282,2,2
66283,4,4
66284,8,8
66285,7,7
66286,3,3
66287,3,3
66288,3,3
66289,7,7
66290,7,7
66291,7,7
66292,8,8
66293,3,3
66294,4,4
66295,0,0
66296,2,2
66297,2,2
66298,4,4
66299,7,7
66300,5,5
66301,4,4
66302,8,8
66303,0,0
66304,2,2
66305,6,6
66306,8,8
66307,8,8
66308,9,9
66309,3,3
66310,1,1
66311,6,6
66312,0,0
66313,5,5
66314,7,7
66315,4,4
66316,0,0
66317,2,2
66318,0,0
66319,3,3
66320,9,9
66321,6,6
66322,7,7
66323,5,5
66324,4,4
66325,4,4
66326,5,5
66327,2,2
66328,3,3
66329,9,9
66330,6,6
66331,4,4
66332,5,5
66333,7,7
66334,4,4
66335,5,5
66336,2,2
66337,6,6
66338,1,1
66339,0,0
66340,6,6
66341,2,2
66342,3,3
66343,2,2
66344,3,3
66345,6,6
66346,0,0
66347,4,4
66348,2,2
66349,7,7
66350,4,4
66351,3,3
66352,6,6
66353,5,5
66354,4,4
66355,4,4
66356,1,1
66357,6,6
66358,2,2
66359,2,2
66360,5,5
66361,0,0
66362,0,0
66363,5,5
66364,0,0
66365,7,7
66366,0,0
66367,5,5
66368,2,2
66369,0,0
66370,7,7
66371,7,7
66372,2,2
66373,5,5
66374,1,1
66375,1,1
66376,0,0
66377,0,0
66378,5,5
66379,7,7
66380,0,0
66381,7,7
66382,7,7
66383,4,4
66384,6,6
66385,6,6
66386,3,3
66387,4,4
66388,4,4
66389,7,7
66390,4,4
66391,6,6
66392,4,4
66393,0,0
66394,0,0
66395,0,0
66396,0,0
66397,1,1
66398,3,3
66399,4,4
66400,4,4
66401,0,0
66402,4,4
66403,2,2
66404,2,2
66405,7,7
66406,4,4
66407,1,1
66408,1,1
66409,5,5
66410,2,2
66411,0,0
66412,6,6
66413,7,7
66414,2,2
66415,2,2
66416,5,5
66417,9,9
66418,5,5
66419,1,1
66420,0,0
66421,7,7
66422,0,0
66423,6,6
66424,3,3
66425,6,6
66426,3,3
66427,0,0
66428,4,4
66429,3,3
66430,9,9
66431,6,6
66432,2,2
66433,8,8
66434,8,8
66435,2,2
66436,0,0
66437,3,3
66438,9,9
66439,6,6
66440,7,7
66441,0,0
66442,2,2
66443,0,0
66444,3,3
66445,9,9
66446,6,6
66447,7,7
66448,8,8
66449,8,8
66450,2,2
66451,0,0
66452,0,0
66453,2,2
66454,3,3
66455,7,7
66456,9,9
66457,2,2
66458,8,8
66459,4,4
66460,2,2
66461,3,3
66462,6,6
66463,4,4
66464,2,2
66465,7,7
66466,6,6
66467,2,2
66468,9,9
66469,6,6
66470,2,2
66471,8,8
66472,9,9
66473,2,2
66474,8,8
66475,5,5
66476,2,2
66477,2,2
66478,3,3
66479,4,4
66480,4,4
66481,7,7
66482,9,9
66483,2,2
66484,9,9
66485,2,2
66486,2,2
66487,8,8
66488,8,8
66489,3,3
66490,8,8
66491,2,2
66492,2,2
66493,2,2
66494,7,7
66495,8,8
66496,8,8
66497,6,6
66498,4,4
66499,6,6
66500,2,2
66501,7,7
66502,9,9
66503,8,8
66504,7,7
66505,3,3
66506,9,9
66507,8,8
66508,0,0
66509,4,4
66510,3,3
66511,7,7
66512,0,0
66513,6,6
66514,2,2
66515,9,9
66516,8,8
66517,3,3
66518,2,2
66519,6,6
66520,8,8
66521,6,6
66522,8,8
66523,2,2
66524,0,0
66525,2,2
66526,3,3
66527,9,9
66528,6,6
66529,5,5
66530,8,8
66531,5,5
66532,3,3
66533,1,1
66534,6,6
66535,2,2
66536,0,0
66537,2,2
66538,4,4
66539,0,0
66540,1,1
66541,6,6
66542,7,7
66543,5,5
66544,2,2
66545,1,1
66546,3,3
66547,5,5
66548,2,2
66549,4,4
66550,4,4
66551,7,7
66552,8,8
66553,8,8
66554,9,9
66555,8,8
66556,9,9
66557,3,3
66558,1,1
66559,5,5
66560,5,5
66561,1,1
66562,6,6
66563,9,9
66564,1,1
66565,8,8
66566,6,6
66567,3,3
66568,9,9
66569,1,1
66570,1,1
66571,0,0
66572,1,1
66573,2,2
66574,6,6
66575,1,1
66576,9,9
66577,9,9
66578,1,1
66579,5,5
66580,3,3
66581,6,6
66582,8,8
66583,3,3
66584,6,6
66585,8,8
66586,0,0
66587,2,2
66588,2,2
66589,8,8
66590,3,3
66591,5,5
66592,0,0
66593,1,1
66594,6,6
66595,2,2
66596,4,4
66597,0,0
66598,4,4
66599,9,9
66600,2,2
66601,9,9
66602,3,3
66603,8,8
66604,1,1
66605,4,4
66606,0,0
66607,6,6
66608,0,0
66609,8,8
66610,0,0
66611,9,9
66612,2,2
66613,5,5
66614,6,6
66615,4,4
66616,6,6
66617,8,8
66618,9,9
66619,0,0
66620,8,8
66621,3,3
66622,9,9
66623,1,1
66624,7,7
66625,0,0
66626,8,8
66627,8,8
66628,1,1
66629,7,7
66630,4,4
66631,2,2
66632,1,1
66633,3,3
66634,9,9
66635,6,6
66636,7,7
66637,0,0
66638,2,2
66639,4,4
66640,8,8
66641,2,2
66642,8,8
66643,8,8
66644,9,9
66645,6,6
66646,7,7
66647,8,8
66648,8,8
66649,2,2
66650,8,8
66651,9,9
66652,9,9
66653,8,8
66654,2,2
66655,8,8
66656,8,8
66657,2,2
66658,8,8
66659,2,2
66660,8,8
66661,9,9
66662,8,8
66663,8,8
66664,7,7
66665,7,7
66666,8,8
66667,4,4
66668,3,3
66669,4,4
66670,9,9
66671,8,8
66672,3,3
66673,9,9
66674,8,8
66675,4,4
66676,7,7
66677,5,5
66678,9,9
66679,8,8
66680,9,9
66681,7,7
66682,8,8
66683,9,9
66684,8,8
66685,4,4
66686,9,9
66687,8,8
66688,9,9
66689,8,8
66690,7,7
66691,3,3
66692,8,8
66693,4,4
66694,9,9
66695,8,8
66696,8,8
66697,8,8
66698,6,6
66699,8,8
66700,9,9
66701,3,3
66702,9,9
66703,6,6
66704,2,2
66705,5,5
66706,8,8
66707,4,4
66708,8,8
66709,2,2
66710,8,8
66711,3,3
66712,9,9
66713,6,6
66714,7,7
66715,8,8
66716,9,9
66717,4,4
66718,8,8
66719,3,3
66720,9,9
66721,5,5
66722,6,6
66723,4,4
66724,8,8
66725,9,9
66726,9,9
66727,7,7
66728,2,2
66729,9,9
66730,8,8
66731,8,8
66732,5,5
66733,9,9
66734,8,8
66735,9,9
66736,2,2
66737,4,4
66738,8,8
66739,2,2
66740,3,3
66741,8,8
66742,4,4
66743,9,9
66744,4,4
66745,2,2
66746,9,9
66747,8,8
66748,9,9
66749,4,4
66750,3,3
66751,9,9
66752,3,3
66753,3,3
66754,6,6
66755,2,2
66756,8,8
66757,9,9
66758,9,9
66759,4,4
66760,3,3
66761,8,8
66762,8,8
66763,2,2
66764,4,4
66765,9,9
66766,3,3
66767,2,2
66768,8,8
66769,5,5
66770,3,3
66771,4,4
66772,8,8
66773,6,6
66774,4,4
66775,9,9
66776,2,2
66777,4,4
66778,8,8
66779,3,3
66780,8,8
66781,3,3
66782,4,4
66783,9,9
66784,8,8
66785,5,5
66786,3,3
66787,8,8
66788,9,9
66789,9,9
66790,6,6
66791,8,8
66792,4,4
66793,8,8
66794,7,7
66795,3,3
66796,6,6
66797,6,6
66798,3,3
66799,1,1
66800,1,1
66801,7,7
66802,5,5
66803,7,7
66804,4,4
66805,0,0
66806,7,7
66807,0,0
66808,3,3
66809,1,1
66810,1,1
66811,7,7
66812,0,0
66813,7,7
66814,4,4
66815,0,0
66816,7,7
66817,0,0
66818,7,7
66819,1,1
66820,6,6
66821,7,7
66822,5,5
66823,2,2
66824,4,4
66825,0,0
66826,2,2
66827,0,0
66828,6,6
66829,1,1
66830,0,0
66831,9,9
66832,7,7
66833,3,3
66834,7,7
66835,3,3
66836,4,4
66837,0,0
66838,7,7
66839,7,7
66840,7,7
66841,3,3
66842,4,4
66843,4,4
66844,1,1
66845,0,0
66846,4,4
66847,4,4
66848,1,1
66849,1,1
66850,7,7
66851,2,2
66852,0,0
66853,0,0
66854,1,1
66855,5,5
66856,0,0
66857,7,7
66858,0,0
66859,0,0
66860,7,7
66861,0,0
66862,7,7
66863,7,7
66864,7,7
66865,5,5
66866,7,7
66867,1,1
66868,1,1
66869,1,1
66870,5,5
66871,0,0
66872,4,4
66873,7,7
66874,0,0
66875,7,7
66876,7,7
66877,3,3
66878,4,4
66879,7,7
66880,7,7
66881,4,4
66882,7,7
66883,1,1
66884,2,2
66885,4,4
66886,4,4
66887,0,0
66888,0,0
66889,2,2
66890,0,0
66891,1,1
66892,3,3
66893,5,5
66894,7,7
66895,0,0
66896,4,4
66897,2,2
66898,0,0
66899,0,0
66900,4,4
66901,1,1
66902,1,1
66903,0,0
66904,2,2
66905,1,1
66906,4,4
66907,7,7
66908,2,2
66909,0,0
66910,0,0
66911,5,5
66912,1,1
66913,1,1
66914,1,1
66915,0,0
66916,0,0
66917,1,1
66918,7,7
66919,0,0
66920,1,1
66921,3,3
66922,4,4
66923,6,6
66924,0,0
66925,2,2
66926,0,0
66927,3,3
66928,9,9
66929,6,6
66930,2,2
66931,0,0
66932,2,2
66933,4,4
66934,8,8
66935,2,2
66936,0,0
66937,3,3
66938,1,1
66939,6,6
66940,6,6
66941,8,8
66942,2,2
66943,4,4
66944,0,0
66945,8,8
66946,8,8
66947,3,3
66948,9,9
66949,6,6
66950,2,2
66951,8,8
66952,9,9
66953,4,4
66954,8,8
66955,2,2
66956,8,8
66957,2,2
66958,2,2
66959,3,3
66960,8,8
66961,1,1
66962,4,4
66963,8,8
66964,2,2
66965,2,2
66966,4,4
66967,8,8
66968,3,3
66969,9,9
66970,2,2
66971,3,3
66972,2,2
66973,7,7
66974,0,0
66975,2,2
66976,9,9
66977,2,2
66978,4,4
66979,3,3
66980,8,8
66981,2,2
66982,7,7
66983,0,0
66984,0,0
66985,2,2
66986,8,8
66987,4,4
66988,8,8
66989,6,6
66990,8,8
66991,2,2
66992,8,8
66993,6,6
66994,4,4
66995,8,8
66996,8,8
66997,9,9
66998,8,8
66999,8,8
67000,9,9
67001,6,6
67002,6,6
67003,2,2
67004,2,2
67005,9,9
67006,2,2
67007,6,6
67008,0,0
67009,8,8
67010,2,2
67011,2,2
67012,6,6
67013,6,6
67014,1,1
67015,6,6
67016,7,7
67017,4,4
67018,2,2
67019,1,1
67020,4,4
67021,8,8
67022,6,6
67023,9,9
67024,2,2
67025,0,0
67026,7,7
67027,2,2
67028,0,0
67029,2,2
67030,9,9
67031,2,2
67032,0,0
67033,8,8
67034,2,2
67035,2,2
67036,2,2
67037,4,4
67038,4,4
67039,4,4
67040,2,2
67041,8,8
67042,4,4
67043,8,8
67044,8,8
67045,8,8
67046,2,2
67047,8,8
67048,9,9
67049,4,4
67050,4,4
67051,4,4
67052,3,3
67053,9,9
67054,6,6
67055,7,7
67056,8,8
67057,8,8
67058,4,4
67059,8,8
67060,2,2
67061,8,8
67062,3,3
67063,1,1
67064,5,5
67065,2,2
67066,8,8
67067,2,2
67068,4,4
67069,8,8
67070,8,8
67071,0,0
67072,3,3
67073,1,1
67074,6,6
67075,2,2
67076,8,8
67077,8,8
67078,4,4
67079,8,8
67080,2,2
67081,8,8
67082,0,0
67083,8,8
67084,2,2
67085,0,0
67086,3,3
67087,1,1
67088,8,8
67089,0,0
67090,9,9
67091,9,9
67092,8,8
67093,6,6
67094,8,8
67095,8,8
67096,8,8
67097,2,2
67098,8,8
67099,2,2
67100,6,6
67101,8,8
67102,8,8
67103,2,2
67104,7,7
67105,4,4
67106,8,8
67107,8,8
67108,8,8
67109,2,2
67110,4,4
67111,8,8
67112,3,3
67113,4,4
67114,2,2
67115,9,9
67116,4,4
67117,2,2
67118,8,8
67119,2,2
67120,6,6
67121,8,8
67122,4,4
67123,9,9
67124,8,8
67125,0,0
67126,2,2
67127,2,2
67128,8,8
67129,2,2
67130,0,0
67131,2,2
67132,8,8
67133,2,2
67134,2,2
67135,9,9
67136,8,8
67137,8,8
67138,9,9
67139,3,3
67140,2,2
67141,8,8
67142,2,2
67143,8,8
67144,8,8
67145,8,8
67146,2,2
67147,6,6
67148,8,8
67149,8,8
67150,9,9
67151,6,6
67152,4,4
67153,8,8
67154,6,6
67155,8,8
67156,6,6
67157,7,7
67158,4,4
67159,4,4
67160,2,2
67161,2,2
67162,2,2
67163,6,6
67164,2,2
67165,9,9
67166,4,4
67167,9,9
67168,3,3
67169,8,8
67170,2,2
67171,9,9
67172,4,4
67173,9,9
67174,8,8
67175,3,3
67176,1,1
67177,0,0
67178,0,0
67179,4,4
67180,0,0
67181,2,2
67182,5,5
67183,1,1
67184,6,6
67185,7,7
67186,8,8
67187,8,8
67188,4,4
67189,8,8
67190,3,3
67191,9,9
67192,6,6
67193,6,6
67194,8,8
67195,9,9
67196,4,4
67197,5,5
67198,2,2
67199,0,0
67200,2,2
67201,8,8
67202,3,3
67203,3,3
67204,8,8
67205,6,6
67206,8,8
67207,2,2
67208,2,2
67209,2,2
67210,2,2
67211,2,2
67212,5,5
67213,4,4
67214,7,7
67215,7,7
67216,4,4
67217,9,9
67218,8,8
67219,0,0
67220,2,2
67221,3,3
67222,7,7
67223,9,9
67224,8,8
67225,3,3
67226,9,9
67227,0,0
67228,9,9
67229,5,5
67230,8,8
67231,3,3
67232,9,9
67233,7,7
67234,2,2
67235,5,5
67236,8,8
67237,6,6
67238,8,8
67239,4,4
67240,9,9
67241,9,9
67242,8,8
67243,8,8
67244,2,2
67245,6,6
67246,0,0
67247,9,9
67248,8,8
67249,5,5
67250,7,7
67251,8,8
67252,7,7
67253,9,9
67254,8,8
67255,3,3
67256,8,8
67257,7,7
67258,4,4
67259,2,2
67260,8,8
67261,3,3
67262,9,9
67263,3,3
67264,8,8
67265,2,2
67266,6,6
67267,8,8
67268,8,8
67269,2,2
67270,1,1
67271,6,6
67272,7,7
67273,0,0
67274,2,2
67275,4,4
67276,8,8
67277,2,2
67278,0,0
67279,3,3
67280,1,1
67281,6,6
67282,2,2
67283,0,0
67284,2,2
67285,4,4
67286,0,0
67287,2,2
67288,0,0
67289,3,3
67290,1,1
67291,6,6
67292,2,2
67293,0,0
67294,2,2
67295,4,4
67296,0,0
67297,2,2
67298,0,0
67299,1,1
67300,0,0
67301,0,0
67302,2,2
67303,1,1
67304,2,2
67305,4,4
67306,2,2
67307,8,8
67308,6,6
67309,2,2
67310,4,4
67311,7,7
67312,7,7
67313,2,2
67314,4,4
67315,2,2
67316,8,8
67317,3,3
67318,0,0
67319,1,1
67320,0,0
67321,6,6
67322,0,0
67323,1,1
67324,2,2
67325,1,1
67326,2,2
67327,6,6
67328,6,6
67329,7,7
67330,3,3
67331,4,4
67332,0,0
67333,2,2
67334,8,8
67335,4,4
67336,0,0
67337,3,3
67338,8,8
67339,2,2
67340,1,1
67341,0,0
67342,3,3
67343,4,4
67344,9,9
67345,6,6
67346,4,4
67347,0,0
67348,6,6
67349,6,6
67350,2,2
67351,2,2
67352,2,2
67353,9,9
67354,4,4
67355,8,8
67356,8,8
67357,8,8
67358,4,4
67359,6,6
67360,0,0
67361,8,8
67362,8,8
67363,4,4
67364,6,6
67365,2,2
67366,8,8
67367,3,3
67368,3,3
67369,2,2
67370,2,2
67371,2,2
67372,2,2
67373,1,1
67374,2,2
67375,8,8
67376,8,8
67377,8,8
67378,2,2
67379,2,2
67380,0,0
67381,2,2
67382,0,0
67383,2,2
67384,0,0
67385,3,3
67386,6,6
67387,4,4
67388,2,2
67389,4,4
67390,8,8
67391,8,8
67392,8,8
67393,2,2
67394,8,8
67395,9,9
67396,2,2
67397,2,2
67398,6,6
67399,9,9
67400,6,6
67401,7,7
67402,9,9
67403,2,2
67404,4,4
67405,9,9
67406,6,6
67407,7,7
67408,8,8
67409,4,4
67410,3,3
67411,9,9
67412,6,6
67413,9,9
67414,8,8
67415,4,4
67416,8,8
67417,2,2
67418,9,9
67419,8,8
67420,6,6
67421,8,8
67422,9,9
67423,8,8
67424,9,9
67425,8,8
67426,8,8
67427,4,4
67428,2,2
67429,8,8
67430,2,2
67431,2,2
67432,9,9
67433,9,9
67434,9,9
67435,2,2
67436,2,2
67437,9,9
67438,4,4
67439,8,8
67440,2,2
67441,4,4
67442,9,9
67443,4,4
67444,2,2
67445,8,8
67446,3,3
67447,9,9
67448,3,3
67449,3,3
67450,2,2
67451,9,9
67452,3,3
67453,9,9
67454,9,9
67455,2,2
67456,8,8
67457,6,6
67458,7,7
67459,8,8
67460,8,8
67461,4,4
67462,0,0
67463,9,9
67464,8,8
67465,3,3
67466,4,4
67467,8,8
67468,9,9
67469,5,5
67470,7,7
67471,8,8
67472,8,8
67473,9,9
67474,9,9
67475,2,2
67476,6,6
67477,8,8
67478,7,7
67479,2,2
67480,9,9
67481,2,2
67482,6,6
67483,6,6
67484,2,2
67485,3,3
67486,6,6
67487,8,8
67488,8,8
67489,8,8
67490,8,8
67491,8,8
67492,0,0
67493,8,8
67494,8,8
67495,8,8
67496,0,0
67497,6,6
67498,2,2
67499,8,8
67500,9,9
67501,2,2
67502,2,2
67503,4,4
67504,8,8
67505,3,3
67506,3,3
67507,9,9
67508,6,6
67509,2,2
67510,9,9
67511,4,4
67512,4,4
67513,8,8
67514,2,2
67515,0,0
67516,3,3
67517,9,9
67518,2,2
67519,2,2
67520,8,8
67521,9,9
67522,4,4
67523,9,9
67524,2,2
67525,8,8
67526,3,3
67527,9,9
67528,6,6
67529,2,2
67530,8,8
67531,9,9
67532,4,4
67533,8,8
67534,2,2
67535,8,8
67536,2,2
67537,3,3
67538,8,8
67539,2,2
67540,4,4
67541,9,9
67542,9,9
67543,2,2
67544,8,8
67545,2,2
67546,4,4
67547,4,4
67548,4,4
67549,4,4
67550,8,8
67551,2,2
67552,2,2
67553,2,2
67554,2,2
67555,3,3
67556,9,9
67557,8,8
67558,6,6
67559,7,7
67560,9,9
67561,9,9
67562,8,8
67563,9,9
67564,6,6
67565,8,8
67566,3,3
67567,9,9
67568,2,2
67569,2,2
67570,6,6
67571,8,8
67572,6,6
67573,8,8
67574,9,9
67575,6,6
67576,4,4
67577,9,9
67578,9,9
67579,8,8
67580,8,8
67581,9,9
67582,9,9
67583,9,9
67584,8,8
67585,4,4
67586,2,2
67587,2,2
67588,1,1
67589,8,8
67590,2,2
67591,9,9
67592,0,0
67593,3,3
67594,0,0
67595,2,2
67596,4,4
67597,2,2
67598,8,8
67599,2,2
67600,9,9
67601,3,3
67602,2,2
67603,2,2
67604,6,6
67605,8,8
67606,9,9
67607,3,3
67608,1,1
67609,6,6
67610,7,7
67611,5,5
67612,7,7
67613,4,4
67614,0,0
67615,2,2
67616,0,0
67617,3,3
67618,1,1
67619,7,7
67620,7,7
67621,5,5
67622,7,7
67623,2,2
67624,5,5
67625,3,3
67626,1,1
67627,6,6
67628,7,7
67629,5,5
67630,7,7
67631,4,4
67632,0,0
67633,2,2
67634,0,0
67635,6,6
67636,1,1
67637,7,7
67638,1,1
67639,7,7
67640,0,0
67641,0,0
67642,2,2
67643,7,7
67644,7,7
67645,8,8
67646,3,3
67647,8,8
67648,8,8
67649,7,7
67650,0,0
67651,0,0
67652,0,0
67653,5,5
67654,0,0
67655,3,3
67656,7,7
67657,5,5
67658,1,1
67659,7,7
67660,2,2
67661,1,1
67662,0,0
67663,2,2
67664,5,5
67665,1,1
67666,2,2
67667,5,5
67668,4,4
67669,5,5
67670,4,4
67671,7,7
67672,7,7
67673,7,7
67674,7,7
67675,1,1
67676,7,7
67677,0,0
67678,6,6
67679,7,7
67680,0,0
67681,4,4
67682,0,0
67683,6,6
67684,4,4
67685,6,6
67686,1,1
67687,6,6
67688,3,3
67689,7,7
67690,7,7
67691,7,7
67692,1,1
67693,3,3
67694,7,7
67695,5,5
67696,5,5
67697,0,0
67698,7,7
67699,3,3
67700,0,0
67701,0,0
67702,3,3
67703,3,3
67704,0,0
67705,5,5
67706,3,3
67707,0,0
67708,9,9
67709,5,5
67710,6,6
67711,5,5
67712,5,5
67713,7,7
67714,7,7
67715,7,7
67716,6,6
67717,1,1
67718,2,2
67719,7,7
67720,7,7
67721,5,5
67722,1,1
67723,3,3
67724,6,6
67725,1,1
67726,5,5
67727,3,3
67728,9,9
67729,6,6
67730,2,2
67731,8,8
67732,2,2
67733,4,4
67734,8,8
67735,2,2
67736,9,9
67737,3,3
67738,9,9
67739,6,6
67740,7,7
67741,8,8
67742,2,2
67743,4,4
67744,8,8
67745,2,2
67746,8,8
67747,3,3
67748,9,9
67749,6,6
67750,6,6
67751,8,8
67752,2,2
67753,4,4
67754,8,8
67755,2,2
67756,8,8
67757,8,8
67758,4,4
67759,8,8
67760,8,8
67761,4,4
67762,6,6
67763,7,7
67764,8,8
67765,2,2
67766,8,8
67767,2,2
67768,4,4
67769,8,8
67770,2,2
67771,6,6
67772,6,6
67773,6,6
67774,7,7
67775,8,8
67776,2,2
67777,2,2
67778,4,4
67779,4,4
67780,3,3
67781,6,6
67782,3,3
67783,9,9
67784,9,9
67785,6,6
67786,0,0
67787,4,4
67788,2,2
67789,6,6
67790,9,9
67791,3,3
67792,4,4
67793,2,2
67794,6,6
67795,0,0
67796,8,8
67797,6,6
67798,2,2
67799,8,8
67800,6,6
67801,0,0
67802,9,9
67803,7,7
67804,6,6
67805,2,2
67806,9,9
67807,8,8
67808,9,9
67809,2,2
67810,3,3
67811,9,9
67812,9,9
67813,8,8
67814,2,2
67815,6,6
67816,4,4
67817,3,3
67818,5,5
67819,8,8
67820,3,3
67821,6,6
67822,9,9
67823,7,7
67824,4,4
67825,8,8
67826,9,9
67827,0,0
67828,8,8
67829,6,6
67830,3,3
67831,6,6
67832,9,9
67833,0,0
67834,8,8
67835,3,3
67836,5,5
67837,8,8
67838,3,3
67839,9,9
67840,6,6
67841,7,7
67842,8,8
67843,4,4
67844,0,0
67845,2,2
67846,3,3
67847,9,9
67848,6,6
67849,6,6
67850,4,4
67851,4,4
67852,8,8
67853,2,2
67854,8,8
67855,3,3
67856,9,9
67857,5,5
67858,6,6
67859,9,9
67860,3,3
67861,8,8
67862,2,2
67863,8,8
67864,0,0
67865,8,8
67866,3,3
67867,8,8
67868,3,3
67869,9,9
67870,9,9
67871,2,2
67872,2,2
67873,3,3
67874,8,8
67875,6,6
67876,5,5
67877,8,8
67878,2,2
67879,8,8
67880,4,4
67881,9,9
67882,3,3
67883,8,8
67884,8,8
67885,5,5
67886,5,5
67887,3,3
67888,9,9
67889,3,3
67890,9,9
67891,4,4
67892,8,8
67893,2,2
67894,6,6
67895,8,8
67896,9,9
67897,4,4
67898,3,3
67899,9,9
67900,9,9
67901,2,2
67902,8,8
67903,8,8
67904,4,4
67905,6,6
67906,4,4
67907,3,3
67908,8,8
67909,6,6
67910,5,5
67911,9,9
67912,8,8
67913,3,3
67914,4,4
67915,8,8
67916,9,9
67917,6,6
67918,9,9
67919,2,2
67920,9,9
67921,9,9
67922,6,6
67923,2,2
67924,8,8
67925,4,4
67926,2,2
67927,8,8
67928,9,9
67929,4,4
67930,6,6
67931,0,0
67932,2,2
67933,3,3
67934,9,9
67935,6,6
67936,7,7
67937,0,0
67938,2,2
67939,4,4
67940,8,8
67941,2,2
67942,8,8
67943,3,3
67944,9,9
67945,4,4
67946,7,7
67947,0,0
67948,2,2
67949,4,4
67950,8,8
67951,0,0
67952,0,0
67953,3,3
67954,9,9
67955,6,6
67956,7,7
67957,8,8
67958,2,2
67959,4,4
67960,8,8
67961,2,2
67962,0,0
67963,2,2
67964,0,0
67965,7,7
67966,8,8
67967,3,3
67968,7,7
67969,9,9
67970,4,4
67971,8,8
67972,8,8
67973,9,9
67974,2,2
67975,4,4
67976,5,5
67977,6,6
67978,8,8
67979,2,2
67980,9,9
67981,7,7
67982,0,0
67983,7,7
67984,8,8
67985,8,8
67986,6,6
67987,3,3
67988,2,2
67989,3,3
67990,9,9
67991,8,8
67992,6,6
67993,7,7
67994,6,6
67995,7,7
67996,9,9
67997,2,2
67998,8,8
67999,2,2
68000,5,5
68001,0,0
68002,8,8
68003,9,9
68004,9,9
68005,9,9
68006,0,0
68007,3,3
68008,8,8
68009,2,2
68010,7,7
68011,8,8
68012,2,2
68013,4,4
68014,7,7
68015,2,2
68016,3,3
68017,0,0
68018,4,4
68019,6,6
68020,1,1
68021,3,3
68022,9,9
68023,3,3
68024,4,4
68025,6,6
68026,7,7
68027,2,2
68028,0,0
68029,3,3
68030,8,8
68031,6,6
68032,7,7
68033,0,0
68034,2,2
68035,2,2
68036,6,6
68037,2,2
68038,2,2
68039,8,8
68040,4,4
68041,4,4
68042,4,4
68043,8,8
68044,8,8
68045,9,9
68046,2,2
68047,6,6
68048,1,1
68049,2,2
68050,6,6
68051,0,0
68052,8,8
68053,0,0
68054,8,8
68055,3,3
68056,3,3
68057,3,3
68058,1,1
68059,1,1
68060,2,2
68061,4,4
68062,2,2
68063,4,4
68064,8,8
68065,2,2
68066,8,8
68067,3,3
68068,1,1
68069,6,6
68070,7,7
68071,0,0
68072,2,2
68073,4,4
68074,8,8
68075,2,2
68076,8,8
68077,3,3
68078,1,1
68079,6,6
68080,7,7
68081,4,4
68082,2,2
68083,4,4
68084,0,0
68085,3,3
68086,1,1
68087,2,2
68088,1,1
68089,2,2
68090,1,1
68091,7,7
68092,0,0
68093,0,0
68094,2,2
68095,4,4
68096,4,4
68097,3,3
68098,3,3
68099,9,9
68100,1,1
68101,0,0
68102,2,2
68103,4,4
68104,4,4
68105,2,2
68106,9,9
68107,4,4
68108,6,6
68109,0,0
68110,8,8
68111,3,3
68112,6,6
68113,1,1
68114,3,3
68115,7,7
68116,4,4
68117,3,3
68118,9,9
68119,5,5
68120,2,2
68121,8,8
68122,8,8
68123,4,4
68124,8,8
68125,2,2
68126,0,0
68127,3,3
68128,9,9
68129,6,6
68130,7,7
68131,8,8
68132,9,9
68133,4,4
68134,8,8
68135,2,2
68136,0,0
68137,3,3
68138,9,9
68139,6,6
68140,7,7
68141,8,8
68142,9,9
68143,4,4
68144,8,8
68145,2,2
68146,8,8
68147,2,2
68148,4,4
68149,2,2
68150,0,0
68151,8,8
68152,3,3
68153,6,6
68154,7,7
68155,8,8
68156,2,2
68157,2,2
68158,9,9
68159,9,9
68160,2,2
68161,6,6
68162,7,7
68163,3,3
68164,9,9
68165,1,1
68166,9,9
68167,7,7
68168,1,1
68169,4,4
68170,9,9
68171,7,7
68172,3,3
68173,8,8
68174,6,6
68175,8,8
68176,8,8
68177,4,4
68178,8,8
68179,3,3
68180,8,8
68181,8,8
68182,8,8
68183,2,2
68184,8,8
68185,7,7
68186,7,7
68187,9,9
68188,8,8
68189,5,5
68190,8,8
68191,4,4
68192,2,2
68193,8,8
68194,3,3
68195,3,3
68196,3,3
68197,3,3
68198,5,5
68199,3,3
68200,4,4
68201,2,2
68202,8,8
68203,8,8
68204,8,8
68205,5,5
68206,2,2
68207,8,8
68208,6,6
68209,2,2
68210,0,0
68211,4,4
68212,3,3
68213,5,5
68214,2,2
68215,7,7
68216,2,2
68217,2,2
68218,8,8
68219,9,9
68220,8,8
68221,3,3
68222,8,8
68223,2,2
68224,2,2
68225,6,6
68226,7,7
68227,8,8
68228,3,3
68229,9,9
68230,8,8
68231,9,9
68232,9,9
68233,9,9
68234,8,8
68235,5,5
68236,2,2
68237,4,4
68238,6,6
68239,9,9
68240,4,4
68241,2,2
68242,2,2
68243,3,3
68244,9,9
68245,6,6
68246,7,7
68247,8,8
68248,8,8
68249,2,2
68250,8,8
68251,3,3
68252,9,9
68253,5,5
68254,2,2
68255,8,8
68256,4,4
68257,8,8
68258,8,8
68259,0,0
68260,3,3
68261,9,9
68262,9,9
68263,7,7
68264,8,8
68265,8,8
68266,2,2
68267,0,0
68268,9,9
68269,8,8
68270,9,9
68271,7,7
68272,7,7
68273,3,3
68274,8,8
68275,9,9
68276,8,8
68277,7,7
68278,5,5
68279,8,8
68280,8,8
68281,4,4
68282,8,8
68283,3,3
68284,0,0
68285,8,8
68286,9,9
68287,4,4
68288,0,0
68289,9,9
68290,7,7
68291,4,4
68292,6,6
68293,7,7
68294,8,8
68295,6,6
68296,7,7
68297,2,2
68298,8,8
68299,9,9
68300,2,2
68301,2,2
68302,8,8
68303,9,9
68304,8,8
68305,9,9
68306,9,9
68307,3,3
68308,7,7
68309,8,8
68310,1,1
68311,4,4
68312,8,8
68313,8,8
68314,8,8
68315,6,6
68316,8,8
68317,8,8
68318,6,6
68319,8,8
68320,6,6
68321,0,0
68322,8,8
68323,6,6
68324,9,9
68325,4,4
68326,6,6
68327,9,9
68328,7,7
68329,8,8
68330,2,2
68331,9,9
68332,0,0
68333,4,4
68334,8,8
68335,3,3
68336,4,4
68337,7,7
68338,3,3
68339,4,4
68340,9,9
68341,4,4
68342,3,3
68343,3,3
68344,9,9
68345,6,6
68346,7,7
68347,0,0
68348,2,2
68349,4,4
68350,8,8
68351,3,3
68352,9,9
68353,5,5
68354,7,7
68355,5,5
68356,8,8
68357,2,2
68358,8,8
68359,3,3
68360,9,9
68361,6,6
68362,7,7
68363,5,5
68364,8,8
68365,6,6
68366,7,7
68367,9,9
68368,4,4
68369,0,0
68370,7,7
68371,0,0
68372,8,8
68373,3,3
68374,5,5
68375,8,8
68376,1,1
68377,4,4
68378,8,8
68379,7,7
68380,4,4
68381,9,9
68382,3,3
68383,5,5
68384,2,2
68385,4,4
68386,2,2
68387,8,8
68388,3,3
68389,3,3
68390,9,9
68391,8,8
68392,5,5
68393,7,7
68394,6,6
68395,8,8
68396,9,9
68397,7,7
68398,8,8
68399,4,4
68400,5,5
68401,0,0
68402,0,0
68403,8,8
68404,0,0
68405,8,8
68406,5,5
68407,7,7
68408,9,9
68409,6,6
68410,4,4
68411,7,7
68412,9,9
68413,2,2
68414,3,3
68415,9,9
68416,9,9
68417,0,0
68418,9,9
68419,7,7
68420,9,9
68421,0,0
68422,8,8
68423,4,4
68424,6,6
68425,3,3
68426,5,5
68427,9,9
68428,8,8
68429,2,2
68430,7,7
68431,0,0
68432,9,9
68433,4,4
68434,5,5
68435,4,4
68436,0,0
68437,2,2
68438,6,6
68439,1,1
68440,2,2
68441,4,4
68442,5,5
68443,9,9
68444,9,9
68445,8,8
68446,4,4
68447,7,7
68448,3,3
68449,1,1
68450,6,6
68451,7,7
68452,0,0
68453,2,2
68454,4,4
68455,0,0
68456,7,7
68457,5,5
68458,3,3
68459,1,1
68460,6,6
68461,2,2
68462,0,0
68463,8,8
68464,5,5
68465,0,0
68466,7,7
68467,5,5
68468,3,3
68469,1,1
68470,6,6
68471,7,7
68472,0,0
68473,2,2
68474,4,4
68475,0,0
68476,2,2
68477,0,0
68478,4,4
68479,0,0
68480,0,0
68481,3,3
68482,6,6
68483,7,7
68484,5,5
68485,7,7
68486,2,2
68487,2,2
68488,1,1
68489,7,7
68490,3,3
68491,1,1
68492,4,4
68493,1,1
68494,7,7
68495,6,6
68496,3,3
68497,0,0
68498,6,6
68499,4,4
68500,5,5
68501,3,3
68502,2,2
68503,0,0
68504,0,0
68505,2,2
68506,0,0
68507,9,9
68508,2,2
68509,1,1
68510,0,0
68511,5,5
68512,0,0
68513,3,3
68514,3,3
68515,4,4
68516,4,4
68517,4,4
68518,7,7
68519,0,0
68520,0,0
68521,6,6
68522,4,4
68523,5,5
68524,2,2
68525,0,0
68526,1,1
68527,5,5
68528,3,3
68529,5,5
68530,2,2
68531,2,2
68532,4,4
68533,7,7
68534,5,5
68535,3,3
68536,1,1
68537,0,0
68538,1,1
68539,2,2
68540,1,1
68541,0,0
68542,4,4
68543,1,1
68544,6,6
68545,1,1
68546,4,4
68547,2,2
68548,3,3
68549,1,1
68550,6,6
68551,7,7
68552,5,5
68553,7,7
68554,5,5
68555,0,0
68556,2,2
68557,5,5
68558,3,3
68559,1,1
68560,6,6
68561,7,7
68562,5,5
68563,7,7
68564,4,4
68565,0,0
68566,2,2
68567,3,3
68568,1,1
68569,6,6
68570,7,7
68571,7,7
68572,4,4
68573,5,5
68574,2,2
68575,1,1
68576,3,3
68577,0,0
68578,7,7
68579,5,5
68580,4,4
68581,7,7
68582,5,5
68583,5,5
68584,3,3
68585,2,2
68586,1,1
68587,3,3
68588,5,5
68589,0,0
68590,0,0
68591,0,0
68592,6,6
68593,0,0
68594,6,6
68595,3,3
68596,0,0
68597,7,7
68598,7,7
68599,5,5
68600,1,1
68601,7,7
68602,6,6
68603,7,7
68604,1,1
68605,4,4
68606,0,0
68607,7,7
68608,0,0
68609,2,2
68610,0,0
68611,3,3
68612,6,6
68613,5,5
68614,3,3
68615,6,6
68616,0,0
68617,0,0
68618,2,2
68619,3,3
68620,0,0
68621,3,3
68622,4,4
68623,0,0
68624,7,7
68625,6,6
68626,0,0
68627,2,2
68628,4,4
68629,3,3
68630,7,7
68631,0,0
68632,7,7
68633,1,1
68634,3,3
68635,7,7
68636,1,1
68637,5,5
68638,0,0
68639,6,6
68640,0,0
68641,0,0
68642,0,0
68643,7,7
68644,4,4
68645,7,7
68646,6,6
68647,4,4
68648,6,6
68649,2,2
68650,9,9
68651,0,0
68652,7,7
68653,7,7
68654,0,0
68655,7,7
68656,7,7
68657,3,3
68658,1,1
68659,1,1
68660,7,7
68661,2,2
68662,5,5
68663,0,0
68664,5,5
68665,7,7
68666,1,1
68667,2,2
68668,5,5
68669,0,0
68670,0,0
68671,3,3
68672,9,9
68673,6,6
68674,7,7
68675,0,0
68676,2,2
68677,4,4
68678,8,8
68679,2,2
68680,0,0
68681,3,3
68682,9,9
68683,6,6
68684,2,2
68685,0,0
68686,2,2
68687,4,4
68688,8,8
68689,2,2
68690,0,0
68691,3,3
68692,9,9
68693,6,6
68694,7,7
68695,0,0
68696,8,8
68697,4,4
68698,8,8
68699,2,2
68700,0,0
68701,7,7
68702,2,2
68703,7,7
68704,6,6
68705,0,0
68706,7,7
68707,6,6
68708,9,9
68709,0,0
68710,2,2
68711,2,2
68712,6,6
68713,7,7
68714,6,6
68715,1,1
68716,7,7
68717,0,0
68718,8,8
68719,6,6
68720,9,9
68721,6,6
68722,2,2
68723,0,0
68724,9,9
68725,2,2
68726,7,7
68727,0,0
68728,2,2
68729,9,9
68730,3,3
68731,3,3
68732,4,4
68733,0,0
68734,0,0
68735,2,2
68736,8,8
68737,2,2
68738,3,3
68739,4,4
68740,1,1
68741,2,2
68742,8,8
68743,8,8
68744,4,4
68745,9,9
68746,6,6
68747,2,2
68748,3,3
68749,8,8
68750,0,0
68751,0,0
68752,2,2
68753,6,6
68754,5,5
68755,0,0
68756,0,0
68757,0,0
68758,9,9
68759,7,7
68760,4,4
68761,2,2
68762,8,8
68763,3,3
68764,3,3
68765,3,3
68766,7,7
68767,0,0
68768,9,9
68769,4,4
68770,5,5
68771,4,4
68772,3,3
68773,8,8
68774,2,2
68775,0,0
68776,9,9
68777,7,7
68778,7,7
68779,4,4
68780,7,7
68781,0,0
68782,0,0
68783,2,2
68784,0,0
68785,6,6
68786,0,0
68787,2,2
68788,2,2
68789,4,4
68790,5,5
68791,8,8
68792,4,4
68793,6,6
68794,6,6
68795,3,3
68796,0,0
68797,0,0
68798,3,3
68799,9,9
68800,6,6
68801,7,7
68802,5,5
68803,2,2
68804,4,4
68805,8,8
68806,2,2
68807,0,0
68808,3,3
68809,9,9
68810,6,6
68811,7,7
68812,8,8
68813,2,2
68814,4,4
68815,8,8
68816,9,9
68817,0,0
68818,3,3
68819,9,9
68820,6,6
68821,7,7
68822,5,5
68823,9,9
68824,4,4
68825,8,8
68826,2,2
68827,8,8
68828,4,4
68829,0,0
68830,6,6
68831,4,4
68832,0,0
68833,8,8
68834,2,2
68835,2,2
68836,0,0
68837,8,8
68838,6,6
68839,0,0
68840,2,2
68841,0,0
68842,7,7
68843,2,2
68844,6,6
68845,3,3
68846,0,0
68847,2,2
68848,4,4
68849,4,4
68850,9,9
68851,3,3
68852,4,4
68853,2,2
68854,7,7
68855,2,2
68856,7,7
68857,2,2
68858,3,3
68859,3,3
68860,7,7
68861,8,8
68862,9,9
68863,2,2
68864,7,7
68865,3,3
68866,2,2
68867,7,7
68868,3,3
68869,4,4
68870,6,6
68871,8,8
68872,2,2
68873,9,9
68874,0,0
68875,9,9
68876,2,2
68877,2,2
68878,2,2
68879,8,8
68880,6,6
68881,3,3
68882,0,0
68883,8,8
68884,4,4
68885,8,8
68886,8,8
68887,9,9
68888,4,4
68889,6,6
68890,4,4
68891,8,8
68892,9,9
68893,8,8
68894,2,2
68895,3,3
68896,4,4
68897,8,8
68898,8,8
68899,0,0
68900,8,8
68901,4,4
68902,6,6
68903,7,7
68904,8,8
68905,9,9
68906,8,8
68907,6,6
68908,6,6
68909,2,2
68910,7,7
68911,8,8
68912,9,9
68913,3,3
68914,9,9
68915,6,6
68916,7,7
68917,8,8
68918,8,8
68919,2,2
68920,8,8
68921,3,3
68922,9,9
68923,6,6
68924,2,2
68925,8,8
68926,8,8
68927,2,2
68928,8,8
68929,3,3
68930,9,9
68931,8,8
68932,2,2
68933,8,8
68934,2,2
68935,0,0
68936,6,6
68937,4,4
68938,9,9
68939,2,2
68940,2,2
68941,8,8
68942,2,2
68943,6,6
68944,4,4
68945,8,8
68946,7,7
68947,8,8
68948,9,9
68949,8,8
68950,6,6
68951,3,3
68952,2,2
68953,8,8
68954,8,8
68955,8,8
68956,8,8
68957,7,7
68958,2,2
68959,8,8
68960,8,8
68961,8,8
68962,8,8
68963,2,2
68964,8,8
68965,2,2
68966,6,6
68967,4,4
68968,4,4
68969,6,6
68970,2,2
68971,9,9
68972,2,2
68973,6,6
68974,8,8
68975,2,2
68976,9,9
68977,8,8
68978,3,3
68979,9,9
68980,9,9
68981,2,2
68982,9,9
68983,3,3
68984,8,8
68985,2,2
68986,9,9
68987,2,2
68988,9,9
68989,8,8
68990,4,4
68991,3,3
68992,3,3
68993,8,8
68994,8,8
68995,9,9
68996,4,4
68997,4,4
68998,8,8
68999,3,3
69000,8,8
69001,4,4
69002,9,9
69003,9,9
69004,3,3
69005,9,9
69006,2,2
69007,2,2
69008,8,8
69009,6,6
69010,2,2
69011,2,2
69012,5,5
69013,9,9
69014,4,4
69015,9,9
69016,9,9
69017,9,9
69018,6,6
69019,6,6
69020,2,2
69021,4,4
69022,6,6
69023,5,5
69024,6,6
69025,9,9
69026,8,8
69027,2,2
69028,8,8
69029,4,4
69030,9,9
69031,8,8
69032,6,6
69033,8,8
69034,8,8
69035,9,9
69036,6,6
69037,3,3
69038,3,3
69039,9,9
69040,4,4
69041,4,4
69042,2,2
69043,7,7
69044,0,0
69045,6,6
69046,2,2
69047,5,5
69048,6,6
69049,9,9
69050,4,4
69051,9,9
69052,3,3
69053,4,4
69054,8,8
69055,2,2
69056,2,2
69057,8,8
69058,4,4
69059,7,7
69060,3,3
69061,1,1
69062,6,6
69063,7,7
69064,5,5
69065,7,7
69066,4,4
69067,0,0
69068,7,7
69069,0,0
69070,3,3
69071,1,1
69072,6,6
69073,7,7
69074,5,5
69075,7,7
69076,4,4
69077,0,0
69078,2,2
69079,5,5
69080,3,3
69081,1,1
69082,9,9
69083,7,7
69084,0,0
69085,7,7
69086,4,4
69087,0,0
69088,7,7
69089,0,0
69090,1,1
69091,4,4
69092,7,7
69093,5,5
69094,5,5
69095,3,3
69096,1,1
69097,6,6
69098,5,5
69099,5,5
69100,7,7
69101,0,0
69102,0,0
69103,4,4
69104,5,5
69105,3,3
69106,7,7
69107,7,7
69108,5,5
69109,7,7
69110,7,7
69111,6,6
69112,1,1
69113,5,5
69114,2,2
69115,7,7
69116,5,5
69117,2,2
69118,7,7
69119,0,0
69120,1,1
69121,1,1
69122,4,4
69123,6,6
69124,1,1
69125,7,7
69126,7,7
69127,4,4
69128,0,0
69129,6,6
69130,4,4
69131,6,6
69132,7,7
69133,5,5
69134,3,3
69135,6,6
69136,5,5
69137,3,3
69138,4,4
69139,7,7
69140,1,1
69141,5,5
69142,0,0
69143,1,1
69144,0,0
69145,6,6
69146,4,4
69147,0,0
69148,4,4
69149,4,4
69150,7,7
69151,5,5
69152,0,0
69153,0,0
69154,6,6
69155,1,1
69156,7,7
69157,7,7
69158,3,3
69159,7,7
69160,2,2
69161,7,7
69162,3,3
69163,7,7
69164,0,0
69165,0,0
69166,5,5
69167,3,3
69168,9,9
69169,0,0
69170,0,0
69171,1,1
69172,5,5
69173,0,0
69174,3,3
69175,7,7
69176,7,7
69177,7,7
69178,4,4
69179,3,3
69180,9,9
69181,6,6
69182,2,2
69183,8,8
69184,2,2
69185,4,4
69186,8,8
69187,2,2
69188,8,8
69189,3,3
69190,9,9
69191,6,6
69192,2,2
69193,8,8
69194,9,9
69195,4,4
69196,8,8
69197,2,2
69198,8,8
69199,3,3
69200,9,9
69201,6,6
69202,2,2
69203,8,8
69204,8,8
69205,2,2
69206,8,8
69207,4,4
69208,8,8
69209,6,6
69210,4,4
69211,8,8
69212,8,8
69213,2,2
69214,8,8
69215,6,6
69216,8,8
69217,2,2
69218,8,8
69219,2,2
69220,3,3
69221,3,3
69222,9,9
69223,3,3
69224,8,8
69225,2,2
69226,4,4
69227,2,2
69228,8,8
69229,2,2
69230,3,3
69231,2,2
69232,8,8
69233,9,9
69234,9,9
69235,2,2
69236,3,3
69237,2,2
69238,2,2
69239,3,3
69240,4,4
69241,9,9
69242,8,8
69243,2,2
69244,3,3
69245,8,8
69246,6,6
69247,4,4
69248,8,8
69249,9,9
69250,8,8
69251,4,4
69252,8,8
69253,9,9
69254,8,8
69255,8,8
69256,4,4
69257,8,8
69258,9,9
69259,6,6
69260,2,2
69261,7,7
69262,8,8
69263,2,2
69264,3,3
69265,1,1
69266,6,6
69267,5,5
69268,0,0
69269,4,4
69270,0,0
69271,7,7
69272,0,0
69273,3,3
69274,1,1
69275,7,7
69276,5,5
69277,0,0
69278,4,4
69279,0,0
69280,7,7
69281,3,3
69282,1,1
69283,1,1
69284,5,5
69285,0,0
69286,2,2
69287,0,0
69288,0,0
69289,0,0
69290,8,8
69291,1,1
69292,0,0
69293,0,0
69294,0,0
69295,1,1
69296,3,3
69297,3,3
69298,2,2
69299,0,0
69300,5,5
69301,1,1
69302,5,5
69303,6,6
69304,6,6
69305,7,7
69306,5,5
69307,7,7
69308,7,7
69309,6,6
69310,3,3
69311,3,3
69312,4,4
69313,1,1
69314,0,0
69315,0,0
69316,7,7
69317,5,5
69318,6,6
69319,0,0
69320,0,0
69321,7,7
69322,2,2
69323,5,5
69324,1,1
69325,3,3
69326,2,2
69327,0,0
69328,0,0
69329,2,2
69330,2,2
69331,2,2
69332,7,7
69333,0,0
69334,4,4
69335,1,1
69336,1,1
69337,7,7
69338,2,2
69339,3,3
69340,0,0
69341,6,6
69342,6,6
69343,4,4
69344,5,5
69345,1,1
69346,6,6
69347,5,5
69348,1,1
69349,2,2
69350,0,0
69351,6,6
69352,3,3
69353,5,5
69354,7,7
69355,4,4
69356,1,1
69357,0,0
69358,3,3
69359,6,6
69360,2,2
69361,4,4
69362,0,0
69363,7,7
69364,4,4
69365,7,7
69366,4,4
69367,3,3
69368,1,1
69369,6,6
69370,7,7
69371,5,5
69372,7,7
69373,4,4
69374,0,0
69375,7,7
69376,5,5
69377,3,3
69378,1,1
69379,6,6
69380,7,7
69381,5,5
69382,5,5
69383,4,4
69384,0,0
69385,2,2
69386,0,0
69387,3,3
69388,1,1
69389,6,6
69390,7,7
69391,7,7
69392,5,5
69393,0,0
69394,7,7
69395,1,1
69396,3,3
69397,0,0
69398,7,7
69399,5,5
69400,7,7
69401,1,1
69402,2,2
69403,4,4
69404,5,5
69405,3,3
69406,5,5
69407,1,1
69408,5,5
69409,2,2
69410,2,2
69411,5,5
69412,5,5
69413,0,0
69414,3,3
69415,1,1
69416,5,5
69417,6,6
69418,7,7
69419,5,5
69420,2,2
69421,6,6
69422,2,2
69423,0,0
69424,4,4
69425,3,3
69426,4,4
69427,2,2
69428,2,2
69429,7,7
69430,7,7
69431,7,7
69432,5,5
69433,0,0
69434,1,1
69435,1,1
69436,3,3
69437,4,4
69438,1,1
69439,3,3
69440,3,3
69441,4,4
69442,6,6
69443,1,1
69444,1,1
69445,7,7
69446,5,5
69447,0,0
69448,0,0
69449,2,2
69450,2,2
69451,0,0
69452,7,7
69453,5,5
69454,4,4
69455,3,3
69456,5,5
69457,3,3
69458,0,0
69459,3,3
69460,7,7
69461,4,4
69462,2,2
69463,0,0
69464,1,1
69465,2,2
69466,0,0
69467,0,0
69468,2,2
69469,8,8
69470,6,6
69471,5,5
69472,5,5
69473,0,0
69474,7,7
69475,5,5
69476,6,6
69477,5,5
69478,2,2
69479,2,2
69480,6,6
69481,2,2
69482,2,2
69483,0,0
69484,5,5
69485,9,9
69486,0,0
69487,6,6
69488,3,3
69489,1,1
69490,7,7
69491,7,7
69492,5,5
69493,0,0
69494,5,5
69495,0,0
69496,2,2
69497,0,0
69498,3,3
69499,1,1
69500,6,6
69501,0,0
69502,5,5
69503,8,8
69504,5,5
69505,8,8
69506,8,8
69507,8,8
69508,3,3
69509,9,9
69510,6,6
69511,7,7
69512,8,8
69513,8,8
69514,4,4
69515,0,0
69516,2,2
69517,8,8
69518,9,9
69519,3,3
69520,9,9
69521,6,6
69522,0,0
69523,2,2
69524,7,7
69525,5,5
69526,5,5
69527,3,3
69528,3,3
69529,4,4
69530,8,8
69531,4,4
69532,4,4
69533,9,9
69534,8,8
69535,6,6
69536,2,2
69537,8,8
69538,9,9
69539,8,8
69540,9,9
69541,8,8
69542,2,2
69543,8,8
69544,8,8
69545,2,2
69546,8,8
69547,6,6
69548,7,7
69549,1,1
69550,8,8
69551,0,0
69552,2,2
69553,8,8
69554,8,8
69555,4,4
69556,9,9
69557,2,2
69558,2,2
69559,2,2
69560,9,9
69561,2,2
69562,8,8
69563,2,2
69564,6,6
69565,5,5
69566,8,8
69567,8,8
69568,4,4
69569,6,6
69570,9,9
69571,8,8
69572,2,2
69573,8,8
69574,2,2
69575,2,2
69576,0,0
69577,6,6
69578,6,6
69579,7,7
69580,8,8
69581,7,7
69582,2,2
69583,2,2
69584,8,8
69585,3,3
69586,8,8
69587,0,0
69588,0,0
69589,4,4
69590,2,2
69591,9,9
69592,8,8
69593,9,9
69594,9,9
69595,1,1
69596,2,2
69597,6,6
69598,4,4
69599,9,9
69600,9,9
69601,3,3
69602,9,9
69603,6,6
69604,7,7
69605,8,8
69606,9,9
69607,9,9
69608,8,8
69609,2,2
69610,8,8
69611,3,3
69612,9,9
69613,6,6
69614,2,2
69615,5,5
69616,8,8
69617,4,4
69618,8,8
69619,2,2
69620,8,8
69621,3,3
69622,9,9
69623,6,6
69624,2,2
69625,5,5
69626,9,9
69627,4,4
69628,8,8
69629,2,2
69630,2,2
69631,2,2
69632,9,9
69633,3,3
69634,9,9
69635,6,6
69636,7,7
69637,8,8
69638,8,8
69639,8,8
69640,8,8
69641,9,9
69642,8,8
69643,9,9
69644,8,8
69645,9,9
69646,9,9
69647,3,3
69648,3,3
69649,9,9
69650,8,8
69651,9,9
69652,8,8
69653,9,9
69654,2,2
69655,9,9
69656,6,6
69657,9,9
69658,4,4
69659,8,8
69660,8,8
69661,9,9
69662,2,2
69663,3,3
69664,8,8
69665,4,4
69666,2,2
69667,2,2
69668,0,0
69669,8,8
69670,2,2
69671,9,9
69672,8,8
69673,2,2
69674,9,9
69675,9,9
69676,8,8
69677,6,6
69678,4,4
69679,1,1
69680,2,2
69681,2,2
69682,9,9
69683,8,8
69684,8,8
69685,9,9
69686,6,6
69687,2,2
69688,3,3
69689,9,9
69690,8,8
69691,2,2
69692,0,0
69693,9,9
69694,2,2
69695,2,2
69696,6,6
69697,7,7
69698,1,1
69699,9,9
69700,9,9
69701,0,0
69702,8,8
69703,9,9
69704,3,3
69705,9,9
69706,6,6
69707,7,7
69708,8,8
69709,9,9
69710,4,4
69711,8,8
69712,2,2
69713,8,8
69714,3,3
69715,9,9
69716,2,2
69717,7,7
69718,8,8
69719,3,3
69720,4,4
69721,8,8
69722,2,2
69723,8,8
69724,3,3
69725,9,9
69726,2,2
69727,2,2
69728,8,8
69729,9,9
69730,4,4
69731,8,8
69732,2,2
69733,8,8
69734,8,8
69735,9,9
69736,4,4
69737,9,9
69738,8,8
69739,2,2
69740,8,8
69741,8,8
69742,2,2
69743,8,8
69744,9,9
69745,6,6
69746,8,8
69747,9,9
69748,2,2
69749,4,4
69750,2,2
69751,3,3
69752,3,3
69753,3,3
69754,9,9
69755,9,9
69756,4,4
69757,3,3
69758,7,7
69759,2,2
69760,9,9
69761,3,3
69762,2,2
69763,2,2
69764,8,8
69765,8,8
69766,8,8
69767,8,8
69768,3,3
69769,8,8
69770,6,6
69771,8,8
69772,9,9
69773,8,8
69774,9,9
69775,4,4
69776,4,4
69777,9,9
69778,4,4
69779,3,3
69780,9,9
69781,8,8
69782,4,4
69783,8,8
69784,8,8
69785,8,8
69786,2,2
69787,2,2
69788,8,8
69789,8,8
69790,7,7
69791,3,3
69792,9,9
69793,2,2
69794,4,4
69795,9,9
69796,9,9
69797,2,2
69798,6,6
69799,9,9
69800,3,3
69801,3,3
69802,9,9
69803,6,6
69804,7,7
69805,8,8
69806,0,0
69807,2,2
69808,0,0
69809,2,2
69810,9,9
69811,2,2
69812,2,2
69813,8,8
69814,2,2
69815,4,4
69816,0,0
69817,9,9
69818,3,3
69819,9,9
69820,6,6
69821,7,7
69822,8,8
69823,8,8
69824,2,2
69825,0,0
69826,2,2
69827,2,2
69828,2,2
69829,0,0
69830,2,2
69831,1,1
69832,2,2
69833,4,4
69834,2,2
69835,8,8
69836,9,9
69837,8,8
69838,9,9
69839,8,8
69840,6,6
69841,9,9
69842,4,4
69843,8,8
69844,9,9
69845,9,9
69846,9,9
69847,2,2
69848,9,9
69849,9,9
69850,3,3
69851,0,0
69852,8,8
69853,1,1
69854,2,2
69855,7,7
69856,8,8
69857,9,9
69858,9,9
69859,0,0
69860,7,7
69861,5,5
69862,2,2
69863,1,1
69864,8,8
69865,2,2
69866,5,5
69867,2,2
69868,8,8
69869,8,8
69870,2,2
69871,8,8
69872,7,7
69873,5,5
69874,7,7
69875,2,2
69876,9,9
69877,9,9
69878,9,9
69879,9,9
69880,9,9
69881,7,7
69882,7,7
69883,1,1
69884,8,8
69885,2,2
69886,1,1
69887,9,9
69888,2,2
69889,9,9
69890,8,8
69891,0,0
69892,2,2
69893,2,2
69894,8,8
69895,8,8
69896,9,9
69897,3,3
69898,9,9
69899,8,8
69900,2,2
69901,8,8
69902,3,3
69903,9,9
69904,9,9
69905,8,8
69906,8,8
69907,9,9
69908,4,4
69909,8,8
69910,9,9
69911,3,3
69912,9,9
69913,6,6
69914,2,2
69915,9,9
69916,8,8
69917,2,2
69918,0,0
69919,8,8
69920,2,2
69921,4,4
69922,8,8
69923,9,9
69924,8,8
69925,8,8
69926,6,6
69927,8,8
69928,8,8
69929,8,8
69930,3,3
69931,9,9
69932,0,0
69933,6,6
69934,2,2
69935,8,8
69936,2,2
69937,6,6
69938,4,4
69939,3,3
69940,4,4
69941,4,4
69942,2,2
69943,2,2
69944,2,2
69945,8,8
69946,9,9
69947,5,5
69948,3,3
69949,4,4
69950,9,9
69951,3,3
69952,3,3
69953,3,3
69954,3,3
69955,9,9
69956,9,9
69957,8,8
69958,8,8
69959,1,1
69960,0,0
69961,4,4
69962,3,3
69963,8,8
69964,3,3
69965,2,2
69966,4,4
69967,2,2
69968,8,8
69969,9,9
69970,2,2
69971,6,6
69972,0,0
69973,8,8
69974,8,8
69975,6,6
69976,4,4
69977,8,8
69978,9,9
69979,8,8
69980,6,6
69981,9,9
69982,6,6
69983,3,3
69984,1,1
69985,6,6
69986,7,7
69987,0,0
69988,2,2
69989,4,4
69990,8,8
69991,2,2
69992,0,0
69993,3,3
69994,9,9
69995,6,6
69996,7,7
69997,8,8
69998,2,2
69999,4,4
